ts,price_yes,price_no,3sec_norm_OFI,3sec_yes_vol,3sec_no_vol,3sec_total_vol,3sec_note,5sec_norm_OFI,5sec_yes_vol,5sec_no_vol,5sec_total_vol,5sec_note,30sec_norm_OFI,30sec_yes_vol,30sec_no_vol,30sec_total_vol,30sec_note,1sec_yes_vol,1sec_no_vol,1sec_total_vol,60sec_yes_vol,60sec_no_vol,60sec_total_vol,ask_total_depth,bid_total_depth,depth_imbalance,ask_depth_change_3s,ask_depth_change_10s,ask_levels,bid_levels,best_ask,best_bid,spread
1775343599,23,76,0,0,0,0,no_volume,0,0,0,0,no_volume,0,0,0,0,no_volume,0,0,0,0,0,0,185034,176997,-0.0222,0,0,27,18,24,23,1
1775343600,23,76,0,0,0,0,no_volume,0,0,0,0,no_volume,0,0,0,0,no_volume,0,0,0,0,0,0,185034,176997,-0.0222,0,0,27,18,24,23,1
1775343601,23,76,0,0,0,0,no_volume,0,0,0,0,no_volume,0,0,0,0,no_volume,0,0,0,0,0,0,185034,176997,-0.0222,0,0,27,18,24,23,1
1775343602,23,76,0,0,0,0,no_volume,0,0,0,0,no_volume,0,0,0,0,no_volume,0,0,0,0,0,0,185034,176997,-0.0222,0,0,27,18,24,23,1
1775343603,23,76,0,0,0,0,no_volume,0,0,0,0,no_volume,0,0,0,0,no_volume,0,0,0,0,0,0,185034,176997,-0.0222,0,0,27,18,24,23,1
1775343604,23,76,0,0,0,0,no_volume,0,0,0,0,no_volume,0,0,0,0,no_volume,0,0,0,0,0,0,185034,176997,-0.0222,0,0,27,18,24,23,1
1775343605,23,76,0,0,0,0,no_volume,0,0,0,0,no_volume,0,0,0,0,no_volume,0,0,0,0,0,0,185034,176997,-0.0222,0,0,27,18,24,23,1
1775343606,23,76,0,0,0,0,no_volume,0,0,0,0,no_volume,0,0,0,0,no_volume,0,0,0,0,0,0,185034,176997,-0.0222,0,0,27,18,24,23,1
1775343607,23,76,0,0,0,0,no_volume,0,0,0,0,no_volume,0,0,0,0,no_volume,0,0,0,0,0,0,185034,176997,-0.0222,0,0,27,18,24,23,1
1775343608,23,76,0,0,0,0,no_volume,0,0,0,0,no_volume,0,0,0,0,no_volume,0,0,0,0,0,0,185034,176997,-0.0222,0,0,27,18,24,23,1
1775343609,23,76,0,0,0,0,no_volume,0,0,0,0,no_volume,0,0,0,0,no_volume,0,0,0,0,0,0,185034,176997,-0.0222,0,0,27,18,24,23,1
1775343610,23,76,0,0,0,0,no_volume,0,0,0,0,no_volume,0,0,0,0,no_volume,0,0,0,0,0,0,185034,176997,-0.0222,0,0,27,18,24,23,1
1775343611,23,76,0,0,0,0,no_volume,0,0,0,0,no_volume,0,0,0,0,no_volume,0,0,0,0,0,0,185034,176997,-0.0222,0,0,27,18,24,23,1
1775343612,23,76,0,0,0,0,no_volume,0,0,0,0,no_volume,0,0,0,0,no_volume,0,0,0,0,0,0,185034,176997,-0.0222,0,0,27,18,24,23,1
1775343613,23,76,0,0,0,0,no_volume,0,0,0,0,no_volume,0,0,0,0,no_volume,0,0,0,0,0,0,187534,176997,-0.0289,2500,2500,27,18,24,23,1
1775343614,23,76,0,0,0,0,no_volume,0,0,0,0,no_volume,0,0,0,0,no_volume,0,0,0,0,0,0,187534,176997,-0.0289,2500,2500,27,18,24,23,1
1775343615,23,76,0,0,0,0,no_volume,0,0,0,0,no_volume,0,0,0,0,no_volume,0,0,0,0,0,0,187534,176997,-0.0289,2500,2500,27,18,24,23,1
1775343616,23,76,0,0,0,0,no_volume,0,0,0,0,no_volume,0,0,0,0,no_volume,0,0,0,0,0,0,187534,176997,-0.0289,0,2500,27,18,24,23,1
1775343617,23,76,0,0,0,0,no_volume,0,0,0,0,no_volume,0,0,0,0,no_volume,0,0,0,0,0,0,187534,176997,-0.0289,0,2500,27,18,24,23,1
1775343618,23,76,0,0,0,0,no_volume,0,0,0,0,no_volume,0,0,0,0,no_volume,0,0,0,0,0,0,187534,176997,-0.0289,0,2500,27,18,24,23,1
1775343619,23,76,0,0,0,0,no_volume,0,0,0,0,no_volume,0,0,0,0,no_volume,0,0,0,0,0,0,187534,176997,-0.0289,0,2500,27,18,24,23,1
1775343620,23,76,0,0,0,0,no_volume,0,0,0,0,no_volume,0,0,0,0,no_volume,0,0,0,0,0,0,187214,177317,-0.0271,-320,2180,27,18,24,23,1
1775343621,23,76,0,0,0,0,no_volume,0,0,0,0,no_volume,0,0,0,0,no_volume,0,0,0,0,0,0,187214,177317,-0.0271,-320,2180,27,18,24,23,1
1775343622,23,76,0,0,0,0,no_volume,0,0,0,0,no_volume,0,0,0,0,no_volume,0,0,0,0,0,0,187214,176317,-0.03,-320,2180,27,18,24,23,1
1775343623,23,76,0,0,0,0,no_volume,0,0,0,0,no_volume,0,0,0,0,no_volume,0,0,0,0,0,0,187214,176317,-0.03,0,-320,27,18,24,23,1
1775343624,23,76,0,0,0,0,no_volume,0,0,0,0,no_volume,0,0,0,0,no_volume,0,0,0,0,0,0,187214,175317,-0.0328,0,-320,27,18,24,23,1
1775343625,23,76,0,0,0,0,no_volume,0,0,0,0,no_volume,0,0,0,0,no_volume,0,0,0,0,0,0,187214,175317,-0.0328,0,-320,27,18,24,23,1
1775343626,23,76,0,0,0,0,no_volume,0,0,0,0,no_volume,0,0,0,0,no_volume,0,0,0,0,0,0,187214,175317,-0.0328,0,-320,27,18,24,23,1
1775343627,23,76,0,0,0,0,no_volume,0,0,0,0,no_volume,0,0,0,0,no_volume,0,0,0,0,0,0,187214,175317,-0.0328,0,-320,27,18,24,23,1
1775343628,23,76,0,0,0,0,no_volume,0,0,0,0,no_volume,0,0,0,0,no_volume,0,0,0,0,0,0,187214,175317,-0.0328,0,-320,27,18,24,23,1
1775343629,23,76,0,0,0,0,no_volume,0,0,0,0,no_volume,0,0,0,0,no_volume,0,0,0,0,0,0,187214,175317,-0.0328,0,-320,27,18,24,23,1
1775343630,23,76,0,0,0,0,no_volume,0,0,0,0,no_volume,0,0,0,0,no_volume,0,0,0,0,0,0,187214,175317,-0.0328,0,0,27,18,24,23,1
1775343631,23,76,0,0,0,0,no_volume,0,0,0,0,no_volume,0,0,0,0,no_volume,0,0,0,0,0,0,187214,175317,-0.0328,0,0,27,18,24,23,1
1775343632,23,76,0,0,0,0,no_volume,0,0,0,0,no_volume,0,0,0,0,no_volume,0,0,0,0,0,0,187214,175317,-0.0328,0,0,27,18,24,23,1
1775343633,23,76,0,0,0,0,no_volume,0,0,0,0,no_volume,0,0,0,0,no_volume,0,0,0,0,0,0,187214,174317,-0.0357,0,0,27,18,24,23,1
1775343634,23,76,0,0,0,0,no_volume,0,0,0,0,no_volume,0,0,0,0,no_volume,0,0,0,0,0,0,187214,174317,-0.0357,0,0,27,18,24,23,1
1775343635,23,76,0,0,0,0,no_volume,0,0,0,0,no_volume,0,0,0,0,no_volume,0,0,0,0,0,0,187214,174317,-0.0357,0,0,27,18,24,23,1
1775343636,23,76,0,0,0,0,no_volume,0,0,0,0,no_volume,0,0,0,0,no_volume,0,0,0,0,0,0,187214,174317,-0.0357,0,0,27,18,24,23,1
1775343637,23,76,0,0,0,0,no_volume,0,0,0,0,no_volume,0,0,0,0,no_volume,0,0,0,0,0,0,187214,174317,-0.0357,0,0,27,18,24,23,1
1775343638,23,76,0,0,0,0,no_volume,0,0,0,0,no_volume,0,0,0,0,no_volume,0,0,0,0,0,0,187214,173317,-0.0385,0,0,27,18,24,23,1
1775343639,23,76,0,0,0,0,no_volume,0,0,0,0,no_volume,0,0,0,0,no_volume,0,0,0,0,0,0,187214,173317,-0.0385,0,0,27,18,24,23,1
1775343640,23,76,0,0,0,0,no_volume,0,0,0,0,no_volume,0,0,0,0,no_volume,0,0,0,0,0,0,187214,173317,-0.0385,0,0,27,18,24,23,1
1775343641,23,76,0,0,0,0,no_volume,0,0,0,0,no_volume,0,0,0,0,no_volume,0,0,0,0,0,0,187214,173317,-0.0385,0,0,27,18,24,23,1
1775343642,23,76,0,0,0,0,no_volume,0,0,0,0,no_volume,0,0,0,0,no_volume,0,0,0,0,0,0,187214,173817,-0.0371,0,0,27,18,24,23,1
1775343643,23,76,0,0,0,0,no_volume,0,0,0,0,no_volume,0,0,0,0,no_volume,0,0,0,0,0,0,187214,173817,-0.0371,0,0,27,18,24,23,1
1775343644,23,76,0,0,0,0,no_volume,0,0,0,0,no_volume,0,0,0,0,no_volume,0,0,0,0,0,0,187214,173817,-0.0371,0,0,27,18,24,23,1
1775343645,23,76,0,0,0,0,no_volume,0,0,0,0,no_volume,0,0,0,0,no_volume,0,0,0,0,0,0,187214,173817,-0.0371,0,0,27,18,24,23,1
1775343646,23,76,0,0,0,0,no_volume,0,0,0,0,no_volume,0,0,0,0,no_volume,0,0,0,0,0,0,187214,173817,-0.0371,0,0,27,18,24,23,1
1775343647,23,76,0,0,0,0,no_volume,0,0,0,0,no_volume,0,0,0,0,no_volume,0,0,0,0,0,0,187214,173817,-0.0371,0,0,27,18,24,23,1
1775343648,23,76,0,0,0,0,no_volume,0,0,0,0,no_volume,0,0,0,0,no_volume,0,0,0,0,0,0,187214,174817,-0.0342,0,0,27,18,24,23,1
1775343649,23,76,0,0,0,0,no_volume,0,0,0,0,no_volume,0,0,0,0,no_volume,0,0,0,0,0,0,187214,175317,-0.0328,0,0,27,18,24,23,1
1775343650,23,76,0,0,0,0,no_volume,0,0,0,0,no_volume,0,0,0,0,no_volume,0,0,0,0,0,0,187214,175317,-0.0328,0,0,27,18,24,23,1
1775343651,23,76,0,0,0,0,no_volume,0,0,0,0,no_volume,0,0,0,0,no_volume,0,0,0,0,0,0,186509,175309,-0.031,-705,-705,28,18,24,23,1
1775343652,23,76,0,0,0,0,no_volume,0,0,0,0,no_volume,0,0,0,0,no_volume,0,0,0,0,0,0,186509,175309,-0.031,-705,-705,28,18,24,23,1
1775343653,23,76,0,0,0,0,no_volume,0,0,0,0,no_volume,0,0,0,0,no_volume,0,0,0,0,0,0,186509,175309,-0.031,-705,-705,28,18,24,23,1
1775343654,23,76,0,0,0,0,no_volume,0,0,0,0,no_volume,0,0,0,0,no_volume,0,0,0,0,0,0,186532,175286,-0.0311,23,-682,28,18,24,23,1
1775343655,23,76,0,0,0,0,no_volume,0,0,0,0,no_volume,0,0,0,0,no_volume,0,0,0,0,0,0,186532,175286,-0.0311,23,-682,28,18,24,23,1
1775343656,23,76,0,0,0,0,no_volume,0,0,0,0,no_volume,0,0,0,0,no_volume,0,0,0,0,0,0,186532,175286,-0.0311,23,-682,28,18,24,23,1
1775343657,23,76,0,0,0,0,no_volume,0,0,0,0,no_volume,0,0,0,0,no_volume,0,0,0,0,0,0,186532,175286,-0.0311,0,-682,28,18,24,23,1
1775343658,23,76,0,0,0,0,no_volume,0,0,0,0,no_volume,0,0,0,0,no_volume,0,0,0,0,0,0,186532,175286,-0.0311,0,-682,28,18,24,23,1
1775343659,23,76,0,0,0,0,no_volume,0,0,0,0,no_volume,0,0,0,0,no_volume,0,0,0,0,0,0,186532,175286,-0.0311,0,-682,28,18,24,23,1
1775343660,23,76,0,0,0,0,no_volume,0,0,0,0,no_volume,0,0,0,0,no_volume,0,0,0,0,0,0,186532,175286,-0.0311,0,-682,28,18,24,23,1
1775343661,23,76,0,0,0,0,no_volume,0,0,0,0,no_volume,0,0,0,0,no_volume,0,0,0,0,0,0,186532,175286,-0.0311,0,23,28,18,24,23,1
1775343662,23,76,0,0,0,0,no_volume,0,0,0,0,no_volume,0,0,0,0,no_volume,0,0,0,0,0,0,186532,175286,-0.0311,0,23,28,18,24,23,1
1775343663,23,76,0,0,0,0,no_volume,0,0,0,0,no_volume,0,0,0,0,no_volume,0,0,0,0,0,0,186532,175286,-0.0311,0,23,28,18,24,23,1
1775343664,23,76,0,0,0,0,no_volume,0,0,0,0,no_volume,0,0,0,0,no_volume,0,0,0,0,0,0,186532,175286,-0.0311,0,0,28,18,24,23,1
1775343665,23,76,0,0,0,0,no_volume,0,0,0,0,no_volume,0,0,0,0,no_volume,0,0,0,0,0,0,186532,175286,-0.0311,0,0,28,18,24,23,1
1775343666,23,76,0,0,0,0,no_volume,0,0,0,0,no_volume,0,0,0,0,no_volume,0,0,0,0,0,0,186532,175286,-0.0311,0,0,28,18,24,23,1
1775343667,23,76,0,0,0,0,no_volume,0,0,0,0,no_volume,0,0,0,0,no_volume,0,0,0,0,0,0,186532,175286,-0.0311,0,0,28,18,24,23,1
1775343668,23,76,0,0,0,0,no_volume,0,0,0,0,no_volume,0,0,0,0,no_volume,0,0,0,0,0,0,186532,175286,-0.0311,0,0,28,18,24,23,1
1775343669,23,76,0,0,0,0,no_volume,0,0,0,0,no_volume,0,0,0,0,no_volume,0,0,0,0,0,0,186532,175286,-0.0311,0,0,28,18,24,23,1
1775343670,23,76,0,0,0,0,no_volume,0,0,0,0,no_volume,0,0,0,0,no_volume,0,0,0,0,0,0,186532,175286,-0.0311,0,0,28,18,24,23,1
1775343671,23,76,0,0,0,0,no_volume,0,0,0,0,no_volume,0,0,0,0,no_volume,0,0,0,0,0,0,186532,175286,-0.0311,0,0,28,18,24,23,1
1775343672,23,76,0,0,0,0,no_volume,0,0,0,0,no_volume,0,0,0,0,no_volume,0,0,0,0,0,0,186532,175286,-0.0311,0,0,28,18,24,23,1
1775343673,23,76,0,0,0,0,no_volume,0,0,0,0,no_volume,0,0,0,0,no_volume,0,0,0,0,0,0,186532,175286,-0.0311,0,0,28,18,24,23,1
1775343674,23,76,0,0,0,0,no_volume,0,0,0,0,no_volume,0,0,0,0,no_volume,0,0,0,0,0,0,186532,175286,-0.0311,0,0,28,18,24,23,1
1775343675,23,76,0,0,0,0,no_volume,0,0,0,0,no_volume,0,0,0,0,no_volume,0,0,0,0,0,0,186532,175286,-0.0311,0,0,28,18,24,23,1
1775343676,23,76,0,0,0,0,no_volume,0,0,0,0,no_volume,0,0,0,0,no_volume,0,0,0,0,0,0,186532,175286,-0.0311,0,0,28,18,24,23,1
1775343677,23,76,0,0,0,0,no_volume,0,0,0,0,no_volume,0,0,0,0,no_volume,0,0,0,0,0,0,186532,175286,-0.0311,0,0,28,18,24,23,1
1775343678,23,76,0,0,0,0,no_volume,0,0,0,0,no_volume,0,0,0,0,no_volume,0,0,0,0,0,0,186532,175286,-0.0311,0,0,28,18,24,23,1
1775343679,23,76,0,0,0,0,no_volume,0,0,0,0,no_volume,0,0,0,0,no_volume,0,0,0,0,0,0,186532,175286,-0.0311,0,0,28,18,24,23,1
1775343680,23,76,0,0,0,0,no_volume,0,0,0,0,no_volume,0,0,0,0,no_volume,0,0,0,0,0,0,186532,175286,-0.0311,0,0,28,18,24,23,1
1775343681,23,76,0,0,0,0,no_volume,0,0,0,0,no_volume,0,0,0,0,no_volume,0,0,0,0,0,0,186532,175286,-0.0311,0,0,28,18,24,23,1
1775343682,23,76,0,0,0,0,no_volume,0,0,0,0,no_volume,0,0,0,0,no_volume,0,0,0,0,0,0,186532,175286,-0.0311,0,0,28,18,24,23,1
1775343683,23,76,0,0,0,0,no_volume,0,0,0,0,no_volume,0,0,0,0,no_volume,0,0,0,0,0,0,186532,175286,-0.0311,0,0,28,18,24,23,1
1775343684,23,76,0,0,0,0,no_volume,0,0,0,0,no_volume,0,0,0,0,no_volume,0,0,0,0,0,0,186532,175286,-0.0311,0,0,28,18,24,23,1
1775343685,23,76,0,0,0,0,no_volume,0,0,0,0,no_volume,0,0,0,0,no_volume,0,0,0,0,0,0,186532,175286,-0.0311,0,0,28,18,24,23,1
1775343686,23,76,0,0,0,0,no_volume,0,0,0,0,no_volume,0,0,0,0,no_volume,0,0,0,0,0,0,186532,175286,-0.0311,0,0,28,18,24,23,1
1775343687,23,76,0,0,0,0,no_volume,0,0,0,0,no_volume,0,0,0,0,no_volume,0,0,0,0,0,0,186532,175286,-0.0311,0,0,28,18,24,23,1
1775343688,23,76,0,0,0,0,no_volume,0,0,0,0,no_volume,0,0,0,0,no_volume,0,0,0,0,0,0,186532,175286,-0.0311,0,0,28,18,24,23,1
1775343689,23,76,0,0,0,0,no_volume,0,0,0,0,no_volume,0,0,0,0,no_volume,0,0,0,0,0,0,186532,175286,-0.0311,0,0,28,18,24,23,1
1775343690,23,76,0,0,0,0,no_volume,0,0,0,0,no_volume,0,0,0,0,no_volume,0,0,0,0,0,0,186532,175286,-0.0311,0,0,28,18,24,23,1
1775343691,23,76,0,0,0,0,no_volume,0,0,0,0,no_volume,0,0,0,0,no_volume,0,0,0,0,0,0,186532,175286,-0.0311,0,0,28,18,24,23,1
1775343692,23,76,0,0,0,0,no_volume,0,0,0,0,no_volume,0,0,0,0,no_volume,0,0,0,0,0,0,186532,175286,-0.0311,0,0,28,18,24,23,1
1775343693,23,76,0,0,0,0,no_volume,0,0,0,0,no_volume,0,0,0,0,no_volume,0,0,0,0,0,0,186532,175286,-0.0311,0,0,28,18,24,23,1
1775343694,23,76,0,0,0,0,no_volume,0,0,0,0,no_volume,0,0,0,0,no_volume,0,0,0,0,0,0,186532,175286,-0.0311,0,0,28,18,24,23,1
1775343695,23,76,0,0,0,0,no_volume,0,0,0,0,no_volume,0,0,0,0,no_volume,0,0,0,0,0,0,186532,175286,-0.0311,0,0,28,18,24,23,1
1775343696,23,76,0,0,0,0,no_volume,0,0,0,0,no_volume,0,0,0,0,no_volume,0,0,0,0,0,0,186537,175291,-0.0311,5,5,28,18,24,23,1
1775343697,23,76,0,0,0,0,no_volume,0,0,0,0,no_volume,0,0,0,0,no_volume,0,0,0,0,0,0,186537,175291,-0.0311,5,5,28,18,24,23,1
1775343698,23,76,0,0,0,0,no_volume,0,0,0,0,no_volume,0,0,0,0,no_volume,0,0,0,0,0,0,186537,175291,-0.0311,5,5,28,18,24,23,1
1775343699,23,76,0,0,0,0,no_volume,0,0,0,0,no_volume,0,0,0,0,no_volume,0,0,0,0,0,0,186537,175291,-0.0311,0,5,28,18,24,23,1
1775343700,23,76,0,0,0,0,no_volume,0,0,0,0,no_volume,0,0,0,0,no_volume,0,0,0,0,0,0,186537,175291,-0.0311,0,5,28,18,24,23,1
1775343701,23,76,0,0,0,0,no_volume,0,0,0,0,no_volume,0,0,0,0,no_volume,0,0,0,0,0,0,186537,175291,-0.0311,0,5,28,18,24,23,1
1775343702,23,76,0,0,0,0,no_volume,0,0,0,0,no_volume,0,0,0,0,no_volume,0,0,0,0,0,0,186537,175291,-0.0311,0,5,28,18,24,23,1
1775343703,23,76,0,0,0,0,no_volume,0,0,0,0,no_volume,0,0,0,0,no_volume,0,0,0,0,0,0,186537,175291,-0.0311,0,5,28,18,24,23,1
1775343704,23,76,0,0,0,0,no_volume,0,0,0,0,no_volume,0,0,0,0,no_volume,0,0,0,0,0,0,186537,175291,-0.0311,0,5,28,18,24,23,1
1775343705,23,76,0,0,0,0,no_volume,0,0,0,0,no_volume,0,0,0,0,no_volume,0,0,0,0,0,0,186537,175291,-0.0311,0,5,28,18,24,23,1
1775343706,23,76,0,0,0,0,no_volume,0,0,0,0,no_volume,0,0,0,0,no_volume,0,0,0,0,0,0,186537,175291,-0.0311,0,0,28,18,24,23,1
1775343707,23,76,0,0,0,0,no_volume,0,0,0,0,no_volume,0,0,0,0,no_volume,0,0,0,0,0,0,186537,175291,-0.0311,0,0,28,18,24,23,1
1775343708,23,76,0,0,0,0,no_volume,0,0,0,0,no_volume,0,0,0,0,no_volume,0,0,0,0,0,0,186537,175291,-0.0311,0,0,28,18,24,23,1
1775343709,23,76,0,0,0,0,no_volume,0,0,0,0,no_volume,0,0,0,0,no_volume,0,0,0,0,0,0,186537,175291,-0.0311,0,0,28,18,24,23,1
1775343710,23,76,0,0,0,0,no_volume,0,0,0,0,no_volume,0,0,0,0,no_volume,0,0,0,0,0,0,186537,175291,-0.0311,0,0,28,18,24,23,1
1775343711,23,76,0,0,0,0,no_volume,0,0,0,0,no_volume,0,0,0,0,no_volume,0,0,0,0,0,0,186537,175291,-0.0311,0,0,28,18,24,23,1
1775343712,23,76,0,0,0,0,no_volume,0,0,0,0,no_volume,0,0,0,0,no_volume,0,0,0,0,0,0,186537,175291,-0.0311,0,0,28,18,24,23,1
1775343713,23,76,0,0,0,0,no_volume,0,0,0,0,no_volume,0,0,0,0,no_volume,0,0,0,0,0,0,186537,175291,-0.0311,0,0,28,18,24,23,1
1775343714,23,76,0,0,0,0,no_volume,0,0,0,0,no_volume,0,0,0,0,no_volume,0,0,0,0,0,0,186537,175291,-0.0311,0,0,28,18,24,23,1
1775343715,23,76,0,0,0,0,no_volume,0,0,0,0,no_volume,0,0,0,0,no_volume,0,0,0,0,0,0,186537,175291,-0.0311,0,0,28,18,24,23,1
1775343716,23,76,0,0,0,0,no_volume,0,0,0,0,no_volume,0,0,0,0,no_volume,0,0,0,0,0,0,186537,175291,-0.0311,0,0,28,18,24,23,1
1775343717,23,76,0,0,0,0,no_volume,0,0,0,0,no_volume,0,0,0,0,no_volume,0,0,0,0,0,0,186537,175291,-0.0311,0,0,28,18,24,23,1
1775343718,23,76,0,0,0,0,no_volume,0,0,0,0,no_volume,0,0,0,0,no_volume,0,0,0,0,0,0,186537,175291,-0.0311,0,0,28,18,24,23,1
1775343719,23,76,0,0,0,0,no_volume,0,0,0,0,no_volume,0,0,0,0,no_volume,0,0,0,0,0,0,186537,175291,-0.0311,0,0,28,18,24,23,1
1775343720,23,76,0,0,0,0,no_volume,0,0,0,0,no_volume,0,0,0,0,no_volume,0,0,0,0,0,0,186537,175291,-0.0311,0,0,28,18,24,23,1
1775343721,23,76,0,0,0,0,no_volume,0,0,0,0,no_volume,0,0,0,0,no_volume,0,0,0,0,0,0,186537,175291,-0.0311,0,0,28,18,24,23,1
1775343722,23,76,0,0,0,0,no_volume,0,0,0,0,no_volume,0,0,0,0,no_volume,0,0,0,0,0,0,186537,175291,-0.0311,0,0,28,18,24,23,1
1775343723,23,76,0,0,0,0,no_volume,0,0,0,0,no_volume,0,0,0,0,no_volume,0,0,0,0,0,0,186537,175291,-0.0311,0,0,28,18,24,23,1
1775343724,23,76,0,0,0,0,no_volume,0,0,0,0,no_volume,0,0,0,0,no_volume,0,0,0,0,0,0,186537,175291,-0.0311,0,0,28,18,24,23,1
1775343725,23,76,0,0,0,0,no_volume,0,0,0,0,no_volume,0,0,0,0,no_volume,0,0,0,0,0,0,186537,175291,-0.0311,0,0,28,18,24,23,1
1775343726,23,76,0,0,0,0,no_volume,0,0,0,0,no_volume,0,0,0,0,no_volume,0,0,0,0,0,0,186532,175286,-0.0311,-5,-5,28,18,24,23,1
1775343727,23,76,0,0,0,0,no_volume,0,0,0,0,no_volume,0,0,0,0,no_volume,0,0,0,0,0,0,186532,175286,-0.0311,-5,-5,28,18,24,23,1
1775343728,23,76,0,0,0,0,no_volume,0,0,0,0,no_volume,0,0,0,0,no_volume,0,0,0,0,0,0,186532,175286,-0.0311,-5,-5,28,18,24,23,1
1775343729,23,76,0,0,0,0,no_volume,0,0,0,0,no_volume,0,0,0,0,no_volume,0,0,0,0,0,0,186532,175286,-0.0311,0,-5,28,18,24,23,1
1775343730,23,76,0,0,0,0,no_volume,0,0,0,0,no_volume,0,0,0,0,no_volume,0,0,0,0,0,0,186532,175286,-0.0311,0,-5,28,18,24,23,1
1775343731,23,76,0,0,0,0,no_volume,0,0,0,0,no_volume,0,0,0,0,no_volume,0,0,0,0,0,0,186532,175286,-0.0311,0,-5,28,18,24,23,1
1775343732,23,76,0,0,0,0,no_volume,0,0,0,0,no_volume,0,0,0,0,no_volume,0,0,0,0,0,0,186532,175286,-0.0311,0,-5,28,18,24,23,1
1775343733,23,76,0,0,0,0,no_volume,0,0,0,0,no_volume,0,0,0,0,no_volume,0,0,0,0,0,0,186532,175286,-0.0311,0,-5,28,18,24,23,1
1775343734,23,76,0,0,0,0,no_volume,0,0,0,0,no_volume,0,0,0,0,no_volume,0,0,0,0,0,0,186532,175286,-0.0311,0,-5,28,18,24,23,1
1775343735,23,76,0,0,0,0,no_volume,0,0,0,0,no_volume,0,0,0,0,no_volume,0,0,0,0,0,0,186532,175286,-0.0311,0,-5,28,18,24,23,1
1775343736,23,76,0,0,0,0,no_volume,0,0,0,0,no_volume,0,0,0,0,no_volume,0,0,0,0,0,0,186532,175286,-0.0311,0,0,28,18,24,23,1
1775343737,23,76,0,0,0,0,no_volume,0,0,0,0,no_volume,0,0,0,0,no_volume,0,0,0,0,0,0,186532,175286,-0.0311,0,0,28,18,24,23,1
1775343738,23,76,0,0,0,0,no_volume,0,0,0,0,no_volume,0,0,0,0,no_volume,0,0,0,0,0,0,186532,175286,-0.0311,0,0,28,18,24,23,1
1775343739,23,76,0,0,0,0,no_volume,0,0,0,0,no_volume,0,0,0,0,no_volume,0,0,0,0,0,0,186532,175286,-0.0311,0,0,28,18,24,23,1
1775343740,23,76,0,0,0,0,no_volume,0,0,0,0,no_volume,0,0,0,0,no_volume,0,0,0,0,0,0,186532,175286,-0.0311,0,0,28,18,24,23,1
1775343741,23,76,0,0,0,0,no_volume,0,0,0,0,no_volume,0,0,0,0,no_volume,0,0,0,0,0,0,186532,175286,-0.0311,0,0,28,18,24,23,1
1775343742,23,76,0,0,0,0,no_volume,0,0,0,0,no_volume,0,0,0,0,no_volume,0,0,0,0,0,0,186532,175286,-0.0311,0,0,28,18,24,23,1
1775343743,23,76,0,0,0,0,no_volume,0,0,0,0,no_volume,0,0,0,0,no_volume,0,0,0,0,0,0,186532,175286,-0.0311,0,0,28,18,24,23,1
1775343744,23,76,0,0,0,0,no_volume,0,0,0,0,no_volume,0,0,0,0,no_volume,0,0,0,0,0,0,186532,175286,-0.0311,0,0,28,18,24,23,1
1775343745,23,76,0,0,0,0,no_volume,0,0,0,0,no_volume,0,0,0,0,no_volume,0,0,0,0,0,0,186532,175286,-0.0311,0,0,28,18,24,23,1
1775343746,23,76,0,0,0,0,no_volume,0,0,0,0,no_volume,0,0,0,0,no_volume,0,0,0,0,0,0,186532,175286,-0.0311,0,0,28,18,24,23,1
1775343747,23,76,0,0,0,0,no_volume,0,0,0,0,no_volume,0,0,0,0,no_volume,0,0,0,0,0,0,186532,175286,-0.0311,0,0,28,18,24,23,1
1775343748,23,76,0,0,0,0,no_volume,0,0,0,0,no_volume,0,0,0,0,no_volume,0,0,0,0,0,0,186532,175286,-0.0311,0,0,28,18,24,23,1
1775343749,23,76,0,0,0,0,no_volume,0,0,0,0,no_volume,0,0,0,0,no_volume,0,0,0,0,0,0,186532,175286,-0.0311,0,0,28,18,24,23,1
1775343750,23,76,0,0,0,0,no_volume,0,0,0,0,no_volume,0,0,0,0,no_volume,0,0,0,0,0,0,186532,175286,-0.0311,0,0,28,18,24,23,1
1775343751,23,76,0,0,0,0,no_volume,0,0,0,0,no_volume,0,0,0,0,no_volume,0,0,0,0,0,0,186532,175286,-0.0311,0,0,28,18,24,23,1
1775343752,23,76,0,0,0,0,no_volume,0,0,0,0,no_volume,0,0,0,0,no_volume,0,0,0,0,0,0,186532,175286,-0.0311,0,0,28,18,24,23,1
1775343753,23,76,0,0,0,0,no_volume,0,0,0,0,no_volume,0,0,0,0,no_volume,0,0,0,0,0,0,186532,175286,-0.0311,0,0,28,18,24,23,1
1775343754,23,76,0,0,0,0,no_volume,0,0,0,0,no_volume,0,0,0,0,no_volume,0,0,0,0,0,0,186532,175286,-0.0311,0,0,28,18,24,23,1
1775343755,23,76,0,0,0,0,no_volume,0,0,0,0,no_volume,0,0,0,0,no_volume,0,0,0,0,0,0,186532,175286,-0.0311,0,0,28,18,24,23,1
1775343756,23,76,0,0,0,0,no_volume,0,0,0,0,no_volume,0,0,0,0,no_volume,0,0,0,0,0,0,186532,175286,-0.0311,0,0,28,18,24,23,1
1775343757,23,76,0,0,0,0,no_volume,0,0,0,0,no_volume,0,0,0,0,no_volume,0,0,0,0,0,0,186532,175286,-0.0311,0,0,28,18,24,23,1
1775343758,23,76,0,0,0,0,no_volume,0,0,0,0,no_volume,0,0,0,0,no_volume,0,0,0,0,0,0,186532,175286,-0.0311,0,0,28,18,24,23,1
1775343759,23,76,0,0,0,0,no_volume,0,0,0,0,no_volume,0,0,0,0,no_volume,0,0,0,0,0,0,186532,175286,-0.0311,0,0,28,18,24,23,1
1775343760,23,76,0,0,0,0,no_volume,0,0,0,0,no_volume,0,0,0,0,no_volume,0,0,0,0,0,0,186532,175286,-0.0311,0,0,28,18,24,23,1
1775343761,23,76,0,0,0,0,no_volume,0,0,0,0,no_volume,0,0,0,0,no_volume,0,0,0,0,0,0,186532,175286,-0.0311,0,0,28,18,24,23,1
1775343762,23,76,0,0,0,0,no_volume,0,0,0,0,no_volume,0,0,0,0,no_volume,0,0,0,0,0,0,186532,175286,-0.0311,0,0,28,18,24,23,1
1775343763,23,76,0,0,0,0,no_volume,0,0,0,0,no_volume,0,0,0,0,no_volume,0,0,0,0,0,0,186532,175286,-0.0311,0,0,28,18,24,23,1
1775343764,23,76,0,0,0,0,no_volume,0,0,0,0,no_volume,0,0,0,0,no_volume,0,0,0,0,0,0,186532,175286,-0.0311,0,0,28,18,24,23,1
1775343765,23,76,0,0,0,0,no_volume,0,0,0,0,no_volume,0,0,0,0,no_volume,0,0,0,0,0,0,186532,175286,-0.0311,0,0,28,18,24,23,1
1775343766,23,76,0,0,0,0,no_volume,0,0,0,0,no_volume,0,0,0,0,no_volume,0,0,0,0,0,0,186532,175286,-0.0311,0,0,28,18,24,23,1
1775343767,23,76,0,0,0,0,no_volume,0,0,0,0,no_volume,0,0,0,0,no_volume,0,0,0,0,0,0,186532,175286,-0.0311,0,0,28,18,24,23,1
1775343768,23,76,0,0,0,0,no_volume,0,0,0,0,no_volume,0,0,0,0,no_volume,0,0,0,0,0,0,186532,175286,-0.0311,0,0,28,18,24,23,1
1775343769,23,76,0,0,0,0,no_volume,0,0,0,0,no_volume,0,0,0,0,no_volume,0,0,0,0,0,0,186532,175286,-0.0311,0,0,28,18,24,23,1
1775343770,23,76,0,0,0,0,no_volume,0,0,0,0,no_volume,0,0,0,0,no_volume,0,0,0,0,0,0,186532,175286,-0.0311,0,0,28,18,24,23,1
1775343771,23,76,0,0,0,0,no_volume,0,0,0,0,no_volume,0,0,0,0,no_volume,0,0,0,0,0,0,186532,175286,-0.0311,0,0,28,18,24,23,1
1775343772,23,76,0,0,0,0,no_volume,0,0,0,0,no_volume,0,0,0,0,no_volume,0,0,0,0,0,0,186532,175286,-0.0311,0,0,28,18,24,23,1
1775343773,23,76,0,0,0,0,no_volume,0,0,0,0,no_volume,0,0,0,0,no_volume,0,0,0,0,0,0,186532,175286,-0.0311,0,0,28,18,24,23,1
1775343774,23,76,0,0,0,0,no_volume,0,0,0,0,no_volume,0,0,0,0,no_volume,0,0,0,0,0,0,186532,175286,-0.0311,0,0,28,18,24,23,1
1775343775,23,76,0,0,0,0,no_volume,0,0,0,0,no_volume,0,0,0,0,no_volume,0,0,0,0,0,0,186532,175286,-0.0311,0,0,28,18,24,23,1
1775343776,23,76,0,0,0,0,no_volume,0,0,0,0,no_volume,0,0,0,0,no_volume,0,0,0,0,0,0,186532,175286,-0.0311,0,0,28,18,24,23,1
1775343777,23,76,0,0,0,0,no_volume,0,0,0,0,no_volume,0,0,0,0,no_volume,0,0,0,0,0,0,186532,175286,-0.0311,0,0,28,18,24,23,1
1775343778,23,76,0,0,0,0,no_volume,0,0,0,0,no_volume,0,0,0,0,no_volume,0,0,0,0,0,0,186532,175286,-0.0311,0,0,28,18,24,23,1
1775343779,23,76,0,0,0,0,no_volume,0,0,0,0,no_volume,0,0,0,0,no_volume,0,0,0,0,0,0,186532,175286,-0.0311,0,0,28,18,24,23,1
1775343780,23,76,0,0,0,0,no_volume,0,0,0,0,no_volume,0,0,0,0,no_volume,0,0,0,0,0,0,186532,175286,-0.0311,0,0,28,18,24,23,1
1775343781,23,76,0,0,0,0,no_volume,0,0,0,0,no_volume,0,0,0,0,no_volume,0,0,0,0,0,0,186532,175286,-0.0311,0,0,28,18,24,23,1
1775343782,23,76,0,0,0,0,no_volume,0,0,0,0,no_volume,0,0,0,0,no_volume,0,0,0,0,0,0,186532,175286,-0.0311,0,0,28,18,24,23,1
1775343783,23,76,0,0,0,0,no_volume,0,0,0,0,no_volume,0,0,0,0,no_volume,0,0,0,0,0,0,186532,175286,-0.0311,0,0,28,18,24,23,1
1775343784,23,76,0,0,0,0,no_volume,0,0,0,0,no_volume,0,0,0,0,no_volume,0,0,0,0,0,0,186532,175286,-0.0311,0,0,28,18,24,23,1
1775343785,23,76,0,0,0,0,no_volume,0,0,0,0,no_volume,0,0,0,0,no_volume,0,0,0,0,0,0,186532,175286,-0.0311,0,0,28,18,24,23,1
1775343786,23,76,0,0,0,0,no_volume,0,0,0,0,no_volume,0,0,0,0,no_volume,0,0,0,0,0,0,186532,175286,-0.0311,0,0,28,18,24,23,1
1775343787,23,76,0,0,0,0,no_volume,0,0,0,0,no_volume,0,0,0,0,no_volume,0,0,0,0,0,0,186532,175286,-0.0311,0,0,28,18,24,23,1
1775343788,23,76,0,0,0,0,no_volume,0,0,0,0,no_volume,0,0,0,0,no_volume,0,0,0,0,0,0,186532,175286,-0.0311,0,0,28,18,24,23,1
1775343789,23,76,0,0,0,0,no_volume,0,0,0,0,no_volume,0,0,0,0,no_volume,0,0,0,0,0,0,186532,175286,-0.0311,0,0,28,18,24,23,1
1775343790,23,76,0,0,0,0,no_volume,0,0,0,0,no_volume,0,0,0,0,no_volume,0,0,0,0,0,0,186532,175286,-0.0311,0,0,28,18,24,23,1
1775343791,23,76,0,0,0,0,no_volume,0,0,0,0,no_volume,0,0,0,0,no_volume,0,0,0,0,0,0,186532,175286,-0.0311,0,0,28,18,24,23,1
1775343792,23,76,0,0,0,0,no_volume,0,0,0,0,no_volume,0,0,0,0,no_volume,0,0,0,0,0,0,186532,175286,-0.0311,0,0,28,18,24,23,1
1775343793,23,76,0,0,0,0,no_volume,0,0,0,0,no_volume,0,0,0,0,no_volume,0,0,0,0,0,0,186532,175286,-0.0311,0,0,28,18,24,23,1
1775343794,23,76,0,0,0,0,no_volume,0,0,0,0,no_volume,0,0,0,0,no_volume,0,0,0,0,0,0,186532,175286,-0.0311,0,0,28,18,24,23,1
1775343795,23,76,0,0,0,0,no_volume,0,0,0,0,no_volume,0,0,0,0,no_volume,0,0,0,0,0,0,186532,175286,-0.0311,0,0,28,18,24,23,1
1775343796,23,76,0,0,0,0,no_volume,0,0,0,0,no_volume,0,0,0,0,no_volume,0,0,0,0,0,0,186532,175286,-0.0311,0,0,28,18,24,23,1
1775343797,23,76,0,0,0,0,no_volume,0,0,0,0,no_volume,0,0,0,0,no_volume,0,0,0,0,0,0,186532,175286,-0.0311,0,0,28,18,24,23,1
1775343798,23,76,0,0,0,0,no_volume,0,0,0,0,no_volume,0,0,0,0,no_volume,0,0,0,0,0,0,186532,175286,-0.0311,0,0,28,18,24,23,1
1775343799,23,76,0,0,0,0,no_volume,0,0,0,0,no_volume,0,0,0,0,no_volume,0,0,0,0,0,0,186532,175286,-0.0311,0,0,28,18,24,23,1
1775343800,23,76,0,0,0,0,no_volume,0,0,0,0,no_volume,0,0,0,0,no_volume,0,0,0,0,0,0,186532,175286,-0.0311,0,0,28,18,24,23,1
1775343801,23,76,0,0,0,0,no_volume,0,0,0,0,no_volume,0,0,0,0,no_volume,0,0,0,0,0,0,186532,175286,-0.0311,0,0,28,18,24,23,1
1775343802,23,76,0,0,0,0,no_volume,0,0,0,0,no_volume,0,0,0,0,no_volume,0,0,0,0,0,0,186532,175286,-0.0311,0,0,28,18,24,23,1
1775343803,23,76,0,0,0,0,no_volume,0,0,0,0,no_volume,0,0,0,0,no_volume,0,0,0,0,0,0,186532,175286,-0.0311,0,0,28,18,24,23,1
1775343804,23,76,0,0,0,0,no_volume,0,0,0,0,no_volume,0,0,0,0,no_volume,0,0,0,0,0,0,186532,175286,-0.0311,0,0,28,18,24,23,1
1775343805,23,76,0,0,0,0,no_volume,0,0,0,0,no_volume,0,0,0,0,no_volume,0,0,0,0,0,0,186532,175286,-0.0311,0,0,28,18,24,23,1
1775343806,23,76,0,0,0,0,no_volume,0,0,0,0,no_volume,0,0,0,0,no_volume,0,0,0,0,0,0,186532,175286,-0.0311,0,0,28,18,24,23,1
1775343807,23,76,0,0,0,0,no_volume,0,0,0,0,no_volume,0,0,0,0,no_volume,0,0,0,0,0,0,186532,175286,-0.0311,0,0,28,18,24,23,1
1775343808,23,76,0,0,0,0,no_volume,0,0,0,0,no_volume,0,0,0,0,no_volume,0,0,0,0,0,0,186532,175286,-0.0311,0,0,28,18,24,23,1
1775343809,23,76,0,0,0,0,no_volume,0,0,0,0,no_volume,0,0,0,0,no_volume,0,0,0,0,0,0,186532,175286,-0.0311,0,0,28,18,24,23,1
1775343810,23,76,0,0,0,0,no_volume,0,0,0,0,no_volume,0,0,0,0,no_volume,0,0,0,0,0,0,186532,175286,-0.0311,0,0,28,18,24,23,1
1775343811,23,76,0,0,0,0,no_volume,0,0,0,0,no_volume,0,0,0,0,no_volume,0,0,0,0,0,0,186532,175286,-0.0311,0,0,28,18,24,23,1
1775343812,23,76,0,0,0,0,no_volume,0,0,0,0,no_volume,0,0,0,0,no_volume,0,0,0,0,0,0,186532,175286,-0.0311,0,0,28,18,24,23,1
1775343813,23,76,0,0,0,0,no_volume,0,0,0,0,no_volume,0,0,0,0,no_volume,0,0,0,0,0,0,186532,175286,-0.0311,0,0,28,18,24,23,1
1775343814,23,76,0,0,0,0,no_volume,0,0,0,0,no_volume,0,0,0,0,no_volume,0,0,0,0,0,0,186532,175286,-0.0311,0,0,28,18,24,23,1
1775343815,23,76,0,0,0,0,no_volume,0,0,0,0,no_volume,0,0,0,0,no_volume,0,0,0,0,0,0,186532,175286,-0.0311,0,0,28,18,24,23,1
1775343816,23,76,0,0,0,0,no_volume,0,0,0,0,no_volume,0,0,0,0,no_volume,0,0,0,0,0,0,186532,175286,-0.0311,0,0,28,18,24,23,1
1775343817,23,76,0,0,0,0,no_volume,0,0,0,0,no_volume,0,0,0,0,no_volume,0,0,0,0,0,0,186532,175286,-0.0311,0,0,28,18,24,23,1
1775343818,23,76,0,0,0,0,no_volume,0,0,0,0,no_volume,0,0,0,0,no_volume,0,0,0,0,0,0,186532,175286,-0.0311,0,0,28,18,24,23,1
1775343819,23,76,0,0,0,0,no_volume,0,0,0,0,no_volume,0,0,0,0,no_volume,0,0,0,0,0,0,186532,175286,-0.0311,0,0,28,18,24,23,1
1775343820,23,76,0,0,0,0,no_volume,0,0,0,0,no_volume,0,0,0,0,no_volume,0,0,0,0,0,0,186532,175286,-0.0311,0,0,28,18,24,23,1
1775343821,23,76,0,0,0,0,no_volume,0,0,0,0,no_volume,0,0,0,0,no_volume,0,0,0,0,0,0,186532,175286,-0.0311,0,0,28,18,24,23,1
1775343822,23,76,0,0,0,0,no_volume,0,0,0,0,no_volume,0,0,0,0,no_volume,0,0,0,0,0,0,186532,175286,-0.0311,0,0,28,18,24,23,1
1775343823,23,76,0,0,0,0,no_volume,0,0,0,0,no_volume,0,0,0,0,no_volume,0,0,0,0,0,0,186532,175286,-0.0311,0,0,28,18,24,23,1
1775343824,23,76,0,0,0,0,no_volume,0,0,0,0,no_volume,0,0,0,0,no_volume,0,0,0,0,0,0,186532,175286,-0.0311,0,0,28,18,24,23,1
1775343825,23,76,0,0,0,0,no_volume,0,0,0,0,no_volume,0,0,0,0,no_volume,0,0,0,0,0,0,186532,175286,-0.0311,0,0,28,18,24,23,1
1775343826,23,76,0,0,0,0,no_volume,0,0,0,0,no_volume,0,0,0,0,no_volume,0,0,0,0,0,0,186532,175286,-0.0311,0,0,28,18,24,23,1
1775343827,23,76,0,0,0,0,no_volume,0,0,0,0,no_volume,0,0,0,0,no_volume,0,0,0,0,0,0,186532,175286,-0.0311,0,0,28,18,24,23,1
1775343828,23,76,0,0,0,0,no_volume,0,0,0,0,no_volume,0,0,0,0,no_volume,0,0,0,0,0,0,186532,175286,-0.0311,0,0,28,18,24,23,1
1775343829,23,76,0,0,0,0,no_volume,0,0,0,0,no_volume,0,0,0,0,no_volume,0,0,0,0,0,0,186532,175286,-0.0311,0,0,28,18,24,23,1
1775343830,23,76,0,0,0,0,no_volume,0,0,0,0,no_volume,0,0,0,0,no_volume,0,0,0,0,0,0,186532,175286,-0.0311,0,0,28,18,24,23,1
1775343831,23,76,0,0,0,0,no_volume,0,0,0,0,no_volume,0,0,0,0,no_volume,0,0,0,0,0,0,186532,175286,-0.0311,0,0,28,18,24,23,1
1775343832,23,76,0,0,0,0,no_volume,0,0,0,0,no_volume,0,0,0,0,no_volume,0,0,0,0,0,0,186532,175286,-0.0311,0,0,28,18,24,23,1
1775343833,23,76,0,0,0,0,no_volume,0,0,0,0,no_volume,0,0,0,0,no_volume,0,0,0,0,0,0,186532,175286,-0.0311,0,0,28,18,24,23,1
1775343834,23,76,0,0,0,0,no_volume,0,0,0,0,no_volume,0,0,0,0,no_volume,0,0,0,0,0,0,186532,175286,-0.0311,0,0,28,18,24,23,1
1775343835,23,76,0,0,0,0,no_volume,0,0,0,0,no_volume,0,0,0,0,no_volume,0,0,0,0,0,0,186532,175286,-0.0311,0,0,28,18,24,23,1
1775343836,23,76,0,0,0,0,no_volume,0,0,0,0,no_volume,0,0,0,0,no_volume,0,0,0,0,0,0,186532,175286,-0.0311,0,0,28,18,24,23,1
1775343837,23,76,0,0,0,0,no_volume,0,0,0,0,no_volume,0,0,0,0,no_volume,0,0,0,0,0,0,186532,175286,-0.0311,0,0,28,18,24,23,1
1775343838,23,76,0,0,0,0,no_volume,0,0,0,0,no_volume,0,0,0,0,no_volume,0,0,0,0,0,0,186532,175286,-0.0311,0,0,28,18,24,23,1
1775343839,23,76,0,0,0,0,no_volume,0,0,0,0,no_volume,0,0,0,0,no_volume,0,0,0,0,0,0,186532,175286,-0.0311,0,0,28,18,24,23,1
1775343840,23,76,0,0,0,0,no_volume,0,0,0,0,no_volume,0,0,0,0,no_volume,0,0,0,0,0,0,186532,175286,-0.0311,0,0,28,18,24,23,1
1775343841,23,76,0,0,0,0,no_volume,0,0,0,0,no_volume,0,0,0,0,no_volume,0,0,0,0,0,0,186532,175286,-0.0311,0,0,28,18,24,23,1
1775343842,23,76,0,0,0,0,no_volume,0,0,0,0,no_volume,0,0,0,0,no_volume,0,0,0,0,0,0,186532,175286,-0.0311,0,0,28,18,24,23,1
1775343843,23,76,0,0,0,0,no_volume,0,0,0,0,no_volume,0,0,0,0,no_volume,0,0,0,0,0,0,186532,175286,-0.0311,0,0,28,18,24,23,1
1775343844,23,76,0,0,0,0,no_volume,0,0,0,0,no_volume,0,0,0,0,no_volume,0,0,0,0,0,0,186532,175286,-0.0311,0,0,28,18,24,23,1
1775343845,23,76,0,0,0,0,no_volume,0,0,0,0,no_volume,0,0,0,0,no_volume,0,0,0,0,0,0,186532,175286,-0.0311,0,0,28,18,24,23,1
1775343846,23,76,0,0,0,0,no_volume,0,0,0,0,no_volume,0,0,0,0,no_volume,0,0,0,0,0,0,186532,175286,-0.0311,0,0,28,18,24,23,1
1775343847,23,76,0,0,0,0,no_volume,0,0,0,0,no_volume,0,0,0,0,no_volume,0,0,0,0,0,0,186532,175286,-0.0311,0,0,28,18,24,23,1
1775343848,23,76,0,0,0,0,no_volume,0,0,0,0,no_volume,0,0,0,0,no_volume,0,0,0,0,0,0,186532,175286,-0.0311,0,0,28,18,24,23,1
1775343849,23,76,0,0,0,0,no_volume,0,0,0,0,no_volume,0,0,0,0,no_volume,0,0,0,0,0,0,186532,175286,-0.0311,0,0,28,18,24,23,1
1775343850,23,76,0,0,0,0,no_volume,0,0,0,0,no_volume,0,0,0,0,no_volume,0,0,0,0,0,0,186532,175286,-0.0311,0,0,28,18,24,23,1
1775343851,23,76,0,0,0,0,no_volume,0,0,0,0,no_volume,0,0,0,0,no_volume,0,0,0,0,0,0,186532,175286,-0.0311,0,0,28,18,24,23,1
1775343852,23,76,0,0,0,0,no_volume,0,0,0,0,no_volume,0,0,0,0,no_volume,0,0,0,0,0,0,186532,175286,-0.0311,0,0,28,18,24,23,1
1775343853,23,76,0,0,0,0,no_volume,0,0,0,0,no_volume,0,0,0,0,no_volume,0,0,0,0,0,0,186532,175286,-0.0311,0,0,28,18,24,23,1
1775343854,23,76,0,0,0,0,no_volume,0,0,0,0,no_volume,0,0,0,0,no_volume,0,0,0,0,0,0,186532,175286,-0.0311,0,0,28,18,24,23,1
1775343855,23,76,0,0,0,0,no_volume,0,0,0,0,no_volume,0,0,0,0,no_volume,0,0,0,0,0,0,186532,175286,-0.0311,0,0,28,18,24,23,1
1775343856,23,76,0,0,0,0,no_volume,0,0,0,0,no_volume,0,0,0,0,no_volume,0,0,0,0,0,0,186532,175286,-0.0311,0,0,28,18,24,23,1
1775343857,23,76,0,0,0,0,no_volume,0,0,0,0,no_volume,0,0,0,0,no_volume,0,0,0,0,0,0,186532,175286,-0.0311,0,0,28,18,24,23,1
1775343858,23,76,0,0,0,0,no_volume,0,0,0,0,no_volume,0,0,0,0,no_volume,0,0,0,0,0,0,186532,175286,-0.0311,0,0,28,18,24,23,1
1775343859,23,76,0,0,0,0,no_volume,0,0,0,0,no_volume,0,0,0,0,no_volume,0,0,0,0,0,0,186532,175286,-0.0311,0,0,28,18,24,23,1
1775343860,23,76,0,0,0,0,no_volume,0,0,0,0,no_volume,0,0,0,0,no_volume,0,0,0,0,0,0,186532,175286,-0.0311,0,0,28,18,24,23,1
1775343861,23,76,0,0,0,0,no_volume,0,0,0,0,no_volume,0,0,0,0,no_volume,0,0,0,0,0,0,186532,175286,-0.0311,0,0,28,18,24,23,1
1775343862,23,76,0,0,0,0,no_volume,0,0,0,0,no_volume,0,0,0,0,no_volume,0,0,0,0,0,0,186532,175286,-0.0311,0,0,28,18,24,23,1
1775343863,23,76,0,0,0,0,no_volume,0,0,0,0,no_volume,0,0,0,0,no_volume,0,0,0,0,0,0,186532,175286,-0.0311,0,0,28,18,24,23,1
1775343864,23,76,0,0,0,0,no_volume,0,0,0,0,no_volume,0,0,0,0,no_volume,0,0,0,0,0,0,186532,175286,-0.0311,0,0,28,18,24,23,1
1775343865,23,76,0,0,0,0,no_volume,0,0,0,0,no_volume,0,0,0,0,no_volume,0,0,0,0,0,0,186532,175286,-0.0311,0,0,28,18,24,23,1
1775343866,23,76,0,0,0,0,no_volume,0,0,0,0,no_volume,0,0,0,0,no_volume,0,0,0,0,0,0,186532,175286,-0.0311,0,0,28,18,24,23,1
1775343867,23,76,0,0,0,0,no_volume,0,0,0,0,no_volume,0,0,0,0,no_volume,0,0,0,0,0,0,186532,175286,-0.0311,0,0,28,18,24,23,1
1775343868,23,76,0,0,0,0,no_volume,0,0,0,0,no_volume,0,0,0,0,no_volume,0,0,0,0,0,0,186532,175286,-0.0311,0,0,28,18,24,23,1
1775343869,23,76,0,0,0,0,no_volume,0,0,0,0,no_volume,0,0,0,0,no_volume,0,0,0,0,0,0,186532,175286,-0.0311,0,0,28,18,24,23,1
1775343870,23,76,0,0,0,0,no_volume,0,0,0,0,no_volume,0,0,0,0,no_volume,0,0,0,0,0,0,186532,175286,-0.0311,0,0,28,18,24,23,1
1775343871,23,76,0,0,0,0,no_volume,0,0,0,0,no_volume,0,0,0,0,no_volume,0,0,0,0,0,0,186532,175286,-0.0311,0,0,28,18,24,23,1
1775343872,23,76,0,0,0,0,no_volume,0,0,0,0,no_volume,0,0,0,0,no_volume,0,0,0,0,0,0,186532,175286,-0.0311,0,0,28,18,24,23,1
1775343873,23,76,0,0,0,0,no_volume,0,0,0,0,no_volume,0,0,0,0,no_volume,0,0,0,0,0,0,186532,175286,-0.0311,0,0,28,18,24,23,1
1775343874,23,76,0,0,0,0,no_volume,0,0,0,0,no_volume,0,0,0,0,no_volume,0,0,0,0,0,0,186532,175286,-0.0311,0,0,28,18,24,23,1
1775343875,23,76,0,0,0,0,no_volume,0,0,0,0,no_volume,0,0,0,0,no_volume,0,0,0,0,0,0,186532,175286,-0.0311,0,0,28,18,24,23,1
1775343876,23,76,0,0,0,0,no_volume,0,0,0,0,no_volume,0,0,0,0,no_volume,0,0,0,0,0,0,186532,175286,-0.0311,0,0,28,18,24,23,1
1775343877,23,76,0,0,0,0,no_volume,0,0,0,0,no_volume,0,0,0,0,no_volume,0,0,0,0,0,0,186532,175286,-0.0311,0,0,28,18,24,23,1
1775343878,23,76,0,0,0,0,no_volume,0,0,0,0,no_volume,0,0,0,0,no_volume,0,0,0,0,0,0,186532,175286,-0.0311,0,0,28,18,24,23,1
1775343879,23,76,0,0,0,0,no_volume,0,0,0,0,no_volume,0,0,0,0,no_volume,0,0,0,0,0,0,186532,175286,-0.0311,0,0,28,18,24,23,1
1775343880,23,76,0,0,0,0,no_volume,0,0,0,0,no_volume,0,0,0,0,no_volume,0,0,0,0,0,0,186532,175286,-0.0311,0,0,28,18,24,23,1
1775343881,23,76,0,0,0,0,no_volume,0,0,0,0,no_volume,0,0,0,0,no_volume,0,0,0,0,0,0,186532,175286,-0.0311,0,0,28,18,24,23,1
1775343882,23,76,0,0,0,0,no_volume,0,0,0,0,no_volume,0,0,0,0,no_volume,0,0,0,0,0,0,186532,175286,-0.0311,0,0,28,18,24,23,1
1775343883,23,76,0,0,0,0,no_volume,0,0,0,0,no_volume,0,0,0,0,no_volume,0,0,0,0,0,0,186532,175286,-0.0311,0,0,28,18,24,23,1
1775343884,23,76,0,0,0,0,no_volume,0,0,0,0,no_volume,0,0,0,0,no_volume,0,0,0,0,0,0,186532,175286,-0.0311,0,0,28,18,24,23,1
1775343885,23,76,0,0,0,0,no_volume,0,0,0,0,no_volume,0,0,0,0,no_volume,0,0,0,0,0,0,186532,175286,-0.0311,0,0,28,18,24,23,1
1775343886,23,76,0,0,0,0,no_volume,0,0,0,0,no_volume,0,0,0,0,no_volume,0,0,0,0,0,0,186532,175286,-0.0311,0,0,28,18,24,23,1
1775343887,23,76,0,0,0,0,no_volume,0,0,0,0,no_volume,0,0,0,0,no_volume,0,0,0,0,0,0,186532,175286,-0.0311,0,0,28,18,24,23,1
1775343888,23,76,0,0,0,0,no_volume,0,0,0,0,no_volume,0,0,0,0,no_volume,0,0,0,0,0,0,186532,175286,-0.0311,0,0,28,18,24,23,1
1775343889,23,76,0,0,0,0,no_volume,0,0,0,0,no_volume,0,0,0,0,no_volume,0,0,0,0,0,0,186532,175286,-0.0311,0,0,28,18,24,23,1
1775343890,23,76,0,0,0,0,no_volume,0,0,0,0,no_volume,0,0,0,0,no_volume,0,0,0,0,0,0,186532,175286,-0.0311,0,0,28,18,24,23,1
1775343891,23,76,0,0,0,0,no_volume,0,0,0,0,no_volume,0,0,0,0,no_volume,0,0,0,0,0,0,186532,175286,-0.0311,0,0,28,18,24,23,1
1775343892,23,76,0,0,0,0,no_volume,0,0,0,0,no_volume,0,0,0,0,no_volume,0,0,0,0,0,0,186532,175286,-0.0311,0,0,28,18,24,23,1
1775343893,23,76,0,0,0,0,no_volume,0,0,0,0,no_volume,0,0,0,0,no_volume,0,0,0,0,0,0,186532,175286,-0.0311,0,0,28,18,24,23,1
1775343894,23,76,0,0,0,0,no_volume,0,0,0,0,no_volume,0,0,0,0,no_volume,0,0,0,0,0,0,186532,175286,-0.0311,0,0,28,18,24,23,1
1775343895,23,76,0,0,0,0,no_volume,0,0,0,0,no_volume,0,0,0,0,no_volume,0,0,0,0,0,0,186532,175286,-0.0311,0,0,28,18,24,23,1
1775343896,23,76,0,0,0,0,no_volume,0,0,0,0,no_volume,0,0,0,0,no_volume,0,0,0,0,0,0,186532,175286,-0.0311,0,0,28,18,24,23,1
1775343897,23,76,0,0,0,0,no_volume,0,0,0,0,no_volume,0,0,0,0,no_volume,0,0,0,0,0,0,186532,175286,-0.0311,0,0,28,18,24,23,1
1775343898,23,76,0,0,0,0,no_volume,0,0,0,0,no_volume,0,0,0,0,no_volume,0,0,0,0,0,0,186532,175286,-0.0311,0,0,28,18,24,23,1
1775343899,23,76,0,0,0,0,no_volume,0,0,0,0,no_volume,0,0,0,0,no_volume,0,0,0,0,0,0,186532,175286,-0.0311,0,0,28,18,24,23,1
1775343900,23,76,0,0,0,0,no_volume,0,0,0,0,no_volume,0,0,0,0,no_volume,0,0,0,0,0,0,186532,175286,-0.0311,0,0,28,18,24,23,1
1775343901,23,76,0,0,0,0,no_volume,0,0,0,0,no_volume,0,0,0,0,no_volume,0,0,0,0,0,0,186532,175286,-0.0311,0,0,28,18,24,23,1
1775343902,23,76,0,0,0,0,no_volume,0,0,0,0,no_volume,0,0,0,0,no_volume,0,0,0,0,0,0,186532,175286,-0.0311,0,0,28,18,24,23,1
1775343903,23,76,0,0,0,0,no_volume,0,0,0,0,no_volume,0,0,0,0,no_volume,0,0,0,0,0,0,186532,175286,-0.0311,0,0,28,18,24,23,1
1775343904,23,76,0,0,0,0,no_volume,0,0,0,0,no_volume,0,0,0,0,no_volume,0,0,0,0,0,0,186532,175286,-0.0311,0,0,28,18,24,23,1
1775343905,23,76,0,0,0,0,no_volume,0,0,0,0,no_volume,0,0,0,0,no_volume,0,0,0,0,0,0,186532,175286,-0.0311,0,0,28,18,24,23,1
1775343906,23,76,0,0,0,0,no_volume,0,0,0,0,no_volume,0,0,0,0,no_volume,0,0,0,0,0,0,186532,175286,-0.0311,0,0,28,18,24,23,1
1775343907,23,76,0,0,0,0,no_volume,0,0,0,0,no_volume,0,0,0,0,no_volume,0,0,0,0,0,0,186532,175286,-0.0311,0,0,28,18,24,23,1
1775343908,23,76,0,0,0,0,no_volume,0,0,0,0,no_volume,0,0,0,0,no_volume,0,0,0,0,0,0,186532,175286,-0.0311,0,0,28,18,24,23,1
1775343909,23,76,0,0,0,0,no_volume,0,0,0,0,no_volume,0,0,0,0,no_volume,0,0,0,0,0,0,186532,175286,-0.0311,0,0,28,18,24,23,1
1775343910,23,76,0,0,0,0,no_volume,0,0,0,0,no_volume,0,0,0,0,no_volume,0,0,0,0,0,0,186532,175286,-0.0311,0,0,28,18,24,23,1
1775343911,23,76,0,0,0,0,no_volume,0,0,0,0,no_volume,0,0,0,0,no_volume,0,0,0,0,0,0,186532,175286,-0.0311,0,0,28,18,24,23,1
1775343912,23,76,0,0,0,0,no_volume,0,0,0,0,no_volume,0,0,0,0,no_volume,0,0,0,0,0,0,186532,175286,-0.0311,0,0,28,18,24,23,1
1775343913,23,76,0,0,0,0,no_volume,0,0,0,0,no_volume,0,0,0,0,no_volume,0,0,0,0,0,0,186532,175286,-0.0311,0,0,28,18,24,23,1
1775343914,23,76,0,0,0,0,no_volume,0,0,0,0,no_volume,0,0,0,0,no_volume,0,0,0,0,0,0,186532,175286,-0.0311,0,0,28,18,24,23,1
1775343915,23,76,0,0,0,0,no_volume,0,0,0,0,no_volume,0,0,0,0,no_volume,0,0,0,0,0,0,186532,175286,-0.0311,0,0,28,18,24,23,1
1775343916,23,76,0,0,0,0,no_volume,0,0,0,0,no_volume,0,0,0,0,no_volume,0,0,0,0,0,0,186532,175286,-0.0311,0,0,28,18,24,23,1
1775343917,23,76,0,0,0,0,no_volume,0,0,0,0,no_volume,0,0,0,0,no_volume,0,0,0,0,0,0,186532,175286,-0.0311,0,0,28,18,24,23,1
1775343918,23,76,0,0,0,0,no_volume,0,0,0,0,no_volume,0,0,0,0,no_volume,0,0,0,0,0,0,186532,175286,-0.0311,0,0,28,18,24,23,1
1775343919,23,76,0,0,0,0,no_volume,0,0,0,0,no_volume,0,0,0,0,no_volume,0,0,0,0,0,0,186532,175286,-0.0311,0,0,28,18,24,23,1
1775343920,23,76,0,0,0,0,no_volume,0,0,0,0,no_volume,0,0,0,0,no_volume,0,0,0,0,0,0,186532,175286,-0.0311,0,0,28,18,24,23,1
1775343921,23,76,0,0,0,0,no_volume,0,0,0,0,no_volume,0,0,0,0,no_volume,0,0,0,0,0,0,186532,175286,-0.0311,0,0,28,18,24,23,1
1775343922,23,76,0,0,0,0,no_volume,0,0,0,0,no_volume,0,0,0,0,no_volume,0,0,0,0,0,0,186532,175286,-0.0311,0,0,28,18,24,23,1
1775343923,23,76,0,0,0,0,no_volume,0,0,0,0,no_volume,0,0,0,0,no_volume,0,0,0,0,0,0,186532,175286,-0.0311,0,0,28,18,24,23,1
1775343924,23,76,0,0,0,0,no_volume,0,0,0,0,no_volume,0,0,0,0,no_volume,0,0,0,0,0,0,186532,175286,-0.0311,0,0,28,18,24,23,1
1775343925,23,76,0,0,0,0,no_volume,0,0,0,0,no_volume,0,0,0,0,no_volume,0,0,0,0,0,0,186532,175286,-0.0311,0,0,28,18,24,23,1
1775343926,23,76,0,0,0,0,no_volume,0,0,0,0,no_volume,0,0,0,0,no_volume,0,0,0,0,0,0,186532,175286,-0.0311,0,0,28,18,24,23,1
1775343927,23,76,0,0,0,0,no_volume,0,0,0,0,no_volume,0,0,0,0,no_volume,0,0,0,0,0,0,186532,175286,-0.0311,0,0,28,18,24,23,1
1775343928,23,76,0,0,0,0,no_volume,0,0,0,0,no_volume,0,0,0,0,no_volume,0,0,0,0,0,0,186532,175286,-0.0311,0,0,28,18,24,23,1
1775343929,23,76,0,0,0,0,no_volume,0,0,0,0,no_volume,0,0,0,0,no_volume,0,0,0,0,0,0,186532,175286,-0.0311,0,0,28,18,24,23,1
1775343930,23,76,0,0,0,0,no_volume,0,0,0,0,no_volume,0,0,0,0,no_volume,0,0,0,0,0,0,186532,175286,-0.0311,0,0,28,18,24,23,1
1775343931,23,76,0,0,0,0,no_volume,0,0,0,0,no_volume,0,0,0,0,no_volume,0,0,0,0,0,0,186532,175286,-0.0311,0,0,28,18,24,23,1
1775343932,23,76,0,0,0,0,no_volume,0,0,0,0,no_volume,0,0,0,0,no_volume,0,0,0,0,0,0,186532,175286,-0.0311,0,0,28,18,24,23,1
1775343933,23,76,0,0,0,0,no_volume,0,0,0,0,no_volume,0,0,0,0,no_volume,0,0,0,0,0,0,186532,175286,-0.0311,0,0,28,18,24,23,1
1775343934,23,76,0,0,0,0,no_volume,0,0,0,0,no_volume,0,0,0,0,no_volume,0,0,0,0,0,0,186532,175286,-0.0311,0,0,28,18,24,23,1
1775343935,23,76,0,0,0,0,no_volume,0,0,0,0,no_volume,0,0,0,0,no_volume,0,0,0,0,0,0,186532,175286,-0.0311,0,0,28,18,24,23,1
1775343936,23,76,0,0,0,0,no_volume,0,0,0,0,no_volume,0,0,0,0,no_volume,0,0,0,0,0,0,186532,175286,-0.0311,0,0,28,18,24,23,1
1775343937,23,76,0,0,0,0,no_volume,0,0,0,0,no_volume,0,0,0,0,no_volume,0,0,0,0,0,0,186532,175286,-0.0311,0,0,28,18,24,23,1
1775343938,23,76,0,0,0,0,no_volume,0,0,0,0,no_volume,0,0,0,0,no_volume,0,0,0,0,0,0,186532,175286,-0.0311,0,0,28,18,24,23,1
1775343939,23,76,0,0,0,0,no_volume,0,0,0,0,no_volume,0,0,0,0,no_volume,0,0,0,0,0,0,186532,175286,-0.0311,0,0,28,18,24,23,1
1775343940,23,76,0,0,0,0,no_volume,0,0,0,0,no_volume,0,0,0,0,no_volume,0,0,0,0,0,0,186532,175286,-0.0311,0,0,28,18,24,23,1
1775343941,23,76,0,0,0,0,no_volume,0,0,0,0,no_volume,0,0,0,0,no_volume,0,0,0,0,0,0,186532,175286,-0.0311,0,0,28,18,24,23,1
1775343942,23,76,0,0,0,0,no_volume,0,0,0,0,no_volume,0,0,0,0,no_volume,0,0,0,0,0,0,186532,175286,-0.0311,0,0,28,18,24,23,1
1775343943,23,76,0,0,0,0,no_volume,0,0,0,0,no_volume,0,0,0,0,no_volume,0,0,0,0,0,0,186532,175286,-0.0311,0,0,28,18,24,23,1
1775343944,23,76,0,0,0,0,no_volume,0,0,0,0,no_volume,0,0,0,0,no_volume,0,0,0,0,0,0,186532,175286,-0.0311,0,0,28,18,24,23,1
1775343945,23,76,0,0,0,0,no_volume,0,0,0,0,no_volume,0,0,0,0,no_volume,0,0,0,0,0,0,186532,175286,-0.0311,0,0,28,18,24,23,1
1775343946,23,76,0,0,0,0,no_volume,0,0,0,0,no_volume,0,0,0,0,no_volume,0,0,0,0,0,0,186532,175286,-0.0311,0,0,28,18,24,23,1
1775343947,23,76,0,0,0,0,no_volume,0,0,0,0,no_volume,0,0,0,0,no_volume,0,0,0,0,0,0,186532,175286,-0.0311,0,0,28,18,24,23,1
1775343948,23,76,0,0,0,0,no_volume,0,0,0,0,no_volume,0,0,0,0,no_volume,0,0,0,0,0,0,186532,175286,-0.0311,0,0,28,18,24,23,1
1775343949,23,76,0,0,0,0,no_volume,0,0,0,0,no_volume,0,0,0,0,no_volume,0,0,0,0,0,0,186532,175286,-0.0311,0,0,28,18,24,23,1
1775343950,23,76,0,0,0,0,no_volume,0,0,0,0,no_volume,0,0,0,0,no_volume,0,0,0,0,0,0,186532,175286,-0.0311,0,0,28,18,24,23,1
1775343951,23,76,0,0,0,0,no_volume,0,0,0,0,no_volume,0,0,0,0,no_volume,0,0,0,0,0,0,186532,175286,-0.0311,0,0,28,18,24,23,1
1775343952,23,76,0,0,0,0,no_volume,0,0,0,0,no_volume,0,0,0,0,no_volume,0,0,0,0,0,0,186532,175286,-0.0311,0,0,28,18,24,23,1
1775343953,23,76,0,0,0,0,no_volume,0,0,0,0,no_volume,0,0,0,0,no_volume,0,0,0,0,0,0,186532,175286,-0.0311,0,0,28,18,24,23,1
1775343954,23,76,0,0,0,0,no_volume,0,0,0,0,no_volume,0,0,0,0,no_volume,0,0,0,0,0,0,186532,175286,-0.0311,0,0,28,18,24,23,1
1775343955,23,76,0,0,0,0,no_volume,0,0,0,0,no_volume,0,0,0,0,no_volume,0,0,0,0,0,0,186532,175286,-0.0311,0,0,28,18,24,23,1
1775343956,23,76,0,0,0,0,no_volume,0,0,0,0,no_volume,0,0,0,0,no_volume,0,0,0,0,0,0,186532,175286,-0.0311,0,0,28,18,24,23,1
1775343957,23,76,0,0,0,0,no_volume,0,0,0,0,no_volume,0,0,0,0,no_volume,0,0,0,0,0,0,186532,175286,-0.0311,0,0,28,18,24,23,1
1775343958,23,76,0,0,0,0,no_volume,0,0,0,0,no_volume,0,0,0,0,no_volume,0,0,0,0,0,0,186532,175286,-0.0311,0,0,28,18,24,23,1
1775343959,23,76,0,0,0,0,no_volume,0,0,0,0,no_volume,0,0,0,0,no_volume,0,0,0,0,0,0,186532,175286,-0.0311,0,0,28,18,24,23,1
1775343960,23,76,0,0,0,0,no_volume,0,0,0,0,no_volume,0,0,0,0,no_volume,0,0,0,0,0,0,186532,175286,-0.0311,0,0,28,18,24,23,1
1775343961,23,76,0,0,0,0,no_volume,0,0,0,0,no_volume,0,0,0,0,no_volume,0,0,0,0,0,0,186532,175286,-0.0311,0,0,28,18,24,23,1
1775343962,23,76,0,0,0,0,no_volume,0,0,0,0,no_volume,0,0,0,0,no_volume,0,0,0,0,0,0,186532,175286,-0.0311,0,0,28,18,24,23,1
1775343963,23,76,0,0,0,0,no_volume,0,0,0,0,no_volume,0,0,0,0,no_volume,0,0,0,0,0,0,186532,175286,-0.0311,0,0,28,18,24,23,1
1775343964,23,76,0,0,0,0,no_volume,0,0,0,0,no_volume,0,0,0,0,no_volume,0,0,0,0,0,0,186532,175286,-0.0311,0,0,28,18,24,23,1
1775343965,23,76,0,0,0,0,no_volume,0,0,0,0,no_volume,0,0,0,0,no_volume,0,0,0,0,0,0,186532,175286,-0.0311,0,0,28,18,24,23,1
1775343966,23,76,0,0,0,0,no_volume,0,0,0,0,no_volume,0,0,0,0,no_volume,0,0,0,0,0,0,186532,175286,-0.0311,0,0,28,18,24,23,1
1775343967,23,76,0,0,0,0,no_volume,0,0,0,0,no_volume,0,0,0,0,no_volume,0,0,0,0,0,0,186532,175286,-0.0311,0,0,28,18,24,23,1
1775343968,23,76,0,0,0,0,no_volume,0,0,0,0,no_volume,0,0,0,0,no_volume,0,0,0,0,0,0,186532,175286,-0.0311,0,0,28,18,24,23,1
1775343969,23,76,0,0,0,0,no_volume,0,0,0,0,no_volume,0,0,0,0,no_volume,0,0,0,0,0,0,186532,175286,-0.0311,0,0,28,18,24,23,1
1775343970,23,76,0,0,0,0,no_volume,0,0,0,0,no_volume,0,0,0,0,no_volume,0,0,0,0,0,0,186532,175286,-0.0311,0,0,28,18,24,23,1
1775343971,23,76,0,0,0,0,no_volume,0,0,0,0,no_volume,0,0,0,0,no_volume,0,0,0,0,0,0,186532,175274,-0.0311,0,0,28,18,24,23,1
1775343972,23,76,0,0,0,0,no_volume,0,0,0,0,no_volume,0,0,0,0,no_volume,0,0,0,0,0,0,186535,175286,-0.0311,3,3,28,18,24,23,1
1775343973,23,76,0,0,0,0,no_volume,0,0,0,0,no_volume,0,0,0,0,no_volume,0,0,0,0,0,0,186535,175286,-0.0311,3,3,28,18,24,23,1
1775343974,23,76,0,0,0,0,no_volume,0,0,0,0,no_volume,0,0,0,0,no_volume,0,0,0,0,0,0,186535,175286,-0.0311,3,3,28,18,24,23,1
1775343975,23,76,0,0,0,0,no_volume,0,0,0,0,no_volume,0,0,0,0,no_volume,0,0,0,0,0,0,186535,175286,-0.0311,0,3,28,18,24,23,1
1775343976,23,76,0,0,0,0,no_volume,0,0,0,0,no_volume,0,0,0,0,no_volume,0,0,0,0,0,0,186535,175286,-0.0311,0,3,28,18,24,23,1
1775343977,23,76,0,0,0,0,no_volume,0,0,0,0,no_volume,0,0,0,0,no_volume,0,0,0,0,0,0,186535,175286,-0.0311,0,3,28,18,24,23,1
1775343978,23,76,0,0,0,0,no_volume,0,0,0,0,no_volume,0,0,0,0,no_volume,0,0,0,0,0,0,186535,175286,-0.0311,0,3,28,18,24,23,1
1775343979,23,76,0,0,0,0,no_volume,0,0,0,0,no_volume,0,0,0,0,no_volume,0,0,0,0,0,0,186535,175286,-0.0311,0,3,28,18,24,23,1
1775343980,23,76,0,0,0,0,no_volume,0,0,0,0,no_volume,0,0,0,0,no_volume,0,0,0,0,0,0,186535,175286,-0.0311,0,3,28,18,24,23,1
1775343981,23,76,0,0,0,0,no_volume,0,0,0,0,no_volume,0,0,0,0,no_volume,0,0,0,0,0,0,186535,175286,-0.0311,0,3,28,18,24,23,1
1775343982,23,76,0,0,0,0,no_volume,0,0,0,0,no_volume,0,0,0,0,no_volume,0,0,0,0,0,0,186535,175286,-0.0311,0,0,28,18,24,23,1
1775343983,23,76,0,0,0,0,no_volume,0,0,0,0,no_volume,0,0,0,0,no_volume,0,0,0,0,0,0,186535,175286,-0.0311,0,0,28,18,24,23,1
1775343984,23,76,0,0,0,0,no_volume,0,0,0,0,no_volume,0,0,0,0,no_volume,0,0,0,0,0,0,186535,175286,-0.0311,0,0,28,18,24,23,1
1775343985,23,76,0,0,0,0,no_volume,0,0,0,0,no_volume,0,0,0,0,no_volume,0,0,0,0,0,0,186535,175286,-0.0311,0,0,28,18,24,23,1
1775343986,23,76,0,0,0,0,no_volume,0,0,0,0,no_volume,0,0,0,0,no_volume,0,0,0,0,0,0,186535,175286,-0.0311,0,0,28,18,24,23,1
1775343987,23,76,0,0,0,0,no_volume,0,0,0,0,no_volume,0,0,0,0,no_volume,0,0,0,0,0,0,186535,175286,-0.0311,0,0,28,18,24,23,1
1775343988,23,76,0,0,0,0,no_volume,0,0,0,0,no_volume,0,0,0,0,no_volume,0,0,0,0,0,0,186535,175286,-0.0311,0,0,28,18,24,23,1
1775343989,23,76,0,0,0,0,no_volume,0,0,0,0,no_volume,0,0,0,0,no_volume,0,0,0,0,0,0,186535,175286,-0.0311,0,0,28,18,24,23,1
1775343990,23,76,0,0,0,0,no_volume,0,0,0,0,no_volume,0,0,0,0,no_volume,0,0,0,0,0,0,186535,175286,-0.0311,0,0,28,18,24,23,1
1775343991,23,76,0,0,0,0,no_volume,0,0,0,0,no_volume,0,0,0,0,no_volume,0,0,0,0,0,0,186535,175286,-0.0311,0,0,28,18,24,23,1
1775343992,23,76,0,0,0,0,no_volume,0,0,0,0,no_volume,0,0,0,0,no_volume,0,0,0,0,0,0,186535,175286,-0.0311,0,0,28,18,24,23,1
1775343993,23,76,0,0,0,0,no_volume,0,0,0,0,no_volume,0,0,0,0,no_volume,0,0,0,0,0,0,186535,175286,-0.0311,0,0,28,18,24,23,1
1775343994,23,76,0,0,0,0,no_volume,0,0,0,0,no_volume,0,0,0,0,no_volume,0,0,0,0,0,0,186535,175286,-0.0311,0,0,28,18,24,23,1
1775343995,23,76,0,0,0,0,no_volume,0,0,0,0,no_volume,0,0,0,0,no_volume,0,0,0,0,0,0,186535,175286,-0.0311,0,0,28,18,24,23,1
1775343996,23,76,0,0,0,0,no_volume,0,0,0,0,no_volume,0,0,0,0,no_volume,0,0,0,0,0,0,186535,175286,-0.0311,0,0,28,18,24,23,1
1775343997,23,76,0,0,0,0,no_volume,0,0,0,0,no_volume,0,0,0,0,no_volume,0,0,0,0,0,0,186535,175286,-0.0311,0,0,28,18,24,23,1
1775343998,23,76,0,0,0,0,no_volume,0,0,0,0,no_volume,0,0,0,0,no_volume,0,0,0,0,0,0,186535,175286,-0.0311,0,0,28,18,24,23,1
1775343999,23,76,0,0,0,0,no_volume,0,0,0,0,no_volume,0,0,0,0,no_volume,0,0,0,0,0,0,186535,175286,-0.0311,0,0,28,18,24,23,1
1775344000,23,76,0,0,0,0,no_volume,0,0,0,0,no_volume,0,0,0,0,no_volume,0,0,0,0,0,0,186535,175286,-0.0311,0,0,28,18,24,23,1
1775344001,23,76,0,0,0,0,no_volume,0,0,0,0,no_volume,0,0,0,0,no_volume,0,0,0,0,0,0,186535,175286,-0.0311,0,0,28,18,24,23,1
1775344002,23,76,0,0,0,0,no_volume,0,0,0,0,no_volume,0,0,0,0,no_volume,0,0,0,0,0,0,186535,175286,-0.0311,0,0,28,18,24,23,1
1775344003,23,76,0,0,0,0,no_volume,0,0,0,0,no_volume,0,0,0,0,no_volume,0,0,0,0,0,0,186535,175286,-0.0311,0,0,28,18,24,23,1
1775344004,23,76,0,0,0,0,no_volume,0,0,0,0,no_volume,0,0,0,0,no_volume,0,0,0,0,0,0,186535,175286,-0.0311,0,0,28,18,24,23,1
1775344005,23,76,0,0,0,0,no_volume,0,0,0,0,no_volume,0,0,0,0,no_volume,0,0,0,0,0,0,186535,175286,-0.0311,0,0,28,18,24,23,1
1775344006,23,76,0,0,0,0,no_volume,0,0,0,0,no_volume,0,0,0,0,no_volume,0,0,0,0,0,0,186535,175286,-0.0311,0,0,28,18,24,23,1
1775344007,23,76,0,0,0,0,no_volume,0,0,0,0,no_volume,0,0,0,0,no_volume,0,0,0,0,0,0,186535,175286,-0.0311,0,0,28,18,24,23,1
1775344008,23,76,0,0,0,0,no_volume,0,0,0,0,no_volume,0,0,0,0,no_volume,0,0,0,0,0,0,186535,175286,-0.0311,0,0,28,18,24,23,1
1775344009,23,76,0,0,0,0,no_volume,0,0,0,0,no_volume,0,0,0,0,no_volume,0,0,0,0,0,0,186537,175287,-0.0311,2,2,28,18,24,23,1
1775344010,23,76,0,0,0,0,no_volume,0,0,0,0,no_volume,0,0,0,0,no_volume,0,0,0,0,0,0,186537,175287,-0.0311,2,2,28,18,24,23,1
1775344011,23,76,0,0,0,0,no_volume,0,0,0,0,no_volume,0,0,0,0,no_volume,0,0,0,0,0,0,186537,175287,-0.0311,2,2,28,18,24,23,1
1775344012,23,76,0,0,0,0,no_volume,0,0,0,0,no_volume,0,0,0,0,no_volume,0,0,0,0,0,0,186537,175287,-0.0311,0,2,28,18,24,23,1
1775344013,23,76,0,0,0,0,no_volume,0,0,0,0,no_volume,0,0,0,0,no_volume,0,0,0,0,0,0,186537,175287,-0.0311,0,2,28,18,24,23,1
1775344014,23,76,0,0,0,0,no_volume,0,0,0,0,no_volume,0,0,0,0,no_volume,0,0,0,0,0,0,186537,175287,-0.0311,0,2,28,18,24,23,1
1775344015,23,76,0,0,0,0,no_volume,0,0,0,0,no_volume,0,0,0,0,no_volume,0,0,0,0,0,0,186537,175287,-0.0311,0,2,28,18,24,23,1
1775344016,23,76,0,0,0,0,no_volume,0,0,0,0,no_volume,0,0,0,0,no_volume,0,0,0,0,0,0,186537,175287,-0.0311,0,2,28,18,24,23,1
1775344017,23,76,0,0,0,0,no_volume,0,0,0,0,no_volume,0,0,0,0,no_volume,0,0,0,0,0,0,186537,175287,-0.0311,0,2,28,18,24,23,1
1775344018,23,76,0,0,0,0,no_volume,0,0,0,0,no_volume,0,0,0,0,no_volume,0,0,0,0,0,0,186537,175287,-0.0311,0,2,28,18,24,23,1
1775344019,23,76,0,0,0,0,no_volume,0,0,0,0,no_volume,0,0,0,0,no_volume,0,0,0,0,0,0,186537,175287,-0.0311,0,0,29,18,24,23,1
1775344020,23,76,0,0,0,0,no_volume,0,0,0,0,no_volume,0,0,0,0,no_volume,0,0,0,0,0,0,186537,175287,-0.0311,0,0,29,18,24,23,1
1775344021,23,76,0,0,0,0,no_volume,0,0,0,0,no_volume,0,0,0,0,no_volume,0,0,0,0,0,0,186537,175287,-0.0311,0,0,29,18,24,23,1
1775344022,23,76,0,0,0,0,no_volume,0,0,0,0,no_volume,0,0,0,0,no_volume,0,0,0,0,0,0,186537,175287,-0.0311,0,0,29,18,24,23,1
1775344023,23,76,0,0,0,0,no_volume,0,0,0,0,no_volume,0,0,0,0,no_volume,0,0,0,0,0,0,186537,175287,-0.0311,0,0,29,18,24,23,1
1775344024,23,76,0,0,0,0,no_volume,0,0,0,0,no_volume,0,0,0,0,no_volume,0,0,0,0,0,0,186537,175287,-0.0311,0,0,29,18,24,23,1
1775344025,23,76,0,0,0,0,no_volume,0,0,0,0,no_volume,0,0,0,0,no_volume,0,0,0,0,0,0,186537,175287,-0.0311,0,0,29,18,24,23,1
1775344026,23,76,0,0,0,0,no_volume,0,0,0,0,no_volume,0,0,0,0,no_volume,0,0,0,0,0,0,186537,175287,-0.0311,0,0,29,18,24,23,1
1775344027,23,76,0,0,0,0,no_volume,0,0,0,0,no_volume,0,0,0,0,no_volume,0,0,0,0,0,0,186537,175287,-0.0311,0,0,29,18,24,23,1
1775344028,23,76,0,0,0,0,no_volume,0,0,0,0,no_volume,0,0,0,0,no_volume,0,0,0,0,0,0,186537,175287,-0.0311,0,0,29,18,24,23,1
1775344029,23,76,0,0,0,0,no_volume,0,0,0,0,no_volume,0,0,0,0,no_volume,0,0,0,0,0,0,186537,175287,-0.0311,0,0,29,18,24,23,1
1775344030,23,76,0,0,0,0,no_volume,0,0,0,0,no_volume,0,0,0,0,no_volume,0,0,0,0,0,0,186537,175287,-0.0311,0,0,29,18,24,23,1
1775344031,23,76,0,0,0,0,no_volume,0,0,0,0,no_volume,0,0,0,0,no_volume,0,0,0,0,0,0,186537,175287,-0.0311,0,0,29,18,24,23,1
1775344032,23,76,0,0,0,0,no_volume,0,0,0,0,no_volume,0,0,0,0,no_volume,0,0,0,0,0,0,186537,175287,-0.0311,0,0,29,18,24,23,1
1775344033,23,76,0,0,0,0,no_volume,0,0,0,0,no_volume,0,0,0,0,no_volume,0,0,0,0,0,0,186537,175287,-0.0311,0,0,29,18,24,23,1
1775344034,23,76,0,0,0,0,no_volume,0,0,0,0,no_volume,0,0,0,0,no_volume,0,0,0,0,0,0,186537,175287,-0.0311,0,0,29,18,24,23,1
1775344035,23,76,0,0,0,0,no_volume,0,0,0,0,no_volume,0,0,0,0,no_volume,0,0,0,0,0,0,186537,175287,-0.0311,0,0,29,18,24,23,1
1775344036,23,76,0,0,0,0,no_volume,0,0,0,0,no_volume,0,0,0,0,no_volume,0,0,0,0,0,0,186537,175287,-0.0311,0,0,29,18,24,23,1
1775344037,23,76,0,0,0,0,no_volume,0,0,0,0,no_volume,0,0,0,0,no_volume,0,0,0,0,0,0,186537,175287,-0.0311,0,0,29,18,24,23,1
1775344038,23,76,0,0,0,0,no_volume,0,0,0,0,no_volume,0,0,0,0,no_volume,0,0,0,0,0,0,186537,175287,-0.0311,0,0,29,18,24,23,1
1775344039,23,76,0,0,0,0,no_volume,0,0,0,0,no_volume,0,0,0,0,no_volume,0,0,0,0,0,0,186537,176787,-0.0268,0,0,29,18,24,23,1
1775344040,23,76,0,0,0,0,no_volume,0,0,0,0,no_volume,0,0,0,0,no_volume,0,0,0,0,0,0,186537,175287,-0.0311,0,0,29,18,24,23,1
1775344041,23,76,0,0,0,0,no_volume,0,0,0,0,no_volume,0,0,0,0,no_volume,0,0,0,0,0,0,186537,175287,-0.0311,0,0,29,18,24,23,1
1775344042,23,76,0,0,0,0,no_volume,0,0,0,0,no_volume,0,0,0,0,no_volume,0,0,0,0,0,0,186537,175287,-0.0311,0,0,29,18,24,23,1
1775344043,23,76,0,0,0,0,no_volume,0,0,0,0,no_volume,0,0,0,0,no_volume,0,0,0,0,0,0,186537,175287,-0.0311,0,0,29,18,24,23,1
1775344044,23,76,0,0,0,0,no_volume,0,0,0,0,no_volume,0,0,0,0,no_volume,0,0,0,0,0,0,186537,175287,-0.0311,0,0,29,18,24,23,1
1775344045,23,76,0,0,0,0,no_volume,0,0,0,0,no_volume,0,0,0,0,no_volume,0,0,0,0,0,0,186537,175287,-0.0311,0,0,29,18,24,23,1
1775344046,23,76,0,0,0,0,no_volume,0,0,0,0,no_volume,0,0,0,0,no_volume,0,0,0,0,0,0,186537,175287,-0.0311,0,0,29,18,24,23,1
1775344047,23,76,0,0,0,0,no_volume,0,0,0,0,no_volume,0,0,0,0,no_volume,0,0,0,0,0,0,186537,175287,-0.0311,0,0,29,18,24,23,1
1775344048,23,76,0,0,0,0,no_volume,0,0,0,0,no_volume,0,0,0,0,no_volume,0,0,0,0,0,0,186537,175287,-0.0311,0,0,29,18,24,23,1
1775344049,23,76,0,0,0,0,no_volume,0,0,0,0,no_volume,0,0,0,0,no_volume,0,0,0,0,0,0,186537,175287,-0.0311,0,0,29,18,24,23,1
1775344050,23,76,0,0,0,0,no_volume,0,0,0,0,no_volume,0,0,0,0,no_volume,0,0,0,0,0,0,186537,175287,-0.0311,0,0,29,18,24,23,1
1775344051,23,76,0,0,0,0,no_volume,0,0,0,0,no_volume,0,0,0,0,no_volume,0,0,0,0,0,0,186537,175287,-0.0311,0,0,29,18,24,23,1
1775344052,23,76,0,0,0,0,no_volume,0,0,0,0,no_volume,0,0,0,0,no_volume,0,0,0,0,0,0,186537,175287,-0.0311,0,0,29,18,24,23,1
1775344053,23,76,0,0,0,0,no_volume,0,0,0,0,no_volume,0,0,0,0,no_volume,0,0,0,0,0,0,186537,175287,-0.0311,0,0,29,18,24,23,1
1775344054,23,76,0,0,0,0,no_volume,0,0,0,0,no_volume,0,0,0,0,no_volume,0,0,0,0,0,0,186537,175287,-0.0311,0,0,29,18,24,23,1
1775344055,23,76,0,0,0,0,no_volume,0,0,0,0,no_volume,0,0,0,0,no_volume,0,0,0,0,0,0,186537,175287,-0.0311,0,0,29,18,24,23,1
1775344056,23,76,0,0,0,0,no_volume,0,0,0,0,no_volume,0,0,0,0,no_volume,0,0,0,0,0,0,186537,175287,-0.0311,0,0,29,18,24,23,1
1775344057,23,76,0,0,0,0,no_volume,0,0,0,0,no_volume,0,0,0,0,no_volume,0,0,0,0,0,0,186537,175287,-0.0311,0,0,29,18,24,23,1
1775344058,23,76,0,0,0,0,no_volume,0,0,0,0,no_volume,0,0,0,0,no_volume,0,0,0,0,0,0,186537,175287,-0.0311,0,0,29,18,24,23,1
1775344059,23,76,0,0,0,0,no_volume,0,0,0,0,no_volume,0,0,0,0,no_volume,0,0,0,0,0,0,186537,175287,-0.0311,0,0,29,18,24,23,1
1775344060,23,76,0,0,0,0,no_volume,0,0,0,0,no_volume,0,0,0,0,no_volume,0,0,0,0,0,0,186537,175287,-0.0311,0,0,29,18,24,23,1
1775344061,23,76,0,0,0,0,no_volume,0,0,0,0,no_volume,0,0,0,0,no_volume,0,0,0,0,0,0,186537,175287,-0.0311,0,0,29,18,24,23,1
1775344062,23,76,0,0,0,0,no_volume,0,0,0,0,no_volume,0,0,0,0,no_volume,0,0,0,0,0,0,186537,175287,-0.0311,0,0,29,18,24,23,1
1775344063,23,76,0,0,0,0,no_volume,0,0,0,0,no_volume,0,0,0,0,no_volume,0,0,0,0,0,0,186537,175287,-0.0311,0,0,29,18,24,23,1
1775344064,23,76,0,0,0,0,no_volume,0,0,0,0,no_volume,0,0,0,0,no_volume,0,0,0,0,0,0,186537,175287,-0.0311,0,0,29,18,24,23,1
1775344065,23,76,0,0,0,0,no_volume,0,0,0,0,no_volume,0,0,0,0,no_volume,0,0,0,0,0,0,186537,175287,-0.0311,0,0,29,18,24,23,1
1775344066,23,76,0,0,0,0,no_volume,0,0,0,0,no_volume,0,0,0,0,no_volume,0,0,0,0,0,0,186537,175287,-0.0311,0,0,29,18,24,23,1
1775344067,23,76,0,0,0,0,no_volume,0,0,0,0,no_volume,0,0,0,0,no_volume,0,0,0,0,0,0,186537,175287,-0.0311,0,0,29,18,24,23,1
1775344068,23,76,0,0,0,0,no_volume,0,0,0,0,no_volume,0,0,0,0,no_volume,0,0,0,0,0,0,186537,175287,-0.0311,0,0,29,18,24,23,1
1775344069,23,76,0,0,0,0,no_volume,0,0,0,0,no_volume,0,0,0,0,no_volume,0,0,0,0,0,0,186537,175287,-0.0311,0,0,29,18,24,23,1
1775344070,23,76,0,0,0,0,no_volume,0,0,0,0,no_volume,0,0,0,0,no_volume,0,0,0,0,0,0,186537,175287,-0.0311,0,0,29,18,24,23,1
1775344071,23,76,0,0,0,0,no_volume,0,0,0,0,no_volume,0,0,0,0,no_volume,0,0,0,0,0,0,186537,175287,-0.0311,0,0,29,18,24,23,1
1775344072,23,76,0,0,0,0,no_volume,0,0,0,0,no_volume,0,0,0,0,no_volume,0,0,0,0,0,0,186537,175287,-0.0311,0,0,29,18,24,23,1
1775344073,23,76,0,0,0,0,no_volume,0,0,0,0,no_volume,0,0,0,0,no_volume,0,0,0,0,0,0,186537,174287,-0.034,0,0,29,18,24,23,1
1775344074,23,76,0,0,0,0,no_volume,0,0,0,0,no_volume,0,0,0,0,no_volume,0,0,0,0,0,0,186537,174287,-0.034,0,0,29,18,24,23,1
1775344075,23,76,0,0,0,0,no_volume,0,0,0,0,no_volume,0,0,0,0,no_volume,0,0,0,0,0,0,186537,174287,-0.034,0,0,29,18,24,23,1
1775344076,23,76,0,0,0,0,no_volume,0,0,0,0,no_volume,0,0,0,0,no_volume,0,0,0,0,0,0,186537,174287,-0.034,0,0,29,18,24,23,1
1775344077,23,76,0,0,0,0,no_volume,0,0,0,0,no_volume,0,0,0,0,no_volume,0,0,0,0,0,0,186537,174287,-0.034,0,0,29,18,24,23,1
1775344078,23,76,0,0,0,0,no_volume,0,0,0,0,no_volume,0,0,0,0,no_volume,0,0,0,0,0,0,186537,174287,-0.034,0,0,29,18,24,23,1
1775344079,23,76,0,0,0,0,no_volume,0,0,0,0,no_volume,0,0,0,0,no_volume,0,0,0,0,0,0,186537,174287,-0.034,0,0,29,18,24,23,1
1775344080,23,76,0,0,0,0,no_volume,0,0,0,0,no_volume,0,0,0,0,no_volume,0,0,0,0,0,0,186537,174287,-0.034,0,0,29,18,24,23,1
1775344081,23,76,0,0,0,0,no_volume,0,0,0,0,no_volume,0,0,0,0,no_volume,0,0,0,0,0,0,186537,174287,-0.034,0,0,29,18,24,23,1
1775344082,23,76,0,0,0,0,no_volume,0,0,0,0,no_volume,0,0,0,0,no_volume,0,0,0,0,0,0,186537,174287,-0.034,0,0,29,18,24,23,1
1775344083,23,76,0,0,0,0,no_volume,0,0,0,0,no_volume,0,0,0,0,no_volume,0,0,0,0,0,0,186537,174287,-0.034,0,0,29,18,24,23,1
1775344084,23,76,0,0,0,0,no_volume,0,0,0,0,no_volume,0,0,0,0,no_volume,0,0,0,0,0,0,186537,174287,-0.034,0,0,29,18,24,23,1
1775344085,23,76,0,0,0,0,no_volume,0,0,0,0,no_volume,0,0,0,0,no_volume,0,0,0,0,0,0,186537,174287,-0.034,0,0,29,18,24,23,1
1775344086,23,76,0,0,0,0,no_volume,0,0,0,0,no_volume,0,0,0,0,no_volume,0,0,0,0,0,0,186537,174287,-0.034,0,0,29,18,24,23,1
1775344087,23,76,0,0,0,0,no_volume,0,0,0,0,no_volume,0,0,0,0,no_volume,0,0,0,0,0,0,186537,174287,-0.034,0,0,29,18,24,23,1
1775344088,23,76,0,0,0,0,no_volume,0,0,0,0,no_volume,0,0,0,0,no_volume,0,0,0,0,0,0,186537,174287,-0.034,0,0,29,18,24,23,1
1775344089,23,76,0,0,0,0,no_volume,0,0,0,0,no_volume,0,0,0,0,no_volume,0,0,0,0,0,0,186537,174287,-0.034,0,0,29,18,24,23,1
1775344090,23,76,0,0,0,0,no_volume,0,0,0,0,no_volume,0,0,0,0,no_volume,0,0,0,0,0,0,186537,174287,-0.034,0,0,29,18,24,23,1
1775344091,23,76,0,0,0,0,no_volume,0,0,0,0,no_volume,0,0,0,0,no_volume,0,0,0,0,0,0,186537,174287,-0.034,0,0,29,18,24,23,1
1775344092,23,76,0,0,0,0,no_volume,0,0,0,0,no_volume,0,0,0,0,no_volume,0,0,0,0,0,0,186537,174287,-0.034,0,0,29,18,24,23,1
1775344093,23,76,0,0,0,0,no_volume,0,0,0,0,no_volume,0,0,0,0,no_volume,0,0,0,0,0,0,186537,174287,-0.034,0,0,29,18,24,23,1
1775344094,23,76,0,0,0,0,no_volume,0,0,0,0,no_volume,0,0,0,0,no_volume,0,0,0,0,0,0,186537,174287,-0.034,0,0,29,18,24,23,1
1775344095,23,76,0,0,0,0,no_volume,0,0,0,0,no_volume,0,0,0,0,no_volume,0,0,0,0,0,0,186537,174287,-0.034,0,0,29,18,24,23,1
1775344096,23,76,0,0,0,0,no_volume,0,0,0,0,no_volume,0,0,0,0,no_volume,0,0,0,0,0,0,186537,174287,-0.034,0,0,29,18,24,23,1
1775344097,23,76,0,0,0,0,no_volume,0,0,0,0,no_volume,0,0,0,0,no_volume,0,0,0,0,0,0,186537,174287,-0.034,0,0,29,18,24,23,1
1775344098,23,76,0,0,0,0,no_volume,0,0,0,0,no_volume,0,0,0,0,no_volume,0,0,0,0,0,0,186537,174287,-0.034,0,0,29,18,24,23,1
1775344099,23,76,0,0,0,0,no_volume,0,0,0,0,no_volume,0,0,0,0,no_volume,0,0,0,0,0,0,186537,174287,-0.034,0,0,29,18,24,23,1
1775344100,23,76,0,0,0,0,no_volume,0,0,0,0,no_volume,0,0,0,0,no_volume,0,0,0,0,0,0,186537,174287,-0.034,0,0,29,18,24,23,1
1775344101,23,76,0,0,0,0,no_volume,0,0,0,0,no_volume,0,0,0,0,no_volume,0,0,0,0,0,0,186537,174287,-0.034,0,0,29,18,24,23,1
1775344102,23,76,0,0,0,0,no_volume,0,0,0,0,no_volume,0,0,0,0,no_volume,0,0,0,0,0,0,186537,174287,-0.034,0,0,29,18,24,23,1
1775344103,23,76,0,0,0,0,no_volume,0,0,0,0,no_volume,0,0,0,0,no_volume,0,0,0,0,0,0,186537,174287,-0.034,0,0,29,18,24,23,1
1775344104,23,76,0,0,0,0,no_volume,0,0,0,0,no_volume,0,0,0,0,no_volume,0,0,0,0,0,0,186537,174287,-0.034,0,0,29,18,24,23,1
1775344105,23,76,0,0,0,0,no_volume,0,0,0,0,no_volume,0,0,0,0,no_volume,0,0,0,0,0,0,186537,174287,-0.034,0,0,29,18,24,23,1
1775344106,23,76,0,0,0,0,no_volume,0,0,0,0,no_volume,0,0,0,0,no_volume,0,0,0,0,0,0,186537,174287,-0.034,0,0,29,18,24,23,1
1775344107,23,76,0,0,0,0,no_volume,0,0,0,0,no_volume,0,0,0,0,no_volume,0,0,0,0,0,0,186537,174287,-0.034,0,0,29,18,24,23,1
1775344108,23,76,0,0,0,0,no_volume,0,0,0,0,no_volume,0,0,0,0,no_volume,0,0,0,0,0,0,186537,174287,-0.034,0,0,29,18,24,23,1
1775344109,23,76,0,0,0,0,no_volume,0,0,0,0,no_volume,0,0,0,0,no_volume,0,0,0,0,0,0,186537,174287,-0.034,0,0,29,18,24,23,1
1775344110,23,76,0,0,0,0,no_volume,0,0,0,0,no_volume,0,0,0,0,no_volume,0,0,0,0,0,0,186537,174287,-0.034,0,0,29,18,24,23,1
1775344111,23,76,0,0,0,0,no_volume,0,0,0,0,no_volume,0,0,0,0,no_volume,0,0,0,0,0,0,186537,174287,-0.034,0,0,29,18,24,23,1
1775344112,23,76,0,0,0,0,no_volume,0,0,0,0,no_volume,0,0,0,0,no_volume,0,0,0,0,0,0,186537,174287,-0.034,0,0,29,18,24,23,1
1775344113,23,76,0,0,0,0,no_volume,0,0,0,0,no_volume,0,0,0,0,no_volume,0,0,0,0,0,0,186537,174287,-0.034,0,0,29,18,24,23,1
1775344114,23,76,0,0,0,0,no_volume,0,0,0,0,no_volume,0,0,0,0,no_volume,0,0,0,0,0,0,186537,174287,-0.034,0,0,29,18,24,23,1
1775344115,23,76,0,0,0,0,no_volume,0,0,0,0,no_volume,0,0,0,0,no_volume,0,0,0,0,0,0,186537,174287,-0.034,0,0,29,18,24,23,1
1775344116,23,76,0,0,0,0,no_volume,0,0,0,0,no_volume,0,0,0,0,no_volume,0,0,0,0,0,0,186537,174287,-0.034,0,0,29,18,24,23,1
1775344117,23,76,0,0,0,0,no_volume,0,0,0,0,no_volume,0,0,0,0,no_volume,0,0,0,0,0,0,186537,175287,-0.0311,0,0,29,18,24,23,1
1775344118,23,76,0,0,0,0,no_volume,0,0,0,0,no_volume,0,0,0,0,no_volume,0,0,0,0,0,0,186537,175287,-0.0311,0,0,29,18,24,23,1
1775344119,23,76,0,0,0,0,no_volume,0,0,0,0,no_volume,0,0,0,0,no_volume,0,0,0,0,0,0,186537,174787,-0.0325,0,0,29,18,24,23,1
1775344120,23,76,0,0,0,0,no_volume,0,0,0,0,no_volume,0,0,0,0,no_volume,0,0,0,0,0,0,186537,174787,-0.0325,0,0,29,18,24,23,1
1775344121,23,76,0,0,0,0,no_volume,0,0,0,0,no_volume,0,0,0,0,no_volume,0,0,0,0,0,0,186537,174787,-0.0325,0,0,29,18,24,23,1
1775344122,23,76,0,0,0,0,no_volume,0,0,0,0,no_volume,0,0,0,0,no_volume,0,0,0,0,0,0,186537,174787,-0.0325,0,0,29,18,24,23,1
1775344123,23,76,0,0,0,0,no_volume,0,0,0,0,no_volume,0,0,0,0,no_volume,0,0,0,0,0,0,186537,174787,-0.0325,0,0,29,18,24,23,1
1775344124,23,76,0,0,0,0,no_volume,0,0,0,0,no_volume,0,0,0,0,no_volume,0,0,0,0,0,0,186537,174787,-0.0325,0,0,29,18,24,23,1
1775344125,23,76,0,0,0,0,no_volume,0,0,0,0,no_volume,0,0,0,0,no_volume,0,0,0,0,0,0,186537,174787,-0.0325,0,0,29,18,24,23,1
1775344126,23,76,0,0,0,0,no_volume,0,0,0,0,no_volume,0,0,0,0,no_volume,0,0,0,0,0,0,186537,174787,-0.0325,0,0,29,18,24,23,1
1775344127,23,76,0,0,0,0,no_volume,0,0,0,0,no_volume,0,0,0,0,no_volume,0,0,0,0,0,0,186537,174787,-0.0325,0,0,29,18,24,23,1
1775344128,23,76,0,0,0,0,no_volume,0,0,0,0,no_volume,0,0,0,0,no_volume,0,0,0,0,0,0,186537,174787,-0.0325,0,0,29,18,24,23,1
1775344129,23,76,0,0,0,0,no_volume,0,0,0,0,no_volume,0,0,0,0,no_volume,0,0,0,0,0,0,186537,174787,-0.0325,0,0,29,18,24,23,1
1775344130,23,76,0,0,0,0,no_volume,0,0,0,0,no_volume,0,0,0,0,no_volume,0,0,0,0,0,0,186537,174787,-0.0325,0,0,29,18,24,23,1
1775344131,23,76,0,0,0,0,no_volume,0,0,0,0,no_volume,0,0,0,0,no_volume,0,0,0,0,0,0,186537,174787,-0.0325,0,0,29,18,24,23,1
1775344132,23,76,0,0,0,0,no_volume,0,0,0,0,no_volume,0,0,0,0,no_volume,0,0,0,0,0,0,186537,174787,-0.0325,0,0,29,18,24,23,1
1775344133,23,76,0,0,0,0,no_volume,0,0,0,0,no_volume,0,0,0,0,no_volume,0,0,0,0,0,0,186537,174787,-0.0325,0,0,29,18,24,23,1
1775344134,23,76,0,0,0,0,no_volume,0,0,0,0,no_volume,0,0,0,0,no_volume,0,0,0,0,0,0,186537,174787,-0.0325,0,0,29,18,24,23,1
1775344135,23,76,0,0,0,0,no_volume,0,0,0,0,no_volume,0,0,0,0,no_volume,0,0,0,0,0,0,186537,174787,-0.0325,0,0,29,18,24,23,1
1775344136,23,76,0,0,0,0,no_volume,0,0,0,0,no_volume,0,0,0,0,no_volume,0,0,0,0,0,0,186537,174787,-0.0325,0,0,29,18,24,23,1
1775344137,23,76,0,0,0,0,no_volume,0,0,0,0,no_volume,0,0,0,0,no_volume,0,0,0,0,0,0,186535,174786,-0.0325,-2,-2,28,18,24,23,1
1775344138,23,76,0,0,0,0,no_volume,0,0,0,0,no_volume,0,0,0,0,no_volume,0,0,0,0,0,0,186535,174786,-0.0325,-2,-2,28,18,24,23,1
1775344139,23,76,0,0,0,0,no_volume,0,0,0,0,no_volume,0,0,0,0,no_volume,0,0,0,0,0,0,186535,174786,-0.0325,-2,-2,28,18,24,23,1
1775344140,23,76,0,0,0,0,no_volume,0,0,0,0,no_volume,0,0,0,0,no_volume,0,0,0,0,0,0,186535,174786,-0.0325,0,-2,28,18,24,23,1
1775344141,23,76,0,0,0,0,no_volume,0,0,0,0,no_volume,0,0,0,0,no_volume,0,0,0,0,0,0,186535,174786,-0.0325,0,-2,28,18,24,23,1
1775344142,23,76,0,0,0,0,no_volume,0,0,0,0,no_volume,0,0,0,0,no_volume,0,0,0,0,0,0,186535,174786,-0.0325,0,-2,28,18,24,23,1
1775344143,23,76,0,0,0,0,no_volume,0,0,0,0,no_volume,0,0,0,0,no_volume,0,0,0,0,0,0,186535,174786,-0.0325,0,-2,28,18,24,23,1
1775344144,23,76,0,0,0,0,no_volume,0,0,0,0,no_volume,0,0,0,0,no_volume,0,0,0,0,0,0,186535,174786,-0.0325,0,-2,28,18,24,23,1
1775344145,23,76,0,0,0,0,no_volume,0,0,0,0,no_volume,0,0,0,0,no_volume,0,0,0,0,0,0,186535,174786,-0.0325,0,-2,28,18,24,23,1
1775344146,23,76,0,0,0,0,no_volume,0,0,0,0,no_volume,0,0,0,0,no_volume,0,0,0,0,0,0,186535,174786,-0.0325,0,-2,28,18,24,23,1
1775344147,23,76,0,0,0,0,no_volume,0,0,0,0,no_volume,0,0,0,0,no_volume,0,0,0,0,0,0,186535,174786,-0.0325,0,0,28,18,24,23,1
1775344148,23,76,0,0,0,0,no_volume,0,0,0,0,no_volume,0,0,0,0,no_volume,0,0,0,0,0,0,186535,174786,-0.0325,0,0,28,18,24,23,1
1775344149,23,76,0,0,0,0,no_volume,0,0,0,0,no_volume,0,0,0,0,no_volume,0,0,0,0,0,0,186535,174786,-0.0325,0,0,28,18,24,23,1
1775344150,23,76,0,0,0,0,no_volume,0,0,0,0,no_volume,0,0,0,0,no_volume,0,0,0,0,0,0,186535,174786,-0.0325,0,0,28,18,24,23,1
1775344151,23,76,0,0,0,0,no_volume,0,0,0,0,no_volume,0,0,0,0,no_volume,0,0,0,0,0,0,186535,174786,-0.0325,0,0,28,18,24,23,1
1775344152,23,76,0,0,0,0,no_volume,0,0,0,0,no_volume,0,0,0,0,no_volume,0,0,0,0,0,0,186535,174786,-0.0325,0,0,28,18,24,23,1
1775344153,23,76,0,0,0,0,no_volume,0,0,0,0,no_volume,0,0,0,0,no_volume,0,0,0,0,0,0,186535,174786,-0.0325,0,0,28,18,24,23,1
1775344154,23,76,0,0,0,0,no_volume,0,0,0,0,no_volume,0,0,0,0,no_volume,0,0,0,0,0,0,186535,174786,-0.0325,0,0,28,18,24,23,1
1775344155,23,76,0,0,0,0,no_volume,0,0,0,0,no_volume,0,0,0,0,no_volume,0,0,0,0,0,0,186535,174786,-0.0325,0,0,28,18,24,23,1
1775344156,23,76,0,0,0,0,no_volume,0,0,0,0,no_volume,0,0,0,0,no_volume,0,0,0,0,0,0,186535,174786,-0.0325,0,0,28,18,24,23,1
1775344157,23,76,0,0,0,0,no_volume,0,0,0,0,no_volume,0,0,0,0,no_volume,0,0,0,0,0,0,186535,174786,-0.0325,0,0,28,18,24,23,1
1775344158,23,76,0,0,0,0,no_volume,0,0,0,0,no_volume,0,0,0,0,no_volume,0,0,0,0,0,0,186535,174786,-0.0325,0,0,28,18,24,23,1
1775344159,23,76,0,0,0,0,no_volume,0,0,0,0,no_volume,0,0,0,0,no_volume,0,0,0,0,0,0,186535,174786,-0.0325,0,0,28,18,24,23,1
1775344160,23,76,0,0,0,0,no_volume,0,0,0,0,no_volume,0,0,0,0,no_volume,0,0,0,0,0,0,186535,174786,-0.0325,0,0,28,18,24,23,1
1775344161,23,76,0,0,0,0,no_volume,0,0,0,0,no_volume,0,0,0,0,no_volume,0,0,0,0,0,0,186535,174786,-0.0325,0,0,28,18,24,23,1
1775344162,23,76,0,0,0,0,no_volume,0,0,0,0,no_volume,0,0,0,0,no_volume,0,0,0,0,0,0,186535,174786,-0.0325,0,0,28,18,24,23,1
1775344163,23,76,0,0,0,0,no_volume,0,0,0,0,no_volume,0,0,0,0,no_volume,0,0,0,0,0,0,186535,174786,-0.0325,0,0,28,18,24,23,1
1775344164,23,76,0,0,0,0,no_volume,0,0,0,0,no_volume,0,0,0,0,no_volume,0,0,0,0,0,0,186535,174786,-0.0325,0,0,28,18,24,23,1
1775344165,23,76,0,0,0,0,no_volume,0,0,0,0,no_volume,0,0,0,0,no_volume,0,0,0,0,0,0,186535,174786,-0.0325,0,0,28,18,24,23,1
1775344166,23,76,0,0,0,0,no_volume,0,0,0,0,no_volume,0,0,0,0,no_volume,0,0,0,0,0,0,186535,174786,-0.0325,0,0,28,18,24,23,1
1775344167,23,76,0,0,0,0,no_volume,0,0,0,0,no_volume,0,0,0,0,no_volume,0,0,0,0,0,0,186535,174786,-0.0325,0,0,28,18,24,23,1
1775344168,23,76,0,0,0,0,no_volume,0,0,0,0,no_volume,0,0,0,0,no_volume,0,0,0,0,0,0,186535,174786,-0.0325,0,0,28,18,24,23,1
1775344169,23,76,0,0,0,0,no_volume,0,0,0,0,no_volume,0,0,0,0,no_volume,0,0,0,0,0,0,186535,174786,-0.0325,0,0,28,18,24,23,1
1775344170,23,76,0,0,0,0,no_volume,0,0,0,0,no_volume,0,0,0,0,no_volume,0,0,0,0,0,0,186535,174786,-0.0325,0,0,28,18,24,23,1
1775344171,23,76,0,0,0,0,no_volume,0,0,0,0,no_volume,0,0,0,0,no_volume,0,0,0,0,0,0,186535,174786,-0.0325,0,0,28,18,24,23,1
1775344172,23,76,0,0,0,0,no_volume,0,0,0,0,no_volume,0,0,0,0,no_volume,0,0,0,0,0,0,186535,174786,-0.0325,0,0,28,18,24,23,1
1775344173,23,76,0,0,0,0,no_volume,0,0,0,0,no_volume,0,0,0,0,no_volume,0,0,0,0,0,0,186535,174786,-0.0325,0,0,28,18,24,23,1
1775344174,23,76,0,0,0,0,no_volume,0,0,0,0,no_volume,0,0,0,0,no_volume,0,0,0,0,0,0,186535,174786,-0.0325,0,0,28,18,24,23,1
1775344175,23,76,0,0,0,0,no_volume,0,0,0,0,no_volume,0,0,0,0,no_volume,0,0,0,0,0,0,186535,174786,-0.0325,0,0,28,18,24,23,1
1775344176,23,76,0,0,0,0,no_volume,0,0,0,0,no_volume,0,0,0,0,no_volume,0,0,0,0,0,0,186535,174786,-0.0325,0,0,28,18,24,23,1
1775344177,23,76,0,0,0,0,no_volume,0,0,0,0,no_volume,0,0,0,0,no_volume,0,0,0,0,0,0,186535,174786,-0.0325,0,0,28,18,24,23,1
1775344178,23,76,0,0,0,0,no_volume,0,0,0,0,no_volume,0,0,0,0,no_volume,0,0,0,0,0,0,186535,174786,-0.0325,0,0,28,18,24,23,1
1775344179,23,76,0,0,0,0,no_volume,0,0,0,0,no_volume,0,0,0,0,no_volume,0,0,0,0,0,0,186538,174783,-0.0325,3,3,28,18,24,23,1
1775344180,23,76,0,0,0,0,no_volume,0,0,0,0,no_volume,0,0,0,0,no_volume,0,0,0,0,0,0,186538,174783,-0.0325,3,3,28,18,24,23,1
1775344181,23,76,0,0,0,0,no_volume,0,0,0,0,no_volume,0,0,0,0,no_volume,0,0,0,0,0,0,186538,174783,-0.0325,3,3,28,18,24,23,1
1775344182,23,76,0,0,0,0,no_volume,0,0,0,0,no_volume,0,0,0,0,no_volume,0,0,0,0,0,0,186538,174783,-0.0325,0,3,28,18,24,23,1
1775344183,23,76,0,0,0,0,no_volume,0,0,0,0,no_volume,0,0,0,0,no_volume,0,0,0,0,0,0,186538,174783,-0.0325,0,3,28,18,24,23,1
1775344184,23,76,0,0,0,0,no_volume,0,0,0,0,no_volume,0,0,0,0,no_volume,0,0,0,0,0,0,186538,174783,-0.0325,0,3,28,18,24,23,1
1775344185,23,76,0,0,0,0,no_volume,0,0,0,0,no_volume,0,0,0,0,no_volume,0,0,0,0,0,0,186538,174783,-0.0325,0,3,28,18,24,23,1
1775344186,23,76,0,0,0,0,no_volume,0,0,0,0,no_volume,0,0,0,0,no_volume,0,0,0,0,0,0,186538,174783,-0.0325,0,3,28,18,24,23,1
1775344187,23,76,0,0,0,0,no_volume,0,0,0,0,no_volume,0,0,0,0,no_volume,0,0,0,0,0,0,186538,174783,-0.0325,0,3,28,18,24,23,1
1775344188,23,76,0,0,0,0,no_volume,0,0,0,0,no_volume,0,0,0,0,no_volume,0,0,0,0,0,0,186538,174783,-0.0325,0,3,28,18,24,23,1
1775344189,23,76,0,0,0,0,no_volume,0,0,0,0,no_volume,0,0,0,0,no_volume,0,0,0,0,0,0,186538,174783,-0.0325,0,0,28,18,24,23,1
1775344190,23,76,0,0,0,0,no_volume,0,0,0,0,no_volume,0,0,0,0,no_volume,0,0,0,0,0,0,186538,174783,-0.0325,0,0,28,18,24,23,1
1775344191,23,76,0,0,0,0,no_volume,0,0,0,0,no_volume,0,0,0,0,no_volume,0,0,0,0,0,0,186538,174783,-0.0325,0,0,28,18,24,23,1
1775344192,23,76,0,0,0,0,no_volume,0,0,0,0,no_volume,0,0,0,0,no_volume,0,0,0,0,0,0,186538,174783,-0.0325,0,0,28,18,24,23,1
1775344193,23,76,0,0,0,0,no_volume,0,0,0,0,no_volume,0,0,0,0,no_volume,0,0,0,0,0,0,186538,174783,-0.0325,0,0,28,18,24,23,1
1775344194,23,76,0,0,0,0,no_volume,0,0,0,0,no_volume,0,0,0,0,no_volume,0,0,0,0,0,0,186538,174783,-0.0325,0,0,28,18,24,23,1
1775344195,23,76,0,0,0,0,no_volume,0,0,0,0,no_volume,0,0,0,0,no_volume,0,0,0,0,0,0,186538,174783,-0.0325,0,0,28,18,24,23,1
1775344196,23,76,0,0,0,0,no_volume,0,0,0,0,no_volume,0,0,0,0,no_volume,0,0,0,0,0,0,186538,174783,-0.0325,0,0,28,18,24,23,1
1775344197,23,76,0,0,0,0,no_volume,0,0,0,0,no_volume,0,0,0,0,no_volume,0,0,0,0,0,0,186538,174783,-0.0325,0,0,28,18,24,23,1
1775344198,23,76,0,0,0,0,no_volume,0,0,0,0,no_volume,0,0,0,0,no_volume,0,0,0,0,0,0,186538,174783,-0.0325,0,0,28,18,24,23,1
1775344199,23,76,0,0,0,0,no_volume,0,0,0,0,no_volume,0,0,0,0,no_volume,0,0,0,0,0,0,186538,174783,-0.0325,0,0,28,18,24,23,1
1775344200,23,76,0,0,0,0,no_volume,0,0,0,0,no_volume,0,0,0,0,no_volume,0,0,0,0,0,0,186538,174783,-0.0325,0,0,28,18,24,23,1
1775344201,23,76,0,0,0,0,no_volume,0,0,0,0,no_volume,0,0,0,0,no_volume,0,0,0,0,0,0,186538,174783,-0.0325,0,0,28,18,24,23,1
1775344202,23,76,0,0,0,0,no_volume,0,0,0,0,no_volume,0,0,0,0,no_volume,0,0,0,0,0,0,186538,174783,-0.0325,0,0,28,18,24,23,1
1775344203,23,76,0,0,0,0,no_volume,0,0,0,0,no_volume,0,0,0,0,no_volume,0,0,0,0,0,0,186538,174783,-0.0325,0,0,28,18,24,23,1
1775344204,23,76,0,0,0,0,no_volume,0,0,0,0,no_volume,0,0,0,0,no_volume,0,0,0,0,0,0,186538,174783,-0.0325,0,0,28,18,24,23,1
1775344205,23,76,0,0,0,0,no_volume,0,0,0,0,no_volume,0,0,0,0,no_volume,0,0,0,0,0,0,186538,174783,-0.0325,0,0,28,18,24,23,1
1775344206,23,76,0,0,0,0,no_volume,0,0,0,0,no_volume,0,0,0,0,no_volume,0,0,0,0,0,0,186538,174783,-0.0325,0,0,28,18,24,23,1
1775344207,23,76,0,0,0,0,no_volume,0,0,0,0,no_volume,0,0,0,0,no_volume,0,0,0,0,0,0,186538,174783,-0.0325,0,0,28,18,24,23,1
1775344208,23,76,0,0,0,0,no_volume,0,0,0,0,no_volume,0,0,0,0,no_volume,0,0,0,0,0,0,186538,174783,-0.0325,0,0,28,18,24,23,1
1775344209,23,76,0,0,0,0,no_volume,0,0,0,0,no_volume,0,0,0,0,no_volume,0,0,0,0,0,0,186538,174783,-0.0325,0,0,28,18,24,23,1
1775344210,23,76,0,0,0,0,no_volume,0,0,0,0,no_volume,0,0,0,0,no_volume,0,0,0,0,0,0,186538,174783,-0.0325,0,0,28,18,24,23,1
1775344211,23,76,0,0,0,0,no_volume,0,0,0,0,no_volume,0,0,0,0,no_volume,0,0,0,0,0,0,186538,174783,-0.0325,0,0,28,18,24,23,1
1775344212,23,76,0,0,0,0,no_volume,0,0,0,0,no_volume,0,0,0,0,no_volume,0,0,0,0,0,0,186538,174783,-0.0325,0,0,28,18,24,23,1
1775344213,23,76,0,0,0,0,no_volume,0,0,0,0,no_volume,0,0,0,0,no_volume,0,0,0,0,0,0,186538,174783,-0.0325,0,0,28,18,24,23,1
1775344214,23,76,0,0,0,0,no_volume,0,0,0,0,no_volume,0,0,0,0,no_volume,0,0,0,0,0,0,186538,174783,-0.0325,0,0,28,18,24,23,1
1775344215,23,76,0,0,0,0,no_volume,0,0,0,0,no_volume,0,0,0,0,no_volume,0,0,0,0,0,0,186538,174783,-0.0325,0,0,28,18,24,23,1
1775344216,23,76,0,0,0,0,no_volume,0,0,0,0,no_volume,0,0,0,0,no_volume,0,0,0,0,0,0,186538,174783,-0.0325,0,0,28,18,24,23,1
1775344217,23,76,0,0,0,0,no_volume,0,0,0,0,no_volume,0,0,0,0,no_volume,0,0,0,0,0,0,186538,174783,-0.0325,0,0,28,18,24,23,1
1775344218,23,76,0,0,0,0,no_volume,0,0,0,0,no_volume,0,0,0,0,no_volume,0,0,0,0,0,0,186538,174783,-0.0325,0,0,28,18,24,23,1
1775344219,23,76,0,0,0,0,no_volume,0,0,0,0,no_volume,0,0,0,0,no_volume,0,0,0,0,0,0,186538,174783,-0.0325,0,0,28,18,24,23,1
1775344220,23,76,0,0,0,0,no_volume,0,0,0,0,no_volume,0,0,0,0,no_volume,0,0,0,0,0,0,186538,174783,-0.0325,0,0,28,18,24,23,1
1775344221,23,76,0,0,0,0,no_volume,0,0,0,0,no_volume,0,0,0,0,no_volume,0,0,0,0,0,0,186538,174783,-0.0325,0,0,28,18,24,23,1
1775344222,23,76,0,0,0,0,no_volume,0,0,0,0,no_volume,0,0,0,0,no_volume,0,0,0,0,0,0,186538,174783,-0.0325,0,0,28,18,24,23,1
1775344223,23,76,0,0,0,0,no_volume,0,0,0,0,no_volume,0,0,0,0,no_volume,0,0,0,0,0,0,186538,174783,-0.0325,0,0,28,18,24,23,1
1775344224,23,76,0,0,0,0,no_volume,0,0,0,0,no_volume,0,0,0,0,no_volume,0,0,0,0,0,0,186538,174783,-0.0325,0,0,28,18,24,23,1
1775344225,23,76,0,0,0,0,no_volume,0,0,0,0,no_volume,0,0,0,0,no_volume,0,0,0,0,0,0,186538,174783,-0.0325,0,0,28,18,24,23,1
1775344226,23,76,0,0,0,0,no_volume,0,0,0,0,no_volume,0,0,0,0,no_volume,0,0,0,0,0,0,186538,174783,-0.0325,0,0,28,18,24,23,1
1775344227,23,76,0,0,0,0,no_volume,0,0,0,0,no_volume,0,0,0,0,no_volume,0,0,0,0,0,0,186538,174783,-0.0325,0,0,28,18,24,23,1
1775344228,23,76,0,0,0,0,no_volume,0,0,0,0,no_volume,0,0,0,0,no_volume,0,0,0,0,0,0,186538,174783,-0.0325,0,0,28,18,24,23,1
1775344229,23,76,0,0,0,0,no_volume,0,0,0,0,no_volume,0,0,0,0,no_volume,0,0,0,0,0,0,186538,174783,-0.0325,0,0,28,18,24,23,1
1775344230,23,76,0,0,0,0,no_volume,0,0,0,0,no_volume,0,0,0,0,no_volume,0,0,0,0,0,0,186538,174783,-0.0325,0,0,28,18,24,23,1
1775344231,23,76,0,0,0,0,no_volume,0,0,0,0,no_volume,0,0,0,0,no_volume,0,0,0,0,0,0,186538,174783,-0.0325,0,0,28,18,24,23,1
1775344232,23,76,0,0,0,0,no_volume,0,0,0,0,no_volume,0,0,0,0,no_volume,0,0,0,0,0,0,186538,174783,-0.0325,0,0,28,18,24,23,1
1775344233,23,76,0,0,0,0,no_volume,0,0,0,0,no_volume,0,0,0,0,no_volume,0,0,0,0,0,0,186538,174783,-0.0325,0,0,28,18,24,23,1
1775344234,23,76,0,0,0,0,no_volume,0,0,0,0,no_volume,0,0,0,0,no_volume,0,0,0,0,0,0,186538,174783,-0.0325,0,0,28,18,24,23,1
1775344235,23,76,0,0,0,0,no_volume,0,0,0,0,no_volume,0,0,0,0,no_volume,0,0,0,0,0,0,186538,174783,-0.0325,0,0,28,18,24,23,1
1775344236,23,76,0,0,0,0,no_volume,0,0,0,0,no_volume,0,0,0,0,no_volume,0,0,0,0,0,0,186538,174783,-0.0325,0,0,28,18,24,23,1
1775344237,23,76,0,0,0,0,no_volume,0,0,0,0,no_volume,0,0,0,0,no_volume,0,0,0,0,0,0,186538,174783,-0.0325,0,0,28,18,24,23,1
1775344238,23,76,0,0,0,0,no_volume,0,0,0,0,no_volume,0,0,0,0,no_volume,0,0,0,0,0,0,186538,174783,-0.0325,0,0,28,18,24,23,1
1775344239,23,76,0,0,0,0,no_volume,0,0,0,0,no_volume,0,0,0,0,no_volume,0,0,0,0,0,0,186538,174783,-0.0325,0,0,28,18,24,23,1
1775344240,23,76,0,0,0,0,no_volume,0,0,0,0,no_volume,0,0,0,0,no_volume,0,0,0,0,0,0,186538,174783,-0.0325,0,0,28,18,24,23,1
1775344241,23,76,0,0,0,0,no_volume,0,0,0,0,no_volume,0,0,0,0,no_volume,0,0,0,0,0,0,186538,174783,-0.0325,0,0,28,18,24,23,1
1775344242,23,76,0,0,0,0,no_volume,0,0,0,0,no_volume,0,0,0,0,no_volume,0,0,0,0,0,0,186538,174783,-0.0325,0,0,28,18,24,23,1
1775344243,23,76,0,0,0,0,no_volume,0,0,0,0,no_volume,0,0,0,0,no_volume,0,0,0,0,0,0,186538,174783,-0.0325,0,0,28,18,24,23,1
1775344244,23,76,0,0,0,0,no_volume,0,0,0,0,no_volume,0,0,0,0,no_volume,0,0,0,0,0,0,186538,174783,-0.0325,0,0,28,18,24,23,1
1775344245,23,76,0,0,0,0,no_volume,0,0,0,0,no_volume,0,0,0,0,no_volume,0,0,0,0,0,0,186538,174783,-0.0325,0,0,28,18,24,23,1
1775344246,23,76,0,0,0,0,no_volume,0,0,0,0,no_volume,0,0,0,0,no_volume,0,0,0,0,0,0,186538,174783,-0.0325,0,0,28,18,24,23,1
1775344247,23,76,0,0,0,0,no_volume,0,0,0,0,no_volume,0,0,0,0,no_volume,0,0,0,0,0,0,186538,174783,-0.0325,0,0,28,18,24,23,1
1775344248,23,76,0,0,0,0,no_volume,0,0,0,0,no_volume,0,0,0,0,no_volume,0,0,0,0,0,0,186538,174783,-0.0325,0,0,28,18,24,23,1
1775344249,23,76,0,0,0,0,no_volume,0,0,0,0,no_volume,0,0,0,0,no_volume,0,0,0,0,0,0,186538,174783,-0.0325,0,0,28,18,24,23,1
1775344250,23,76,0,0,0,0,no_volume,0,0,0,0,no_volume,0,0,0,0,no_volume,0,0,0,0,0,0,186538,174783,-0.0325,0,0,28,18,24,23,1
1775344251,23,76,0,0,0,0,no_volume,0,0,0,0,no_volume,0,0,0,0,no_volume,0,0,0,0,0,0,186538,174783,-0.0325,0,0,28,18,24,23,1
1775344252,23,76,0,0,0,0,no_volume,0,0,0,0,no_volume,0,0,0,0,no_volume,0,0,0,0,0,0,186538,174783,-0.0325,0,0,28,18,24,23,1
1775344253,23,76,0,0,0,0,no_volume,0,0,0,0,no_volume,0,0,0,0,no_volume,0,0,0,0,0,0,186538,174783,-0.0325,0,0,28,18,24,23,1
1775344254,23,76,0,0,0,0,no_volume,0,0,0,0,no_volume,0,0,0,0,no_volume,0,0,0,0,0,0,186538,174783,-0.0325,0,0,28,18,24,23,1
1775344255,23,76,0,0,0,0,no_volume,0,0,0,0,no_volume,0,0,0,0,no_volume,0,0,0,0,0,0,186538,174783,-0.0325,0,0,28,18,24,23,1
1775344256,23,76,0,0,0,0,no_volume,0,0,0,0,no_volume,0,0,0,0,no_volume,0,0,0,0,0,0,186538,174783,-0.0325,0,0,28,18,24,23,1
1775344257,23,76,0,0,0,0,no_volume,0,0,0,0,no_volume,0,0,0,0,no_volume,0,0,0,0,0,0,186538,174783,-0.0325,0,0,28,18,24,23,1
1775344258,23,76,0,0,0,0,no_volume,0,0,0,0,no_volume,0,0,0,0,no_volume,0,0,0,0,0,0,186538,174783,-0.0325,0,0,28,18,24,23,1
1775344259,23,76,0,0,0,0,no_volume,0,0,0,0,no_volume,0,0,0,0,no_volume,0,0,0,0,0,0,186538,174783,-0.0325,0,0,28,18,24,23,1
1775344260,23,76,0,0,0,0,no_volume,0,0,0,0,no_volume,0,0,0,0,no_volume,0,0,0,0,0,0,186538,174783,-0.0325,0,0,28,18,24,23,1
1775344261,23,76,0,0,0,0,no_volume,0,0,0,0,no_volume,0,0,0,0,no_volume,0,0,0,0,0,0,186538,174783,-0.0325,0,0,28,18,24,23,1
1775344262,23,76,0,0,0,0,no_volume,0,0,0,0,no_volume,0,0,0,0,no_volume,0,0,0,0,0,0,186538,174783,-0.0325,0,0,28,18,24,23,1
1775344263,23,76,0,0,0,0,no_volume,0,0,0,0,no_volume,0,0,0,0,no_volume,0,0,0,0,0,0,186538,174783,-0.0325,0,0,28,18,24,23,1
1775344264,23,76,0,0,0,0,no_volume,0,0,0,0,no_volume,0,0,0,0,no_volume,0,0,0,0,0,0,186538,174783,-0.0325,0,0,28,18,24,23,1
1775344265,23,76,0,0,0,0,no_volume,0,0,0,0,no_volume,0,0,0,0,no_volume,0,0,0,0,0,0,186538,174783,-0.0325,0,0,28,18,24,23,1
1775344266,23,76,0,0,0,0,no_volume,0,0,0,0,no_volume,0,0,0,0,no_volume,0,0,0,0,0,0,186538,174783,-0.0325,0,0,28,18,24,23,1
1775344267,23,76,0,0,0,0,no_volume,0,0,0,0,no_volume,0,0,0,0,no_volume,0,0,0,0,0,0,186538,174783,-0.0325,0,0,28,18,24,23,1
1775344268,23,76,0,0,0,0,no_volume,0,0,0,0,no_volume,0,0,0,0,no_volume,0,0,0,0,0,0,186538,174783,-0.0325,0,0,28,18,24,23,1
1775344269,23,76,0,0,0,0,no_volume,0,0,0,0,no_volume,0,0,0,0,no_volume,0,0,0,0,0,0,186538,174783,-0.0325,0,0,28,18,24,23,1
1775344270,23,76,0,0,0,0,no_volume,0,0,0,0,no_volume,0,0,0,0,no_volume,0,0,0,0,0,0,186538,174783,-0.0325,0,0,28,18,24,23,1
1775344271,23,76,0,0,0,0,no_volume,0,0,0,0,no_volume,0,0,0,0,no_volume,0,0,0,0,0,0,186538,174783,-0.0325,0,0,28,18,24,23,1
1775344272,23,76,0,0,0,0,no_volume,0,0,0,0,no_volume,0,0,0,0,no_volume,0,0,0,0,0,0,186538,174783,-0.0325,0,0,28,18,24,23,1
1775344273,23,76,0,0,0,0,no_volume,0,0,0,0,no_volume,0,0,0,0,no_volume,0,0,0,0,0,0,186538,174783,-0.0325,0,0,28,18,24,23,1
1775344274,23,76,0,0,0,0,no_volume,0,0,0,0,no_volume,0,0,0,0,no_volume,0,0,0,0,0,0,186538,174783,-0.0325,0,0,28,18,24,23,1
1775344275,23,76,0,0,0,0,no_volume,0,0,0,0,no_volume,0,0,0,0,no_volume,0,0,0,0,0,0,186538,174783,-0.0325,0,0,28,18,24,23,1
1775344276,23,76,0,0,0,0,no_volume,0,0,0,0,no_volume,0,0,0,0,no_volume,0,0,0,0,0,0,186538,174783,-0.0325,0,0,28,18,24,23,1
1775344277,23,76,0,0,0,0,no_volume,0,0,0,0,no_volume,0,0,0,0,no_volume,0,0,0,0,0,0,186538,174783,-0.0325,0,0,28,18,24,23,1
1775344278,23,76,0,0,0,0,no_volume,0,0,0,0,no_volume,0,0,0,0,no_volume,0,0,0,0,0,0,186538,174783,-0.0325,0,0,28,18,24,23,1
1775344279,23,76,0,0,0,0,no_volume,0,0,0,0,no_volume,0,0,0,0,no_volume,0,0,0,0,0,0,186538,174783,-0.0325,0,0,28,18,24,23,1
1775344280,23,76,0,0,0,0,no_volume,0,0,0,0,no_volume,0,0,0,0,no_volume,0,0,0,0,0,0,186538,174783,-0.0325,0,0,28,18,24,23,1
1775344281,23,76,0,0,0,0,no_volume,0,0,0,0,no_volume,0,0,0,0,no_volume,0,0,0,0,0,0,186538,174783,-0.0325,0,0,28,18,24,23,1
1775344282,23,76,0,0,0,0,no_volume,0,0,0,0,no_volume,0,0,0,0,no_volume,0,0,0,0,0,0,186538,174783,-0.0325,0,0,28,18,24,23,1
1775344283,23,76,0,0,0,0,no_volume,0,0,0,0,no_volume,0,0,0,0,no_volume,0,0,0,0,0,0,186538,174783,-0.0325,0,0,28,18,24,23,1
1775344284,23,76,0,0,0,0,no_volume,0,0,0,0,no_volume,0,0,0,0,no_volume,0,0,0,0,0,0,186538,174783,-0.0325,0,0,28,18,24,23,1
1775344285,23,76,0,0,0,0,no_volume,0,0,0,0,no_volume,0,0,0,0,no_volume,0,0,0,0,0,0,186538,174783,-0.0325,0,0,28,18,24,23,1
1775344286,23,76,0,0,0,0,no_volume,0,0,0,0,no_volume,0,0,0,0,no_volume,0,0,0,0,0,0,186538,174783,-0.0325,0,0,28,18,24,23,1
1775344287,23,76,0,0,0,0,no_volume,0,0,0,0,no_volume,0,0,0,0,no_volume,0,0,0,0,0,0,186538,174783,-0.0325,0,0,28,18,24,23,1
1775344288,23,76,0,0,0,0,no_volume,0,0,0,0,no_volume,0,0,0,0,no_volume,0,0,0,0,0,0,186538,174783,-0.0325,0,0,28,18,24,23,1
1775344289,23,76,0,0,0,0,no_volume,0,0,0,0,no_volume,0,0,0,0,no_volume,0,0,0,0,0,0,186538,174783,-0.0325,0,0,28,18,24,23,1
1775344290,23,76,0,0,0,0,no_volume,0,0,0,0,no_volume,0,0,0,0,no_volume,0,0,0,0,0,0,186538,174783,-0.0325,0,0,28,18,24,23,1
1775344291,23,76,0,0,0,0,no_volume,0,0,0,0,no_volume,0,0,0,0,no_volume,0,0,0,0,0,0,186538,174783,-0.0325,0,0,28,18,24,23,1
1775344292,23,76,0,0,0,0,no_volume,0,0,0,0,no_volume,0,0,0,0,no_volume,0,0,0,0,0,0,186538,174783,-0.0325,0,0,28,18,24,23,1
1775344293,23,76,0,0,0,0,no_volume,0,0,0,0,no_volume,0,0,0,0,no_volume,0,0,0,0,0,0,186538,174783,-0.0325,0,0,28,18,24,23,1
1775344294,23,76,0,0,0,0,no_volume,0,0,0,0,no_volume,0,0,0,0,no_volume,0,0,0,0,0,0,186538,174783,-0.0325,0,0,28,18,24,23,1
1775344295,23,76,0,0,0,0,no_volume,0,0,0,0,no_volume,0,0,0,0,no_volume,0,0,0,0,0,0,186538,174783,-0.0325,0,0,28,18,24,23,1
1775344296,23,76,0,0,0,0,no_volume,0,0,0,0,no_volume,0,0,0,0,no_volume,0,0,0,0,0,0,186538,173783,-0.0354,0,0,28,18,24,23,1
1775344297,23,76,0,0,0,0,no_volume,0,0,0,0,no_volume,0,0,0,0,no_volume,0,0,0,0,0,0,186538,173283,-0.0368,0,0,28,18,24,23,1
1775344298,23,76,0,0,0,0,no_volume,0,0,0,0,no_volume,0,0,0,0,no_volume,0,0,0,0,0,0,186538,173283,-0.0368,0,0,28,18,24,23,1
1775344299,23,76,0,0,0,0,no_volume,0,0,0,0,no_volume,0,0,0,0,no_volume,0,0,0,0,0,0,186538,173283,-0.0368,0,0,28,18,24,23,1
1775344300,23,76,0,0,0,0,no_volume,0,0,0,0,no_volume,0,0,0,0,no_volume,0,0,0,0,0,0,186538,173283,-0.0368,0,0,28,18,24,23,1
1775344301,23,76,0,0,0,0,no_volume,0,0,0,0,no_volume,0,0,0,0,no_volume,0,0,0,0,0,0,186538,173283,-0.0368,0,0,28,18,24,23,1
1775344302,23,76,0,0,0,0,no_volume,0,0,0,0,no_volume,0,0,0,0,no_volume,0,0,0,0,0,0,186538,173283,-0.0368,0,0,28,18,24,23,1
1775344303,23,76,0,0,0,0,no_volume,0,0,0,0,no_volume,0,0,0,0,no_volume,0,0,0,0,0,0,186538,173283,-0.0368,0,0,28,18,24,23,1
1775344304,23,76,0,0,0,0,no_volume,0,0,0,0,no_volume,0,0,0,0,no_volume,0,0,0,0,0,0,186538,173283,-0.0368,0,0,28,18,24,23,1
1775344305,23,76,0,0,0,0,no_volume,0,0,0,0,no_volume,0,0,0,0,no_volume,0,0,0,0,0,0,186538,173283,-0.0368,0,0,28,18,24,23,1
1775344306,23,76,0,0,0,0,no_volume,0,0,0,0,no_volume,0,0,0,0,no_volume,0,0,0,0,0,0,186538,173283,-0.0368,0,0,28,18,24,23,1
1775344307,23,76,0,0,0,0,no_volume,0,0,0,0,no_volume,0,0,0,0,no_volume,0,0,0,0,0,0,186538,173283,-0.0368,0,0,28,18,24,23,1
1775344308,23,76,0,0,0,0,no_volume,0,0,0,0,no_volume,0,0,0,0,no_volume,0,0,0,0,0,0,186538,173283,-0.0368,0,0,28,18,24,23,1
1775344309,23,76,0,0,0,0,no_volume,0,0,0,0,no_volume,0,0,0,0,no_volume,0,0,0,0,0,0,186538,173283,-0.0368,0,0,28,18,24,23,1
1775344310,23,76,0,0,0,0,no_volume,0,0,0,0,no_volume,0,0,0,0,no_volume,0,0,0,0,0,0,186538,173283,-0.0368,0,0,28,18,24,23,1
1775344311,23,76,0,0,0,0,no_volume,0,0,0,0,no_volume,0,0,0,0,no_volume,0,0,0,0,0,0,186538,173283,-0.0368,0,0,28,18,24,23,1
1775344312,23,76,0,0,0,0,no_volume,0,0,0,0,no_volume,0,0,0,0,no_volume,0,0,0,0,0,0,186538,173283,-0.0368,0,0,28,18,24,23,1
1775344313,23,76,0,0,0,0,no_volume,0,0,0,0,no_volume,0,0,0,0,no_volume,0,0,0,0,0,0,186538,173283,-0.0368,0,0,28,18,24,23,1
1775344314,23,76,0,0,0,0,no_volume,0,0,0,0,no_volume,0,0,0,0,no_volume,0,0,0,0,0,0,186538,173283,-0.0368,0,0,28,18,24,23,1
1775344315,23,76,0,0,0,0,no_volume,0,0,0,0,no_volume,0,0,0,0,no_volume,0,0,0,0,0,0,186538,173283,-0.0368,0,0,28,18,24,23,1
1775344316,23,76,0,0,0,0,no_volume,0,0,0,0,no_volume,0,0,0,0,no_volume,0,0,0,0,0,0,186538,173283,-0.0368,0,0,28,18,24,23,1
1775344317,23,76,0,0,0,0,no_volume,0,0,0,0,no_volume,0,0,0,0,no_volume,0,0,0,0,0,0,186538,174283,-0.034,0,0,28,18,24,23,1
1775344318,23,76,0,0,0,0,no_volume,0,0,0,0,no_volume,0,0,0,0,no_volume,0,0,0,0,0,0,186538,174283,-0.034,0,0,28,18,24,23,1
1775344319,23,76,0,0,0,0,no_volume,0,0,0,0,no_volume,0,0,0,0,no_volume,0,0,0,0,0,0,186538,174283,-0.034,0,0,28,18,24,23,1
1775344320,23,76,0,0,0,0,no_volume,0,0,0,0,no_volume,0,0,0,0,no_volume,0,0,0,0,0,0,186538,174284,-0.034,0,0,28,18,24,23,1
1775344321,23,76,0,0,0,0,no_volume,0,0,0,0,no_volume,0,0,0,0,no_volume,0,0,0,0,0,0,186538,174284,-0.034,0,0,28,18,24,23,1
1775344322,23,76,0,0,0,0,no_volume,0,0,0,0,no_volume,0,0,0,0,no_volume,0,0,0,0,0,0,186538,174284,-0.034,0,0,28,18,24,23,1
1775344323,23,76,0,0,0,0,no_volume,0,0,0,0,no_volume,0,0,0,0,no_volume,0,0,0,0,0,0,186538,174284,-0.034,0,0,28,18,24,23,1
1775344324,23,76,0,0,0,0,no_volume,0,0,0,0,no_volume,0,0,0,0,no_volume,0,0,0,0,0,0,186538,174284,-0.034,0,0,28,18,24,23,1
1775344325,23,76,0,0,0,0,no_volume,0,0,0,0,no_volume,0,0,0,0,no_volume,0,0,0,0,0,0,186538,174284,-0.034,0,0,28,18,24,23,1
1775344326,23,76,0,0,0,0,no_volume,0,0,0,0,no_volume,0,0,0,0,no_volume,0,0,0,0,0,0,186538,174284,-0.034,0,0,28,18,24,23,1
1775344327,23,76,0,0,0,0,no_volume,0,0,0,0,no_volume,0,0,0,0,no_volume,0,0,0,0,0,0,186538,174284,-0.034,0,0,28,18,24,23,1
1775344328,23,76,0,0,0,0,no_volume,0,0,0,0,no_volume,0,0,0,0,no_volume,0,0,0,0,0,0,186538,174284,-0.034,0,0,28,18,24,23,1
1775344329,23,76,0,0,0,0,no_volume,0,0,0,0,no_volume,0,0,0,0,no_volume,0,0,0,0,0,0,186538,174284,-0.034,0,0,28,18,24,23,1
1775344330,23,76,0,0,0,0,no_volume,0,0,0,0,no_volume,0,0,0,0,no_volume,0,0,0,0,0,0,186538,174284,-0.034,0,0,28,18,24,23,1
1775344331,23,76,0,0,0,0,no_volume,0,0,0,0,no_volume,0,0,0,0,no_volume,0,0,0,0,0,0,186538,174284,-0.034,0,0,28,18,24,23,1
1775344332,23,76,0,0,0,0,no_volume,0,0,0,0,no_volume,0,0,0,0,no_volume,0,0,0,0,0,0,186538,174284,-0.034,0,0,28,18,24,23,1
1775344333,23,76,0,0,0,0,no_volume,0,0,0,0,no_volume,0,0,0,0,no_volume,0,0,0,0,0,0,186538,174284,-0.034,0,0,28,18,24,23,1
1775344334,23,76,0,0,0,0,no_volume,0,0,0,0,no_volume,0,0,0,0,no_volume,0,0,0,0,0,0,186538,174284,-0.034,0,0,28,18,24,23,1
1775344335,23,76,0,0,0,0,no_volume,0,0,0,0,no_volume,0,0,0,0,no_volume,0,0,0,0,0,0,186538,174284,-0.034,0,0,28,18,24,23,1
1775344336,23,76,0,0,0,0,no_volume,0,0,0,0,no_volume,0,0,0,0,no_volume,0,0,0,0,0,0,186538,174284,-0.034,0,0,28,18,24,23,1
1775344337,23,76,0,0,0,0,no_volume,0,0,0,0,no_volume,0,0,0,0,no_volume,0,0,0,0,0,0,186538,174284,-0.034,0,0,28,18,24,23,1
1775344338,23,76,0,0,0,0,no_volume,0,0,0,0,no_volume,0,0,0,0,no_volume,0,0,0,0,0,0,186538,174284,-0.034,0,0,28,18,24,23,1
1775344339,23,76,0,0,0,0,no_volume,0,0,0,0,no_volume,0,0,0,0,no_volume,0,0,0,0,0,0,186538,174284,-0.034,0,0,28,18,24,23,1
1775344340,23,76,0,0,0,0,no_volume,0,0,0,0,no_volume,0,0,0,0,no_volume,0,0,0,0,0,0,186538,174284,-0.034,0,0,28,18,24,23,1
1775344341,23,76,0,0,0,0,no_volume,0,0,0,0,no_volume,0,0,0,0,no_volume,0,0,0,0,0,0,186538,174284,-0.034,0,0,28,18,24,23,1
1775344342,23,76,0,0,0,0,no_volume,0,0,0,0,no_volume,0,0,0,0,no_volume,0,0,0,0,0,0,186538,174284,-0.034,0,0,28,18,24,23,1
1775344343,23,76,0,0,0,0,no_volume,0,0,0,0,no_volume,0,0,0,0,no_volume,0,0,0,0,0,0,186538,174284,-0.034,0,0,28,18,24,23,1
1775344344,23,76,0,0,0,0,no_volume,0,0,0,0,no_volume,0,0,0,0,no_volume,0,0,0,0,0,0,186538,174284,-0.034,0,0,28,18,24,23,1
1775344345,23,76,0,0,0,0,no_volume,0,0,0,0,no_volume,0,0,0,0,no_volume,0,0,0,0,0,0,186538,174284,-0.034,0,0,28,18,24,23,1
1775344346,23,76,0,0,0,0,no_volume,0,0,0,0,no_volume,0,0,0,0,no_volume,0,0,0,0,0,0,186538,174284,-0.034,0,0,28,18,24,23,1
1775344347,23,76,0,0,0,0,no_volume,0,0,0,0,no_volume,0,0,0,0,no_volume,0,0,0,0,0,0,186538,174284,-0.034,0,0,28,18,24,23,1
1775344348,23,76,0,0,0,0,no_volume,0,0,0,0,no_volume,0,0,0,0,no_volume,0,0,0,0,0,0,186538,174284,-0.034,0,0,28,18,24,23,1
1775344349,23,76,0,0,0,0,no_volume,0,0,0,0,no_volume,0,0,0,0,no_volume,0,0,0,0,0,0,186538,174284,-0.034,0,0,28,18,24,23,1
1775344350,23,76,0,0,0,0,no_volume,0,0,0,0,no_volume,0,0,0,0,no_volume,0,0,0,0,0,0,186538,174284,-0.034,0,0,28,18,24,23,1
1775344351,23,76,0,0,0,0,no_volume,0,0,0,0,no_volume,0,0,0,0,no_volume,0,0,0,0,0,0,186538,174284,-0.034,0,0,28,18,24,23,1
1775344352,23,76,0,0,0,0,no_volume,0,0,0,0,no_volume,0,0,0,0,no_volume,0,0,0,0,0,0,186538,174284,-0.034,0,0,28,18,24,23,1
1775344353,23,76,0,0,0,0,no_volume,0,0,0,0,no_volume,0,0,0,0,no_volume,0,0,0,0,0,0,186538,174284,-0.034,0,0,28,18,24,23,1
1775344354,23,76,0,0,0,0,no_volume,0,0,0,0,no_volume,0,0,0,0,no_volume,0,0,0,0,0,0,186538,174284,-0.034,0,0,28,18,24,23,1
1775344355,23,76,0,0,0,0,no_volume,0,0,0,0,no_volume,0,0,0,0,no_volume,0,0,0,0,0,0,186538,174284,-0.034,0,0,28,18,24,23,1
1775344356,23,76,0,0,0,0,no_volume,0,0,0,0,no_volume,0,0,0,0,no_volume,0,0,0,0,0,0,186538,174284,-0.034,0,0,28,18,24,23,1
1775344357,23,76,0,0,0,0,no_volume,0,0,0,0,no_volume,0,0,0,0,no_volume,0,0,0,0,0,0,186538,174284,-0.034,0,0,28,18,24,23,1
1775344358,23,76,0,0,0,0,no_volume,0,0,0,0,no_volume,0,0,0,0,no_volume,0,0,0,0,0,0,186538,174284,-0.034,0,0,28,18,24,23,1
1775344359,23,76,0,0,0,0,no_volume,0,0,0,0,no_volume,0,0,0,0,no_volume,0,0,0,0,0,0,186538,174284,-0.034,0,0,28,18,24,23,1
1775344360,23,76,0,0,0,0,no_volume,0,0,0,0,no_volume,0,0,0,0,no_volume,0,0,0,0,0,0,186538,174284,-0.034,0,0,28,18,24,23,1
1775344361,23,76,0,0,0,0,no_volume,0,0,0,0,no_volume,0,0,0,0,no_volume,0,0,0,0,0,0,186538,174284,-0.034,0,0,28,18,24,23,1
1775344362,23,76,0,0,0,0,no_volume,0,0,0,0,no_volume,0,0,0,0,no_volume,0,0,0,0,0,0,186538,174284,-0.034,0,0,28,18,24,23,1
1775344363,23,76,0,0,0,0,no_volume,0,0,0,0,no_volume,0,0,0,0,no_volume,0,0,0,0,0,0,186538,174284,-0.034,0,0,28,18,24,23,1
1775344364,23,76,0,0,0,0,no_volume,0,0,0,0,no_volume,0,0,0,0,no_volume,0,0,0,0,0,0,186538,174284,-0.034,0,0,28,18,24,23,1
1775344365,23,76,0,0,0,0,no_volume,0,0,0,0,no_volume,0,0,0,0,no_volume,0,0,0,0,0,0,186538,174284,-0.034,0,0,28,18,24,23,1
1775344366,23,76,0,0,0,0,no_volume,0,0,0,0,no_volume,0,0,0,0,no_volume,0,0,0,0,0,0,186538,174284,-0.034,0,0,28,18,24,23,1
1775344367,23,76,0,0,0,0,no_volume,0,0,0,0,no_volume,0,0,0,0,no_volume,0,0,0,0,0,0,186538,174284,-0.034,0,0,28,18,24,23,1
1775344368,23,76,0,0,0,0,no_volume,0,0,0,0,no_volume,0,0,0,0,no_volume,0,0,0,0,0,0,186538,174284,-0.034,0,0,28,18,24,23,1
1775344369,23,76,0,0,0,0,no_volume,0,0,0,0,no_volume,0,0,0,0,no_volume,0,0,0,0,0,0,186538,174284,-0.034,0,0,28,18,24,23,1
1775344370,23,76,0,0,0,0,no_volume,0,0,0,0,no_volume,0,0,0,0,no_volume,0,0,0,0,0,0,186538,174284,-0.034,0,0,28,18,24,23,1
1775344371,23,76,0,0,0,0,no_volume,0,0,0,0,no_volume,0,0,0,0,no_volume,0,0,0,0,0,0,186538,174284,-0.034,0,0,28,18,24,23,1
1775344372,23,76,0,0,0,0,no_volume,0,0,0,0,no_volume,0,0,0,0,no_volume,0,0,0,0,0,0,186538,174284,-0.034,0,0,28,18,24,23,1
1775344373,23,76,0,0,0,0,no_volume,0,0,0,0,no_volume,0,0,0,0,no_volume,0,0,0,0,0,0,186538,174284,-0.034,0,0,28,18,24,23,1
1775344374,23,76,0,0,0,0,no_volume,0,0,0,0,no_volume,0,0,0,0,no_volume,0,0,0,0,0,0,186538,174284,-0.034,0,0,28,18,24,23,1
1775344375,23,76,0,0,0,0,no_volume,0,0,0,0,no_volume,0,0,0,0,no_volume,0,0,0,0,0,0,186538,174284,-0.034,0,0,28,18,24,23,1
1775344376,23,76,0,0,0,0,no_volume,0,0,0,0,no_volume,0,0,0,0,no_volume,0,0,0,0,0,0,186538,174284,-0.034,0,0,28,18,24,23,1
1775344377,23,76,0,0,0,0,no_volume,0,0,0,0,no_volume,0,0,0,0,no_volume,0,0,0,0,0,0,186538,174284,-0.034,0,0,28,18,24,23,1
1775344378,23,76,0,0,0,0,no_volume,0,0,0,0,no_volume,0,0,0,0,no_volume,0,0,0,0,0,0,186538,174284,-0.034,0,0,28,18,24,23,1
1775344379,23,76,0,0,0,0,no_volume,0,0,0,0,no_volume,0,0,0,0,no_volume,0,0,0,0,0,0,186538,174284,-0.034,0,0,28,18,24,23,1
1775344380,23,76,0,0,0,0,no_volume,0,0,0,0,no_volume,0,0,0,0,no_volume,0,0,0,0,0,0,186538,174284,-0.034,0,0,28,18,24,23,1
1775344381,23,76,0,0,0,0,no_volume,0,0,0,0,no_volume,0,0,0,0,no_volume,0,0,0,0,0,0,186538,174284,-0.034,0,0,28,18,24,23,1
1775344382,23,76,0,0,0,0,no_volume,0,0,0,0,no_volume,0,0,0,0,no_volume,0,0,0,0,0,0,186538,174284,-0.034,0,0,28,18,24,23,1
1775344383,23,76,0,0,0,0,no_volume,0,0,0,0,no_volume,0,0,0,0,no_volume,0,0,0,0,0,0,186538,174284,-0.034,0,0,28,18,24,23,1
1775344384,23,76,0,0,0,0,no_volume,0,0,0,0,no_volume,0,0,0,0,no_volume,0,0,0,0,0,0,186538,174284,-0.034,0,0,28,18,24,23,1
1775344385,23,76,0,0,0,0,no_volume,0,0,0,0,no_volume,0,0,0,0,no_volume,0,0,0,0,0,0,186538,174284,-0.034,0,0,28,18,24,23,1
1775344386,23,76,0,0,0,0,no_volume,0,0,0,0,no_volume,0,0,0,0,no_volume,0,0,0,0,0,0,186538,174284,-0.034,0,0,28,18,24,23,1
1775344387,23,76,0,0,0,0,no_volume,0,0,0,0,no_volume,0,0,0,0,no_volume,0,0,0,0,0,0,186538,174284,-0.034,0,0,28,18,24,23,1
1775344388,23,76,0,0,0,0,no_volume,0,0,0,0,no_volume,0,0,0,0,no_volume,0,0,0,0,0,0,186538,174284,-0.034,0,0,28,18,24,23,1
1775344389,23,76,0,0,0,0,no_volume,0,0,0,0,no_volume,0,0,0,0,no_volume,0,0,0,0,0,0,186538,174284,-0.034,0,0,28,18,24,23,1
1775344390,23,76,0,0,0,0,no_volume,0,0,0,0,no_volume,0,0,0,0,no_volume,0,0,0,0,0,0,186538,174284,-0.034,0,0,28,18,24,23,1
1775344391,23,76,0,0,0,0,no_volume,0,0,0,0,no_volume,0,0,0,0,no_volume,0,0,0,0,0,0,186538,174284,-0.034,0,0,28,18,24,23,1
1775344392,23,76,0,0,0,0,no_volume,0,0,0,0,no_volume,0,0,0,0,no_volume,0,0,0,0,0,0,186538,174284,-0.034,0,0,28,18,24,23,1
1775344393,23,76,0,0,0,0,no_volume,0,0,0,0,no_volume,0,0,0,0,no_volume,0,0,0,0,0,0,186538,174284,-0.034,0,0,28,18,24,23,1
1775344394,23,76,0,0,0,0,no_volume,0,0,0,0,no_volume,0,0,0,0,no_volume,0,0,0,0,0,0,186538,174284,-0.034,0,0,28,18,24,23,1
1775344395,23,76,0,0,0,0,no_volume,0,0,0,0,no_volume,0,0,0,0,no_volume,0,0,0,0,0,0,186538,174284,-0.034,0,0,28,18,24,23,1
1775344396,23,76,0,0,0,0,no_volume,0,0,0,0,no_volume,0,0,0,0,no_volume,0,0,0,0,0,0,186538,174284,-0.034,0,0,28,18,24,23,1
1775344397,23,76,0,0,0,0,no_volume,0,0,0,0,no_volume,0,0,0,0,no_volume,0,0,0,0,0,0,186538,174284,-0.034,0,0,28,18,24,23,1
1775344398,23,76,0,0,0,0,no_volume,0,0,0,0,no_volume,0,0,0,0,no_volume,0,0,0,0,0,0,186538,174284,-0.034,0,0,28,18,24,23,1
1775344399,23,76,0,0,0,0,no_volume,0,0,0,0,no_volume,0,0,0,0,no_volume,0,0,0,0,0,0,186538,174284,-0.034,0,0,28,18,24,23,1
1775344400,23,76,0,0,0,0,no_volume,0,0,0,0,no_volume,0,0,0,0,no_volume,0,0,0,0,0,0,186538,174284,-0.034,0,0,28,18,24,23,1
1775344401,23,76,0,0,0,0,no_volume,0,0,0,0,no_volume,0,0,0,0,no_volume,0,0,0,0,0,0,186538,174284,-0.034,0,0,28,18,24,23,1
1775344402,23,76,0,0,0,0,no_volume,0,0,0,0,no_volume,0,0,0,0,no_volume,0,0,0,0,0,0,186538,174284,-0.034,0,0,28,18,24,23,1
1775344403,23,76,0,0,0,0,no_volume,0,0,0,0,no_volume,0,0,0,0,no_volume,0,0,0,0,0,0,186538,174284,-0.034,0,0,28,18,24,23,1
1775344404,23,76,0,0,0,0,no_volume,0,0,0,0,no_volume,0,0,0,0,no_volume,0,0,0,0,0,0,186538,174284,-0.034,0,0,28,18,24,23,1
1775344405,23,76,0,0,0,0,no_volume,0,0,0,0,no_volume,0,0,0,0,no_volume,0,0,0,0,0,0,186538,174284,-0.034,0,0,28,18,24,23,1
1775344406,23,76,0,0,0,0,no_volume,0,0,0,0,no_volume,0,0,0,0,no_volume,0,0,0,0,0,0,186538,174284,-0.034,0,0,28,18,24,23,1
1775344407,23,76,0,0,0,0,no_volume,0,0,0,0,no_volume,0,0,0,0,no_volume,0,0,0,0,0,0,186538,174284,-0.034,0,0,28,18,24,23,1
1775344408,23,76,0,0,0,0,no_volume,0,0,0,0,no_volume,0,0,0,0,no_volume,0,0,0,0,0,0,186538,174284,-0.034,0,0,28,18,24,23,1
1775344409,23,76,0,0,0,0,no_volume,0,0,0,0,no_volume,0,0,0,0,no_volume,0,0,0,0,0,0,186538,174284,-0.034,0,0,28,18,24,23,1
1775344410,23,76,0,0,0,0,no_volume,0,0,0,0,no_volume,0,0,0,0,no_volume,0,0,0,0,0,0,186538,174284,-0.034,0,0,28,18,24,23,1
1775344411,23,76,0,0,0,0,no_volume,0,0,0,0,no_volume,0,0,0,0,no_volume,0,0,0,0,0,0,186538,174284,-0.034,0,0,28,18,24,23,1
1775344412,23,76,0,0,0,0,no_volume,0,0,0,0,no_volume,0,0,0,0,no_volume,0,0,0,0,0,0,186538,174284,-0.034,0,0,28,18,24,23,1
1775344413,23,76,0,0,0,0,no_volume,0,0,0,0,no_volume,0,0,0,0,no_volume,0,0,0,0,0,0,186538,174284,-0.034,0,0,28,18,24,23,1
1775344414,23,76,0,0,0,0,no_volume,0,0,0,0,no_volume,0,0,0,0,no_volume,0,0,0,0,0,0,186538,174284,-0.034,0,0,28,18,24,23,1
1775344415,23,76,0,0,0,0,no_volume,0,0,0,0,no_volume,0,0,0,0,no_volume,0,0,0,0,0,0,186538,174284,-0.034,0,0,28,18,24,23,1
1775344416,23,76,0,0,0,0,no_volume,0,0,0,0,no_volume,0,0,0,0,no_volume,0,0,0,0,0,0,186538,174284,-0.034,0,0,28,18,24,23,1
1775344417,23,76,0,0,0,0,no_volume,0,0,0,0,no_volume,0,0,0,0,no_volume,0,0,0,0,0,0,186538,174284,-0.034,0,0,28,18,24,23,1
1775344418,23,76,0,0,0,0,no_volume,0,0,0,0,no_volume,0,0,0,0,no_volume,0,0,0,0,0,0,186538,174284,-0.034,0,0,28,18,24,23,1
1775344419,23,76,0,0,0,0,no_volume,0,0,0,0,no_volume,0,0,0,0,no_volume,0,0,0,0,0,0,186538,174284,-0.034,0,0,28,18,24,23,1
1775344420,23,76,0,0,0,0,no_volume,0,0,0,0,no_volume,0,0,0,0,no_volume,0,0,0,0,0,0,186538,174284,-0.034,0,0,28,18,24,23,1
1775344421,23,76,0,0,0,0,no_volume,0,0,0,0,no_volume,0,0,0,0,no_volume,0,0,0,0,0,0,186538,174284,-0.034,0,0,28,18,24,23,1
1775344422,23,76,0,0,0,0,no_volume,0,0,0,0,no_volume,0,0,0,0,no_volume,0,0,0,0,0,0,186538,174284,-0.034,0,0,28,18,24,23,1
1775344423,23,76,0,0,0,0,no_volume,0,0,0,0,no_volume,0,0,0,0,no_volume,0,0,0,0,0,0,186538,174284,-0.034,0,0,28,18,24,23,1
1775344424,23,76,0,0,0,0,no_volume,0,0,0,0,no_volume,0,0,0,0,no_volume,0,0,0,0,0,0,186538,174284,-0.034,0,0,28,18,24,23,1
1775344425,23,76,0,0,0,0,no_volume,0,0,0,0,no_volume,0,0,0,0,no_volume,0,0,0,0,0,0,186538,174284,-0.034,0,0,28,18,24,23,1
1775344426,23,76,0,0,0,0,no_volume,0,0,0,0,no_volume,0,0,0,0,no_volume,0,0,0,0,0,0,186538,174284,-0.034,0,0,28,18,24,23,1
1775344427,23,76,0,0,0,0,no_volume,0,0,0,0,no_volume,0,0,0,0,no_volume,0,0,0,0,0,0,186543,174289,-0.034,5,5,28,18,24,23,1
1775344428,23,76,0,0,0,0,no_volume,0,0,0,0,no_volume,0,0,0,0,no_volume,0,0,0,0,0,0,186545,174289,-0.034,7,7,28,18,24,23,1
1775344429,23,76,0,0,0,0,no_volume,0,0,0,0,no_volume,0,0,0,0,no_volume,0,0,0,0,0,0,186545,174289,-0.034,7,7,28,18,24,23,1
1775344430,23,76,0,0,0,0,no_volume,0,0,0,0,no_volume,0,0,0,0,no_volume,0,0,0,0,0,0,186545,174289,-0.034,2,7,28,18,24,23,1
1775344431,23,76,0,0,0,0,no_volume,0,0,0,0,no_volume,0,0,0,0,no_volume,0,0,0,0,0,0,186545,174289,-0.034,0,7,29,18,24,23,1
1775344432,23,76,0,0,0,0,no_volume,0,0,0,0,no_volume,0,0,0,0,no_volume,0,0,0,0,0,0,186545,174289,-0.034,0,7,29,18,24,23,1
1775344433,23,76,0,0,0,0,no_volume,0,0,0,0,no_volume,0,0,0,0,no_volume,0,0,0,0,0,0,186543,174288,-0.034,-2,5,28,18,24,23,1
1775344434,23,76,0,0,0,0,no_volume,0,0,0,0,no_volume,0,0,0,0,no_volume,0,0,0,0,0,0,186543,174288,-0.034,-2,5,28,18,24,23,1
1775344435,23,76,0,0,0,0,no_volume,0,0,0,0,no_volume,0,0,0,0,no_volume,0,0,0,0,0,0,186543,174288,-0.034,-2,5,28,18,24,23,1
1775344436,23,76,0,0,0,0,no_volume,0,0,0,0,no_volume,0,0,0,0,no_volume,0,0,0,0,0,0,186543,174288,-0.034,0,5,28,18,24,23,1
1775344437,23,76,0,0,0,0,no_volume,0,0,0,0,no_volume,0,0,0,0,no_volume,0,0,0,0,0,0,186543,174288,-0.034,0,0,28,18,24,23,1
1775344438,23,76,0,0,0,0,no_volume,0,0,0,0,no_volume,0,0,0,0,no_volume,0,0,0,0,0,0,186543,174288,-0.034,0,-2,28,18,24,23,1
1775344439,23,76,0,0,0,0,no_volume,0,0,0,0,no_volume,0,0,0,0,no_volume,0,0,0,0,0,0,186543,174288,-0.034,0,-2,28,18,24,23,1
1775344440,23,76,0,0,0,0,no_volume,0,0,0,0,no_volume,0,0,0,0,no_volume,0,0,0,0,0,0,186543,174288,-0.034,0,-2,28,18,24,23,1
1775344441,23,76,0,0,0,0,no_volume,0,0,0,0,no_volume,0,0,0,0,no_volume,0,0,0,0,0,0,186543,174288,-0.034,0,-2,28,18,24,23,1
1775344442,23,76,0,0,0,0,no_volume,0,0,0,0,no_volume,0,0,0,0,no_volume,0,0,0,0,0,0,186543,174288,-0.034,0,-2,29,18,24,23,1
1775344443,23,76,0,0,0,0,no_volume,0,0,0,0,no_volume,0,0,0,0,no_volume,0,0,0,0,0,0,186543,174288,-0.034,0,0,29,18,24,23,1
1775344444,23,76,0,0,0,0,no_volume,0,0,0,0,no_volume,0,0,0,0,no_volume,0,0,0,0,0,0,186543,174288,-0.034,0,0,29,18,24,23,1
1775344445,23,76,0,0,0,0,no_volume,0,0,0,0,no_volume,0,0,0,0,no_volume,0,0,0,0,0,0,186543,174288,-0.034,0,0,29,18,24,23,1
1775344446,23,76,0,0,0,0,no_volume,0,0,0,0,no_volume,0,0,0,0,no_volume,0,0,0,0,0,0,186543,174288,-0.034,0,0,29,18,24,23,1
1775344447,23,76,0,0,0,0,no_volume,0,0,0,0,no_volume,0,0,0,0,no_volume,0,0,0,0,0,0,186543,174288,-0.034,0,0,29,18,24,23,1
1775344448,23,76,0,0,0,0,no_volume,0,0,0,0,no_volume,0,0,0,0,no_volume,0,0,0,0,0,0,186543,174288,-0.034,0,0,29,18,24,23,1
1775344449,23,76,0,0,0,0,no_volume,0,0,0,0,no_volume,0,0,0,0,no_volume,0,0,0,0,0,0,186543,174288,-0.034,0,0,29,18,24,23,1
1775344450,23,76,0,0,0,0,no_volume,0,0,0,0,no_volume,0,0,0,0,no_volume,0,0,0,0,0,0,186543,174288,-0.034,0,0,29,18,24,23,1
1775344451,23,76,0,0,0,0,no_volume,0,0,0,0,no_volume,0,0,0,0,no_volume,0,0,0,0,0,0,186543,174288,-0.034,0,0,29,18,24,23,1
1775344452,23,76,0,0,0,0,no_volume,0,0,0,0,no_volume,0,0,0,0,no_volume,0,0,0,0,0,0,186543,174288,-0.034,0,0,29,18,24,23,1
1775344453,23,76,0,0,0,0,no_volume,0,0,0,0,no_volume,0,0,0,0,no_volume,0,0,0,0,0,0,186543,174288,-0.034,0,0,29,18,24,23,1
1775344454,23,76,0,0,0,0,no_volume,0,0,0,0,no_volume,0,0,0,0,no_volume,0,0,0,0,0,0,186543,174288,-0.034,0,0,29,18,24,23,1
1775344455,23,76,0,0,0,0,no_volume,0,0,0,0,no_volume,0,0,0,0,no_volume,0,0,0,0,0,0,186543,174288,-0.034,0,0,29,18,24,23,1
1775344456,23,76,0,0,0,0,no_volume,0,0,0,0,no_volume,0,0,0,0,no_volume,0,0,0,0,0,0,186543,174288,-0.034,0,0,29,18,24,23,1
1775344457,23,76,0,0,0,0,no_volume,0,0,0,0,no_volume,0,0,0,0,no_volume,0,0,0,0,0,0,186538,174283,-0.034,-5,-5,29,18,24,23,1
1775344458,23,76,0,0,0,0,no_volume,0,0,0,0,no_volume,0,0,0,0,no_volume,0,0,0,0,0,0,186538,174283,-0.034,-5,-5,29,18,24,23,1
1775344459,23,76,0,0,0,0,no_volume,0,0,0,0,no_volume,0,0,0,0,no_volume,0,0,0,0,0,0,186538,174283,-0.034,-5,-5,29,18,24,23,1
1775344460,23,76,0,0,0,0,no_volume,0,0,0,0,no_volume,0,0,0,0,no_volume,0,0,0,0,0,0,186538,174283,-0.034,0,-5,29,18,24,23,1
1775344461,23,76,0,0,0,0,no_volume,0,0,0,0,no_volume,0,0,0,0,no_volume,0,0,0,0,0,0,186538,174283,-0.034,0,-5,29,18,24,23,1
1775344462,23,76,0,0,0,0,no_volume,0,0,0,0,no_volume,0,0,0,0,no_volume,0,0,0,0,0,0,186538,174283,-0.034,0,-5,29,18,24,23,1
1775344463,23,76,0,0,0,0,no_volume,0,0,0,0,no_volume,0,0,0,0,no_volume,0,0,0,0,0,0,186538,174283,-0.034,0,-5,29,18,24,23,1
1775344464,23,76,0,0,0,0,no_volume,0,0,0,0,no_volume,0,0,0,0,no_volume,0,0,0,0,0,0,186538,174283,-0.034,0,-5,29,18,24,23,1
1775344465,23,76,0,0,0,0,no_volume,0,0,0,0,no_volume,0,0,0,0,no_volume,0,0,0,0,0,0,186538,174283,-0.034,0,-5,29,18,24,23,1
1775344466,23,76,0,0,0,0,no_volume,0,0,0,0,no_volume,0,0,0,0,no_volume,0,0,0,0,0,0,186538,175252,-0.0312,0,-5,29,18,24,23,1
1775344467,23,76,0,0,0,0,no_volume,0,0,0,0,no_volume,0,0,0,0,no_volume,0,0,0,0,0,0,186538,175252,-0.0312,0,0,29,18,24,23,1
1775344468,23,76,0,0,0,0,no_volume,0,0,0,0,no_volume,0,0,0,0,no_volume,0,0,0,0,0,0,186538,175252,-0.0312,0,0,29,18,24,23,1
1775344469,23,76,0,0,0,0,no_volume,0,0,0,0,no_volume,0,0,0,0,no_volume,0,0,0,0,0,0,186538,175252,-0.0312,0,0,29,18,24,23,1
1775344470,23,76,0,0,0,0,no_volume,0,0,0,0,no_volume,0,0,0,0,no_volume,0,0,0,0,0,0,186538,175252,-0.0312,0,0,29,18,24,23,1
1775344471,23,76,0,0,0,0,no_volume,0,0,0,0,no_volume,0,0,0,0,no_volume,0,0,0,0,0,0,186538,175252,-0.0312,0,0,29,18,24,23,1
1775344472,23,76,0,0,0,0,no_volume,0,0,0,0,no_volume,0,0,0,0,no_volume,0,0,0,0,0,0,186538,175252,-0.0312,0,0,29,18,24,23,1
1775344473,23,76,0,0,0,0,no_volume,0,0,0,0,no_volume,0,0,0,0,no_volume,0,0,0,0,0,0,186538,175252,-0.0312,0,0,29,18,24,23,1
1775344474,23,76,0,0,0,0,no_volume,0,0,0,0,no_volume,0,0,0,0,no_volume,0,0,0,0,0,0,186538,175252,-0.0312,0,0,29,18,24,23,1
1775344475,23,76,0,0,0,0,no_volume,0,0,0,0,no_volume,0,0,0,0,no_volume,0,0,0,0,0,0,186538,175252,-0.0312,0,0,29,18,24,23,1
1775344476,23,76,0,0,0,0,no_volume,0,0,0,0,no_volume,0,0,0,0,no_volume,0,0,0,0,0,0,186538,175252,-0.0312,0,0,29,18,24,23,1
1775344477,23,76,0,0,0,0,no_volume,0,0,0,0,no_volume,0,0,0,0,no_volume,0,0,0,0,0,0,186538,175252,-0.0312,0,0,29,18,24,23,1
1775344478,23,76,0,0,0,0,no_volume,0,0,0,0,no_volume,0,0,0,0,no_volume,0,0,0,0,0,0,186538,175252,-0.0312,0,0,29,18,24,23,1
1775344479,23,76,0,0,0,0,no_volume,0,0,0,0,no_volume,0,0,0,0,no_volume,0,0,0,0,0,0,186538,175252,-0.0312,0,0,29,18,24,23,1
1775344480,23,76,0,0,0,0,no_volume,0,0,0,0,no_volume,0,0,0,0,no_volume,0,0,0,0,0,0,186538,175252,-0.0312,0,0,29,18,24,23,1
1775344481,23,76,0,0,0,0,no_volume,0,0,0,0,no_volume,0,0,0,0,no_volume,0,0,0,0,0,0,186538,175252,-0.0312,0,0,29,18,24,23,1
1775344482,23,76,0,0,0,0,no_volume,0,0,0,0,no_volume,0,0,0,0,no_volume,0,0,0,0,0,0,186538,175252,-0.0312,0,0,29,18,24,23,1
1775344483,23,76,0,0,0,0,no_volume,0,0,0,0,no_volume,0,0,0,0,no_volume,0,0,0,0,0,0,186538,175252,-0.0312,0,0,29,18,24,23,1
1775344484,23,76,0,0,0,0,no_volume,0,0,0,0,no_volume,0,0,0,0,no_volume,0,0,0,0,0,0,186538,175252,-0.0312,0,0,29,18,24,23,1
1775344485,23,76,0,0,0,0,no_volume,0,0,0,0,no_volume,0,0,0,0,no_volume,0,0,0,0,0,0,186538,175252,-0.0312,0,0,29,18,24,23,1
1775344486,23,76,0,0,0,0,no_volume,0,0,0,0,no_volume,0,0,0,0,no_volume,0,0,0,0,0,0,186538,175252,-0.0312,0,0,29,18,24,23,1
1775344487,23,76,0,0,0,0,no_volume,0,0,0,0,no_volume,0,0,0,0,no_volume,0,0,0,0,0,0,186538,175252,-0.0312,0,0,29,18,24,23,1
1775344488,23,76,0,0,0,0,no_volume,0,0,0,0,no_volume,0,0,0,0,no_volume,0,0,0,0,0,0,186538,175252,-0.0312,0,0,29,18,24,23,1
1775344489,23,76,0,0,0,0,no_volume,0,0,0,0,no_volume,0,0,0,0,no_volume,0,0,0,0,0,0,186538,175252,-0.0312,0,0,29,18,24,23,1
1775344490,23,76,0,0,0,0,no_volume,0,0,0,0,no_volume,0,0,0,0,no_volume,0,0,0,0,0,0,186538,175252,-0.0312,0,0,29,18,24,23,1
1775344491,23,76,0,0,0,0,no_volume,0,0,0,0,no_volume,0,0,0,0,no_volume,0,0,0,0,0,0,186538,175252,-0.0312,0,0,29,18,24,23,1
1775344492,23,76,0,0,0,0,no_volume,0,0,0,0,no_volume,0,0,0,0,no_volume,0,0,0,0,0,0,186579,175252,-0.0313,41,41,29,18,24,23,1
1775344493,23,76,0,0,0,0,no_volume,0,0,0,0,no_volume,0,0,0,0,no_volume,0,0,0,0,0,0,186579,175252,-0.0313,41,41,29,18,24,23,1
1775344494,23,76,0,0,0,0,no_volume,0,0,0,0,no_volume,0,0,0,0,no_volume,0,0,0,0,0,0,186579,175252,-0.0313,41,41,29,18,24,23,1
1775344495,23,76,0,0,0,0,no_volume,0,0,0,0,no_volume,0,0,0,0,no_volume,0,0,0,0,0,0,186579,175252,-0.0313,0,41,29,18,24,23,1
1775344496,23,76,0,0,0,0,no_volume,0,0,0,0,no_volume,0,0,0,0,no_volume,0,0,0,0,0,0,186579,175252,-0.0313,0,41,29,18,24,23,1
1775344497,23,76,0,0,0,0,no_volume,0,0,0,0,no_volume,0,0,0,0,no_volume,0,0,0,0,0,0,186579,175252,-0.0313,0,41,29,18,24,23,1
1775344498,23,76,0,0,0,0,no_volume,0,0,0,0,no_volume,0,0,0,0,no_volume,0,0,0,0,0,0,186579,175252,-0.0313,0,41,29,18,24,23,1
1775344499,23,76,0,0,0,0,no_volume,0,0,0,0,no_volume,0,0,0,0,no_volume,0,0,0,0,0,0,186579,175252,-0.0313,0,41,29,18,24,23,1
1775344500,23,76,0,0,0,0,no_volume,0,0,0,0,no_volume,0,0,0,0,no_volume,0,0,0,0,0,0,186579,175252,-0.0313,0,41,29,18,24,23,1
1775344501,23,76,0,0,0,0,no_volume,0,0,0,0,no_volume,0,0,0,0,no_volume,0,0,0,0,0,0,186579,175252,-0.0313,0,41,29,18,24,23,1
1775344502,23,76,0,0,0,0,no_volume,0,0,0,0,no_volume,0,0,0,0,no_volume,0,0,0,0,0,0,186566,175252,-0.0313,-13,-13,29,18,24,23,1
1775344503,23,76,0,0,0,0,no_volume,0,0,0,0,no_volume,0,0,0,0,no_volume,0,0,0,0,0,0,186566,175252,-0.0313,-13,-13,29,18,24,23,1
1775344504,23,76,0,0,0,0,no_volume,0,0,0,0,no_volume,0,0,0,0,no_volume,0,0,0,0,0,0,186566,175252,-0.0313,-13,-13,29,18,24,23,1
1775344505,23,76,0,0,0,0,no_volume,0,0,0,0,no_volume,0,0,0,0,no_volume,0,0,0,0,0,0,186566,175252,-0.0313,0,-13,29,18,24,23,1
1775344506,23,76,0,0,0,0,no_volume,0,0,0,0,no_volume,0,0,0,0,no_volume,0,0,0,0,0,0,186566,175252,-0.0313,0,-13,29,18,24,23,1
1775344507,23,76,0,0,0,0,no_volume,0,0,0,0,no_volume,0,0,0,0,no_volume,0,0,0,0,0,0,186566,175252,-0.0313,0,-13,29,18,24,23,1
1775344508,23,76,0,0,0,0,no_volume,0,0,0,0,no_volume,0,0,0,0,no_volume,0,0,0,0,0,0,186566,175252,-0.0313,0,-13,29,18,24,23,1
1775344509,23,76,0,0,0,0,no_volume,0,0,0,0,no_volume,0,0,0,0,no_volume,0,0,0,0,0,0,186566,175252,-0.0313,0,-13,29,18,24,23,1
1775344510,23,76,0,0,0,0,no_volume,0,0,0,0,no_volume,0,0,0,0,no_volume,0,0,0,0,0,0,186566,175252,-0.0313,0,-13,29,18,24,23,1
1775344511,23,76,0,0,0,0,no_volume,0,0,0,0,no_volume,0,0,0,0,no_volume,0,0,0,0,0,0,186566,175252,-0.0313,0,-13,29,18,24,23,1
1775344512,23,76,0,0,0,0,no_volume,0,0,0,0,no_volume,0,0,0,0,no_volume,0,0,0,0,0,0,186566,175252,-0.0313,0,0,29,18,24,23,1
1775344513,23,76,0,0,0,0,no_volume,0,0,0,0,no_volume,0,0,0,0,no_volume,0,0,0,0,0,0,186566,175252,-0.0313,0,0,29,18,24,23,1
1775344514,23,76,0,0,0,0,no_volume,0,0,0,0,no_volume,0,0,0,0,no_volume,0,0,0,0,0,0,186566,175252,-0.0313,0,0,29,18,24,23,1
1775344515,23,76,0,0,0,0,no_volume,0,0,0,0,no_volume,0,0,0,0,no_volume,0,0,0,0,0,0,186566,175252,-0.0313,0,0,29,18,24,23,1
1775344516,23,76,0,0,0,0,no_volume,0,0,0,0,no_volume,0,0,0,0,no_volume,0,0,0,0,0,0,186566,175252,-0.0313,0,0,29,18,24,23,1
1775344517,23,76,0,0,0,0,no_volume,0,0,0,0,no_volume,0,0,0,0,no_volume,0,0,0,0,0,0,186566,175252,-0.0313,0,0,29,18,24,23,1
1775344518,23,76,0,0,0,0,no_volume,0,0,0,0,no_volume,0,0,0,0,no_volume,0,0,0,0,0,0,186566,175252,-0.0313,0,0,29,18,24,23,1
1775344519,23,76,0,0,0,0,no_volume,0,0,0,0,no_volume,0,0,0,0,no_volume,0,0,0,0,0,0,186566,175252,-0.0313,0,0,29,18,24,23,1
1775344520,23,76,0,0,0,0,no_volume,0,0,0,0,no_volume,0,0,0,0,no_volume,0,0,0,0,0,0,186566,175252,-0.0313,0,0,29,18,24,23,1
1775344521,23,76,0,0,0,0,no_volume,0,0,0,0,no_volume,0,0,0,0,no_volume,0,0,0,0,0,0,186566,175252,-0.0313,0,0,29,18,24,23,1
1775344522,23,76,0,0,0,0,no_volume,0,0,0,0,no_volume,0,0,0,0,no_volume,0,0,0,0,0,0,186566,175252,-0.0313,0,0,29,18,24,23,1
1775344523,23,76,0,0,0,0,no_volume,0,0,0,0,no_volume,0,0,0,0,no_volume,0,0,0,0,0,0,186566,175252,-0.0313,0,0,29,18,24,23,1
1775344524,23,76,0,0,0,0,no_volume,0,0,0,0,no_volume,0,0,0,0,no_volume,0,0,0,0,0,0,186566,175252,-0.0313,0,0,29,18,24,23,1
1775344525,23,76,0,0,0,0,no_volume,0,0,0,0,no_volume,0,0,0,0,no_volume,0,0,0,0,0,0,186566,175252,-0.0313,0,0,29,18,24,23,1
1775344526,23,76,0,0,0,0,no_volume,0,0,0,0,no_volume,0,0,0,0,no_volume,0,0,0,0,0,0,186566,175252,-0.0313,0,0,29,18,24,23,1
1775344527,23,76,0,0,0,0,no_volume,0,0,0,0,no_volume,0,0,0,0,no_volume,0,0,0,0,0,0,186566,175252,-0.0313,0,0,29,18,24,23,1
1775344528,23,76,0,0,0,0,no_volume,0,0,0,0,no_volume,0,0,0,0,no_volume,0,0,0,0,0,0,186566,175252,-0.0313,0,0,29,18,24,23,1
1775344529,23,76,0,0,0,0,no_volume,0,0,0,0,no_volume,0,0,0,0,no_volume,0,0,0,0,0,0,186566,175252,-0.0313,0,0,29,18,24,23,1
1775344530,23,76,0,0,0,0,no_volume,0,0,0,0,no_volume,0,0,0,0,no_volume,0,0,0,0,0,0,186566,175252,-0.0313,0,0,29,18,24,23,1
1775344531,23,76,0,0,0,0,no_volume,0,0,0,0,no_volume,0,0,0,0,no_volume,0,0,0,0,0,0,186566,175252,-0.0313,0,0,29,18,24,23,1
1775344532,23,76,0,0,0,0,no_volume,0,0,0,0,no_volume,0,0,0,0,no_volume,0,0,0,0,0,0,186566,175252,-0.0313,0,0,29,18,24,23,1
1775344533,23,76,0,0,0,0,no_volume,0,0,0,0,no_volume,0,0,0,0,no_volume,0,0,0,0,0,0,186566,175252,-0.0313,0,0,29,18,24,23,1
1775344534,23,76,0,0,0,0,no_volume,0,0,0,0,no_volume,0,0,0,0,no_volume,0,0,0,0,0,0,186566,175252,-0.0313,0,0,29,18,24,23,1
1775344535,23,76,0,0,0,0,no_volume,0,0,0,0,no_volume,0,0,0,0,no_volume,0,0,0,0,0,0,186566,175252,-0.0313,0,0,29,18,24,23,1
1775344536,23,76,0,0,0,0,no_volume,0,0,0,0,no_volume,0,0,0,0,no_volume,0,0,0,0,0,0,186566,175252,-0.0313,0,0,29,18,24,23,1
1775344537,23,76,0,0,0,0,no_volume,0,0,0,0,no_volume,0,0,0,0,no_volume,0,0,0,0,0,0,186566,175252,-0.0313,0,0,29,18,24,23,1
1775344538,23,76,0,0,0,0,no_volume,0,0,0,0,no_volume,0,0,0,0,no_volume,0,0,0,0,0,0,186566,175252,-0.0313,0,0,29,18,24,23,1
1775344539,23,76,0,0,0,0,no_volume,0,0,0,0,no_volume,0,0,0,0,no_volume,0,0,0,0,0,0,186566,175252,-0.0313,0,0,29,18,24,23,1
1775344540,23,76,0,0,0,0,no_volume,0,0,0,0,no_volume,0,0,0,0,no_volume,0,0,0,0,0,0,186566,175252,-0.0313,0,0,29,18,24,23,1
1775344541,23,76,0,0,0,0,no_volume,0,0,0,0,no_volume,0,0,0,0,no_volume,0,0,0,0,0,0,186566,175252,-0.0313,0,0,29,18,24,23,1
1775344542,23,76,0,0,0,0,no_volume,0,0,0,0,no_volume,0,0,0,0,no_volume,0,0,0,0,0,0,186533,175252,-0.0312,-33,-33,29,18,24,23,1
1775344543,23,76,0,0,0,0,no_volume,0,0,0,0,no_volume,0,0,0,0,no_volume,0,0,0,0,0,0,186582,175283,-0.0312,16,16,29,18,24,23,1
1775344544,23,76,0,0,0,0,no_volume,0,0,0,0,no_volume,0,0,0,0,no_volume,0,0,0,0,0,0,186582,175283,-0.0312,16,16,29,18,24,23,1
1775344545,23,76,0,0,0,0,no_volume,0,0,0,0,no_volume,0,0,0,0,no_volume,0,0,0,0,0,0,186582,175283,-0.0312,49,16,29,18,24,23,1
1775344546,23,76,0,0,0,0,no_volume,0,0,0,0,no_volume,0,0,0,0,no_volume,0,0,0,0,0,0,186582,175283,-0.0312,0,16,29,18,24,23,1
1775344547,23,76,0,0,0,0,no_volume,0,0,0,0,no_volume,0,0,0,0,no_volume,0,0,0,0,0,0,186582,175283,-0.0312,0,16,29,18,24,23,1
1775344548,23,76,0,0,0,0,no_volume,0,0,0,0,no_volume,0,0,0,0,no_volume,0,0,0,0,0,0,186582,175283,-0.0312,0,16,29,18,24,23,1
1775344549,23,76,0,0,0,0,no_volume,0,0,0,0,no_volume,0,0,0,0,no_volume,0,0,0,0,0,0,186582,175283,-0.0312,0,16,29,18,24,23,1
1775344550,23,76,0,0,0,0,no_volume,0,0,0,0,no_volume,0,0,0,0,no_volume,0,0,0,0,0,0,186582,175283,-0.0312,0,16,29,18,24,23,1
1775344551,23,76,0,0,0,0,no_volume,0,0,0,0,no_volume,0,0,0,0,no_volume,0,0,0,0,0,0,186582,175283,-0.0312,0,16,29,18,24,23,1
1775344552,23,76,0,0,0,0,no_volume,0,0,0,0,no_volume,0,0,0,0,no_volume,0,0,0,0,0,0,186582,175283,-0.0312,0,49,29,18,24,23,1
1775344553,23,76,0,0,0,0,no_volume,0,0,0,0,no_volume,0,0,0,0,no_volume,0,0,0,0,0,0,186582,175283,-0.0312,0,0,29,18,24,23,1
1775344554,23,76,0,0,0,0,no_volume,0,0,0,0,no_volume,0,0,0,0,no_volume,0,0,0,0,0,0,186582,175283,-0.0312,0,0,29,18,24,23,1
1775344555,23,76,0,0,0,0,no_volume,0,0,0,0,no_volume,0,0,0,0,no_volume,0,0,0,0,0,0,186582,175283,-0.0312,0,0,29,18,24,23,1
1775344556,23,76,0,0,0,0,no_volume,0,0,0,0,no_volume,0,0,0,0,no_volume,0,0,0,0,0,0,186582,175283,-0.0312,0,0,29,18,24,23,1
1775344557,23,76,0,0,0,0,no_volume,0,0,0,0,no_volume,0,0,0,0,no_volume,0,0,0,0,0,0,186582,175283,-0.0312,0,0,29,18,24,23,1
1775344558,23,76,0,0,0,0,no_volume,0,0,0,0,no_volume,0,0,0,0,no_volume,0,0,0,0,0,0,186582,175283,-0.0312,0,0,29,18,24,23,1
1775344559,23,76,0,0,0,0,no_volume,0,0,0,0,no_volume,0,0,0,0,no_volume,0,0,0,0,0,0,186582,175283,-0.0312,0,0,29,18,24,23,1
1775344560,23,76,0,0,0,0,no_volume,0,0,0,0,no_volume,0,0,0,0,no_volume,0,0,0,0,0,0,186582,175283,-0.0312,0,0,29,18,24,23,1
1775344561,23,76,0,0,0,0,no_volume,0,0,0,0,no_volume,0,0,0,0,no_volume,0,0,0,0,0,0,186582,175283,-0.0312,0,0,29,18,24,23,1
1775344562,23,76,0,0,0,0,no_volume,0,0,0,0,no_volume,0,0,0,0,no_volume,0,0,0,0,0,0,186582,175283,-0.0312,0,0,29,18,24,23,1
1775344563,23,76,0,0,0,0,no_volume,0,0,0,0,no_volume,0,0,0,0,no_volume,0,0,0,0,0,0,186582,175283,-0.0312,0,0,29,18,24,23,1
1775344564,23,76,0,0,0,0,no_volume,0,0,0,0,no_volume,0,0,0,0,no_volume,0,0,0,0,0,0,186582,175283,-0.0312,0,0,29,18,24,23,1
1775344565,23,76,0,0,0,0,no_volume,0,0,0,0,no_volume,0,0,0,0,no_volume,0,0,0,0,0,0,186582,175283,-0.0312,0,0,29,18,24,23,1
1775344566,23,76,0,0,0,0,no_volume,0,0,0,0,no_volume,0,0,0,0,no_volume,0,0,0,0,0,0,186582,175283,-0.0312,0,0,29,18,24,23,1
1775344567,23,76,0,0,0,0,no_volume,0,0,0,0,no_volume,0,0,0,0,no_volume,0,0,0,0,0,0,186582,175283,-0.0312,0,0,29,18,24,23,1
1775344568,23,76,0,0,0,0,no_volume,0,0,0,0,no_volume,0,0,0,0,no_volume,0,0,0,0,0,0,186582,175283,-0.0312,0,0,29,18,24,23,1
1775344569,23,76,0,0,0,0,no_volume,0,0,0,0,no_volume,0,0,0,0,no_volume,0,0,0,0,0,0,186582,175283,-0.0312,0,0,29,18,24,23,1
1775344570,23,76,0,0,0,0,no_volume,0,0,0,0,no_volume,0,0,0,0,no_volume,0,0,0,0,0,0,186582,175283,-0.0312,0,0,29,18,24,23,1
1775344571,23,76,0,0,0,0,no_volume,0,0,0,0,no_volume,0,0,0,0,no_volume,0,0,0,0,0,0,186582,175283,-0.0312,0,0,29,18,24,23,1
1775344572,23,76,0,0,0,0,no_volume,0,0,0,0,no_volume,0,0,0,0,no_volume,0,0,0,0,0,0,186582,175283,-0.0312,0,0,29,18,24,23,1
1775344573,23,76,0,0,0,0,no_volume,0,0,0,0,no_volume,0,0,0,0,no_volume,0,0,0,0,0,0,186582,175283,-0.0312,0,0,29,18,24,23,1
1775344574,23,76,0,0,0,0,no_volume,0,0,0,0,no_volume,0,0,0,0,no_volume,0,0,0,0,0,0,186582,175283,-0.0312,0,0,29,18,24,23,1
1775344575,23,76,0,0,0,0,no_volume,0,0,0,0,no_volume,0,0,0,0,no_volume,0,0,0,0,0,0,186582,175283,-0.0312,0,0,29,18,24,23,1
1775344576,23,76,0,0,0,0,no_volume,0,0,0,0,no_volume,0,0,0,0,no_volume,0,0,0,0,0,0,186582,175283,-0.0312,0,0,29,18,24,23,1
1775344577,23,76,0,0,0,0,no_volume,0,0,0,0,no_volume,0,0,0,0,no_volume,0,0,0,0,0,0,186582,175283,-0.0312,0,0,29,18,24,23,1
1775344578,23,76,0,0,0,0,no_volume,0,0,0,0,no_volume,0,0,0,0,no_volume,0,0,0,0,0,0,186582,175283,-0.0312,0,0,29,18,24,23,1
1775344579,23,76,0,0,0,0,no_volume,0,0,0,0,no_volume,0,0,0,0,no_volume,0,0,0,0,0,0,186582,175283,-0.0312,0,0,29,18,24,23,1
1775344580,23,76,0,0,0,0,no_volume,0,0,0,0,no_volume,0,0,0,0,no_volume,0,0,0,0,0,0,186582,175283,-0.0312,0,0,29,18,24,23,1
1775344581,23,76,0,0,0,0,no_volume,0,0,0,0,no_volume,0,0,0,0,no_volume,0,0,0,0,0,0,186582,175283,-0.0312,0,0,29,18,24,23,1
1775344582,23,76,0,0,0,0,no_volume,0,0,0,0,no_volume,0,0,0,0,no_volume,0,0,0,0,0,0,186582,175283,-0.0312,0,0,29,18,24,23,1
1775344583,23,76,0,0,0,0,no_volume,0,0,0,0,no_volume,0,0,0,0,no_volume,0,0,0,0,0,0,186582,175283,-0.0312,0,0,29,18,24,23,1
1775344584,23,76,0,0,0,0,no_volume,0,0,0,0,no_volume,0,0,0,0,no_volume,0,0,0,0,0,0,186582,175283,-0.0312,0,0,29,18,24,23,1
1775344585,23,76,0,0,0,0,no_volume,0,0,0,0,no_volume,0,0,0,0,no_volume,0,0,0,0,0,0,186582,175283,-0.0312,0,0,29,18,24,23,1
1775344586,23,76,0,0,0,0,no_volume,0,0,0,0,no_volume,0,0,0,0,no_volume,0,0,0,0,0,0,186582,175283,-0.0312,0,0,29,18,24,23,1
1775344587,23,76,0,0,0,0,no_volume,0,0,0,0,no_volume,0,0,0,0,no_volume,0,0,0,0,0,0,186582,175283,-0.0312,0,0,29,18,24,23,1
1775344588,23,76,0,0,0,0,no_volume,0,0,0,0,no_volume,0,0,0,0,no_volume,0,0,0,0,0,0,186582,175283,-0.0312,0,0,29,18,24,23,1
1775344589,23,76,0,0,0,0,no_volume,0,0,0,0,no_volume,0,0,0,0,no_volume,0,0,0,0,0,0,186582,175283,-0.0312,0,0,29,18,24,23,1
1775344590,23,76,0,0,0,0,no_volume,0,0,0,0,no_volume,0,0,0,0,no_volume,0,0,0,0,0,0,186582,175283,-0.0312,0,0,29,18,24,23,1
1775344591,23,76,0,0,0,0,no_volume,0,0,0,0,no_volume,0,0,0,0,no_volume,0,0,0,0,0,0,186582,175283,-0.0312,0,0,29,18,24,23,1
1775344592,23,76,0,0,0,0,no_volume,0,0,0,0,no_volume,0,0,0,0,no_volume,0,0,0,0,0,0,186582,175283,-0.0312,0,0,29,18,24,23,1
1775344593,23,76,0,0,0,0,no_volume,0,0,0,0,no_volume,0,0,0,0,no_volume,0,0,0,0,0,0,186582,175283,-0.0312,0,0,29,18,24,23,1
1775344594,23,76,0,0,0,0,no_volume,0,0,0,0,no_volume,0,0,0,0,no_volume,0,0,0,0,0,0,186582,175283,-0.0312,0,0,29,18,24,23,1
1775344595,23,76,0,0,0,0,no_volume,0,0,0,0,no_volume,0,0,0,0,no_volume,0,0,0,0,0,0,186582,175283,-0.0312,0,0,29,18,24,23,1
1775344596,23,76,0,0,0,0,no_volume,0,0,0,0,no_volume,0,0,0,0,no_volume,0,0,0,0,0,0,186582,175283,-0.0312,0,0,29,18,24,23,1
1775344597,23,76,0,0,0,0,no_volume,0,0,0,0,no_volume,0,0,0,0,no_volume,0,0,0,0,0,0,186582,175283,-0.0312,0,0,29,18,24,23,1
1775344598,23,76,0,0,0,0,no_volume,0,0,0,0,no_volume,0,0,0,0,no_volume,0,0,0,0,0,0,186582,175283,-0.0312,0,0,29,18,24,23,1
1775344599,23,76,0,0,0,0,no_volume,0,0,0,0,no_volume,0,0,0,0,no_volume,0,0,0,0,0,0,186582,175283,-0.0312,0,0,29,18,24,23,1
1775344600,23,76,0,0,0,0,no_volume,0,0,0,0,no_volume,0,0,0,0,no_volume,0,0,0,0,0,0,186582,175283,-0.0312,0,0,29,18,24,23,1
1775344601,23,76,0,0,0,0,no_volume,0,0,0,0,no_volume,0,0,0,0,no_volume,0,0,0,0,0,0,186582,175283,-0.0312,0,0,29,18,24,23,1
1775344602,23,76,0,0,0,0,no_volume,0,0,0,0,no_volume,0,0,0,0,no_volume,0,0,0,0,0,0,186582,175283,-0.0312,0,0,29,18,24,23,1
1775344603,23,76,0,0,0,0,no_volume,0,0,0,0,no_volume,0,0,0,0,no_volume,0,0,0,0,0,0,186582,175283,-0.0312,0,0,29,18,24,23,1
1775344604,23,76,0,0,0,0,no_volume,0,0,0,0,no_volume,0,0,0,0,no_volume,0,0,0,0,0,0,186569,175283,-0.0312,-13,-13,29,18,24,23,1
1775344605,23,76,0,0,0,0,no_volume,0,0,0,0,no_volume,0,0,0,0,no_volume,0,0,0,0,0,0,186569,175283,-0.0312,-13,-13,29,18,24,23,1
1775344606,23,76,0,0,0,0,no_volume,0,0,0,0,no_volume,0,0,0,0,no_volume,0,0,0,0,0,0,186569,175283,-0.0312,-13,-13,29,18,24,23,1
1775344607,23,76,0,0,0,0,no_volume,0,0,0,0,no_volume,0,0,0,0,no_volume,0,0,0,0,0,0,186569,175283,-0.0312,0,-13,29,18,24,23,1
1775344608,23,76,0,0,0,0,no_volume,0,0,0,0,no_volume,0,0,0,0,no_volume,0,0,0,0,0,0,186569,175283,-0.0312,0,-13,29,18,24,23,1
1775344609,23,76,0,0,0,0,no_volume,0,0,0,0,no_volume,0,0,0,0,no_volume,0,0,0,0,0,0,186569,175283,-0.0312,0,-13,29,18,24,23,1
1775344610,23,76,0,0,0,0,no_volume,0,0,0,0,no_volume,0,0,0,0,no_volume,0,0,0,0,0,0,186569,175283,-0.0312,0,-13,29,18,24,23,1
1775344611,23,76,0,0,0,0,no_volume,0,0,0,0,no_volume,0,0,0,0,no_volume,0,0,0,0,0,0,186569,175283,-0.0312,0,-13,29,18,24,23,1
1775344612,23,76,0,0,0,0,no_volume,0,0,0,0,no_volume,0,0,0,0,no_volume,0,0,0,0,0,0,186569,175283,-0.0312,0,-13,29,18,24,23,1
1775344613,23,76,0,0,0,0,no_volume,0,0,0,0,no_volume,0,0,0,0,no_volume,0,0,0,0,0,0,186569,175283,-0.0312,0,-13,29,18,24,23,1
1775344614,23,76,0,0,0,0,no_volume,0,0,0,0,no_volume,0,0,0,0,no_volume,0,0,0,0,0,0,186569,175283,-0.0312,0,0,29,18,24,23,1
1775344615,23,76,0,0,0,0,no_volume,0,0,0,0,no_volume,0,0,0,0,no_volume,0,0,0,0,0,0,186569,175283,-0.0312,0,0,29,18,24,23,1
1775344616,23,76,0,0,0,0,no_volume,0,0,0,0,no_volume,0,0,0,0,no_volume,0,0,0,0,0,0,186569,175283,-0.0312,0,0,29,18,24,23,1
1775344617,23,76,0,0,0,0,no_volume,0,0,0,0,no_volume,0,0,0,0,no_volume,0,0,0,0,0,0,186569,175283,-0.0312,0,0,29,18,24,23,1
1775344618,23,76,0,0,0,0,no_volume,0,0,0,0,no_volume,0,0,0,0,no_volume,0,0,0,0,0,0,186569,175283,-0.0312,0,0,29,18,24,23,1
1775344619,23,76,0,0,0,0,no_volume,0,0,0,0,no_volume,0,0,0,0,no_volume,0,0,0,0,0,0,186569,175283,-0.0312,0,0,29,18,24,23,1
1775344620,23,76,0,0,0,0,no_volume,0,0,0,0,no_volume,0,0,0,0,no_volume,0,0,0,0,0,0,186569,175283,-0.0312,0,0,29,18,24,23,1
1775344621,23,76,0,0,0,0,no_volume,0,0,0,0,no_volume,0,0,0,0,no_volume,0,0,0,0,0,0,186569,175283,-0.0312,0,0,29,18,24,23,1
1775344622,23,76,0,0,0,0,no_volume,0,0,0,0,no_volume,0,0,0,0,no_volume,0,0,0,0,0,0,186569,175283,-0.0312,0,0,29,18,24,23,1
1775344623,23,76,0,0,0,0,no_volume,0,0,0,0,no_volume,0,0,0,0,no_volume,0,0,0,0,0,0,186569,175283,-0.0312,0,0,29,18,24,23,1
1775344624,23,76,0,0,0,0,no_volume,0,0,0,0,no_volume,0,0,0,0,no_volume,0,0,0,0,0,0,186569,175283,-0.0312,0,0,29,18,24,23,1
1775344625,23,76,0,0,0,0,no_volume,0,0,0,0,no_volume,0,0,0,0,no_volume,0,0,0,0,0,0,186569,175283,-0.0312,0,0,29,18,24,23,1
1775344626,23,76,0,0,0,0,no_volume,0,0,0,0,no_volume,0,0,0,0,no_volume,0,0,0,0,0,0,186569,175283,-0.0312,0,0,29,18,24,23,1
1775344627,23,76,0,0,0,0,no_volume,0,0,0,0,no_volume,0,0,0,0,no_volume,0,0,0,0,0,0,186569,175283,-0.0312,0,0,29,18,24,23,1
1775344628,23,76,0,0,0,0,no_volume,0,0,0,0,no_volume,0,0,0,0,no_volume,0,0,0,0,0,0,186569,175283,-0.0312,0,0,29,18,24,23,1
1775344629,23,76,0,0,0,0,no_volume,0,0,0,0,no_volume,0,0,0,0,no_volume,0,0,0,0,0,0,186569,175283,-0.0312,0,0,29,18,24,23,1
1775344630,23,76,0,0,0,0,no_volume,0,0,0,0,no_volume,0,0,0,0,no_volume,0,0,0,0,0,0,186569,175283,-0.0312,0,0,29,18,24,23,1
1775344631,23,76,0,0,0,0,no_volume,0,0,0,0,no_volume,0,0,0,0,no_volume,0,0,0,0,0,0,186569,175283,-0.0312,0,0,29,18,24,23,1
1775344632,23,76,0,0,0,0,no_volume,0,0,0,0,no_volume,0,0,0,0,no_volume,0,0,0,0,0,0,186569,175283,-0.0312,0,0,29,18,24,23,1
1775344633,23,76,0,0,0,0,no_volume,0,0,0,0,no_volume,0,0,0,0,no_volume,0,0,0,0,0,0,186569,175283,-0.0312,0,0,29,18,24,23,1
1775344634,23,76,0,0,0,0,no_volume,0,0,0,0,no_volume,0,0,0,0,no_volume,0,0,0,0,0,0,186569,175283,-0.0312,0,0,29,18,24,23,1
1775344635,23,76,0,0,0,0,no_volume,0,0,0,0,no_volume,0,0,0,0,no_volume,0,0,0,0,0,0,186569,175283,-0.0312,0,0,29,18,24,23,1
1775344636,23,76,0,0,0,0,no_volume,0,0,0,0,no_volume,0,0,0,0,no_volume,0,0,0,0,0,0,186569,175283,-0.0312,0,0,29,18,24,23,1
1775344637,23,76,0,0,0,0,no_volume,0,0,0,0,no_volume,0,0,0,0,no_volume,0,0,0,0,0,0,186569,175283,-0.0312,0,0,29,18,24,23,1
1775344638,23,76,0,0,0,0,no_volume,0,0,0,0,no_volume,0,0,0,0,no_volume,0,0,0,0,0,0,186569,175283,-0.0312,0,0,29,18,24,23,1
1775344639,23,76,0,0,0,0,no_volume,0,0,0,0,no_volume,0,0,0,0,no_volume,0,0,0,0,0,0,186569,175283,-0.0312,0,0,29,18,24,23,1
1775344640,23,76,0,0,0,0,no_volume,0,0,0,0,no_volume,0,0,0,0,no_volume,0,0,0,0,0,0,186569,175283,-0.0312,0,0,29,18,24,23,1
1775344641,23,76,0,0,0,0,no_volume,0,0,0,0,no_volume,0,0,0,0,no_volume,0,0,0,0,0,0,186569,175283,-0.0312,0,0,29,18,24,23,1
1775344642,23,76,0,0,0,0,no_volume,0,0,0,0,no_volume,0,0,0,0,no_volume,0,0,0,0,0,0,186569,175283,-0.0312,0,0,29,18,24,23,1
1775344643,23,76,0,0,0,0,no_volume,0,0,0,0,no_volume,0,0,0,0,no_volume,0,0,0,0,0,0,186569,175283,-0.0312,0,0,29,18,24,23,1
1775344644,23,76,0,0,0,0,no_volume,0,0,0,0,no_volume,0,0,0,0,no_volume,0,0,0,0,0,0,186569,175283,-0.0312,0,0,29,18,24,23,1
1775344645,23,76,0,0,0,0,no_volume,0,0,0,0,no_volume,0,0,0,0,no_volume,0,0,0,0,0,0,186569,175283,-0.0312,0,0,29,18,24,23,1
1775344646,23,76,0,0,0,0,no_volume,0,0,0,0,no_volume,0,0,0,0,no_volume,0,0,0,0,0,0,186569,175283,-0.0312,0,0,29,18,24,23,1
1775344647,23,76,0,0,0,0,no_volume,0,0,0,0,no_volume,0,0,0,0,no_volume,0,0,0,0,0,0,186569,175283,-0.0312,0,0,29,18,24,23,1
1775344648,23,76,0,0,0,0,no_volume,0,0,0,0,no_volume,0,0,0,0,no_volume,0,0,0,0,0,0,186569,175283,-0.0312,0,0,29,18,24,23,1
1775344649,23,76,0,0,0,0,no_volume,0,0,0,0,no_volume,0,0,0,0,no_volume,0,0,0,0,0,0,186569,175283,-0.0312,0,0,29,18,24,23,1
1775344650,23,76,0,0,0,0,no_volume,0,0,0,0,no_volume,0,0,0,0,no_volume,0,0,0,0,0,0,186569,175283,-0.0312,0,0,29,18,24,23,1
1775344651,23,76,0,0,0,0,no_volume,0,0,0,0,no_volume,0,0,0,0,no_volume,0,0,0,0,0,0,186569,175283,-0.0312,0,0,29,18,24,23,1
1775344652,23,76,0,0,0,0,no_volume,0,0,0,0,no_volume,0,0,0,0,no_volume,0,0,0,0,0,0,186569,175283,-0.0312,0,0,29,18,24,23,1
1775344653,23,76,0,0,0,0,no_volume,0,0,0,0,no_volume,0,0,0,0,no_volume,0,0,0,0,0,0,186569,175283,-0.0312,0,0,29,18,24,23,1
1775344654,23,76,0,0,0,0,no_volume,0,0,0,0,no_volume,0,0,0,0,no_volume,0,0,0,0,0,0,186569,175283,-0.0312,0,0,29,18,24,23,1
1775344655,23,76,0,0,0,0,no_volume,0,0,0,0,no_volume,0,0,0,0,no_volume,0,0,0,0,0,0,186569,175283,-0.0312,0,0,29,18,24,23,1
1775344656,23,76,0,0,0,0,no_volume,0,0,0,0,no_volume,0,0,0,0,no_volume,0,0,0,0,0,0,186569,175283,-0.0312,0,0,29,18,24,23,1
1775344657,23,76,0,0,0,0,no_volume,0,0,0,0,no_volume,0,0,0,0,no_volume,0,0,0,0,0,0,186569,175283,-0.0312,0,0,29,18,24,23,1
1775344658,23,76,0,0,0,0,no_volume,0,0,0,0,no_volume,0,0,0,0,no_volume,0,0,0,0,0,0,186569,175283,-0.0312,0,0,29,18,24,23,1
1775344659,23,76,0,0,0,0,no_volume,0,0,0,0,no_volume,0,0,0,0,no_volume,0,0,0,0,0,0,186569,176283,-0.0283,0,0,29,18,24,23,1
1775344660,23,76,0,0,0,0,no_volume,0,0,0,0,no_volume,0,0,0,0,no_volume,0,0,0,0,0,0,186569,176283,-0.0283,0,0,29,18,24,23,1
1775344661,23,76,0,0,0,0,no_volume,0,0,0,0,no_volume,0,0,0,0,no_volume,0,0,0,0,0,0,186569,176283,-0.0283,0,0,29,18,24,23,1
1775344662,23,76,0,0,0,0,no_volume,0,0,0,0,no_volume,0,0,0,0,no_volume,0,0,0,0,0,0,186569,176283,-0.0283,0,0,29,18,24,23,1
1775344663,23,76,0,0,0,0,no_volume,0,0,0,0,no_volume,0,0,0,0,no_volume,0,0,0,0,0,0,186569,174283,-0.034,0,0,29,18,24,23,1
1775344664,23,76,0,0,0,0,no_volume,0,0,0,0,no_volume,0,0,0,0,no_volume,0,0,0,0,0,0,186569,174283,-0.034,0,0,29,18,24,23,1
1775344665,23,76,0,0,0,0,no_volume,0,0,0,0,no_volume,0,0,0,0,no_volume,0,0,0,0,0,0,186531,174283,-0.0339,-38,-38,29,18,24,23,1
1775344666,23,76,0,0,0,0,no_volume,0,0,0,0,no_volume,0,0,0,0,no_volume,0,0,0,0,0,0,186569,174283,-0.034,0,0,29,18,24,23,1
1775344667,23,76,0,0,0,0,no_volume,0,0,0,0,no_volume,0,0,0,0,no_volume,0,0,0,0,0,0,186569,174283,-0.034,0,0,29,18,24,23,1
1775344668,23,76,0,0,0,0,no_volume,0,0,0,0,no_volume,0,0,0,0,no_volume,0,0,0,0,0,0,186569,174283,-0.034,38,0,29,18,24,23,1
1775344669,23,76,0,0,0,0,no_volume,0,0,0,0,no_volume,0,0,0,0,no_volume,0,0,0,0,0,0,186569,174283,-0.034,0,0,29,18,24,23,1
1775344670,23,76,0,0,0,0,no_volume,0,0,0,0,no_volume,0,0,0,0,no_volume,0,0,0,0,0,0,186569,174283,-0.034,0,0,29,18,24,23,1
1775344671,23,76,0,0,0,0,no_volume,0,0,0,0,no_volume,0,0,0,0,no_volume,0,0,0,0,0,0,186569,174283,-0.034,0,0,29,18,24,23,1
1775344672,23,76,0,0,0,0,no_volume,0,0,0,0,no_volume,0,0,0,0,no_volume,0,0,0,0,0,0,186569,174283,-0.034,0,0,29,18,24,23,1
1775344673,23,76,0,0,0,0,no_volume,0,0,0,0,no_volume,0,0,0,0,no_volume,0,0,0,0,0,0,186569,174283,-0.034,0,0,29,18,24,23,1
1775344674,23,76,0,0,0,0,no_volume,0,0,0,0,no_volume,0,0,0,0,no_volume,0,0,0,0,0,0,186569,174283,-0.034,0,0,29,18,24,23,1
1775344675,23,76,0,0,0,0,no_volume,0,0,0,0,no_volume,0,0,0,0,no_volume,0,0,0,0,0,0,186569,174283,-0.034,0,38,29,18,24,23,1
1775344676,23,76,0,0,0,0,no_volume,0,0,0,0,no_volume,0,0,0,0,no_volume,0,0,0,0,0,0,186569,174283,-0.034,0,0,29,18,24,23,1
1775344677,23,76,0,0,0,0,no_volume,0,0,0,0,no_volume,0,0,0,0,no_volume,0,0,0,0,0,0,186569,174283,-0.034,0,0,29,18,24,23,1
1775344678,23,76,0,0,0,0,no_volume,0,0,0,0,no_volume,0,0,0,0,no_volume,0,0,0,0,0,0,186569,174283,-0.034,0,0,29,18,24,23,1
1775344679,23,76,0,0,0,0,no_volume,0,0,0,0,no_volume,0,0,0,0,no_volume,0,0,0,0,0,0,186569,174283,-0.034,0,0,29,18,24,23,1
1775344680,23,76,0,0,0,0,no_volume,0,0,0,0,no_volume,0,0,0,0,no_volume,0,0,0,0,0,0,186569,174283,-0.034,0,0,29,18,24,23,1
1775344681,23,76,0,0,0,0,no_volume,0,0,0,0,no_volume,0,0,0,0,no_volume,0,0,0,0,0,0,186569,174283,-0.034,0,0,29,18,24,23,1
1775344682,23,76,0,0,0,0,no_volume,0,0,0,0,no_volume,0,0,0,0,no_volume,0,0,0,0,0,0,186569,174283,-0.034,0,0,29,18,24,23,1
1775344683,23,76,0,0,0,0,no_volume,0,0,0,0,no_volume,0,0,0,0,no_volume,0,0,0,0,0,0,186569,174283,-0.034,0,0,29,18,24,23,1
1775344684,23,76,0,0,0,0,no_volume,0,0,0,0,no_volume,0,0,0,0,no_volume,0,0,0,0,0,0,186569,174283,-0.034,0,0,29,18,24,23,1
1775344685,23,76,0,0,0,0,no_volume,0,0,0,0,no_volume,0,0,0,0,no_volume,0,0,0,0,0,0,186569,174283,-0.034,0,0,29,18,24,23,1
1775344686,23,76,0,0,0,0,no_volume,0,0,0,0,no_volume,0,0,0,0,no_volume,0,0,0,0,0,0,186569,174283,-0.034,0,0,29,18,24,23,1
1775344687,23,76,0,0,0,0,no_volume,0,0,0,0,no_volume,0,0,0,0,no_volume,0,0,0,0,0,0,186569,174283,-0.034,0,0,29,18,24,23,1
1775344688,23,76,0,0,0,0,no_volume,0,0,0,0,no_volume,0,0,0,0,no_volume,0,0,0,0,0,0,186569,174283,-0.034,0,0,29,18,24,23,1
1775344689,23,76,0,0,0,0,no_volume,0,0,0,0,no_volume,0,0,0,0,no_volume,0,0,0,0,0,0,186569,174283,-0.034,0,0,29,18,24,23,1
1775344690,23,76,0,0,0,0,no_volume,0,0,0,0,no_volume,0,0,0,0,no_volume,0,0,0,0,0,0,186569,174283,-0.034,0,0,29,18,24,23,1
1775344691,23,76,0,0,0,0,no_volume,0,0,0,0,no_volume,0,0,0,0,no_volume,0,0,0,0,0,0,186569,174283,-0.034,0,0,29,18,24,23,1
1775344692,23,76,0,0,0,0,no_volume,0,0,0,0,no_volume,0,0,0,0,no_volume,0,0,0,0,0,0,186569,174283,-0.034,0,0,29,18,24,23,1
1775344693,23,76,0,0,0,0,no_volume,0,0,0,0,no_volume,0,0,0,0,no_volume,0,0,0,0,0,0,186569,174283,-0.034,0,0,29,18,24,23,1
1775344694,23,76,0,0,0,0,no_volume,0,0,0,0,no_volume,0,0,0,0,no_volume,0,0,0,0,0,0,186569,174283,-0.034,0,0,29,18,24,23,1
1775344695,23,76,0,0,0,0,no_volume,0,0,0,0,no_volume,0,0,0,0,no_volume,0,0,0,0,0,0,186569,174283,-0.034,0,0,29,18,24,23,1
1775344696,23,76,0,0,0,0,no_volume,0,0,0,0,no_volume,0,0,0,0,no_volume,0,0,0,0,0,0,186569,174283,-0.034,0,0,29,18,24,23,1
1775344697,23,76,0,0,0,0,no_volume,0,0,0,0,no_volume,0,0,0,0,no_volume,0,0,0,0,0,0,186569,174283,-0.034,0,0,29,18,24,23,1
1775344698,23,76,0,0,0,0,no_volume,0,0,0,0,no_volume,0,0,0,0,no_volume,0,0,0,0,0,0,186569,174283,-0.034,0,0,29,18,24,23,1
1775344699,23,76,0,0,0,0,no_volume,0,0,0,0,no_volume,0,0,0,0,no_volume,0,0,0,0,0,0,186569,174283,-0.034,0,0,29,18,24,23,1
1775344700,23,76,0,0,0,0,no_volume,0,0,0,0,no_volume,0,0,0,0,no_volume,0,0,0,0,0,0,186569,174283,-0.034,0,0,29,18,24,23,1
1775344701,23,76,0,0,0,0,no_volume,0,0,0,0,no_volume,0,0,0,0,no_volume,0,0,0,0,0,0,186569,174283,-0.034,0,0,29,18,24,23,1
1775344702,23,76,0,0,0,0,no_volume,0,0,0,0,no_volume,0,0,0,0,no_volume,0,0,0,0,0,0,186569,174283,-0.034,0,0,29,18,24,23,1
1775344703,23,76,0,0,0,0,no_volume,0,0,0,0,no_volume,0,0,0,0,no_volume,0,0,0,0,0,0,186569,174283,-0.034,0,0,29,18,24,23,1
1775344704,23,76,0,0,0,0,no_volume,0,0,0,0,no_volume,0,0,0,0,no_volume,0,0,0,0,0,0,186569,174283,-0.034,0,0,29,18,24,23,1
1775344705,23,76,0,0,0,0,no_volume,0,0,0,0,no_volume,0,0,0,0,no_volume,0,0,0,0,0,0,186569,174283,-0.034,0,0,29,18,24,23,1
1775344706,23,76,0,0,0,0,no_volume,0,0,0,0,no_volume,0,0,0,0,no_volume,0,0,0,0,0,0,186569,174283,-0.034,0,0,29,18,24,23,1
1775344707,23,76,0,0,0,0,no_volume,0,0,0,0,no_volume,0,0,0,0,no_volume,0,0,0,0,0,0,186569,174283,-0.034,0,0,29,18,24,23,1
1775344708,23,76,0,0,0,0,no_volume,0,0,0,0,no_volume,0,0,0,0,no_volume,0,0,0,0,0,0,186569,174283,-0.034,0,0,29,18,24,23,1
1775344709,23,76,0,0,0,0,no_volume,0,0,0,0,no_volume,0,0,0,0,no_volume,0,0,0,0,0,0,186569,174283,-0.034,0,0,29,18,24,23,1
1775344710,23,76,0,0,0,0,no_volume,0,0,0,0,no_volume,0,0,0,0,no_volume,0,0,0,0,0,0,186569,174283,-0.034,0,0,29,18,24,23,1
1775344711,23,76,0,0,0,0,no_volume,0,0,0,0,no_volume,0,0,0,0,no_volume,0,0,0,0,0,0,186569,174283,-0.034,0,0,29,18,24,23,1
1775344712,23,76,0,0,0,0,no_volume,0,0,0,0,no_volume,0,0,0,0,no_volume,0,0,0,0,0,0,186569,174283,-0.034,0,0,29,18,24,23,1
1775344713,23,76,0,0,0,0,no_volume,0,0,0,0,no_volume,0,0,0,0,no_volume,0,0,0,0,0,0,186569,174283,-0.034,0,0,29,18,24,23,1
1775344714,23,76,0,0,0,0,no_volume,0,0,0,0,no_volume,0,0,0,0,no_volume,0,0,0,0,0,0,186569,174283,-0.034,0,0,29,18,24,23,1
1775344715,23,76,0,0,0,0,no_volume,0,0,0,0,no_volume,0,0,0,0,no_volume,0,0,0,0,0,0,186569,174283,-0.034,0,0,29,18,24,23,1
1775344716,23,76,0,0,0,0,no_volume,0,0,0,0,no_volume,0,0,0,0,no_volume,0,0,0,0,0,0,186569,174283,-0.034,0,0,29,18,24,23,1
1775344717,23,76,0,0,0,0,no_volume,0,0,0,0,no_volume,0,0,0,0,no_volume,0,0,0,0,0,0,186569,174283,-0.034,0,0,29,18,24,23,1
1775344718,23,76,0,0,0,0,no_volume,0,0,0,0,no_volume,0,0,0,0,no_volume,0,0,0,0,0,0,186569,174283,-0.034,0,0,29,18,24,23,1
1775344719,23,76,0,0,0,0,no_volume,0,0,0,0,no_volume,0,0,0,0,no_volume,0,0,0,0,0,0,186569,174283,-0.034,0,0,29,18,24,23,1
1775344720,23,76,0,0,0,0,no_volume,0,0,0,0,no_volume,0,0,0,0,no_volume,0,0,0,0,0,0,186569,174283,-0.034,0,0,29,18,24,23,1
1775344721,23,76,0,0,0,0,no_volume,0,0,0,0,no_volume,0,0,0,0,no_volume,0,0,0,0,0,0,186569,174283,-0.034,0,0,29,18,24,23,1
1775344722,23,76,0,0,0,0,no_volume,0,0,0,0,no_volume,0,0,0,0,no_volume,0,0,0,0,0,0,186569,174283,-0.034,0,0,29,18,24,23,1
1775344723,23,76,0,0,0,0,no_volume,0,0,0,0,no_volume,0,0,0,0,no_volume,0,0,0,0,0,0,186569,174283,-0.034,0,0,29,18,24,23,1
1775344724,23,76,0,0,0,0,no_volume,0,0,0,0,no_volume,0,0,0,0,no_volume,0,0,0,0,0,0,186569,174283,-0.034,0,0,29,18,24,23,1
1775344725,23,76,0,0,0,0,no_volume,0,0,0,0,no_volume,0,0,0,0,no_volume,0,0,0,0,0,0,186569,174283,-0.034,0,0,29,18,24,23,1
1775344726,23,76,0,0,0,0,no_volume,0,0,0,0,no_volume,0,0,0,0,no_volume,0,0,0,0,0,0,186569,174283,-0.034,0,0,29,18,24,23,1
1775344727,23,76,0,0,0,0,no_volume,0,0,0,0,no_volume,0,0,0,0,no_volume,0,0,0,0,0,0,186531,174283,-0.0339,-38,-38,29,18,24,23,1
1775344728,23,76,0,0,0,0,no_volume,0,0,0,0,no_volume,0,0,0,0,no_volume,0,0,0,0,0,0,186569,174283,-0.034,0,0,29,18,24,23,1
1775344729,23,76,0,0,0,0,no_volume,0,0,0,0,no_volume,0,0,0,0,no_volume,0,0,0,0,0,0,186569,174283,-0.034,0,0,29,18,24,23,1
1775344730,23,76,0,0,0,0,no_volume,0,0,0,0,no_volume,0,0,0,0,no_volume,0,0,0,0,0,0,186569,174283,-0.034,38,0,29,18,24,23,1
1775344731,23,76,0,0,0,0,no_volume,0,0,0,0,no_volume,0,0,0,0,no_volume,0,0,0,0,0,0,186569,174283,-0.034,0,0,29,18,24,23,1
1775344732,23,76,0,0,0,0,no_volume,0,0,0,0,no_volume,0,0,0,0,no_volume,0,0,0,0,0,0,186569,174283,-0.034,0,0,29,18,24,23,1
1775344733,23,76,0,0,0,0,no_volume,0,0,0,0,no_volume,0,0,0,0,no_volume,0,0,0,0,0,0,186569,174283,-0.034,0,0,29,18,24,23,1
1775344734,23,76,0,0,0,0,no_volume,0,0,0,0,no_volume,0,0,0,0,no_volume,0,0,0,0,0,0,186569,174283,-0.034,0,0,29,18,24,23,1
1775344735,23,76,0,0,0,0,no_volume,0,0,0,0,no_volume,0,0,0,0,no_volume,0,0,0,0,0,0,186569,174283,-0.034,0,0,29,18,24,23,1
1775344736,23,76,0,0,0,0,no_volume,0,0,0,0,no_volume,0,0,0,0,no_volume,0,0,0,0,0,0,186569,174283,-0.034,0,0,29,18,24,23,1
1775344737,23,76,0,0,0,0,no_volume,0,0,0,0,no_volume,0,0,0,0,no_volume,0,0,0,0,0,0,186569,174283,-0.034,0,38,29,18,24,23,1
1775344738,23,76,0,0,0,0,no_volume,0,0,0,0,no_volume,0,0,0,0,no_volume,0,0,0,0,0,0,186569,174283,-0.034,0,0,29,18,24,23,1
1775344739,23,76,0,0,0,0,no_volume,0,0,0,0,no_volume,0,0,0,0,no_volume,0,0,0,0,0,0,186569,174283,-0.034,0,0,29,18,24,23,1
1775344740,23,76,0,0,0,0,no_volume,0,0,0,0,no_volume,0,0,0,0,no_volume,0,0,0,0,0,0,186569,174283,-0.034,0,0,29,18,24,23,1
1775344741,23,76,0,0,0,0,no_volume,0,0,0,0,no_volume,0,0,0,0,no_volume,0,0,0,0,0,0,186569,174283,-0.034,0,0,29,18,24,23,1
1775344742,23,76,0,0,0,0,no_volume,0,0,0,0,no_volume,0,0,0,0,no_volume,0,0,0,0,0,0,186569,174283,-0.034,0,0,29,18,24,23,1
1775344743,23,76,0,0,0,0,no_volume,0,0,0,0,no_volume,0,0,0,0,no_volume,0,0,0,0,0,0,186569,174283,-0.034,0,0,29,18,24,23,1
1775344744,23,76,0,0,0,0,no_volume,0,0,0,0,no_volume,0,0,0,0,no_volume,0,0,0,0,0,0,186569,174283,-0.034,0,0,29,18,24,23,1
1775344745,23,76,0,0,0,0,no_volume,0,0,0,0,no_volume,0,0,0,0,no_volume,0,0,0,0,0,0,186569,174283,-0.034,0,0,29,18,24,23,1
1775344746,23,76,0,0,0,0,no_volume,0,0,0,0,no_volume,0,0,0,0,no_volume,0,0,0,0,0,0,186569,174283,-0.034,0,0,29,18,24,23,1
1775344747,23,76,0,0,0,0,no_volume,0,0,0,0,no_volume,0,0,0,0,no_volume,0,0,0,0,0,0,186156,173908,-0.034,-413,-413,29,18,24,23,1
1775344748,23,76,0,0,0,0,no_volume,0,0,0,0,no_volume,0,0,0,0,no_volume,0,0,0,0,0,0,186194,173908,-0.0341,-375,-375,29,18,24,23,1
1775344749,23,76,0,0,0,0,no_volume,0,0,0,0,no_volume,0,0,0,0,no_volume,0,0,0,0,0,0,186194,173908,-0.0341,-375,-375,29,18,24,23,1
1775344750,23,76,0,0,0,0,no_volume,0,0,0,0,no_volume,0,0,0,0,no_volume,0,0,0,0,0,0,186194,173908,-0.0341,38,-375,29,18,24,23,1
1775344751,23,76,0,0,0,0,no_volume,0,0,0,0,no_volume,0,0,0,0,no_volume,0,0,0,0,0,0,186194,173908,-0.0341,0,-375,29,18,24,23,1
1775344752,23,76,0,0,0,0,no_volume,0,0,0,0,no_volume,0,0,0,0,no_volume,0,0,0,0,0,0,186194,173908,-0.0341,0,-375,29,18,24,23,1
1775344753,23,76,0,0,0,0,no_volume,0,0,0,0,no_volume,0,0,0,0,no_volume,0,0,0,0,0,0,186194,173908,-0.0341,0,-375,29,18,24,23,1
1775344754,23,76,0,0,0,0,no_volume,0,0,0,0,no_volume,0,0,0,0,no_volume,0,0,0,0,0,0,186194,173908,-0.0341,0,-375,29,18,24,23,1
1775344755,23,76,0,0,0,0,no_volume,0,0,0,0,no_volume,0,0,0,0,no_volume,0,0,0,0,0,0,186194,173908,-0.0341,0,-375,29,18,24,23,1
1775344756,23,76,0,0,0,0,no_volume,0,0,0,0,no_volume,0,0,0,0,no_volume,0,0,0,0,0,0,186194,173908,-0.0341,0,-375,29,18,24,23,1
1775344757,23,76,0,0,0,0,no_volume,0,0,0,0,no_volume,0,0,0,0,no_volume,0,0,0,0,0,0,186194,173908,-0.0341,0,38,29,18,24,23,1
1775344758,23,76,0,0,0,0,no_volume,0,0,0,0,no_volume,0,0,0,0,no_volume,0,0,0,0,0,0,186194,173908,-0.0341,0,0,29,18,24,23,1
1775344759,23,76,0,0,0,0,no_volume,0,0,0,0,no_volume,0,0,0,0,no_volume,0,0,0,0,0,0,186194,173908,-0.0341,0,0,29,18,24,23,1
1775344760,23,76,0,0,0,0,no_volume,0,0,0,0,no_volume,0,0,0,0,no_volume,0,0,0,0,0,0,186194,173908,-0.0341,0,0,29,18,24,23,1
1775344761,23,76,0,0,0,0,no_volume,0,0,0,0,no_volume,0,0,0,0,no_volume,0,0,0,0,0,0,186194,173908,-0.0341,0,0,29,18,24,23,1
1775344762,23,76,0,0,0,0,no_volume,0,0,0,0,no_volume,0,0,0,0,no_volume,0,0,0,0,0,0,186194,173908,-0.0341,0,0,29,18,24,23,1
1775344763,23,76,0,0,0,0,no_volume,0,0,0,0,no_volume,0,0,0,0,no_volume,0,0,0,0,0,0,186194,173908,-0.0341,0,0,29,18,24,23,1
1775344764,23,76,0,0,0,0,no_volume,0,0,0,0,no_volume,0,0,0,0,no_volume,0,0,0,0,0,0,186194,173908,-0.0341,0,0,29,18,24,23,1
1775344765,23,76,0,0,0,0,no_volume,0,0,0,0,no_volume,0,0,0,0,no_volume,0,0,0,0,0,0,186194,173908,-0.0341,0,0,29,18,24,23,1
1775344766,23,76,0,0,0,0,no_volume,0,0,0,0,no_volume,0,0,0,0,no_volume,0,0,0,0,0,0,186194,173908,-0.0341,0,0,29,18,24,23,1
1775344767,23,76,0,0,0,0,no_volume,0,0,0,0,no_volume,0,0,0,0,no_volume,0,0,0,0,0,0,186194,173908,-0.0341,0,0,29,18,24,23,1
1775344768,23,76,0,0,0,0,no_volume,0,0,0,0,no_volume,0,0,0,0,no_volume,0,0,0,0,0,0,186194,173908,-0.0341,0,0,29,18,24,23,1
1775344769,23,76,0,0,0,0,no_volume,0,0,0,0,no_volume,0,0,0,0,no_volume,0,0,0,0,0,0,186194,173908,-0.0341,0,0,29,18,24,23,1
1775344770,23,76,0,0,0,0,no_volume,0,0,0,0,no_volume,0,0,0,0,no_volume,0,0,0,0,0,0,186194,173908,-0.0341,0,0,29,18,24,23,1
1775344771,23,76,0,0,0,0,no_volume,0,0,0,0,no_volume,0,0,0,0,no_volume,0,0,0,0,0,0,186194,173908,-0.0341,0,0,29,18,24,23,1
1775344772,23,76,0,0,0,0,no_volume,0,0,0,0,no_volume,0,0,0,0,no_volume,0,0,0,0,0,0,186194,173908,-0.0341,0,0,29,18,24,23,1
1775344773,23,76,0,0,0,0,no_volume,0,0,0,0,no_volume,0,0,0,0,no_volume,0,0,0,0,0,0,186194,173908,-0.0341,0,0,29,18,24,23,1
1775344774,23,76,0,0,0,0,no_volume,0,0,0,0,no_volume,0,0,0,0,no_volume,0,0,0,0,0,0,186194,173908,-0.0341,0,0,29,18,24,23,1
1775344775,23,76,0,0,0,0,no_volume,0,0,0,0,no_volume,0,0,0,0,no_volume,0,0,0,0,0,0,186194,173908,-0.0341,0,0,29,18,24,23,1
1775344776,23,76,0,0,0,0,no_volume,0,0,0,0,no_volume,0,0,0,0,no_volume,0,0,0,0,0,0,186194,173908,-0.0341,0,0,29,18,24,23,1
1775344777,23,76,0,0,0,0,no_volume,0,0,0,0,no_volume,0,0,0,0,no_volume,0,0,0,0,0,0,186205,173908,-0.0341,11,11,29,18,24,23,1
1775344778,23,76,0,0,0,0,no_volume,0,0,0,0,no_volume,0,0,0,0,no_volume,0,0,0,0,0,0,186205,173908,-0.0341,11,11,29,18,24,23,1
1775344779,23,76,0,0,0,0,no_volume,0,0,0,0,no_volume,0,0,0,0,no_volume,0,0,0,0,0,0,186224,173889,-0.0343,30,30,29,18,24,23,1
1775344780,23,76,0,0,0,0,no_volume,0,0,0,0,no_volume,0,0,0,0,no_volume,0,0,0,0,0,0,186213,173889,-0.0342,8,19,29,18,24,23,1
1775344781,23,76,0,0,0,0,no_volume,0,0,0,0,no_volume,0,0,0,0,no_volume,0,0,0,0,0,0,186213,173889,-0.0342,8,19,29,18,24,23,1
1775344782,23,76,0,0,0,0,no_volume,0,0,0,0,no_volume,0,0,0,0,no_volume,0,0,0,0,0,0,186213,173889,-0.0342,-11,19,29,18,24,23,1
1775344783,23,76,0,0,0,0,no_volume,0,0,0,0,no_volume,0,0,0,0,no_volume,0,0,0,0,0,0,186213,173889,-0.0342,0,19,29,18,24,23,1
1775344784,23,76,0,0,0,0,no_volume,0,0,0,0,no_volume,0,0,0,0,no_volume,0,0,0,0,0,0,186213,173889,-0.0342,0,19,29,18,24,23,1
1775344785,23,76,0,0,0,0,no_volume,0,0,0,0,no_volume,0,0,0,0,no_volume,0,0,0,0,0,0,186213,173889,-0.0342,0,19,29,18,24,23,1
1775344786,23,76,0,0,0,0,no_volume,0,0,0,0,no_volume,0,0,0,0,no_volume,0,0,0,0,0,0,186213,173889,-0.0342,0,19,29,18,24,23,1
1775344787,23,76,0,0,0,0,no_volume,0,0,0,0,no_volume,0,0,0,0,no_volume,0,0,0,0,0,0,186213,173889,-0.0342,0,8,29,18,24,23,1
1775344788,23,76,0,0,0,0,no_volume,0,0,0,0,no_volume,0,0,0,0,no_volume,0,0,0,0,0,0,186213,173889,-0.0342,0,8,29,18,24,23,1
1775344789,23,76,0,0,0,0,no_volume,0,0,0,0,no_volume,0,0,0,0,no_volume,0,0,0,0,0,0,186213,173889,-0.0342,0,-11,29,18,24,23,1
1775344790,23,76,0,0,0,0,no_volume,0,0,0,0,no_volume,0,0,0,0,no_volume,0,0,0,0,0,0,186213,173889,-0.0342,0,0,29,18,24,23,1
1775344791,23,76,0,0,0,0,no_volume,0,0,0,0,no_volume,0,0,0,0,no_volume,0,0,0,0,0,0,186213,173889,-0.0342,0,0,29,18,24,23,1
1775344792,23,76,0,0,0,0,no_volume,0,0,0,0,no_volume,0,0,0,0,no_volume,0,0,0,0,0,0,186213,173889,-0.0342,0,0,29,18,24,23,1
1775344793,23,76,0,0,0,0,no_volume,0,0,0,0,no_volume,0,0,0,0,no_volume,0,0,0,0,0,0,186213,173889,-0.0342,0,0,29,18,24,23,1
1775344794,23,76,0,0,0,0,no_volume,0,0,0,0,no_volume,0,0,0,0,no_volume,0,0,0,0,0,0,186213,173889,-0.0342,0,0,29,18,24,23,1
1775344795,23,76,0,0,0,0,no_volume,0,0,0,0,no_volume,0,0,0,0,no_volume,0,0,0,0,0,0,186213,173889,-0.0342,0,0,29,18,24,23,1
1775344796,23,76,0,0,0,0,no_volume,0,0,0,0,no_volume,0,0,0,0,no_volume,0,0,0,0,0,0,186213,173889,-0.0342,0,0,29,18,24,23,1
1775344797,23,76,0,0,0,0,no_volume,0,0,0,0,no_volume,0,0,0,0,no_volume,0,0,0,0,0,0,186213,173889,-0.0342,0,0,29,18,24,23,1
1775344798,23,76,0,0,0,0,no_volume,0,0,0,0,no_volume,0,0,0,0,no_volume,0,0,0,0,0,0,186213,173889,-0.0342,0,0,29,18,24,23,1
1775344799,23,76,0,0,0,0,no_volume,0,0,0,0,no_volume,0,0,0,0,no_volume,0,0,0,0,0,0,186213,173889,-0.0342,0,0,29,18,24,23,1
1775344800,23,76,0,0,0,0,no_volume,0,0,0,0,no_volume,0,0,0,0,no_volume,0,0,0,0,0,0,186213,173889,-0.0342,0,0,29,18,24,23,1
1775344801,23,76,0,0,0,0,no_volume,0,0,0,0,no_volume,0,0,0,0,no_volume,0,0,0,0,0,0,186213,173889,-0.0342,0,0,29,18,24,23,1
1775344802,23,76,0,0,0,0,no_volume,0,0,0,0,no_volume,0,0,0,0,no_volume,0,0,0,0,0,0,186213,173889,-0.0342,0,0,29,18,24,23,1
1775344803,23,76,0,0,0,0,no_volume,0,0,0,0,no_volume,0,0,0,0,no_volume,0,0,0,0,0,0,186213,173889,-0.0342,0,0,29,18,24,23,1
1775344804,23,76,0,0,0,0,no_volume,0,0,0,0,no_volume,0,0,0,0,no_volume,0,0,0,0,0,0,186213,173889,-0.0342,0,0,29,18,24,23,1
1775344805,23,76,0,0,0,0,no_volume,0,0,0,0,no_volume,0,0,0,0,no_volume,0,0,0,0,0,0,186213,173889,-0.0342,0,0,29,18,24,23,1
1775344806,23,76,0,0,0,0,no_volume,0,0,0,0,no_volume,0,0,0,0,no_volume,0,0,0,0,0,0,186213,173889,-0.0342,0,0,29,18,24,23,1
1775344807,23,76,0,0,0,0,no_volume,0,0,0,0,no_volume,0,0,0,0,no_volume,0,0,0,0,0,0,186213,173889,-0.0342,0,0,29,18,24,23,1
1775344808,23,76,0,0,0,0,no_volume,0,0,0,0,no_volume,0,0,0,0,no_volume,0,0,0,0,0,0,186213,173889,-0.0342,0,0,29,18,24,23,1
1775344809,23,76,0,0,0,0,no_volume,0,0,0,0,no_volume,0,0,0,0,no_volume,0,0,0,0,0,0,186213,173889,-0.0342,0,0,29,18,24,23,1
1775344810,23,76,0,0,0,0,no_volume,0,0,0,0,no_volume,0,0,0,0,no_volume,0,0,0,0,0,0,186213,173889,-0.0342,0,0,29,18,24,23,1
1775344811,23,76,0,0,0,0,no_volume,0,0,0,0,no_volume,0,0,0,0,no_volume,0,0,0,0,0,0,186213,173889,-0.0342,0,0,29,18,24,23,1
1775344812,23,76,0,0,0,0,no_volume,0,0,0,0,no_volume,0,0,0,0,no_volume,0,0,0,0,0,0,186126,173889,-0.034,-87,-87,29,18,24,23,1
1775344813,23,76,0,0,0,0,no_volume,0,0,0,0,no_volume,0,0,0,0,no_volume,0,0,0,0,0,0,186211,173889,-0.0342,-2,-2,29,18,24,23,1
1775344814,23,76,0,0,0,0,no_volume,0,0,0,0,no_volume,0,0,0,0,no_volume,0,0,0,0,0,0,186174,173889,-0.0341,-39,-39,29,18,24,23,1
1775344815,23,76,0,0,0,0,no_volume,0,0,0,0,no_volume,0,0,0,0,no_volume,0,0,0,0,0,0,186174,173889,-0.0341,48,-39,29,18,24,23,1
1775344816,23,76,0,0,0,0,no_volume,0,0,0,0,no_volume,0,0,0,0,no_volume,0,0,0,0,0,0,186174,173889,-0.0341,-37,-39,29,18,24,23,1
1775344817,23,76,0,0,0,0,no_volume,0,0,0,0,no_volume,0,0,0,0,no_volume,0,0,0,0,0,0,186174,173889,-0.0341,0,-39,29,18,24,23,1
1775344818,23,76,0,0,0,0,no_volume,0,0,0,0,no_volume,0,0,0,0,no_volume,0,0,0,0,0,0,186211,173889,-0.0342,37,-2,29,18,24,23,1
1775344819,23,76,0,0,0,0,no_volume,0,0,0,0,no_volume,0,0,0,0,no_volume,0,0,0,0,0,0,186211,173889,-0.0342,37,-2,29,18,24,23,1
1775344820,23,76,0,0,0,0,no_volume,0,0,0,0,no_volume,0,0,0,0,no_volume,0,0,0,0,0,0,186211,173889,-0.0342,37,-2,29,18,24,23,1
1775344821,23,76,0,0,0,0,no_volume,0,0,0,0,no_volume,0,0,0,0,no_volume,0,0,0,0,0,0,186211,173889,-0.0342,0,-2,29,18,24,23,1
1775344822,23,76,0,0,0,0,no_volume,0,0,0,0,no_volume,0,0,0,0,no_volume,0,0,0,0,0,0,186174,173889,-0.0341,-37,48,29,18,24,23,1
1775344823,23,76,0,0,0,0,no_volume,0,0,0,0,no_volume,0,0,0,0,no_volume,0,0,0,0,0,0,186211,173889,-0.0342,0,0,29,18,24,23,1
1775344824,23,76,0,0,0,0,no_volume,0,0,0,0,no_volume,0,0,0,0,no_volume,0,0,0,0,0,0,186211,173889,-0.0342,0,37,29,18,24,23,1
1775344825,23,76,0,0,0,0,no_volume,0,0,0,0,no_volume,0,0,0,0,no_volume,0,0,0,0,0,0,186211,173889,-0.0342,37,37,29,18,24,23,1
1775344826,23,76,0,0,0,0,no_volume,0,0,0,0,no_volume,0,0,0,0,no_volume,0,0,0,0,0,0,186211,173889,-0.0342,0,37,29,18,24,23,1
1775344827,23,76,0,0,0,0,no_volume,0,0,0,0,no_volume,0,0,0,0,no_volume,0,0,0,0,0,0,186211,173889,-0.0342,0,37,29,18,24,23,1
1775344828,23,76,0,0,0,0,no_volume,0,0,0,0,no_volume,0,0,0,0,no_volume,0,0,0,0,0,0,186211,173889,-0.0342,0,0,29,18,24,23,1
1775344829,23,76,0,0,0,0,no_volume,0,0,0,0,no_volume,0,0,0,0,no_volume,0,0,0,0,0,0,186211,173889,-0.0342,0,0,29,18,24,23,1
1775344830,23,76,0,0,0,0,no_volume,0,0,0,0,no_volume,0,0,0,0,no_volume,0,0,0,0,0,0,186211,173889,-0.0342,0,0,29,18,24,23,1
1775344831,23,76,0,0,0,0,no_volume,0,0,0,0,no_volume,0,0,0,0,no_volume,0,0,0,0,0,0,186211,173889,-0.0342,0,0,29,18,24,23,1
1775344832,23,76,0,0,0,0,no_volume,0,0,0,0,no_volume,0,0,0,0,no_volume,0,0,0,0,0,0,186211,173889,-0.0342,0,37,29,18,24,23,1
1775344833,23,76,0,0,0,0,no_volume,0,0,0,0,no_volume,0,0,0,0,no_volume,0,0,0,0,0,0,186211,173889,-0.0342,0,0,29,18,24,23,1
1775344834,23,76,0,0,0,0,no_volume,0,0,0,0,no_volume,0,0,0,0,no_volume,0,0,0,0,0,0,186211,173889,-0.0342,0,0,29,18,24,23,1
1775344835,23,76,0,0,0,0,no_volume,0,0,0,0,no_volume,0,0,0,0,no_volume,0,0,0,0,0,0,186211,173889,-0.0342,0,0,29,18,24,23,1
1775344836,23,76,0,0,0,0,no_volume,0,0,0,0,no_volume,0,0,0,0,no_volume,0,0,0,0,0,0,186211,173889,-0.0342,0,0,29,18,24,23,1
1775344837,23,76,0,0,0,0,no_volume,0,0,0,0,no_volume,0,0,0,0,no_volume,0,0,0,0,0,0,186211,173889,-0.0342,0,0,29,18,24,23,1
1775344838,23,76,0,0,0,0,no_volume,0,0,0,0,no_volume,0,0,0,0,no_volume,0,0,0,0,0,0,186211,173889,-0.0342,0,0,29,18,24,23,1
1775344839,23,76,0,0,0,0,no_volume,0,0,0,0,no_volume,0,0,0,0,no_volume,0,0,0,0,0,0,186211,173889,-0.0342,0,0,29,18,24,23,1
1775344840,23,76,0,0,0,0,no_volume,0,0,0,0,no_volume,0,0,0,0,no_volume,0,0,0,0,0,0,186211,173889,-0.0342,0,0,29,18,24,23,1
1775344841,23,76,0,0,0,0,no_volume,0,0,0,0,no_volume,0,0,0,0,no_volume,0,0,0,0,0,0,186211,173889,-0.0342,0,0,29,18,24,23,1
1775344842,23,76,0,0,0,0,no_volume,0,0,0,0,no_volume,0,0,0,0,no_volume,0,0,0,0,0,0,186211,173889,-0.0342,0,0,29,18,24,23,1
1775344843,23,76,0,0,0,0,no_volume,0,0,0,0,no_volume,0,0,0,0,no_volume,0,0,0,0,0,0,184211,173889,-0.0288,-2000,-2000,29,18,24,23,1
1775344844,23,76,0,0,0,0,no_volume,0,0,0,0,no_volume,0,0,0,0,no_volume,0,0,0,0,0,0,184211,173889,-0.0288,-2000,-2000,29,18,24,23,1
1775344845,23,76,0,0,0,0,no_volume,0,0,0,0,no_volume,0,0,0,0,no_volume,0,0,0,0,0,0,184211,173889,-0.0288,-2000,-2000,29,18,24,23,1
1775344846,23,76,0,0,0,0,no_volume,0,0,0,0,no_volume,0,0,0,0,no_volume,0,0,0,0,0,0,184211,173889,-0.0288,0,-2000,29,18,24,23,1
1775344847,23,76,0,0,0,0,no_volume,0,0,0,0,no_volume,0,0,0,0,no_volume,0,0,0,0,0,0,184211,173889,-0.0288,0,-2000,29,18,24,23,1
1775344848,23,76,0,0,0,0,no_volume,0,0,0,0,no_volume,0,0,0,0,no_volume,0,0,0,0,0,0,184211,173889,-0.0288,0,-2000,29,18,24,23,1
1775344849,23,76,0,0,0,0,no_volume,0,0,0,0,no_volume,0,0,0,0,no_volume,0,0,0,0,0,0,184211,173889,-0.0288,0,-2000,29,18,24,23,1
1775344850,23,76,0,0,0,0,no_volume,0,0,0,0,no_volume,0,0,0,0,no_volume,0,0,0,0,0,0,184211,173889,-0.0288,0,-2000,29,18,24,23,1
1775344851,23,76,0,0,0,0,no_volume,0,0,0,0,no_volume,0,0,0,0,no_volume,0,0,0,0,0,0,184211,173889,-0.0288,0,-2000,29,18,24,23,1
1775344852,23,76,0,0,0,0,no_volume,0,0,0,0,no_volume,0,0,0,0,no_volume,0,0,0,0,0,0,184211,173889,-0.0288,0,-2000,29,18,24,23,1
1775344853,23,76,0,0,0,0,no_volume,0,0,0,0,no_volume,0,0,0,0,no_volume,0,0,0,0,0,0,184211,173889,-0.0288,0,0,29,18,24,23,1
1775344854,23,76,0,0,0,0,no_volume,0,0,0,0,no_volume,0,0,0,0,no_volume,0,0,0,0,0,0,186211,173889,-0.0342,2000,2000,29,18,24,23,1
1775344855,23,76,0,0,0,0,no_volume,0,0,0,0,no_volume,0,0,0,0,no_volume,0,0,0,0,0,0,186211,173889,-0.0342,2000,2000,29,18,24,23,1
1775344856,23,76,0,0,0,0,no_volume,0,0,0,0,no_volume,0,0,0,0,no_volume,0,0,0,0,0,0,186211,173889,-0.0342,2000,2000,29,18,24,23,1
1775344857,23,76,0,0,0,0,no_volume,0,0,0,0,no_volume,0,0,0,0,no_volume,0,0,0,0,0,0,186211,173889,-0.0342,0,2000,29,18,24,23,1
1775344858,23,76,0,0,0,0,no_volume,0,0,0,0,no_volume,0,0,0,0,no_volume,0,0,0,0,0,0,186211,173889,-0.0342,0,2000,29,18,24,23,1
1775344859,23,76,0,0,0,0,no_volume,0,0,0,0,no_volume,0,0,0,0,no_volume,0,0,0,0,0,0,186211,173889,-0.0342,0,2000,29,18,24,23,1
1775344860,23,76,0,0,0,0,no_volume,0,0,0,0,no_volume,0,0,0,0,no_volume,0,0,0,0,0,0,186211,173889,-0.0342,0,2000,29,18,24,23,1
1775344861,23,76,0,0,0,0,no_volume,0,0,0,0,no_volume,0,0,0,0,no_volume,0,0,0,0,0,0,186211,173889,-0.0342,0,2000,29,18,24,23,1
1775344862,23,76,0,0,0,0,no_volume,0,0,0,0,no_volume,0,0,0,0,no_volume,0,0,0,0,0,0,186211,173889,-0.0342,0,2000,29,18,24,23,1
1775344863,23,76,0,0,0,0,no_volume,0,0,0,0,no_volume,0,0,0,0,no_volume,0,0,0,0,0,0,186211,173889,-0.0342,0,2000,29,18,24,23,1
1775344864,23,76,0,0,0,0,no_volume,0,0,0,0,no_volume,0,0,0,0,no_volume,0,0,0,0,0,0,186211,173889,-0.0342,0,0,29,18,24,23,1
1775344865,23,76,0,0,0,0,no_volume,0,0,0,0,no_volume,0,0,0,0,no_volume,0,0,0,0,0,0,186211,173889,-0.0342,0,0,29,18,24,23,1
1775344866,23,76,0,0,0,0,no_volume,0,0,0,0,no_volume,0,0,0,0,no_volume,0,0,0,0,0,0,186211,173889,-0.0342,0,0,29,18,24,23,1
1775344867,23,76,0,0,0,0,no_volume,0,0,0,0,no_volume,0,0,0,0,no_volume,0,0,0,0,0,0,186211,173889,-0.0342,0,0,29,18,24,23,1
1775344868,23,76,0,0,0,0,no_volume,0,0,0,0,no_volume,0,0,0,0,no_volume,0,0,0,0,0,0,186211,173889,-0.0342,0,0,29,18,24,23,1
1775344869,23,76,0,0,0,0,no_volume,0,0,0,0,no_volume,0,0,0,0,no_volume,0,0,0,0,0,0,186211,173889,-0.0342,0,0,29,18,24,23,1
1775344870,23,76,0,0,0,0,no_volume,0,0,0,0,no_volume,0,0,0,0,no_volume,0,0,0,0,0,0,186211,173889,-0.0342,0,0,29,18,24,23,1
1775344871,23,76,0,0,0,0,no_volume,0,0,0,0,no_volume,0,0,0,0,no_volume,0,0,0,0,0,0,186211,173889,-0.0342,0,0,29,18,24,23,1
1775344872,23,76,0,0,0,0,no_volume,0,0,0,0,no_volume,0,0,0,0,no_volume,0,0,0,0,0,0,186211,173889,-0.0342,0,0,29,18,24,23,1
1775344873,23,76,0,0,0,0,no_volume,0,0,0,0,no_volume,0,0,0,0,no_volume,0,0,0,0,0,0,186211,173889,-0.0342,0,0,29,18,24,23,1
1775344874,23,76,0,0,0,0,no_volume,0,0,0,0,no_volume,0,0,0,0,no_volume,0,0,0,0,0,0,186211,173889,-0.0342,0,0,29,18,24,23,1
1775344875,23,76,0,0,0,0,no_volume,0,0,0,0,no_volume,0,0,0,0,no_volume,0,0,0,0,0,0,186211,173889,-0.0342,0,0,29,18,24,23,1
1775344876,23,76,0,0,0,0,no_volume,0,0,0,0,no_volume,0,0,0,0,no_volume,0,0,0,0,0,0,186211,173889,-0.0342,0,0,29,18,24,23,1
1775344877,23,76,0,0,0,0,no_volume,0,0,0,0,no_volume,0,0,0,0,no_volume,0,0,0,0,0,0,186211,173889,-0.0342,0,0,29,18,24,23,1
1775344878,23,76,0,0,0,0,no_volume,0,0,0,0,no_volume,0,0,0,0,no_volume,0,0,0,0,0,0,186211,173889,-0.0342,0,0,29,18,24,23,1
1775344879,23,76,0,0,0,0,no_volume,0,0,0,0,no_volume,0,0,0,0,no_volume,0,0,0,0,0,0,186211,173889,-0.0342,0,0,29,18,24,23,1
1775344880,23,76,0,0,0,0,no_volume,0,0,0,0,no_volume,0,0,0,0,no_volume,0,0,0,0,0,0,186211,173889,-0.0342,0,0,29,18,24,23,1
1775344881,23,76,0,0,0,0,no_volume,0,0,0,0,no_volume,0,0,0,0,no_volume,0,0,0,0,0,0,186211,173889,-0.0342,0,0,29,18,24,23,1
1775344882,23,76,0,0,0,0,no_volume,0,0,0,0,no_volume,0,0,0,0,no_volume,0,0,0,0,0,0,186211,173889,-0.0342,0,0,29,18,24,23,1
1775344883,23,76,0,0,0,0,no_volume,0,0,0,0,no_volume,0,0,0,0,no_volume,0,0,0,0,0,0,186211,173889,-0.0342,0,0,29,18,24,23,1
1775344884,23,76,0,0,0,0,no_volume,0,0,0,0,no_volume,0,0,0,0,no_volume,0,0,0,0,0,0,186211,173889,-0.0342,0,0,29,18,24,23,1
1775344885,23,76,0,0,0,0,no_volume,0,0,0,0,no_volume,0,0,0,0,no_volume,0,0,0,0,0,0,186211,173889,-0.0342,0,0,29,18,24,23,1
1775344886,23,76,0,0,0,0,no_volume,0,0,0,0,no_volume,0,0,0,0,no_volume,0,0,0,0,0,0,186211,173889,-0.0342,0,0,29,18,24,23,1
1775344887,23,76,0,0,0,0,no_volume,0,0,0,0,no_volume,0,0,0,0,no_volume,0,0,0,0,0,0,186211,173889,-0.0342,0,0,29,18,24,23,1
1775344888,23,76,0,0,0,0,no_volume,0,0,0,0,no_volume,0,0,0,0,no_volume,0,0,0,0,0,0,186211,173889,-0.0342,0,0,29,18,24,23,1
1775344889,23,76,0,0,0,0,no_volume,0,0,0,0,no_volume,0,0,0,0,no_volume,0,0,0,0,0,0,186211,173889,-0.0342,0,0,29,18,24,23,1
1775344890,23,76,0,0,0,0,no_volume,0,0,0,0,no_volume,0,0,0,0,no_volume,0,0,0,0,0,0,186211,173889,-0.0342,0,0,29,18,24,23,1
1775344891,23,76,0,0,0,0,no_volume,0,0,0,0,no_volume,0,0,0,0,no_volume,0,0,0,0,0,0,186211,173889,-0.0342,0,0,29,18,24,23,1
1775344892,23,76,0,0,0,0,no_volume,0,0,0,0,no_volume,0,0,0,0,no_volume,0,0,0,0,0,0,186211,173889,-0.0342,0,0,29,18,24,23,1
1775344893,23,76,0,0,0,0,no_volume,0,0,0,0,no_volume,0,0,0,0,no_volume,0,0,0,0,0,0,186211,173889,-0.0342,0,0,29,18,24,23,1
1775344894,23,76,0,0,0,0,no_volume,0,0,0,0,no_volume,0,0,0,0,no_volume,0,0,0,0,0,0,186211,173889,-0.0342,0,0,29,18,24,23,1
1775344895,23,76,0,0,0,0,no_volume,0,0,0,0,no_volume,0,0,0,0,no_volume,0,0,0,0,0,0,186211,173889,-0.0342,0,0,29,18,24,23,1
1775344896,23,76,0,0,0,0,no_volume,0,0,0,0,no_volume,0,0,0,0,no_volume,0,0,0,0,0,0,186211,173889,-0.0342,0,0,29,18,24,23,1
1775344897,23,76,0,0,0,0,no_volume,0,0,0,0,no_volume,0,0,0,0,no_volume,0,0,0,0,0,0,186211,173889,-0.0342,0,0,29,18,24,23,1
1775344898,23,76,0,0,0,0,no_volume,0,0,0,0,no_volume,0,0,0,0,no_volume,0,0,0,0,0,0,186211,173889,-0.0342,0,0,29,18,24,23,1
1775344899,23,76,0,0,0,0,no_volume,0,0,0,0,no_volume,0,0,0,0,no_volume,0,0,0,0,0,0,186211,173889,-0.0342,0,0,29,18,24,23,1
1775344900,23,76,0,0,0,0,no_volume,0,0,0,0,no_volume,0,0,0,0,no_volume,0,0,0,0,0,0,186211,173889,-0.0342,0,0,29,18,24,23,1
1775344901,23,76,0,0,0,0,no_volume,0,0,0,0,no_volume,0,0,0,0,no_volume,0,0,0,0,0,0,186211,173889,-0.0342,0,0,29,18,24,23,1
1775344902,23,76,0,0,0,0,no_volume,0,0,0,0,no_volume,0,0,0,0,no_volume,0,0,0,0,0,0,186211,173889,-0.0342,0,0,29,18,24,23,1
1775344903,23,76,0,0,0,0,no_volume,0,0,0,0,no_volume,0,0,0,0,no_volume,0,0,0,0,0,0,186211,173889,-0.0342,0,0,29,18,24,23,1
1775344904,23,76,0,0,0,0,no_volume,0,0,0,0,no_volume,0,0,0,0,no_volume,0,0,0,0,0,0,186211,173889,-0.0342,0,0,29,18,24,23,1
1775344905,23,76,0,0,0,0,no_volume,0,0,0,0,no_volume,0,0,0,0,no_volume,0,0,0,0,0,0,186211,173889,-0.0342,0,0,29,18,24,23,1
1775344906,23,76,0,0,0,0,no_volume,0,0,0,0,no_volume,0,0,0,0,no_volume,0,0,0,0,0,0,186211,173889,-0.0342,0,0,29,18,24,23,1
1775344907,23,76,0,0,0,0,no_volume,0,0,0,0,no_volume,0,0,0,0,no_volume,0,0,0,0,0,0,186211,173889,-0.0342,0,0,29,18,24,23,1
1775344908,23,76,0,0,0,0,no_volume,0,0,0,0,no_volume,0,0,0,0,no_volume,0,0,0,0,0,0,186211,173889,-0.0342,0,0,29,18,24,23,1
1775344909,23,76,0,0,0,0,no_volume,0,0,0,0,no_volume,0,0,0,0,no_volume,0,0,0,0,0,0,186211,173889,-0.0342,0,0,29,18,24,23,1
1775344910,23,76,0,0,0,0,no_volume,0,0,0,0,no_volume,0,0,0,0,no_volume,0,0,0,0,0,0,186211,173889,-0.0342,0,0,29,18,24,23,1
1775344911,23,76,0,0,0,0,no_volume,0,0,0,0,no_volume,0,0,0,0,no_volume,0,0,0,0,0,0,186211,173889,-0.0342,0,0,29,18,24,23,1
1775344912,23,76,0,0,0,0,no_volume,0,0,0,0,no_volume,0,0,0,0,no_volume,0,0,0,0,0,0,186211,173889,-0.0342,0,0,29,18,24,23,1
1775344913,23,76,0,0,0,0,no_volume,0,0,0,0,no_volume,0,0,0,0,no_volume,0,0,0,0,0,0,186211,173889,-0.0342,0,0,29,18,24,23,1
1775344914,23,76,0,0,0,0,no_volume,0,0,0,0,no_volume,0,0,0,0,no_volume,0,0,0,0,0,0,186211,173889,-0.0342,0,0,29,18,24,23,1
1775344915,23,76,0,0,0,0,no_volume,0,0,0,0,no_volume,0,0,0,0,no_volume,0,0,0,0,0,0,186211,173889,-0.0342,0,0,29,18,24,23,1
1775344916,23,76,0,0,0,0,no_volume,0,0,0,0,no_volume,0,0,0,0,no_volume,0,0,0,0,0,0,182174,172889,-0.0262,-4037,-4037,29,18,24,23,1
1775344917,23,76,0,0,0,0,no_volume,0,0,0,0,no_volume,0,0,0,0,no_volume,0,0,0,0,0,0,182174,172889,-0.0262,-4037,-4037,29,18,24,23,1
1775344918,23,76,0,0,0,0,no_volume,0,0,0,0,no_volume,0,0,0,0,no_volume,0,0,0,0,0,0,182174,172889,-0.0262,-4037,-4037,29,18,24,23,1
1775344919,23,76,0,0,0,0,no_volume,0,0,0,0,no_volume,0,0,0,0,no_volume,0,0,0,0,0,0,182174,172889,-0.0262,0,-4037,29,18,24,23,1
1775344920,23,76,0,0,0,0,no_volume,0,0,0,0,no_volume,0,0,0,0,no_volume,0,0,0,0,0,0,182174,172889,-0.0262,0,-4037,29,18,24,23,1
1775344921,23,76,0,0,0,0,no_volume,0,0,0,0,no_volume,0,0,0,0,no_volume,0,0,0,0,0,0,182174,172889,-0.0262,0,-4037,29,18,24,23,1
1775344922,23,76,0,0,0,0,no_volume,0,0,0,0,no_volume,0,0,0,0,no_volume,0,0,0,0,0,0,182174,172889,-0.0262,0,-4037,29,18,24,23,1
1775344923,23,76,0,0,0,0,no_volume,0,0,0,0,no_volume,0,0,0,0,no_volume,0,0,0,0,0,0,182174,172889,-0.0262,0,-4037,29,18,24,23,1
1775344924,23,76,0,0,0,0,no_volume,0,0,0,0,no_volume,0,0,0,0,no_volume,0,0,0,0,0,0,182174,172889,-0.0262,0,-4037,29,18,24,23,1
1775344925,23,76,0,0,0,0,no_volume,0,0,0,0,no_volume,0,0,0,0,no_volume,0,0,0,0,0,0,182174,172889,-0.0262,0,-4037,29,18,24,23,1
1775344926,23,76,0,0,0,0,no_volume,0,0,0,0,no_volume,0,0,0,0,no_volume,0,0,0,0,0,0,182174,172889,-0.0262,0,0,29,18,24,23,1
1775344927,23,76,0,0,0,0,no_volume,0,0,0,0,no_volume,0,0,0,0,no_volume,0,0,0,0,0,0,182174,172889,-0.0262,0,0,29,18,24,23,1
1775344928,23,76,0,0,0,0,no_volume,0,0,0,0,no_volume,0,0,0,0,no_volume,0,0,0,0,0,0,182174,172889,-0.0262,0,0,29,18,24,23,1
1775344929,23,76,0,0,0,0,no_volume,0,0,0,0,no_volume,0,0,0,0,no_volume,0,0,0,0,0,0,182174,172889,-0.0262,0,0,29,18,24,23,1
1775344930,23,76,0,0,0,0,no_volume,0,0,0,0,no_volume,0,0,0,0,no_volume,0,0,0,0,0,0,182174,172889,-0.0262,0,0,29,18,24,23,1
1775344931,23,76,0,0,0,0,no_volume,0,0,0,0,no_volume,0,0,0,0,no_volume,0,0,0,0,0,0,182174,172889,-0.0262,0,0,29,18,24,23,1
1775344932,23,76,0,0,0,0,no_volume,0,0,0,0,no_volume,0,0,0,0,no_volume,0,0,0,0,0,0,182174,172889,-0.0262,0,0,29,18,24,23,1
1775344933,23,76,0,0,0,0,no_volume,0,0,0,0,no_volume,0,0,0,0,no_volume,0,0,0,0,0,0,182174,172889,-0.0262,0,0,29,18,24,23,1
1775344934,23,76,0,0,0,0,no_volume,0,0,0,0,no_volume,0,0,0,0,no_volume,0,0,0,0,0,0,182174,172889,-0.0262,0,0,29,18,24,23,1
1775344935,23,76,0,0,0,0,no_volume,0,0,0,0,no_volume,0,0,0,0,no_volume,0,0,0,0,0,0,182174,172889,-0.0262,0,0,29,18,24,23,1
1775344936,23,76,0,0,0,0,no_volume,0,0,0,0,no_volume,0,0,0,0,no_volume,0,0,0,0,0,0,182174,172889,-0.0262,0,0,29,18,24,23,1
1775344937,23,76,0,0,0,0,no_volume,0,0,0,0,no_volume,0,0,0,0,no_volume,0,0,0,0,0,0,182174,172889,-0.0262,0,0,29,18,24,23,1
1775344938,23,76,0,0,0,0,no_volume,0,0,0,0,no_volume,0,0,0,0,no_volume,0,0,0,0,0,0,182174,172889,-0.0262,0,0,29,18,24,23,1
1775344939,23,76,0,0,0,0,no_volume,0,0,0,0,no_volume,0,0,0,0,no_volume,0,0,0,0,0,0,182174,172889,-0.0262,0,0,29,18,24,23,1
1775344940,23,76,0,0,0,0,no_volume,0,0,0,0,no_volume,0,0,0,0,no_volume,0,0,0,0,0,0,182174,172889,-0.0262,0,0,29,18,24,23,1
1775344941,23,76,0,0,0,0,no_volume,0,0,0,0,no_volume,0,0,0,0,no_volume,0,0,0,0,0,0,182174,172889,-0.0262,0,0,29,18,24,23,1
1775344942,23,76,0,0,0,0,no_volume,0,0,0,0,no_volume,0,0,0,0,no_volume,0,0,0,0,0,0,182174,172889,-0.0262,0,0,29,18,24,23,1
1775344943,23,76,0,0,0,0,no_volume,0,0,0,0,no_volume,0,0,0,0,no_volume,0,0,0,0,0,0,182174,172889,-0.0262,0,0,29,18,24,23,1
1775344944,23,76,0,0,0,0,no_volume,0,0,0,0,no_volume,0,0,0,0,no_volume,0,0,0,0,0,0,182174,172889,-0.0262,0,0,29,18,24,23,1
1775344945,23,76,0,0,0,0,no_volume,0,0,0,0,no_volume,0,0,0,0,no_volume,0,0,0,0,0,0,182174,172889,-0.0262,0,0,29,18,24,23,1
1775344946,23,76,0,0,0,0,no_volume,0,0,0,0,no_volume,0,0,0,0,no_volume,0,0,0,0,0,0,182158,172995,-0.0258,-16,-16,29,18,24,23,1
1775344947,23,76,0,0,0,0,no_volume,0,0,0,0,no_volume,0,0,0,0,no_volume,0,0,0,0,0,0,184158,174495,-0.0269,1984,1984,29,18,24,23,1
1775344948,23,76,0,0,0,0,no_volume,0,0,0,0,no_volume,0,0,0,0,no_volume,0,0,0,0,0,0,184158,174495,-0.0269,1984,1984,29,18,24,23,1
1775344949,23,76,0,0,0,0,no_volume,0,0,0,0,no_volume,0,0,0,0,no_volume,0,0,0,0,0,0,184158,174495,-0.0269,2000,1984,29,18,24,23,1
1775344950,23,76,0,0,0,0,no_volume,0,0,0,0,no_volume,0,0,0,0,no_volume,0,0,0,0,0,0,184158,174495,-0.0269,0,1984,29,18,24,23,1
1775344951,23,76,0,0,0,0,no_volume,0,0,0,0,no_volume,0,0,0,0,no_volume,0,0,0,0,0,0,184158,174495,-0.0269,0,1984,29,18,24,23,1
1775344952,23,76,0,0,0,0,no_volume,0,0,0,0,no_volume,0,0,0,0,no_volume,0,0,0,0,0,0,184158,174495,-0.0269,0,1984,29,18,24,23,1
1775344953,23,76,0,0,0,0,no_volume,0,0,0,0,no_volume,0,0,0,0,no_volume,0,0,0,0,0,0,184158,174495,-0.0269,0,1984,29,18,24,23,1
1775344954,23,76,0,0,0,0,no_volume,0,0,0,0,no_volume,0,0,0,0,no_volume,0,0,0,0,0,0,184160,174433,-0.0271,2,1986,29,18,24,23,1
1775344955,23,76,0,0,0,0,no_volume,0,0,0,0,no_volume,0,0,0,0,no_volume,0,0,0,0,0,0,184160,174433,-0.0271,2,1986,29,18,24,23,1
1775344956,23,76,0,0,0,0,no_volume,0,0,0,0,no_volume,0,0,0,0,no_volume,0,0,0,0,0,0,184160,173948,-0.0285,2,2002,29,18,24,23,1
1775344957,23,76,0,0,0,0,no_volume,0,0,0,0,no_volume,0,0,0,0,no_volume,0,0,0,0,0,0,185160,174448,-0.0298,1000,1002,29,18,24,23,1
1775344958,23,76,0,0,0,0,no_volume,0,0,0,0,no_volume,0,0,0,0,no_volume,0,0,0,0,0,0,185123,173948,-0.0311,963,965,29,18,24,23,1
1775344959,23,76,0,0,0,0,no_volume,0,0,0,0,no_volume,0,0,0,0,no_volume,0,0,0,0,0,0,184160,173948,-0.0285,0,2,29,18,24,23,1
1775344960,23,76,0,0,0,0,no_volume,0,0,0,0,no_volume,0,0,0,0,no_volume,0,0,0,0,0,0,184123,173948,-0.0284,-1037,-35,29,18,24,23,1
1775344961,23,76,0,0,0,0,no_volume,0,0,0,0,no_volume,0,0,0,0,no_volume,0,0,0,0,0,0,184123,173948,-0.0284,-1000,-35,29,18,24,23,1
1775344962,23,76,0,0,0,0,no_volume,0,0,0,0,no_volume,0,0,0,0,no_volume,0,0,0,0,0,0,184123,173948,-0.0284,-37,-35,29,18,24,23,1
1775344963,23,76,0,0,0,0,no_volume,0,0,0,0,no_volume,0,0,0,0,no_volume,0,0,0,0,0,0,184123,173948,-0.0284,0,-35,29,18,24,23,1
1775344964,23,76,0,0,0,0,no_volume,0,0,0,0,no_volume,0,0,0,0,no_volume,0,0,0,0,0,0,184123,173948,-0.0284,0,-37,29,18,24,23,1
1775344965,23,76,0,0,0,0,no_volume,0,0,0,0,no_volume,0,0,0,0,no_volume,0,0,0,0,0,0,184123,173948,-0.0284,0,-37,29,18,24,23,1
1775344966,23,76,0,0,0,0,no_volume,0,0,0,0,no_volume,0,0,0,0,no_volume,0,0,0,0,0,0,184123,173948,-0.0284,0,-37,29,18,24,23,1
1775344967,23,76,0,0,0,0,no_volume,0,0,0,0,no_volume,0,0,0,0,no_volume,0,0,0,0,0,0,184123,173948,-0.0284,0,-1037,29,18,24,23,1
1775344968,23,76,0,0,0,0,no_volume,0,0,0,0,no_volume,0,0,0,0,no_volume,0,0,0,0,0,0,184123,173948,-0.0284,0,-1000,29,18,24,23,1
1775344969,23,76,0,0,0,0,no_volume,0,0,0,0,no_volume,0,0,0,0,no_volume,0,0,0,0,0,0,184160,173948,-0.0285,37,0,29,18,24,23,1
1775344970,23,76,0,0,0,0,no_volume,0,0,0,0,no_volume,0,0,0,0,no_volume,0,0,0,0,0,0,184160,173948,-0.0285,37,37,29,18,24,23,1
1775344971,23,76,0,0,0,0,no_volume,0,0,0,0,no_volume,0,0,0,0,no_volume,0,0,0,0,0,0,184160,173948,-0.0285,37,37,29,18,24,23,1
1775344972,23,76,0,0,0,0,no_volume,0,0,0,0,no_volume,0,0,0,0,no_volume,0,0,0,0,0,0,184160,173948,-0.0285,0,37,29,18,24,23,1
1775344973,23,76,0,0,0,0,no_volume,0,0,0,0,no_volume,0,0,0,0,no_volume,0,0,0,0,0,0,184160,173948,-0.0285,0,37,29,18,24,23,1
1775344974,23,76,0,0,0,0,no_volume,0,0,0,0,no_volume,0,0,0,0,no_volume,0,0,0,0,0,0,184160,173948,-0.0285,0,37,29,18,24,23,1
1775344975,23,76,0,0,0,0,no_volume,0,0,0,0,no_volume,0,0,0,0,no_volume,0,0,0,0,0,0,184160,173948,-0.0285,0,37,29,18,24,23,1
1775344976,23,76,0,0,0,0,no_volume,0,0,0,0,no_volume,0,0,0,0,no_volume,0,0,0,0,0,0,184171,173982,-0.0284,11,48,29,18,24,23,1
1775344977,23,76,0,0,0,0,no_volume,0,0,0,0,no_volume,0,0,0,0,no_volume,0,0,0,0,0,0,184171,173982,-0.0284,11,48,29,18,24,23,1
1775344978,23,76,0,0,0,0,no_volume,0,0,0,0,no_volume,0,0,0,0,no_volume,0,0,0,0,0,0,184171,173982,-0.0284,11,48,29,18,24,23,1
1775344979,23,76,0,0,0,0,no_volume,0,0,0,0,no_volume,0,0,0,0,no_volume,0,0,0,0,0,0,184171,173982,-0.0284,0,11,29,18,24,23,1
1775344980,23,76,0,0,0,0,no_volume,0,0,0,0,no_volume,0,0,0,0,no_volume,0,0,0,0,0,0,184171,173982,-0.0284,0,11,29,18,24,23,1
1775344981,23,76,0,0,0,0,no_volume,0,0,0,0,no_volume,0,0,0,0,no_volume,0,0,0,0,0,0,184171,173982,-0.0284,0,11,29,18,24,23,1
1775344982,23,76,0,0,0,0,no_volume,0,0,0,0,no_volume,0,0,0,0,no_volume,0,0,0,0,0,0,184171,173982,-0.0284,0,11,29,18,24,23,1
1775344983,23,76,0,0,0,0,no_volume,0,0,0,0,no_volume,0,0,0,0,no_volume,0,0,0,0,0,0,184171,173982,-0.0284,0,11,29,18,24,23,1
1775344984,23,76,0,0,0,0,no_volume,0,0,0,0,no_volume,0,0,0,0,no_volume,0,0,0,0,0,0,184171,173982,-0.0284,0,11,29,18,24,23,1
1775344985,23,76,0,0,0,0,no_volume,0,0,0,0,no_volume,0,0,0,0,no_volume,0,0,0,0,0,0,184171,173982,-0.0284,0,11,29,18,24,23,1
1775344986,23,76,0,0,0,0,no_volume,0,0,0,0,no_volume,0,0,0,0,no_volume,0,0,0,0,0,0,184171,173982,-0.0284,0,0,29,18,24,23,1
1775344987,23,76,0,0,0,0,no_volume,0,0,0,0,no_volume,0,0,0,0,no_volume,0,0,0,0,0,0,184171,173982,-0.0284,0,0,29,18,24,23,1
1775344988,23,76,0,0,0,0,no_volume,0,0,0,0,no_volume,0,0,0,0,no_volume,0,0,0,0,0,0,184160,172320,-0.0332,-11,-11,29,18,24,23,1
1775344989,23,76,0,0,0,0,no_volume,0,0,0,0,no_volume,0,0,0,0,no_volume,0,0,0,0,0,0,184160,172320,-0.0332,-11,-11,29,18,24,23,1
1775344990,23,76,0,0,0,0,no_volume,0,0,0,0,no_volume,0,0,0,0,no_volume,0,0,0,0,0,0,184160,172320,-0.0332,-11,-11,29,18,24,23,1
1775344991,23,76,0,0,0,0,no_volume,0,0,0,0,no_volume,0,0,0,0,no_volume,0,0,0,0,0,0,184160,172320,-0.0332,0,-11,29,18,24,23,1
1775344992,23,76,0,0,0,0,no_volume,0,0,0,0,no_volume,0,0,0,0,no_volume,0,0,0,0,0,0,184160,172320,-0.0332,0,-11,29,18,24,23,1
1775344993,23,76,0,0,0,0,no_volume,0,0,0,0,no_volume,0,0,0,0,no_volume,0,0,0,0,0,0,184160,172320,-0.0332,0,-11,29,18,24,23,1
1775344994,23,76,0,0,0,0,no_volume,0,0,0,0,no_volume,0,0,0,0,no_volume,0,0,0,0,0,0,184160,172320,-0.0332,0,-11,29,18,24,23,1
1775344995,23,76,0,0,0,0,no_volume,0,0,0,0,no_volume,0,0,0,0,no_volume,0,0,0,0,0,0,184160,172320,-0.0332,0,-11,29,18,24,23,1
1775344996,23,76,0,0,0,0,no_volume,0,0,0,0,no_volume,0,0,0,0,no_volume,0,0,0,0,0,0,184160,172320,-0.0332,0,-11,29,18,24,23,1
1775344997,23,76,0,0,0,0,no_volume,0,0,0,0,no_volume,0,0,0,0,no_volume,0,0,0,0,0,0,184160,172320,-0.0332,0,-11,29,18,24,23,1
1775344998,23,76,0,0,0,0,no_volume,0,0,0,0,no_volume,0,0,0,0,no_volume,0,0,0,0,0,0,184160,172320,-0.0332,0,0,29,18,24,23,1
1775344999,23,76,0,0,0,0,no_volume,0,0,0,0,no_volume,0,0,0,0,no_volume,0,0,0,0,0,0,184160,172320,-0.0332,0,0,29,18,24,23,1
1775345000,23,76,0,0,0,0,no_volume,0,0,0,0,no_volume,0,0,0,0,no_volume,0,0,0,0,0,0,184160,172320,-0.0332,0,0,29,18,24,23,1
1775345001,23,76,0,0,0,0,no_volume,0,0,0,0,no_volume,0,0,0,0,no_volume,0,0,0,0,0,0,184160,172320,-0.0332,0,0,29,18,24,23,1
1775345002,23,76,0,0,0,0,no_volume,0,0,0,0,no_volume,0,0,0,0,no_volume,0,0,0,0,0,0,184160,172320,-0.0332,0,0,29,18,24,23,1
1775345003,23,76,0,0,0,0,no_volume,0,0,0,0,no_volume,0,0,0,0,no_volume,0,0,0,0,0,0,184160,172320,-0.0332,0,0,29,18,24,23,1
1775345004,23,76,0,0,0,0,no_volume,0,0,0,0,no_volume,0,0,0,0,no_volume,0,0,0,0,0,0,184123,172320,-0.0331,-37,-37,29,18,24,23,1
1775345005,23,76,0,0,0,0,no_volume,0,0,0,0,no_volume,0,0,0,0,no_volume,0,0,0,0,0,0,184123,172320,-0.0331,-37,-37,29,18,24,23,1
1775345006,23,76,0,0,0,0,no_volume,0,0,0,0,no_volume,0,0,0,0,no_volume,0,0,0,0,0,0,184190,172253,-0.0335,30,30,29,18,24,23,1
1775345007,23,76,0,0,0,0,no_volume,0,0,0,0,no_volume,0,0,0,0,no_volume,0,0,0,0,0,0,184227,172253,-0.0336,104,67,29,18,24,23,1
1775345008,23,76,0,0,0,0,no_volume,0,0,0,0,no_volume,0,0,0,0,no_volume,0,0,0,0,0,0,184227,172253,-0.0336,104,67,29,18,24,23,1
1775345009,23,76,0,0,0,0,no_volume,0,0,0,0,no_volume,0,0,0,0,no_volume,0,0,0,0,0,0,184227,172253,-0.0336,37,67,29,18,24,23,1
1775345010,23,76,0,0,0,0,no_volume,0,0,0,0,no_volume,0,0,0,0,no_volume,0,0,0,0,0,0,184238,172295,-0.0335,11,78,29,18,24,23,1
1775345011,23,76,0,0,0,0,no_volume,0,0,0,0,no_volume,0,0,0,0,no_volume,0,0,0,0,0,0,184238,172295,-0.0335,11,78,29,18,24,23,1
1775345012,23,76,0,0,0,0,no_volume,0,0,0,0,no_volume,0,0,0,0,no_volume,0,0,0,0,0,0,184238,172295,-0.0335,11,78,29,18,24,23,1
1775345013,23,76,0,0,0,0,no_volume,0,0,0,0,no_volume,0,0,0,0,no_volume,0,0,0,0,0,0,184227,171780,-0.035,-11,67,29,18,24,23,1
1775345014,23,76,0,0,0,0,no_volume,0,0,0,0,no_volume,0,0,0,0,no_volume,0,0,0,0,0,0,184227,171780,-0.035,-11,104,29,18,24,23,1
1775345015,23,76,0,0,0,0,no_volume,0,0,0,0,no_volume,0,0,0,0,no_volume,0,0,0,0,0,0,184227,171280,-0.0364,-11,104,29,18,24,23,1
1775345016,23,76,0,0,0,0,no_volume,0,0,0,0,no_volume,0,0,0,0,no_volume,0,0,0,0,0,0,183227,171280,-0.0337,-1000,-963,29,18,24,23,1
1775345017,23,76,0,0,0,0,no_volume,0,0,0,0,no_volume,0,0,0,0,no_volume,0,0,0,0,0,0,183227,171280,-0.0337,-1000,-1000,29,18,24,23,1
1775345018,23,76,0,0,0,0,no_volume,0,0,0,0,no_volume,0,0,0,0,no_volume,0,0,0,0,0,0,183227,171280,-0.0337,-1000,-1000,29,18,24,23,1
1775345019,23,76,0,0,0,0,no_volume,0,0,0,0,no_volume,0,0,0,0,no_volume,0,0,0,0,0,0,183227,171280,-0.0337,0,-1000,29,18,24,23,1
1775345020,23,76,0,0,0,0,no_volume,0,0,0,0,no_volume,0,0,0,0,no_volume,0,0,0,0,0,0,183227,171280,-0.0337,0,-1011,29,18,24,23,1
1775345021,23,76,0,0,0,0,no_volume,0,0,0,0,no_volume,0,0,0,0,no_volume,0,0,0,0,0,0,183190,171280,-0.0336,-37,-1048,29,18,24,23,1
1775345022,23,76,0,0,0,0,no_volume,0,0,0,0,no_volume,0,0,0,0,no_volume,0,0,0,0,0,0,183190,171280,-0.0336,-37,-1048,29,18,24,23,1
1775345023,23,76,0,0,0,0,no_volume,0,0,0,0,no_volume,0,0,0,0,no_volume,0,0,0,0,0,0,183190,171280,-0.0336,-37,-1037,29,18,24,23,1
1775345024,23,76,0,0,0,0,no_volume,0,0,0,0,no_volume,0,0,0,0,no_volume,0,0,0,0,0,0,183190,171280,-0.0336,0,-1037,29,18,24,23,1
1775345025,23,76,0,0,0,0,no_volume,0,0,0,0,no_volume,0,0,0,0,no_volume,0,0,0,0,0,0,183190,171280,-0.0336,0,-1037,29,18,24,23,1
1775345026,23,76,0,0,0,0,no_volume,0,0,0,0,no_volume,0,0,0,0,no_volume,0,0,0,0,0,0,183190,171280,-0.0336,0,-37,29,18,24,23,1
1775345027,23,76,0,0,0,0,no_volume,0,0,0,0,no_volume,0,0,0,0,no_volume,0,0,0,0,0,0,183190,171280,-0.0336,0,-37,29,18,24,23,1
1775345028,23,76,0,0,0,0,no_volume,0,0,0,0,no_volume,0,0,0,0,no_volume,0,0,0,0,0,0,183190,171280,-0.0336,0,-37,29,18,24,23,1
1775345029,23,76,0,0,0,0,no_volume,0,0,0,0,no_volume,0,0,0,0,no_volume,0,0,0,0,0,0,183190,171280,-0.0336,0,-37,29,18,24,23,1
1775345030,23,76,0,0,0,0,no_volume,0,0,0,0,no_volume,0,0,0,0,no_volume,0,0,0,0,0,0,183190,171280,-0.0336,0,-37,29,18,24,23,1
1775345031,23,76,0,0,0,0,no_volume,0,0,0,0,no_volume,0,0,0,0,no_volume,0,0,0,0,0,0,183190,171280,-0.0336,0,0,29,18,24,23,1
1775345032,23,76,0,0,0,0,no_volume,0,0,0,0,no_volume,0,0,0,0,no_volume,0,0,0,0,0,0,183190,171280,-0.0336,0,0,29,18,24,23,1
1775345033,23,76,0,0,0,0,no_volume,0,0,0,0,no_volume,0,0,0,0,no_volume,0,0,0,0,0,0,183190,171280,-0.0336,0,0,29,18,24,23,1
1775345034,23,76,0,0,0,0,no_volume,0,0,0,0,no_volume,0,0,0,0,no_volume,0,0,0,0,0,0,183190,171280,-0.0336,0,0,29,18,24,23,1
1775345035,23,76,0,0,0,0,no_volume,0,0,0,0,no_volume,0,0,0,0,no_volume,0,0,0,0,0,0,183190,171280,-0.0336,0,0,29,18,24,23,1
1775345036,23,76,0,0,0,0,no_volume,0,0,0,0,no_volume,0,0,0,0,no_volume,0,0,0,0,0,0,183190,171280,-0.0336,0,0,29,18,24,23,1
1775345037,23,76,0,0,0,0,no_volume,0,0,0,0,no_volume,0,0,0,0,no_volume,0,0,0,0,0,0,183190,171280,-0.0336,0,0,29,18,24,23,1
1775345038,23,76,0,0,0,0,no_volume,0,0,0,0,no_volume,0,0,0,0,no_volume,0,0,0,0,0,0,183190,171280,-0.0336,0,0,29,18,24,23,1
1775345039,23,76,0,0,0,0,no_volume,0,0,0,0,no_volume,0,0,0,0,no_volume,0,0,0,0,0,0,183190,171280,-0.0336,0,0,29,18,24,23,1
1775345040,23,76,0,0,0,0,no_volume,0,0,0,0,no_volume,0,0,0,0,no_volume,0,0,0,0,0,0,183190,171280,-0.0336,0,0,29,18,24,23,1
1775345041,23,76,0,0,0,0,no_volume,0,0,0,0,no_volume,0,0,0,0,no_volume,0,0,0,0,0,0,183190,171280,-0.0336,0,0,29,18,24,23,1
1775345042,23,76,0,0,0,0,no_volume,0,0,0,0,no_volume,0,0,0,0,no_volume,0,0,0,0,0,0,183190,171280,-0.0336,0,0,29,18,24,23,1
1775345043,23,76,0,0,0,0,no_volume,0,0,0,0,no_volume,0,0,0,0,no_volume,0,0,0,0,0,0,183190,171280,-0.0336,0,0,29,18,24,23,1
1775345044,23,76,0,0,0,0,no_volume,0,0,0,0,no_volume,0,0,0,0,no_volume,0,0,0,0,0,0,183190,171280,-0.0336,0,0,29,18,24,23,1
1775345045,23,76,0,0,0,0,no_volume,0,0,0,0,no_volume,0,0,0,0,no_volume,0,0,0,0,0,0,183190,171280,-0.0336,0,0,29,18,24,23,1
1775345046,23,76,0,0,0,0,no_volume,0,0,0,0,no_volume,0,0,0,0,no_volume,0,0,0,0,0,0,183190,171280,-0.0336,0,0,29,18,24,23,1
1775345047,23,76,0,0,0,0,no_volume,0,0,0,0,no_volume,0,0,0,0,no_volume,0,0,0,0,0,0,183190,171280,-0.0336,0,0,29,18,24,23,1
1775345048,23,76,0,0,0,0,no_volume,0,0,0,0,no_volume,0,0,0,0,no_volume,0,0,0,0,0,0,183190,171280,-0.0336,0,0,29,18,24,23,1
1775345049,23,76,0,0,0,0,no_volume,0,0,0,0,no_volume,0,0,0,0,no_volume,0,0,0,0,0,0,183190,171280,-0.0336,0,0,29,18,24,23,1
1775345050,23,76,0,0,0,0,no_volume,0,0,0,0,no_volume,0,0,0,0,no_volume,0,0,0,0,0,0,183190,171280,-0.0336,0,0,29,18,24,23,1
1775345051,23,76,0,0,0,0,no_volume,0,0,0,0,no_volume,0,0,0,0,no_volume,0,0,0,0,0,0,183190,171280,-0.0336,0,0,29,18,24,23,1
1775345052,23,76,0,0,0,0,no_volume,0,0,0,0,no_volume,0,0,0,0,no_volume,0,0,0,0,0,0,183190,171280,-0.0336,0,0,29,18,24,23,1
1775345053,23,76,0,0,0,0,no_volume,0,0,0,0,no_volume,0,0,0,0,no_volume,0,0,0,0,0,0,183190,171280,-0.0336,0,0,29,18,24,23,1
1775345054,23,76,0,0,0,0,no_volume,0,0,0,0,no_volume,0,0,0,0,no_volume,0,0,0,0,0,0,183220,171280,-0.0337,30,30,29,18,24,23,1
1775345055,23,76,0,0,0,0,no_volume,0,0,0,0,no_volume,0,0,0,0,no_volume,0,0,0,0,0,0,183220,171280,-0.0337,30,30,29,18,24,23,1
1775345056,23,76,0,0,0,0,no_volume,0,0,0,0,no_volume,0,0,0,0,no_volume,0,0,0,0,0,0,183220,171280,-0.0337,30,30,29,18,24,23,1
1775345057,23,76,0,0,0,0,no_volume,0,0,0,0,no_volume,0,0,0,0,no_volume,0,0,0,0,0,0,183220,171280,-0.0337,0,30,29,18,24,23,1
1775345058,23,76,0,0,0,0,no_volume,0,0,0,0,no_volume,0,0,0,0,no_volume,0,0,0,0,0,0,183220,171280,-0.0337,0,30,29,18,24,23,1
1775345059,23,76,0,0,0,0,no_volume,0,0,0,0,no_volume,0,0,0,0,no_volume,0,0,0,0,0,0,183220,171280,-0.0337,0,30,29,18,24,23,1
1775345060,23,76,0,0,0,0,no_volume,0,0,0,0,no_volume,0,0,0,0,no_volume,0,0,0,0,0,0,183220,171280,-0.0337,0,30,29,18,24,23,1
1775345061,23,76,0,0,0,0,no_volume,0,0,0,0,no_volume,0,0,0,0,no_volume,0,0,0,0,0,0,183220,171280,-0.0337,0,30,29,18,24,23,1
1775345062,23,76,0,0,0,0,no_volume,0,0,0,0,no_volume,0,0,0,0,no_volume,0,0,0,0,0,0,183220,170887,-0.0348,0,30,29,18,24,23,1
1775345063,23,76,0,0,0,0,no_volume,0,0,0,0,no_volume,0,0,0,0,no_volume,0,0,0,0,0,0,183220,170887,-0.0348,0,30,29,18,24,23,1
1775345064,23,76,0,0,0,0,no_volume,0,0,0,0,no_volume,0,0,0,0,no_volume,0,0,0,0,0,0,183220,170887,-0.0348,0,0,29,18,24,23,1
1775345065,23,76,0,0,0,0,no_volume,0,0,0,0,no_volume,0,0,0,0,no_volume,0,0,0,0,0,0,183220,170887,-0.0348,0,0,29,18,24,23,1
1775345066,23,76,0,0,0,0,no_volume,0,0,0,0,no_volume,0,0,0,0,no_volume,0,0,0,0,0,0,183220,170887,-0.0348,0,0,29,18,24,23,1
1775345067,23,76,0,0,0,0,no_volume,0,0,0,0,no_volume,0,0,0,0,no_volume,0,0,0,0,0,0,183220,170887,-0.0348,0,0,29,18,24,23,1
1775345068,23,76,0,0,0,0,no_volume,0,0,0,0,no_volume,0,0,0,0,no_volume,0,0,0,0,0,0,183220,170887,-0.0348,0,0,29,18,24,23,1
1775345069,23,76,0,0,0,0,no_volume,0,0,0,0,no_volume,0,0,0,0,no_volume,0,0,0,0,0,0,183220,171348,-0.0335,0,0,29,18,24,23,1
1775345070,23,76,0,0,0,0,no_volume,0,0,0,0,no_volume,0,0,0,0,no_volume,0,0,0,0,0,0,184220,173348,-0.0304,1000,1000,29,18,24,23,1
1775345071,23,76,0,0,0,0,no_volume,0,0,0,0,no_volume,0,0,0,0,no_volume,0,0,0,0,0,0,184190,173348,-0.0303,970,970,29,18,24,23,1
1775345072,23,76,0,0,0,0,no_volume,0,0,0,0,no_volume,0,0,0,0,no_volume,0,0,0,0,0,0,184190,173348,-0.0303,970,970,29,18,24,23,1
1775345073,23,76,0,0,0,0,no_volume,0,0,0,0,no_volume,0,0,0,0,no_volume,0,0,0,0,0,0,184190,173348,-0.0303,-30,970,29,18,24,23,1
1775345074,23,76,0,0,0,0,no_volume,0,0,0,0,no_volume,0,0,0,0,no_volume,0,0,0,0,0,0,184190,173348,-0.0303,0,970,29,18,24,23,1
1775345075,23,76,0,0,0,0,no_volume,0,0,0,0,no_volume,0,0,0,0,no_volume,0,0,0,0,0,0,184190,173348,-0.0303,0,970,29,18,24,23,1
1775345076,23,76,0,0,0,0,no_volume,0,0,0,0,no_volume,0,0,0,0,no_volume,0,0,0,0,0,0,184190,173348,-0.0303,0,970,29,18,24,23,1
1775345077,23,76,0,0,0,0,no_volume,0,0,0,0,no_volume,0,0,0,0,no_volume,0,0,0,0,0,0,184190,173348,-0.0303,0,970,29,18,24,23,1
1775345078,23,76,0,0,0,0,no_volume,0,0,0,0,no_volume,0,0,0,0,no_volume,0,0,0,0,0,0,184190,173348,-0.0303,0,970,29,18,24,23,1
1775345079,23,76,0,0,0,0,no_volume,0,0,0,0,no_volume,0,0,0,0,no_volume,0,0,0,0,0,0,184190,173348,-0.0303,0,970,29,18,24,23,1
1775345080,23,76,0,0,0,0,no_volume,0,0,0,0,no_volume,0,0,0,0,no_volume,0,0,0,0,0,0,184190,173348,-0.0303,0,-30,29,18,24,23,1
1775345081,23,76,0,0,0,0,no_volume,0,0,0,0,no_volume,0,0,0,0,no_volume,0,0,0,0,0,0,184190,173348,-0.0303,0,0,29,18,24,23,1
1775345082,23,76,0,0,0,0,no_volume,0,0,0,0,no_volume,0,0,0,0,no_volume,0,0,0,0,0,0,184190,173348,-0.0303,0,0,29,18,24,23,1
1775345083,23,76,0,0,0,0,no_volume,0,0,0,0,no_volume,0,0,0,0,no_volume,0,0,0,0,0,0,184190,173348,-0.0303,0,0,29,18,24,23,1
1775345084,23,76,0,0,0,0,no_volume,0,0,0,0,no_volume,0,0,0,0,no_volume,0,0,0,0,0,0,184190,173348,-0.0303,0,0,29,18,24,23,1
1775345085,23,76,0,0,0,0,no_volume,0,0,0,0,no_volume,0,0,0,0,no_volume,0,0,0,0,0,0,184190,173348,-0.0303,0,0,29,18,24,23,1
1775345086,23,76,0,0,0,0,no_volume,0,0,0,0,no_volume,0,0,0,0,no_volume,0,0,0,0,0,0,184190,173348,-0.0303,0,0,29,18,24,23,1
1775345087,23,76,0,0,0,0,no_volume,0,0,0,0,no_volume,0,0,0,0,no_volume,0,0,0,0,0,0,184190,173348,-0.0303,0,0,29,18,24,23,1
1775345088,23,76,0,0,0,0,no_volume,0,0,0,0,no_volume,0,0,0,0,no_volume,0,0,0,0,0,0,184190,173348,-0.0303,0,0,29,18,24,23,1
1775345089,23,76,0,0,0,0,no_volume,0,0,0,0,no_volume,0,0,0,0,no_volume,0,0,0,0,0,0,184190,173348,-0.0303,0,0,29,18,24,23,1
1775345090,23,76,0,0,0,0,no_volume,0,0,0,0,no_volume,0,0,0,0,no_volume,0,0,0,0,0,0,184190,173348,-0.0303,0,0,29,18,24,23,1
1775345091,23,76,0,0,0,0,no_volume,0,0,0,0,no_volume,0,0,0,0,no_volume,0,0,0,0,0,0,184190,173348,-0.0303,0,0,29,18,24,23,1
1775345092,23,76,0,0,0,0,no_volume,0,0,0,0,no_volume,0,0,0,0,no_volume,0,0,0,0,0,0,184190,173348,-0.0303,0,0,29,18,24,23,1
1775345093,23,76,0,0,0,0,no_volume,0,0,0,0,no_volume,0,0,0,0,no_volume,0,0,0,0,0,0,184190,173348,-0.0303,0,0,29,18,24,23,1
1775345094,23,76,0,0,0,0,no_volume,0,0,0,0,no_volume,0,0,0,0,no_volume,0,0,0,0,0,0,184190,173348,-0.0303,0,0,29,18,24,23,1
1775345095,23,76,0,0,0,0,no_volume,0,0,0,0,no_volume,0,0,0,0,no_volume,0,0,0,0,0,0,184190,173348,-0.0303,0,0,29,18,24,23,1
1775345096,23,76,0,0,0,0,no_volume,0,0,0,0,no_volume,0,0,0,0,no_volume,0,0,0,0,0,0,184238,173348,-0.0305,48,48,29,18,24,23,1
1775345097,23,76,0,0,0,0,no_volume,0,0,0,0,no_volume,0,0,0,0,no_volume,0,0,0,0,0,0,184227,175348,-0.0247,37,37,29,18,24,23,1
1775345098,23,76,0,0,0,0,no_volume,0,0,0,0,no_volume,0,0,0,0,no_volume,0,0,0,0,0,0,184227,175348,-0.0247,37,37,29,18,24,23,1
1775345099,23,76,0,0,0,0,no_volume,0,0,0,0,no_volume,0,0,0,0,no_volume,0,0,0,0,0,0,184227,175348,-0.0247,-11,37,29,18,24,23,1
1775345100,23,76,0,0,0,0,no_volume,0,0,0,0,no_volume,0,0,0,0,no_volume,0,0,0,0,0,0,184227,175348,-0.0247,0,37,29,18,24,23,1
1775345101,23,76,0,0,0,0,no_volume,0,0,0,0,no_volume,0,0,0,0,no_volume,0,0,0,0,0,0,184227,175198,-0.0251,0,37,29,17,24,23,1
1775345102,23,76,0,0,0,0,no_volume,0,0,0,0,no_volume,0,0,0,0,no_volume,0,0,0,0,0,0,184227,175093,-0.0254,0,37,29,17,24,23,1
1775345103,23,76,0,0,0,0,no_volume,0,0,0,0,no_volume,0,0,0,0,no_volume,0,0,0,0,0,0,184227,175093,-0.0254,0,37,29,17,24,23,1
1775345104,23,76,0,0,0,0,no_volume,0,0,0,0,no_volume,0,0,0,0,no_volume,0,0,0,0,0,0,184190,175093,-0.0253,-37,0,29,17,24,23,1
1775345105,23,76,0,0,0,0,no_volume,0,0,0,0,no_volume,0,0,0,0,no_volume,0,0,0,0,0,0,184238,175093,-0.0255,11,48,29,17,24,23,1
1775345106,23,76,0,0,0,0,no_volume,0,0,0,0,no_volume,0,0,0,0,no_volume,0,0,0,0,0,0,184238,175093,-0.0255,11,0,29,17,24,23,1
1775345107,23,76,0,0,0,0,no_volume,0,0,0,0,no_volume,0,0,0,0,no_volume,0,0,0,0,0,0,184269,175093,-0.0255,79,42,31,17,24,23,1
1775345108,23,76,0,0,0,0,no_volume,0,0,0,0,no_volume,0,0,0,0,no_volume,0,0,0,0,0,0,184795,175093,-0.027,557,568,36,17,24,23,1
1775345109,23,76,0,0,0,0,no_volume,0,0,0,0,no_volume,0,0,0,0,no_volume,0,0,0,0,0,0,184795,175093,-0.027,557,568,36,17,24,23,1
1775345110,23,76,0,0,0,0,no_volume,0,0,0,0,no_volume,0,0,0,0,no_volume,0,0,0,0,0,0,184795,175093,-0.027,526,568,36,17,24,23,1
1775345111,23,76,0,0,0,0,no_volume,0,0,0,0,no_volume,0,0,0,0,no_volume,0,0,0,0,0,0,184795,175093,-0.027,0,568,36,17,24,23,1
1775345112,23,76,0,0,0,0,no_volume,0,0,0,0,no_volume,0,0,0,0,no_volume,0,0,0,0,0,0,184795,175093,-0.027,0,568,36,17,24,23,1
1775345113,23,76,0,0,0,0,no_volume,0,0,0,0,no_volume,0,0,0,0,no_volume,0,0,0,0,0,0,184795,175093,-0.027,0,568,36,17,24,23,1
1775345114,23,76,0,0,0,0,no_volume,0,0,0,0,no_volume,0,0,0,0,no_volume,0,0,0,0,0,0,184758,175093,-0.0269,-37,568,36,17,24,23,1
1775345115,23,76,0,0,0,0,no_volume,0,0,0,0,no_volume,0,0,0,0,no_volume,0,0,0,0,0,0,184758,175093,-0.0269,-37,520,36,17,24,23,1
1775345116,23,76,0,0,0,0,no_volume,0,0,0,0,no_volume,0,0,0,0,no_volume,0,0,0,0,0,0,184758,175093,-0.0269,-37,520,36,17,24,23,1
1775345117,23,76,0,0,0,0,no_volume,0,0,0,0,no_volume,0,0,0,0,no_volume,0,0,0,0,0,0,184758,175093,-0.0269,0,489,36,17,24,23,1
1775345118,23,76,0,0,0,0,no_volume,0,0,0,0,no_volume,0,0,0,0,no_volume,0,0,0,0,0,0,184758,175093,-0.0269,0,-37,36,17,24,23,1
1775345119,23,76,0,0,0,0,no_volume,0,0,0,0,no_volume,0,0,0,0,no_volume,0,0,0,0,0,0,184758,175093,-0.0269,0,-37,36,17,24,23,1
1775345120,23,76,0,0,0,0,no_volume,0,0,0,0,no_volume,0,0,0,0,no_volume,0,0,0,0,0,0,184758,175093,-0.0269,0,-37,36,17,24,23,1
1775345121,23,76,0,0,0,0,no_volume,0,0,0,0,no_volume,0,0,0,0,no_volume,0,0,0,0,0,0,184758,175093,-0.0269,0,-37,36,17,24,23,1
1775345122,23,76,0,0,0,0,no_volume,0,0,0,0,no_volume,0,0,0,0,no_volume,0,0,0,0,0,0,184795,175093,-0.027,37,0,36,17,24,23,1
1775345123,23,76,0,0,0,0,no_volume,0,0,0,0,no_volume,0,0,0,0,no_volume,0,0,0,0,0,0,184795,175093,-0.027,37,0,36,17,24,23,1
1775345124,23,76,0,0,0,0,no_volume,0,0,0,0,no_volume,0,0,0,0,no_volume,0,0,0,0,0,0,184758,175093,-0.0269,0,0,36,17,24,23,1
1775345125,23,76,0,0,0,0,no_volume,0,0,0,0,no_volume,0,0,0,0,no_volume,0,0,0,0,0,0,184758,175093,-0.0269,-37,0,36,17,24,23,1
1775345126,23,76,0,0,0,0,no_volume,0,0,0,0,no_volume,0,0,0,0,no_volume,0,0,0,0,0,0,184758,175093,-0.0269,-37,0,36,17,24,23,1
1775345127,23,76,0,0,0,0,no_volume,0,0,0,0,no_volume,0,0,0,0,no_volume,0,0,0,0,0,0,184758,175093,-0.0269,0,0,36,17,24,23,1
1775345128,23,76,0,0,0,0,no_volume,0,0,0,0,no_volume,0,0,0,0,no_volume,0,0,0,0,0,0,184758,175093,-0.0269,0,0,36,17,24,23,1
1775345129,23,76,0,0,0,0,no_volume,0,0,0,0,no_volume,0,0,0,0,no_volume,0,0,0,0,0,0,184758,175093,-0.0269,0,0,36,17,24,23,1
1775345130,23,76,0,0,0,0,no_volume,0,0,0,0,no_volume,0,0,0,0,no_volume,0,0,0,0,0,0,184758,175093,-0.0269,0,0,36,17,24,23,1
1775345131,23,76,0,0,0,0,no_volume,0,0,0,0,no_volume,0,0,0,0,no_volume,0,0,0,0,0,0,184758,175093,-0.0269,0,0,36,17,24,23,1
1775345132,23,76,0,0,0,0,no_volume,0,0,0,0,no_volume,0,0,0,0,no_volume,0,0,0,0,0,0,184795,175093,-0.027,37,0,36,17,24,23,1
1775345133,23,76,0,0,0,0,no_volume,0,0,0,0,no_volume,0,0,0,0,no_volume,0,0,0,0,0,0,184795,175093,-0.027,37,0,36,17,24,23,1
1775345134,23,76,0,0,0,0,no_volume,0,0,0,0,no_volume,0,0,0,0,no_volume,0,0,0,0,0,0,184758,175093,-0.0269,0,0,36,17,24,23,1
1775345135,23,76,0,0,0,0,no_volume,0,0,0,0,no_volume,0,0,0,0,no_volume,0,0,0,0,0,0,184806,175093,-0.027,11,48,36,17,24,23,1
1775345136,23,76,0,0,0,0,no_volume,0,0,0,0,no_volume,0,0,0,0,no_volume,0,0,0,0,0,0,184806,175093,-0.027,11,48,36,17,24,23,1
1775345137,23,76,0,0,0,0,no_volume,0,0,0,0,no_volume,0,0,0,0,no_volume,0,0,0,0,0,0,184806,175093,-0.027,48,48,36,17,24,23,1
1775345138,23,76,0,0,0,0,no_volume,0,0,0,0,no_volume,0,0,0,0,no_volume,0,0,0,0,0,0,184806,175093,-0.027,0,48,36,17,24,23,1
1775345139,23,76,0,0,0,0,no_volume,0,0,0,0,no_volume,0,0,0,0,no_volume,0,0,0,0,0,0,184806,175093,-0.027,0,48,36,17,24,23,1
1775345140,23,76,0,0,0,0,no_volume,0,0,0,0,no_volume,0,0,0,0,no_volume,0,0,0,0,0,0,184806,175093,-0.027,0,48,36,17,24,23,1
1775345141,23,76,0,0,0,0,no_volume,0,0,0,0,no_volume,0,0,0,0,no_volume,0,0,0,0,0,0,184795,175093,-0.027,-11,37,36,17,24,23,1
1775345142,23,76,0,0,0,0,no_volume,0,0,0,0,no_volume,0,0,0,0,no_volume,0,0,0,0,0,0,184795,175093,-0.027,-11,0,36,17,24,23,1
1775345143,23,76,0,0,0,0,no_volume,0,0,0,0,no_volume,0,0,0,0,no_volume,0,0,0,0,0,0,184795,175093,-0.027,-11,0,36,17,24,23,1
1775345144,23,76,0,0,0,0,no_volume,0,0,0,0,no_volume,0,0,0,0,no_volume,0,0,0,0,0,0,184795,175093,-0.027,0,37,36,17,24,23,1
1775345145,23,76,0,0,0,0,no_volume,0,0,0,0,no_volume,0,0,0,0,no_volume,0,0,0,0,0,0,184795,175093,-0.027,0,-11,36,17,24,23,1
1775345146,23,76,0,0,0,0,no_volume,0,0,0,0,no_volume,0,0,0,0,no_volume,0,0,0,0,0,0,184795,175093,-0.027,0,-11,36,17,24,23,1
1775345147,23,76,0,0,0,0,no_volume,0,0,0,0,no_volume,0,0,0,0,no_volume,0,0,0,0,0,0,184795,175093,-0.027,0,-11,36,17,24,23,1
1775345148,23,76,0,0,0,0,no_volume,0,0,0,0,no_volume,0,0,0,0,no_volume,0,0,0,0,0,0,184795,175093,-0.027,0,-11,36,17,24,23,1
1775345149,23,76,0,0,0,0,no_volume,0,0,0,0,no_volume,0,0,0,0,no_volume,0,0,0,0,0,0,184758,175093,-0.0269,-37,-48,36,17,24,23,1
1775345150,23,76,0,0,0,0,no_volume,0,0,0,0,no_volume,0,0,0,0,no_volume,0,0,0,0,0,0,184758,175093,-0.0269,-37,-48,36,17,24,23,1
1775345151,23,76,0,0,0,0,no_volume,0,0,0,0,no_volume,0,0,0,0,no_volume,0,0,0,0,0,0,184758,175093,-0.0269,-37,-37,36,17,24,23,1
1775345152,23,76,0,0,0,0,no_volume,0,0,0,0,no_volume,0,0,0,0,no_volume,0,0,0,0,0,0,184758,175093,-0.0269,0,-37,36,17,24,23,1
1775345153,23,76,0,0,0,0,no_volume,0,0,0,0,no_volume,0,0,0,0,no_volume,0,0,0,0,0,0,184758,175093,-0.0269,0,-37,36,17,24,23,1
1775345154,23,76,0,0,0,0,no_volume,0,0,0,0,no_volume,0,0,0,0,no_volume,0,0,0,0,0,0,184758,175093,-0.0269,0,-37,36,17,24,23,1
1775345155,23,76,0,0,0,0,no_volume,0,0,0,0,no_volume,0,0,0,0,no_volume,0,0,0,0,0,0,184758,175093,-0.0269,0,-37,36,17,24,23,1
1775345156,23,76,0,0,0,0,no_volume,0,0,0,0,no_volume,0,0,0,0,no_volume,0,0,0,0,0,0,184758,175093,-0.0269,0,-37,36,17,24,23,1
1775345157,23,76,0,0,0,0,no_volume,0,0,0,0,no_volume,0,0,0,0,no_volume,0,0,0,0,0,0,184758,175093,-0.0269,0,-37,36,17,24,23,1
1775345158,23,76,0,0,0,0,no_volume,0,0,0,0,no_volume,0,0,0,0,no_volume,0,0,0,0,0,0,184758,175093,-0.0269,0,-37,36,17,24,23,1
1775345159,23,76,0,0,0,0,no_volume,0,0,0,0,no_volume,0,0,0,0,no_volume,0,0,0,0,0,0,184758,175093,-0.0269,0,0,36,17,24,23,1
1775345160,23,76,0,0,0,0,no_volume,0,0,0,0,no_volume,0,0,0,0,no_volume,0,0,0,0,0,0,184758,175093,-0.0269,0,0,36,17,24,23,1
1775345161,23,76,0,0,0,0,no_volume,0,0,0,0,no_volume,0,0,0,0,no_volume,0,0,0,0,0,0,184758,175093,-0.0269,0,0,36,17,24,23,1
1775345162,23,76,0,0,0,0,no_volume,0,0,0,0,no_volume,0,0,0,0,no_volume,0,0,0,0,0,0,184758,175093,-0.0269,0,0,36,17,24,23,1
1775345163,23,76,0,0,0,0,no_volume,0,0,0,0,no_volume,0,0,0,0,no_volume,0,0,0,0,0,0,184758,175093,-0.0269,0,0,36,17,24,23,1
1775345164,23,76,0,0,0,0,no_volume,0,0,0,0,no_volume,0,0,0,0,no_volume,0,0,0,0,0,0,184758,175093,-0.0269,0,0,36,17,24,23,1
1775345165,23,76,0,0,0,0,no_volume,0,0,0,0,no_volume,0,0,0,0,no_volume,0,0,0,0,0,0,184758,175093,-0.0269,0,0,36,17,24,23,1
1775345166,23,76,0,0,0,0,no_volume,0,0,0,0,no_volume,0,0,0,0,no_volume,0,0,0,0,0,0,184758,175093,-0.0269,0,0,36,17,24,23,1
1775345167,23,76,0,0,0,0,no_volume,0,0,0,0,no_volume,0,0,0,0,no_volume,0,0,0,0,0,0,184758,175093,-0.0269,0,0,36,17,24,23,1
1775345168,23,76,0,0,0,0,no_volume,0,0,0,0,no_volume,0,0,0,0,no_volume,0,0,0,0,0,0,184758,175093,-0.0269,0,0,36,17,24,23,1
1775345169,23,76,0,0,0,0,no_volume,0,0,0,0,no_volume,0,0,0,0,no_volume,0,0,0,0,0,0,184758,175093,-0.0269,0,0,36,17,24,23,1
1775345170,23,76,0,0,0,0,no_volume,0,0,0,0,no_volume,0,0,0,0,no_volume,0,0,0,0,0,0,184758,175093,-0.0269,0,0,36,17,24,23,1
1775345171,23,76,0,0,0,0,no_volume,0,0,0,0,no_volume,0,0,0,0,no_volume,0,0,0,0,0,0,184758,175093,-0.0269,0,0,36,17,24,23,1
1775345172,23,76,0,0,0,0,no_volume,0,0,0,0,no_volume,0,0,0,0,no_volume,0,0,0,0,0,0,184758,175093,-0.0269,0,0,36,17,24,23,1
1775345173,23,76,0,0,0,0,no_volume,0,0,0,0,no_volume,0,0,0,0,no_volume,0,0,0,0,0,0,184758,175093,-0.0269,0,0,36,17,24,23,1
1775345174,23,76,0,0,0,0,no_volume,0,0,0,0,no_volume,0,0,0,0,no_volume,0,0,0,0,0,0,184758,173093,-0.0326,0,0,36,17,24,23,1
1775345175,23,76,0,0,0,0,no_volume,0,0,0,0,no_volume,0,0,0,0,no_volume,0,0,0,0,0,0,184806,173093,-0.0327,48,48,36,17,24,23,1
1775345176,23,76,0,0,0,0,no_volume,0,0,0,0,no_volume,0,0,0,0,no_volume,0,0,0,0,0,0,184795,173093,-0.0327,37,37,36,17,24,23,1
1775345177,23,76,0,0,0,0,no_volume,0,0,0,0,no_volume,0,0,0,0,no_volume,0,0,0,0,0,0,184795,171093,-0.0385,37,37,36,17,24,23,1
1775345178,23,76,0,0,0,0,no_volume,0,0,0,0,no_volume,0,0,0,0,no_volume,0,0,0,0,0,0,184795,171093,-0.0385,-11,37,36,17,24,23,1
1775345179,23,76,0,0,0,0,no_volume,0,0,0,0,no_volume,0,0,0,0,no_volume,0,0,0,0,0,0,184795,171093,-0.0385,0,37,36,17,24,23,1
1775345180,23,76,0,0,0,0,no_volume,0,0,0,0,no_volume,0,0,0,0,no_volume,0,0,0,0,0,0,184795,171093,-0.0385,0,37,36,17,24,23,1
1775345181,23,76,0,0,0,0,no_volume,0,0,0,0,no_volume,0,0,0,0,no_volume,0,0,0,0,0,0,184795,171093,-0.0385,0,37,36,17,24,23,1
1775345182,23,76,0,0,0,0,no_volume,0,0,0,0,no_volume,0,0,0,0,no_volume,0,0,0,0,0,0,184795,171093,-0.0385,0,37,36,17,24,23,1
1775345183,23,76,0,0,0,0,no_volume,0,0,0,0,no_volume,0,0,0,0,no_volume,0,0,0,0,0,0,184795,171093,-0.0385,0,37,36,17,24,23,1
1775345184,23,76,0,0,0,0,no_volume,0,0,0,0,no_volume,0,0,0,0,no_volume,0,0,0,0,0,0,184795,171093,-0.0385,0,37,36,17,24,23,1
1775345185,23,76,0,0,0,0,no_volume,0,0,0,0,no_volume,0,0,0,0,no_volume,0,0,0,0,0,0,184795,171093,-0.0385,0,-11,36,17,24,23,1
1775345186,23,76,0,0,0,0,no_volume,0,0,0,0,no_volume,0,0,0,0,no_volume,0,0,0,0,0,0,184795,171093,-0.0385,0,0,36,17,24,23,1
1775345187,23,76,0,0,0,0,no_volume,0,0,0,0,no_volume,0,0,0,0,no_volume,0,0,0,0,0,0,184795,171093,-0.0385,0,0,36,17,24,23,1
1775345188,23,76,0,0,0,0,no_volume,0,0,0,0,no_volume,0,0,0,0,no_volume,0,0,0,0,0,0,184795,171093,-0.0385,0,0,36,17,24,23,1
1775345189,23,76,0,0,0,0,no_volume,0,0,0,0,no_volume,0,0,0,0,no_volume,0,0,0,0,0,0,184795,171093,-0.0385,0,0,36,17,24,23,1
1775345190,23,76,0,0,0,0,no_volume,0,0,0,0,no_volume,0,0,0,0,no_volume,0,0,0,0,0,0,184795,171093,-0.0385,0,0,36,17,24,23,1
1775345191,23,76,0,0,0,0,no_volume,0,0,0,0,no_volume,0,0,0,0,no_volume,0,0,0,0,0,0,184795,171093,-0.0385,0,0,36,17,24,23,1
1775345192,23,76,0,0,0,0,no_volume,0,0,0,0,no_volume,0,0,0,0,no_volume,0,0,0,0,0,0,184795,171093,-0.0385,0,0,36,17,24,23,1
1775345193,23,76,0,0,0,0,no_volume,0,0,0,0,no_volume,0,0,0,0,no_volume,0,0,0,0,0,0,184795,171093,-0.0385,0,0,36,17,24,23,1
1775345194,23,76,0,0,0,0,no_volume,0,0,0,0,no_volume,0,0,0,0,no_volume,0,0,0,0,0,0,184758,171093,-0.0384,-37,-37,36,17,24,23,1
1775345195,23,76,0,0,0,0,no_volume,0,0,0,0,no_volume,0,0,0,0,no_volume,0,0,0,0,0,0,184758,171093,-0.0384,-37,-37,36,17,24,23,1
1775345196,23,76,0,0,0,0,no_volume,0,0,0,0,no_volume,0,0,0,0,no_volume,0,0,0,0,0,0,184806,171093,-0.0385,11,11,36,17,24,23,1
1775345197,23,76,0,0,0,0,no_volume,0,0,0,0,no_volume,0,0,0,0,no_volume,0,0,0,0,0,0,184806,171093,-0.0385,48,11,36,17,24,23,1
1775345198,23,76,0,0,0,0,no_volume,0,0,0,0,no_volume,0,0,0,0,no_volume,0,0,0,0,0,0,184806,171093,-0.0385,48,11,36,17,24,23,1
1775345199,23,76,0,0,0,0,no_volume,0,0,0,0,no_volume,0,0,0,0,no_volume,0,0,0,0,0,0,184819,171080,-0.0386,13,24,36,17,24,23,1
1775345200,23,76,0,0,0,0,no_volume,0,0,0,0,no_volume,0,0,0,0,no_volume,0,0,0,0,0,0,184819,171080,-0.0386,13,24,36,17,24,23,1
1775345201,23,76,0,0,0,0,no_volume,0,0,0,0,no_volume,0,0,0,0,no_volume,0,0,0,0,0,0,184819,171080,-0.0386,13,24,36,17,24,23,1
1775345202,23,76,0,0,0,0,no_volume,0,0,0,0,no_volume,0,0,0,0,no_volume,0,0,0,0,0,0,184819,171080,-0.0386,0,24,36,17,24,23,1
1775345203,23,76,0,0,0,0,no_volume,0,0,0,0,no_volume,0,0,0,0,no_volume,0,0,0,0,0,0,184819,171080,-0.0386,0,24,36,17,24,23,1
1775345204,23,76,0,0,0,0,no_volume,0,0,0,0,no_volume,0,0,0,0,no_volume,0,0,0,0,0,0,184819,171080,-0.0386,0,61,36,17,24,23,1
1775345205,23,76,0,0,0,0,no_volume,0,0,0,0,no_volume,0,0,0,0,no_volume,0,0,0,0,0,0,184819,171080,-0.0386,0,61,36,17,24,23,1
1775345206,23,76,0,0,0,0,no_volume,0,0,0,0,no_volume,0,0,0,0,no_volume,0,0,0,0,0,0,184819,171080,-0.0386,0,13,36,17,24,23,1
1775345207,23,76,0,0,0,0,no_volume,0,0,0,0,no_volume,0,0,0,0,no_volume,0,0,0,0,0,0,184819,171080,-0.0386,0,13,36,17,24,23,1
1775345208,23,76,0,0,0,0,no_volume,0,0,0,0,no_volume,0,0,0,0,no_volume,0,0,0,0,0,0,184819,171080,-0.0386,0,13,36,17,24,23,1
1775345209,23,76,0,0,0,0,no_volume,0,0,0,0,no_volume,0,0,0,0,no_volume,0,0,0,0,0,0,184819,171080,-0.0386,0,0,36,17,24,23,1
1775345210,23,76,0,0,0,0,no_volume,0,0,0,0,no_volume,0,0,0,0,no_volume,0,0,0,0,0,0,184819,171080,-0.0386,0,0,36,17,24,23,1
1775345211,23,76,0,0,0,0,no_volume,0,0,0,0,no_volume,0,0,0,0,no_volume,0,0,0,0,0,0,184819,171080,-0.0386,0,0,36,17,24,23,1
1775345212,23,76,0,0,0,0,no_volume,0,0,0,0,no_volume,0,0,0,0,no_volume,0,0,0,0,0,0,184819,171080,-0.0386,0,0,36,17,24,23,1
1775345213,23,76,0,0,0,0,no_volume,0,0,0,0,no_volume,0,0,0,0,no_volume,0,0,0,0,0,0,184819,171080,-0.0386,0,0,36,17,24,23,1
1775345214,23,76,0,0,0,0,no_volume,0,0,0,0,no_volume,0,0,0,0,no_volume,0,0,0,0,0,0,184819,171080,-0.0386,0,0,36,17,24,23,1
1775345215,23,76,0,0,0,0,no_volume,0,0,0,0,no_volume,0,0,0,0,no_volume,0,0,0,0,0,0,184819,171080,-0.0386,0,0,36,17,24,23,1
1775345216,23,76,0,0,0,0,no_volume,0,0,0,0,no_volume,0,0,0,0,no_volume,0,0,0,0,0,0,184819,171080,-0.0386,0,0,36,17,24,23,1
1775345217,23,76,0,0,0,0,no_volume,0,0,0,0,no_volume,0,0,0,0,no_volume,0,0,0,0,0,0,184819,171080,-0.0386,0,0,36,17,24,23,1
1775345218,23,76,0,0,0,0,no_volume,0,0,0,0,no_volume,0,0,0,0,no_volume,0,0,0,0,0,0,184819,171080,-0.0386,0,0,36,17,24,23,1
1775345219,23,76,0,0,0,0,no_volume,0,0,0,0,no_volume,0,0,0,0,no_volume,0,0,0,0,0,0,184819,171080,-0.0386,0,0,36,17,24,23,1
1775345220,23,76,0,0,0,0,no_volume,0,0,0,0,no_volume,0,0,0,0,no_volume,0,0,0,0,0,0,184819,171080,-0.0386,0,0,36,17,24,23,1
1775345221,23,76,0,0,0,0,no_volume,0,0,0,0,no_volume,0,0,0,0,no_volume,0,0,0,0,0,0,184819,171080,-0.0386,0,0,36,17,24,23,1
1775345222,23,76,0,0,0,0,no_volume,0,0,0,0,no_volume,0,0,0,0,no_volume,0,0,0,0,0,0,184771,174080,-0.0298,-48,-48,36,18,24,23,1
1775345223,23,76,0,0,0,0,no_volume,0,0,0,0,no_volume,0,0,0,0,no_volume,0,0,0,0,0,0,184771,174080,-0.0298,-48,-48,36,18,24,23,1
1775345224,23,76,0,0,0,0,no_volume,0,0,0,0,no_volume,0,0,0,0,no_volume,0,0,0,0,0,0,184771,174080,-0.0298,-48,-48,36,18,24,23,1
1775345225,23,76,0,0,0,0,no_volume,0,0,0,0,no_volume,0,0,0,0,no_volume,0,0,0,0,0,0,184771,174080,-0.0298,0,-48,36,18,24,23,1
1775345226,23,76,0,0,0,0,no_volume,0,0,0,0,no_volume,0,0,0,0,no_volume,0,0,0,0,0,0,184771,174080,-0.0298,0,-48,36,18,24,23,1
1775345227,23,76,0,0,0,0,no_volume,0,0,0,0,no_volume,0,0,0,0,no_volume,0,0,0,0,0,0,184771,174080,-0.0298,0,-48,36,18,24,23,1
1775345228,23,76,0,0,0,0,no_volume,0,0,0,0,no_volume,0,0,0,0,no_volume,0,0,0,0,0,0,184771,174080,-0.0298,0,-48,36,18,24,23,1
1775345229,23,76,0,0,0,0,no_volume,0,0,0,0,no_volume,0,0,0,0,no_volume,0,0,0,0,0,0,184771,174080,-0.0298,0,-48,36,18,24,23,1
1775345230,23,76,0,0,0,0,no_volume,0,0,0,0,no_volume,0,0,0,0,no_volume,0,0,0,0,0,0,184771,174080,-0.0298,0,-48,36,18,24,23,1
1775345231,23,76,0,0,0,0,no_volume,0,0,0,0,no_volume,0,0,0,0,no_volume,0,0,0,0,0,0,184771,174080,-0.0298,0,-48,36,18,24,23,1
1775345232,23,76,0,0,0,0,no_volume,0,0,0,0,no_volume,0,0,0,0,no_volume,0,0,0,0,0,0,184771,174080,-0.0298,0,0,36,18,24,23,1
1775345233,23,76,0,0,0,0,no_volume,0,0,0,0,no_volume,0,0,0,0,no_volume,0,0,0,0,0,0,184771,174080,-0.0298,0,0,36,18,24,23,1
1775345234,23,76,0,0,0,0,no_volume,0,0,0,0,no_volume,0,0,0,0,no_volume,0,0,0,0,0,0,184771,174080,-0.0298,0,0,36,18,24,23,1
1775345235,23,76,0,0,0,0,no_volume,0,0,0,0,no_volume,0,0,0,0,no_volume,0,0,0,0,0,0,183808,174080,-0.0272,-963,-963,36,18,24,23,1
1775345236,23,76,0,0,0,0,no_volume,0,0,0,0,no_volume,0,0,0,0,no_volume,0,0,0,0,0,0,183808,174080,-0.0272,-963,-963,36,18,24,23,1
1775345237,23,76,0,0,0,0,no_volume,0,0,0,0,no_volume,0,0,0,0,no_volume,0,0,0,0,0,0,183808,174080,-0.0272,-963,-963,36,18,24,23,1
1775345238,23,76,0,0,0,0,no_volume,0,0,0,0,no_volume,0,0,0,0,no_volume,0,0,0,0,0,0,183808,174080,-0.0272,0,-963,36,18,24,23,1
1775345239,23,76,0,0,0,0,no_volume,0,0,0,0,no_volume,0,0,0,0,no_volume,0,0,0,0,0,0,183808,174080,-0.0272,0,-963,36,18,24,23,1
1775345240,23,76,0,0,0,0,no_volume,0,0,0,0,no_volume,0,0,0,0,no_volume,0,0,0,0,0,0,183808,174080,-0.0272,0,-963,36,18,24,23,1
1775345241,23,76,0,0,0,0,no_volume,0,0,0,0,no_volume,0,0,0,0,no_volume,0,0,0,0,0,0,183808,174080,-0.0272,0,-963,36,18,24,23,1
1775345242,23,76,0,0,0,0,no_volume,0,0,0,0,no_volume,0,0,0,0,no_volume,0,0,0,0,0,0,183808,174080,-0.0272,0,-963,36,18,24,23,1
1775345243,23,76,0,0,0,0,no_volume,0,0,0,0,no_volume,0,0,0,0,no_volume,0,0,0,0,0,0,184808,174080,-0.0299,1000,37,36,18,24,23,1
1775345244,23,76,0,0,0,0,no_volume,0,0,0,0,no_volume,0,0,0,0,no_volume,0,0,0,0,0,0,184808,174080,-0.0299,1000,37,36,18,24,23,1
1775345245,23,76,0,0,0,0,no_volume,0,0,0,0,no_volume,0,0,0,0,no_volume,0,0,0,0,0,0,184808,174080,-0.0299,1000,1000,36,18,24,23,1
1775345246,23,76,0,0,0,0,no_volume,0,0,0,0,no_volume,0,0,0,0,no_volume,0,0,0,0,0,0,184808,174080,-0.0299,0,1000,36,18,24,23,1
1775345247,23,76,0,0,0,0,no_volume,0,0,0,0,no_volume,0,0,0,0,no_volume,0,0,0,0,0,0,184808,174080,-0.0299,0,1000,36,18,24,23,1
1775345248,23,76,0,0,0,0,no_volume,0,0,0,0,no_volume,0,0,0,0,no_volume,0,0,0,0,0,0,184808,174080,-0.0299,0,1000,36,18,24,23,1
1775345249,23,76,0,0,0,0,no_volume,0,0,0,0,no_volume,0,0,0,0,no_volume,0,0,0,0,0,0,184808,174080,-0.0299,0,1000,36,18,24,23,1
1775345250,23,76,0,0,0,0,no_volume,0,0,0,0,no_volume,0,0,0,0,no_volume,0,0,0,0,0,0,184808,174080,-0.0299,0,1000,36,18,24,23,1
1775345251,23,76,0,0,0,0,no_volume,0,0,0,0,no_volume,0,0,0,0,no_volume,0,0,0,0,0,0,184808,174080,-0.0299,0,1000,36,18,24,23,1
1775345252,23,76,0,0,0,0,no_volume,0,0,0,0,no_volume,0,0,0,0,no_volume,0,0,0,0,0,0,184808,174080,-0.0299,0,1000,36,18,24,23,1
1775345253,23,76,0,0,0,0,no_volume,0,0,0,0,no_volume,0,0,0,0,no_volume,0,0,0,0,0,0,184808,174080,-0.0299,0,0,36,18,24,23,1
1775345254,23,76,0,0,0,0,no_volume,0,0,0,0,no_volume,0,0,0,0,no_volume,0,0,0,0,0,0,184808,174080,-0.0299,0,0,36,18,24,23,1
1775345255,23,76,0,0,0,0,no_volume,0,0,0,0,no_volume,0,0,0,0,no_volume,0,0,0,0,0,0,184808,174080,-0.0299,0,0,36,18,24,23,1
1775345256,23,76,0,0,0,0,no_volume,0,0,0,0,no_volume,0,0,0,0,no_volume,0,0,0,0,0,0,184808,174080,-0.0299,0,0,36,18,24,23,1
1775345257,23,76,0,0,0,0,no_volume,0,0,0,0,no_volume,0,0,0,0,no_volume,0,0,0,0,0,0,184808,174080,-0.0299,0,0,36,18,24,23,1
1775345258,23,76,0,0,0,0,no_volume,0,0,0,0,no_volume,0,0,0,0,no_volume,0,0,0,0,0,0,184808,174080,-0.0299,0,0,36,18,24,23,1
1775345259,23,76,0,0,0,0,no_volume,0,0,0,0,no_volume,0,0,0,0,no_volume,0,0,0,0,0,0,184808,174080,-0.0299,0,0,36,18,24,23,1
1775345260,23,76,0,0,0,0,no_volume,0,0,0,0,no_volume,0,0,0,0,no_volume,0,0,0,0,0,0,184808,174080,-0.0299,0,0,36,18,24,23,1
1775345261,23,76,0,0,0,0,no_volume,0,0,0,0,no_volume,0,0,0,0,no_volume,0,0,0,0,0,0,184808,174080,-0.0299,0,0,36,18,24,23,1
1775345262,23,76,0,0,0,0,no_volume,0,0,0,0,no_volume,0,0,0,0,no_volume,0,0,0,0,0,0,184808,174080,-0.0299,0,0,36,18,24,23,1
1775345263,23,76,0,0,0,0,no_volume,0,0,0,0,no_volume,0,0,0,0,no_volume,0,0,0,0,0,0,184808,174080,-0.0299,0,0,36,18,24,23,1
1775345264,23,76,0,0,0,0,no_volume,0,0,0,0,no_volume,0,0,0,0,no_volume,0,0,0,0,0,0,184808,174080,-0.0299,0,0,36,18,24,23,1
1775345265,23,76,0,0,0,0,no_volume,0,0,0,0,no_volume,0,0,0,0,no_volume,0,0,0,0,0,0,184808,174080,-0.0299,0,0,36,18,24,23,1
1775345266,23,76,0,0,0,0,no_volume,0,0,0,0,no_volume,0,0,0,0,no_volume,0,0,0,0,0,0,184808,174080,-0.0299,0,0,36,18,24,23,1
1775345267,23,76,0,0,0,0,no_volume,0,0,0,0,no_volume,0,0,0,0,no_volume,0,0,0,0,0,0,184808,174080,-0.0299,0,0,36,18,24,23,1
1775345268,23,76,0,0,0,0,no_volume,0,0,0,0,no_volume,0,0,0,0,no_volume,0,0,0,0,0,0,184808,174080,-0.0299,0,0,36,18,24,23,1
1775345269,23,76,0,0,0,0,no_volume,0,0,0,0,no_volume,0,0,0,0,no_volume,0,0,0,0,0,0,184808,174080,-0.0299,0,0,36,18,24,23,1
1775345270,23,76,0,0,0,0,no_volume,0,0,0,0,no_volume,0,0,0,0,no_volume,0,0,0,0,0,0,184808,174080,-0.0299,0,0,36,18,24,23,1
1775345271,23,76,0,0,0,0,no_volume,0,0,0,0,no_volume,0,0,0,0,no_volume,0,0,0,0,0,0,184808,174080,-0.0299,0,0,36,18,24,23,1
1775345272,23,76,0,0,0,0,no_volume,0,0,0,0,no_volume,0,0,0,0,no_volume,0,0,0,0,0,0,184808,174080,-0.0299,0,0,36,18,24,23,1
1775345273,23,76,0,0,0,0,no_volume,0,0,0,0,no_volume,0,0,0,0,no_volume,0,0,0,0,0,0,184808,173080,-0.0328,0,0,36,18,24,23,1
1775345274,23,76,0,0,0,0,no_volume,0,0,0,0,no_volume,0,0,0,0,no_volume,0,0,0,0,0,0,184808,173080,-0.0328,0,0,36,18,24,23,1
1775345275,23,76,0,0,0,0,no_volume,0,0,0,0,no_volume,0,0,0,0,no_volume,0,0,0,0,0,0,184808,173080,-0.0328,0,0,36,18,24,23,1
1775345276,23,76,0,0,0,0,no_volume,0,0,0,0,no_volume,0,0,0,0,no_volume,0,0,0,0,0,0,184808,173080,-0.0328,0,0,36,18,24,23,1
1775345277,23,76,0,0,0,0,no_volume,0,0,0,0,no_volume,0,0,0,0,no_volume,0,0,0,0,0,0,184808,173080,-0.0328,0,0,36,18,24,23,1
1775345278,23,76,0,0,0,0,no_volume,0,0,0,0,no_volume,0,0,0,0,no_volume,0,0,0,0,0,0,184808,173080,-0.0328,0,0,36,18,24,23,1
1775345279,23,76,0,0,0,0,no_volume,0,0,0,0,no_volume,0,0,0,0,no_volume,0,0,0,0,0,0,184808,173080,-0.0328,0,0,36,18,24,23,1
1775345280,23,76,0,0,0,0,no_volume,0,0,0,0,no_volume,0,0,0,0,no_volume,0,0,0,0,0,0,184808,173080,-0.0328,0,0,36,18,24,23,1
1775345281,23,76,0,0,0,0,no_volume,0,0,0,0,no_volume,0,0,0,0,no_volume,0,0,0,0,0,0,184808,173080,-0.0328,0,0,36,18,24,23,1
1775345282,23,76,0,0,0,0,no_volume,0,0,0,0,no_volume,0,0,0,0,no_volume,0,0,0,0,0,0,184808,173080,-0.0328,0,0,36,18,24,23,1
1775345283,23,76,0,0,0,0,no_volume,0,0,0,0,no_volume,0,0,0,0,no_volume,0,0,0,0,0,0,184808,173080,-0.0328,0,0,36,18,24,23,1
1775345284,23,76,0,0,0,0,no_volume,0,0,0,0,no_volume,0,0,0,0,no_volume,0,0,0,0,0,0,184808,173080,-0.0328,0,0,36,18,24,23,1
1775345285,23,76,0,0,0,0,no_volume,0,0,0,0,no_volume,0,0,0,0,no_volume,0,0,0,0,0,0,184808,173080,-0.0328,0,0,36,18,24,23,1
1775345286,23,76,0,0,0,0,no_volume,0,0,0,0,no_volume,0,0,0,0,no_volume,0,0,0,0,0,0,184808,173080,-0.0328,0,0,36,18,24,23,1
1775345287,23,76,0,0,0,0,no_volume,0,0,0,0,no_volume,0,0,0,0,no_volume,0,0,0,0,0,0,184771,173080,-0.0327,-37,-37,36,18,24,23,1
1775345288,23,76,0,0,0,0,no_volume,0,0,0,0,no_volume,0,0,0,0,no_volume,0,0,0,0,0,0,184771,173080,-0.0327,-37,-37,36,18,24,23,1
1775345289,23,76,0,0,0,0,no_volume,0,0,0,0,no_volume,0,0,0,0,no_volume,0,0,0,0,0,0,184771,173080,-0.0327,-37,-37,36,18,24,23,1
1775345290,23,76,0,0,0,0,no_volume,0,0,0,0,no_volume,0,0,0,0,no_volume,0,0,0,0,0,0,184771,173080,-0.0327,0,-37,36,18,24,23,1
1775345291,23,76,0,0,0,0,no_volume,0,0,0,0,no_volume,0,0,0,0,no_volume,0,0,0,0,0,0,184771,173080,-0.0327,0,-37,36,18,24,23,1
1775345292,23,76,0,0,0,0,no_volume,0,0,0,0,no_volume,0,0,0,0,no_volume,0,0,0,0,0,0,184771,173080,-0.0327,0,-37,36,18,24,23,1
1775345293,23,76,0,0,0,0,no_volume,0,0,0,0,no_volume,0,0,0,0,no_volume,0,0,0,0,0,0,184771,173080,-0.0327,0,-37,36,18,24,23,1
1775345294,23,76,0,0,0,0,no_volume,0,0,0,0,no_volume,0,0,0,0,no_volume,0,0,0,0,0,0,184771,173080,-0.0327,0,-37,36,18,24,23,1
1775345295,23,76,0,0,0,0,no_volume,0,0,0,0,no_volume,0,0,0,0,no_volume,0,0,0,0,0,0,184771,173080,-0.0327,0,-37,36,18,24,23,1
1775345296,23,76,0,0,0,0,no_volume,0,0,0,0,no_volume,0,0,0,0,no_volume,0,0,0,0,0,0,184771,173080,-0.0327,0,-37,36,18,24,23,1
1775345297,23,76,0,0,0,0,no_volume,0,0,0,0,no_volume,0,0,0,0,no_volume,0,0,0,0,0,0,184771,173080,-0.0327,0,0,36,18,24,23,1
1775345298,23,76,0,0,0,0,no_volume,0,0,0,0,no_volume,0,0,0,0,no_volume,0,0,0,0,0,0,184771,173080,-0.0327,0,0,36,18,24,23,1
1775345299,23,76,0,0,0,0,no_volume,0,0,0,0,no_volume,0,0,0,0,no_volume,0,0,0,0,0,0,184771,173080,-0.0327,0,0,36,18,24,23,1
1775345300,23,76,0,0,0,0,no_volume,0,0,0,0,no_volume,0,0,0,0,no_volume,0,0,0,0,0,0,184771,173080,-0.0327,0,0,36,18,24,23,1
1775345301,23,76,0,0,0,0,no_volume,0,0,0,0,no_volume,0,0,0,0,no_volume,0,0,0,0,0,0,184771,173080,-0.0327,0,0,36,18,24,23,1
1775345302,23,76,0,0,0,0,no_volume,0,0,0,0,no_volume,0,0,0,0,no_volume,0,0,0,0,0,0,184771,173080,-0.0327,0,0,36,18,24,23,1
1775345303,23,76,0,0,0,0,no_volume,0,0,0,0,no_volume,0,0,0,0,no_volume,0,0,0,0,0,0,184771,173080,-0.0327,0,0,36,18,24,23,1
1775345304,23,76,0,0,0,0,no_volume,0,0,0,0,no_volume,0,0,0,0,no_volume,0,0,0,0,0,0,184819,173080,-0.0328,48,48,36,18,24,23,1
1775345305,23,76,0,0,0,0,no_volume,0,0,0,0,no_volume,0,0,0,0,no_volume,0,0,0,0,0,0,184819,173080,-0.0328,48,48,36,18,24,23,1
1775345306,23,76,0,0,0,0,no_volume,0,0,0,0,no_volume,0,0,0,0,no_volume,0,0,0,0,0,0,184819,173080,-0.0328,48,48,36,18,24,23,1
1775345307,23,76,0,0,0,0,no_volume,0,0,0,0,no_volume,0,0,0,0,no_volume,0,0,0,0,0,0,184819,173080,-0.0328,0,48,36,18,24,23,1
1775345308,23,76,0,0,0,0,no_volume,0,0,0,0,no_volume,0,0,0,0,no_volume,0,0,0,0,0,0,184819,173080,-0.0328,0,48,36,18,24,23,1
1775345309,23,76,0,0,0,0,no_volume,0,0,0,0,no_volume,0,0,0,0,no_volume,0,0,0,0,0,0,184819,173080,-0.0328,0,48,36,18,24,23,1
1775345310,23,76,0,0,0,0,no_volume,0,0,0,0,no_volume,0,0,0,0,no_volume,0,0,0,0,0,0,184819,173080,-0.0328,0,48,36,18,24,23,1
1775345311,23,76,0,0,0,0,no_volume,0,0,0,0,no_volume,0,0,0,0,no_volume,0,0,0,0,0,0,184819,173080,-0.0328,0,48,36,18,24,23,1
1775345312,23,76,0,0,0,0,no_volume,0,0,0,0,no_volume,0,0,0,0,no_volume,0,0,0,0,0,0,184819,173080,-0.0328,0,48,36,18,24,23,1
1775345313,23,76,0,0,0,0,no_volume,0,0,0,0,no_volume,0,0,0,0,no_volume,0,0,0,0,0,0,184819,173080,-0.0328,0,48,36,18,24,23,1
1775345314,23,76,0,0,0,0,no_volume,0,0,0,0,no_volume,0,0,0,0,no_volume,0,0,0,0,0,0,184819,173080,-0.0328,0,0,36,18,24,23,1
1775345315,23,76,0,0,0,0,no_volume,0,0,0,0,no_volume,0,0,0,0,no_volume,0,0,0,0,0,0,184819,173080,-0.0328,0,0,36,18,24,23,1
1775345316,23,76,0,0,0,0,no_volume,0,0,0,0,no_volume,0,0,0,0,no_volume,0,0,0,0,0,0,184819,173080,-0.0328,0,0,36,18,24,23,1
1775345317,23,76,0,0,0,0,no_volume,0,0,0,0,no_volume,0,0,0,0,no_volume,0,0,0,0,0,0,184771,173080,-0.0327,-48,-48,36,18,24,23,1
1775345318,23,76,0,0,0,0,no_volume,0,0,0,0,no_volume,0,0,0,0,no_volume,0,0,0,0,0,0,184723,173080,-0.0325,-96,-96,36,18,24,23,1
1775345319,23,76,0,0,0,0,no_volume,0,0,0,0,no_volume,0,0,0,0,no_volume,0,0,0,0,0,0,184187,173080,-0.0311,-632,-632,36,18,24,23,1
1775345320,23,76,0,0,0,0,no_volume,0,0,0,0,no_volume,0,0,0,0,no_volume,0,0,0,0,0,0,184187,173080,-0.0311,-584,-632,36,18,24,23,1
1775345321,23,76,0,0,0,0,no_volume,0,0,0,0,no_volume,0,0,0,0,no_volume,0,0,0,0,0,0,184187,173080,-0.0311,-536,-632,36,18,24,23,1
1775345322,23,76,0,0,0,0,no_volume,0,0,0,0,no_volume,0,0,0,0,no_volume,0,0,0,0,0,0,184163,173140,-0.0309,-24,-656,36,18,24,23,1
1775345323,23,76,0,0,0,0,no_volume,0,0,0,0,no_volume,0,0,0,0,no_volume,0,0,0,0,0,0,184211,173167,-0.0309,24,-608,36,18,24,23,1
1775345324,23,76,0,0,0,0,no_volume,0,0,0,0,no_volume,0,0,0,0,no_volume,0,0,0,0,0,0,184211,173167,-0.0309,24,-608,36,18,24,23,1
1775345325,23,76,0,0,0,0,no_volume,0,0,0,0,no_volume,0,0,0,0,no_volume,0,0,0,0,0,0,184211,173167,-0.0309,48,-608,36,18,24,23,1
1775345326,23,76,0,0,0,0,no_volume,0,0,0,0,no_volume,0,0,0,0,no_volume,0,0,0,0,0,0,184211,173167,-0.0309,0,-608,36,18,24,23,1
1775345327,23,76,0,0,0,0,no_volume,0,0,0,0,no_volume,0,0,0,0,no_volume,0,0,0,0,0,0,184211,173167,-0.0309,0,-560,36,18,24,23,1
1775345328,23,76,0,0,0,0,no_volume,0,0,0,0,no_volume,0,0,0,0,no_volume,0,0,0,0,0,0,183818,173167,-0.0298,-393,-905,36,18,24,23,1
1775345329,23,76,0,0,0,0,no_volume,0,0,0,0,no_volume,0,0,0,0,no_volume,0,0,0,0,0,0,184279,173167,-0.0311,68,92,36,18,24,23,1
1775345330,23,76,0,0,0,0,no_volume,0,0,0,0,no_volume,0,0,0,0,no_volume,0,0,0,0,0,0,184279,173167,-0.0311,68,92,36,18,24,23,1
1775345331,23,76,0,0,0,0,no_volume,0,0,0,0,no_volume,0,0,0,0,no_volume,0,0,0,0,0,0,184071,172167,-0.0334,253,-116,36,17,24,23,1
1775345332,23,76,0,0,0,0,no_volume,0,0,0,0,no_volume,0,0,0,0,no_volume,0,0,0,0,0,0,184071,172167,-0.0334,-208,-92,36,17,24,23,1
1775345333,23,76,0,0,0,0,no_volume,0,0,0,0,no_volume,0,0,0,0,no_volume,0,0,0,0,0,0,184071,172167,-0.0334,-208,-140,36,17,24,23,1
1775345334,23,76,0,0,0,0,no_volume,0,0,0,0,no_volume,0,0,0,0,no_volume,0,0,0,0,0,0,184071,172167,-0.0334,0,-140,36,17,24,23,1
1775345335,23,76,0,0,0,0,no_volume,0,0,0,0,no_volume,0,0,0,0,no_volume,0,0,0,0,0,0,183981,172257,-0.0329,-90,-230,36,17,24,23,1
1775345336,23,76,0,0,0,0,no_volume,0,0,0,0,no_volume,0,0,0,0,no_volume,0,0,0,0,0,0,183981,172257,-0.0329,-90,-230,36,17,24,23,1
1775345337,23,76,0,0,0,0,no_volume,0,0,0,0,no_volume,0,0,0,0,no_volume,0,0,0,0,0,0,184442,172257,-0.0342,371,231,36,17,24,23,1
1775345338,23,76,0,0,0,0,no_volume,0,0,0,0,no_volume,0,0,0,0,no_volume,0,0,0,0,0,0,184442,172257,-0.0342,461,624,36,17,24,23,1
1775345339,23,76,0,0,0,0,no_volume,0,0,0,0,no_volume,0,0,0,0,no_volume,0,0,0,0,0,0,184442,172257,-0.0342,461,163,36,17,24,23,1
1775345340,23,76,0,0,0,0,no_volume,0,0,0,0,no_volume,0,0,0,0,no_volume,0,0,0,0,0,0,184442,172257,-0.0342,0,163,36,17,24,23,1
1775345341,23,76,0,0,0,0,no_volume,0,0,0,0,no_volume,0,0,0,0,no_volume,0,0,0,0,0,0,184442,172257,-0.0342,0,371,36,17,24,23,1
1775345342,23,76,0,0,0,0,no_volume,0,0,0,0,no_volume,0,0,0,0,no_volume,0,0,0,0,0,0,183981,172257,-0.0329,-461,-90,36,17,24,23,1
1775345343,23,76,0,0,0,0,no_volume,0,0,0,0,no_volume,0,0,0,0,no_volume,0,0,0,0,0,0,183981,172257,-0.0329,-461,-90,36,17,24,23,1
1775345344,23,76,0,0,0,0,no_volume,0,0,0,0,no_volume,0,0,0,0,no_volume,0,0,0,0,0,0,183981,172257,-0.0329,-461,-90,36,17,24,23,1
1775345345,23,76,0,0,0,0,no_volume,0,0,0,0,no_volume,0,0,0,0,no_volume,0,0,0,0,0,0,183981,172257,-0.0329,0,0,36,17,24,23,1
1775345346,23,76,0,0,0,0,no_volume,0,0,0,0,no_volume,0,0,0,0,no_volume,0,0,0,0,0,0,183981,172257,-0.0329,0,0,36,17,24,23,1
1775345347,23,76,0,0,0,0,no_volume,0,0,0,0,no_volume,0,0,0,0,no_volume,0,0,0,0,0,0,183981,172257,-0.0329,0,-461,36,17,24,23,1
1775345348,23,76,0,0,0,0,no_volume,0,0,0,0,no_volume,0,0,0,0,no_volume,0,0,0,0,0,0,183981,172257,-0.0329,0,-461,36,17,24,23,1
1775345349,23,76,0,0,0,0,no_volume,0,0,0,0,no_volume,0,0,0,0,no_volume,0,0,0,0,0,0,183981,172257,-0.0329,0,-461,36,17,24,23,1
1775345350,23,76,0,0,0,0,no_volume,0,0,0,0,no_volume,0,0,0,0,no_volume,0,0,0,0,0,0,183981,172257,-0.0329,0,-461,36,17,24,23,1
1775345351,23,76,0,0,0,0,no_volume,0,0,0,0,no_volume,0,0,0,0,no_volume,0,0,0,0,0,0,183981,172257,-0.0329,0,-461,36,17,24,23,1
1775345352,23,76,0,0,0,0,no_volume,0,0,0,0,no_volume,0,0,0,0,no_volume,0,0,0,0,0,0,183981,172257,-0.0329,0,0,36,17,24,23,1
1775345353,23,76,0,0,0,0,no_volume,0,0,0,0,no_volume,0,0,0,0,no_volume,0,0,0,0,0,0,184442,172257,-0.0342,461,461,36,17,24,23,1
1775345354,23,76,0,0,0,0,no_volume,0,0,0,0,no_volume,0,0,0,0,no_volume,0,0,0,0,0,0,184442,172257,-0.0342,461,461,36,17,24,23,1
1775345355,23,76,0,0,0,0,no_volume,0,0,0,0,no_volume,0,0,0,0,no_volume,0,0,0,0,0,0,184442,172257,-0.0342,461,461,36,17,24,23,1
1775345356,23,76,0,0,0,0,no_volume,0,0,0,0,no_volume,0,0,0,0,no_volume,0,0,0,0,0,0,184442,172257,-0.0342,0,461,36,17,24,23,1
1775345357,23,76,0,0,0,0,no_volume,0,0,0,0,no_volume,0,0,0,0,no_volume,0,0,0,0,0,0,184442,172257,-0.0342,0,461,36,17,24,23,1
1775345358,23,76,0,0,0,0,no_volume,0,0,0,0,no_volume,0,0,0,0,no_volume,0,0,0,0,0,0,184442,172257,-0.0342,0,461,36,17,24,23,1
1775345359,23,76,0,0,0,0,no_volume,0,0,0,0,no_volume,0,0,0,0,no_volume,0,0,0,0,0,0,184442,172257,-0.0342,0,461,36,17,24,23,1
1775345360,23,76,0,0,0,0,no_volume,0,0,0,0,no_volume,0,0,0,0,no_volume,0,0,0,0,0,0,184442,172257,-0.0342,0,461,36,17,24,23,1
1775345361,23,76,0,0,0,0,no_volume,0,0,0,0,no_volume,0,0,0,0,no_volume,0,0,0,0,0,0,184442,172257,-0.0342,0,461,36,17,24,23,1
1775345362,23,76,0,0,0,0,no_volume,0,0,0,0,no_volume,0,0,0,0,no_volume,0,0,0,0,0,0,182942,172757,-0.0286,-1500,-1039,36,17,24,23,1
1775345363,23,76,0,0,0,0,no_volume,0,0,0,0,no_volume,0,0,0,0,no_volume,0,0,0,0,0,0,182942,172257,-0.0301,-1500,-1500,36,17,24,23,1
1775345364,23,76,0,0,0,0,no_volume,0,0,0,0,no_volume,0,0,0,0,no_volume,0,0,0,0,0,0,182942,172257,-0.0301,-1500,-1500,36,17,24,23,1
1775345365,23,76,0,0,0,0,no_volume,0,0,0,0,no_volume,0,0,0,0,no_volume,0,0,0,0,0,0,182942,172257,-0.0301,0,-1500,36,17,24,23,1
1775345366,23,76,0,0,0,0,no_volume,0,0,0,0,no_volume,0,0,0,0,no_volume,0,0,0,0,0,0,182942,172257,-0.0301,0,-1500,36,17,24,23,1
1775345367,23,76,0,0,0,0,no_volume,0,0,0,0,no_volume,0,0,0,0,no_volume,0,0,0,0,0,0,182942,172257,-0.0301,0,-1500,36,17,24,23,1
1775345368,23,76,0,0,0,0,no_volume,0,0,0,0,no_volume,0,0,0,0,no_volume,0,0,0,0,0,0,182942,172257,-0.0301,0,-1500,36,17,24,23,1
1775345369,23,76,0,0,0,0,no_volume,0,0,0,0,no_volume,0,0,0,0,no_volume,0,0,0,0,0,0,182942,172257,-0.0301,0,-1500,36,17,24,23,1
1775345370,23,76,0,0,0,0,no_volume,0,0,0,0,no_volume,0,0,0,0,no_volume,0,0,0,0,0,0,182942,172257,-0.0301,0,-1500,36,17,24,23,1
1775345371,23,76,0,0,0,0,no_volume,0,0,0,0,no_volume,0,0,0,0,no_volume,0,0,0,0,0,0,182942,172257,-0.0301,0,-1500,36,17,24,23,1
1775345372,23,76,0,0,0,0,no_volume,0,0,0,0,no_volume,0,0,0,0,no_volume,0,0,0,0,0,0,182942,172257,-0.0301,0,0,36,17,24,23,1
1775345373,23,76,0,0,0,0,no_volume,0,0,0,0,no_volume,0,0,0,0,no_volume,0,0,0,0,0,0,182942,172257,-0.0301,0,0,36,17,24,23,1
1775345374,23,76,0,0,0,0,no_volume,0,0,0,0,no_volume,0,0,0,0,no_volume,0,0,0,0,0,0,182942,172257,-0.0301,0,0,36,17,24,23,1
1775345375,23,76,0,0,0,0,no_volume,0,0,0,0,no_volume,0,0,0,0,no_volume,0,0,0,0,0,0,182942,172257,-0.0301,0,0,36,17,24,23,1
1775345376,23,76,0,0,0,0,no_volume,0,0,0,0,no_volume,0,0,0,0,no_volume,0,0,0,0,0,0,182942,172257,-0.0301,0,0,36,17,24,23,1
1775345377,23,76,0,0,0,0,no_volume,0,0,0,0,no_volume,0,0,0,0,no_volume,0,0,0,0,0,0,182942,172257,-0.0301,0,0,36,17,24,23,1
1775345378,23,76,0,0,0,0,no_volume,0,0,0,0,no_volume,0,0,0,0,no_volume,0,0,0,0,0,0,182942,172257,-0.0301,0,0,36,17,24,23,1
1775345379,23,76,0,0,0,0,no_volume,0,0,0,0,no_volume,0,0,0,0,no_volume,0,0,0,0,0,0,182942,172257,-0.0301,0,0,36,17,24,23,1
1775345380,23,76,0,0,0,0,no_volume,0,0,0,0,no_volume,0,0,0,0,no_volume,0,0,0,0,0,0,182942,172257,-0.0301,0,0,36,17,24,23,1
1775345381,23,76,0,0,0,0,no_volume,0,0,0,0,no_volume,0,0,0,0,no_volume,0,0,0,0,0,0,182942,172257,-0.0301,0,0,36,17,24,23,1
1775345382,23,76,0,0,0,0,no_volume,0,0,0,0,no_volume,0,0,0,0,no_volume,0,0,0,0,0,0,182942,172197,-0.0303,0,0,36,17,24,23,1
1775345383,23,76,0,0,0,0,no_volume,0,0,0,0,no_volume,0,0,0,0,no_volume,0,0,0,0,0,0,182942,172197,-0.0303,0,0,36,17,24,23,1
1775345384,23,76,0,0,0,0,no_volume,0,0,0,0,no_volume,0,0,0,0,no_volume,0,0,0,0,0,0,182942,172197,-0.0303,0,0,36,17,24,23,1
1775345385,23,76,0,0,0,0,no_volume,0,0,0,0,no_volume,0,0,0,0,no_volume,0,0,0,0,0,0,182942,172197,-0.0303,0,0,36,17,24,23,1
1775345386,23,76,0,0,0,0,no_volume,0,0,0,0,no_volume,0,0,0,0,no_volume,0,0,0,0,0,0,182942,172197,-0.0303,0,0,36,17,24,23,1
1775345387,23,76,0,0,0,0,no_volume,0,0,0,0,no_volume,0,0,0,0,no_volume,0,0,0,0,0,0,182942,172257,-0.0301,0,0,36,17,24,23,1
1775345388,23,76,0,0,0,0,no_volume,0,0,0,0,no_volume,0,0,0,0,no_volume,0,0,0,0,0,0,182942,172257,-0.0301,0,0,36,17,24,23,1
1775345389,23,76,0,0,0,0,no_volume,0,0,0,0,no_volume,0,0,0,0,no_volume,0,0,0,0,0,0,182942,172257,-0.0301,0,0,36,17,24,23,1
1775345390,23,76,0,0,0,0,no_volume,0,0,0,0,no_volume,0,0,0,0,no_volume,0,0,0,0,0,0,182942,172257,-0.0301,0,0,36,17,24,23,1
1775345391,23,76,0,0,0,0,no_volume,0,0,0,0,no_volume,0,0,0,0,no_volume,0,0,0,0,0,0,182942,172257,-0.0301,0,0,36,17,24,23,1
1775345392,23,76,0,0,0,0,no_volume,0,0,0,0,no_volume,0,0,0,0,no_volume,0,0,0,0,0,0,182942,172257,-0.0301,0,0,36,17,24,23,1
1775345393,23,76,0,0,0,0,no_volume,0,0,0,0,no_volume,0,0,0,0,no_volume,0,0,0,0,0,0,182942,172257,-0.0301,0,0,36,17,24,23,1
1775345394,23,76,0,0,0,0,no_volume,0,0,0,0,no_volume,0,0,0,0,no_volume,0,0,0,0,0,0,182942,172257,-0.0301,0,0,36,17,24,23,1
1775345395,23,76,0,0,0,0,no_volume,0,0,0,0,no_volume,0,0,0,0,no_volume,0,0,0,0,0,0,182942,172257,-0.0301,0,0,36,17,24,23,1
1775345396,23,76,0,0,0,0,no_volume,0,0,0,0,no_volume,0,0,0,0,no_volume,0,0,0,0,0,0,182942,172257,-0.0301,0,0,36,17,24,23,1
1775345397,23,76,0,0,0,0,no_volume,0,0,0,0,no_volume,0,0,0,0,no_volume,0,0,0,0,0,0,182942,172257,-0.0301,0,0,36,17,24,23,1
1775345398,23,76,0,0,0,0,no_volume,0,0,0,0,no_volume,0,0,0,0,no_volume,0,0,0,0,0,0,182942,172257,-0.0301,0,0,36,17,24,23,1
1775345399,23,76,0,0,0,0,no_volume,0,0,0,0,no_volume,0,0,0,0,no_volume,0,0,0,0,0,0,182942,172257,-0.0301,0,0,36,17,24,23,1
1775345400,23,76,0,0,0,0,no_volume,0,0,0,0,no_volume,0,0,0,0,no_volume,0,0,0,0,0,0,176213,168239,-0.0231,-6729,-6729,35,16,24,23,1
1775345401,23,76,0,0,0,0,no_volume,0,0,0,0,no_volume,0,0,0,0,no_volume,0,0,0,0,0,0,19088,9272,-0.3461,-163854,-163854,33,16,24,23,1
1775345402,24,75,0,0,0,0,no_volume,0,0,0,0,no_volume,0,0,0,0,no_volume,0,0,0,0,0,0,18611,8698,-0.363,-164331,-164331,33,17,25,24,1
1775345403,24,75,0,0,0,0,no_volume,0,0,0,0,no_volume,0,0,0,0,no_volume,0,0,0,0,0,0,18654,8710,-0.3634,-157559,-164288,33,17,25,24,1
1775345404,24,75,0,0,0,0,no_volume,0,0,0,0,no_volume,0,0,0,0,no_volume,0,0,0,0,0,0,18654,8710,-0.3634,-434,-164288,33,17,25,24,1
1775345405,23,75,0,0,0,0,no_volume,0,0,0,0,no_volume,0,0,0,0,no_volume,0,0,0,0,0,0,18350,7306,-0.4305,-261,-164592,33,16,25,23,2
1775345406,23,75,0,0,0,0,no_volume,0,0,0,0,no_volume,0,0,0,0,no_volume,0,0,0,0,0,0,11589,4364,-0.4529,-7065,-171353,29,17,25,23,2
1775345407,23,73,0,0,0,0,no_volume,0,0,0,0,no_volume,0,0,0,0,no_volume,0,0,0,0,0,0,13113,4335,-0.5031,-5541,-169829,29,18,27,23,4
1775345408,23,73,0,0,0,0,no_volume,0,0,0,0,no_volume,0,0,0,0,no_volume,0,0,0,0,0,0,13113,4365,-0.5005,-5237,-169829,29,18,27,23,4
1775345409,23,73,0,0,0,0,no_volume,0,0,0,0,no_volume,0,0,0,0,no_volume,0,0,0,0,0,0,13113,3365,-0.5916,1524,-169829,29,17,27,23,4
1775345410,23,74,0,0,0,0,no_volume,0,0,0,0,no_volume,0,0,0,0,no_volume,0,0,0,0,0,0,13114,3323,-0.5957,1,-163099,30,15,26,23,3
1775345411,23,74,0,0,0,0,no_volume,0,0,0,0,no_volume,0,0,0,0,no_volume,0,0,0,0,0,0,13130,3323,-0.5961,17,-5958,30,15,26,23,3
1775345412,23,74,0,0,0,0,no_volume,0,0,0,0,no_volume,0,0,0,0,no_volume,0,0,0,0,0,0,13130,3323,-0.5961,17,-5481,30,15,26,23,3
1775345413,23,74,0,0,0,0,no_volume,0,0,0,0,no_volume,0,0,0,0,no_volume,0,0,0,0,0,0,13130,3323,-0.5961,16,-5524,30,15,26,23,3
1775345414,23,74,0,0,0,0,no_volume,0,0,0,0,no_volume,0,0,0,0,no_volume,0,0,0,0,0,0,13591,3323,-0.6071,461,-5063,30,15,26,23,3
1775345415,23,74,0,0,0,0,no_volume,0,0,0,0,no_volume,0,0,0,0,no_volume,0,0,0,0,0,0,13130,3353,-0.5932,0,-5220,30,15,26,23,3
1775345416,23,74,0,0,0,0,no_volume,0,0,0,0,no_volume,0,0,0,0,no_volume,0,0,0,0,0,0,13130,3353,-0.5932,0,1541,30,15,26,23,3
1775345417,23,74,0,0,0,0,no_volume,0,0,0,0,no_volume,0,0,0,0,no_volume,0,0,0,0,0,0,13130,3353,-0.5932,-461,17,30,15,26,23,3
1775345418,23,74,0,0,0,0,no_volume,0,0,0,0,no_volume,0,0,0,0,no_volume,0,0,0,0,0,0,13130,3353,-0.5932,0,17,30,15,26,23,3
1775345419,23,74,0,0,0,0,no_volume,0,0,0,0,no_volume,0,0,0,0,no_volume,0,0,0,0,0,0,13130,3353,-0.5932,0,17,30,15,26,23,3
1775345420,23,74,0,0,0,0,no_volume,0,0,0,0,no_volume,0,0,0,0,no_volume,0,0,0,0,0,0,12630,3353,-0.5804,-500,-484,30,16,26,23,3
1775345421,23,74,0,0,0,0,no_volume,0,0,0,0,no_volume,0,0,0,0,no_volume,0,0,0,0,0,0,12630,3353,-0.5804,-500,-500,30,16,26,23,3
1775345422,23,74,0,0,0,0,no_volume,0,0,0,0,no_volume,0,0,0,0,no_volume,0,0,0,0,0,0,12630,3353,-0.5804,-500,-500,30,16,26,23,3
1775345423,23,74,0,0,0,0,no_volume,0,0,0,0,no_volume,0,0,0,0,no_volume,0,0,0,0,0,0,12630,3353,-0.5804,0,-500,30,16,26,23,3
1775345424,23,74,0,0,0,0,no_volume,0,0,0,0,no_volume,0,0,0,0,no_volume,0,0,0,0,0,0,12630,3353,-0.5804,0,-961,30,16,26,23,3
1775345425,23,74,0,0,0,0,no_volume,0,0,0,0,no_volume,0,0,0,0,no_volume,0,0,0,0,0,0,12630,3353,-0.5804,0,-500,30,16,26,23,3
1775345426,23,74,0,0,0,0,no_volume,0,0,0,0,no_volume,0,0,0,0,no_volume,0,0,0,0,0,0,12630,3353,-0.5804,0,-500,30,16,26,23,3
1775345427,23,74,0,0,0,0,no_volume,0,0,0,0,no_volume,0,0,0,0,no_volume,0,0,0,0,0,0,12630,3353,-0.5804,0,-500,30,16,26,23,3
1775345428,23,74,0,0,0,0,no_volume,0,0,0,0,no_volume,0,0,0,0,no_volume,0,0,0,0,0,0,12630,3353,-0.5804,0,-500,30,16,26,23,3
1775345429,23,74,0,0,0,0,no_volume,0,0,0,0,no_volume,0,0,0,0,no_volume,0,0,0,0,0,0,12630,3353,-0.5804,0,-500,30,16,26,23,3
1775345430,23,74,0,0,0,0,no_volume,0,0,0,0,no_volume,0,0,0,0,no_volume,0,0,0,0,0,0,13130,3353,-0.5932,500,500,30,16,26,23,3
1775345431,23,74,0,0,0,0,no_volume,0,0,0,0,no_volume,0,0,0,0,no_volume,0,0,0,0,0,0,13110,3353,-0.5927,480,480,29,16,26,23,3
1775345432,23,74,0,0,0,0,no_volume,0,0,0,0,no_volume,0,0,0,0,no_volume,0,0,0,0,0,0,13110,3353,-0.5927,480,480,29,16,26,23,3
1775345433,23,74,0,0,0,0,no_volume,0,0,0,0,no_volume,0,0,0,0,no_volume,0,0,0,0,0,0,13110,3353,-0.5927,-20,480,29,16,26,23,3
1775345434,23,74,0,0,0,0,no_volume,0,0,0,0,no_volume,0,0,0,0,no_volume,0,0,0,0,0,0,13110,3353,-0.5927,0,480,29,16,26,23,3
1775345435,23,74,0,0,0,0,no_volume,0,0,0,0,no_volume,0,0,0,0,no_volume,0,0,0,0,0,0,13110,3353,-0.5927,0,480,29,16,26,23,3
1775345436,23,74,0,0,0,0,no_volume,0,0,0,0,no_volume,0,0,0,0,no_volume,0,0,0,0,0,0,13110,3353,-0.5927,0,480,29,16,26,23,3
1775345437,23,74,0,0,0,0,no_volume,0,0,0,0,no_volume,0,0,0,0,no_volume,0,0,0,0,0,0,13110,3353,-0.5927,0,480,29,16,26,23,3
1775345438,23,74,0,0,0,0,no_volume,0,0,0,0,no_volume,0,0,0,0,no_volume,0,0,0,0,0,0,13110,3353,-0.5927,0,480,29,16,26,23,3
1775345439,23,74,0,0,0,0,no_volume,0,0,0,0,no_volume,0,0,0,0,no_volume,0,0,0,0,0,0,13110,3353,-0.5927,0,480,29,16,26,23,3
1775345440,23,74,0,0,0,0,no_volume,0,0,0,0,no_volume,0,0,0,0,no_volume,0,0,0,0,0,0,11610,3353,-0.5518,-1500,-1520,29,15,26,23,3
1775345441,23,74,0,0,0,0,no_volume,0,0,0,0,no_volume,0,0,0,0,no_volume,0,0,0,0,0,0,12610,3353,-0.5799,-500,-500,29,16,26,23,3
1775345442,23,74,0,0,0,0,no_volume,0,0,0,0,no_volume,0,0,0,0,no_volume,0,0,0,0,0,0,13110,3353,-0.5927,0,0,29,16,26,23,3
1775345443,23,74,0,0,0,0,no_volume,0,0,0,0,no_volume,0,0,0,0,no_volume,0,0,0,0,0,0,13110,3353,-0.5927,1500,0,29,16,26,23,3
1775345444,23,74,0,0,0,0,no_volume,0,0,0,0,no_volume,0,0,0,0,no_volume,0,0,0,0,0,0,13110,3353,-0.5927,500,0,29,16,26,23,3
1775345445,23,74,0,0,0,0,no_volume,0,0,0,0,no_volume,0,0,0,0,no_volume,0,0,0,0,0,0,13110,3353,-0.5927,0,0,29,16,26,23,3
1775345446,23,74,0,0,0,0,no_volume,0,0,0,0,no_volume,0,0,0,0,no_volume,0,0,0,0,0,0,13110,3353,-0.5927,0,0,29,16,26,23,3
1775345447,23,74,0,0,0,0,no_volume,0,0,0,0,no_volume,0,0,0,0,no_volume,0,0,0,0,0,0,13110,3353,-0.5927,0,0,29,16,26,23,3
1775345448,23,74,0,0,0,0,no_volume,0,0,0,0,no_volume,0,0,0,0,no_volume,0,0,0,0,0,0,13149,3454,-0.5839,39,39,29,17,26,23,3
1775345449,23,75,0,0,0,0,no_volume,0,0,0,0,no_volume,0,0,0,0,no_volume,0,0,0,0,0,0,14110,3447,-0.6073,1000,1000,30,16,25,23,2
1775345450,23,75,0,0,0,0,no_volume,0,0,0,0,no_volume,0,0,0,0,no_volume,0,0,0,0,0,0,13149,3447,-0.5846,39,1539,30,16,25,23,2
1775345451,23,75,0,0,0,0,no_volume,0,0,0,0,no_volume,0,0,0,0,no_volume,0,0,0,0,0,0,13198,3447,-0.5858,49,588,31,17,25,23,2
1775345452,23,75,0,0,0,0,no_volume,0,0,0,0,no_volume,0,0,0,0,no_volume,0,0,0,0,0,0,13198,3447,-0.5858,-912,88,31,17,25,23,2
1775345453,23,75,0,0,0,0,no_volume,0,0,0,0,no_volume,0,0,0,0,no_volume,0,0,0,0,0,0,13198,3447,-0.5858,49,88,31,17,25,23,2
1775345454,23,75,0,0,0,0,no_volume,0,0,0,0,no_volume,0,0,0,0,no_volume,0,0,0,0,0,0,13198,3447,-0.5858,0,88,31,17,25,23,2
1775345455,23,74,0,0,0,0,no_volume,0,0,0,0,no_volume,0,0,0,0,no_volume,0,0,0,0,0,0,13139,3447,-0.5843,-59,29,29,17,26,23,3
1775345456,23,74,0,0,0,0,no_volume,0,0,0,0,no_volume,0,0,0,0,no_volume,0,0,0,0,0,0,13139,3447,-0.5843,-59,29,29,17,26,23,3
1775345457,23,74,0,0,0,0,no_volume,0,0,0,0,no_volume,0,0,0,0,no_volume,0,0,0,0,0,0,13139,3447,-0.5843,-59,29,29,17,26,23,3
1775345458,23,74,0,0,0,0,no_volume,0,0,0,0,no_volume,0,0,0,0,no_volume,0,0,0,0,0,0,13149,3447,-0.5846,10,0,29,17,26,23,3
1775345459,23,74,0,0,0,0,no_volume,0,0,0,0,no_volume,0,0,0,0,no_volume,0,0,0,0,0,0,12465,3447,-0.5667,-674,-1645,28,17,26,23,3
1775345460,23,74,0,0,0,0,no_volume,0,0,0,0,no_volume,0,0,0,0,no_volume,0,0,0,0,0,0,12465,3447,-0.5667,-674,-684,28,17,26,23,3
1775345461,23,74,0,0,0,0,no_volume,0,0,0,0,no_volume,0,0,0,0,no_volume,0,0,0,0,0,0,12154,3152,-0.5881,-995,-1044,29,16,26,23,3
1775345462,23,74,0,0,0,0,no_volume,0,0,0,0,no_volume,0,0,0,0,no_volume,0,0,0,0,0,0,11898,2452,-0.6583,-567,-1300,29,15,26,23,3
1775345463,23,74,0,0,0,0,no_volume,0,0,0,0,no_volume,0,0,0,0,no_volume,0,0,0,0,0,0,10888,2602,-0.6142,-1577,-2310,29,15,26,23,3
1775345464,23,74,0,0,0,0,no_volume,0,0,0,0,no_volume,0,0,0,0,no_volume,0,0,0,0,0,0,11888,2602,-0.6409,-266,-1310,29,16,26,23,3
1775345465,24,74,0,0,0,0,no_volume,0,0,0,0,no_volume,0,0,0,0,no_volume,0,0,0,0,0,0,10897,2536,-0.6224,-1001,-2242,29,15,26,24,2
1775345466,24,74,0,0,0,0,no_volume,0,0,0,0,no_volume,0,0,0,0,no_volume,0,0,0,0,0,0,11940,2786,-0.6216,1052,-1199,30,15,26,24,2
1775345467,24,74,0,0,0,0,no_volume,0,0,0,0,no_volume,0,0,0,0,no_volume,0,0,0,0,0,0,10940,2786,-0.5941,-948,-2199,31,15,26,24,2
1775345468,24,74,0,0,0,0,no_volume,0,0,0,0,no_volume,0,0,0,0,no_volume,0,0,0,0,0,0,11854,2786,-0.6194,957,-1295,30,15,26,24,2
1775345469,24,74,0,0,0,0,no_volume,0,0,0,0,no_volume,0,0,0,0,no_volume,0,0,0,0,0,0,11854,2744,-0.6241,-86,-611,29,15,26,24,2
1775345470,24,74,0,0,0,0,no_volume,0,0,0,0,no_volume,0,0,0,0,no_volume,0,0,0,0,0,0,11866,2786,-0.6197,926,-599,30,15,26,24,2
1775345471,24,74,0,0,0,0,no_volume,0,0,0,0,no_volume,0,0,0,0,no_volume,0,0,0,0,0,0,13666,2328,-0.7089,1812,1512,31,16,26,24,2
1775345472,24,74,0,0,0,0,no_volume,0,0,0,0,no_volume,0,0,0,0,no_volume,0,0,0,0,0,0,13882,2495,-0.6953,2028,1984,30,16,26,24,2
1775345473,24,74,0,0,0,0,no_volume,0,0,0,0,no_volume,0,0,0,0,no_volume,0,0,0,0,0,0,13882,2495,-0.6953,2016,2994,30,16,26,24,2
1775345474,24,74,0,0,0,0,no_volume,0,0,0,0,no_volume,0,0,0,0,no_volume,0,0,0,0,0,0,12882,2537,-0.6709,-784,994,29,16,26,24,2
1775345475,24,74,0,0,0,0,no_volume,0,0,0,0,no_volume,0,0,0,0,no_volume,0,0,0,0,0,0,13882,2537,-0.691,0,2985,29,16,26,24,2
1775345476,24,74,0,0,0,0,no_volume,0,0,0,0,no_volume,0,0,0,0,no_volume,0,0,0,0,0,0,13882,2537,-0.691,0,1942,29,16,26,24,2
1775345477,24,74,0,0,0,0,no_volume,0,0,0,0,no_volume,0,0,0,0,no_volume,0,0,0,0,0,0,12482,2537,-0.6622,-400,1542,28,16,26,24,2
1775345478,24,74,0,0,0,0,no_volume,0,0,0,0,no_volume,0,0,0,0,no_volume,0,0,0,0,0,0,12482,2345,-0.6837,-1400,628,28,15,26,24,2
1775345479,24,74,0,0,0,0,no_volume,0,0,0,0,no_volume,0,0,0,0,no_volume,0,0,0,0,0,0,12482,2387,-0.6789,-1400,628,28,15,26,24,2
1775345480,24,74,0,0,0,0,no_volume,0,0,0,0,no_volume,0,0,0,0,no_volume,0,0,0,0,0,0,12482,2387,-0.6789,0,616,28,15,26,24,2
1775345481,24,74,0,0,0,0,no_volume,0,0,0,0,no_volume,0,0,0,0,no_volume,0,0,0,0,0,0,12482,2387,-0.6789,0,-1184,28,15,26,24,2
1775345482,24,74,0,0,0,0,no_volume,0,0,0,0,no_volume,0,0,0,0,no_volume,0,0,0,0,0,0,12482,2387,-0.6789,0,-1400,28,15,26,24,2
1775345483,24,74,0,0,0,0,no_volume,0,0,0,0,no_volume,0,0,0,0,no_volume,0,0,0,0,0,0,10882,2387,-0.6402,-1600,-3000,28,15,26,24,2
1775345484,24,74,0,0,0,0,no_volume,0,0,0,0,no_volume,0,0,0,0,no_volume,0,0,0,0,0,0,10901,2387,-0.6407,-1581,-1981,29,15,26,24,2
1775345485,24,74,0,0,0,0,no_volume,0,0,0,0,no_volume,0,0,0,0,no_volume,0,0,0,0,0,0,10858,2345,-0.6448,-1624,-3024,29,15,26,24,2
1775345486,24,74,0,0,0,0,no_volume,0,0,0,0,no_volume,0,0,0,0,no_volume,0,0,0,0,0,0,11901,2387,-0.6659,1019,-1981,29,15,26,24,2
1775345487,24,74,0,0,0,0,no_volume,0,0,0,0,no_volume,0,0,0,0,no_volume,0,0,0,0,0,0,11882,2387,-0.6654,981,-600,30,15,26,24,2
1775345488,24,74,0,0,0,0,no_volume,0,0,0,0,no_volume,0,0,0,0,no_volume,0,0,0,0,0,0,11882,2387,-0.6654,1024,-600,29,15,26,24,2
1775345489,24,74,0,0,0,0,no_volume,0,0,0,0,no_volume,0,0,0,0,no_volume,0,0,0,0,0,0,11901,2404,-0.6639,0,-581,28,15,26,24,2
1775345490,24,74,0,0,0,0,no_volume,0,0,0,0,no_volume,0,0,0,0,no_volume,0,0,0,0,0,0,11901,2545,-0.6477,19,-581,31,14,26,24,2
1775345491,24,74,0,0,0,0,no_volume,0,0,0,0,no_volume,0,0,0,0,no_volume,0,0,0,0,0,0,11901,2545,-0.6477,19,-581,31,14,26,24,2
1775345492,24,74,0,0,0,0,no_volume,0,0,0,0,no_volume,0,0,0,0,no_volume,0,0,0,0,0,0,11901,2545,-0.6477,0,-581,31,14,26,24,2
1775345493,24,74,0,0,0,0,no_volume,0,0,0,0,no_volume,0,0,0,0,no_volume,0,0,0,0,0,0,11901,2545,-0.6477,0,1019,31,14,26,24,2
1775345494,24,74,0,0,0,0,no_volume,0,0,0,0,no_volume,0,0,0,0,no_volume,0,0,0,0,0,0,11901,2545,-0.6477,0,1000,31,14,26,24,2
1775345495,24,74,0,0,0,0,no_volume,0,0,0,0,no_volume,0,0,0,0,no_volume,0,0,0,0,0,0,11901,2545,-0.6477,0,1043,31,14,26,24,2
1775345496,24,74,0,0,0,0,no_volume,0,0,0,0,no_volume,0,0,0,0,no_volume,0,0,0,0,0,0,11901,2545,-0.6477,0,0,31,14,26,24,2
1775345497,24,74,0,0,0,0,no_volume,0,0,0,0,no_volume,0,0,0,0,no_volume,0,0,0,0,0,0,11882,2545,-0.6472,-19,0,30,14,26,24,2
1775345498,24,74,0,0,0,0,no_volume,0,0,0,0,no_volume,0,0,0,0,no_volume,0,0,0,0,0,0,11882,2795,-0.6191,-19,0,30,14,26,24,2
1775345499,24,74,0,0,0,0,no_volume,0,0,0,0,no_volume,0,0,0,0,no_volume,0,0,0,0,0,0,11882,2795,-0.6191,-19,-19,31,14,26,24,2
1775345500,24,74,0,0,0,0,no_volume,0,0,0,0,no_volume,0,0,0,0,no_volume,0,0,0,0,0,0,11882,2795,-0.6191,0,-19,30,14,26,24,2
1775345501,24,74,0,0,0,0,no_volume,0,0,0,0,no_volume,0,0,0,0,no_volume,0,0,0,0,0,0,11401,2795,-0.6062,-481,-500,32,14,26,24,2
1775345502,24,74,0,0,0,0,no_volume,0,0,0,0,no_volume,0,0,0,0,no_volume,0,0,0,0,0,0,11901,2795,-0.6196,19,0,32,14,26,24,2
1775345503,24,74,0,0,0,0,no_volume,0,0,0,0,no_volume,0,0,0,0,no_volume,0,0,0,0,0,0,11901,2795,-0.6196,19,0,32,14,26,24,2
1775345504,24,74,0,0,0,0,no_volume,0,0,0,0,no_volume,0,0,0,0,no_volume,0,0,0,0,0,0,11901,2795,-0.6196,500,0,32,14,26,24,2
1775345505,24,74,0,0,0,0,no_volume,0,0,0,0,no_volume,0,0,0,0,no_volume,0,0,0,0,0,0,11882,2795,-0.6191,-19,-19,31,14,26,24,2
1775345506,24,74,0,0,0,0,no_volume,0,0,0,0,no_volume,0,0,0,0,no_volume,0,0,0,0,0,0,11882,2795,-0.6191,-19,-19,30,14,26,24,2
1775345507,24,74,0,0,0,0,no_volume,0,0,0,0,no_volume,0,0,0,0,no_volume,0,0,0,0,0,0,11882,2795,-0.6191,-19,0,30,14,26,24,2
1775345508,24,74,0,0,0,0,no_volume,0,0,0,0,no_volume,0,0,0,0,no_volume,0,0,0,0,0,0,11901,2795,-0.6196,19,19,31,14,26,24,2
1775345509,24,74,0,0,0,0,no_volume,0,0,0,0,no_volume,0,0,0,0,no_volume,0,0,0,0,0,0,11901,2795,-0.6196,19,19,33,14,26,24,2
1775345510,24,74,0,0,0,0,no_volume,0,0,0,0,no_volume,0,0,0,0,no_volume,0,0,0,0,0,0,11882,2795,-0.6191,0,0,33,14,26,24,2
1775345511,24,74,0,0,0,0,no_volume,0,0,0,0,no_volume,0,0,0,0,no_volume,0,0,0,0,0,0,11882,2795,-0.6191,-19,481,33,14,26,24,2
1775345512,24,74,0,0,0,0,no_volume,0,0,0,0,no_volume,0,0,0,0,no_volume,0,0,0,0,0,0,11882,2795,-0.6191,-19,-19,33,14,26,24,2
1775345513,24,74,0,0,0,0,no_volume,0,0,0,0,no_volume,0,0,0,0,no_volume,0,0,0,0,0,0,11882,2795,-0.6191,0,-19,33,14,26,24,2
1775345514,24,74,0,0,0,0,no_volume,0,0,0,0,no_volume,0,0,0,0,no_volume,0,0,0,0,0,0,11882,2795,-0.6191,0,-19,33,14,26,24,2
1775345515,24,74,0,0,0,0,no_volume,0,0,0,0,no_volume,0,0,0,0,no_volume,0,0,0,0,0,0,11882,2795,-0.6191,0,0,33,14,26,24,2
1775345516,24,74,0,0,0,0,no_volume,0,0,0,0,no_volume,0,0,0,0,no_volume,0,0,0,0,0,0,11882,2795,-0.6191,0,0,33,14,26,24,2
1775345517,24,74,0,0,0,0,no_volume,0,0,0,0,no_volume,0,0,0,0,no_volume,0,0,0,0,0,0,11882,2795,-0.6191,0,0,31,14,26,24,2
1775345518,24,74,0,0,0,0,no_volume,0,0,0,0,no_volume,0,0,0,0,no_volume,0,0,0,0,0,0,11882,2795,-0.6191,0,-19,30,14,26,24,2
1775345519,24,74,0,0,0,0,no_volume,0,0,0,0,no_volume,0,0,0,0,no_volume,0,0,0,0,0,0,11623,2608,-0.6335,-259,-278,28,14,26,24,2
1775345520,24,74,0,0,0,0,no_volume,0,0,0,0,no_volume,0,0,0,0,no_volume,0,0,0,0,0,0,11623,2608,-0.6335,-259,-259,30,14,26,24,2
1775345521,24,74,0,0,0,0,no_volume,0,0,0,0,no_volume,0,0,0,0,no_volume,0,0,0,0,0,0,11890,2747,-0.6246,8,8,31,14,26,24,2
1775345522,24,74,0,0,0,0,no_volume,0,0,0,0,no_volume,0,0,0,0,no_volume,0,0,0,0,0,0,11890,2747,-0.6246,267,8,31,14,26,24,2
1775345523,24,74,0,0,0,0,no_volume,0,0,0,0,no_volume,0,0,0,0,no_volume,0,0,0,0,0,0,11890,2747,-0.6246,267,8,31,14,26,24,2
1775345524,24,74,0,0,0,0,no_volume,0,0,0,0,no_volume,0,0,0,0,no_volume,0,0,0,0,0,0,11890,2747,-0.6246,0,8,31,14,26,24,2
1775345525,24,74,0,0,0,0,no_volume,0,0,0,0,no_volume,0,0,0,0,no_volume,0,0,0,0,0,0,11890,2761,-0.6231,0,8,30,15,26,24,2
1775345526,24,74,0,0,0,0,no_volume,0,0,0,0,no_volume,0,0,0,0,no_volume,0,0,0,0,0,0,11871,2453,-0.6575,-19,-11,29,15,26,24,2
1775345527,24,74,0,0,0,0,no_volume,0,0,0,0,no_volume,0,0,0,0,no_volume,0,0,0,0,0,0,10890,2764,-0.5951,-1000,-992,29,15,26,24,2
1775345528,24,74,0,0,0,0,no_volume,0,0,0,0,no_volume,0,0,0,0,no_volume,0,0,0,0,0,0,10890,2764,-0.5951,-1000,-992,32,15,26,24,2
1775345529,24,74,0,0,0,0,no_volume,0,0,0,0,no_volume,0,0,0,0,no_volume,0,0,0,0,0,0,10871,2764,-0.5946,-1000,-752,30,15,26,24,2
1775345530,24,74,0,0,0,0,no_volume,0,0,0,0,no_volume,0,0,0,0,no_volume,0,0,0,0,0,0,10890,2764,-0.5951,0,-733,31,15,26,24,2
1775345531,24,74,0,0,0,0,no_volume,0,0,0,0,no_volume,0,0,0,0,no_volume,0,0,0,0,0,0,10871,2764,-0.5946,-19,-1019,32,15,26,24,2
1775345532,24,74,0,0,0,0,no_volume,0,0,0,0,no_volume,0,0,0,0,no_volume,0,0,0,0,0,0,10871,2764,-0.5946,0,-1019,32,15,26,24,2
1775345533,24,74,0,0,0,0,no_volume,0,0,0,0,no_volume,0,0,0,0,no_volume,0,0,0,0,0,0,10871,2764,-0.5946,-19,-1019,32,15,26,24,2
1775345534,24,74,0,0,0,0,no_volume,0,0,0,0,no_volume,0,0,0,0,no_volume,0,0,0,0,0,0,10871,2725,-0.5991,0,-1019,32,15,26,24,2
1775345535,24,74,0,0,0,0,no_volume,0,0,0,0,no_volume,0,0,0,0,no_volume,0,0,0,0,0,0,10832,2475,-0.628,-39,-1058,30,14,26,24,2
1775345536,24,74,0,0,0,0,no_volume,0,0,0,0,no_volume,0,0,0,0,no_volume,0,0,0,0,0,0,12832,2475,-0.6766,1961,961,31,15,26,24,2
1775345537,24,74,0,0,0,0,no_volume,0,0,0,0,no_volume,0,0,0,0,no_volume,0,0,0,0,0,0,12832,2475,-0.6766,1961,1942,31,15,26,24,2
1775345538,24,74,0,0,0,0,no_volume,0,0,0,0,no_volume,0,0,0,0,no_volume,0,0,0,0,0,0,12832,2475,-0.6766,2000,1942,30,15,26,24,2
1775345539,24,74,0,0,0,0,no_volume,0,0,0,0,no_volume,0,0,0,0,no_volume,0,0,0,0,0,0,12832,2475,-0.6766,0,1961,30,15,26,24,2
1775345540,24,74,0,0,0,0,no_volume,0,0,0,0,no_volume,0,0,0,0,no_volume,0,0,0,0,0,0,12832,2475,-0.6766,0,1942,30,15,26,24,2
1775345541,24,74,0,0,0,0,no_volume,0,0,0,0,no_volume,0,0,0,0,no_volume,0,0,0,0,0,0,12838,2475,-0.6767,6,1967,30,15,26,24,2
1775345542,24,74,0,0,0,0,no_volume,0,0,0,0,no_volume,0,0,0,0,no_volume,0,0,0,0,0,0,12838,2475,-0.6767,6,1967,30,15,26,24,2
1775345543,24,74,0,0,0,0,no_volume,0,0,0,0,no_volume,0,0,0,0,no_volume,0,0,0,0,0,0,12838,2475,-0.6767,6,1967,30,15,26,24,2
1775345544,24,74,0,0,0,0,no_volume,0,0,0,0,no_volume,0,0,0,0,no_volume,0,0,0,0,0,0,12838,2475,-0.6767,0,1967,30,15,26,24,2
1775345545,24,74,0,0,0,0,no_volume,0,0,0,0,no_volume,0,0,0,0,no_volume,0,0,0,0,0,0,12838,2475,-0.6767,0,2006,30,15,26,24,2
1775345546,24,74,0,0,0,0,no_volume,0,0,0,0,no_volume,0,0,0,0,no_volume,0,0,0,0,0,0,12838,2475,-0.6767,0,6,30,15,26,24,2
1775345547,24,74,0,0,0,0,no_volume,0,0,0,0,no_volume,0,0,0,0,no_volume,0,0,0,0,0,0,12838,2475,-0.6767,0,6,30,15,26,24,2
1775345548,24,74,0,0,0,0,no_volume,0,0,0,0,no_volume,0,0,0,0,no_volume,0,0,0,0,0,0,12846,2708,-0.6518,8,14,31,16,26,24,2
1775345549,24,74,0,0,0,0,no_volume,0,0,0,0,no_volume,0,0,0,0,no_volume,0,0,0,0,0,0,12846,2750,-0.6473,8,14,30,16,26,24,2
1775345550,24,74,0,0,0,0,no_volume,0,0,0,0,no_volume,0,0,0,0,no_volume,0,0,0,0,0,0,12846,2741,-0.6483,8,14,30,15,26,24,2
1775345551,24,74,0,0,0,0,no_volume,0,0,0,0,no_volume,0,0,0,0,no_volume,0,0,0,0,0,0,12846,2741,-0.6483,0,8,30,15,26,24,2
1775345552,24,74,0,0,0,0,no_volume,0,0,0,0,no_volume,0,0,0,0,no_volume,0,0,0,0,0,0,12846,2741,-0.6483,0,8,30,15,26,24,2
1775345553,24,74,0,0,0,0,no_volume,0,0,0,0,no_volume,0,0,0,0,no_volume,0,0,0,0,0,0,10846,2699,-0.6015,-2000,-1992,30,15,26,24,2
1775345554,24,74,0,0,0,0,no_volume,0,0,0,0,no_volume,0,0,0,0,no_volume,0,0,0,0,0,0,10846,2741,-0.5965,-2000,-1992,32,15,26,24,2
1775345555,24,74,0,0,0,0,no_volume,0,0,0,0,no_volume,0,0,0,0,no_volume,0,0,0,0,0,0,10846,2741,-0.5965,-2000,-1992,32,15,26,24,2
1775345556,24,74,0,0,0,0,no_volume,0,0,0,0,no_volume,0,0,0,0,no_volume,0,0,0,0,0,0,10846,2699,-0.6015,0,-1992,31,15,26,24,2
1775345557,24,74,0,0,0,0,no_volume,0,0,0,0,no_volume,0,0,0,0,no_volume,0,0,0,0,0,0,12846,2741,-0.6483,2000,8,31,15,26,24,2
1775345558,24,74,0,0,0,0,no_volume,0,0,0,0,no_volume,0,0,0,0,no_volume,0,0,0,0,0,0,17325,6820,-0.4351,6479,4479,33,14,26,24,2
1775345559,24,74,0,0,0,0,no_volume,0,0,0,0,no_volume,0,0,0,0,no_volume,0,0,0,0,0,0,18325,7778,-0.4041,7479,5479,33,16,26,24,2
1775345560,24,74,0,0,0,0,no_volume,0,0,0,0,no_volume,0,0,0,0,no_volume,0,0,0,0,0,0,17345,7820,-0.3785,4499,4499,32,16,26,24,2
1775345561,24,74,0,0,0,0,no_volume,0,0,0,0,no_volume,0,0,0,0,no_volume,0,0,0,0,0,0,17845,7778,-0.3929,520,4999,34,16,26,24,2
1775345562,24,74,0,0,0,0,no_volume,0,0,0,0,no_volume,0,0,0,0,no_volume,0,0,0,0,0,0,17845,7778,-0.3929,-480,4999,34,16,26,24,2
1775345563,24,74,0,0,0,0,no_volume,0,0,0,0,no_volume,0,0,0,0,no_volume,0,0,0,0,0,0,17845,7778,-0.3929,500,6999,34,16,26,24,2
1775345564,24,74,0,0,0,0,no_volume,0,0,0,0,no_volume,0,0,0,0,no_volume,0,0,0,0,0,0,17845,7778,-0.3929,0,6999,34,16,26,24,2
1775345565,24,74,0,0,0,0,no_volume,0,0,0,0,no_volume,0,0,0,0,no_volume,0,0,0,0,0,0,17845,7778,-0.3929,0,6999,34,16,26,24,2
1775345566,24,74,0,0,0,0,no_volume,0,0,0,0,no_volume,0,0,0,0,no_volume,0,0,0,0,0,0,17845,7778,-0.3929,0,6999,34,16,26,24,2
1775345567,24,74,0,0,0,0,no_volume,0,0,0,0,no_volume,0,0,0,0,no_volume,0,0,0,0,0,0,17845,7820,-0.3906,0,4999,34,16,26,24,2
1775345568,24,74,0,0,0,0,no_volume,0,0,0,0,no_volume,0,0,0,0,no_volume,0,0,0,0,0,0,19445,7820,-0.4264,1600,2120,33,16,26,24,2
1775345569,24,74,0,0,0,0,no_volume,0,0,0,0,no_volume,0,0,0,0,no_volume,0,0,0,0,0,0,19445,7820,-0.4264,1600,1120,33,16,26,24,2
1775345570,24,74,0,0,0,0,no_volume,0,0,0,0,no_volume,0,0,0,0,no_volume,0,0,0,0,0,0,19445,7820,-0.4264,1600,2100,33,16,26,24,2
1775345571,24,74,0,0,0,0,no_volume,0,0,0,0,no_volume,0,0,0,0,no_volume,0,0,0,0,0,0,19445,7820,-0.4264,0,1600,33,16,26,24,2
1775345572,24,74,0,0,0,0,no_volume,0,0,0,0,no_volume,0,0,0,0,no_volume,0,0,0,0,0,0,19445,7820,-0.4264,0,1600,33,16,26,24,2
1775345573,24,74,0,0,0,0,no_volume,0,0,0,0,no_volume,0,0,0,0,no_volume,0,0,0,0,0,0,19445,7820,-0.4264,0,1600,33,16,26,24,2
1775345574,24,74,0,0,0,0,no_volume,0,0,0,0,no_volume,0,0,0,0,no_volume,0,0,0,0,0,0,19445,7820,-0.4264,0,1600,33,16,26,24,2
1775345575,24,74,0,0,0,0,no_volume,0,0,0,0,no_volume,0,0,0,0,no_volume,0,0,0,0,0,0,19445,7820,-0.4264,0,1600,33,16,26,24,2
1775345576,24,74,0,0,0,0,no_volume,0,0,0,0,no_volume,0,0,0,0,no_volume,0,0,0,0,0,0,19445,7820,-0.4264,0,1600,33,16,26,24,2
1775345577,24,74,0,0,0,0,no_volume,0,0,0,0,no_volume,0,0,0,0,no_volume,0,0,0,0,0,0,19445,7820,-0.4264,0,1600,33,16,26,24,2
1775345578,24,74,0,0,0,0,no_volume,0,0,0,0,no_volume,0,0,0,0,no_volume,0,0,0,0,0,0,17445,7820,-0.381,-2000,-2000,33,16,26,24,2
1775345579,24,73,0,0,0,0,no_volume,0,0,0,0,no_volume,0,0,0,0,no_volume,0,0,0,0,0,0,12965,3341,-0.5902,-6480,-6480,31,15,27,24,3
1775345580,24,73,0,0,0,0,no_volume,0,0,0,0,no_volume,0,0,0,0,no_volume,0,0,0,0,0,0,10864,2741,-0.5971,-8581,-8581,30,15,27,24,3
1775345581,24,63,0,0,0,0,no_volume,0,0,0,0,no_volume,0,0,0,0,no_volume,0,0,0,0,0,0,10800,2387,-0.638,-6645,-8645,28,15,37,24,13
1775345582,25,67,0,0,0,0,no_volume,0,0,0,0,no_volume,0,0,0,0,no_volume,0,0,0,0,0,0,10868,2755,-0.5955,-2097,-8577,30,17,33,25,8
1775345583,23,70,0,0,0,0,no_volume,0,0,0,0,no_volume,0,0,0,0,no_volume,0,0,0,0,0,0,10868,2740,-0.5973,4,-8577,29,17,30,23,7
1775345584,23,72,0,0,0,0,no_volume,0,0,0,0,no_volume,0,0,0,0,no_volume,0,0,0,0,0,0,10869,2740,-0.5973,69,-8576,31,16,28,23,5
1775345585,23,72,0,0,0,0,no_volume,0,0,0,0,no_volume,0,0,0,0,no_volume,0,0,0,0,0,0,10869,2770,-0.5938,1,-8576,31,17,28,23,5
1775345586,23,72,0,0,0,0,no_volume,0,0,0,0,no_volume,0,0,0,0,no_volume,0,0,0,0,0,0,10869,2770,-0.5938,1,-8576,31,17,28,23,5
1775345587,23,72,0,0,0,0,no_volume,0,0,0,0,no_volume,0,0,0,0,no_volume,0,0,0,0,0,0,10869,2770,-0.5938,0,-8576,31,17,28,23,5
1775345588,23,72,0,0,0,0,no_volume,0,0,0,0,no_volume,0,0,0,0,no_volume,0,0,0,0,0,0,10869,2770,-0.5938,0,-6576,31,17,28,23,5
1775345589,24,72,0,0,0,0,no_volume,0,0,0,0,no_volume,0,0,0,0,no_volume,0,0,0,0,0,0,10801,2722,-0.5974,-68,-2164,29,17,28,24,4
1775345590,24,72,0,0,0,0,no_volume,0,0,0,0,no_volume,0,0,0,0,no_volume,0,0,0,0,0,0,10869,2784,-0.5922,0,5,30,18,28,24,4
1775345591,24,72,0,0,0,0,no_volume,0,0,0,0,no_volume,0,0,0,0,no_volume,0,0,0,0,0,0,10869,2784,-0.5922,0,69,30,18,28,24,4
1775345592,24,72,0,0,0,0,no_volume,0,0,0,0,no_volume,0,0,0,0,no_volume,0,0,0,0,0,0,10869,2784,-0.5922,68,1,30,18,28,24,4
1775345593,24,72,0,0,0,0,no_volume,0,0,0,0,no_volume,0,0,0,0,no_volume,0,0,0,0,0,0,10869,2784,-0.5922,0,1,30,18,28,24,4
1775345594,24,72,0,0,0,0,no_volume,0,0,0,0,no_volume,0,0,0,0,no_volume,0,0,0,0,0,0,10869,2784,-0.5922,0,0,30,18,28,24,4
1775345595,24,72,0,0,0,0,no_volume,0,0,0,0,no_volume,0,0,0,0,no_volume,0,0,0,0,0,0,10869,2784,-0.5922,0,0,30,18,28,24,4
1775345596,24,72,0,0,0,0,no_volume,0,0,0,0,no_volume,0,0,0,0,no_volume,0,0,0,0,0,0,10869,2784,-0.5922,0,0,30,18,28,24,4
1775345597,24,72,0,0,0,0,no_volume,0,0,0,0,no_volume,0,0,0,0,no_volume,0,0,0,0,0,0,10869,2765,-0.5944,0,0,30,17,28,24,4
1775345598,24,72,0,0,0,0,no_volume,0,0,0,0,no_volume,0,0,0,0,no_volume,0,0,0,0,0,0,10869,2765,-0.5944,0,0,32,17,28,24,4
1775345599,24,72,0,0,0,0,no_volume,0,0,0,0,no_volume,0,0,0,0,no_volume,0,0,0,0,0,0,10866,2765,-0.5943,-3,65,30,16,28,24,4
1775345600,24,72,0,0,0,0,no_volume,0,0,0,0,no_volume,0,0,0,0,no_volume,0,0,0,0,0,0,10866,3046,-0.5621,-3,-3,30,18,28,24,4
1775345601,23,72,0,0,0,0,no_volume,0,0,0,0,no_volume,0,0,0,0,no_volume,0,0,0,0,0,0,10869,3100,-0.5562,0,0,30,17,28,23,5
1775345602,24,72,0,0,0,0,no_volume,0,0,0,0,no_volume,0,0,0,0,no_volume,0,0,0,0,0,0,12820,3070,-0.6136,1954,1951,30,18,28,24,4
1775345603,24,73,0,0,0,0,no_volume,0,0,0,0,no_volume,0,0,0,0,no_volume,0,0,0,0,0,0,13214,3070,-0.6229,2348,2345,31,16,27,24,3
1775345604,24,73,0,0,0,0,no_volume,0,0,0,0,no_volume,0,0,0,0,no_volume,0,0,0,0,0,0,13214,3070,-0.6229,2345,2345,31,16,27,24,3
1775345605,24,73,0,0,0,0,no_volume,0,0,0,0,no_volume,0,0,0,0,no_volume,0,0,0,0,0,0,13214,3070,-0.6229,394,2345,31,16,27,24,3
1775345606,24,73,0,0,0,0,no_volume,0,0,0,0,no_volume,0,0,0,0,no_volume,0,0,0,0,0,0,13214,3070,-0.6229,0,2345,31,16,27,24,3
1775345607,23,73,0,0,0,0,no_volume,0,0,0,0,no_volume,0,0,0,0,no_volume,0,0,0,0,0,0,11214,3130,-0.5636,-2000,345,30,16,27,23,4
1775345608,23,73,0,0,0,0,no_volume,0,0,0,0,no_volume,0,0,0,0,no_volume,0,0,0,0,0,0,12214,3111,-0.594,-1000,1345,31,16,27,23,4
1775345609,23,73,0,0,0,0,no_volume,0,0,0,0,no_volume,0,0,0,0,no_volume,0,0,0,0,0,0,11195,3111,-0.5651,-2019,329,30,16,27,23,4
1775345610,23,73,0,0,0,0,no_volume,0,0,0,0,no_volume,0,0,0,0,no_volume,0,0,0,0,0,0,11214,3588,-0.5152,0,348,30,16,27,23,4
1775345611,23,73,0,0,0,0,no_volume,0,0,0,0,no_volume,0,0,0,0,no_volume,0,0,0,0,0,0,11672,3267,-0.5626,-542,803,32,16,27,23,4
1775345612,23,72,0,0,0,0,no_volume,0,0,0,0,no_volume,0,0,0,0,no_volume,0,0,0,0,0,0,11278,3132,-0.5653,83,-1542,31,14,28,23,5
1775345613,23,72,0,0,0,0,no_volume,0,0,0,0,no_volume,0,0,0,0,no_volume,0,0,0,0,0,0,11278,3132,-0.5653,64,-1936,31,14,28,23,5
1775345614,23,72,0,0,0,0,no_volume,0,0,0,0,no_volume,0,0,0,0,no_volume,0,0,0,0,0,0,11278,3132,-0.5653,-394,-1936,31,14,28,23,5
1775345615,23,72,0,0,0,0,no_volume,0,0,0,0,no_volume,0,0,0,0,no_volume,0,0,0,0,0,0,11278,3132,-0.5653,0,-1936,31,14,28,23,5
1775345616,23,72,0,0,0,0,no_volume,0,0,0,0,no_volume,0,0,0,0,no_volume,0,0,0,0,0,0,11278,3132,-0.5653,0,-1936,31,13,28,23,5
1775345617,23,72,0,0,0,0,no_volume,0,0,0,0,no_volume,0,0,0,0,no_volume,0,0,0,0,0,0,11278,3132,-0.5653,0,64,31,14,28,23,5
1775345618,23,72,0,0,0,0,no_volume,0,0,0,0,no_volume,0,0,0,0,no_volume,0,0,0,0,0,0,12278,3132,-0.5935,1000,64,31,14,28,23,5
1775345619,24,72,0,0,0,0,no_volume,0,0,0,0,no_volume,0,0,0,0,no_volume,0,0,0,0,0,0,12294,3327,-0.574,1016,1099,31,15,28,24,4
1775345620,24,72,0,0,0,0,no_volume,0,0,0,0,no_volume,0,0,0,0,no_volume,0,0,0,0,0,0,12294,3327,-0.574,1016,1080,31,15,28,24,4
1775345621,24,72,0,0,0,0,no_volume,0,0,0,0,no_volume,0,0,0,0,no_volume,0,0,0,0,0,0,12294,3327,-0.574,16,622,31,15,28,24,4
1775345622,24,72,0,0,0,0,no_volume,0,0,0,0,no_volume,0,0,0,0,no_volume,0,0,0,0,0,0,14294,3327,-0.6224,2000,3016,31,15,28,24,4
1775345623,24,72,0,0,0,0,no_volume,0,0,0,0,no_volume,0,0,0,0,no_volume,0,0,0,0,0,0,14294,3327,-0.6224,2000,3016,31,15,28,24,4
1775345624,24,72,0,0,0,0,no_volume,0,0,0,0,no_volume,0,0,0,0,no_volume,0,0,0,0,0,0,14794,3327,-0.6328,2500,3516,31,15,28,24,4
1775345625,23,73,0,0,0,0,no_volume,0,0,0,0,no_volume,0,0,0,0,no_volume,0,0,0,0,0,0,14565,3296,-0.6309,271,3287,31,14,27,23,4
1775345626,23,73,0,0,0,0,no_volume,0,0,0,0,no_volume,0,0,0,0,no_volume,0,0,0,0,0,0,12591,3381,-0.5766,-1703,1313,29,14,27,23,4
1775345627,23,73,0,0,0,0,no_volume,0,0,0,0,no_volume,0,0,0,0,no_volume,0,0,0,0,0,0,12441,3381,-0.5726,-2353,1163,29,14,27,23,4
1775345628,23,73,0,0,0,0,no_volume,0,0,0,0,no_volume,0,0,0,0,no_volume,0,0,0,0,0,0,12441,3381,-0.5726,-2124,163,29,14,27,23,4
1775345629,23,73,0,0,0,0,no_volume,0,0,0,0,no_volume,0,0,0,0,no_volume,0,0,0,0,0,0,12398,3381,-0.5715,-193,104,28,14,27,23,4
1775345630,23,73,0,0,0,0,no_volume,0,0,0,0,no_volume,0,0,0,0,no_volume,0,0,0,0,0,0,12447,3420,-0.5689,6,153,28,14,27,23,4
1775345631,23,74,0,0,0,0,no_volume,0,0,0,0,no_volume,0,0,0,0,no_volume,0,0,0,0,0,0,12490,3420,-0.5701,49,196,30,14,26,23,3
1775345632,23,74,0,0,0,0,no_volume,0,0,0,0,no_volume,0,0,0,0,no_volume,0,0,0,0,0,0,12490,3420,-0.5701,92,-1804,30,14,26,23,3
1775345633,23,74,0,0,0,0,no_volume,0,0,0,0,no_volume,0,0,0,0,no_volume,0,0,0,0,0,0,13199,3386,-0.5917,752,-1095,30,14,26,23,3
1775345634,23,73,0,0,0,0,no_volume,0,0,0,0,no_volume,0,0,0,0,no_volume,0,0,0,0,0,0,12536,3386,-0.5747,46,-2258,30,14,27,23,4
1775345635,24,72,0,0,0,0,no_volume,0,0,0,0,no_volume,0,0,0,0,no_volume,0,0,0,0,0,0,12487,3332,-0.5787,-3,-2078,29,16,28,24,4
1775345636,24,72,0,0,0,0,no_volume,0,0,0,0,no_volume,0,0,0,0,no_volume,0,0,0,0,0,0,12492,3337,-0.5784,-707,-99,29,15,28,24,4
1775345637,24,72,0,0,0,0,no_volume,0,0,0,0,no_volume,0,0,0,0,no_volume,0,0,0,0,0,0,12492,3337,-0.5784,-44,51,29,15,28,24,4
1775345638,24,72,0,0,0,0,no_volume,0,0,0,0,no_volume,0,0,0,0,no_volume,0,0,0,0,0,0,12492,3337,-0.5784,5,51,29,15,28,24,4
1775345639,24,72,0,0,0,0,no_volume,0,0,0,0,no_volume,0,0,0,0,no_volume,0,0,0,0,0,0,12492,3337,-0.5784,0,94,29,15,28,24,4
1775345640,24,72,0,0,0,0,no_volume,0,0,0,0,no_volume,0,0,0,0,no_volume,0,0,0,0,0,0,12492,3337,-0.5784,0,45,29,15,28,24,4
1775345641,24,72,0,0,0,0,no_volume,0,0,0,0,no_volume,0,0,0,0,no_volume,0,0,0,0,0,0,12494,3307,-0.5814,2,4,29,17,28,24,4
1775345642,24,72,0,0,0,0,no_volume,0,0,0,0,no_volume,0,0,0,0,no_volume,0,0,0,0,0,0,12494,3307,-0.5814,2,4,30,16,28,24,4
1775345643,24,73,0,0,0,0,no_volume,0,0,0,0,no_volume,0,0,0,0,no_volume,0,0,0,0,0,0,13376,3307,-0.6035,884,177,31,17,27,24,3
1775345644,23,73,0,0,0,0,no_volume,0,0,0,0,no_volume,0,0,0,0,no_volume,0,0,0,0,0,0,12644,3371,-0.579,150,108,30,15,27,23,4
1775345645,23,73,0,0,0,0,no_volume,0,0,0,0,no_volume,0,0,0,0,no_volume,0,0,0,0,0,0,12644,3371,-0.579,150,157,30,15,27,23,4
1775345646,23,73,0,0,0,0,no_volume,0,0,0,0,no_volume,0,0,0,0,no_volume,0,0,0,0,0,0,12644,3371,-0.579,-732,152,30,15,27,23,4
1775345647,23,73,0,0,0,0,no_volume,0,0,0,0,no_volume,0,0,0,0,no_volume,0,0,0,0,0,0,12644,3371,-0.579,0,152,30,15,27,23,4
1775345648,23,74,0,0,0,0,no_volume,0,0,0,0,no_volume,0,0,0,0,no_volume,0,0,0,0,0,0,12621,3371,-0.5784,-23,129,30,15,26,23,3
1775345649,23,74,0,0,0,0,no_volume,0,0,0,0,no_volume,0,0,0,0,no_volume,0,0,0,0,0,0,12483,3371,-0.5747,-161,-9,30,15,26,23,3
1775345650,23,74,0,0,0,0,no_volume,0,0,0,0,no_volume,0,0,0,0,no_volume,0,0,0,0,0,0,12484,3371,-0.5748,-160,-8,30,15,26,23,3
1775345651,23,74,0,0,0,0,no_volume,0,0,0,0,no_volume,0,0,0,0,no_volume,0,0,0,0,0,0,13216,3371,-0.5935,595,722,31,15,26,23,3
1775345652,23,74,0,0,0,0,no_volume,0,0,0,0,no_volume,0,0,0,0,no_volume,0,0,0,0,0,0,12499,3371,-0.5752,16,5,31,15,26,23,3
1775345653,23,73,0,0,0,0,no_volume,0,0,0,0,no_volume,0,0,0,0,no_volume,0,0,0,0,0,0,12499,3371,-0.5752,15,-877,31,15,27,23,4
1775345654,23,73,0,0,0,0,no_volume,0,0,0,0,no_volume,0,0,0,0,no_volume,0,0,0,0,0,0,12499,3371,-0.5752,-717,-145,31,15,27,23,4
1775345655,23,73,0,0,0,0,no_volume,0,0,0,0,no_volume,0,0,0,0,no_volume,0,0,0,0,0,0,12499,3371,-0.5752,0,-145,31,15,27,23,4
1775345656,23,73,0,0,0,0,no_volume,0,0,0,0,no_volume,0,0,0,0,no_volume,0,0,0,0,0,0,12499,3371,-0.5752,0,-145,31,15,27,23,4
1775345657,23,73,0,0,0,0,no_volume,0,0,0,0,no_volume,0,0,0,0,no_volume,0,0,0,0,0,0,12499,3371,-0.5752,0,-145,31,15,27,23,4
1775345658,23,73,0,0,0,0,no_volume,0,0,0,0,no_volume,0,0,0,0,no_volume,0,0,0,0,0,0,12499,3371,-0.5752,0,-122,31,15,27,23,4
1775345659,23,73,0,0,0,0,no_volume,0,0,0,0,no_volume,0,0,0,0,no_volume,0,0,0,0,0,0,12499,3371,-0.5752,0,16,31,15,27,23,4
1775345660,23,73,0,0,0,0,no_volume,0,0,0,0,no_volume,0,0,0,0,no_volume,0,0,0,0,0,0,12499,3371,-0.5752,0,15,31,15,27,23,4
1775345661,23,73,0,0,0,0,no_volume,0,0,0,0,no_volume,0,0,0,0,no_volume,0,0,0,0,0,0,12479,3411,-0.5707,-20,-737,31,15,27,23,4
1775345662,23,74,0,0,0,0,no_volume,0,0,0,0,no_volume,0,0,0,0,no_volume,0,0,0,0,0,0,12504,3411,-0.5713,5,5,32,15,26,23,3
1775345663,23,74,0,0,0,0,no_volume,0,0,0,0,no_volume,0,0,0,0,no_volume,0,0,0,0,0,0,12504,3411,-0.5713,5,5,32,15,26,23,3
1775345664,23,74,0,0,0,0,no_volume,0,0,0,0,no_volume,0,0,0,0,no_volume,0,0,0,0,0,0,12499,3411,-0.5712,20,0,31,15,26,23,3
1775345665,23,74,0,0,0,0,no_volume,0,0,0,0,no_volume,0,0,0,0,no_volume,0,0,0,0,0,0,12504,3411,-0.5713,0,5,32,16,26,23,3
1775345666,23,74,0,0,0,0,no_volume,0,0,0,0,no_volume,0,0,0,0,no_volume,0,0,0,0,0,0,12478,3406,-0.5711,-26,-21,32,15,26,23,3
1775345667,23,74,0,0,0,0,no_volume,0,0,0,0,no_volume,0,0,0,0,no_volume,0,0,0,0,0,0,12478,3406,-0.5711,-21,-21,32,15,26,23,3
1775345668,23,73,0,0,0,0,no_volume,0,0,0,0,no_volume,0,0,0,0,no_volume,0,0,0,0,0,0,12498,3440,-0.5683,-6,-1,31,13,27,23,4
1775345669,23,73,0,0,0,0,no_volume,0,0,0,0,no_volume,0,0,0,0,no_volume,0,0,0,0,0,0,12998,3440,-0.5815,520,499,32,13,27,23,4
1775345670,23,73,0,0,0,0,no_volume,0,0,0,0,no_volume,0,0,0,0,no_volume,0,0,0,0,0,0,11998,3440,-0.5543,-480,-501,31,13,27,23,4
1775345671,23,73,0,0,0,0,no_volume,0,0,0,0,no_volume,0,0,0,0,no_volume,0,0,0,0,0,0,12498,3440,-0.5683,0,19,31,13,27,23,4
1775345672,23,73,0,0,0,0,no_volume,0,0,0,0,no_volume,0,0,0,0,no_volume,0,0,0,0,0,0,12498,3440,-0.5683,-500,-6,31,13,27,23,4
1775345673,23,73,0,0,0,0,no_volume,0,0,0,0,no_volume,0,0,0,0,no_volume,0,0,0,0,0,0,12498,3440,-0.5683,500,-6,31,13,27,23,4
1775345674,23,73,0,0,0,0,no_volume,0,0,0,0,no_volume,0,0,0,0,no_volume,0,0,0,0,0,0,12498,3430,-0.5693,0,-1,31,13,27,23,4
1775345675,23,73,0,0,0,0,no_volume,0,0,0,0,no_volume,0,0,0,0,no_volume,0,0,0,0,0,0,12498,3430,-0.5693,0,-6,31,13,27,23,4
1775345676,23,73,0,0,0,0,no_volume,0,0,0,0,no_volume,0,0,0,0,no_volume,0,0,0,0,0,0,12498,3430,-0.5693,0,20,31,14,27,23,4
1775345677,23,73,0,0,0,0,no_volume,0,0,0,0,no_volume,0,0,0,0,no_volume,0,0,0,0,0,0,12498,3430,-0.5693,0,20,31,14,27,23,4
1775345678,23,73,0,0,0,0,no_volume,0,0,0,0,no_volume,0,0,0,0,no_volume,0,0,0,0,0,0,12530,3460,-0.5672,32,32,31,14,27,23,4
1775345679,23,73,0,0,0,0,no_volume,0,0,0,0,no_volume,0,0,0,0,no_volume,0,0,0,0,0,0,12530,3460,-0.5672,32,-468,31,14,27,23,4
1775345680,23,73,0,0,0,0,no_volume,0,0,0,0,no_volume,0,0,0,0,no_volume,0,0,0,0,0,0,12530,3460,-0.5672,32,532,31,13,27,23,4
1775345681,23,73,0,0,0,0,no_volume,0,0,0,0,no_volume,0,0,0,0,no_volume,0,0,0,0,0,0,12530,3460,-0.5672,0,32,31,13,27,23,4
1775345682,23,73,0,0,0,0,no_volume,0,0,0,0,no_volume,0,0,0,0,no_volume,0,0,0,0,0,0,12520,3460,-0.567,-10,22,31,14,27,23,4
1775345683,23,73,0,0,0,0,no_volume,0,0,0,0,no_volume,0,0,0,0,no_volume,0,0,0,0,0,0,12520,3460,-0.567,-10,22,31,13,27,23,4
1775345684,23,73,0,0,0,0,no_volume,0,0,0,0,no_volume,0,0,0,0,no_volume,0,0,0,0,0,0,12520,3460,-0.567,-10,22,31,13,27,23,4
1775345685,23,73,0,0,0,0,no_volume,0,0,0,0,no_volume,0,0,0,0,no_volume,0,0,0,0,0,0,12510,3450,-0.5677,-10,12,31,13,27,23,4
1775345686,23,73,0,0,0,0,no_volume,0,0,0,0,no_volume,0,0,0,0,no_volume,0,0,0,0,0,0,12510,3450,-0.5677,-10,12,31,13,27,23,4
1775345687,23,73,0,0,0,0,no_volume,0,0,0,0,no_volume,0,0,0,0,no_volume,0,0,0,0,0,0,12510,3450,-0.5677,-10,12,31,13,27,23,4
1775345688,23,73,0,0,0,0,no_volume,0,0,0,0,no_volume,0,0,0,0,no_volume,0,0,0,0,0,0,12510,3450,-0.5677,0,-20,31,13,27,23,4
1775345689,23,73,0,0,0,0,no_volume,0,0,0,0,no_volume,0,0,0,0,no_volume,0,0,0,0,0,0,12510,3450,-0.5677,0,-20,31,13,27,23,4
1775345690,23,73,0,0,0,0,no_volume,0,0,0,0,no_volume,0,0,0,0,no_volume,0,0,0,0,0,0,13510,3450,-0.5932,1000,980,31,14,27,23,4
1775345691,23,73,0,0,0,0,no_volume,0,0,0,0,no_volume,0,0,0,0,no_volume,0,0,0,0,0,0,15243,3447,-0.6311,2733,2713,31,15,27,23,4
1775345692,23,73,0,0,0,0,no_volume,0,0,0,0,no_volume,0,0,0,0,no_volume,0,0,0,0,0,0,14514,3447,-0.6162,2004,1994,31,15,27,23,4
1775345693,23,74,0,0,0,0,no_volume,0,0,0,0,no_volume,0,0,0,0,no_volume,0,0,0,0,0,0,14514,3447,-0.6162,1004,1994,32,15,26,23,3
1775345694,23,74,0,0,0,0,no_volume,0,0,0,0,no_volume,0,0,0,0,no_volume,0,0,0,0,0,0,12514,3447,-0.5681,-2729,-6,31,15,26,23,3
1775345695,23,74,0,0,0,0,no_volume,0,0,0,0,no_volume,0,0,0,0,no_volume,0,0,0,0,0,0,12514,3407,-0.572,-2000,4,31,15,26,23,3
1775345696,23,74,0,0,0,0,no_volume,0,0,0,0,no_volume,0,0,0,0,no_volume,0,0,0,0,0,0,12491,3407,-0.5714,-2023,-19,30,15,26,23,3
1775345697,23,74,0,0,0,0,no_volume,0,0,0,0,no_volume,0,0,0,0,no_volume,0,0,0,0,0,0,12514,3406,-0.5721,0,4,31,16,26,23,3
1775345698,23,74,0,0,0,0,no_volume,0,0,0,0,no_volume,0,0,0,0,no_volume,0,0,0,0,0,0,12491,3406,-0.5715,-23,-19,30,16,26,23,3
1775345699,23,74,0,0,0,0,no_volume,0,0,0,0,no_volume,0,0,0,0,no_volume,0,0,0,0,0,0,12481,3406,-0.5712,-10,-29,30,16,26,23,3
1775345700,23,74,0,0,0,0,no_volume,0,0,0,0,no_volume,0,0,0,0,no_volume,0,0,0,0,0,0,12285,3406,-0.5659,-229,-1225,31,16,26,23,3
1775345701,23,74,0,0,0,0,no_volume,0,0,0,0,no_volume,0,0,0,0,no_volume,0,0,0,0,0,0,12281,3406,-0.5658,-210,-2962,30,16,26,23,3
1775345702,23,73,0,0,0,0,no_volume,0,0,0,0,no_volume,0,0,0,0,no_volume,0,0,0,0,0,0,12573,3507,-0.5638,92,-1941,30,16,27,23,4
1775345703,23,72,0,0,0,0,no_volume,0,0,0,0,no_volume,0,0,0,0,no_volume,0,0,0,0,0,0,12572,3507,-0.5638,287,-1942,29,16,28,23,5
1775345704,24,72,0,0,0,0,no_volume,0,0,0,0,no_volume,0,0,0,0,no_volume,0,0,0,0,0,0,12587,3425,-0.5722,306,73,29,16,28,24,4
1775345705,23,72,0,0,0,0,no_volume,0,0,0,0,no_volume,0,0,0,0,no_volume,0,0,0,0,0,0,12647,3529,-0.5637,74,133,29,16,28,23,5
1775345706,23,72,0,0,0,0,no_volume,0,0,0,0,no_volume,0,0,0,0,no_volume,0,0,0,0,0,0,12797,3510,-0.5695,225,306,29,15,28,23,5
1775345707,23,72,0,0,0,0,no_volume,0,0,0,0,no_volume,0,0,0,0,no_volume,0,0,0,0,0,0,14798,3451,-0.6218,2211,2284,30,16,28,23,5
1775345708,23,74,0,0,0,0,no_volume,0,0,0,0,no_volume,0,0,0,0,no_volume,0,0,0,0,0,0,14759,3451,-0.621,2112,2268,30,15,26,23,3
1775345709,23,74,0,0,0,0,no_volume,0,0,0,0,no_volume,0,0,0,0,no_volume,0,0,0,0,0,0,14839,4287,-0.5517,2042,2358,30,15,26,23,3
1775345710,23,74,0,0,0,0,no_volume,0,0,0,0,no_volume,0,0,0,0,no_volume,0,0,0,0,0,0,14780,3704,-0.5992,-18,2495,31,16,26,23,3
1775345711,23,74,0,0,0,0,no_volume,0,0,0,0,no_volume,0,0,0,0,no_volume,0,0,0,0,0,0,14778,3704,-0.5992,19,2497,30,17,26,23,3
1775345712,23,74,0,0,0,0,no_volume,0,0,0,0,no_volume,0,0,0,0,no_volume,0,0,0,0,0,0,14778,3704,-0.5992,-61,2205,30,17,26,23,3
1775345713,23,74,0,0,0,0,no_volume,0,0,0,0,no_volume,0,0,0,0,no_volume,0,0,0,0,0,0,14778,3554,-0.6123,-2,2206,30,15,26,23,3
1775345714,23,74,0,0,0,0,no_volume,0,0,0,0,no_volume,0,0,0,0,no_volume,0,0,0,0,0,0,14778,3554,-0.6123,0,2191,30,15,26,23,3
1775345715,23,74,0,0,0,0,no_volume,0,0,0,0,no_volume,0,0,0,0,no_volume,0,0,0,0,0,0,14401,3454,-0.6131,-377,1754,30,16,26,23,3
1775345716,23,74,0,0,0,0,no_volume,0,0,0,0,no_volume,0,0,0,0,no_volume,0,0,0,0,0,0,12651,3704,-0.547,-2127,-146,30,17,26,23,3
1775345717,23,74,0,0,0,0,no_volume,0,0,0,0,no_volume,0,0,0,0,no_volume,0,0,0,0,0,0,13151,4245,-0.512,-1627,-1647,31,16,26,23,3
1775345718,23,74,0,0,0,0,no_volume,0,0,0,0,no_volume,0,0,0,0,no_volume,0,0,0,0,0,0,13150,3512,-0.5784,-1251,-1609,31,17,26,23,3
1775345719,23,75,0,0,0,0,no_volume,0,0,0,0,no_volume,0,0,0,0,no_volume,0,0,0,0,0,0,13100,3304,-0.5972,449,-1739,32,16,25,23,2
1775345720,23,75,0,0,0,0,no_volume,0,0,0,0,no_volume,0,0,0,0,no_volume,0,0,0,0,0,0,18579,8983,-0.3482,5428,3799,34,18,25,23,2
1775345721,23,75,0,0,0,0,no_volume,0,0,0,0,no_volume,0,0,0,0,no_volume,0,0,0,0,0,0,19076,8733,-0.3719,5926,4298,35,17,25,23,2
1775345722,23,75,0,0,0,0,no_volume,0,0,0,0,no_volume,0,0,0,0,no_volume,0,0,0,0,0,0,19076,8733,-0.3719,5976,4298,35,17,25,23,2
1775345723,23,75,0,0,0,0,no_volume,0,0,0,0,no_volume,0,0,0,0,no_volume,0,0,0,0,0,0,19076,8733,-0.3719,497,4298,35,17,25,23,2
1775345724,23,75,0,0,0,0,no_volume,0,0,0,0,no_volume,0,0,0,0,no_volume,0,0,0,0,0,0,19076,8733,-0.3719,0,4298,35,17,25,23,2
1775345725,23,75,0,0,0,0,no_volume,0,0,0,0,no_volume,0,0,0,0,no_volume,0,0,0,0,0,0,19076,8733,-0.3719,0,4675,35,17,25,23,2
1775345726,24,74,0,0,0,0,no_volume,0,0,0,0,no_volume,0,0,0,0,no_volume,0,0,0,0,0,0,18833,8442,-0.381,-243,6182,33,17,26,24,2
1775345727,24,74,0,0,0,0,no_volume,0,0,0,0,no_volume,0,0,0,0,no_volume,0,0,0,0,0,0,18833,8442,-0.381,-243,5682,33,17,26,24,2
1775345728,24,74,0,0,0,0,no_volume,0,0,0,0,no_volume,0,0,0,0,no_volume,0,0,0,0,0,0,18833,8442,-0.381,-243,5683,33,16,26,24,2
1775345729,24,74,0,0,0,0,no_volume,0,0,0,0,no_volume,0,0,0,0,no_volume,0,0,0,0,0,0,18833,8442,-0.381,0,5733,33,16,26,24,2
1775345730,24,74,0,0,0,0,no_volume,0,0,0,0,no_volume,0,0,0,0,no_volume,0,0,0,0,0,0,18583,8442,-0.3752,-250,4,32,16,26,24,2
1775345731,24,74,0,0,0,0,no_volume,0,0,0,0,no_volume,0,0,0,0,no_volume,0,0,0,0,0,0,18583,8442,-0.3752,-250,-493,32,16,26,24,2
1775345732,24,74,0,0,0,0,no_volume,0,0,0,0,no_volume,0,0,0,0,no_volume,0,0,0,0,0,0,18583,8442,-0.3752,-250,-493,32,16,26,24,2
1775345733,24,74,0,0,0,0,no_volume,0,0,0,0,no_volume,0,0,0,0,no_volume,0,0,0,0,0,0,18583,8442,-0.3752,0,-493,32,16,26,24,2
1775345734,24,74,0,0,0,0,no_volume,0,0,0,0,no_volume,0,0,0,0,no_volume,0,0,0,0,0,0,18583,8442,-0.3752,0,-493,32,16,26,24,2
1775345735,24,74,0,0,0,0,no_volume,0,0,0,0,no_volume,0,0,0,0,no_volume,0,0,0,0,0,0,18583,8442,-0.3752,0,-493,32,16,26,24,2
1775345736,24,74,0,0,0,0,no_volume,0,0,0,0,no_volume,0,0,0,0,no_volume,0,0,0,0,0,0,18583,8442,-0.3752,0,-250,32,16,26,24,2
1775345737,24,74,0,0,0,0,no_volume,0,0,0,0,no_volume,0,0,0,0,no_volume,0,0,0,0,0,0,18583,8442,-0.3752,0,-250,32,16,26,24,2
1775345738,24,74,0,0,0,0,no_volume,0,0,0,0,no_volume,0,0,0,0,no_volume,0,0,0,0,0,0,18583,8442,-0.3752,0,-250,32,16,26,24,2
1775345739,24,74,0,0,0,0,no_volume,0,0,0,0,no_volume,0,0,0,0,no_volume,0,0,0,0,0,0,18583,8442,-0.3752,0,-250,32,16,26,24,2
1775345740,24,74,0,0,0,0,no_volume,0,0,0,0,no_volume,0,0,0,0,no_volume,0,0,0,0,0,0,18583,8442,-0.3752,0,0,32,16,26,24,2
1775345741,24,74,0,0,0,0,no_volume,0,0,0,0,no_volume,0,0,0,0,no_volume,0,0,0,0,0,0,18583,8442,-0.3752,0,0,32,16,26,24,2
1775345742,24,74,0,0,0,0,no_volume,0,0,0,0,no_volume,0,0,0,0,no_volume,0,0,0,0,0,0,18583,8442,-0.3752,0,0,32,16,26,24,2
1775345743,24,74,0,0,0,0,no_volume,0,0,0,0,no_volume,0,0,0,0,no_volume,0,0,0,0,0,0,18583,8442,-0.3752,0,0,32,16,26,24,2
1775345744,24,74,0,0,0,0,no_volume,0,0,0,0,no_volume,0,0,0,0,no_volume,0,0,0,0,0,0,15586,7442,-0.3537,-2997,-2997,30,15,26,24,2
1775345745,24,74,0,0,0,0,no_volume,0,0,0,0,no_volume,0,0,0,0,no_volume,0,0,0,0,0,0,15583,7442,-0.3536,-3000,-3000,29,15,26,24,2
1775345746,24,74,0,0,0,0,no_volume,0,0,0,0,no_volume,0,0,0,0,no_volume,0,0,0,0,0,0,17583,8442,-0.3512,-1000,-1000,31,16,26,24,2
1775345747,24,74,0,0,0,0,no_volume,0,0,0,0,no_volume,0,0,0,0,no_volume,0,0,0,0,0,0,18583,8442,-0.3752,2997,0,32,16,26,24,2
1775345748,24,74,0,0,0,0,no_volume,0,0,0,0,no_volume,0,0,0,0,no_volume,0,0,0,0,0,0,18583,8442,-0.3752,3000,0,32,16,26,24,2
1775345749,24,74,0,0,0,0,no_volume,0,0,0,0,no_volume,0,0,0,0,no_volume,0,0,0,0,0,0,18583,8442,-0.3752,1000,0,32,16,26,24,2
1775345750,24,74,0,0,0,0,no_volume,0,0,0,0,no_volume,0,0,0,0,no_volume,0,0,0,0,0,0,18583,8442,-0.3752,0,0,32,16,26,24,2
1775345751,24,74,0,0,0,0,no_volume,0,0,0,0,no_volume,0,0,0,0,no_volume,0,0,0,0,0,0,18583,8442,-0.3752,0,0,32,16,26,24,2
1775345752,24,74,0,0,0,0,no_volume,0,0,0,0,no_volume,0,0,0,0,no_volume,0,0,0,0,0,0,18583,8442,-0.3752,0,0,32,16,26,24,2
1775345753,24,74,0,0,0,0,no_volume,0,0,0,0,no_volume,0,0,0,0,no_volume,0,0,0,0,0,0,18583,8442,-0.3752,0,0,32,16,26,24,2
1775345754,24,74,0,0,0,0,no_volume,0,0,0,0,no_volume,0,0,0,0,no_volume,0,0,0,0,0,0,18583,8442,-0.3752,0,2997,32,16,26,24,2
1775345755,24,74,0,0,0,0,no_volume,0,0,0,0,no_volume,0,0,0,0,no_volume,0,0,0,0,0,0,18583,8442,-0.3752,0,3000,32,16,26,24,2
1775345756,24,74,0,0,0,0,no_volume,0,0,0,0,no_volume,0,0,0,0,no_volume,0,0,0,0,0,0,18583,8442,-0.3752,0,1000,32,16,26,24,2
1775345757,24,74,0,0,0,0,no_volume,0,0,0,0,no_volume,0,0,0,0,no_volume,0,0,0,0,0,0,18583,8442,-0.3752,0,0,32,16,26,24,2
1775345758,24,74,0,0,0,0,no_volume,0,0,0,0,no_volume,0,0,0,0,no_volume,0,0,0,0,0,0,18583,8442,-0.3752,0,0,32,16,26,24,2
1775345759,24,74,0,0,0,0,no_volume,0,0,0,0,no_volume,0,0,0,0,no_volume,0,0,0,0,0,0,18583,8442,-0.3752,0,0,32,16,26,24,2
1775345760,24,74,0,0,0,0,no_volume,0,0,0,0,no_volume,0,0,0,0,no_volume,0,0,0,0,0,0,18583,8442,-0.3752,0,0,32,16,26,24,2
1775345761,24,74,0,0,0,0,no_volume,0,0,0,0,no_volume,0,0,0,0,no_volume,0,0,0,0,0,0,18583,8442,-0.3752,0,0,32,16,26,24,2
1775345762,24,74,0,0,0,0,no_volume,0,0,0,0,no_volume,0,0,0,0,no_volume,0,0,0,0,0,0,18583,8442,-0.3752,0,0,32,16,26,24,2
1775345763,24,74,0,0,0,0,no_volume,0,0,0,0,no_volume,0,0,0,0,no_volume,0,0,0,0,0,0,18583,8442,-0.3752,0,0,32,16,26,24,2
1775345764,24,74,0,0,0,0,no_volume,0,0,0,0,no_volume,0,0,0,0,no_volume,0,0,0,0,0,0,18583,8442,-0.3752,0,0,32,16,26,24,2
1775345765,24,74,0,0,0,0,no_volume,0,0,0,0,no_volume,0,0,0,0,no_volume,0,0,0,0,0,0,18533,8382,-0.3772,-50,-50,32,16,26,24,2
1775345766,24,74,0,0,0,0,no_volume,0,0,0,0,no_volume,0,0,0,0,no_volume,0,0,0,0,0,0,18533,8382,-0.3772,-50,-50,32,16,26,24,2
1775345767,24,74,0,0,0,0,no_volume,0,0,0,0,no_volume,0,0,0,0,no_volume,0,0,0,0,0,0,18533,8382,-0.3772,-50,-50,32,16,26,24,2
1775345768,24,74,0,0,0,0,no_volume,0,0,0,0,no_volume,0,0,0,0,no_volume,0,0,0,0,0,0,18533,8382,-0.3772,0,-50,32,16,26,24,2
1775345769,24,74,0,0,0,0,no_volume,0,0,0,0,no_volume,0,0,0,0,no_volume,0,0,0,0,0,0,18533,8382,-0.3772,0,-50,32,16,26,24,2
1775345770,24,74,0,0,0,0,no_volume,0,0,0,0,no_volume,0,0,0,0,no_volume,0,0,0,0,0,0,18533,8382,-0.3772,0,-50,32,16,26,24,2
1775345771,24,74,0,0,0,0,no_volume,0,0,0,0,no_volume,0,0,0,0,no_volume,0,0,0,0,0,0,18533,8382,-0.3772,0,-50,32,16,26,24,2
1775345772,24,74,0,0,0,0,no_volume,0,0,0,0,no_volume,0,0,0,0,no_volume,0,0,0,0,0,0,18533,8382,-0.3772,0,-50,32,16,26,24,2
1775345773,24,74,0,0,0,0,no_volume,0,0,0,0,no_volume,0,0,0,0,no_volume,0,0,0,0,0,0,18533,8382,-0.3772,0,-50,32,16,26,24,2
1775345774,24,74,0,0,0,0,no_volume,0,0,0,0,no_volume,0,0,0,0,no_volume,0,0,0,0,0,0,18533,8382,-0.3772,0,-50,32,16,26,24,2
1775345775,24,74,0,0,0,0,no_volume,0,0,0,0,no_volume,0,0,0,0,no_volume,0,0,0,0,0,0,18533,8382,-0.3772,0,0,32,16,26,24,2
1775345776,24,74,0,0,0,0,no_volume,0,0,0,0,no_volume,0,0,0,0,no_volume,0,0,0,0,0,0,18533,8382,-0.3772,0,0,32,16,26,24,2
1775345777,24,74,0,0,0,0,no_volume,0,0,0,0,no_volume,0,0,0,0,no_volume,0,0,0,0,0,0,18533,8382,-0.3772,0,0,32,16,26,24,2
1775345778,24,74,0,0,0,0,no_volume,0,0,0,0,no_volume,0,0,0,0,no_volume,0,0,0,0,0,0,18533,8382,-0.3772,0,0,32,16,26,24,2
1775345779,24,74,0,0,0,0,no_volume,0,0,0,0,no_volume,0,0,0,0,no_volume,0,0,0,0,0,0,18533,8382,-0.3772,0,0,32,16,26,24,2
1775345780,24,74,0,0,0,0,no_volume,0,0,0,0,no_volume,0,0,0,0,no_volume,0,0,0,0,0,0,18533,8382,-0.3772,0,0,32,16,26,24,2
1775345781,24,74,0,0,0,0,no_volume,0,0,0,0,no_volume,0,0,0,0,no_volume,0,0,0,0,0,0,18533,8382,-0.3772,0,0,32,16,26,24,2
1775345782,24,74,0,0,0,0,no_volume,0,0,0,0,no_volume,0,0,0,0,no_volume,0,0,0,0,0,0,18533,8382,-0.3772,0,0,32,16,26,24,2
1775345783,24,74,0,0,0,0,no_volume,0,0,0,0,no_volume,0,0,0,0,no_volume,0,0,0,0,0,0,18533,8382,-0.3772,0,0,32,16,26,24,2
1775345784,24,74,0,0,0,0,no_volume,0,0,0,0,no_volume,0,0,0,0,no_volume,0,0,0,0,0,0,18533,8382,-0.3772,0,0,32,16,26,24,2
1775345785,24,74,0,0,0,0,no_volume,0,0,0,0,no_volume,0,0,0,0,no_volume,0,0,0,0,0,0,18533,8382,-0.3772,0,0,32,16,26,24,2
1775345786,24,74,0,0,0,0,no_volume,0,0,0,0,no_volume,0,0,0,0,no_volume,0,0,0,0,0,0,18533,8382,-0.3772,0,0,32,16,26,24,2
1775345787,24,74,0,0,0,0,no_volume,0,0,0,0,no_volume,0,0,0,0,no_volume,0,0,0,0,0,0,18533,8382,-0.3772,0,0,32,16,26,24,2
1775345788,24,74,0,0,0,0,no_volume,0,0,0,0,no_volume,0,0,0,0,no_volume,0,0,0,0,0,0,18533,8382,-0.3772,0,0,32,16,26,24,2
1775345789,24,74,0,0,0,0,no_volume,0,0,0,0,no_volume,0,0,0,0,no_volume,0,0,0,0,0,0,18707,8519,-0.3742,174,174,32,16,26,24,2
1775345790,24,74,0,0,0,0,no_volume,0,0,0,0,no_volume,0,0,0,0,no_volume,0,0,0,0,0,0,18707,8519,-0.3742,174,174,32,16,26,24,2
1775345791,24,74,0,0,0,0,no_volume,0,0,0,0,no_volume,0,0,0,0,no_volume,0,0,0,0,0,0,18707,8519,-0.3742,174,174,32,16,26,24,2
1775345792,24,74,0,0,0,0,no_volume,0,0,0,0,no_volume,0,0,0,0,no_volume,0,0,0,0,0,0,18707,8519,-0.3742,0,174,32,16,26,24,2
1775345793,24,74,0,0,0,0,no_volume,0,0,0,0,no_volume,0,0,0,0,no_volume,0,0,0,0,0,0,18697,8519,-0.374,-10,164,32,16,26,24,2
1775345794,24,74,0,0,0,0,no_volume,0,0,0,0,no_volume,0,0,0,0,no_volume,0,0,0,0,0,0,18697,8519,-0.374,-10,164,32,16,26,24,2
1775345795,24,74,0,0,0,0,no_volume,0,0,0,0,no_volume,0,0,0,0,no_volume,0,0,0,0,0,0,18697,8519,-0.374,-10,164,32,16,26,24,2
1775345796,24,74,0,0,0,0,no_volume,0,0,0,0,no_volume,0,0,0,0,no_volume,0,0,0,0,0,0,18697,8519,-0.374,0,164,32,16,26,24,2
1775345797,24,74,0,0,0,0,no_volume,0,0,0,0,no_volume,0,0,0,0,no_volume,0,0,0,0,0,0,18697,8519,-0.374,0,164,32,16,26,24,2
1775345798,24,74,0,0,0,0,no_volume,0,0,0,0,no_volume,0,0,0,0,no_volume,0,0,0,0,0,0,18697,8519,-0.374,0,164,32,16,26,24,2
1775345799,24,74,0,0,0,0,no_volume,0,0,0,0,no_volume,0,0,0,0,no_volume,0,0,0,0,0,0,18697,8519,-0.374,0,-10,32,16,26,24,2
1775345800,24,74,0,0,0,0,no_volume,0,0,0,0,no_volume,0,0,0,0,no_volume,0,0,0,0,0,0,18697,8519,-0.374,0,-10,32,16,26,24,2
1775345801,24,74,0,0,0,0,no_volume,0,0,0,0,no_volume,0,0,0,0,no_volume,0,0,0,0,0,0,18697,8519,-0.374,0,-10,32,16,26,24,2
1775345802,24,74,0,0,0,0,no_volume,0,0,0,0,no_volume,0,0,0,0,no_volume,0,0,0,0,0,0,18697,8519,-0.374,0,-10,32,16,26,24,2
1775345803,24,74,0,0,306,306,low_activity,0,0,306,306,low_activity,0,0,306,306,low_activity,0,306,306,0,306,306,18697,8213,-0.3896,0,0,32,16,26,24,2
1775345804,24,74,0,0,306,306,low_activity,0,0,306,306,low_activity,0,0,306,306,low_activity,0,0,0,0,306,306,18697,8213,-0.3896,0,0,32,16,26,24,2
1775345805,24,74,0,0,306,306,low_activity,0,0,306,306,low_activity,0,0,306,306,low_activity,0,0,0,0,306,306,18697,8519,-0.374,0,0,32,16,26,24,2
1775345806,24,74,0,0,0,0,no_volume,0,0,306,306,low_activity,0,0,306,306,low_activity,0,0,0,0,306,306,18697,8519,-0.374,0,0,32,16,26,24,2
1775345807,24,74,0,0,0,0,no_volume,0,0,306,306,low_activity,0,0,306,306,low_activity,0,0,0,0,306,306,18697,8519,-0.374,0,0,32,16,26,24,2
1775345808,24,74,0,0,0,0,no_volume,0,0,0,0,no_volume,0,0,306,306,low_activity,0,0,0,0,306,306,18697,8519,-0.374,0,0,32,16,26,24,2
1775345809,24,74,0,0,0,0,no_volume,0,0,0,0,no_volume,0,0,306,306,low_activity,0,0,0,0,306,306,18697,8519,-0.374,0,0,32,16,26,24,2
1775345810,24,74,0,0,0,0,no_volume,0,0,0,0,no_volume,0,0,306,306,low_activity,0,0,0,0,306,306,18697,8519,-0.374,0,0,32,16,26,24,2
1775345811,24,74,0,0,0,0,no_volume,0,0,0,0,no_volume,0,0,306,306,low_activity,0,0,0,0,306,306,18697,8519,-0.374,0,0,32,16,26,24,2
1775345812,24,74,0,0,0,0,no_volume,0,0,0,0,no_volume,0,0,306,306,low_activity,0,0,0,0,306,306,18697,8519,-0.374,0,0,32,16,26,24,2
1775345813,25,74,0,0,0,0,no_volume,0,0,0,0,no_volume,0,0,306,306,low_activity,0,0,0,0,306,306,18697,9008,-0.3497,0,0,32,16,26,25,1
1775345814,25,74,0,0,0,0,no_volume,0,0,0,0,no_volume,0,0,306,306,low_activity,0,0,0,0,306,306,18671,8500,-0.3743,-26,-26,32,17,26,25,1
1775345815,25,74,0,0,0,0,no_volume,0,0,0,0,no_volume,0,0,306,306,low_activity,0,0,0,0,306,306,18671,8500,-0.3743,-26,-26,32,17,26,25,1
1775345816,25,74,0,0,0,0,no_volume,0,0,0,0,no_volume,0,0,306,306,low_activity,0,0,0,0,306,306,18671,8500,-0.3743,-26,-26,32,17,26,25,1
1775345817,25,74,0,0,0,0,no_volume,0,0,0,0,no_volume,0,0,306,306,low_activity,0,0,0,0,306,306,18671,8500,-0.3743,0,-26,32,17,26,25,1
1775345818,25,74,0,0,0,0,no_volume,0,0,0,0,no_volume,0,0,306,306,low_activity,0,0,0,0,306,306,18671,8500,-0.3743,0,-26,32,17,26,25,1
1775345819,25,74,0,0,0,0,no_volume,0,0,0,0,no_volume,0,0,306,306,low_activity,0,0,0,0,306,306,18766,8524,-0.3753,95,69,32,17,26,25,1
1775345820,25,74,0,0,0,0,no_volume,0,0,0,0,no_volume,0,0,306,306,low_activity,0,0,0,0,306,306,18766,8524,-0.3753,95,69,32,17,26,25,1
1775345821,25,74,0,0,0,0,no_volume,0,0,0,0,no_volume,0,0,306,306,low_activity,0,0,0,0,306,306,18766,8524,-0.3753,95,69,32,17,26,25,1
1775345822,25,74,0,0,0,0,no_volume,0,0,0,0,no_volume,0,0,306,306,low_activity,0,0,0,0,306,306,18766,8524,-0.3753,0,69,32,17,26,25,1
1775345823,25,74,0,0,0,0,no_volume,0,0,0,0,no_volume,0,0,306,306,low_activity,0,0,0,0,306,306,18766,8524,-0.3753,0,69,32,17,26,25,1
1775345824,25,74,0,0,0,0,no_volume,0,0,0,0,no_volume,0,0,306,306,low_activity,0,0,0,0,306,306,18766,8524,-0.3753,0,95,32,17,26,25,1
1775345825,25,74,0,0,0,0,no_volume,0,0,0,0,no_volume,0,0,306,306,low_activity,0,0,0,0,306,306,18766,8524,-0.3753,0,95,32,17,26,25,1
1775345826,25,74,0,0,0,0,no_volume,0,0,0,0,no_volume,0,0,306,306,low_activity,0,0,0,0,306,306,18766,8524,-0.3753,0,95,32,17,26,25,1
1775345827,25,74,0,0,0,0,no_volume,0,0,0,0,no_volume,0,0,306,306,low_activity,0,0,0,0,306,306,18766,8524,-0.3753,0,95,32,17,26,25,1
1775345828,25,74,0,0,0,0,no_volume,0,0,0,0,no_volume,0,0,306,306,low_activity,0,0,0,0,306,306,18766,8524,-0.3753,0,95,32,17,26,25,1
1775345829,25,74,0,0,0,0,no_volume,0,0,0,0,no_volume,0,0,306,306,low_activity,0,0,0,0,306,306,18766,8524,-0.3753,0,0,32,17,26,25,1
1775345830,25,74,0,0,0,0,no_volume,0,0,0,0,no_volume,0,0,306,306,low_activity,0,0,0,0,306,306,18766,8524,-0.3753,0,0,32,17,26,25,1
1775345831,25,74,0,0,0,0,no_volume,0,0,0,0,no_volume,0,0,306,306,low_activity,0,0,0,0,306,306,18766,8524,-0.3753,0,0,32,17,26,25,1
1775345832,25,74,0,0,0,0,no_volume,0,0,0,0,no_volume,0,0,306,306,low_activity,0,0,0,0,306,306,18766,8524,-0.3753,0,0,32,17,26,25,1
1775345833,25,74,0,0,0,0,no_volume,0,0,0,0,no_volume,0,0,0,0,no_volume,0,0,0,0,306,306,18766,8524,-0.3753,0,0,32,17,26,25,1
1775345834,25,74,0,0,0,0,no_volume,0,0,0,0,no_volume,0,0,0,0,no_volume,0,0,0,0,306,306,18766,8524,-0.3753,0,0,32,17,26,25,1
1775345835,25,74,0,0,0,0,no_volume,0,0,0,0,no_volume,0,0,0,0,no_volume,0,0,0,0,306,306,18766,8524,-0.3753,0,0,32,17,26,25,1
1775345836,25,74,0,0,0,0,no_volume,0,0,0,0,no_volume,0,0,0,0,no_volume,0,0,0,0,306,306,18766,8524,-0.3753,0,0,32,17,26,25,1
1775345837,25,74,0,0,0,0,no_volume,0,0,0,0,no_volume,0,0,0,0,no_volume,0,0,0,0,306,306,18766,8524,-0.3753,0,0,32,17,26,25,1
1775345838,25,74,0,0,0,0,no_volume,0,0,0,0,no_volume,0,0,0,0,no_volume,0,0,0,0,306,306,18766,8524,-0.3753,0,0,32,17,26,25,1
1775345839,25,74,0,0,0,0,no_volume,0,0,0,0,no_volume,0,0,0,0,no_volume,0,0,0,0,306,306,18766,8524,-0.3753,0,0,32,17,26,25,1
1775345840,25,74,0,0,0,0,no_volume,0,0,0,0,no_volume,0,0,0,0,no_volume,0,0,0,0,306,306,18766,8524,-0.3753,0,0,32,17,26,25,1
1775345841,25,74,0,0,0,0,no_volume,0,0,0,0,no_volume,0,0,0,0,no_volume,0,0,0,0,306,306,18766,8524,-0.3753,0,0,32,17,26,25,1
1775345842,25,74,0,0,0,0,no_volume,0,0,0,0,no_volume,0,0,0,0,no_volume,0,0,0,0,306,306,18766,8524,-0.3753,0,0,32,17,26,25,1
1775345843,25,74,0,0,0,0,no_volume,0,0,0,0,no_volume,0,0,0,0,no_volume,0,0,0,0,306,306,18766,8524,-0.3753,0,0,32,17,26,25,1
1775345844,25,74,0,0,0,0,no_volume,0,0,0,0,no_volume,0,0,0,0,no_volume,0,0,0,0,306,306,18766,8524,-0.3753,0,0,32,17,26,25,1
1775345845,25,74,0,0,0,0,no_volume,0,0,0,0,no_volume,0,0,0,0,no_volume,0,0,0,0,306,306,18766,8524,-0.3753,0,0,32,17,26,25,1
1775345846,25,74,0,0,0,0,no_volume,0,0,0,0,no_volume,0,0,0,0,no_volume,0,0,0,0,306,306,18766,8524,-0.3753,0,0,32,17,26,25,1
1775345847,25,74,0,0,0,0,no_volume,0,0,0,0,no_volume,0,0,0,0,no_volume,0,0,0,0,306,306,18766,8524,-0.3753,0,0,32,17,26,25,1
1775345848,25,74,0,0,0,0,no_volume,0,0,0,0,no_volume,0,0,0,0,no_volume,0,0,0,0,306,306,18766,8524,-0.3753,0,0,32,17,26,25,1
1775345849,25,74,0,0,0,0,no_volume,0,0,0,0,no_volume,0,0,0,0,no_volume,0,0,0,0,306,306,18766,8524,-0.3753,0,0,32,17,26,25,1
1775345850,25,74,0,0,0,0,no_volume,0,0,0,0,no_volume,0,0,0,0,no_volume,0,0,0,0,306,306,18766,7791,-0.4133,0,0,32,17,26,25,1
1775345851,25,74,0,0,0,0,no_volume,0,0,0,0,no_volume,0,0,0,0,no_volume,0,0,0,0,306,306,18766,7791,-0.4133,0,0,32,17,26,25,1
1775345852,25,74,0,0,0,0,no_volume,0,0,0,0,no_volume,0,0,0,0,no_volume,0,0,0,0,306,306,18766,7791,-0.4133,0,0,32,17,26,25,1
1775345853,25,74,0,0,0,0,no_volume,0,0,0,0,no_volume,0,0,0,0,no_volume,0,0,0,0,306,306,18766,7791,-0.4133,0,0,32,17,26,25,1
1775345854,25,74,0,0,0,0,no_volume,0,0,0,0,no_volume,0,0,0,0,no_volume,0,0,0,0,306,306,18766,7791,-0.4133,0,0,32,17,26,25,1
1775345855,25,74,0,0,0,0,no_volume,0,0,0,0,no_volume,0,0,0,0,no_volume,0,0,0,0,306,306,18766,7791,-0.4133,0,0,32,17,26,25,1
1775345856,25,74,0,0,0,0,no_volume,0,0,0,0,no_volume,0,0,0,0,no_volume,0,0,0,0,306,306,18766,7791,-0.4133,0,0,32,17,26,25,1
1775345857,25,74,0,0,0,0,no_volume,0,0,0,0,no_volume,0,0,0,0,no_volume,0,0,0,0,306,306,18766,8509,-0.3761,0,0,32,17,26,25,1
1775345858,25,74,0,0,0,0,no_volume,0,0,0,0,no_volume,0,0,0,0,no_volume,0,0,0,0,306,306,18766,8509,-0.3761,0,0,32,17,26,25,1
1775345859,25,74,0,0,0,0,no_volume,0,0,0,0,no_volume,0,0,0,0,no_volume,0,0,0,0,306,306,18766,8509,-0.3761,0,0,32,17,26,25,1
1775345860,25,74,0,0,0,0,no_volume,0,0,0,0,no_volume,0,0,0,0,no_volume,0,0,0,0,306,306,18766,8509,-0.3761,0,0,32,17,26,25,1
1775345861,25,74,0,0,0,0,no_volume,0,0,0,0,no_volume,0,0,0,0,no_volume,0,0,0,0,306,306,18766,8509,-0.3761,0,0,32,17,26,25,1
1775345862,25,74,0,0,0,0,no_volume,0,0,0,0,no_volume,0,0,0,0,no_volume,0,0,0,0,306,306,18766,8509,-0.3761,0,0,32,17,26,25,1
1775345863,25,74,0,0,0,0,no_volume,0,0,0,0,no_volume,0,0,0,0,no_volume,0,0,0,0,0,0,18766,7776,-0.4141,0,0,32,17,26,25,1
1775345864,25,74,0,0,0,0,no_volume,0,0,0,0,no_volume,0,0,0,0,no_volume,0,0,0,0,0,0,18766,7767,-0.4145,0,0,32,17,26,25,1
1775345865,25,74,0,0,0,0,no_volume,0,0,0,0,no_volume,0,0,0,0,no_volume,0,0,0,0,0,0,18766,7767,-0.4145,0,0,32,17,26,25,1
1775345866,25,74,0,0,0,0,no_volume,0,0,0,0,no_volume,0,0,0,0,no_volume,0,0,0,0,0,0,18766,7767,-0.4145,0,0,32,17,26,25,1
1775345867,25,74,0,0,0,0,no_volume,0,0,0,0,no_volume,0,0,0,0,no_volume,0,0,0,0,0,0,18766,8509,-0.3761,0,0,32,17,26,25,1
1775345868,25,74,0,0,0,0,no_volume,0,0,0,0,no_volume,0,0,0,0,no_volume,0,0,0,0,0,0,18766,7791,-0.4133,0,0,32,17,26,25,1
1775345869,25,74,0,0,0,0,no_volume,0,0,0,0,no_volume,0,0,0,0,no_volume,0,0,0,0,0,0,18766,7791,-0.4133,0,0,32,17,26,25,1
1775345870,25,74,0,0,0,0,no_volume,0,0,0,0,no_volume,0,0,0,0,no_volume,0,0,0,0,0,0,18766,7791,-0.4133,0,0,32,17,26,25,1
1775345871,25,74,0,0,0,0,no_volume,0,0,0,0,no_volume,0,0,0,0,no_volume,0,0,0,0,0,0,18766,7791,-0.4133,0,0,32,17,26,25,1
1775345872,25,74,0,0,0,0,no_volume,0,0,0,0,no_volume,0,0,0,0,no_volume,0,0,0,0,0,0,18766,7791,-0.4133,0,0,32,17,26,25,1
1775345873,25,74,0,0,0,0,no_volume,0,0,0,0,no_volume,0,0,0,0,no_volume,0,0,0,0,0,0,18766,7791,-0.4133,0,0,32,17,26,25,1
1775345874,25,74,0,0,0,0,no_volume,0,0,0,0,no_volume,0,0,0,0,no_volume,0,0,0,0,0,0,18766,7791,-0.4133,0,0,32,17,26,25,1
1775345875,25,74,0,0,0,0,no_volume,0,0,0,0,no_volume,0,0,0,0,no_volume,0,0,0,0,0,0,18766,7791,-0.4133,0,0,32,17,26,25,1
1775345876,25,74,0,0,0,0,no_volume,0,0,0,0,no_volume,0,0,0,0,no_volume,0,0,0,0,0,0,18766,8509,-0.3761,0,0,32,17,26,25,1
1775345877,25,74,0,0,0,0,no_volume,0,0,0,0,no_volume,0,0,0,0,no_volume,0,0,0,0,0,0,18766,8509,-0.3761,0,0,32,17,26,25,1
1775345878,25,74,0,0,0,0,no_volume,0,0,0,0,no_volume,0,0,0,0,no_volume,0,0,0,0,0,0,18766,8509,-0.3761,0,0,32,17,26,25,1
1775345879,25,74,0,0,0,0,no_volume,0,0,0,0,no_volume,0,0,0,0,no_volume,0,0,0,0,0,0,18766,7767,-0.4145,0,0,32,17,26,25,1
1775345880,25,74,0,0,0,0,no_volume,0,0,0,0,no_volume,0,0,0,0,no_volume,0,0,0,0,0,0,18766,7767,-0.4145,0,0,32,17,26,25,1
1775345881,25,74,0,0,0,0,no_volume,0,0,0,0,no_volume,0,0,0,0,no_volume,0,0,0,0,0,0,18766,7767,-0.4145,0,0,32,17,26,25,1
1775345882,25,74,0,0,0,0,no_volume,0,0,0,0,no_volume,0,0,0,0,no_volume,0,0,0,0,0,0,18766,7767,-0.4145,0,0,32,17,26,25,1
1775345883,25,74,0,0,0,0,no_volume,0,0,0,0,no_volume,0,0,0,0,no_volume,0,0,0,0,0,0,18766,7767,-0.4145,0,0,32,17,26,25,1
1775345884,25,74,0,0,0,0,no_volume,0,0,0,0,no_volume,0,0,0,0,no_volume,0,0,0,0,0,0,18766,8509,-0.3761,0,0,32,17,26,25,1
1775345885,25,74,0,0,0,0,no_volume,0,0,0,0,no_volume,0,0,0,0,no_volume,0,0,0,0,0,0,18766,8509,-0.3761,0,0,32,17,26,25,1
1775345886,25,74,0,0,0,0,no_volume,0,0,0,0,no_volume,0,0,0,0,no_volume,0,0,0,0,0,0,18766,8509,-0.3761,0,0,32,17,26,25,1
1775345887,25,74,0,0,0,0,no_volume,0,0,0,0,no_volume,0,0,0,0,no_volume,0,0,0,0,0,0,18766,8509,-0.3761,0,0,32,17,26,25,1
1775345888,25,74,0,0,0,0,no_volume,0,0,0,0,no_volume,0,0,0,0,no_volume,0,0,0,0,0,0,18766,8509,-0.3761,0,0,32,17,26,25,1
1775345889,25,74,0,0,0,0,no_volume,0,0,0,0,no_volume,0,0,0,0,no_volume,0,0,0,0,0,0,18766,8509,-0.3761,0,0,32,17,26,25,1
1775345890,25,74,0,0,0,0,no_volume,0,0,0,0,no_volume,0,0,0,0,no_volume,0,0,0,0,0,0,18766,8509,-0.3761,0,0,32,17,26,25,1
1775345891,25,74,0,0,0,0,no_volume,0,0,0,0,no_volume,0,0,0,0,no_volume,0,0,0,0,0,0,18766,8509,-0.3761,0,0,32,17,26,25,1
1775345892,25,74,0,0,0,0,no_volume,0,0,0,0,no_volume,0,0,0,0,no_volume,0,0,0,0,0,0,18766,8509,-0.3761,0,0,32,17,26,25,1
1775345893,25,74,0,0,0,0,no_volume,0,0,0,0,no_volume,0,0,0,0,no_volume,0,0,0,0,0,0,18766,8509,-0.3761,0,0,32,17,26,25,1
1775345894,25,74,0,0,0,0,no_volume,0,0,0,0,no_volume,0,0,0,0,no_volume,0,0,0,0,0,0,18766,8509,-0.3761,0,0,32,17,26,25,1
1775345895,25,74,0,0,0,0,no_volume,0,0,0,0,no_volume,0,0,0,0,no_volume,0,0,0,0,0,0,18766,8509,-0.3761,0,0,32,17,26,25,1
1775345896,25,74,0,0,0,0,no_volume,0,0,0,0,no_volume,0,0,0,0,no_volume,0,0,0,0,0,0,18766,8509,-0.3761,0,0,32,17,26,25,1
1775345897,25,74,0,0,0,0,no_volume,0,0,0,0,no_volume,0,0,0,0,no_volume,0,0,0,0,0,0,18766,8509,-0.3761,0,0,32,17,26,25,1
1775345898,25,74,0,0,0,0,no_volume,0,0,0,0,no_volume,0,0,0,0,no_volume,0,0,0,0,0,0,18766,8509,-0.3761,0,0,32,17,26,25,1
1775345899,25,74,0,0,0,0,no_volume,0,0,0,0,no_volume,0,0,0,0,no_volume,0,0,0,0,0,0,18766,8509,-0.3761,0,0,32,17,26,25,1
1775345900,25,74,0,0,0,0,no_volume,0,0,0,0,no_volume,0,0,0,0,no_volume,0,0,0,0,0,0,18766,8509,-0.3761,0,0,32,17,26,25,1
1775345901,25,74,0,0,0,0,no_volume,0,0,0,0,no_volume,0,0,0,0,no_volume,0,0,0,0,0,0,18766,8509,-0.3761,0,0,32,17,26,25,1
1775345902,25,74,0,0,0,0,no_volume,0,0,0,0,no_volume,0,0,0,0,no_volume,0,0,0,0,0,0,18766,8509,-0.3761,0,0,32,17,26,25,1
1775345903,25,74,0,0,0,0,no_volume,0,0,0,0,no_volume,0,0,0,0,no_volume,0,0,0,0,0,0,18766,8509,-0.3761,0,0,32,17,26,25,1
1775345904,25,74,0,0,0,0,no_volume,0,0,0,0,no_volume,0,0,0,0,no_volume,0,0,0,0,0,0,18766,8509,-0.3761,0,0,32,17,26,25,1
1775345905,25,74,0,0,0,0,no_volume,0,0,0,0,no_volume,0,0,0,0,no_volume,0,0,0,0,0,0,18766,8509,-0.3761,0,0,32,17,26,25,1
1775345906,25,74,0,0,0,0,no_volume,0,0,0,0,no_volume,0,0,0,0,no_volume,0,0,0,0,0,0,18766,8509,-0.3761,0,0,32,17,26,25,1
1775345907,25,74,0,0,0,0,no_volume,0,0,0,0,no_volume,0,0,0,0,no_volume,0,0,0,0,0,0,18766,8509,-0.3761,0,0,32,17,26,25,1
1775345908,25,74,0,0,0,0,no_volume,0,0,0,0,no_volume,0,0,0,0,no_volume,0,0,0,0,0,0,18786,8509,-0.3765,20,20,32,17,26,25,1
1775345909,25,74,0,0,0,0,no_volume,0,0,0,0,no_volume,0,0,0,0,no_volume,0,0,0,0,0,0,18786,8509,-0.3765,20,20,32,17,26,25,1
1775345910,25,74,0,0,0,0,no_volume,0,0,0,0,no_volume,0,0,0,0,no_volume,0,0,0,0,0,0,18786,8509,-0.3765,20,20,32,17,26,25,1
1775345911,25,74,0,0,0,0,no_volume,0,0,0,0,no_volume,0,0,0,0,no_volume,0,0,0,0,0,0,18786,8509,-0.3765,0,20,32,17,26,25,1
1775345912,25,74,0,0,0,0,no_volume,0,0,0,0,no_volume,0,0,0,0,no_volume,0,0,0,0,0,0,18786,8509,-0.3765,0,20,32,17,26,25,1
1775345913,25,74,0,0,0,0,no_volume,0,0,0,0,no_volume,0,0,0,0,no_volume,0,0,0,0,0,0,18786,8509,-0.3765,0,20,32,17,26,25,1
1775345914,25,74,0,0,0,0,no_volume,0,0,0,0,no_volume,0,0,0,0,no_volume,0,0,0,0,0,0,18786,8509,-0.3765,0,20,32,17,26,25,1
1775345915,25,74,0,0,0,0,no_volume,0,0,0,0,no_volume,0,0,0,0,no_volume,0,0,0,0,0,0,18786,8509,-0.3765,0,20,32,17,26,25,1
1775345916,25,74,0,0,0,0,no_volume,0,0,0,0,no_volume,0,0,0,0,no_volume,0,0,0,0,0,0,18657,9237,-0.3377,-129,-109,32,16,26,25,1
1775345917,25,74,0,0,0,0,no_volume,0,0,0,0,no_volume,0,0,0,0,no_volume,0,0,0,0,0,0,18698,8465,-0.3767,-88,-68,33,16,26,25,1
1775345918,25,74,0,0,0,0,no_volume,0,0,0,0,no_volume,0,0,0,0,no_volume,0,0,0,0,0,0,18797,8504,-0.377,11,11,33,16,26,25,1
1775345919,25,74,0,0,0,0,no_volume,0,0,0,0,no_volume,0,0,0,0,no_volume,0,0,0,0,0,0,18797,8504,-0.377,140,11,33,16,26,25,1
1775345920,25,74,0,0,0,0,no_volume,0,0,0,0,no_volume,0,0,0,0,no_volume,0,0,0,0,0,0,18797,8504,-0.377,99,11,33,16,26,25,1
1775345921,25,74,0,0,0,0,no_volume,0,0,0,0,no_volume,0,0,0,0,no_volume,0,0,0,0,0,0,18807,8504,-0.3772,10,21,33,16,26,25,1
1775345922,25,74,0,0,0,0,no_volume,0,0,0,0,no_volume,0,0,0,0,no_volume,0,0,0,0,0,0,18807,8504,-0.3772,10,21,33,16,26,25,1
1775345923,25,74,0,0,0,0,no_volume,0,0,0,0,no_volume,0,0,0,0,no_volume,0,0,0,0,0,0,18807,8504,-0.3772,10,21,33,16,26,25,1
1775345924,25,74,0,0,0,0,no_volume,0,0,0,0,no_volume,0,0,0,0,no_volume,0,0,0,0,0,0,18807,8504,-0.3772,0,21,33,16,26,25,1
1775345925,25,74,0,0,0,0,no_volume,0,0,0,0,no_volume,0,0,0,0,no_volume,0,0,0,0,0,0,18807,8504,-0.3772,0,21,33,16,26,25,1
1775345926,25,74,0,0,0,0,no_volume,0,0,0,0,no_volume,0,0,0,0,no_volume,0,0,0,0,0,0,18807,8504,-0.3772,0,150,33,16,26,25,1
1775345927,25,74,0,17,0,17,low_activity,0,17,0,17,low_activity,0,17,0,17,low_activity,17,0,17,17,0,17,18790,8504,-0.3769,-17,92,33,16,26,25,1
1775345928,25,74,0,17,0,17,low_activity,0,17,0,17,low_activity,0,17,0,17,low_activity,0,0,0,17,0,17,18787,8504,-0.3768,-20,-10,33,16,26,25,1
1775345929,25,74,0,17,0,17,low_activity,0,17,0,17,low_activity,0,17,0,17,low_activity,0,0,0,17,0,17,18787,8504,-0.3768,-20,-10,33,16,26,25,1
1775345930,25,74,0,0,0,0,no_volume,0,17,0,17,low_activity,0,17,0,17,low_activity,0,0,0,17,0,17,18787,8504,-0.3768,-3,-10,33,16,26,25,1
1775345931,25,74,0,0,0,0,no_volume,0,17,0,17,low_activity,0,17,0,17,low_activity,0,0,0,17,0,17,18787,8504,-0.3768,0,-20,33,16,26,25,1
1775345932,25,74,0,0,0,0,no_volume,0,0,0,0,no_volume,0,17,0,17,low_activity,0,0,0,17,0,17,18787,8504,-0.3768,0,-20,33,16,26,25,1
1775345933,25,74,0,0,0,0,no_volume,0,0,0,0,no_volume,0,17,0,17,low_activity,0,0,0,17,0,17,18787,8504,-0.3768,0,-20,33,16,26,25,1
1775345934,25,74,0,0,0,0,no_volume,0,0,0,0,no_volume,0,17,0,17,low_activity,0,0,0,17,0,17,18787,8504,-0.3768,0,-20,33,16,26,25,1
1775345935,25,74,0,0,0,0,no_volume,0,0,0,0,no_volume,0,17,0,17,low_activity,0,0,0,17,0,17,18787,8504,-0.3768,0,-20,33,16,26,25,1
1775345936,25,74,0,0,0,0,no_volume,0,0,0,0,no_volume,0,17,0,17,low_activity,0,0,0,17,0,17,18787,8504,-0.3768,0,-20,33,16,26,25,1
1775345937,25,74,0,0,0,0,no_volume,0,0,0,0,no_volume,0,17,0,17,low_activity,0,0,0,17,0,17,18787,8504,-0.3768,0,-3,33,16,26,25,1
1775345938,25,74,0,0,0,0,no_volume,0,0,0,0,no_volume,0,17,0,17,low_activity,0,0,0,17,0,17,18787,8504,-0.3768,0,0,33,16,26,25,1
1775345939,25,74,0,0,0,0,no_volume,0,0,0,0,no_volume,0,17,0,17,low_activity,0,0,0,17,0,17,18787,8504,-0.3768,0,0,33,16,26,25,1
1775345940,25,74,0,0,0,0,no_volume,0,0,0,0,no_volume,0,17,0,17,low_activity,0,0,0,17,0,17,18787,8504,-0.3768,0,0,33,16,26,25,1
1775345941,25,74,0,0,0,0,no_volume,0,0,0,0,no_volume,0,17,0,17,low_activity,0,0,0,17,0,17,18787,8504,-0.3768,0,0,33,16,26,25,1
1775345942,25,74,0,0,0,0,no_volume,0,0,0,0,no_volume,0,17,0,17,low_activity,0,0,0,17,0,17,18787,8504,-0.3768,0,0,33,16,26,25,1
1775345943,25,74,0,0,0,0,no_volume,0,0,0,0,no_volume,0,17,0,17,low_activity,0,0,0,17,0,17,18787,8504,-0.3768,0,0,33,16,26,25,1
1775345944,25,74,0,0,0,0,no_volume,0,0,0,0,no_volume,0,17,0,17,low_activity,0,0,0,17,0,17,18787,8504,-0.3768,0,0,33,16,26,25,1
1775345945,25,74,0,0,0,0,no_volume,0,0,0,0,no_volume,0,17,0,17,low_activity,0,0,0,17,0,17,18787,8504,-0.3768,0,0,33,16,26,25,1
1775345946,25,74,0,0,0,0,no_volume,0,0,0,0,no_volume,0,17,0,17,low_activity,0,0,0,17,0,17,18770,8504,-0.3764,-17,-17,33,16,26,25,1
1775345947,25,74,0,0,0,0,no_volume,0,0,0,0,no_volume,0,17,0,17,low_activity,0,0,0,17,0,17,18787,8504,-0.3768,0,0,33,16,26,25,1
1775345948,25,74,0,0,0,0,no_volume,0,0,0,0,no_volume,0,17,0,17,low_activity,0,0,0,17,0,17,18787,8504,-0.3768,0,0,33,16,26,25,1
1775345949,25,74,0,0,0,0,no_volume,0,0,0,0,no_volume,0,17,0,17,low_activity,0,0,0,17,0,17,18787,8504,-0.3768,17,0,33,16,26,25,1
1775345950,25,74,0,0,0,0,no_volume,0,0,0,0,no_volume,0,17,0,17,low_activity,0,0,0,17,0,17,18787,8504,-0.3768,0,0,33,16,26,25,1
1775345951,25,74,0,0,0,0,no_volume,0,0,0,0,no_volume,0,17,0,17,low_activity,0,0,0,17,0,17,18787,8504,-0.3768,0,0,33,16,26,25,1
1775345952,25,74,0,0,0,0,no_volume,0,0,0,0,no_volume,0,17,0,17,low_activity,0,0,0,17,0,17,18787,8504,-0.3768,0,0,33,16,26,25,1
1775345953,25,74,0,0,0,0,no_volume,0,0,0,0,no_volume,0,17,0,17,low_activity,0,0,0,17,0,17,18793,8504,-0.3769,6,6,33,16,26,25,1
1775345954,25,74,0,0,0,0,no_volume,0,0,0,0,no_volume,0,17,0,17,low_activity,0,0,0,17,0,17,18793,8504,-0.3769,6,6,33,16,26,25,1
1775345955,25,74,0,0,0,0,no_volume,0,0,0,0,no_volume,0,17,0,17,low_activity,0,0,0,17,0,17,11434,3507,-0.5306,-7353,-7353,30,17,26,25,1
1775345956,25,74,0,0,0,0,no_volume,0,0,0,0,no_volume,0,17,0,17,low_activity,0,0,0,17,0,17,15694,7896,-0.3306,-3099,-3076,31,18,26,25,1
1775345957,25,74,0,0,0,0,no_volume,0,0,0,0,no_volume,0,0,0,0,no_volume,0,0,0,17,0,17,16662,8920,-0.3026,-2131,-2125,32,19,26,25,1
1775345958,25,74,0,0,0,0,no_volume,0,0,0,0,no_volume,0,0,0,0,no_volume,0,0,0,17,0,17,17661,8920,-0.3288,6227,-1126,33,19,26,25,1
1775345959,25,74,0,0,0,0,no_volume,0,0,0,0,no_volume,0,0,0,0,no_volume,0,0,0,17,0,17,18221,8670,-0.3552,2527,-566,35,19,26,25,1
1775345960,25,74,0,0,0,0,no_volume,0,0,0,0,no_volume,0,0,0,0,no_volume,0,0,0,17,0,17,18221,8670,-0.3552,1559,-566,35,19,26,25,1
1775345961,25,74,0,0,0,0,no_volume,0,0,0,0,no_volume,0,0,0,0,no_volume,0,0,0,17,0,17,18211,8670,-0.3549,550,-576,35,19,26,25,1
1775345962,25,74,0,0,0,0,no_volume,0,0,0,0,no_volume,0,0,0,0,no_volume,0,0,0,17,0,17,18211,8670,-0.3549,-10,-576,35,19,26,25,1
1775345963,25,74,0,0,0,0,no_volume,0,0,0,0,no_volume,0,0,0,0,no_volume,0,0,0,17,0,17,18211,8670,-0.3549,-10,-582,35,19,26,25,1
1775345964,25,74,0,0,0,0,no_volume,0,0,0,0,no_volume,0,0,0,0,no_volume,0,0,0,17,0,17,18958,8670,-0.3724,747,165,35,19,26,25,1
1775345965,25,74,0,0,0,0,no_volume,0,0,0,0,no_volume,0,0,0,0,no_volume,0,0,0,17,0,17,18944,8670,-0.3721,733,7510,35,19,26,25,1
1775345966,25,74,0,0,0,0,no_volume,0,0,0,0,no_volume,0,0,0,0,no_volume,0,0,0,17,0,17,18944,8670,-0.3721,733,3250,35,19,26,25,1
1775345967,25,74,0,0,0,0,no_volume,0,0,0,0,no_volume,0,0,0,0,no_volume,0,0,0,17,0,17,18964,8730,-0.3695,6,2302,35,20,26,25,1
1775345968,25,74,0,0,0,0,no_volume,0,0,0,0,no_volume,0,0,0,0,no_volume,0,0,0,17,0,17,18964,8730,-0.3695,20,1303,35,20,26,25,1
1775345969,25,74,0,0,0,0,no_volume,0,0,0,0,no_volume,0,0,0,0,no_volume,0,0,0,17,0,17,18964,8730,-0.3695,20,743,35,20,26,25,1
1775345970,25,74,0,0,0,0,no_volume,0,0,0,0,no_volume,0,0,0,0,no_volume,0,0,0,17,0,17,18964,8670,-0.3725,0,743,35,19,26,25,1
1775345971,25,74,0,0,0,0,no_volume,0,0,0,0,no_volume,0,0,0,0,no_volume,0,0,0,17,0,17,18844,8550,-0.3758,-120,633,34,18,26,25,1
1775345972,25,74,0,0,0,0,no_volume,0,0,0,0,no_volume,0,0,0,0,no_volume,0,0,0,17,0,17,18844,8550,-0.3758,-120,633,34,18,26,25,1
1775345973,25,74,0,0,0,0,no_volume,0,0,0,0,no_volume,0,0,0,0,no_volume,0,0,0,17,0,17,18844,8550,-0.3758,-120,633,34,18,26,25,1
1775345974,25,74,0,0,0,0,no_volume,0,0,0,0,no_volume,0,0,0,0,no_volume,0,0,0,17,0,17,18844,8550,-0.3758,0,-114,34,18,26,25,1
1775345975,25,74,0,0,0,0,no_volume,0,0,0,0,no_volume,0,0,0,0,no_volume,0,0,0,17,0,17,18844,8550,-0.3758,0,-100,34,18,26,25,1
1775345976,25,74,0,0,0,0,no_volume,0,0,0,0,no_volume,0,0,0,0,no_volume,0,0,0,17,0,17,18844,8550,-0.3758,0,-100,34,18,26,25,1
1775345977,25,74,0,0,0,0,no_volume,0,0,0,0,no_volume,0,0,0,0,no_volume,0,0,0,17,0,17,18844,8550,-0.3758,0,-120,34,18,26,25,1
1775345978,25,74,0,0,0,0,no_volume,0,0,0,0,no_volume,0,0,0,0,no_volume,0,0,0,17,0,17,18844,8550,-0.3758,0,-120,34,18,26,25,1
1775345979,25,74,0,0,0,0,no_volume,0,0,0,0,no_volume,0,0,0,0,no_volume,0,0,0,17,0,17,18844,8550,-0.3758,0,-120,34,18,26,25,1
1775345980,25,74,0,0,0,0,no_volume,0,0,0,0,no_volume,0,0,0,0,no_volume,0,0,0,17,0,17,18844,8550,-0.3758,0,-120,34,18,26,25,1
1775345981,25,74,0,0,0,0,no_volume,0,0,0,0,no_volume,0,0,0,0,no_volume,0,0,0,17,0,17,18344,8550,-0.3642,-500,-500,34,18,26,25,1
1775345982,25,74,0,0,0,0,no_volume,0,0,0,0,no_volume,0,0,0,0,no_volume,0,0,0,17,0,17,17844,8550,-0.3521,-1000,-1000,33,18,26,25,1
1775345983,25,74,0,0,0,0,no_volume,0,0,0,0,no_volume,0,0,0,0,no_volume,0,0,0,17,0,17,18844,8550,-0.3758,0,0,34,18,26,25,1
1775345984,25,74,0,0,0,0,no_volume,0,0,0,0,no_volume,0,0,0,0,no_volume,0,0,0,17,0,17,18344,8550,-0.3642,0,-500,34,18,26,25,1
1775345985,25,74,0,0,0,0,no_volume,0,0,0,0,no_volume,0,0,0,0,no_volume,0,0,0,17,0,17,18344,8550,-0.3642,500,-500,34,18,26,25,1
1775345986,25,74,0,0,0,0,no_volume,0,0,0,0,no_volume,0,0,0,0,no_volume,0,0,0,17,0,17,18344,8550,-0.3642,-500,-500,34,18,26,25,1
1775345987,25,74,0,0,0,0,no_volume,0,0,0,0,no_volume,0,0,0,0,no_volume,0,0,0,0,0,0,18344,8550,-0.3642,0,-500,34,18,26,25,1
1775345988,25,74,0,0,0,0,no_volume,0,0,0,0,no_volume,0,0,0,0,no_volume,0,0,0,0,0,0,18344,8550,-0.3642,0,-500,34,18,26,25,1
1775345989,25,74,0,0,0,0,no_volume,0,0,0,0,no_volume,0,0,0,0,no_volume,0,0,0,0,0,0,18344,8550,-0.3642,0,-500,34,18,26,25,1
1775345990,25,74,0,0,0,0,no_volume,0,0,0,0,no_volume,0,0,0,0,no_volume,0,0,0,0,0,0,18864,8550,-0.3762,520,20,34,18,26,25,1
1775345991,25,74,0,0,0,0,no_volume,0,0,0,0,no_volume,0,0,0,0,no_volume,0,0,0,0,0,0,18864,8550,-0.3762,520,520,34,18,26,25,1
1775345992,25,74,0,0,0,0,no_volume,0,0,0,0,no_volume,0,0,0,0,no_volume,0,0,0,0,0,0,18864,8550,-0.3762,520,1020,34,18,26,25,1
1775345993,25,74,0,0,0,0,no_volume,0,0,0,0,no_volume,0,0,0,0,no_volume,0,0,0,0,0,0,18864,8550,-0.3762,0,20,34,18,26,25,1
1775345994,25,74,0,0,0,0,no_volume,0,0,0,0,no_volume,0,0,0,0,no_volume,0,0,0,0,0,0,18864,8550,-0.3762,0,520,34,18,26,25,1
1775345995,25,74,0,0,0,0,no_volume,0,0,0,0,no_volume,0,0,0,0,no_volume,0,0,0,0,0,0,18895,8626,-0.3731,31,551,32,16,26,25,1
1775345996,25,74,0,0,0,0,no_volume,0,0,0,0,no_volume,0,0,0,0,no_volume,0,0,0,0,0,0,18855,8602,-0.3734,-9,511,32,17,26,25,1
1775345997,25,74,0,0,0,0,no_volume,0,0,0,0,no_volume,0,0,0,0,no_volume,0,0,0,0,0,0,18895,8611,-0.3739,31,551,32,17,26,25,1
1775345998,25,74,0,0,0,0,no_volume,0,0,0,0,no_volume,0,0,0,0,no_volume,0,0,0,0,0,0,18895,8611,-0.3739,0,551,32,17,26,25,1
1775345999,25,74,0,0,0,0,no_volume,0,0,0,0,no_volume,0,0,0,0,no_volume,0,0,0,0,0,0,18895,8611,-0.3739,40,551,32,17,26,25,1
1775346000,25,74,0,0,0,0,no_volume,0,0,0,0,no_volume,0,0,0,0,no_volume,0,0,0,0,0,0,18895,8611,-0.3739,0,31,32,17,26,25,1
1775346001,25,74,0,0,0,0,no_volume,0,0,0,0,no_volume,0,0,0,0,no_volume,0,0,0,0,0,0,18341,8611,-0.361,-554,-523,26,17,26,25,1
1775346002,25,74,0,0,0,0,no_volume,0,0,0,0,no_volume,0,0,0,0,no_volume,0,0,0,0,0,0,18341,8611,-0.361,-554,-523,26,17,26,25,1
1775346003,25,74,0,0,0,0,no_volume,0,0,0,0,no_volume,0,0,0,0,no_volume,0,0,0,0,0,0,18341,8611,-0.361,-554,-523,26,17,26,25,1
1775346004,25,74,0,0,0,0,no_volume,0,0,0,0,no_volume,0,0,0,0,no_volume,0,0,0,0,0,0,18341,8611,-0.361,0,-523,26,17,26,25,1
1775346005,25,74,0,0,0,0,no_volume,0,0,0,0,no_volume,0,0,0,0,no_volume,0,0,0,0,0,0,18341,8611,-0.361,0,-554,26,17,26,25,1
1775346006,25,74,0,0,0,0,no_volume,0,0,0,0,no_volume,0,0,0,0,no_volume,0,0,0,0,0,0,18341,8611,-0.361,0,-514,26,17,26,25,1
1775346007,25,74,0,0,0,0,no_volume,0,0,0,0,no_volume,0,0,0,0,no_volume,0,0,0,0,0,0,18331,8611,-0.3608,-10,-564,26,17,26,25,1
1775346008,25,74,0,0,0,0,no_volume,0,0,0,0,no_volume,0,0,0,0,no_volume,0,0,0,0,0,0,18331,8611,-0.3608,-10,-564,26,17,26,25,1
1775346009,25,74,0,0,0,0,no_volume,0,0,0,0,no_volume,0,0,0,0,no_volume,0,0,0,0,0,0,18311,8611,-0.3603,-30,-584,26,17,26,25,1
1775346010,25,74,0,0,0,0,no_volume,0,0,0,0,no_volume,0,0,0,0,no_volume,0,0,0,0,0,0,18311,8611,-0.3603,-20,-584,26,17,26,25,1
1775346011,25,74,0,0,0,0,no_volume,0,0,0,0,no_volume,0,0,0,0,no_volume,0,0,0,0,0,0,17811,8638,-0.3468,-520,-530,26,17,26,25,1
1775346012,25,74,0,0,0,0,no_volume,0,0,0,0,no_volume,0,0,0,0,no_volume,0,0,0,0,0,0,17811,8638,-0.3468,-500,-530,26,17,26,25,1
1775346013,25,74,0,0,0,0,no_volume,0,0,0,0,no_volume,0,0,0,0,no_volume,0,0,0,0,0,0,18295,8638,-0.3586,-16,-46,26,17,26,25,1
1775346014,25,74,0,0,0,0,no_volume,0,0,0,0,no_volume,0,0,0,0,no_volume,0,0,0,0,0,0,18295,8638,-0.3586,484,-46,26,17,26,25,1
1775346015,25,74,0,0,0,0,no_volume,0,0,0,0,no_volume,0,0,0,0,no_volume,0,0,0,0,0,0,17795,8638,-0.3464,-16,-546,26,17,26,25,1
1775346016,25,74,0,0,0,0,no_volume,0,0,0,0,no_volume,0,0,0,0,no_volume,0,0,0,0,0,0,17847,8638,-0.3477,-448,-494,26,17,26,25,1
1775346017,25,74,0,0,0,0,no_volume,0,0,0,0,no_volume,0,0,0,0,no_volume,0,0,0,0,0,0,17863,8652,-0.3474,-432,-468,26,17,26,25,1
1775346018,25,74,0,0,0,0,no_volume,0,0,0,0,no_volume,0,0,0,0,no_volume,0,0,0,0,0,0,19137,10028,-0.3123,1342,806,26,17,26,25,1
1775346019,25,74,0,0,0,0,no_volume,0,0,0,0,no_volume,0,0,0,0,no_volume,0,0,0,0,0,0,19637,10028,-0.3239,1790,1326,26,17,26,25,1
1775346020,25,74,0,0,0,0,no_volume,0,0,0,0,no_volume,0,0,0,0,no_volume,0,0,0,0,0,0,19637,10028,-0.3239,1774,1326,26,17,26,25,1
1775346021,25,74,0,0,0,0,no_volume,0,0,0,0,no_volume,0,0,0,0,no_volume,0,0,0,0,0,0,19665,10039,-0.3241,528,1854,26,17,26,25,1
1775346022,25,74,0,0,0,0,no_volume,0,0,0,0,no_volume,0,0,0,0,no_volume,0,0,0,0,0,0,19661,10020,-0.3248,24,1850,26,17,26,25,1
1775346023,25,74,0,0,0,0,no_volume,0,0,0,0,no_volume,0,0,0,0,no_volume,0,0,0,0,0,0,21361,10020,-0.3614,1724,3066,26,17,26,25,1
1775346024,25,74,0,0,0,0,no_volume,0,0,0,0,no_volume,0,0,0,0,no_volume,0,0,0,0,0,0,21361,10020,-0.3614,1696,3066,26,17,26,25,1
1775346025,25,74,0,0,0,0,no_volume,0,0,0,0,no_volume,0,0,0,0,no_volume,0,0,0,0,0,0,21361,10020,-0.3614,1700,3566,26,17,26,25,1
1775346026,25,74,0,0,0,0,no_volume,0,0,0,0,no_volume,0,0,0,0,no_volume,0,0,0,0,0,0,21386,10006,-0.3625,25,3539,26,17,26,25,1
1775346027,25,74,0,0,0,0,no_volume,0,0,0,0,no_volume,0,0,0,0,no_volume,0,0,0,0,0,0,20886,10006,-0.3522,-475,3023,26,17,26,25,1
1775346028,25,74,0,0,0,0,no_volume,0,0,0,0,no_volume,0,0,0,0,no_volume,0,0,0,0,0,0,20886,10006,-0.3522,-475,1749,26,17,26,25,1
1775346029,25,74,0,0,0,0,no_volume,0,0,0,0,no_volume,0,0,0,0,no_volume,0,0,0,0,0,0,20886,10006,-0.3522,-500,1249,26,17,26,25,1
1775346030,25,74,0,0,0,0,no_volume,0,0,0,0,no_volume,0,0,0,0,no_volume,0,0,0,0,0,0,21386,10006,-0.3625,500,1749,26,17,26,25,1
1775346031,25,74,0,0,0,0,no_volume,0,0,0,0,no_volume,0,0,0,0,no_volume,0,0,0,0,0,0,22976,10006,-0.3932,2090,3311,26,17,26,25,1
1775346032,25,74,0,0,0,0,no_volume,0,0,0,0,no_volume,0,0,0,0,no_volume,0,0,0,0,0,0,21816,9273,-0.4035,930,2155,27,17,26,25,1
1775346033,25,74,0,0,0,0,no_volume,0,0,0,0,no_volume,0,0,0,0,no_volume,0,0,0,0,0,0,21340,9273,-0.3942,-46,-21,27,17,26,25,1
1775346034,25,74,0,0,0,0,no_volume,0,0,0,0,no_volume,0,0,0,0,no_volume,0,0,0,0,0,0,14809,3900,-0.5831,-8167,-6552,24,16,26,25,1
1775346035,24,74,0,0,0,0,no_volume,0,0,0,0,no_volume,0,0,0,0,no_volume,0,0,0,0,0,0,16785,3894,-0.6234,-5031,-4576,24,16,26,24,2
1775346036,24,74,0,0,0,0,no_volume,0,0,0,0,no_volume,0,0,0,0,no_volume,0,0,0,0,0,0,15785,3894,-0.6042,-5555,-5601,23,16,26,24,2
1775346037,24,74,0,0,0,0,no_volume,0,0,0,0,no_volume,0,0,0,0,no_volume,0,0,0,0,0,0,15799,3907,-0.6035,990,-5087,23,16,26,24,2
1775346038,24,74,0,0,0,0,no_volume,0,0,0,0,no_volume,0,0,0,0,no_volume,0,0,0,0,0,0,15799,3907,-0.6035,-986,-5087,23,16,26,24,2
1775346039,24,74,0,0,0,0,no_volume,0,0,0,0,no_volume,0,0,0,0,no_volume,0,0,0,0,0,0,16799,3907,-0.6226,1014,-4087,23,16,26,24,2
1775346040,24,74,0,0,0,0,no_volume,0,0,0,0,no_volume,0,0,0,0,no_volume,0,0,0,0,0,0,16799,3907,-0.6226,1000,-4587,24,16,26,24,2
1775346041,24,74,0,0,0,0,no_volume,0,0,0,0,no_volume,0,0,0,0,no_volume,0,0,0,0,0,0,16799,3907,-0.6226,1000,-6177,24,16,26,24,2
1775346042,24,74,0,0,0,0,no_volume,0,0,0,0,no_volume,0,0,0,0,no_volume,0,0,0,0,0,0,16799,3907,-0.6226,0,-5017,24,16,26,24,2
1775346043,24,74,0,0,0,0,no_volume,0,0,0,0,no_volume,0,0,0,0,no_volume,0,0,0,0,0,0,16799,3907,-0.6226,0,-4541,24,16,26,24,2
1775346044,24,74,0,0,0,0,no_volume,0,0,0,0,no_volume,0,0,0,0,no_volume,0,0,0,0,0,0,16799,3907,-0.6226,0,1990,24,16,26,24,2
1775346045,24,74,0,0,0,0,no_volume,0,0,0,0,no_volume,0,0,0,0,no_volume,0,0,0,0,0,0,16799,3907,-0.6226,0,14,24,16,26,24,2
1775346046,24,74,0,0,0,0,no_volume,0,0,0,0,no_volume,0,0,0,0,no_volume,0,0,0,0,0,0,16799,3907,-0.6226,0,1014,24,16,26,24,2
1775346047,24,74,0,0,0,0,no_volume,0,0,0,0,no_volume,0,0,0,0,no_volume,0,0,0,0,0,0,21278,8386,-0.4346,4479,5479,25,16,26,24,2
1775346048,24,74,0,0,0,0,no_volume,0,0,0,0,no_volume,0,0,0,0,no_volume,0,0,0,0,0,0,20338,8386,-0.4161,3539,4539,26,16,26,24,2
1775346049,24,75,0,0,0,0,no_volume,0,0,0,0,no_volume,0,0,0,0,no_volume,0,0,0,0,0,0,20464,9386,-0.3711,3665,3665,27,17,25,24,1
1775346050,24,75,0,0,0,0,no_volume,0,0,0,0,no_volume,0,0,0,0,no_volume,0,0,0,0,0,0,21814,9786,-0.3806,536,5015,28,17,25,24,1
1775346051,24,75,0,0,0,0,no_volume,0,0,0,0,no_volume,0,0,0,0,no_volume,0,0,0,0,0,0,14335,3847,-0.5768,-6003,-2464,24,15,25,24,1
1775346052,24,75,0,0,0,0,no_volume,0,0,0,0,no_volume,0,0,0,0,no_volume,0,0,0,0,0,0,14965,3827,-0.5927,-5499,-1834,25,15,25,24,1
1775346053,24,75,0,0,0,0,no_volume,0,0,0,0,no_volume,0,0,0,0,no_volume,0,0,0,0,0,0,15965,4215,-0.5823,-5849,-834,25,15,25,24,1
1775346054,24,75,0,0,0,0,no_volume,0,0,0,0,no_volume,0,0,0,0,no_volume,0,0,0,0,0,0,15985,4215,-0.5827,1650,-814,25,15,25,24,1
1775346055,24,75,0,0,0,0,no_volume,0,0,0,0,no_volume,0,0,0,0,no_volume,0,0,0,0,0,0,15985,4215,-0.5827,1020,-814,25,15,25,24,1
1775346056,24,75,0,0,0,0,no_volume,0,0,0,0,no_volume,0,0,0,0,no_volume,0,0,0,0,0,0,15936,3840,-0.6117,-29,-863,25,16,25,24,1
1775346057,24,75,0,0,0,0,no_volume,0,0,0,0,no_volume,0,0,0,0,no_volume,0,0,0,0,0,0,19911,10329,-0.3169,3926,-1367,27,16,25,24,1
1775346058,24,74,0,0,0,0,no_volume,0,0,0,0,no_volume,0,0,0,0,no_volume,0,0,0,0,0,0,18910,10329,-0.2935,2925,-1428,25,16,26,24,2
1775346059,24,74,0,0,0,0,no_volume,0,0,0,0,no_volume,0,0,0,0,no_volume,0,0,0,0,0,0,19910,11324,-0.2749,3974,-554,27,17,26,24,2
1775346060,24,74,0,0,0,0,no_volume,0,0,0,0,no_volume,0,0,0,0,no_volume,0,0,0,0,0,0,20910,11347,-0.2965,999,-904,28,17,26,24,2
1775346061,24,75,0,0,0,0,no_volume,0,0,0,0,no_volume,0,0,0,0,no_volume,0,0,0,0,0,0,21480,11347,-0.3087,2570,7145,29,17,25,24,1
1775346062,24,75,0,0,0,0,no_volume,0,0,0,0,no_volume,0,0,0,0,no_volume,0,0,0,0,0,0,21480,12033,-0.2819,1570,6515,29,17,25,24,1
1775346063,24,75,0,0,0,0,no_volume,0,0,0,0,no_volume,0,0,0,0,no_volume,0,0,0,0,0,0,21480,12057,-0.281,570,5515,29,17,25,24,1
1775346064,24,75,0,0,0,0,no_volume,0,0,0,0,no_volume,0,0,0,0,no_volume,0,0,0,0,0,0,21480,12057,-0.281,0,5495,29,17,25,24,1
1775346065,24,75,0,0,0,0,no_volume,0,0,0,0,no_volume,0,0,0,0,no_volume,0,0,0,0,0,0,21480,12032,-0.2819,0,5495,29,17,25,24,1
1775346066,24,75,0,0,0,0,no_volume,0,0,0,0,no_volume,0,0,0,0,no_volume,0,0,0,0,0,0,21480,12032,-0.2819,0,5544,29,17,25,24,1
1775346067,24,75,0,0,0,0,no_volume,0,0,0,0,no_volume,0,0,0,0,no_volume,0,0,0,0,0,0,14001,6574,-0.361,-7479,-5910,25,15,25,24,1
1775346068,24,75,0,0,0,0,no_volume,0,0,0,0,no_volume,0,0,0,0,no_volume,0,0,0,0,0,0,15001,6574,-0.3906,-6479,-3909,26,15,25,24,1
1775346069,24,75,0,0,0,0,no_volume,0,0,0,0,no_volume,0,0,0,0,no_volume,0,0,0,0,0,0,16857,6454,-0.4463,-4623,-3053,25,15,25,24,1
1775346070,24,75,0,0,0,0,no_volume,0,0,0,0,no_volume,0,0,0,0,no_volume,0,0,0,0,0,0,16886,6954,-0.4166,2885,-4024,26,16,25,24,1
1775346071,24,75,0,0,0,0,no_volume,0,0,0,0,no_volume,0,0,0,0,no_volume,0,0,0,0,0,0,17132,6954,-0.4226,2131,-4348,26,16,25,24,1
1775346072,24,75,0,0,0,0,no_volume,0,0,0,0,no_volume,0,0,0,0,no_volume,0,0,0,0,0,0,15632,6954,-0.3842,-1225,-5848,26,16,25,24,1
1775346073,24,75,0,0,0,0,no_volume,0,0,0,0,no_volume,0,0,0,0,no_volume,0,0,0,0,0,0,15632,7700,-0.34,-1254,-5848,26,16,25,24,1
1775346074,24,75,0,0,0,0,no_volume,0,0,0,0,no_volume,0,0,0,0,no_volume,0,0,0,0,0,0,16632,7700,-0.3671,-500,-4848,28,16,25,24,1
1775346075,24,75,0,0,0,0,no_volume,0,0,0,0,no_volume,0,0,0,0,no_volume,0,0,0,0,0,0,17132,7760,-0.3765,1500,-4348,28,17,25,24,1
1775346076,24,75,0,0,0,0,no_volume,0,0,0,0,no_volume,0,0,0,0,no_volume,0,0,0,0,0,0,17632,7760,-0.3888,2000,-3848,28,17,25,24,1
1775346077,24,75,0,0,0,0,no_volume,0,0,0,0,no_volume,0,0,0,0,no_volume,0,0,0,0,0,0,17622,7760,-0.3885,990,3621,28,17,25,24,1
1775346078,24,75,0,0,0,0,no_volume,0,0,0,0,no_volume,0,0,0,0,no_volume,0,0,0,0,0,0,17622,7760,-0.3885,490,2621,28,17,25,24,1
1775346079,24,75,0,0,0,0,no_volume,0,0,0,0,no_volume,0,0,0,0,no_volume,0,0,0,0,0,0,17622,7760,-0.3885,-10,765,28,17,25,24,1
1775346080,24,75,0,0,0,0,no_volume,0,0,0,0,no_volume,0,0,0,0,no_volume,0,0,0,0,0,0,17622,7760,-0.3885,0,736,28,17,25,24,1
1775346081,24,75,0,0,0,0,no_volume,0,0,0,0,no_volume,0,0,0,0,no_volume,0,0,0,0,0,0,17622,7760,-0.3885,0,490,28,17,25,24,1
1775346082,24,75,0,0,0,0,no_volume,0,0,0,0,no_volume,0,0,0,0,no_volume,0,0,0,0,0,0,17622,7760,-0.3885,0,1990,28,17,25,24,1
1775346083,24,75,0,0,0,0,no_volume,0,0,0,0,no_volume,0,0,0,0,no_volume,0,0,0,0,0,0,17622,7760,-0.3885,0,1990,28,17,25,24,1
1775346084,24,75,0,0,0,0,no_volume,0,0,0,0,no_volume,0,0,0,0,no_volume,0,0,0,0,0,0,17622,7700,-0.3918,0,990,28,16,25,24,1
1775346085,24,75,0,0,0,0,no_volume,0,0,0,0,no_volume,0,0,0,0,no_volume,0,0,0,0,0,0,14622,7700,-0.3101,-3000,-2510,25,16,25,24,1
1775346086,24,75,0,0,0,0,no_volume,0,0,0,0,no_volume,0,0,0,0,no_volume,0,0,0,0,0,0,15622,7700,-0.3397,-2000,-2010,25,16,25,24,1
1775346087,24,75,0,0,0,0,no_volume,0,0,0,0,no_volume,0,0,0,0,no_volume,0,0,0,0,0,0,15122,7700,-0.3252,-2500,-2500,25,16,25,24,1
1775346088,24,75,0,0,0,0,no_volume,0,0,0,0,no_volume,0,0,0,0,no_volume,0,0,0,0,0,0,15122,7700,-0.3252,500,-2500,26,16,25,24,1
1775346089,24,75,0,0,0,0,no_volume,0,0,0,0,no_volume,0,0,0,0,no_volume,0,0,0,0,0,0,19601,12179,-0.2335,3979,1979,27,16,25,24,1
1775346090,24,75,0,0,0,0,no_volume,0,0,0,0,no_volume,0,0,0,0,no_volume,0,0,0,0,0,0,20101,12679,-0.2264,4979,2479,27,16,25,24,1
1775346091,24,75,0,0,0,0,no_volume,0,0,0,0,no_volume,0,0,0,0,no_volume,0,0,0,0,0,0,21101,12679,-0.2493,5979,3479,28,16,25,24,1
1775346092,24,75,0,0,0,0,no_volume,0,0,0,0,no_volume,0,0,0,0,no_volume,0,0,0,0,0,0,22101,12679,-0.2709,2500,4479,29,16,25,24,1
1775346093,24,75,0,0,0,0,no_volume,0,0,0,0,no_volume,0,0,0,0,no_volume,0,0,0,0,0,0,22101,12679,-0.2709,2000,4479,29,16,25,24,1
1775346094,24,75,0,0,0,0,no_volume,0,0,0,0,no_volume,0,0,0,0,no_volume,0,0,0,0,0,0,22101,12679,-0.2709,1000,4479,29,16,25,24,1
1775346095,24,75,0,0,0,0,no_volume,0,0,0,0,no_volume,0,0,0,0,no_volume,0,0,0,0,0,0,22101,12679,-0.2709,0,7479,29,16,25,24,1
1775346096,24,75,0,0,0,0,no_volume,0,0,0,0,no_volume,0,0,0,0,no_volume,0,0,0,0,0,0,19101,12179,-0.2213,-3000,3479,26,16,25,24,1
1775346097,24,75,0,0,0,0,no_volume,0,0,0,0,no_volume,0,0,0,0,no_volume,0,0,0,0,0,0,20101,12679,-0.2264,-2000,4979,27,16,25,24,1
1775346098,24,75,0,0,0,0,no_volume,0,0,0,0,no_volume,0,0,0,0,no_volume,0,0,0,0,0,0,21101,12679,-0.2493,-1000,5979,28,16,25,24,1
1775346099,24,75,0,0,0,0,no_volume,0,0,0,0,no_volume,0,0,0,0,no_volume,0,0,0,0,0,0,22101,12679,-0.2709,3000,2500,29,16,25,24,1
1775346100,24,75,0,0,0,0,no_volume,0,0,0,0,no_volume,0,0,0,0,no_volume,0,0,0,0,0,0,22101,12679,-0.2709,2000,2000,29,16,25,24,1
1775346101,24,75,0,0,0,0,no_volume,0,0,0,0,no_volume,0,0,0,0,no_volume,0,0,0,0,0,0,22101,12679,-0.2709,1000,1000,29,16,25,24,1
1775346102,24,75,0,0,0,0,no_volume,0,0,0,0,no_volume,0,0,0,0,no_volume,0,0,0,0,0,0,22101,12679,-0.2709,0,0,29,16,25,24,1
1775346103,24,75,0,0,0,0,no_volume,0,0,0,0,no_volume,0,0,0,0,no_volume,0,0,0,0,0,0,22101,12679,-0.2709,0,0,29,16,25,24,1
1775346104,24,75,0,0,0,0,no_volume,0,0,0,0,no_volume,0,0,0,0,no_volume,0,0,0,0,0,0,22101,12679,-0.2709,0,0,29,16,25,24,1
1775346105,24,75,0,0,0,0,no_volume,0,0,0,0,no_volume,0,0,0,0,no_volume,0,0,0,0,0,0,22101,12679,-0.2709,0,0,29,16,25,24,1
1775346106,24,75,0,0,0,0,no_volume,0,0,0,0,no_volume,0,0,0,0,no_volume,0,0,0,0,0,0,22101,12679,-0.2709,0,3000,29,16,25,24,1
1775346107,24,75,0,0,0,0,no_volume,0,0,0,0,no_volume,0,0,0,0,no_volume,0,0,0,0,0,0,22101,12679,-0.2709,0,2000,29,16,25,24,1
1775346108,24,75,0,0,0,0,no_volume,0,0,0,0,no_volume,0,0,0,0,no_volume,0,0,0,0,0,0,22101,12679,-0.2709,0,1000,29,16,25,24,1
1775346109,24,75,0,0,0,0,no_volume,0,0,0,0,no_volume,0,0,0,0,no_volume,0,0,0,0,0,0,22125,12679,-0.2714,24,24,30,16,25,24,1
1775346110,24,75,0,0,0,0,no_volume,0,0,0,0,no_volume,0,0,0,0,no_volume,0,0,0,0,0,0,22125,12679,-0.2714,24,24,30,16,25,24,1
1775346111,24,75,0,0,0,0,no_volume,0,0,0,0,no_volume,0,0,0,0,no_volume,0,0,0,0,0,0,22125,12679,-0.2714,24,24,30,16,25,24,1
1775346112,24,75,0,0,0,0,no_volume,0,0,0,0,no_volume,0,0,0,0,no_volume,0,0,0,0,0,0,22125,12679,-0.2714,0,24,30,16,25,24,1
1775346113,24,75,0,0,0,0,no_volume,0,0,0,0,no_volume,0,0,0,0,no_volume,0,0,0,0,0,0,22125,12679,-0.2714,0,24,30,16,25,24,1
1775346114,24,75,0,0,0,0,no_volume,0,0,0,0,no_volume,0,0,0,0,no_volume,0,0,0,0,0,0,22125,12679,-0.2714,0,24,30,16,25,24,1
1775346115,24,75,0,0,0,0,no_volume,0,0,0,0,no_volume,0,0,0,0,no_volume,0,0,0,0,0,0,22125,12679,-0.2714,0,24,30,16,25,24,1
1775346116,24,75,0,0,0,0,no_volume,0,0,0,0,no_volume,0,0,0,0,no_volume,0,0,0,0,0,0,22125,12679,-0.2714,0,24,30,16,25,24,1
1775346117,24,75,0,0,0,0,no_volume,0,0,0,0,no_volume,0,0,0,0,no_volume,0,0,0,0,0,0,22125,12679,-0.2714,0,24,30,16,25,24,1
1775346118,24,75,0,0,0,0,no_volume,0,0,0,0,no_volume,0,0,0,0,no_volume,0,0,0,0,0,0,22101,12679,-0.2709,-24,0,29,16,25,24,1
1775346119,24,75,0,0,0,0,no_volume,0,0,0,0,no_volume,0,0,0,0,no_volume,0,0,0,0,0,0,22101,12679,-0.2709,-24,-24,29,16,25,24,1
1775346120,24,75,0,0,0,0,no_volume,0,0,0,0,no_volume,0,0,0,0,no_volume,0,0,0,0,0,0,22101,12679,-0.2709,-24,-24,29,16,25,24,1
1775346121,24,75,0,0,0,0,no_volume,0,0,0,0,no_volume,0,0,0,0,no_volume,0,0,0,0,0,0,22101,12679,-0.2709,0,-24,29,16,25,24,1
1775346122,24,75,0,0,0,0,no_volume,0,0,0,0,no_volume,0,0,0,0,no_volume,0,0,0,0,0,0,22101,12679,-0.2709,0,-24,29,16,25,24,1
1775346123,24,75,0,0,0,0,no_volume,0,0,0,0,no_volume,0,0,0,0,no_volume,0,0,0,0,0,0,22125,12679,-0.2714,24,0,30,16,25,24,1
1775346124,24,75,0,0,0,0,no_volume,0,0,0,0,no_volume,0,0,0,0,no_volume,0,0,0,0,0,0,22125,12679,-0.2714,24,0,30,16,25,24,1
1775346125,24,75,0,0,0,0,no_volume,0,0,0,0,no_volume,0,0,0,0,no_volume,0,0,0,0,0,0,22125,12679,-0.2714,24,0,30,16,25,24,1
1775346126,24,75,0,0,0,0,no_volume,0,0,0,0,no_volume,0,0,0,0,no_volume,0,0,0,0,0,0,22125,12679,-0.2714,0,0,30,16,25,24,1
1775346127,24,75,0,0,0,0,no_volume,0,0,0,0,no_volume,0,0,0,0,no_volume,0,0,0,0,0,0,22125,12679,-0.2714,0,0,30,16,25,24,1
1775346128,24,75,0,0,0,0,no_volume,0,0,0,0,no_volume,0,0,0,0,no_volume,0,0,0,0,0,0,22125,12679,-0.2714,0,24,30,16,25,24,1
1775346129,24,75,0,0,0,0,no_volume,0,0,0,0,no_volume,0,0,0,0,no_volume,0,0,0,0,0,0,22120,12636,-0.2729,-5,19,29,16,25,24,1
1775346130,24,75,0,0,0,0,no_volume,0,0,0,0,no_volume,0,0,0,0,no_volume,0,0,0,0,0,0,22120,12636,-0.2729,-5,19,29,16,25,24,1
1775346131,24,75,0,0,0,0,no_volume,0,0,0,0,no_volume,0,0,0,0,no_volume,0,0,0,0,0,0,22120,12636,-0.2729,-5,19,29,16,25,24,1
1775346132,24,75,0,0,0,0,no_volume,0,0,0,0,no_volume,0,0,0,0,no_volume,0,0,0,0,0,0,22120,12636,-0.2729,0,19,29,16,25,24,1
1775346133,24,75,0,0,0,0,no_volume,0,0,0,0,no_volume,0,0,0,0,no_volume,0,0,0,0,0,0,22120,12636,-0.2729,0,-5,29,16,25,24,1
1775346134,24,75,0,0,0,0,no_volume,0,0,0,0,no_volume,0,0,0,0,no_volume,0,0,0,0,0,0,22120,12636,-0.2729,0,-5,29,16,25,24,1
1775346135,24,75,0,0,0,0,no_volume,0,0,0,0,no_volume,0,0,0,0,no_volume,0,0,0,0,0,0,22120,12636,-0.2729,0,-5,29,16,25,24,1
1775346136,24,75,0,0,0,0,no_volume,0,0,0,0,no_volume,0,0,0,0,no_volume,0,0,0,0,0,0,22120,12636,-0.2729,0,-5,29,16,25,24,1
1775346137,24,75,0,0,0,0,no_volume,0,0,0,0,no_volume,0,0,0,0,no_volume,0,0,0,0,0,0,22120,12636,-0.2729,0,-5,29,16,25,24,1
1775346138,24,75,0,0,0,0,no_volume,0,0,0,0,no_volume,0,0,0,0,no_volume,0,0,0,0,0,0,21374,11890,-0.2851,-746,-751,29,16,25,24,1
1775346139,24,75,0,0,0,0,no_volume,0,0,0,0,no_volume,0,0,0,0,no_volume,0,0,0,0,0,0,21374,11914,-0.2842,-746,-746,29,16,25,24,1
1775346140,24,75,0,0,0,0,no_volume,0,0,0,0,no_volume,0,0,0,0,no_volume,0,0,0,0,0,0,21374,11914,-0.2842,-746,-746,29,16,25,24,1
1775346141,24,75,0,0,0,0,no_volume,0,0,0,0,no_volume,0,0,0,0,no_volume,0,0,0,0,0,0,21374,11914,-0.2842,0,-746,29,16,25,24,1
1775346142,24,75,0,0,0,0,no_volume,0,0,0,0,no_volume,0,0,0,0,no_volume,0,0,0,0,0,0,21350,11930,-0.2831,-24,-770,29,16,25,24,1
1775346143,24,75,0,0,0,0,no_volume,0,0,0,0,no_volume,0,0,0,0,no_volume,0,0,0,0,0,0,21350,11930,-0.2831,-24,-770,29,16,25,24,1
1775346144,24,75,0,0,0,0,no_volume,0,0,0,0,no_volume,0,0,0,0,no_volume,0,0,0,0,0,0,21350,11930,-0.2831,-24,-770,29,16,25,24,1
1775346145,24,75,0,0,0,0,no_volume,0,0,0,0,no_volume,0,0,0,0,no_volume,0,0,0,0,0,0,21350,11930,-0.2831,0,-770,29,16,25,24,1
1775346146,24,75,0,0,0,0,no_volume,0,0,0,0,no_volume,0,0,0,0,no_volume,0,0,0,0,0,0,21350,11930,-0.2831,0,-770,29,16,25,24,1
1775346147,24,75,0,0,0,0,no_volume,0,0,0,0,no_volume,0,0,0,0,no_volume,0,0,0,0,0,0,21301,11930,-0.282,-49,-819,29,16,25,24,1
1775346148,24,75,0,0,0,0,no_volume,0,0,0,0,no_volume,0,0,0,0,no_volume,0,0,0,0,0,0,21330,11930,-0.2826,-20,-44,30,16,25,24,1
1775346149,24,75,0,0,0,0,no_volume,0,0,0,0,no_volume,0,0,0,0,no_volume,0,0,0,0,0,0,21330,11930,-0.2826,-20,-44,30,16,25,24,1
1775346150,24,75,0,0,0,0,no_volume,0,0,0,0,no_volume,0,0,0,0,no_volume,0,0,0,0,0,0,21330,11930,-0.2826,29,-44,30,16,25,24,1
1775346151,24,75,0,0,0,0,no_volume,0,0,0,0,no_volume,0,0,0,0,no_volume,0,0,0,0,0,0,21330,11930,-0.2826,0,-44,30,16,25,24,1
1775346152,24,75,0,0,0,0,no_volume,0,0,0,0,no_volume,0,0,0,0,no_volume,0,0,0,0,0,0,21330,11930,-0.2826,0,-20,30,16,25,24,1
1775346153,24,75,0,0,0,0,no_volume,0,0,0,0,no_volume,0,0,0,0,no_volume,0,0,0,0,0,0,21330,11930,-0.2826,0,-20,30,16,25,24,1
1775346154,24,75,0,0,0,0,no_volume,0,0,0,0,no_volume,0,0,0,0,no_volume,0,0,0,0,0,0,21330,11930,-0.2826,0,-20,30,16,25,24,1
1775346155,24,75,0,0,0,0,no_volume,0,0,0,0,no_volume,0,0,0,0,no_volume,0,0,0,0,0,0,21330,11930,-0.2826,0,-20,30,16,25,24,1
1775346156,24,75,0,0,0,0,no_volume,0,0,0,0,no_volume,0,0,0,0,no_volume,0,0,0,0,0,0,21330,7839,-0.4625,0,-20,30,16,25,24,1
1775346157,24,75,0,0,0,0,no_volume,0,0,0,0,no_volume,0,0,0,0,no_volume,0,0,0,0,0,0,22090,7842,-0.476,760,789,30,16,25,24,1
1775346158,24,75,0,0,0,0,no_volume,0,0,0,0,no_volume,0,0,0,0,no_volume,0,0,0,0,0,0,22090,7842,-0.476,760,760,30,16,25,24,1
1775346159,24,75,0,0,0,0,no_volume,0,0,0,0,no_volume,0,0,0,0,no_volume,0,0,0,0,0,0,22090,7871,-0.4746,760,760,30,16,25,24,1
1775346160,24,75,0,0,0,0,no_volume,0,0,0,0,no_volume,0,0,0,0,no_volume,0,0,0,0,0,0,22090,7871,-0.4746,0,760,30,16,25,24,1
1775346161,24,75,0,0,0,0,no_volume,0,0,0,0,no_volume,0,0,0,0,no_volume,0,0,0,0,0,0,22090,7871,-0.4746,0,760,30,16,25,24,1
1775346162,24,75,0,0,0,0,no_volume,0,0,0,0,no_volume,0,0,0,0,no_volume,0,0,0,0,0,0,22090,7871,-0.4746,0,760,30,16,25,24,1
1775346163,24,75,0,0,0,0,no_volume,0,0,0,0,no_volume,0,0,0,0,no_volume,0,0,0,0,0,0,22090,8631,-0.4381,0,760,30,16,25,24,1
1775346164,24,75,0,0,0,0,no_volume,0,0,0,0,no_volume,0,0,0,0,no_volume,0,0,0,0,0,0,22090,8631,-0.4381,0,760,30,16,25,24,1
1775346165,24,75,0,0,0,0,no_volume,0,0,0,0,no_volume,0,0,0,0,no_volume,0,0,0,0,0,0,22090,8631,-0.4381,0,760,30,16,25,24,1
1775346166,24,75,0,0,0,0,no_volume,0,0,0,0,no_volume,0,0,0,0,no_volume,0,0,0,0,0,0,19986,8631,-0.3968,-2104,-1344,29,16,25,24,1
1775346167,24,75,0,0,0,0,no_volume,0,0,0,0,no_volume,0,0,0,0,no_volume,0,0,0,0,0,0,19986,8631,-0.3968,-2104,-2104,29,16,25,24,1
1775346168,24,74,0,0,0,0,no_volume,0,0,0,0,no_volume,0,0,0,0,no_volume,0,0,0,0,0,0,19202,7813,-0.4216,-2888,-2888,28,16,26,24,2
1775346169,24,74,0,0,0,0,no_volume,0,0,0,0,no_volume,0,0,0,0,no_volume,0,0,0,0,0,0,19202,7813,-0.4216,-784,-2888,28,16,26,24,2
1775346170,24,74,0,0,0,0,no_volume,0,0,0,0,no_volume,0,0,0,0,no_volume,0,0,0,0,0,0,19202,7813,-0.4216,-784,-2888,28,16,26,24,2
1775346171,24,74,0,0,0,0,no_volume,0,0,0,0,no_volume,0,0,0,0,no_volume,0,0,0,0,0,0,19202,7813,-0.4216,0,-2888,28,16,26,24,2
1775346172,24,74,0,17,0,17,low_activity,0,17,0,17,low_activity,0,17,0,17,low_activity,17,0,17,17,0,17,19185,7797,-0.4221,-17,-2905,28,16,26,24,2
1775346173,24,74,0,17,0,17,low_activity,0,17,0,17,low_activity,0,17,0,17,low_activity,0,0,0,17,0,17,19185,7797,-0.4221,-17,-2905,28,16,26,24,2
1775346174,24,74,0,17,0,17,low_activity,0,17,0,17,low_activity,0,17,0,17,low_activity,0,0,0,17,0,17,19185,7797,-0.4221,-17,-2905,28,16,26,24,2
1775346175,24,74,0,0,0,0,no_volume,0,17,0,17,low_activity,0,17,0,17,low_activity,0,0,0,17,0,17,19185,7797,-0.4221,0,-2905,28,16,26,24,2
1775346176,24,74,0,0,0,0,no_volume,0,17,0,17,low_activity,0,17,0,17,low_activity,0,0,0,17,0,17,19185,7797,-0.4221,0,-801,28,16,26,24,2
1775346177,25,74,0,0,0,0,no_volume,0,0,0,0,no_volume,0,17,0,17,low_activity,0,0,0,17,0,17,19185,7825,-0.4206,0,-801,28,17,26,25,1
1775346178,25,74,0,0,0,0,no_volume,0,0,0,0,no_volume,0,17,0,17,low_activity,0,0,0,17,0,17,19185,8224,-0.3999,0,-17,28,17,26,25,1
1775346179,24,74,0,0,0,0,no_volume,0,0,0,0,no_volume,0,17,0,17,low_activity,0,0,0,17,0,17,19584,7821,-0.4292,399,382,28,16,26,24,2
1775346180,24,74,0,0,0,0,no_volume,0,0,0,0,no_volume,0,17,0,17,low_activity,0,0,0,17,0,17,19584,7820,-0.4293,399,382,28,16,26,24,2
1775346181,25,74,0,0,0,0,no_volume,0,0,0,0,no_volume,0,17,0,17,low_activity,0,0,0,17,0,17,19608,8543,-0.3931,423,406,28,16,26,25,1
1775346182,25,74,0,0,0,0,no_volume,0,0,0,0,no_volume,0,17,0,17,low_activity,0,0,0,17,0,17,19218,8592,-0.3821,-366,33,28,16,26,25,1
1775346183,25,74,0,0,0,0,no_volume,0,0,0,0,no_volume,0,17,0,17,low_activity,0,0,0,17,0,17,19218,8592,-0.3821,-366,33,28,16,26,25,1
1775346184,25,74,0,0,0,0,no_volume,0,0,0,0,no_volume,0,17,0,17,low_activity,0,0,0,17,0,17,19978,8592,-0.3985,370,793,28,16,26,25,1
1775346185,25,74,0,0,0,0,no_volume,0,0,0,0,no_volume,0,17,0,17,low_activity,0,0,0,17,0,17,19978,10584,-0.3074,760,793,28,16,26,25,1
1775346186,25,74,0,0,0,0,no_volume,0,0,0,0,no_volume,0,17,0,17,low_activity,0,0,0,17,0,17,19978,10584,-0.3074,760,793,28,16,26,25,1
1775346187,25,74,0,0,0,0,no_volume,0,0,0,0,no_volume,0,17,0,17,low_activity,0,0,0,17,0,17,19978,10584,-0.3074,0,793,28,16,26,25,1
1775346188,25,74,0,0,0,0,no_volume,0,0,0,0,no_volume,0,17,0,17,low_activity,0,0,0,17,0,17,19978,10584,-0.3074,0,793,28,16,26,25,1
1775346189,25,74,0,0,0,0,no_volume,0,0,0,0,no_volume,0,17,0,17,low_activity,0,0,0,17,0,17,19978,10584,-0.3074,0,394,28,16,26,25,1
1775346190,25,74,0,0,0,0,no_volume,0,0,0,0,no_volume,0,17,0,17,low_activity,0,0,0,17,0,17,19978,10584,-0.3074,0,394,28,16,26,25,1
1775346191,25,74,0,0,0,0,no_volume,0,0,0,0,no_volume,0,17,0,17,low_activity,0,0,0,17,0,17,19978,10584,-0.3074,0,370,28,16,26,25,1
1775346192,25,74,0,0,0,0,no_volume,0,0,0,0,no_volume,0,17,0,17,low_activity,0,0,0,17,0,17,19978,10584,-0.3074,0,760,28,16,26,25,1
1775346193,25,74,0,0,0,0,no_volume,0,0,0,0,no_volume,0,17,0,17,low_activity,0,0,0,17,0,17,19978,10584,-0.3074,0,760,28,16,26,25,1
1775346194,25,74,0,0,0,0,no_volume,0,0,0,0,no_volume,0,17,0,17,low_activity,0,0,0,17,0,17,19978,10584,-0.3074,0,0,28,16,26,25,1
1775346195,25,74,0,0,0,0,no_volume,0,0,0,0,no_volume,0,17,0,17,low_activity,0,0,0,17,0,17,19978,10584,-0.3074,0,0,28,16,26,25,1
1775346196,25,74,0,0,0,0,no_volume,0,0,0,0,no_volume,0,17,0,17,low_activity,0,0,0,17,0,17,19987,10584,-0.3076,9,9,28,16,26,25,1
1775346197,25,74,0,0,0,0,no_volume,0,0,0,0,no_volume,0,17,0,17,low_activity,0,0,0,17,0,17,19978,10584,-0.3074,0,0,28,16,26,25,1
1775346198,25,74,0,0,0,0,no_volume,0,0,0,0,no_volume,0,17,0,17,low_activity,0,0,0,17,0,17,19978,10584,-0.3074,0,0,28,16,26,25,1
1775346199,25,74,0,0,0,0,no_volume,0,0,0,0,no_volume,0,17,0,17,low_activity,0,0,0,17,0,17,19978,10584,-0.3074,-9,0,28,16,26,25,1
1775346200,25,74,0,0,0,0,no_volume,0,0,0,0,no_volume,0,17,0,17,low_activity,0,0,0,17,0,17,19978,10584,-0.3074,0,0,28,16,26,25,1
1775346201,25,74,0,0,0,0,no_volume,0,0,0,0,no_volume,0,17,0,17,low_activity,0,0,0,17,0,17,19978,10584,-0.3074,0,0,28,16,26,25,1
1775346202,25,74,0,0,0,0,no_volume,0,0,0,0,no_volume,0,0,0,0,no_volume,0,0,0,17,0,17,19978,10584,-0.3074,0,0,28,16,26,25,1
1775346203,25,74,0,0,0,0,no_volume,0,0,0,0,no_volume,0,0,0,0,no_volume,0,0,0,17,0,17,19978,10584,-0.3074,0,0,28,16,26,25,1
1775346204,25,74,0,0,0,0,no_volume,0,0,0,0,no_volume,0,0,0,0,no_volume,0,0,0,17,0,17,19978,10584,-0.3074,0,0,28,16,26,25,1
1775346205,25,74,0,0,0,0,no_volume,0,0,0,0,no_volume,0,0,0,0,no_volume,0,0,0,17,0,17,19978,10584,-0.3074,0,0,28,16,26,25,1
1775346206,25,74,0,0,0,0,no_volume,0,0,0,0,no_volume,0,0,0,0,no_volume,0,0,0,17,0,17,20028,10584,-0.3085,50,41,28,16,26,25,1
1775346207,25,74,0,0,0,0,no_volume,0,0,0,0,no_volume,0,0,0,0,no_volume,0,0,0,17,0,17,20028,10584,-0.3085,50,50,28,16,26,25,1
1775346208,25,74,0,0,0,0,no_volume,0,0,0,0,no_volume,0,0,0,0,no_volume,0,0,0,17,0,17,20028,10584,-0.3085,50,50,28,16,26,25,1
1775346209,25,74,0,0,0,0,no_volume,0,0,0,0,no_volume,0,0,0,0,no_volume,0,0,0,17,0,17,20028,10584,-0.3085,0,50,28,16,26,25,1
1775346210,25,74,0,0,0,0,no_volume,0,0,0,0,no_volume,0,0,0,0,no_volume,0,0,0,17,0,17,20028,10584,-0.3085,0,50,28,16,26,25,1
1775346211,25,74,0,0,0,0,no_volume,0,0,0,0,no_volume,0,0,0,0,no_volume,0,0,0,17,0,17,20028,10584,-0.3085,0,50,28,16,26,25,1
1775346212,25,74,0,0,0,0,no_volume,0,0,0,0,no_volume,0,0,0,0,no_volume,0,0,0,17,0,17,20028,10584,-0.3085,0,50,28,16,26,25,1
1775346213,25,74,0,0,0,0,no_volume,0,0,0,0,no_volume,0,0,0,0,no_volume,0,0,0,17,0,17,20028,10584,-0.3085,0,50,28,16,26,25,1
1775346214,25,74,0,0,0,0,no_volume,0,0,0,0,no_volume,0,0,0,0,no_volume,0,0,0,17,0,17,20028,10584,-0.3085,0,50,28,16,26,25,1
1775346215,25,74,0,0,0,0,no_volume,0,0,0,0,no_volume,0,0,0,0,no_volume,0,0,0,17,0,17,20028,10584,-0.3085,0,50,28,16,26,25,1
1775346216,25,74,0,0,0,0,no_volume,0,0,0,0,no_volume,0,0,0,0,no_volume,0,0,0,17,0,17,20028,10584,-0.3085,0,0,28,16,26,25,1
1775346217,25,74,0,0,0,0,no_volume,0,0,0,0,no_volume,0,0,0,0,no_volume,0,0,0,17,0,17,20028,10584,-0.3085,0,0,28,16,26,25,1
1775346218,25,74,0,0,0,0,no_volume,0,0,0,0,no_volume,0,0,0,0,no_volume,0,0,0,17,0,17,20028,10584,-0.3085,0,0,28,16,26,25,1
1775346219,25,74,0,0,0,0,no_volume,0,0,0,0,no_volume,0,0,0,0,no_volume,0,0,0,17,0,17,20028,10584,-0.3085,0,0,28,16,26,25,1
1775346220,25,74,0,0,0,0,no_volume,0,0,0,0,no_volume,0,0,0,0,no_volume,0,0,0,17,0,17,20028,10584,-0.3085,0,0,28,16,26,25,1
1775346221,25,74,0,0,0,0,no_volume,0,0,0,0,no_volume,0,0,0,0,no_volume,0,0,0,17,0,17,20028,10584,-0.3085,0,0,28,16,26,25,1
1775346222,25,74,0,0,0,0,no_volume,0,0,0,0,no_volume,0,0,0,0,no_volume,0,0,0,17,0,17,20028,8354,-0.4113,0,0,28,16,26,25,1
1775346223,25,74,0,0,0,0,no_volume,0,0,0,0,no_volume,0,0,0,0,no_volume,0,0,0,17,0,17,19528,8394,-0.3988,-500,-500,28,16,26,25,1
1775346224,25,74,0,0,0,0,no_volume,0,0,0,0,no_volume,0,0,0,0,no_volume,0,0,0,17,0,17,19087,8636,-0.377,-941,-941,27,16,26,25,1
1775346225,25,74,0,0,0,0,no_volume,0,0,0,0,no_volume,0,0,0,0,no_volume,0,0,0,17,0,17,20028,8646,-0.3969,0,0,28,16,26,25,1
1775346226,25,74,0,0,0,0,no_volume,0,0,0,0,no_volume,0,0,0,0,no_volume,0,0,0,17,0,17,20028,8666,-0.396,500,0,28,16,26,25,1
1775346227,25,74,0,0,0,0,no_volume,0,0,0,0,no_volume,0,0,0,0,no_volume,0,0,0,17,0,17,20027,8656,-0.3964,940,-1,28,16,26,25,1
1775346228,25,74,0,0,0,0,no_volume,0,0,0,0,no_volume,0,0,0,0,no_volume,0,0,0,17,0,17,19944,8636,-0.3957,-84,-84,28,16,26,25,1
1775346229,25,74,0,0,0,0,no_volume,0,0,0,0,no_volume,0,0,0,0,no_volume,0,0,0,17,0,17,19944,8666,-0.3942,-84,-84,28,16,26,25,1
1775346230,25,74,0,0,0,0,no_volume,0,0,0,0,no_volume,0,0,0,0,no_volume,0,0,0,17,0,17,19943,8666,-0.3942,-84,-85,28,16,26,25,1
1775346231,25,74,0,0,0,0,no_volume,0,0,0,0,no_volume,0,0,0,0,no_volume,0,0,0,17,0,17,19943,8666,-0.3942,-1,-85,28,16,26,25,1
1775346232,25,74,0,0,0,0,no_volume,0,0,0,0,no_volume,0,0,0,0,no_volume,0,0,0,0,0,0,19943,8666,-0.3942,-1,-85,28,16,26,25,1
1775346233,25,74,0,0,0,0,no_volume,0,0,0,0,no_volume,0,0,0,0,no_volume,0,0,0,0,0,0,18683,7906,-0.4053,-1260,-845,28,16,26,25,1
1775346234,25,74,0,0,0,0,no_volume,0,0,0,0,no_volume,0,0,0,0,no_volume,0,0,0,0,0,0,18263,7906,-0.3958,-1680,-824,27,16,26,25,1
1775346235,25,74,0,0,0,0,no_volume,0,0,0,0,no_volume,0,0,0,0,no_volume,0,0,0,0,0,0,18263,7906,-0.3958,-1680,-1765,27,16,26,25,1
1775346236,25,74,0,0,0,0,no_volume,0,0,0,0,no_volume,0,0,0,0,no_volume,0,0,0,0,0,0,18263,7906,-0.3958,-420,-1765,27,16,26,25,1
1775346237,25,74,0,0,0,0,no_volume,0,0,0,0,no_volume,0,0,0,0,no_volume,0,0,0,0,0,0,18763,7906,-0.4071,500,-1264,28,16,26,25,1
1775346238,25,74,0,0,0,0,no_volume,0,0,0,0,no_volume,0,0,0,0,no_volume,0,0,0,0,0,0,18263,7906,-0.3958,0,-1681,27,16,26,25,1
1775346239,25,74,0,0,0,0,no_volume,0,0,0,0,no_volume,0,0,0,0,no_volume,0,0,0,0,0,0,18763,7876,-0.4087,500,-1181,28,16,26,25,1
1775346240,25,74,0,0,0,0,no_volume,0,0,0,0,no_volume,0,0,0,0,no_volume,0,0,0,0,0,0,18263,7906,-0.3958,-500,-1680,27,16,26,25,1
1775346241,25,74,0,0,0,0,no_volume,0,0,0,0,no_volume,0,0,0,0,no_volume,0,0,0,0,0,0,18763,7906,-0.4071,500,-1180,28,16,26,25,1
1775346242,25,74,0,0,0,0,no_volume,0,0,0,0,no_volume,0,0,0,0,no_volume,0,0,0,0,0,0,18263,9874,-0.2981,-500,-1680,27,16,26,25,1
1775346243,25,74,0,0,0,0,no_volume,0,0,0,0,no_volume,0,0,0,0,no_volume,0,0,0,0,0,0,19263,9874,-0.3222,1000,580,28,16,26,25,1
1775346244,25,74,0,0,0,0,no_volume,0,0,0,0,no_volume,0,0,0,0,no_volume,0,0,0,0,0,0,19273,9804,-0.3257,510,1010,28,16,26,25,1
1775346245,25,74,0,0,0,0,no_volume,0,0,0,0,no_volume,0,0,0,0,no_volume,0,0,0,0,0,0,19273,9804,-0.3257,1010,1010,28,16,26,25,1
1775346246,25,74,0,0,0,0,no_volume,0,0,0,0,no_volume,0,0,0,0,no_volume,0,0,0,0,0,0,19273,9804,-0.3257,10,1010,28,16,26,25,1
1775346247,25,74,0,0,0,0,no_volume,0,0,0,0,no_volume,0,0,0,0,no_volume,0,0,0,0,0,0,19273,9804,-0.3257,0,510,28,16,26,25,1
1775346248,25,74,0,0,0,0,no_volume,0,0,0,0,no_volume,0,0,0,0,no_volume,0,0,0,0,0,0,19273,9804,-0.3257,0,1010,28,16,26,25,1
1775346249,25,74,0,0,0,0,no_volume,0,0,0,0,no_volume,0,0,0,0,no_volume,0,0,0,0,0,0,20033,9804,-0.3428,760,1270,28,16,26,25,1
1775346250,25,74,0,0,0,0,no_volume,0,0,0,0,no_volume,0,0,0,0,no_volume,0,0,0,0,0,0,20033,10564,-0.3095,760,1770,28,16,26,25,1
1775346251,25,74,0,0,0,0,no_volume,0,0,0,0,no_volume,0,0,0,0,no_volume,0,0,0,0,0,0,20033,10564,-0.3095,760,1270,28,16,26,25,1
1775346252,25,74,0,0,0,0,no_volume,0,0,0,0,no_volume,0,0,0,0,no_volume,0,0,0,0,0,0,20033,10564,-0.3095,0,1770,28,16,26,25,1
1775346253,25,74,0,0,0,0,no_volume,0,0,0,0,no_volume,0,0,0,0,no_volume,0,0,0,0,0,0,20009,10564,-0.3089,-24,746,28,16,26,25,1
1775346254,25,74,0,0,0,0,no_volume,0,0,0,0,no_volume,0,0,0,0,no_volume,0,0,0,0,0,0,20009,10564,-0.3089,-24,736,28,16,26,25,1
1775346255,25,74,0,0,0,0,no_volume,0,0,0,0,no_volume,0,0,0,0,no_volume,0,0,0,0,0,0,20009,10564,-0.3089,-24,736,28,16,26,25,1
1775346256,25,74,0,0,0,0,no_volume,0,0,0,0,no_volume,0,0,0,0,no_volume,0,0,0,0,0,0,20009,10564,-0.3089,0,736,28,16,26,25,1
1775346257,25,74,0,0,0,0,no_volume,0,0,0,0,no_volume,0,0,0,0,no_volume,0,0,0,0,0,0,20009,10564,-0.3089,0,736,28,16,26,25,1
1775346258,25,74,0,0,0,0,no_volume,0,0,0,0,no_volume,0,0,0,0,no_volume,0,0,0,0,0,0,20023,10564,-0.3092,14,750,28,16,26,25,1
1775346259,25,74,0,0,0,0,no_volume,0,0,0,0,no_volume,0,0,0,0,no_volume,0,0,0,0,0,0,20033,10564,-0.3095,24,0,28,16,26,25,1
1775346260,25,74,0,0,0,0,no_volume,0,0,0,0,no_volume,0,0,0,0,no_volume,0,0,0,0,0,0,20033,10564,-0.3095,24,0,28,16,26,25,1
1775346261,25,74,0,0,0,0,no_volume,0,0,0,0,no_volume,0,0,0,0,no_volume,0,0,0,0,0,0,20033,10564,-0.3095,10,0,28,16,26,25,1
1775346262,25,74,0,0,0,0,no_volume,0,0,0,0,no_volume,0,0,0,0,no_volume,0,0,0,0,0,0,19273,10564,-0.2919,-760,-760,28,16,26,25,1
1775346263,25,74,0,0,0,0,no_volume,0,0,0,0,no_volume,0,0,0,0,no_volume,0,0,0,0,0,0,19273,10564,-0.2919,-760,-736,28,16,26,25,1
1775346264,25,74,0,0,0,0,no_volume,0,0,0,0,no_volume,0,0,0,0,no_volume,0,0,0,0,0,0,20033,8596,-0.3995,0,24,28,16,26,25,1
1775346265,25,74,0,0,0,0,no_volume,0,0,0,0,no_volume,0,0,0,0,no_volume,0,0,0,0,0,0,19993,8597,-0.3986,720,-16,28,16,26,25,1
1775346266,25,74,0,0,0,0,no_volume,0,0,0,0,no_volume,0,0,0,0,no_volume,0,0,0,0,0,0,19993,8601,-0.3984,720,-16,28,16,26,25,1
1775346267,25,74,0,0,0,0,no_volume,0,0,0,0,no_volume,0,0,0,0,no_volume,0,0,0,0,0,0,19993,8601,-0.3984,-40,-16,28,16,26,25,1
1775346268,25,74,0,0,0,0,no_volume,0,0,0,0,no_volume,0,0,0,0,no_volume,0,0,0,0,0,0,19993,8638,-0.3966,0,-30,28,17,26,25,1
1775346269,25,74,0,0,0,0,no_volume,0,0,0,0,no_volume,0,0,0,0,no_volume,0,0,0,0,0,0,19993,8666,-0.3952,0,-40,28,17,26,25,1
1775346270,25,74,0,0,0,0,no_volume,0,0,0,0,no_volume,0,0,0,0,no_volume,0,0,0,0,0,0,19993,8638,-0.3966,0,-40,28,17,26,25,1
1775346271,25,74,0,0,0,0,no_volume,0,0,0,0,no_volume,0,0,0,0,no_volume,0,0,0,0,0,0,19993,8641,-0.3965,0,-40,28,17,26,25,1
1775346272,25,74,0,0,0,0,no_volume,0,0,0,0,no_volume,0,0,0,0,no_volume,0,0,0,0,0,0,19993,10761,-0.3002,0,720,28,17,26,25,1
1775346273,25,74,0,0,0,0,no_volume,0,0,0,0,no_volume,0,0,0,0,no_volume,0,0,0,0,0,0,19993,10737,-0.3012,0,720,28,17,26,25,1
1775346274,25,74,0,0,0,0,no_volume,0,0,0,0,no_volume,0,0,0,0,no_volume,0,0,0,0,0,0,19993,10764,-0.3001,0,-40,28,17,26,25,1
1775346275,25,74,0,0,0,0,no_volume,0,0,0,0,no_volume,0,0,0,0,no_volume,0,0,0,0,0,0,19993,10764,-0.3001,0,0,28,17,26,25,1
1775346276,25,74,0,0,0,0,no_volume,0,0,0,0,no_volume,0,0,0,0,no_volume,0,0,0,0,0,0,19993,10764,-0.3001,0,0,28,17,26,25,1
1775346277,25,74,0,0,0,0,no_volume,0,0,0,0,no_volume,0,0,0,0,no_volume,0,0,0,0,0,0,19233,9919,-0.3195,-760,-760,28,17,26,25,1
1775346278,25,74,0,0,0,0,no_volume,0,0,0,0,no_volume,0,0,0,0,no_volume,0,0,0,0,0,0,19233,7799,-0.423,-760,-760,28,17,26,25,1
1775346279,25,74,0,0,0,0,no_volume,0,0,0,0,no_volume,0,0,0,0,no_volume,0,0,0,0,0,0,19233,7829,-0.4214,-760,-760,28,17,26,25,1
1775346280,25,74,0,0,0,0,no_volume,0,0,0,0,no_volume,0,0,0,0,no_volume,0,0,0,0,0,0,19233,7829,-0.4214,0,-760,28,17,26,25,1
1775346281,25,74,0,0,0,0,no_volume,0,0,0,0,no_volume,0,0,0,0,no_volume,0,0,0,0,0,0,19233,7829,-0.4214,0,-760,28,17,26,25,1
1775346282,25,74,0,0,0,0,no_volume,0,0,0,0,no_volume,0,0,0,0,no_volume,0,0,0,0,0,0,14754,3350,-0.6299,-4479,-5239,27,16,26,25,1
1775346283,25,74,0,0,0,0,no_volume,0,0,0,0,no_volume,0,0,0,0,no_volume,0,0,0,0,0,0,16186,7256,-0.3809,-3047,-3807,25,17,26,25,1
1775346284,25,74,0,0,0,0,no_volume,0,0,0,0,no_volume,0,0,0,0,no_volume,0,0,0,0,0,0,18186,7884,-0.3952,-1047,-1807,27,17,26,25,1
1775346285,25,74,0,0,0,0,no_volume,0,0,0,0,no_volume,0,0,0,0,no_volume,0,0,0,0,0,0,19206,7914,-0.4164,4452,-787,28,17,26,25,1
1775346286,25,74,0,0,0,0,no_volume,0,0,0,0,no_volume,0,0,0,0,no_volume,0,0,0,0,0,0,19206,7914,-0.4164,3020,-787,28,17,26,25,1
1775346287,25,74,0,0,0,0,no_volume,0,0,0,0,no_volume,0,0,0,0,no_volume,0,0,0,0,0,0,19206,8674,-0.3778,1020,-27,28,17,26,25,1
1775346288,25,74,0,0,0,0,no_volume,0,0,0,0,no_volume,0,0,0,0,no_volume,0,0,0,0,0,0,12727,3195,-0.5987,-6479,-6506,25,16,26,25,1
1775346289,25,74,0,0,0,0,no_volume,0,0,0,0,no_volume,0,0,0,0,no_volume,0,0,0,0,0,0,12760,3185,-0.6005,-6446,-6473,25,16,26,25,1
1775346290,25,74,0,0,0,0,no_volume,0,0,0,0,no_volume,0,0,0,0,no_volume,0,0,0,0,0,0,13760,3185,-0.6241,-5446,-5473,25,16,26,25,1
1775346291,25,74,0,0,0,0,no_volume,0,0,0,0,no_volume,0,0,0,0,no_volume,0,0,0,0,0,0,14600,3204,-0.6401,1873,-4633,25,15,26,25,1
1775346292,25,74,0,0,0,0,no_volume,0,0,0,0,no_volume,0,0,0,0,no_volume,0,0,0,0,0,0,14600,3204,-0.6401,1840,-154,25,15,26,25,1
1775346293,25,74,0,0,0,0,no_volume,0,0,0,0,no_volume,0,0,0,0,no_volume,0,0,0,0,0,0,14550,3232,-0.6365,790,-1636,25,15,26,25,1
1775346294,25,74,0,0,0,0,no_volume,0,0,0,0,no_volume,0,0,0,0,no_volume,0,0,0,0,0,0,14550,3450,-0.6167,-50,-3636,25,16,26,25,1
1775346295,25,74,0,0,0,0,no_volume,0,0,0,0,no_volume,0,0,0,0,no_volume,0,0,0,0,0,0,14550,3480,-0.614,-50,-4656,25,17,26,25,1
1775346296,25,74,0,0,0,0,no_volume,0,0,0,0,no_volume,0,0,0,0,no_volume,0,0,0,0,0,0,14500,3450,-0.6156,-50,-4706,25,18,26,25,1
1775346297,25,74,0,0,0,0,no_volume,0,0,0,0,no_volume,0,0,0,0,no_volume,0,0,0,0,0,0,13190,2830,-0.6467,-1360,-6016,25,17,26,25,1
1775346298,25,74,0,0,0,0,no_volume,0,0,0,0,no_volume,0,0,0,0,no_volume,0,0,0,0,0,0,13190,2830,-0.6467,-1360,463,25,16,26,25,1
1775346299,25,74,0,0,0,0,no_volume,0,0,0,0,no_volume,0,0,0,0,no_volume,0,0,0,0,0,0,13270,2830,-0.6484,-1230,510,25,18,26,25,1
1775346300,24,74,0,0,0,0,no_volume,0,0,0,0,no_volume,0,0,0,0,no_volume,0,0,0,0,0,0,13270,2734,-0.6583,80,-490,25,16,26,24,2
1775346301,19,74,0,0,0,0,no_volume,0,0,0,0,no_volume,0,0,0,0,no_volume,0,0,0,0,0,0,13241,2737,-0.6574,51,-1359,24,16,26,19,7
1775346302,19,74,0,0,0,0,no_volume,0,0,0,0,no_volume,0,0,0,0,no_volume,0,0,0,0,0,0,12741,2737,-0.6463,-529,-1859,24,16,26,19,7
1775346303,18,75,0,0,0,0,no_volume,0,0,0,0,no_volume,0,0,0,0,no_volume,0,0,0,0,0,0,13255,2815,-0.6497,-15,-1295,26,17,25,18,7
1775346304,19,75,0,0,0,0,no_volume,0,0,0,0,no_volume,0,0,0,0,no_volume,0,0,0,0,0,0,13241,2797,-0.6512,0,-1309,25,17,25,19,6
1775346305,21,75,0,0,0,0,no_volume,0,0,0,0,no_volume,0,0,0,0,no_volume,0,0,0,0,0,0,13255,2776,-0.6537,514,-1295,25,16,25,21,4
1775346306,21,75,0,0,0,0,no_volume,0,0,0,0,no_volume,0,0,0,0,no_volume,0,0,0,0,0,0,13255,2792,-0.652,0,-1245,25,15,25,21,4
1775346307,21,75,0,0,0,0,no_volume,0,0,0,0,no_volume,0,0,0,0,no_volume,0,0,0,0,0,0,11784,2792,-0.6169,-1457,-1406,23,16,25,21,4
1775346308,21,75,0,0,0,0,no_volume,0,0,0,0,no_volume,0,0,0,0,no_volume,0,0,0,0,0,0,11784,2762,-0.6202,-1471,-1406,24,15,25,21,4
1775346309,21,75,0,0,0,0,no_volume,0,0,0,0,no_volume,0,0,0,0,no_volume,0,0,0,0,0,0,11764,2762,-0.6197,-1491,-1506,24,15,25,21,4
1775346310,21,75,0,0,0,0,no_volume,0,0,0,0,no_volume,0,0,0,0,no_volume,0,0,0,0,0,0,11754,2738,-0.6221,-30,-1516,24,15,25,21,4
1775346311,21,75,0,0,0,0,no_volume,0,0,0,0,no_volume,0,0,0,0,no_volume,0,0,0,0,0,0,11754,2762,-0.6195,-30,-1487,24,15,25,21,4
1775346312,21,75,0,0,0,0,no_volume,0,0,0,0,no_volume,0,0,0,0,no_volume,0,0,0,0,0,0,11781,2762,-0.6202,17,-960,24,15,25,21,4
1775346313,21,75,0,0,0,0,no_volume,0,0,0,0,no_volume,0,0,0,0,no_volume,0,0,0,0,0,0,11781,2762,-0.6202,27,-1474,24,15,25,21,4
1775346314,21,75,0,0,0,0,no_volume,0,0,0,0,no_volume,0,0,0,0,no_volume,0,0,0,0,0,0,11781,2762,-0.6202,27,-1460,24,15,25,21,4
1775346315,21,75,0,0,0,0,no_volume,0,0,0,0,no_volume,0,0,0,0,no_volume,0,0,0,0,0,0,11781,2762,-0.6202,0,-1474,24,15,25,21,4
1775346316,22,74,0,0,0,0,low_activity,0,0,0,0,low_activity,0,0,0,0,low_activity,7,0,7,7,0,7,11784,2737,-0.623,3,-1471,23,16,26,22,4
1775346317,22,75,0,0,0,0,low_activity,0,0,0,0,low_activity,0,0,0,0,low_activity,0,0,0,7,0,7,11769,2762,-0.6198,-12,-15,24,15,25,22,3
1775346318,22,75,0,0,0,0,low_activity,0,0,0,0,low_activity,0,0,0,0,low_activity,0,0,0,7,0,7,11769,2762,-0.6198,-12,-15,24,15,25,22,3
1775346319,22,75,0,0,0,0,no_volume,0,0,0,0,low_activity,0,0,0,0,low_activity,0,0,0,7,0,7,11769,2762,-0.6198,-15,5,24,15,25,22,3
1775346320,22,75,0,0,0,0,no_volume,0,0,0,0,low_activity,0,0,0,0,low_activity,0,0,0,7,0,7,11769,2762,-0.6198,0,15,24,15,25,22,3
1775346321,22,75,0,0,0,0,no_volume,0,0,0,0,no_volume,0,0,0,0,low_activity,0,0,0,7,0,7,11769,2762,-0.6198,0,15,24,15,25,22,3
1775346322,22,75,0,0,0,0,no_volume,0,0,0,0,no_volume,0,0,0,0,low_activity,0,0,0,7,0,7,11769,2762,-0.6198,0,-12,24,15,25,22,3
1775346323,22,75,0,0,0,0,no_volume,0,0,0,0,no_volume,0,0,0,0,low_activity,0,0,0,7,0,7,11769,2762,-0.6198,0,-12,24,16,25,22,3
1775346324,22,75,0,0,0,0,no_volume,0,0,0,0,no_volume,0,0,0,0,low_activity,0,0,0,7,0,7,11779,2545,-0.6447,10,-2,24,14,25,22,3
1775346325,22,75,0,0,0,0,no_volume,0,0,0,0,no_volume,0,0,0,0,low_activity,0,0,0,7,0,7,11749,2754,-0.6202,-20,-32,24,15,25,22,3
1775346326,22,75,0,0,0,0,no_volume,0,0,0,0,no_volume,0,0,0,0,low_activity,0,0,0,7,0,7,11725,2764,-0.6185,-44,-59,24,16,25,22,3
1775346327,22,75,0,0,0,0,no_volume,0,0,0,0,no_volume,0,0,0,0,low_activity,0,0,0,7,0,7,11725,2764,-0.6185,-54,-44,24,16,25,22,3
1775346328,22,75,0,0,0,0,no_volume,0,0,0,0,no_volume,0,0,0,0,low_activity,0,0,0,7,0,7,11755,2769,-0.6187,6,-14,24,15,25,22,3
1775346329,22,75,0,0,0,0,no_volume,0,0,0,0,no_volume,0,0,0,0,low_activity,0,0,0,7,0,7,11735,2759,-0.6193,10,-34,24,14,25,22,3
1775346330,22,75,0,0,0,0,no_volume,0,0,0,0,no_volume,0,0,0,0,low_activity,0,0,0,7,0,7,11717,2759,-0.6188,-8,-52,24,14,25,22,3
1775346331,22,75,0,0,0,0,no_volume,0,0,0,0,no_volume,0,0,0,0,low_activity,0,0,0,7,0,7,11717,2759,-0.6188,-38,-52,24,14,25,22,3
1775346332,22,75,0,0,0,0,no_volume,0,0,0,0,no_volume,0,0,0,0,low_activity,0,0,0,7,0,7,11717,2759,-0.6188,-18,-52,24,14,25,22,3
1775346333,22,74,0,0,0,0,no_volume,0,0,0,0,no_volume,0,0,0,0,low_activity,0,0,0,7,0,7,11717,2759,-0.6188,0,-52,23,14,26,22,4
1775346334,22,74,0,0,0,0,no_volume,0,0,0,0,no_volume,0,0,0,0,low_activity,0,0,0,7,0,7,11698,2759,-0.6183,-19,-81,24,14,26,22,4
1775346335,22,74,0,0,0,0,no_volume,0,0,0,0,no_volume,0,0,0,0,low_activity,0,0,0,7,0,7,11698,2778,-0.6162,-19,-51,24,14,26,22,4
1775346336,22,74,0,0,0,0,no_volume,0,0,0,0,no_volume,0,0,0,0,low_activity,0,0,0,7,0,7,11698,2778,-0.6162,-19,-27,24,14,26,22,4
1775346337,22,74,0,0,0,0,no_volume,0,0,0,0,no_volume,0,0,0,0,low_activity,0,0,0,7,0,7,11693,2768,-0.6172,-5,-32,25,14,26,22,4
1775346338,22,74,0,0,0,0,no_volume,0,0,0,0,no_volume,0,0,0,0,low_activity,0,0,0,7,0,7,11669,2768,-0.6165,-29,-86,25,14,26,22,4
1775346339,22,74,0,0,0,0,no_volume,0,0,0,0,no_volume,0,0,0,0,low_activity,0,0,0,7,0,7,11695,2768,-0.6172,-3,-40,26,15,26,22,4
1775346340,22,74,0,0,0,0,no_volume,0,0,0,0,no_volume,0,0,0,0,low_activity,0,0,0,7,0,7,11695,2768,-0.6172,2,-22,26,15,26,22,4
1775346341,22,74,0,0,0,0,no_volume,0,0,0,0,no_volume,0,0,0,0,low_activity,0,0,0,7,0,7,11695,2768,-0.6172,26,-22,26,15,26,22,4
1775346342,22,74,0,0,0,0,no_volume,0,0,0,0,no_volume,0,0,0,0,low_activity,0,0,0,7,0,7,11695,2768,-0.6172,0,-22,26,15,26,22,4
1775346343,22,74,0,0,0,0,no_volume,0,0,0,0,no_volume,0,0,0,0,low_activity,0,0,0,7,0,7,11695,2768,-0.6172,0,-22,26,15,26,22,4
1775346344,22,74,0,0,0,0,no_volume,0,0,0,0,no_volume,0,0,0,0,low_activity,0,0,0,7,0,7,11695,2768,-0.6172,0,-3,26,15,26,22,4
1775346345,22,74,0,0,0,0,no_volume,0,0,0,0,no_volume,0,0,0,0,low_activity,0,0,0,7,0,7,11695,2768,-0.6172,0,-3,26,15,26,22,4
1775346346,22,74,0,0,0,0,no_volume,0,0,0,0,no_volume,0,0,0,0,no_volume,0,0,0,7,0,7,11693,2768,-0.6172,-2,-5,25,15,26,22,4
1775346347,22,74,0,0,0,0,no_volume,0,0,0,0,no_volume,0,0,0,0,no_volume,0,0,0,7,0,7,11693,2768,-0.6172,-2,0,25,15,26,22,4
1775346348,22,74,0,0,0,0,no_volume,0,0,0,0,no_volume,0,0,0,0,no_volume,0,0,0,7,0,7,11693,2768,-0.6172,-2,24,25,15,26,22,4
1775346349,22,74,0,0,0,0,no_volume,0,0,0,0,no_volume,0,0,0,0,no_volume,0,0,0,7,0,7,11695,2768,-0.6172,2,0,26,15,26,22,4
1775346350,22,74,0,0,0,0,no_volume,0,0,0,0,no_volume,0,0,0,0,no_volume,0,0,0,7,0,7,11693,2768,-0.6172,0,-2,25,15,26,22,4
1775346351,22,74,0,0,0,0,no_volume,0,0,0,0,no_volume,0,0,0,0,no_volume,0,0,0,7,0,7,11693,2768,-0.6172,0,-2,25,15,26,22,4
1775346352,22,74,0,0,0,0,no_volume,0,0,0,0,no_volume,0,0,0,0,no_volume,0,0,0,7,0,7,11693,2768,-0.6172,-2,-2,25,15,26,22,4
1775346353,22,74,0,0,0,0,no_volume,0,0,0,0,no_volume,0,0,0,0,no_volume,0,0,0,7,0,7,11693,2768,-0.6172,0,-2,25,15,26,22,4
1775346354,22,74,0,0,0,0,no_volume,0,0,0,0,no_volume,0,0,0,0,no_volume,0,0,0,7,0,7,11693,2768,-0.6172,0,-2,25,15,26,22,4
1775346355,25,74,0,0,0,0,no_volume,0,0,0,0,no_volume,0,0,0,0,no_volume,0,0,0,7,0,7,11675,4410,-0.4517,-18,-20,25,14,26,25,1
1775346356,25,74,0,0,0,0,no_volume,0,0,0,0,no_volume,0,0,0,0,no_volume,0,0,0,7,0,7,11704,4407,-0.4529,11,11,26,15,26,25,1
1775346357,25,74,0,0,0,0,no_volume,0,0,0,0,no_volume,0,0,0,0,no_volume,0,0,0,7,0,7,11704,4407,-0.4529,11,11,26,15,26,25,1
1775346358,25,74,0,0,0,0,no_volume,0,0,0,0,no_volume,0,0,0,0,no_volume,0,0,0,7,0,7,16208,8865,-0.2929,4533,4515,28,15,26,25,1
1775346359,25,74,0,0,0,0,no_volume,0,0,0,0,no_volume,0,0,0,0,no_volume,0,0,0,7,0,7,16209,8865,-0.2929,4505,4514,28,15,26,25,1
1775346360,25,74,0,0,0,0,no_volume,0,0,0,0,no_volume,0,0,0,0,no_volume,0,0,0,7,0,7,16209,8865,-0.2929,4505,4516,28,15,26,25,1
1775346361,25,74,0,0,0,0,no_volume,0,0,0,0,no_volume,0,0,0,0,no_volume,0,0,0,7,0,7,16209,8865,-0.2929,1,4516,28,15,26,25,1
1775346362,24,74,0,0,0,0,no_volume,0,0,0,0,no_volume,0,0,0,0,no_volume,0,0,0,7,0,7,16205,6785,-0.4097,-4,4512,27,14,26,24,2
1775346363,24,74,0,0,0,0,no_volume,0,0,0,0,no_volume,0,0,0,0,no_volume,0,0,0,7,0,7,16204,6804,-0.4086,-5,4511,27,14,26,24,2
1775346364,24,74,0,0,0,0,no_volume,0,0,0,0,no_volume,0,0,0,0,no_volume,0,0,0,7,0,7,16203,6828,-0.4071,-6,4510,27,14,26,24,2
1775346365,25,74,0,0,0,0,no_volume,0,0,0,0,no_volume,0,0,0,0,no_volume,0,0,0,7,0,7,16203,6880,-0.4039,-2,4528,27,15,26,25,1
1775346366,25,74,0,0,0,0,no_volume,0,0,0,0,no_volume,0,0,0,0,no_volume,0,0,0,7,0,7,16203,6857,-0.4053,-1,4499,27,15,26,25,1
1775346367,25,74,0,0,0,0,no_volume,0,0,0,0,no_volume,0,0,0,0,no_volume,0,0,0,7,0,7,16203,6857,-0.4053,0,4499,27,15,26,25,1
1775346368,25,74,0,0,0,0,no_volume,0,0,0,0,no_volume,0,0,0,0,no_volume,0,0,0,7,0,7,16203,6857,-0.4053,0,-5,27,15,26,25,1
1775346369,25,74,0,0,0,0,no_volume,0,0,0,0,no_volume,0,0,0,0,no_volume,0,0,0,7,0,7,16203,7257,-0.3813,0,-6,27,16,26,25,1
1775346370,25,74,0,0,0,0,no_volume,0,0,0,0,no_volume,0,0,0,0,no_volume,0,0,0,7,0,7,16216,7257,-0.3817,13,7,27,16,26,25,1
1775346371,25,74,0,0,0,0,no_volume,0,0,0,0,no_volume,0,0,0,0,no_volume,0,0,0,7,0,7,16986,6867,-0.4242,783,777,27,15,26,25,1
1775346372,25,74,0,0,0,0,no_volume,0,0,0,0,no_volume,0,0,0,0,no_volume,0,0,0,7,0,7,16226,8915,-0.2908,23,21,27,15,26,25,1
1775346373,25,74,0,0,0,0,no_volume,0,0,0,0,no_volume,0,0,0,0,no_volume,0,0,0,7,0,7,16226,8905,-0.2913,10,22,27,15,26,25,1
1775346374,25,74,0,0,0,0,no_volume,0,0,0,0,no_volume,0,0,0,0,no_volume,0,0,0,7,0,7,16216,8905,-0.291,-770,13,27,15,26,25,1
1775346375,25,74,0,0,0,0,no_volume,0,0,0,0,no_volume,0,0,0,0,no_volume,0,0,0,7,0,7,16216,8905,-0.291,-10,13,27,15,26,25,1
1775346376,25,74,0,0,0,0,no_volume,0,0,0,0,no_volume,0,0,0,0,no_volume,0,0,0,0,0,0,16216,8905,-0.291,-10,13,27,15,26,25,1
1775346377,25,74,0,0,0,0,no_volume,0,0,0,0,no_volume,0,0,0,0,no_volume,0,0,0,0,0,0,16192,8931,-0.289,-24,-11,26,15,26,25,1
1775346378,25,74,0,0,0,0,no_volume,0,0,0,0,no_volume,0,0,0,0,no_volume,0,0,0,0,0,0,16192,8931,-0.289,-24,-11,26,15,26,25,1
1775346379,25,74,0,0,0,0,no_volume,0,0,0,0,no_volume,0,0,0,0,no_volume,0,0,0,0,0,0,16192,8931,-0.289,-24,-11,26,15,26,25,1
1775346380,25,74,0,0,0,0,no_volume,0,0,0,0,no_volume,0,0,0,0,no_volume,0,0,0,0,0,0,16192,8931,-0.289,0,-24,26,15,26,25,1
1775346381,25,74,0,0,0,0,no_volume,0,0,0,0,no_volume,0,0,0,0,no_volume,0,0,0,0,0,0,16192,8931,-0.289,0,-794,26,15,26,25,1
1775346382,25,74,0,0,0,0,no_volume,0,0,0,0,no_volume,0,0,0,0,no_volume,0,0,0,0,0,0,16218,8931,-0.2898,26,-8,26,15,26,25,1
1775346383,25,74,0,0,0,0,no_volume,0,0,0,0,no_volume,0,0,0,0,no_volume,0,0,0,0,0,0,16218,8931,-0.2898,26,-8,26,15,26,25,1
1775346384,25,74,0,0,0,0,no_volume,0,0,0,0,no_volume,0,0,0,0,no_volume,0,0,0,0,0,0,16218,8931,-0.2898,26,2,26,15,26,25,1
1775346385,25,74,0,0,0,0,no_volume,0,0,0,0,no_volume,0,0,0,0,no_volume,0,0,0,0,0,0,16218,8931,-0.2898,0,2,26,15,26,25,1
1775346386,25,74,0,0,0,0,no_volume,0,0,0,0,no_volume,0,0,0,0,no_volume,0,0,0,0,0,0,16218,8931,-0.2898,0,2,26,15,26,25,1
1775346387,25,74,0,0,0,0,no_volume,0,0,0,0,no_volume,0,0,0,0,no_volume,0,0,0,0,0,0,16199,8931,-0.2892,-19,7,26,15,26,25,1
1775346388,25,74,0,0,0,0,no_volume,0,0,0,0,no_volume,0,0,0,0,no_volume,0,0,0,0,0,0,16199,8931,-0.2892,-19,7,26,15,26,25,1
1775346389,25,74,0,0,0,0,no_volume,0,0,0,0,no_volume,0,0,0,0,no_volume,0,0,0,0,0,0,16199,8930,-0.2893,-19,7,26,14,26,25,1
1775346390,25,74,0,0,0,0,no_volume,0,0,0,0,no_volume,0,0,0,0,no_volume,0,0,0,0,0,0,16199,8930,-0.2893,0,7,26,14,26,25,1
1775346391,25,74,0,0,0,0,no_volume,0,0,0,0,no_volume,0,0,0,0,no_volume,0,0,0,0,0,0,16212,6830,-0.4072,13,20,27,14,26,25,1
1775346392,25,74,0,0,0,0,no_volume,0,0,0,0,no_volume,0,0,0,0,no_volume,0,0,0,0,0,0,16208,6831,-0.407,9,-10,26,14,26,25,1
1775346393,25,74,0,0,0,0,no_volume,0,0,0,0,no_volume,0,0,0,0,no_volume,0,0,0,0,0,0,16208,6831,-0.407,9,-10,26,14,26,25,1
1775346394,25,74,0,0,0,0,no_volume,0,0,0,0,no_volume,0,0,0,0,no_volume,0,0,0,0,0,0,16208,8758,-0.2984,-4,-10,26,14,26,25,1
1775346395,25,74,0,0,0,0,no_volume,0,0,0,0,no_volume,0,0,0,0,no_volume,0,0,0,0,0,0,16208,8758,-0.2984,0,-10,26,14,26,25,1
1775346396,25,74,0,0,0,0,no_volume,0,0,0,0,no_volume,0,0,0,0,no_volume,0,0,0,0,0,0,16208,8758,-0.2984,0,-10,26,14,26,25,1
1775346397,25,74,0,0,0,0,no_volume,0,0,0,0,no_volume,0,0,0,0,no_volume,0,0,0,0,0,0,16208,8758,-0.2984,0,9,26,14,26,25,1
1775346398,25,74,0,0,0,0,no_volume,0,0,0,0,no_volume,0,0,0,0,no_volume,0,0,0,0,0,0,16208,8758,-0.2984,0,9,26,14,26,25,1
1775346399,25,74,0,0,0,0,no_volume,0,0,0,0,no_volume,0,0,0,0,no_volume,0,0,0,0,0,0,16208,8758,-0.2984,0,9,26,14,26,25,1
1775346400,25,74,0,0,0,0,no_volume,0,0,0,0,no_volume,0,0,0,0,no_volume,0,0,0,0,0,0,16208,8758,-0.2984,0,9,26,14,26,25,1
1775346401,25,74,0,0,0,0,no_volume,0,0,0,0,no_volume,0,0,0,0,no_volume,0,0,0,0,0,0,16184,8758,-0.2977,-24,-28,25,14,26,25,1
1775346402,25,74,0,0,0,0,no_volume,0,0,0,0,no_volume,0,0,0,0,no_volume,0,0,0,0,0,0,16116,8734,-0.2971,-92,-92,24,13,26,25,1
1775346403,25,74,0,0,0,0,no_volume,0,0,0,0,no_volume,0,0,0,0,no_volume,0,0,0,0,0,0,16116,8734,-0.2971,-92,-92,24,13,26,25,1
1775346404,25,74,0,0,0,0,no_volume,0,0,0,0,no_volume,0,0,0,0,no_volume,0,0,0,0,0,0,16116,8734,-0.2971,-68,-92,24,13,26,25,1
1775346405,25,74,0,0,0,0,no_volume,0,0,0,0,no_volume,0,0,0,0,no_volume,0,0,0,0,0,0,16927,10826,-0.2198,811,719,25,14,26,25,1
1775346406,25,74,0,0,0,0,no_volume,0,0,0,0,no_volume,0,0,0,0,no_volume,0,0,0,0,0,0,16927,10826,-0.2198,811,719,25,14,26,25,1
1775346407,25,74,0,0,0,0,no_volume,0,0,0,0,no_volume,0,0,0,0,no_volume,0,0,0,0,0,0,16927,10826,-0.2198,811,719,25,14,26,25,1
1775346408,25,74,0,0,0,0,no_volume,0,0,0,0,no_volume,0,0,0,0,no_volume,0,0,0,0,0,0,16927,10826,-0.2198,0,719,25,14,26,25,1
1775346409,25,74,0,0,0,0,no_volume,0,0,0,0,no_volume,0,0,0,0,no_volume,0,0,0,0,0,0,16927,10826,-0.2198,0,719,25,14,26,25,1
1775346410,25,74,0,0,0,0,no_volume,0,0,0,0,no_volume,0,0,0,0,no_volume,0,0,0,0,0,0,16927,10826,-0.2198,0,719,25,14,26,25,1
1775346411,25,74,0,0,0,0,no_volume,0,0,0,0,no_volume,0,0,0,0,no_volume,0,0,0,0,0,0,16167,10799,-0.1991,-760,-17,25,14,26,25,1
1775346412,25,74,0,0,0,0,no_volume,0,0,0,0,no_volume,0,0,0,0,no_volume,0,0,0,0,0,0,16167,10799,-0.1991,-760,51,25,14,26,25,1
1775346413,25,74,0,0,0,0,no_volume,0,0,0,0,no_volume,0,0,0,0,no_volume,0,0,0,0,0,0,16167,10799,-0.1991,-760,51,25,14,26,25,1
1775346414,25,74,0,0,0,0,no_volume,0,0,0,0,no_volume,0,0,0,0,no_volume,0,0,0,0,0,0,16167,10799,-0.1991,0,51,25,14,26,25,1
1775346415,25,74,0,0,0,0,no_volume,0,0,0,0,no_volume,0,0,0,0,no_volume,0,0,0,0,0,0,16167,10799,-0.1991,0,-760,25,14,26,25,1
1775346416,25,74,0,0,0,0,no_volume,0,0,0,0,no_volume,0,0,0,0,no_volume,0,0,0,0,0,0,16167,10825,-0.1979,0,-760,25,14,26,25,1
1775346417,25,74,0,0,0,0,no_volume,0,0,0,0,no_volume,0,0,0,0,no_volume,0,0,0,0,0,0,16167,10825,-0.1979,0,-760,25,14,26,25,1
1775346418,25,74,0,0,0,0,no_volume,0,0,0,0,no_volume,0,0,0,0,no_volume,0,0,0,0,0,0,16196,10825,-0.1988,29,-731,25,14,26,25,1
1775346419,25,74,0,0,0,0,no_volume,0,0,0,0,no_volume,0,0,0,0,no_volume,0,0,0,0,0,0,16206,10825,-0.1991,39,-721,25,14,26,25,1
1775346420,25,74,0,0,0,0,no_volume,0,0,0,0,no_volume,0,0,0,0,no_volume,0,0,0,0,0,0,16206,10825,-0.1991,39,-721,25,15,26,25,1
1775346421,25,74,0,0,0,0,no_volume,0,0,0,0,no_volume,0,0,0,0,no_volume,0,0,0,0,0,0,16206,10825,-0.1991,10,39,25,15,26,25,1
1775346422,25,74,0,0,0,0,no_volume,0,0,0,0,no_volume,0,0,0,0,no_volume,0,0,0,0,0,0,16206,10825,-0.1991,0,39,25,15,26,25,1
1775346423,25,74,0,0,0,0,no_volume,0,0,0,0,no_volume,0,0,0,0,no_volume,0,0,0,0,0,0,15974,11605,-0.1584,-232,-193,24,15,26,25,1
1775346424,25,74,0,0,0,0,no_volume,0,0,0,0,no_volume,0,0,0,0,no_volume,0,0,0,0,0,0,15974,11605,-0.1584,-232,-193,24,15,26,25,1
1775346425,25,74,0,0,0,0,no_volume,0,0,0,0,no_volume,0,0,0,0,no_volume,0,0,0,0,0,0,15974,11605,-0.1584,-232,-193,24,15,26,25,1
1775346426,25,74,0,0,0,0,no_volume,0,0,0,0,no_volume,0,0,0,0,no_volume,0,0,0,0,0,0,15974,11605,-0.1584,0,-193,24,15,26,25,1
1775346427,25,74,0,0,0,0,no_volume,0,0,0,0,no_volume,0,0,0,0,no_volume,0,0,0,0,0,0,16209,11588,-0.1662,235,42,25,14,26,25,1
1775346428,25,74,0,0,0,0,no_volume,0,0,0,0,no_volume,0,0,0,0,no_volume,0,0,0,0,0,0,16209,11588,-0.1662,235,13,25,14,26,25,1
1775346429,25,74,0,0,0,0,no_volume,0,0,0,0,no_volume,0,0,0,0,no_volume,0,0,0,0,0,0,16987,11603,-0.1883,1013,781,26,14,26,25,1
1775346430,25,74,0,0,0,0,no_volume,0,0,0,0,no_volume,0,0,0,0,no_volume,0,0,0,0,0,0,16987,11603,-0.1883,778,781,26,14,26,25,1
1775346431,25,74,0,0,0,0,no_volume,0,0,0,0,no_volume,0,0,0,0,no_volume,0,0,0,0,0,0,16987,11603,-0.1883,778,781,26,14,26,25,1
1775346432,25,74,0,0,0,0,no_volume,0,0,0,0,no_volume,0,0,0,0,no_volume,0,0,0,0,0,0,16987,11603,-0.1883,0,781,26,14,26,25,1
1775346433,25,74,0,0,0,0,no_volume,0,0,0,0,no_volume,0,0,0,0,no_volume,0,0,0,0,0,0,17076,11603,-0.1908,89,1102,26,14,26,25,1
1775346434,25,74,0,0,0,0,no_volume,0,0,0,0,no_volume,0,0,0,0,no_volume,0,0,0,0,0,0,17057,11603,-0.1903,70,1083,26,14,26,25,1
1775346435,25,74,0,0,0,0,no_volume,0,0,0,0,no_volume,0,0,0,0,no_volume,0,0,0,0,0,0,17057,11603,-0.1903,70,1083,26,14,26,25,1
1775346436,25,74,0,0,0,0,no_volume,0,0,0,0,no_volume,0,0,0,0,no_volume,0,0,0,0,0,0,16948,11603,-0.1872,-128,974,26,14,26,25,1
1775346437,25,74,0,0,0,0,no_volume,0,0,0,0,no_volume,0,0,0,0,no_volume,0,0,0,0,0,0,17057,11603,-0.1903,0,848,26,14,26,25,1
1775346438,25,74,0,0,0,0,no_volume,0,0,0,0,no_volume,0,0,0,0,no_volume,0,0,0,0,0,0,17057,11603,-0.1903,0,848,26,14,26,25,1
1775346439,25,74,0,0,0,0,no_volume,0,0,0,0,no_volume,0,0,0,0,no_volume,0,0,0,0,0,0,17057,11603,-0.1903,109,70,26,14,26,25,1
1775346440,25,74,0,0,0,0,no_volume,0,0,0,0,no_volume,0,0,0,0,no_volume,0,0,0,0,0,0,17057,11603,-0.1903,0,70,26,14,26,25,1
1775346441,25,74,0,0,0,0,no_volume,0,0,0,0,no_volume,0,0,0,0,no_volume,0,0,0,0,0,0,12578,7124,-0.2768,-4479,-4409,25,13,26,25,1
1775346442,25,74,0,0,0,0,no_volume,0,0,0,0,no_volume,0,0,0,0,no_volume,0,0,0,0,0,0,12578,7124,-0.2768,-4479,-4409,25,13,26,25,1
1775346443,25,74,0,0,0,0,no_volume,0,0,0,0,no_volume,0,0,0,0,no_volume,0,0,0,0,0,0,12578,7124,-0.2768,-4479,-4498,25,13,26,25,1
1775346444,25,74,0,0,0,0,no_volume,0,0,0,0,no_volume,0,0,0,0,no_volume,0,0,0,0,0,0,12589,6827,-0.2968,11,-4468,24,13,26,25,1
1775346445,25,74,0,0,0,0,no_volume,0,0,0,0,no_volume,0,0,0,0,no_volume,0,0,0,0,0,0,12589,6827,-0.2968,11,-4468,24,13,26,25,1
1775346446,25,74,0,0,0,0,no_volume,0,0,0,0,no_volume,0,0,0,0,no_volume,0,0,0,0,0,0,12589,6827,-0.2968,11,-4359,24,13,26,25,1
1775346447,25,74,0,0,0,0,no_volume,0,0,0,0,no_volume,0,0,0,0,no_volume,0,0,0,0,0,0,12582,7103,-0.2783,-7,-4475,24,14,26,25,1
1775346448,25,74,0,0,0,0,no_volume,0,0,0,0,no_volume,0,0,0,0,no_volume,0,0,0,0,0,0,12582,7103,-0.2783,-7,-4475,24,14,26,25,1
1775346449,25,74,0,0,0,0,no_volume,0,0,0,0,no_volume,0,0,0,0,no_volume,0,0,0,0,0,0,12642,7103,-0.2805,53,-4415,24,14,26,25,1
1775346450,25,74,0,0,0,0,no_volume,0,0,0,0,no_volume,0,0,0,0,no_volume,0,0,0,0,0,0,12642,7103,-0.2805,60,-4415,25,14,26,25,1
1775346451,25,74,0,0,0,0,no_volume,0,0,0,0,no_volume,0,0,0,0,no_volume,0,0,0,0,0,0,12642,7103,-0.2805,60,64,25,14,26,25,1
1775346452,25,74,0,0,0,0,no_volume,0,0,0,0,no_volume,0,0,0,0,no_volume,0,0,0,0,0,0,12642,7103,-0.2805,0,64,25,14,26,25,1
1775346453,25,74,0,0,0,0,no_volume,0,0,0,0,no_volume,0,0,0,0,no_volume,0,0,0,0,0,0,12642,7103,-0.2805,0,64,25,14,26,25,1
1775346454,25,74,0,0,0,0,no_volume,0,0,0,0,no_volume,0,0,0,0,no_volume,0,0,0,0,0,0,17121,11582,-0.193,4479,4532,26,15,26,25,1
1775346455,25,74,0,0,0,0,no_volume,0,0,0,0,no_volume,0,0,0,0,no_volume,0,0,0,0,0,0,17121,11582,-0.193,4479,4532,26,15,26,25,1
1775346456,25,74,0,0,0,0,no_volume,0,0,0,0,no_volume,0,0,0,0,no_volume,0,0,0,0,0,0,17111,11582,-0.1927,4469,4522,26,15,26,25,1
1775346457,25,74,0,0,0,0,no_volume,0,0,0,0,no_volume,0,0,0,0,no_volume,0,0,0,0,0,0,17111,7732,-0.3775,-10,4529,26,15,26,25,1
1775346458,25,74,0,0,0,0,no_volume,0,0,0,0,no_volume,0,0,0,0,no_volume,0,0,0,0,0,0,16922,7734,-0.3726,-199,4340,26,16,26,25,1
1775346459,25,74,0,0,0,0,no_volume,0,0,0,0,no_volume,0,0,0,0,no_volume,0,0,0,0,0,0,16922,7584,-0.381,-189,4280,26,15,26,25,1
1775346460,25,74,0,0,0,0,no_volume,0,0,0,0,no_volume,0,0,0,0,no_volume,0,0,0,0,0,0,16921,7610,-0.3796,-190,4279,26,16,26,25,1
1775346461,25,74,0,0,0,0,no_volume,0,0,0,0,no_volume,0,0,0,0,no_volume,0,0,0,0,0,0,17071,7586,-0.3847,149,4429,26,16,26,25,1
1775346462,25,74,0,0,0,0,no_volume,0,0,0,0,no_volume,0,0,0,0,no_volume,0,0,0,0,0,0,17071,7586,-0.3847,149,4429,26,16,26,25,1
1775346463,25,74,0,0,0,0,no_volume,0,0,0,0,no_volume,0,0,0,0,no_volume,0,0,0,0,0,0,17061,7536,-0.3872,140,4419,26,14,26,25,1
1775346464,25,74,0,0,0,0,no_volume,0,0,0,0,no_volume,0,0,0,0,no_volume,0,0,0,0,0,0,17061,7586,-0.3844,-10,-60,26,16,26,25,1
1775346465,25,74,0,0,0,0,no_volume,0,0,0,0,no_volume,0,0,0,0,no_volume,0,0,0,0,0,0,17061,7581,-0.3847,-10,-60,26,15,26,25,1
1775346466,25,74,0,0,0,0,no_volume,0,0,0,0,no_volume,0,0,0,0,no_volume,0,0,0,0,0,0,17061,6854,-0.4268,0,-50,26,16,26,25,1
1775346467,25,74,0,0,0,0,no_volume,0,0,0,0,no_volume,0,0,0,0,no_volume,0,0,0,0,0,0,17061,7614,-0.3829,0,-50,26,16,26,25,1
1775346468,25,74,0,0,0,0,no_volume,0,0,0,0,no_volume,0,0,0,0,no_volume,0,0,0,0,0,0,17061,7585,-0.3845,0,139,26,15,26,25,1
1775346469,25,74,0,0,0,0,no_volume,0,0,0,0,no_volume,0,0,0,0,no_volume,0,0,0,0,0,0,16301,6800,-0.4113,-760,-621,26,15,26,25,1
1775346470,25,74,0,0,0,0,no_volume,0,0,0,0,no_volume,0,0,0,0,no_volume,0,0,0,0,0,0,16301,6820,-0.4101,-760,-620,26,16,26,25,1
1775346471,25,74,0,0,0,0,no_volume,0,0,0,0,no_volume,0,0,0,0,no_volume,0,0,0,0,0,0,16301,6819,-0.4101,-760,-770,26,15,26,25,1
1775346472,25,74,0,0,0,0,no_volume,0,0,0,0,no_volume,0,0,0,0,no_volume,0,0,0,0,0,0,11784,2726,-0.6243,-4517,-5287,25,14,26,25,1
1775346473,25,74,0,0,0,0,no_volume,0,0,0,0,no_volume,0,0,0,0,no_volume,0,0,0,0,0,0,11784,2726,-0.6243,-4517,-5277,25,14,26,25,1
1775346474,25,74,0,0,0,0,no_volume,0,0,0,0,no_volume,0,0,0,0,no_volume,0,0,0,0,0,0,11784,2726,-0.6243,-4517,-5277,25,14,26,25,1
1775346475,25,74,0,0,0,0,no_volume,0,0,0,0,no_volume,0,0,0,0,no_volume,0,0,0,0,0,0,11784,2753,-0.6212,0,-5277,25,15,26,25,1
1775346476,25,74,0,0,0,0,no_volume,0,0,0,0,no_volume,0,0,0,0,no_volume,0,0,0,0,0,0,16263,9221,-0.2763,4479,-798,26,17,26,25,1
1775346477,25,74,0,0,0,0,no_volume,0,0,0,0,no_volume,0,0,0,0,no_volume,0,0,0,0,0,0,16213,8821,-0.2953,4429,-848,26,16,26,25,1
1775346478,25,74,0,0,0,0,no_volume,0,0,0,0,no_volume,0,0,0,0,no_volume,0,0,0,0,0,0,16213,8821,-0.2953,4429,-848,26,16,26,25,1
1775346479,25,74,0,0,0,0,no_volume,0,0,0,0,no_volume,0,0,0,0,no_volume,0,0,0,0,0,0,16293,8821,-0.2975,30,-8,26,16,26,25,1
1775346480,25,74,0,0,0,0,no_volume,0,0,0,0,no_volume,0,0,0,0,no_volume,0,0,0,0,0,0,16323,8769,-0.3011,110,22,26,14,26,25,1
1775346481,25,74,0,0,0,0,no_volume,0,0,0,0,no_volume,0,0,0,0,no_volume,0,0,0,0,0,0,16273,8769,-0.2997,60,-28,26,14,26,25,1
1775346482,25,74,0,0,0,0,no_volume,0,0,0,0,no_volume,0,0,0,0,no_volume,0,0,0,0,0,0,16273,8769,-0.2997,-20,4489,26,14,26,25,1
1775346483,25,74,0,0,0,0,no_volume,0,0,0,0,no_volume,0,0,0,0,no_volume,0,0,0,0,0,0,16273,8769,-0.2997,-50,4489,26,14,26,25,1
1775346484,25,74,0,0,0,0,no_volume,0,0,0,0,no_volume,0,0,0,0,no_volume,0,0,0,0,0,0,16273,8769,-0.2997,0,4489,26,14,26,25,1
1775346485,25,74,0,0,0,0,no_volume,0,0,0,0,no_volume,0,0,0,0,no_volume,0,0,0,0,0,0,16273,8769,-0.2997,0,4489,26,14,26,25,1
1775346486,25,74,0,0,0,0,no_volume,0,0,0,0,no_volume,0,0,0,0,no_volume,0,0,0,0,0,0,16273,8769,-0.2997,0,10,26,14,26,25,1
1775346487,25,74,0,0,0,0,no_volume,0,0,0,0,no_volume,0,0,0,0,no_volume,0,0,0,0,0,0,16273,8832,-0.2964,0,60,26,15,26,25,1
1775346488,25,74,0,0,0,0,no_volume,0,0,0,0,no_volume,0,0,0,0,no_volume,0,0,0,0,0,0,16333,8832,-0.2981,60,120,26,15,26,25,1
1775346489,25,74,0,0,0,0,no_volume,0,0,0,0,no_volume,0,0,0,0,no_volume,0,0,0,0,0,0,16333,8832,-0.2981,60,40,26,15,26,25,1
1775346490,25,74,0,0,0,0,no_volume,0,0,0,0,no_volume,0,0,0,0,no_volume,0,0,0,0,0,0,16333,8832,-0.2981,60,10,26,15,26,25,1
1775346491,25,74,0,0,0,0,no_volume,0,0,0,0,no_volume,0,0,0,0,no_volume,0,0,0,0,0,0,16333,8832,-0.2981,0,60,26,15,26,25,1
1775346492,25,74,0,0,0,0,no_volume,0,0,0,0,no_volume,0,0,0,0,no_volume,0,0,0,0,0,0,16333,8832,-0.2981,0,60,26,15,26,25,1
1775346493,25,74,0,0,0,0,no_volume,0,0,0,0,no_volume,0,0,0,0,no_volume,0,0,0,0,0,0,16333,8832,-0.2981,0,60,26,15,26,25,1
1775346494,25,74,0,0,0,0,no_volume,0,0,0,0,no_volume,0,0,0,0,no_volume,0,0,0,0,0,0,16309,8832,-0.2974,-24,36,26,15,26,25,1
1775346495,25,74,0,0,0,0,no_volume,0,0,0,0,no_volume,0,0,0,0,no_volume,0,0,0,0,0,0,16309,8832,-0.2974,-24,36,26,15,26,25,1
1775346496,25,74,0,0,0,0,no_volume,0,0,0,0,no_volume,0,0,0,0,no_volume,0,0,0,0,0,0,16334,9593,-0.26,1,61,26,15,26,25,1
1775346497,25,74,0,0,0,0,no_volume,0,0,0,0,no_volume,0,0,0,0,no_volume,0,0,0,0,0,0,16274,9593,-0.2583,-35,1,26,15,26,25,1
1775346498,25,74,0,0,0,0,no_volume,0,0,0,0,no_volume,0,0,0,0,no_volume,0,0,0,0,0,0,16274,9593,-0.2583,-35,-59,26,15,26,25,1
1775346499,25,74,0,0,0,0,no_volume,0,0,0,0,no_volume,0,0,0,0,no_volume,0,0,0,0,0,0,16274,9593,-0.2583,-60,-59,26,15,26,25,1
1775346500,25,74,0,0,0,0,no_volume,0,0,0,0,no_volume,0,0,0,0,no_volume,0,0,0,0,0,0,16274,9593,-0.2583,0,-59,26,14,26,25,1
1775346501,25,74,0,0,0,0,no_volume,0,0,0,0,no_volume,0,0,0,0,no_volume,0,0,0,0,0,0,17055,9593,-0.28,781,722,26,14,26,25,1
1775346502,25,74,0,0,0,0,no_volume,0,0,0,0,no_volume,0,0,0,0,no_volume,0,0,0,0,0,0,17005,9593,-0.2787,731,672,26,14,26,25,1
1775346503,25,74,0,0,0,0,no_volume,0,0,0,0,no_volume,0,0,0,0,no_volume,0,0,0,0,0,0,17005,9593,-0.2787,731,672,26,14,26,25,1
1775346504,25,74,0,0,0,0,no_volume,0,0,0,0,no_volume,0,0,0,0,no_volume,0,0,0,0,0,0,17005,9593,-0.2787,-50,696,26,14,26,25,1
1775346505,25,74,0,0,0,0,no_volume,0,0,0,0,no_volume,0,0,0,0,no_volume,0,0,0,0,0,0,17005,9593,-0.2787,0,696,26,14,26,25,1
1775346506,25,74,0,0,0,0,no_volume,0,0,0,0,no_volume,0,0,0,0,no_volume,0,0,0,0,0,0,17005,9593,-0.2787,0,671,26,14,26,25,1
1775346507,25,74,0,0,0,0,no_volume,0,0,0,0,no_volume,0,0,0,0,no_volume,0,0,0,0,0,0,17005,9593,-0.2787,0,731,26,14,26,25,1
1775346508,25,74,0,0,0,0,no_volume,0,0,0,0,no_volume,0,0,0,0,no_volume,0,0,0,0,0,0,17005,9593,-0.2787,0,731,26,14,26,25,1
1775346509,25,74,0,0,0,0,no_volume,0,0,0,0,no_volume,0,0,0,0,no_volume,0,0,0,0,0,0,17005,9593,-0.2787,0,731,26,14,26,25,1
1775346510,25,74,0,0,0,0,no_volume,0,0,0,0,no_volume,0,0,0,0,no_volume,0,0,0,0,0,0,17005,9593,-0.2787,0,731,26,14,26,25,1
1775346511,25,74,0,0,0,0,no_volume,0,0,0,0,no_volume,0,0,0,0,no_volume,0,0,0,0,0,0,17005,9593,-0.2787,0,-50,26,14,26,25,1
1775346512,25,74,0,0,0,0,no_volume,0,0,0,0,no_volume,0,0,0,0,no_volume,0,0,0,0,0,0,17005,9593,-0.2787,0,0,26,14,26,25,1
1775346513,25,74,0,0,0,0,no_volume,0,0,0,0,no_volume,0,0,0,0,no_volume,0,0,0,0,0,0,17005,9593,-0.2787,0,0,26,14,26,25,1
1775346514,25,74,0,0,0,0,no_volume,0,0,0,0,no_volume,0,0,0,0,no_volume,0,0,0,0,0,0,17005,9593,-0.2787,0,0,26,14,26,25,1
1775346515,25,74,0,0,0,0,no_volume,0,0,0,0,no_volume,0,0,0,0,no_volume,0,0,0,0,0,0,17005,9593,-0.2787,0,0,26,14,26,25,1
1775346516,25,74,0,0,0,0,no_volume,0,0,0,0,no_volume,0,0,0,0,no_volume,0,0,0,0,0,0,17005,9593,-0.2787,0,0,26,14,26,25,1
1775346517,25,74,0,0,0,0,no_volume,0,0,0,0,no_volume,0,0,0,0,no_volume,0,0,0,0,0,0,17005,9593,-0.2787,0,0,26,14,26,25,1
1775346518,25,74,0,0,0,0,no_volume,0,0,0,0,no_volume,0,0,0,0,no_volume,0,0,0,0,0,0,17005,9577,-0.2794,0,0,26,14,26,25,1
1775346519,25,74,0,0,0,0,no_volume,0,0,0,0,no_volume,0,0,0,0,no_volume,0,0,0,0,0,0,17094,9596,-0.2809,89,89,25,14,26,25,1
1775346520,25,74,0,0,0,0,no_volume,0,0,0,0,no_volume,0,0,0,0,no_volume,0,0,0,0,0,0,17084,9615,-0.2797,79,79,25,14,26,25,1
1775346521,25,74,0,0,0,0,no_volume,0,0,0,0,no_volume,0,0,0,0,no_volume,0,0,0,0,0,0,17014,9615,-0.2779,9,9,25,14,26,25,1
1775346522,25,74,0,0,0,0,no_volume,0,0,0,0,no_volume,0,0,0,0,no_volume,0,0,0,0,0,0,17014,9615,-0.2779,-80,9,25,14,26,25,1
1775346523,25,74,0,0,0,0,no_volume,0,0,0,0,no_volume,0,0,0,0,no_volume,0,0,0,0,0,0,17004,9615,-0.2776,-80,-1,25,14,26,25,1
1775346524,25,74,0,0,0,0,no_volume,0,0,0,0,no_volume,0,0,0,0,no_volume,0,0,0,0,0,0,17004,9615,-0.2776,-10,-1,25,14,26,25,1
1775346525,25,74,0,0,0,0,no_volume,0,0,0,0,no_volume,0,0,0,0,no_volume,0,0,0,0,0,0,17004,9615,-0.2776,-10,-1,25,14,26,25,1
1775346526,25,74,0,0,0,0,no_volume,0,0,0,0,no_volume,0,0,0,0,no_volume,0,0,0,0,0,0,17004,9615,-0.2776,0,-1,25,14,26,25,1
1775346527,25,74,0,0,0,0,no_volume,0,0,0,0,no_volume,0,0,0,0,no_volume,0,0,0,0,0,0,17004,9615,-0.2776,0,-1,25,14,26,25,1
1775346528,25,74,0,0,0,0,no_volume,0,0,0,0,no_volume,0,0,0,0,no_volume,0,0,0,0,0,0,17004,9615,-0.2776,0,-1,25,14,26,25,1
1775346529,25,74,0,0,0,0,no_volume,0,0,0,0,no_volume,0,0,0,0,no_volume,0,0,0,0,0,0,17004,9615,-0.2776,0,-90,25,14,26,25,1
1775346530,25,74,0,0,0,0,no_volume,0,0,0,0,no_volume,0,0,0,0,no_volume,0,0,0,0,0,0,17004,9615,-0.2776,0,-80,25,14,26,25,1
1775346531,25,74,0,0,0,0,no_volume,0,0,0,0,no_volume,0,0,0,0,no_volume,0,0,0,0,0,0,17004,9615,-0.2776,0,-10,25,14,26,25,1
1775346532,25,74,0,0,0,0,no_volume,0,0,0,0,no_volume,0,0,0,0,no_volume,0,0,0,0,0,0,17004,9615,-0.2776,0,-10,25,14,26,25,1
1775346533,25,74,0,0,0,0,no_volume,0,0,0,0,no_volume,0,0,0,0,no_volume,0,0,0,0,0,0,17004,9615,-0.2776,0,0,25,14,26,25,1
1775346534,25,74,0,0,0,0,no_volume,0,0,0,0,no_volume,0,0,0,0,no_volume,0,0,0,0,0,0,17004,9615,-0.2776,0,0,25,14,26,25,1
1775346535,25,74,0,0,0,0,no_volume,0,0,0,0,no_volume,0,0,0,0,no_volume,0,0,0,0,0,0,17004,9615,-0.2776,0,0,25,14,26,25,1
1775346536,25,74,0,0,0,0,no_volume,0,0,0,0,no_volume,0,0,0,0,no_volume,0,0,0,0,0,0,17004,9615,-0.2776,0,0,25,14,26,25,1
1775346537,25,74,0,0,0,0,no_volume,0,0,0,0,no_volume,0,0,0,0,no_volume,0,0,0,0,0,0,17004,9615,-0.2776,0,0,25,14,26,25,1
1775346538,25,74,0,0,0,0,no_volume,0,0,0,0,no_volume,0,0,0,0,no_volume,0,0,0,0,0,0,17004,9615,-0.2776,0,0,25,14,26,25,1
1775346539,25,74,0,0,0,0,no_volume,0,0,0,0,no_volume,0,0,0,0,no_volume,0,0,0,0,0,0,17004,9615,-0.2776,0,0,25,14,26,25,1
1775346540,25,74,0,0,0,0,no_volume,0,0,0,0,no_volume,0,0,0,0,no_volume,0,0,0,0,0,0,17004,9615,-0.2776,0,0,25,14,26,25,1
1775346541,25,74,0,0,0,0,no_volume,0,0,0,0,no_volume,0,0,0,0,no_volume,0,0,0,0,0,0,17004,9615,-0.2776,0,0,25,14,26,25,1
1775346542,25,74,0,0,0,0,no_volume,0,0,0,0,no_volume,0,0,0,0,no_volume,0,0,0,0,0,0,17004,9615,-0.2776,0,0,25,14,26,25,1
1775346543,25,74,0,0,0,0,no_volume,0,0,0,0,no_volume,0,0,0,0,no_volume,0,0,0,0,0,0,17004,6842,-0.4262,0,0,25,14,26,25,1
1775346544,25,74,0,0,0,0,no_volume,0,0,0,0,no_volume,0,0,0,0,no_volume,0,0,0,0,0,0,17004,7584,-0.3831,0,0,25,14,26,25,1
1775346545,25,74,0,0,0,0,no_volume,0,0,0,0,no_volume,0,0,0,0,no_volume,0,0,0,0,0,0,17004,7584,-0.3831,0,0,25,14,26,25,1
1775346546,25,74,0,0,0,0,no_volume,0,0,0,0,no_volume,0,0,0,0,no_volume,0,0,0,0,0,0,17004,7584,-0.3831,0,0,25,14,26,25,1
1775346547,25,74,0,0,0,0,no_volume,0,0,0,0,no_volume,0,0,0,0,no_volume,0,0,0,0,0,0,17004,6842,-0.4262,0,0,25,14,26,25,1
1775346548,25,74,0,0,0,0,no_volume,0,0,0,0,no_volume,0,0,0,0,no_volume,0,0,0,0,0,0,17004,6842,-0.4262,0,0,25,14,26,25,1
1775346549,25,74,0,0,0,0,no_volume,0,0,0,0,no_volume,0,0,0,0,no_volume,0,0,0,0,0,0,17004,6842,-0.4262,0,0,25,14,26,25,1
1775346550,25,74,0,0,0,0,no_volume,0,0,0,0,no_volume,0,0,0,0,no_volume,0,0,0,0,0,0,17004,6842,-0.4262,0,0,25,14,26,25,1
1775346551,25,74,0,0,0,0,no_volume,0,0,0,0,no_volume,0,0,0,0,no_volume,0,0,0,0,0,0,17004,6842,-0.4262,0,0,25,14,26,25,1
1775346552,25,74,0,0,0,0,no_volume,0,0,0,0,no_volume,0,0,0,0,no_volume,0,0,0,0,0,0,17004,7603,-0.382,0,0,25,15,26,25,1
1775346553,25,74,0,0,0,0,no_volume,0,0,0,0,no_volume,0,0,0,0,no_volume,0,0,0,0,0,0,17004,9668,-0.275,0,0,25,14,26,25,1
1775346554,25,74,0,0,0,0,no_volume,0,0,0,0,no_volume,0,0,0,0,no_volume,0,0,0,0,0,0,16243,8923,-0.2909,-761,-761,25,15,26,25,1
1775346555,25,74,0,0,0,0,no_volume,0,0,0,0,no_volume,0,0,0,0,no_volume,0,0,0,0,0,0,16243,8880,-0.2931,-761,-761,25,14,26,25,1
1775346556,25,74,0,0,0,0,no_volume,0,0,0,0,no_volume,0,0,0,0,no_volume,0,0,0,0,0,0,16243,8880,-0.2931,-761,-761,25,14,26,25,1
1775346557,25,74,0,0,0,0,no_volume,0,0,0,0,no_volume,0,0,0,0,no_volume,0,0,0,0,0,0,16243,8880,-0.2931,0,-761,25,14,26,25,1
1775346558,25,74,0,0,0,0,no_volume,0,0,0,0,no_volume,0,0,0,0,no_volume,0,0,0,0,0,0,16243,8880,-0.2931,0,-761,25,14,26,25,1
1775346559,25,74,0,0,0,0,no_volume,0,0,0,0,no_volume,0,0,0,0,no_volume,0,0,0,0,0,0,16243,8880,-0.2931,0,-761,25,14,26,25,1
1775346560,25,74,0,0,0,0,no_volume,0,0,0,0,no_volume,0,0,0,0,no_volume,0,0,0,0,0,0,16243,8880,-0.2931,0,-761,25,14,26,25,1
1775346561,25,74,0,0,0,0,no_volume,0,0,0,0,no_volume,0,0,0,0,no_volume,0,0,0,0,0,0,16243,8880,-0.2931,0,-761,25,14,26,25,1
1775346562,25,74,0,0,0,0,no_volume,0,0,0,0,no_volume,0,0,0,0,no_volume,0,0,0,0,0,0,16243,8880,-0.2931,0,-761,25,14,26,25,1
1775346563,25,74,0,0,0,0,no_volume,0,0,0,0,no_volume,0,0,0,0,no_volume,0,0,0,0,0,0,16243,8880,-0.2931,0,-761,25,14,26,25,1
1775346564,25,74,0,0,0,0,no_volume,0,0,0,0,no_volume,0,0,0,0,no_volume,0,0,0,0,0,0,16243,8926,-0.2907,0,0,25,14,26,25,1
1775346565,25,74,0,0,0,0,no_volume,0,0,0,0,no_volume,0,0,0,0,no_volume,0,0,0,0,0,0,16243,8926,-0.2907,0,0,25,14,26,25,1
1775346566,25,74,0,0,0,0,no_volume,0,0,0,0,no_volume,0,0,0,0,no_volume,0,0,0,0,0,0,16243,8926,-0.2907,0,0,25,14,26,25,1
1775346567,25,74,0,0,0,0,no_volume,0,0,0,0,no_volume,0,0,0,0,no_volume,0,0,0,0,0,0,16243,6842,-0.4072,0,0,25,14,26,25,1
1775346568,25,74,0,0,0,0,no_volume,0,0,0,0,no_volume,0,0,0,0,no_volume,0,0,0,0,0,0,16243,6842,-0.4072,0,0,25,14,26,25,1
1775346569,25,74,0,0,0,0,no_volume,0,0,0,0,no_volume,0,0,0,0,no_volume,0,0,0,0,0,0,16243,6842,-0.4072,0,0,25,14,26,25,1
1775346570,25,74,0,0,0,0,no_volume,0,0,0,0,no_volume,0,0,0,0,no_volume,0,0,0,0,0,0,16243,6842,-0.4072,0,0,25,14,26,25,1
1775346571,25,74,0,0,0,0,no_volume,0,0,0,0,no_volume,0,0,0,0,no_volume,0,0,0,0,0,0,11704,2736,-0.6211,-4539,-4539,23,14,26,25,1
1775346572,25,74,0,0,0,0,no_volume,0,0,0,0,no_volume,0,0,0,0,no_volume,0,0,0,0,0,0,10422,2736,-0.5841,-5821,-5821,24,14,26,25,1
1775346573,25,74,0,0,0,0,no_volume,0,0,0,0,no_volume,0,0,0,0,no_volume,0,0,0,0,0,0,10422,2736,-0.5841,-5821,-5821,25,13,26,25,1
1775346574,17,76,0,0,0,0,no_volume,0,0,0,0,no_volume,0,0,0,0,no_volume,0,0,0,0,0,0,10459,2321,-0.6368,-1245,-5784,25,12,24,17,7
1775346575,17,76,0,0,0,0,no_volume,0,0,0,0,no_volume,0,0,0,0,no_volume,0,0,0,0,0,0,10411,2346,-0.6322,-11,-5832,25,13,24,17,7
1775346576,17,76,0,0,0,0,no_volume,0,0,0,0,no_volume,0,0,0,0,no_volume,0,0,0,0,0,0,11930,2321,-0.6743,1508,-4313,25,12,24,17,7
1775346577,17,81,0,0,0,0,no_volume,0,0,0,0,no_volume,0,0,0,0,no_volume,0,0,0,0,0,0,11932,2321,-0.6743,1473,-4311,25,12,19,17,2
1775346578,17,81,0,0,0,0,no_volume,0,0,0,0,no_volume,0,0,0,0,no_volume,0,0,0,0,0,0,12010,2343,-0.6735,1599,-4233,27,12,19,17,2
1775346579,17,81,0,0,0,0,no_volume,0,0,0,0,no_volume,0,0,0,0,no_volume,0,0,0,0,0,0,12010,2343,-0.6735,80,-4233,27,12,19,17,2
1775346580,17,76,0,78,0,78,low_activity,0,78,0,78,low_activity,0,78,0,78,low_activity,80,0,80,80,0,80,10362,2344,-0.631,-1570,-5881,24,13,24,17,7
1775346581,18,76,0,78,0,78,low_activity,0,78,0,78,low_activity,0,78,0,78,low_activity,0,0,0,80,0,80,10380,2347,-0.6312,-1630,-1324,25,14,24,18,6
1775346582,18,76,0,78,0,78,low_activity,0,78,0,78,low_activity,0,78,0,78,low_activity,0,0,0,80,0,80,10380,2347,-0.6312,-1630,-42,25,14,24,18,6
1775346583,18,76,0,0,0,0,no_volume,0,78,0,78,low_activity,0,78,0,78,low_activity,0,0,0,80,0,80,10404,2386,-0.6269,42,-18,25,14,24,18,6
1775346584,18,76,0,0,0,0,no_volume,0,78,0,78,low_activity,0,78,0,78,low_activity,0,0,0,80,0,80,10404,2386,-0.6269,24,-55,26,14,24,18,6
1775346585,18,76,0,0,0,0,no_volume,0,0,0,0,no_volume,0,78,0,78,low_activity,0,0,0,80,0,80,10404,2386,-0.6269,24,-7,26,14,24,18,6
1775346586,18,76,0,0,0,0,no_volume,0,0,0,0,no_volume,0,78,0,78,low_activity,0,0,0,80,0,80,10429,2386,-0.6276,25,-1501,26,14,24,18,6
1775346587,18,76,0,0,0,0,no_volume,0,0,0,0,no_volume,0,78,0,78,low_activity,0,0,0,80,0,80,10453,2386,-0.6283,49,-1479,27,14,24,18,6
1775346588,18,75,0,0,0,0,no_volume,0,0,0,0,no_volume,0,78,0,78,low_activity,0,0,0,80,0,80,10443,2386,-0.628,39,-1567,26,14,25,18,7
1775346589,18,75,0,0,0,0,no_volume,0,0,0,0,no_volume,0,78,0,78,low_activity,0,0,0,80,0,80,10429,2425,-0.6227,0,-1581,26,14,25,18,7
1775346590,18,76,0,0,0,0,no_volume,0,0,0,0,no_volume,0,78,0,78,low_activity,0,0,0,80,0,80,10429,2386,-0.6276,-24,67,26,14,24,18,6
1775346591,18,76,0,0,0,0,no_volume,0,0,0,0,no_volume,0,78,0,78,low_activity,0,0,0,80,0,80,10429,2425,-0.6227,-14,49,26,14,24,18,6
1775346592,18,76,0,0,0,0,no_volume,0,0,0,0,no_volume,0,78,0,78,low_activity,0,0,0,80,0,80,10429,2386,-0.6276,0,49,26,14,24,18,6
1775346593,18,77,0,0,0,0,no_volume,0,0,0,0,no_volume,0,78,0,78,low_activity,0,0,0,80,0,80,10429,2386,-0.6276,0,25,25,14,23,18,5
1775346594,18,77,0,0,0,0,no_volume,0,0,0,0,no_volume,0,78,0,78,low_activity,0,0,0,80,0,80,10376,2386,-0.6261,-53,-28,23,14,23,18,5
1775346595,18,77,0,0,0,0,no_volume,0,0,0,0,no_volume,0,78,0,78,low_activity,0,0,0,80,0,80,10333,2386,-0.6248,-96,-71,26,14,23,18,5
1775346596,18,77,0,0,0,0,no_volume,0,0,0,0,no_volume,0,78,0,78,low_activity,0,0,0,80,0,80,10376,2376,-0.6274,-53,-53,25,14,23,18,5
1775346597,18,77,0,0,0,0,no_volume,0,0,0,0,no_volume,0,78,0,78,low_activity,0,0,0,80,0,80,10333,2347,-0.6298,-43,-120,27,14,23,18,5
1775346598,18,77,0,0,0,0,no_volume,0,0,0,0,no_volume,0,78,0,78,low_activity,0,0,0,80,0,80,10333,2347,-0.6298,0,-110,25,14,23,18,5
1775346599,18,78,0,0,0,0,no_volume,0,0,0,0,no_volume,0,78,0,78,low_activity,0,0,0,80,0,80,10366,2347,-0.6308,-10,-63,28,14,22,18,4
1775346600,18,78,0,0,0,0,no_volume,0,0,0,0,no_volume,0,78,0,78,low_activity,0,0,0,80,0,80,10366,2322,-0.634,33,-63,28,14,22,18,4
1775346601,18,78,0,0,0,0,no_volume,0,0,0,0,no_volume,0,78,0,78,low_activity,0,0,0,80,0,80,10366,2323,-0.6339,33,-63,28,14,22,18,4
1775346602,18,77,0,0,0,0,no_volume,0,0,0,0,no_volume,0,78,0,78,low_activity,0,0,0,80,0,80,10365,2468,-0.6154,-1,-64,27,14,23,18,5
1775346603,18,78,0,0,0,0,no_volume,0,0,0,0,no_volume,0,78,0,78,low_activity,0,0,0,80,0,80,10416,2367,-0.6297,50,-13,28,14,22,18,4
1775346604,18,78,0,0,0,0,no_volume,0,0,0,0,no_volume,0,78,0,78,low_activity,0,0,0,80,0,80,10416,2367,-0.6297,50,40,27,14,22,18,4
1775346605,18,78,0,0,0,0,no_volume,0,0,0,0,no_volume,0,78,0,78,low_activity,0,0,0,80,0,80,10411,2367,-0.6295,46,78,25,14,22,18,4
1775346606,18,78,0,0,0,0,no_volume,0,0,0,0,no_volume,0,78,0,78,low_activity,0,0,0,80,0,80,10411,2367,-0.6295,-5,35,26,14,22,18,4
1775346607,18,75,0,0,0,0,no_volume,0,0,0,0,no_volume,0,78,0,78,low_activity,0,0,0,80,0,80,10348,2367,-0.6277,-68,15,25,14,25,18,7
1775346608,18,75,0,0,0,0,no_volume,0,0,0,0,no_volume,0,78,0,78,low_activity,0,0,0,80,0,80,10343,2367,-0.6275,-68,10,23,14,25,18,7
1775346609,18,76,0,0,0,0,no_volume,0,0,0,0,no_volume,0,78,0,78,low_activity,0,0,0,80,0,80,10406,2767,-0.5799,-5,40,26,15,24,18,6
1775346610,18,75,0,0,0,0,no_volume,0,0,0,0,no_volume,0,0,0,0,no_volume,0,0,0,80,0,80,10449,2767,-0.5813,101,83,27,14,25,18,7
1775346611,18,75,0,0,0,0,no_volume,0,0,0,0,no_volume,0,0,0,0,no_volume,0,0,0,80,0,80,10431,2517,-0.6112,88,65,28,14,25,18,7
1775346612,18,75,0,0,0,0,no_volume,0,0,0,0,no_volume,0,0,0,0,no_volume,0,0,0,80,0,80,10431,2517,-0.6112,25,66,28,14,25,18,7
1775346613,18,75,0,0,0,0,no_volume,0,0,0,0,no_volume,0,0,0,0,no_volume,0,0,0,80,0,80,10431,2767,-0.5807,-18,15,27,14,25,18,7
1775346614,18,75,0,0,0,0,no_volume,0,0,0,0,no_volume,0,0,0,0,no_volume,0,0,0,80,0,80,10433,2757,-0.582,2,17,26,14,25,18,7
1775346615,18,75,0,0,0,0,no_volume,0,0,0,0,no_volume,0,0,0,0,no_volume,0,0,0,80,0,80,10403,2318,-0.6356,-28,-8,26,14,25,18,7
1775346616,18,75,0,0,0,0,no_volume,0,0,0,0,no_volume,0,0,0,0,no_volume,0,0,0,80,0,80,10403,2321,-0.6352,-28,-8,27,14,25,18,7
1775346617,18,75,0,0,0,0,no_volume,0,0,0,0,no_volume,0,0,0,0,no_volume,0,0,0,80,0,80,10403,2318,-0.6356,-30,55,27,14,25,18,7
1775346618,18,75,0,0,0,0,no_volume,0,0,0,0,no_volume,0,0,0,0,no_volume,0,0,0,80,0,80,10456,2321,-0.6367,53,113,27,14,25,18,7
1775346619,18,75,0,0,0,0,no_volume,0,0,0,0,no_volume,0,0,0,0,no_volume,0,0,0,80,0,80,10471,2337,-0.6351,68,65,26,14,25,18,7
1775346620,18,75,0,0,0,0,no_volume,0,0,0,0,no_volume,0,0,0,0,no_volume,0,0,0,80,0,80,10466,2737,-0.5854,63,17,26,14,25,18,7
1775346621,18,75,0,0,0,0,no_volume,0,0,0,0,no_volume,0,0,0,0,no_volume,0,0,0,80,0,80,10486,2737,-0.586,30,55,27,14,25,18,7
1775346622,18,75,0,0,0,0,no_volume,0,0,0,0,no_volume,0,0,0,0,no_volume,0,0,0,80,0,80,10511,2487,-0.6173,40,80,28,14,25,18,7
1775346623,18,75,0,0,0,0,no_volume,0,0,0,0,no_volume,0,0,0,0,no_volume,0,0,0,80,0,80,10486,2737,-0.586,20,55,27,15,25,18,7
1775346624,18,75,0,0,0,0,no_volume,0,0,0,0,no_volume,0,0,0,0,no_volume,0,0,0,80,0,80,10526,2787,-0.5813,40,93,28,14,25,18,7
1775346625,18,75,0,0,0,0,no_volume,0,0,0,0,no_volume,0,0,0,0,no_volume,0,0,0,80,0,80,10551,2787,-0.5821,40,148,29,14,25,18,7
1775346626,18,75,0,0,0,0,no_volume,0,0,0,0,no_volume,0,0,0,0,no_volume,0,0,0,80,0,80,10526,2787,-0.5813,40,123,27,14,25,18,7
1775346627,18,75,0,0,0,0,no_volume,0,0,0,0,no_volume,0,0,0,0,no_volume,0,0,0,80,0,80,10526,2787,-0.5813,0,123,27,14,25,18,7
1775346628,24,75,0,0,0,0,no_volume,0,0,0,0,no_volume,0,0,0,0,no_volume,0,0,0,80,0,80,13985,6460,-0.3681,3434,3529,25,16,25,24,1
1775346629,24,75,0,0,0,0,no_volume,0,0,0,0,no_volume,0,0,0,0,no_volume,0,0,0,80,0,80,13985,6440,-0.3694,3459,3514,25,16,25,24,1
1775346630,24,75,0,0,0,0,no_volume,0,0,0,0,no_volume,0,0,0,0,no_volume,0,0,0,80,0,80,14050,6390,-0.3748,3524,3584,25,15,25,24,1
1775346631,24,75,0,0,0,0,no_volume,0,0,0,0,no_volume,0,0,0,0,no_volume,0,0,0,80,0,80,14200,6390,-0.3793,215,3714,25,15,25,24,1
1775346632,24,75,0,0,0,0,no_volume,0,0,0,0,no_volume,0,0,0,0,no_volume,0,0,0,80,0,80,14202,6379,-0.3801,217,3691,26,15,25,24,1
1775346633,24,75,0,0,0,0,no_volume,0,0,0,0,no_volume,0,0,0,0,no_volume,0,0,0,80,0,80,14202,6379,-0.3801,152,3716,26,15,25,24,1
1775346634,24,75,0,0,0,0,no_volume,0,0,0,0,no_volume,0,0,0,0,no_volume,0,0,0,80,0,80,14182,6379,-0.3795,-18,3656,26,15,25,24,1
1775346635,24,75,0,0,0,0,no_volume,0,0,0,0,no_volume,0,0,0,0,no_volume,0,0,0,80,0,80,14182,6391,-0.3787,-20,3631,26,16,25,24,1
1775346636,24,75,0,0,0,0,no_volume,0,0,0,0,no_volume,0,0,0,0,no_volume,0,0,0,80,0,80,16102,6391,-0.4317,1900,5576,26,16,25,24,1
1775346637,24,75,0,0,0,0,no_volume,0,0,0,0,no_volume,0,0,0,0,no_volume,0,0,0,80,0,80,16102,6391,-0.4317,1920,5576,26,16,25,24,1
1775346638,24,75,0,0,0,0,no_volume,0,0,0,0,no_volume,0,0,0,0,no_volume,0,0,0,80,0,80,16232,6391,-0.435,2050,2247,26,16,25,24,1
1775346639,24,75,0,0,0,0,no_volume,0,0,0,0,no_volume,0,0,0,0,no_volume,0,0,0,80,0,80,16232,6391,-0.435,130,2247,26,16,25,24,1
1775346640,24,75,0,0,0,0,no_volume,0,0,0,0,no_volume,0,0,0,0,no_volume,0,0,0,0,0,0,16232,6391,-0.435,130,2182,26,16,25,24,1
1775346641,24,75,0,0,0,0,no_volume,0,0,0,0,no_volume,0,0,0,0,no_volume,0,0,0,0,0,0,16232,6391,-0.435,0,2032,26,16,25,24,1
1775346642,24,75,0,0,0,0,no_volume,0,0,0,0,no_volume,0,0,0,0,no_volume,0,0,0,0,0,0,16232,6391,-0.435,0,2030,26,16,25,24,1
1775346643,24,75,0,0,0,0,no_volume,0,0,0,0,no_volume,0,0,0,0,no_volume,0,0,0,0,0,0,16232,6391,-0.435,0,2030,26,16,25,24,1
1775346644,24,75,0,0,0,0,no_volume,0,0,0,0,no_volume,0,0,0,0,no_volume,0,0,0,0,0,0,16224,6417,-0.4332,-8,2042,27,17,25,24,1
1775346645,24,75,0,0,0,0,no_volume,0,0,0,0,no_volume,0,0,0,0,no_volume,0,0,0,0,0,0,16224,6417,-0.4332,-8,2042,27,17,25,24,1
1775346646,24,75,0,0,0,0,no_volume,0,0,0,0,no_volume,0,0,0,0,no_volume,0,0,0,0,0,0,16224,6417,-0.4332,-8,122,27,17,25,24,1
1775346647,24,75,0,0,0,0,no_volume,0,0,0,0,no_volume,0,0,0,0,no_volume,0,0,0,0,0,0,16094,6417,-0.4299,-130,-8,27,17,25,24,1
1775346648,24,75,0,0,0,0,no_volume,0,0,0,0,no_volume,0,0,0,0,no_volume,0,0,0,0,0,0,16094,6417,-0.4299,-130,-138,27,17,25,24,1
1775346649,24,75,0,0,0,0,no_volume,0,0,0,0,no_volume,0,0,0,0,no_volume,0,0,0,0,0,0,16094,6417,-0.4299,-130,-138,27,17,25,24,1
1775346650,24,75,0,0,0,0,no_volume,0,0,0,0,no_volume,0,0,0,0,no_volume,0,0,0,0,0,0,16094,6417,-0.4299,0,-138,27,17,25,24,1
1775346651,24,75,0,0,0,0,no_volume,0,0,0,0,no_volume,0,0,0,0,no_volume,0,0,0,0,0,0,16094,6417,-0.4299,0,-138,27,17,25,24,1
1775346652,24,75,0,0,0,0,no_volume,0,0,0,0,no_volume,0,0,0,0,no_volume,0,0,0,0,0,0,16094,6437,-0.4286,0,-138,27,17,25,24,1
1775346653,24,75,0,0,0,0,no_volume,0,0,0,0,no_volume,0,0,0,0,no_volume,0,0,0,0,0,0,16094,6437,-0.4286,0,-138,27,17,25,24,1
1775346654,24,75,0,0,0,0,no_volume,0,0,0,0,no_volume,0,0,0,0,no_volume,0,0,0,0,0,0,16094,7183,-0.3828,0,-130,27,17,25,24,1
1775346655,24,75,0,0,0,0,no_volume,0,0,0,0,no_volume,0,0,0,0,no_volume,0,0,0,0,0,0,20571,11661,-0.2764,4477,4347,27,16,25,24,1
1775346656,24,75,0,0,0,0,no_volume,0,0,0,0,no_volume,0,0,0,0,no_volume,0,0,0,0,0,0,20596,11661,-0.277,4502,4372,28,16,25,24,1
1775346657,24,75,0,0,0,0,no_volume,0,0,0,0,no_volume,0,0,0,0,no_volume,0,0,0,0,0,0,20596,11661,-0.277,4502,4502,28,16,25,24,1
1775346658,24,75,0,0,0,0,no_volume,0,0,0,0,no_volume,0,0,0,0,no_volume,0,0,0,0,0,0,20596,11661,-0.277,25,4502,28,16,25,24,1
1775346659,24,75,0,0,0,0,no_volume,0,0,0,0,no_volume,0,0,0,0,no_volume,0,0,0,0,0,0,20571,11661,-0.2764,-25,4477,28,16,25,24,1
1775346660,24,75,0,0,0,0,no_volume,0,0,0,0,no_volume,0,0,0,0,no_volume,0,0,0,0,0,0,20611,11661,-0.2773,15,4517,28,16,25,24,1
1775346661,24,75,0,0,0,0,no_volume,0,0,0,0,no_volume,0,0,0,0,no_volume,0,0,0,0,0,0,20624,11661,-0.2776,28,4530,28,16,25,24,1
1775346662,24,75,0,0,0,0,no_volume,0,0,0,0,no_volume,0,0,0,0,no_volume,0,0,0,0,0,0,21399,11661,-0.2946,828,5305,28,16,25,24,1
1775346663,24,75,0,0,0,0,no_volume,0,0,0,0,no_volume,0,0,0,0,no_volume,0,0,0,0,0,0,21390,11661,-0.2944,779,5296,27,16,25,24,1
1775346664,24,75,0,0,0,0,no_volume,0,0,0,0,no_volume,0,0,0,0,no_volume,0,0,0,0,0,0,21390,11661,-0.2944,766,5296,27,16,25,24,1
1775346665,24,75,0,0,0,0,no_volume,0,0,0,0,no_volume,0,0,0,0,no_volume,0,0,0,0,0,0,21390,11661,-0.2944,-9,819,27,16,25,24,1
1775346666,24,75,0,0,0,0,no_volume,0,0,0,0,no_volume,0,0,0,0,no_volume,0,0,0,0,0,0,21390,11661,-0.2944,0,794,27,16,25,24,1
1775346667,24,75,0,0,0,0,no_volume,0,0,0,0,no_volume,0,0,0,0,no_volume,0,0,0,0,0,0,21390,11661,-0.2944,0,794,27,16,25,24,1
1775346668,24,75,0,0,0,0,no_volume,0,0,0,0,no_volume,0,0,0,0,no_volume,0,0,0,0,0,0,21390,11688,-0.2933,0,794,27,16,25,24,1
1775346669,24,75,0,0,0,0,no_volume,0,0,0,0,no_volume,0,0,0,0,no_volume,0,0,0,0,0,0,21390,11688,-0.2933,0,819,27,16,25,24,1
1775346670,24,75,0,0,0,0,no_volume,0,0,0,0,no_volume,0,0,0,0,no_volume,0,0,0,0,0,0,21440,11688,-0.2944,50,829,27,16,25,24,1
1775346671,24,75,0,0,0,0,no_volume,0,0,0,0,no_volume,0,0,0,0,no_volume,0,0,0,0,0,0,21360,11688,-0.2927,-30,736,27,16,25,24,1
1775346672,24,75,0,0,0,0,no_volume,0,0,0,0,no_volume,0,0,0,0,no_volume,0,0,0,0,0,0,21408,11688,-0.2937,18,9,28,16,25,24,1
1775346673,24,75,0,0,0,0,no_volume,0,0,0,0,no_volume,0,0,0,0,no_volume,0,0,0,0,0,0,21408,11688,-0.2937,-32,18,28,16,25,24,1
1775346674,24,75,0,0,0,0,no_volume,0,0,0,0,no_volume,0,0,0,0,no_volume,0,0,0,0,0,0,21406,11688,-0.2936,46,16,28,16,25,24,1
1775346675,24,75,0,0,0,0,no_volume,0,0,0,0,no_volume,0,0,0,0,no_volume,0,0,0,0,0,0,21406,11688,-0.2936,-2,16,28,16,25,24,1
1775346676,24,75,0,0,0,0,no_volume,0,0,0,0,no_volume,0,0,0,0,no_volume,0,0,0,0,0,0,21406,11688,-0.2936,-2,16,28,16,25,24,1
1775346677,24,75,0,0,0,0,no_volume,0,0,0,0,no_volume,0,0,0,0,no_volume,0,0,0,0,0,0,20927,11688,-0.2833,-479,-463,28,16,25,24,1
1775346678,24,75,0,0,0,0,no_volume,0,0,0,0,no_volume,0,0,0,0,no_volume,0,0,0,0,0,0,21406,11688,-0.2936,0,16,28,16,25,24,1
1775346679,24,75,0,0,0,0,no_volume,0,0,0,0,no_volume,0,0,0,0,no_volume,0,0,0,0,0,0,21406,11688,-0.2936,0,16,28,16,25,24,1
1775346680,24,75,0,0,0,0,no_volume,0,0,0,0,no_volume,0,0,0,0,no_volume,0,0,0,0,0,0,21406,11688,-0.2936,479,-34,28,16,25,24,1
1775346681,24,75,0,0,0,0,no_volume,0,0,0,0,no_volume,0,0,0,0,no_volume,0,0,0,0,0,0,21406,11688,-0.2936,0,46,28,16,25,24,1
1775346682,24,75,0,0,0,0,no_volume,0,0,0,0,no_volume,0,0,0,0,no_volume,0,0,0,0,0,0,20641,10942,-0.3071,-765,-767,28,16,25,24,1
1775346683,24,75,0,0,0,0,no_volume,0,0,0,0,no_volume,0,0,0,0,no_volume,0,0,0,0,0,0,20641,10942,-0.3071,-765,-767,28,16,25,24,1
1775346684,24,75,0,0,0,0,no_volume,0,0,0,0,no_volume,0,0,0,0,no_volume,0,0,0,0,0,0,20641,10942,-0.3071,-765,-765,28,16,25,24,1
1775346685,24,75,0,0,0,0,no_volume,0,0,0,0,no_volume,0,0,0,0,no_volume,0,0,0,0,0,0,20641,10942,-0.3071,0,-765,28,16,25,24,1
1775346686,24,75,0,0,0,0,no_volume,0,0,0,0,no_volume,0,0,0,0,no_volume,0,0,0,0,0,0,20641,10942,-0.3071,0,-765,28,16,25,24,1
1775346687,24,75,0,0,0,0,no_volume,0,0,0,0,no_volume,0,0,0,0,no_volume,0,0,0,0,0,0,20641,10942,-0.3071,0,-286,28,16,25,24,1
1775346688,24,75,0,0,0,0,no_volume,0,0,0,0,no_volume,0,0,0,0,no_volume,0,0,0,0,0,0,20665,10942,-0.3076,24,-741,28,16,25,24,1
1775346689,24,75,0,0,0,0,no_volume,0,0,0,0,no_volume,0,0,0,0,no_volume,0,0,0,0,0,0,20665,10972,-0.3064,24,-741,28,16,25,24,1
1775346690,24,75,0,0,0,0,no_volume,0,0,0,0,no_volume,0,0,0,0,no_volume,0,0,0,0,0,0,20615,10997,-0.3043,-26,-791,28,16,25,24,1
1775346691,24,75,0,0,0,0,no_volume,0,0,0,0,no_volume,0,0,0,0,no_volume,0,0,0,0,0,0,20615,10997,-0.3043,-50,-791,28,16,25,24,1
1775346692,24,75,0,0,0,0,no_volume,0,0,0,0,no_volume,0,0,0,0,no_volume,0,0,0,0,0,0,20615,10997,-0.3043,-50,-26,28,16,25,24,1
1775346693,24,75,0,0,0,0,no_volume,0,0,0,0,no_volume,0,0,0,0,no_volume,0,0,0,0,0,0,20615,10997,-0.3043,0,-26,28,16,25,24,1
1775346694,24,75,0,0,0,0,no_volume,0,0,0,0,no_volume,0,0,0,0,no_volume,0,0,0,0,0,0,20615,10997,-0.3043,0,-26,28,16,25,24,1
1775346695,24,75,0,0,0,0,no_volume,0,0,0,0,no_volume,0,0,0,0,no_volume,0,0,0,0,0,0,21380,10997,-0.3207,765,739,28,16,25,24,1
1775346696,24,75,0,0,0,0,no_volume,0,0,0,0,no_volume,0,0,0,0,no_volume,0,0,0,0,0,0,21380,10997,-0.3207,765,739,28,16,25,24,1
1775346697,24,75,0,0,0,0,no_volume,0,0,0,0,no_volume,0,0,0,0,no_volume,0,0,0,0,0,0,21380,10997,-0.3207,765,739,28,16,25,24,1
1775346698,24,75,0,0,0,0,no_volume,0,0,0,0,no_volume,0,0,0,0,no_volume,0,0,0,0,0,0,21380,10997,-0.3207,0,715,28,16,25,24,1
1775346699,24,75,0,0,0,0,no_volume,0,0,0,0,no_volume,0,0,0,0,no_volume,0,0,0,0,0,0,21380,10997,-0.3207,0,715,28,16,25,24,1
1775346700,24,75,0,0,0,0,no_volume,0,0,0,0,no_volume,0,0,0,0,no_volume,0,0,0,0,0,0,21380,10997,-0.3207,0,765,28,16,25,24,1
1775346701,24,75,0,0,0,0,no_volume,0,0,0,0,no_volume,0,0,0,0,no_volume,0,0,0,0,0,0,21380,10997,-0.3207,0,765,28,16,25,24,1
1775346702,24,75,0,0,0,0,no_volume,0,0,0,0,no_volume,0,0,0,0,no_volume,0,0,0,0,0,0,21380,10997,-0.3207,0,765,28,16,25,24,1
1775346703,24,75,0,0,0,0,no_volume,0,0,0,0,no_volume,0,0,0,0,no_volume,0,0,0,0,0,0,21380,10997,-0.3207,0,765,28,16,25,24,1
1775346704,24,75,0,0,0,0,no_volume,0,0,0,0,no_volume,0,0,0,0,no_volume,0,0,0,0,0,0,21380,10997,-0.3207,0,765,28,16,25,24,1
1775346705,24,75,0,0,0,0,no_volume,0,0,0,0,no_volume,0,0,0,0,no_volume,0,0,0,0,0,0,21330,10997,-0.3196,-50,-50,28,16,25,24,1
1775346706,24,75,0,0,0,0,no_volume,0,0,0,0,no_volume,0,0,0,0,no_volume,0,0,0,0,0,0,21330,10997,-0.3196,-50,-50,28,16,25,24,1
1775346707,24,75,0,0,0,0,no_volume,0,0,0,0,no_volume,0,0,0,0,no_volume,0,0,0,0,0,0,21330,10997,-0.3196,-50,-50,28,16,25,24,1
1775346708,24,75,0,0,0,0,no_volume,0,0,0,0,no_volume,0,0,0,0,no_volume,0,0,0,0,0,0,21330,10997,-0.3196,0,-50,28,16,25,24,1
1775346709,24,75,0,0,0,0,no_volume,0,0,0,0,no_volume,0,0,0,0,no_volume,0,0,0,0,0,0,21330,11762,-0.2891,0,-50,28,16,25,24,1
1775346710,24,75,0,0,0,0,no_volume,0,0,0,0,no_volume,0,0,0,0,no_volume,0,0,0,0,0,0,21280,11762,-0.2881,-50,-100,28,16,25,24,1
1775346711,24,75,0,0,0,0,no_volume,0,0,0,0,no_volume,0,0,0,0,no_volume,0,0,0,0,0,0,21280,11762,-0.2881,-50,-100,28,16,25,24,1
1775346712,24,75,0,0,0,0,no_volume,0,0,0,0,no_volume,0,0,0,0,no_volume,0,0,0,0,0,0,21220,11762,-0.2868,-110,-160,28,16,25,24,1
1775346713,24,75,0,0,0,0,no_volume,0,0,0,0,no_volume,0,0,0,0,no_volume,0,0,0,0,0,0,21205,11762,-0.2864,-75,-175,28,16,25,24,1
1775346714,24,75,0,0,0,0,no_volume,0,0,0,0,no_volume,0,0,0,0,no_volume,0,0,0,0,0,0,20440,10997,-0.3004,-840,-940,28,16,25,24,1
1775346715,24,75,0,0,0,0,no_volume,0,0,0,0,no_volume,0,0,0,0,no_volume,0,0,0,0,0,0,20440,10997,-0.3004,-780,-890,28,16,25,24,1
1775346716,24,75,0,0,0,0,no_volume,0,0,0,0,no_volume,0,0,0,0,no_volume,0,0,0,0,0,0,20440,10997,-0.3004,-765,-890,28,16,25,24,1
1775346717,24,75,0,0,0,0,no_volume,0,0,0,0,no_volume,0,0,0,0,no_volume,0,0,0,0,0,0,20442,10997,-0.3004,2,-888,28,16,25,24,1
1775346718,24,75,0,0,0,0,no_volume,0,0,0,0,no_volume,0,0,0,0,no_volume,0,0,0,0,0,0,20382,10997,-0.2991,-58,-948,28,16,25,24,1
1775346719,24,75,0,0,0,0,no_volume,0,0,0,0,no_volume,0,0,0,0,no_volume,0,0,0,0,0,0,20382,10997,-0.2991,-58,-948,28,16,25,24,1
1775346720,24,75,0,0,0,0,no_volume,0,0,0,0,no_volume,0,0,0,0,no_volume,0,0,0,0,0,0,20382,10997,-0.2991,-60,-898,28,16,25,24,1
1775346721,24,75,0,0,0,0,no_volume,0,0,0,0,no_volume,0,0,0,0,no_volume,0,0,0,0,0,0,20382,10997,-0.2991,0,-898,28,16,25,24,1
1775346722,24,75,0,0,0,0,no_volume,0,0,0,0,no_volume,0,0,0,0,no_volume,0,0,0,0,0,0,20382,10997,-0.2991,0,-838,28,16,25,24,1
1775346723,24,75,0,0,0,0,no_volume,0,0,0,0,no_volume,0,0,0,0,no_volume,0,0,0,0,0,0,20382,10997,-0.2991,0,-823,28,16,25,24,1
1775346724,24,75,0,0,0,0,no_volume,0,0,0,0,no_volume,0,0,0,0,no_volume,0,0,0,0,0,0,20382,10997,-0.2991,0,-58,28,16,25,24,1
1775346725,24,75,0,0,0,0,no_volume,0,0,0,0,no_volume,0,0,0,0,no_volume,0,0,0,0,0,0,20382,10997,-0.2991,0,-58,28,16,25,24,1
1775346726,24,75,0,0,0,0,no_volume,0,0,0,0,no_volume,0,0,0,0,no_volume,0,0,0,0,0,0,20382,10997,-0.2991,0,-58,28,16,25,24,1
1775346727,24,75,0,0,0,0,no_volume,0,0,0,0,no_volume,0,0,0,0,no_volume,0,0,0,0,0,0,20382,10997,-0.2991,0,-60,28,16,25,24,1
1775346728,24,75,0,0,0,0,no_volume,0,0,0,0,no_volume,0,0,0,0,no_volume,0,0,0,0,0,0,20382,10997,-0.2991,0,0,28,16,25,24,1
1775346729,24,75,0,0,0,0,no_volume,0,0,0,0,no_volume,0,0,0,0,no_volume,0,0,0,0,0,0,20382,10997,-0.2991,0,0,28,16,25,24,1
1775346730,24,75,0,0,0,0,no_volume,0,0,0,0,no_volume,0,0,0,0,no_volume,0,0,0,0,0,0,20382,10997,-0.2991,0,0,28,16,25,24,1
1775346731,24,75,0,0,0,0,no_volume,0,0,0,0,no_volume,0,0,0,0,no_volume,0,0,0,0,0,0,20382,10997,-0.2991,0,0,28,16,25,24,1
1775346732,24,75,0,0,0,0,no_volume,0,0,0,0,no_volume,0,0,0,0,no_volume,0,0,0,0,0,0,20382,10997,-0.2991,0,0,28,16,25,24,1
1775346733,24,75,0,0,0,0,no_volume,0,0,0,0,no_volume,0,0,0,0,no_volume,0,0,0,0,0,0,20382,10997,-0.2991,0,0,28,16,25,24,1
1775346734,24,75,0,0,0,0,no_volume,0,0,0,0,no_volume,0,0,0,0,no_volume,0,0,0,0,0,0,20380,10997,-0.299,-2,-2,28,16,25,24,1
1775346735,24,75,0,0,0,0,no_volume,0,0,0,0,no_volume,0,0,0,0,no_volume,0,0,0,0,0,0,20380,10997,-0.299,-2,-2,28,16,25,24,1
1775346736,24,75,0,0,0,0,no_volume,0,0,0,0,no_volume,0,0,0,0,no_volume,0,0,0,0,0,0,20380,10997,-0.299,-2,-2,28,16,25,24,1
1775346737,24,75,0,0,0,0,no_volume,0,0,0,0,no_volume,0,0,0,0,no_volume,0,0,0,0,0,0,21144,10997,-0.3157,764,762,28,16,25,24,1
1775346738,24,75,0,0,0,0,no_volume,0,0,0,0,no_volume,0,0,0,0,no_volume,0,0,0,0,0,0,21144,10997,-0.3157,764,762,28,16,25,24,1
1775346739,24,75,0,0,0,0,no_volume,0,0,0,0,no_volume,0,0,0,0,no_volume,0,0,0,0,0,0,21144,10997,-0.3157,764,762,28,16,25,24,1
1775346740,24,75,0,0,0,0,no_volume,0,0,0,0,no_volume,0,0,0,0,no_volume,0,0,0,0,0,0,21144,10997,-0.3157,0,762,28,16,25,24,1
1775346741,24,75,0,0,0,0,no_volume,0,0,0,0,no_volume,0,0,0,0,no_volume,0,0,0,0,0,0,21144,10997,-0.3157,0,762,28,16,25,24,1
1775346742,24,75,0,0,0,0,no_volume,0,0,0,0,no_volume,0,0,0,0,no_volume,0,0,0,0,0,0,21144,10997,-0.3157,0,762,28,16,25,24,1
1775346743,24,75,0,0,0,0,no_volume,0,0,0,0,no_volume,0,0,0,0,no_volume,0,0,0,0,0,0,21144,10997,-0.3157,0,762,28,16,25,24,1
1775346744,24,75,0,0,0,0,no_volume,0,0,0,0,no_volume,0,0,0,0,no_volume,0,0,0,0,0,0,21144,10997,-0.3157,0,764,28,16,25,24,1
1775346745,24,75,0,0,0,0,no_volume,0,0,0,0,no_volume,0,0,0,0,no_volume,0,0,0,0,0,0,21144,10997,-0.3157,0,764,28,16,25,24,1
1775346746,24,75,0,0,0,0,no_volume,0,0,0,0,no_volume,0,0,0,0,no_volume,0,0,0,0,0,0,21144,10997,-0.3157,0,764,28,16,25,24,1
1775346747,24,75,0,0,0,0,no_volume,0,0,0,0,no_volume,0,0,0,0,no_volume,0,0,0,0,0,0,21144,10997,-0.3157,0,0,28,16,25,24,1
1775346748,24,75,0,0,0,0,no_volume,0,0,0,0,no_volume,0,0,0,0,no_volume,0,0,0,0,0,0,21144,10997,-0.3157,0,0,28,16,25,24,1
1775346749,24,75,0,0,0,0,no_volume,0,0,0,0,no_volume,0,0,0,0,no_volume,0,0,0,0,0,0,21144,10997,-0.3157,0,0,28,16,25,24,1
1775346750,24,75,0,0,0,0,no_volume,0,0,0,0,no_volume,0,0,0,0,no_volume,0,0,0,0,0,0,21125,10997,-0.3153,-19,-19,28,16,25,24,1
1775346751,24,75,0,0,0,0,no_volume,0,0,0,0,no_volume,0,0,0,0,no_volume,0,0,0,0,0,0,21125,10997,-0.3153,-19,-19,28,16,25,24,1
1775346752,24,75,0,0,0,0,no_volume,0,0,0,0,no_volume,0,0,0,0,no_volume,0,0,0,0,0,0,21125,10997,-0.3153,-19,-19,28,16,25,24,1
1775346753,24,75,0,0,0,0,no_volume,0,0,0,0,no_volume,0,0,0,0,no_volume,0,0,0,0,0,0,21125,10997,-0.3153,0,-19,28,16,25,24,1
1775346754,24,75,0,0,0,0,no_volume,0,0,0,0,no_volume,0,0,0,0,no_volume,0,0,0,0,0,0,21125,10997,-0.3153,0,-19,28,16,25,24,1
1775346755,24,75,0,0,0,0,no_volume,0,0,0,0,no_volume,0,0,0,0,no_volume,0,0,0,0,0,0,21125,10997,-0.3153,0,-19,28,16,25,24,1
1775346756,24,75,0,0,0,0,no_volume,0,0,0,0,no_volume,0,0,0,0,no_volume,0,0,0,0,0,0,21125,10997,-0.3153,0,-19,28,16,25,24,1
1775346757,24,75,0,0,0,0,no_volume,0,0,0,0,no_volume,0,0,0,0,no_volume,0,0,0,0,0,0,21125,10997,-0.3153,0,-19,28,16,25,24,1
1775346758,24,75,0,18,0,18,low_activity,0,18,0,18,low_activity,0,18,0,18,low_activity,18,0,18,18,0,18,21107,10997,-0.3149,-18,-37,28,16,25,24,1
1775346759,24,75,0,18,0,18,low_activity,0,18,0,18,low_activity,0,18,0,18,low_activity,0,0,0,18,0,18,21107,10997,-0.3149,-18,-37,28,16,25,24,1
1775346760,24,75,0,18,0,18,low_activity,0,18,0,18,low_activity,0,18,0,18,low_activity,0,0,0,18,0,18,21107,10997,-0.3149,-18,-18,28,16,25,24,1
1775346761,24,75,0,0,0,0,no_volume,0,18,0,18,low_activity,0,18,0,18,low_activity,0,0,0,18,0,18,21107,10997,-0.3149,0,-18,28,16,25,24,1
1775346762,24,75,0,0,0,0,no_volume,0,18,0,18,low_activity,0,18,0,18,low_activity,0,0,0,18,0,18,21107,10997,-0.3149,0,-18,28,16,25,24,1
1775346763,24,75,0,0,0,0,no_volume,0,0,0,0,no_volume,0,18,0,18,low_activity,0,0,0,18,0,18,21107,10997,-0.3149,0,-18,28,16,25,24,1
1775346764,24,75,0,0,0,0,no_volume,0,0,0,0,no_volume,0,18,0,18,low_activity,0,0,0,18,0,18,21107,10997,-0.3149,0,-18,28,16,25,24,1
1775346765,24,75,0,0,0,0,no_volume,0,0,0,0,no_volume,0,18,0,18,low_activity,0,0,0,18,0,18,21107,10997,-0.3149,0,-18,28,16,25,24,1
1775346766,24,75,0,0,0,0,no_volume,0,0,0,0,no_volume,0,18,0,18,low_activity,0,0,0,18,0,18,21107,10997,-0.3149,0,-18,28,16,25,24,1
1775346767,24,75,0,0,0,0,no_volume,0,0,0,0,no_volume,0,18,0,18,low_activity,0,0,0,18,0,18,21107,10997,-0.3149,0,-18,28,16,25,24,1
1775346768,24,75,0,0,0,0,no_volume,0,0,0,0,no_volume,0,18,0,18,low_activity,0,0,0,18,0,18,21107,10997,-0.3149,0,0,28,16,25,24,1
1775346769,24,75,0,0,0,0,no_volume,0,0,0,0,no_volume,0,18,0,18,low_activity,0,0,0,18,0,18,21107,10997,-0.3149,0,0,28,16,25,24,1
1775346770,24,75,0,0,0,0,no_volume,0,0,0,0,no_volume,0,18,0,18,low_activity,0,0,0,18,0,18,21107,10997,-0.3149,0,0,28,16,25,24,1
1775346771,24,75,0,0,0,0,no_volume,0,0,0,0,no_volume,0,18,0,18,low_activity,0,0,0,18,0,18,21107,10997,-0.3149,0,0,28,16,25,24,1
1775346772,24,75,0,0,0,0,no_volume,0,0,0,0,no_volume,0,18,0,18,low_activity,0,0,0,18,0,18,21107,10997,-0.3149,0,0,28,16,25,24,1
1775346773,24,75,0,0,0,0,no_volume,0,0,0,0,no_volume,0,18,0,18,low_activity,0,0,0,18,0,18,21107,10997,-0.3149,0,0,28,16,25,24,1
1775346774,24,75,0,0,0,0,no_volume,0,0,0,0,no_volume,0,18,0,18,low_activity,0,0,0,18,0,18,21171,10997,-0.3163,64,64,28,16,25,24,1
1775346775,24,75,0,0,0,0,no_volume,0,0,0,0,no_volume,0,18,0,18,low_activity,0,0,0,18,0,18,21171,10997,-0.3163,64,64,28,16,25,24,1
1775346776,24,75,0,0,0,0,no_volume,0,0,0,0,no_volume,0,18,0,18,low_activity,0,0,0,18,0,18,21171,10997,-0.3163,64,64,28,16,25,24,1
1775346777,24,75,0,0,0,0,no_volume,0,0,0,0,no_volume,0,18,0,18,low_activity,0,0,0,18,0,18,21171,10997,-0.3163,0,64,28,16,25,24,1
1775346778,24,75,0,0,0,0,no_volume,0,0,0,0,no_volume,0,18,0,18,low_activity,0,0,0,18,0,18,21171,10997,-0.3163,0,64,28,16,25,24,1
1775346779,24,75,0,0,0,0,no_volume,0,0,0,0,no_volume,0,18,0,18,low_activity,0,0,0,18,0,18,21171,10997,-0.3163,0,64,28,16,25,24,1
1775346780,24,75,0,0,0,0,no_volume,0,0,0,0,no_volume,0,18,0,18,low_activity,0,0,0,18,0,18,21171,10997,-0.3163,0,64,28,16,25,24,1
1775346781,24,75,0,0,0,0,no_volume,0,0,0,0,no_volume,0,18,0,18,low_activity,0,0,0,18,0,18,21171,10997,-0.3163,0,64,28,16,25,24,1
1775346782,24,75,0,0,0,0,no_volume,0,0,0,0,no_volume,0,18,0,18,low_activity,0,0,0,18,0,18,21171,10997,-0.3163,0,64,28,16,25,24,1
1775346783,24,75,0,0,0,0,no_volume,0,0,0,0,no_volume,0,18,0,18,low_activity,0,0,0,18,0,18,21171,10997,-0.3163,0,64,28,16,25,24,1
1775346784,24,75,0,0,0,0,no_volume,0,0,0,0,no_volume,0,18,0,18,low_activity,0,0,0,18,0,18,21171,10997,-0.3163,0,0,28,16,25,24,1
1775346785,24,75,0,0,0,0,no_volume,0,0,0,0,no_volume,0,18,0,18,low_activity,0,0,0,18,0,18,21171,10997,-0.3163,0,0,28,16,25,24,1
1775346786,24,75,0,0,0,0,no_volume,0,0,0,0,no_volume,0,18,0,18,low_activity,0,0,0,18,0,18,21171,10997,-0.3163,0,0,28,16,25,24,1
1775346787,24,75,0,0,0,0,no_volume,0,0,0,0,no_volume,0,18,0,18,low_activity,0,0,0,18,0,18,21171,10997,-0.3163,0,0,28,16,25,24,1
1775346788,24,75,0,0,0,0,no_volume,0,0,0,0,no_volume,0,0,0,0,no_volume,0,0,0,18,0,18,21171,10997,-0.3163,0,0,28,16,25,24,1
1775346789,24,75,0,0,0,0,no_volume,0,0,0,0,no_volume,0,0,0,0,no_volume,0,0,0,18,0,18,21171,10997,-0.3163,0,0,28,16,25,24,1
1775346790,24,75,0,0,0,0,no_volume,0,0,0,0,no_volume,0,0,0,0,no_volume,0,0,0,18,0,18,21171,10997,-0.3163,0,0,28,16,25,24,1
1775346791,24,75,0,0,0,0,no_volume,0,0,0,0,no_volume,0,0,0,0,no_volume,0,0,0,18,0,18,21171,10997,-0.3163,0,0,28,16,25,24,1
1775346792,24,75,0,0,0,0,no_volume,0,0,0,0,no_volume,0,0,0,0,no_volume,0,0,0,18,0,18,21171,10997,-0.3163,0,0,28,16,25,24,1
1775346793,24,75,0,0,0,0,no_volume,0,0,0,0,no_volume,0,0,0,0,no_volume,0,0,0,18,0,18,21171,10997,-0.3163,0,0,28,16,25,24,1
1775346794,24,75,0,0,0,0,no_volume,0,0,0,0,no_volume,0,0,0,0,no_volume,0,0,0,18,0,18,21171,10997,-0.3163,0,0,28,16,25,24,1
1775346795,24,75,0,0,0,0,no_volume,0,0,0,0,no_volume,0,0,0,0,no_volume,0,0,0,18,0,18,21171,10997,-0.3163,0,0,28,16,25,24,1
1775346796,24,75,0,0,0,0,no_volume,0,0,0,0,no_volume,0,0,0,0,no_volume,0,0,0,18,0,18,21171,10997,-0.3163,0,0,28,16,25,24,1
1775346797,24,75,0,0,0,0,no_volume,0,0,0,0,no_volume,0,0,0,0,no_volume,0,0,0,18,0,18,21171,10997,-0.3163,0,0,28,16,25,24,1
1775346798,24,75,0,0,0,0,no_volume,0,0,0,0,no_volume,0,0,0,0,no_volume,0,0,0,18,0,18,21171,10997,-0.3163,0,0,28,16,25,24,1
1775346799,24,75,0,0,0,0,no_volume,0,0,0,0,no_volume,0,0,0,0,no_volume,0,0,0,18,0,18,21171,10997,-0.3163,0,0,28,16,25,24,1
1775346800,24,75,0,0,0,0,no_volume,0,0,0,0,no_volume,0,0,0,0,no_volume,0,0,0,18,0,18,21171,11762,-0.2857,0,0,28,16,25,24,1
1775346801,24,75,0,0,0,0,no_volume,0,0,0,0,no_volume,0,0,0,0,no_volume,0,0,0,18,0,18,21171,11762,-0.2857,0,0,28,16,25,24,1
1775346802,24,75,0,0,0,0,no_volume,0,0,0,0,no_volume,0,0,0,0,no_volume,0,0,0,18,0,18,21171,11762,-0.2857,0,0,28,16,25,24,1
1775346803,24,75,0,0,0,0,no_volume,0,0,0,0,no_volume,0,0,0,0,no_volume,0,0,0,18,0,18,21171,11762,-0.2857,0,0,28,16,25,24,1
1775346804,24,75,0,0,0,0,no_volume,0,0,0,0,no_volume,0,0,0,0,no_volume,0,0,0,18,0,18,21171,11762,-0.2857,0,0,28,16,25,24,1
1775346805,24,75,0,0,0,0,no_volume,0,0,0,0,no_volume,0,0,0,0,no_volume,0,0,0,18,0,18,21171,11762,-0.2857,0,0,28,16,25,24,1
1775346806,24,75,0,0,0,0,no_volume,0,0,0,0,no_volume,0,0,0,0,no_volume,0,0,0,18,0,18,21171,11762,-0.2857,0,0,28,16,25,24,1
1775346807,24,75,0,0,0,0,no_volume,0,0,0,0,no_volume,0,0,0,0,no_volume,0,0,0,18,0,18,21171,11762,-0.2857,0,0,28,16,25,24,1
1775346808,24,75,0,0,0,0,no_volume,0,0,0,0,no_volume,0,0,0,0,no_volume,0,0,0,18,0,18,21171,11762,-0.2857,0,0,28,16,25,24,1
1775346809,24,75,0,0,0,0,no_volume,0,0,0,0,no_volume,0,0,0,0,no_volume,0,0,0,18,0,18,21171,11762,-0.2857,0,0,28,16,25,24,1
1775346810,24,75,0,0,0,0,no_volume,0,0,0,0,no_volume,0,0,0,0,no_volume,0,0,0,18,0,18,21171,11732,-0.2869,0,0,28,16,25,24,1
1775346811,24,75,0,0,0,0,no_volume,0,0,0,0,no_volume,0,0,0,0,no_volume,0,0,0,18,0,18,21171,11732,-0.2869,0,0,28,16,25,24,1
1775346812,24,75,0,0,0,0,no_volume,0,0,0,0,no_volume,0,0,0,0,no_volume,0,0,0,18,0,18,21171,11732,-0.2869,0,0,28,16,25,24,1
1775346813,24,75,0,0,0,0,no_volume,0,0,0,0,no_volume,0,0,0,0,no_volume,0,0,0,18,0,18,21171,11732,-0.2869,0,0,28,16,25,24,1
1775346814,24,75,0,0,0,0,no_volume,0,0,0,0,no_volume,0,0,0,0,no_volume,0,0,0,18,0,18,21171,11732,-0.2869,0,0,28,16,25,24,1
1775346815,24,75,0,0,0,0,no_volume,0,0,0,0,no_volume,0,0,0,0,no_volume,0,0,0,18,0,18,21171,11732,-0.2869,0,0,28,16,25,24,1
1775346816,24,75,0,0,0,0,no_volume,0,0,0,0,no_volume,0,0,0,0,no_volume,0,0,0,18,0,18,21171,11732,-0.2869,0,0,28,16,25,24,1
1775346817,24,75,0,0,0,0,no_volume,0,0,0,0,no_volume,0,0,0,0,no_volume,0,0,0,18,0,18,21171,11732,-0.2869,0,0,28,16,25,24,1
1775346818,24,75,0,0,0,0,no_volume,0,0,0,0,no_volume,0,0,0,0,no_volume,0,0,0,0,0,0,21171,11732,-0.2869,0,0,28,16,25,24,1
1775346819,24,75,0,0,0,0,no_volume,0,0,0,0,no_volume,0,0,0,0,no_volume,0,0,0,0,0,0,21171,11732,-0.2869,0,0,28,16,25,24,1
1775346820,24,75,0,0,0,0,no_volume,0,0,0,0,no_volume,0,0,0,0,no_volume,0,0,0,0,0,0,21171,11732,-0.2869,0,0,28,16,25,24,1
1775346821,24,75,0,0,0,0,no_volume,0,0,0,0,no_volume,0,0,0,0,no_volume,0,0,0,0,0,0,21171,11732,-0.2869,0,0,28,16,25,24,1
1775346822,24,75,0,0,0,0,no_volume,0,0,0,0,no_volume,0,0,0,0,no_volume,0,0,0,0,0,0,21171,11732,-0.2869,0,0,28,16,25,24,1
1775346823,24,75,0,0,0,0,no_volume,0,0,0,0,no_volume,0,0,0,0,no_volume,0,0,0,0,0,0,21171,11732,-0.2869,0,0,28,16,25,24,1
1775346824,24,75,0,0,0,0,no_volume,0,0,0,0,no_volume,0,0,0,0,no_volume,0,0,0,0,0,0,21171,11732,-0.2869,0,0,28,16,25,24,1
1775346825,24,75,0,0,0,0,no_volume,0,0,0,0,no_volume,0,0,0,0,no_volume,0,0,0,0,0,0,21171,11732,-0.2869,0,0,28,16,25,24,1
1775346826,24,75,0,0,0,0,no_volume,0,0,0,0,no_volume,0,0,0,0,no_volume,0,0,0,0,0,0,21171,11732,-0.2869,0,0,28,16,25,24,1
1775346827,24,75,0,0,0,0,no_volume,0,0,0,0,no_volume,0,0,0,0,no_volume,0,0,0,0,0,0,21171,11732,-0.2869,0,0,28,16,25,24,1
1775346828,24,75,0,0,0,0,no_volume,0,0,0,0,no_volume,0,0,0,0,no_volume,0,0,0,0,0,0,21171,11732,-0.2869,0,0,28,16,25,24,1
1775346829,24,75,0,0,0,0,no_volume,0,0,0,0,no_volume,0,0,0,0,no_volume,0,0,0,0,0,0,21171,11732,-0.2869,0,0,28,16,25,24,1
1775346830,24,75,0,0,0,0,no_volume,0,0,0,0,no_volume,0,0,0,0,no_volume,0,0,0,0,0,0,21171,11732,-0.2869,0,0,28,16,25,24,1
1775346831,24,75,0,0,0,0,no_volume,0,0,0,0,no_volume,0,0,0,0,no_volume,0,0,0,0,0,0,21171,11732,-0.2869,0,0,28,16,25,24,1
1775346832,24,75,0,0,0,0,no_volume,0,0,0,0,no_volume,0,0,0,0,no_volume,0,0,0,0,0,0,21171,11732,-0.2869,0,0,28,16,25,24,1
1775346833,24,75,0,0,0,0,no_volume,0,0,0,0,no_volume,0,0,0,0,no_volume,0,0,0,0,0,0,21171,11732,-0.2869,0,0,28,16,25,24,1
1775346834,24,75,0,0,0,0,no_volume,0,0,0,0,no_volume,0,0,0,0,no_volume,0,0,0,0,0,0,21171,11732,-0.2869,0,0,28,16,25,24,1
1775346835,24,75,0,0,0,0,no_volume,0,0,0,0,no_volume,0,0,0,0,no_volume,0,0,0,0,0,0,21171,11732,-0.2869,0,0,28,16,25,24,1
1775346836,24,75,0,0,0,0,no_volume,0,0,0,0,no_volume,0,0,0,0,no_volume,0,0,0,0,0,0,21171,11732,-0.2869,0,0,28,16,25,24,1
1775346837,24,75,0,0,0,0,no_volume,0,0,0,0,no_volume,0,0,0,0,no_volume,0,0,0,0,0,0,21171,11732,-0.2869,0,0,28,16,25,24,1
1775346838,24,75,0,0,0,0,no_volume,0,0,0,0,no_volume,0,0,0,0,no_volume,0,0,0,0,0,0,21171,11732,-0.2869,0,0,28,16,25,24,1
1775346839,24,75,0,0,0,0,no_volume,0,0,0,0,no_volume,0,0,0,0,no_volume,0,0,0,0,0,0,21171,11732,-0.2869,0,0,28,16,25,24,1
1775346840,24,75,0,0,0,0,no_volume,0,0,0,0,no_volume,0,0,0,0,no_volume,0,0,0,0,0,0,21171,11732,-0.2869,0,0,28,16,25,24,1
1775346841,24,75,0,0,0,0,no_volume,0,0,0,0,no_volume,0,0,0,0,no_volume,0,0,0,0,0,0,21171,11732,-0.2869,0,0,28,16,25,24,1
1775346842,24,75,0,0,0,0,no_volume,0,0,0,0,no_volume,0,0,0,0,no_volume,0,0,0,0,0,0,21171,11762,-0.2857,0,0,28,16,25,24,1
1775346843,24,75,0,0,0,0,no_volume,0,0,0,0,no_volume,0,0,0,0,no_volume,0,0,0,0,0,0,21171,9657,-0.3735,0,0,28,16,25,24,1
1775346844,24,75,0,0,0,0,no_volume,0,0,0,0,no_volume,0,0,0,0,no_volume,0,0,0,0,0,0,21171,9657,-0.3735,0,0,28,16,25,24,1
1775346845,24,75,0,0,0,0,no_volume,0,0,0,0,no_volume,0,0,0,0,no_volume,0,0,0,0,0,0,21171,9657,-0.3735,0,0,28,16,25,24,1
1775346846,24,75,0,0,0,0,no_volume,0,0,0,0,no_volume,0,0,0,0,no_volume,0,0,0,0,0,0,21171,9657,-0.3735,0,0,28,16,25,24,1
1775346847,24,75,0,0,0,0,no_volume,0,0,0,0,no_volume,0,0,0,0,no_volume,0,0,0,0,0,0,21171,9657,-0.3735,0,0,28,16,25,24,1
1775346848,24,75,0,0,0,0,no_volume,0,0,0,0,no_volume,0,0,0,0,no_volume,0,0,0,0,0,0,21171,9657,-0.3735,0,0,28,16,25,24,1
1775346849,24,75,0,0,0,0,no_volume,0,0,0,0,no_volume,0,0,0,0,no_volume,0,0,0,0,0,0,21171,9657,-0.3735,0,0,28,16,25,24,1
1775346850,24,75,0,0,0,0,no_volume,0,0,0,0,no_volume,0,0,0,0,no_volume,0,0,0,0,0,0,21171,9657,-0.3735,0,0,28,16,25,24,1
1775346851,24,75,0,0,0,0,no_volume,0,0,0,0,no_volume,0,0,0,0,no_volume,0,0,0,0,0,0,21171,9657,-0.3735,0,0,28,16,25,24,1
1775346852,24,75,0,0,0,0,no_volume,0,0,0,0,no_volume,0,0,0,0,no_volume,0,0,0,0,0,0,21171,9657,-0.3735,0,0,28,16,25,24,1
1775346853,24,75,0,0,0,0,no_volume,0,0,0,0,no_volume,0,0,0,0,no_volume,0,0,0,0,0,0,21171,9657,-0.3735,0,0,28,16,25,24,1
1775346854,24,75,0,0,0,0,no_volume,0,0,0,0,no_volume,0,0,0,0,no_volume,0,0,0,0,0,0,21171,9657,-0.3735,0,0,28,16,25,24,1
1775346855,24,75,0,0,0,0,no_volume,0,0,0,0,no_volume,0,0,0,0,no_volume,0,0,0,0,0,0,21171,9657,-0.3735,0,0,28,16,25,24,1
1775346856,24,75,0,0,0,0,no_volume,0,0,0,0,no_volume,0,0,0,0,no_volume,0,0,0,0,0,0,21171,9657,-0.3735,0,0,28,16,25,24,1
1775346857,24,75,0,0,0,0,no_volume,0,0,0,0,no_volume,0,0,0,0,no_volume,0,0,0,0,0,0,20407,9657,-0.3576,-764,-764,28,16,25,24,1
1775346858,24,75,0,0,0,0,no_volume,0,0,0,0,no_volume,0,0,0,0,no_volume,0,0,0,0,0,0,21020,9657,-0.3704,-151,-151,28,16,25,24,1
1775346859,24,75,0,0,0,0,no_volume,0,0,0,0,no_volume,0,0,0,0,no_volume,0,0,0,0,0,0,21020,9657,-0.3704,-151,-151,28,16,25,24,1
1775346860,24,75,0,0,0,0,no_volume,0,0,0,0,no_volume,0,0,0,0,no_volume,0,0,0,0,0,0,21020,9657,-0.3704,613,-151,28,16,25,24,1
1775346861,24,75,0,0,0,0,no_volume,0,0,0,0,no_volume,0,0,0,0,no_volume,0,0,0,0,0,0,21020,9657,-0.3704,0,-151,28,16,25,24,1
1775346862,24,75,0,0,0,0,no_volume,0,0,0,0,no_volume,0,0,0,0,no_volume,0,0,0,0,0,0,21020,9657,-0.3704,0,-151,28,16,25,24,1
1775346863,24,75,0,0,0,0,no_volume,0,0,0,0,no_volume,0,0,0,0,no_volume,0,0,0,0,0,0,21020,9657,-0.3704,0,-151,28,16,25,24,1
1775346864,24,75,0,0,0,0,no_volume,0,0,0,0,no_volume,0,0,0,0,no_volume,0,0,0,0,0,0,21020,9657,-0.3704,0,-151,28,16,25,24,1
1775346865,24,75,0,0,0,0,no_volume,0,0,0,0,no_volume,0,0,0,0,no_volume,0,0,0,0,0,0,21020,9657,-0.3704,0,-151,28,16,25,24,1
1775346866,24,75,0,0,0,0,no_volume,0,0,0,0,no_volume,0,0,0,0,no_volume,0,0,0,0,0,0,21020,9657,-0.3704,0,-151,28,16,25,24,1
1775346867,24,75,0,0,0,0,no_volume,0,0,0,0,no_volume,0,0,0,0,no_volume,0,0,0,0,0,0,21020,9657,-0.3704,0,613,28,16,25,24,1
1775346868,24,75,0,0,0,0,no_volume,0,0,0,0,no_volume,0,0,0,0,no_volume,0,0,0,0,0,0,21020,9657,-0.3704,0,0,28,16,25,24,1
1775346869,24,75,0,0,0,0,no_volume,0,0,0,0,no_volume,0,0,0,0,no_volume,0,0,0,0,0,0,21020,9657,-0.3704,0,0,28,16,25,24,1
1775346870,24,75,0,0,0,0,no_volume,0,0,0,0,no_volume,0,0,0,0,no_volume,0,0,0,0,0,0,21020,9657,-0.3704,0,0,28,16,25,24,1
1775346871,24,75,0,0,0,0,no_volume,0,0,0,0,no_volume,0,0,0,0,no_volume,0,0,0,0,0,0,16541,5178,-0.5232,-4479,-4479,27,16,25,24,1
1775346872,24,75,0,0,0,0,no_volume,0,0,0,0,no_volume,0,0,0,0,no_volume,0,0,0,0,0,0,21020,9657,-0.3704,0,0,28,16,25,24,1
1775346873,24,75,0,0,0,0,no_volume,0,0,0,0,no_volume,0,0,0,0,no_volume,0,0,0,0,0,0,21020,9657,-0.3704,0,0,28,16,25,24,1
1775346874,24,75,0,0,0,0,no_volume,0,0,0,0,no_volume,0,0,0,0,no_volume,0,0,0,0,0,0,21020,9657,-0.3704,4479,0,28,16,25,24,1
1775346875,24,75,0,0,0,0,no_volume,0,0,0,0,no_volume,0,0,0,0,no_volume,0,0,0,0,0,0,21020,9657,-0.3704,0,0,28,16,25,24,1
1775346876,24,75,0,0,0,0,no_volume,0,0,0,0,no_volume,0,0,0,0,no_volume,0,0,0,0,0,0,21020,9657,-0.3704,0,0,28,16,25,24,1
1775346877,24,75,0,0,0,0,no_volume,0,0,0,0,no_volume,0,0,0,0,no_volume,0,0,0,0,0,0,21020,9657,-0.3704,0,0,28,16,25,24,1
1775346878,24,75,0,0,0,0,no_volume,0,0,0,0,no_volume,0,0,0,0,no_volume,0,0,0,0,0,0,21020,9657,-0.3704,0,0,28,16,25,24,1
1775346879,24,75,0,0,0,0,no_volume,0,0,0,0,no_volume,0,0,0,0,no_volume,0,0,0,0,0,0,21020,9657,-0.3704,0,0,28,16,25,24,1
1775346880,24,75,0,0,0,0,no_volume,0,0,0,0,no_volume,0,0,0,0,no_volume,0,0,0,0,0,0,21020,9657,-0.3704,0,0,28,16,25,24,1
1775346881,24,75,0,0,0,0,no_volume,0,0,0,0,no_volume,0,0,0,0,no_volume,0,0,0,0,0,0,21020,9657,-0.3704,0,4479,28,16,25,24,1
1775346882,24,75,0,0,0,0,no_volume,0,0,0,0,no_volume,0,0,0,0,no_volume,0,0,0,0,0,0,21020,9657,-0.3704,0,0,28,16,25,24,1
1775346883,24,75,0,0,0,0,no_volume,0,0,0,0,no_volume,0,0,0,0,no_volume,0,0,0,0,0,0,21020,9657,-0.3704,0,0,28,16,25,24,1
1775346884,24,75,0,0,0,0,no_volume,0,0,0,0,no_volume,0,0,0,0,no_volume,0,0,0,0,0,0,21020,9657,-0.3704,0,0,28,16,25,24,1
1775346885,24,75,0,0,0,0,no_volume,0,0,0,0,no_volume,0,0,0,0,no_volume,0,0,0,0,0,0,18872,9657,-0.323,-2148,-2148,26,16,25,24,1
1775346886,24,75,0,0,0,0,no_volume,0,0,0,0,no_volume,0,0,0,0,no_volume,0,0,0,0,0,0,18872,9657,-0.323,-2148,-2148,26,16,25,24,1
1775346887,24,75,0,0,0,0,no_volume,0,0,0,0,no_volume,0,0,0,0,no_volume,0,0,0,0,0,0,18259,8892,-0.345,-2761,-2761,26,16,25,24,1
1775346888,24,75,0,0,0,0,no_volume,0,0,0,0,no_volume,0,0,0,0,no_volume,0,0,0,0,0,0,18259,8892,-0.345,-613,-2761,26,16,25,24,1
1775346889,24,75,0,0,0,0,no_volume,0,0,0,0,no_volume,0,0,0,0,no_volume,0,0,0,0,0,0,18259,8892,-0.345,-613,-2761,26,16,25,24,1
1775346890,24,75,0,0,0,0,no_volume,0,0,0,0,no_volume,0,0,0,0,no_volume,0,0,0,0,0,0,18259,8892,-0.345,0,-2761,26,16,25,24,1
1775346891,24,75,0,0,0,0,no_volume,0,0,0,0,no_volume,0,0,0,0,no_volume,0,0,0,0,0,0,18259,8892,-0.345,0,-2761,26,16,25,24,1
1775346892,24,75,0,0,0,0,no_volume,0,0,0,0,no_volume,0,0,0,0,no_volume,0,0,0,0,0,0,18259,8892,-0.345,0,-2761,26,16,25,24,1
1775346893,24,75,0,0,0,0,no_volume,0,0,0,0,no_volume,0,0,0,0,no_volume,0,0,0,0,0,0,18259,8892,-0.345,0,-2761,26,16,25,24,1
1775346894,24,75,0,0,0,0,no_volume,0,0,0,0,no_volume,0,0,0,0,no_volume,0,0,0,0,0,0,18259,8892,-0.345,0,-2761,26,16,25,24,1
1775346895,24,75,0,0,0,0,no_volume,0,0,0,0,no_volume,0,0,0,0,no_volume,0,0,0,0,0,0,18259,8892,-0.345,0,-613,26,16,25,24,1
1775346896,24,75,0,0,0,0,no_volume,0,0,0,0,no_volume,0,0,0,0,no_volume,0,0,0,0,0,0,18259,8892,-0.345,0,-613,26,16,25,24,1
1775346897,24,75,0,0,0,0,no_volume,0,0,0,0,no_volume,0,0,0,0,no_volume,0,0,0,0,0,0,18259,8892,-0.345,0,0,26,16,25,24,1
1775346898,24,75,0,0,0,0,no_volume,0,0,0,0,no_volume,0,0,0,0,no_volume,0,0,0,0,0,0,18259,8892,-0.345,0,0,26,16,25,24,1
1775346899,24,75,0,0,0,0,no_volume,0,0,0,0,no_volume,0,0,0,0,no_volume,0,0,0,0,0,0,18259,8892,-0.345,0,0,26,16,25,24,1
1775346900,24,75,0,0,0,0,no_volume,0,0,0,0,no_volume,0,0,0,0,no_volume,0,0,0,0,0,0,18259,8892,-0.345,0,0,26,16,25,24,1
1775346901,24,75,0,0,0,0,no_volume,0,0,0,0,no_volume,0,0,0,0,no_volume,0,0,0,0,0,0,18259,8892,-0.345,0,0,26,16,25,24,1
1775346902,24,75,0,0,0,0,no_volume,0,0,0,0,no_volume,0,0,0,0,no_volume,0,0,0,0,0,0,18259,8862,-0.3465,0,0,26,16,25,24,1
1775346903,24,75,0,0,0,0,no_volume,0,0,0,0,no_volume,0,0,0,0,no_volume,0,0,0,0,0,0,18259,8862,-0.3465,0,0,26,16,25,24,1
1775346904,24,75,0,0,0,0,no_volume,0,0,0,0,no_volume,0,0,0,0,no_volume,0,0,0,0,0,0,18259,8862,-0.3465,0,0,26,16,25,24,1
1775346905,24,75,0,0,0,0,no_volume,0,0,0,0,no_volume,0,0,0,0,no_volume,0,0,0,0,0,0,18259,8862,-0.3465,0,0,26,16,25,24,1
1775346906,24,75,0,0,0,0,no_volume,0,0,0,0,no_volume,0,0,0,0,no_volume,0,0,0,0,0,0,18259,8862,-0.3465,0,0,26,16,25,24,1
1775346907,24,75,0,0,0,0,no_volume,0,0,0,0,no_volume,0,0,0,0,no_volume,0,0,0,0,0,0,18259,8862,-0.3465,0,0,26,16,25,24,1
1775346908,24,75,0,0,0,0,no_volume,0,0,0,0,no_volume,0,0,0,0,no_volume,0,0,0,0,0,0,18259,8862,-0.3465,0,0,26,16,25,24,1
1775346909,24,75,0,0,0,0,no_volume,0,0,0,0,no_volume,0,0,0,0,no_volume,0,0,0,0,0,0,18259,8862,-0.3465,0,0,26,16,25,24,1
1775346910,24,75,0,0,0,0,no_volume,0,0,0,0,no_volume,0,0,0,0,no_volume,0,0,0,0,0,0,18259,8862,-0.3465,0,0,26,16,25,24,1
1775346911,24,75,0,0,0,0,no_volume,0,0,0,0,no_volume,0,0,0,0,no_volume,0,0,0,0,0,0,18259,8862,-0.3465,0,0,26,16,25,24,1
1775346912,24,75,0,0,0,0,no_volume,0,0,0,0,no_volume,0,0,0,0,no_volume,0,0,0,0,0,0,18259,8862,-0.3465,0,0,26,16,25,24,1
1775346913,24,75,0,0,0,0,no_volume,0,0,0,0,no_volume,0,0,0,0,no_volume,0,0,0,0,0,0,18259,8862,-0.3465,0,0,26,16,25,24,1
1775346914,24,75,0,0,0,0,no_volume,0,0,0,0,no_volume,0,0,0,0,no_volume,0,0,0,0,0,0,18259,8862,-0.3465,0,0,26,16,25,24,1
1775346915,24,75,0,0,0,0,no_volume,0,0,0,0,no_volume,0,0,0,0,no_volume,0,0,0,0,0,0,18259,8862,-0.3465,0,0,26,16,25,24,1
1775346916,24,75,0,0,0,0,no_volume,0,0,0,0,no_volume,0,0,0,0,no_volume,0,0,0,0,0,0,18259,8892,-0.345,0,0,26,16,25,24,1
1775346917,24,75,0,0,0,0,no_volume,0,0,0,0,no_volume,0,0,0,0,no_volume,0,0,0,0,0,0,18259,8892,-0.345,0,0,26,16,25,24,1
1775346918,24,75,0,0,0,0,no_volume,0,0,0,0,no_volume,0,0,0,0,no_volume,0,0,0,0,0,0,18259,8892,-0.345,0,0,26,16,25,24,1
1775346919,24,75,0,0,0,0,no_volume,0,0,0,0,no_volume,0,0,0,0,no_volume,0,0,0,0,0,0,18259,8892,-0.345,0,0,26,16,25,24,1
1775346920,24,75,0,0,0,0,no_volume,0,0,0,0,no_volume,0,0,0,0,no_volume,0,0,0,0,0,0,18259,8892,-0.345,0,0,26,16,25,24,1
1775346921,24,75,0,0,0,0,no_volume,0,0,0,0,no_volume,0,0,0,0,no_volume,0,0,0,0,0,0,18259,8892,-0.345,0,0,26,16,25,24,1
1775346922,24,75,0,0,0,0,no_volume,0,0,0,0,no_volume,0,0,0,0,no_volume,0,0,0,0,0,0,18259,8892,-0.345,0,0,26,16,25,24,1
1775346923,24,75,0,0,0,0,no_volume,0,0,0,0,no_volume,0,0,0,0,no_volume,0,0,0,0,0,0,18259,8892,-0.345,0,0,26,16,25,24,1
1775346924,24,75,0,0,0,0,no_volume,0,0,0,0,no_volume,0,0,0,0,no_volume,0,0,0,0,0,0,18259,8892,-0.345,0,0,26,16,25,24,1
1775346925,24,75,0,0,0,0,no_volume,0,0,0,0,no_volume,0,0,0,0,no_volume,0,0,0,0,0,0,18259,8892,-0.345,0,0,26,16,25,24,1
1775346926,24,75,0,0,0,0,no_volume,0,0,0,0,no_volume,0,0,0,0,no_volume,0,0,0,0,0,0,18259,8892,-0.345,0,0,26,16,25,24,1
1775346927,24,75,0,0,0,0,no_volume,0,0,0,0,no_volume,0,0,0,0,no_volume,0,0,0,0,0,0,18259,8892,-0.345,0,0,26,16,25,24,1
1775346928,24,75,0,0,0,0,no_volume,0,0,0,0,no_volume,0,0,0,0,no_volume,0,0,0,0,0,0,18259,8892,-0.345,0,0,26,16,25,24,1
1775346929,25,74,0,10,0,10,low_activity,0,10,0,10,low_activity,0,10,0,10,low_activity,12,0,12,12,0,12,18247,9506,-0.315,-12,-12,25,17,26,25,1
1775346930,25,74,0,10,0,10,low_activity,0,10,0,10,low_activity,0,10,0,10,low_activity,0,0,0,12,0,12,18247,9506,-0.315,-12,-12,25,17,26,25,1
1775346931,25,74,0,10,0,10,low_activity,0,10,0,10,low_activity,0,10,0,10,low_activity,0,0,0,12,0,12,18247,9506,-0.315,-12,-12,25,17,26,25,1
1775346932,25,74,0,0,0,0,no_volume,0,10,0,10,low_activity,0,10,0,10,low_activity,0,0,0,12,0,12,18247,9506,-0.315,0,-12,25,17,26,25,1
1775346933,25,74,0,0,0,0,no_volume,0,10,0,10,low_activity,0,10,0,10,low_activity,0,0,0,12,0,12,18871,9506,-0.33,624,612,25,17,26,25,1
1775346934,25,74,0,0,0,0,no_volume,0,0,0,0,no_volume,0,10,0,10,low_activity,0,0,0,12,0,12,18518,9506,-0.3216,271,259,25,17,26,25,1
1775346935,25,74,0,0,0,0,no_volume,0,0,0,0,no_volume,0,10,0,10,low_activity,0,0,0,12,0,12,17904,8764,-0.3427,-343,-355,25,15,26,25,1
1775346936,25,74,0,0,0,0,no_volume,0,0,0,0,no_volume,0,10,0,10,low_activity,0,0,0,12,0,12,17904,8793,-0.3413,-967,-355,25,15,26,25,1
1775346937,25,74,0,0,0,0,no_volume,0,0,0,0,no_volume,0,10,0,10,low_activity,0,0,0,12,0,12,17904,8793,-0.3413,-614,-355,25,15,26,25,1
1775346938,25,73,0,0,0,0,no_volume,0,0,0,0,no_volume,0,10,0,10,low_activity,0,0,0,12,0,12,17904,8793,-0.3413,0,-355,24,15,27,25,2
1775346939,26,73,0,0,0,0,no_volume,0,0,0,0,no_volume,0,10,0,10,low_activity,0,0,0,12,0,12,17904,13458,-0.1418,0,-343,24,16,27,26,1
1775346940,26,73,0,0,0,0,no_volume,0,0,0,0,no_volume,0,10,0,10,low_activity,0,0,0,12,0,12,17904,14071,-0.1199,0,-343,24,16,27,26,1
1775346941,26,73,0,0,0,0,no_volume,0,0,0,0,no_volume,0,10,0,10,low_activity,0,0,0,12,0,12,17904,14071,-0.1199,0,-343,24,16,27,26,1
1775346942,26,73,0,0,0,0,no_volume,0,0,0,0,no_volume,0,10,0,10,low_activity,0,0,0,12,0,12,13425,9592,-0.1665,-4479,-4822,23,15,27,26,1
1775346943,26,73,0,0,0,0,no_volume,0,0,0,0,no_volume,0,10,0,10,low_activity,0,0,0,12,0,12,17904,14071,-0.1199,0,-967,24,16,27,26,1
1775346944,26,73,0,0,0,0,no_volume,0,0,0,0,no_volume,0,10,0,10,low_activity,0,0,0,12,0,12,17904,14071,-0.1199,0,-614,24,16,27,26,1
1775346945,26,73,0,0,0,0,no_volume,0,0,0,0,no_volume,0,10,0,10,low_activity,0,0,0,12,0,12,17919,14081,-0.1199,4494,15,23,16,27,26,1
1775346946,26,73,0,0,0,0,no_volume,0,0,0,0,no_volume,0,10,0,10,low_activity,0,0,0,12,0,12,18532,14081,-0.1365,628,628,23,16,27,26,1
1775346947,26,73,0,0,0,0,no_volume,0,0,0,0,no_volume,0,10,0,10,low_activity,0,0,0,12,0,12,18532,14081,-0.1365,628,628,23,16,27,26,1
1775346948,26,73,0,0,0,0,no_volume,0,0,0,0,no_volume,0,10,0,10,low_activity,0,0,0,12,0,12,18452,14081,-0.1344,533,548,23,16,27,26,1
1775346949,26,73,0,0,0,0,no_volume,0,0,0,0,no_volume,0,10,0,10,low_activity,0,0,0,12,0,12,18452,14081,-0.1344,-80,548,23,16,27,26,1
1775346950,26,73,0,0,0,0,no_volume,0,0,0,0,no_volume,0,10,0,10,low_activity,0,0,0,12,0,12,18452,14081,-0.1344,-80,548,23,16,27,26,1
1775346951,26,73,0,0,0,0,no_volume,0,0,0,0,no_volume,0,10,0,10,low_activity,0,0,0,12,0,12,18452,14081,-0.1344,0,548,23,16,27,26,1
1775346952,26,73,0,0,0,0,no_volume,0,0,0,0,no_volume,0,10,0,10,low_activity,0,0,0,12,0,12,18452,14081,-0.1344,0,5027,23,16,27,26,1
1775346953,26,73,0,0,0,0,no_volume,0,0,0,0,no_volume,0,10,0,10,low_activity,0,0,0,12,0,12,18452,14081,-0.1344,0,548,23,16,27,26,1
1775346954,26,73,0,0,0,0,no_volume,0,0,0,0,no_volume,0,10,0,10,low_activity,0,0,0,12,0,12,18452,14081,-0.1344,0,548,23,16,27,26,1
1775346955,26,73,0,0,0,0,no_volume,0,0,0,0,no_volume,0,10,0,10,low_activity,0,0,0,12,0,12,18452,14081,-0.1344,0,533,23,16,27,26,1
1775346956,26,73,0,0,0,0,no_volume,0,0,0,0,no_volume,0,10,0,10,low_activity,0,0,0,12,0,12,18452,14081,-0.1344,0,-80,23,16,27,26,1
1775346957,26,73,0,0,0,0,no_volume,0,0,0,0,no_volume,0,10,0,10,low_activity,0,0,0,12,0,12,18452,14081,-0.1344,0,-80,23,16,27,26,1
1775346958,26,73,0,0,0,0,no_volume,0,0,0,0,no_volume,0,10,0,10,low_activity,0,0,0,12,0,12,18452,14081,-0.1344,0,0,23,16,27,26,1
1775346959,26,73,0,0,0,0,no_volume,0,0,0,0,no_volume,0,0,0,0,no_volume,0,0,0,12,0,12,18452,14081,-0.1344,0,0,23,16,27,26,1
1775346960,26,73,0,0,0,0,no_volume,0,0,0,0,no_volume,0,0,0,0,no_volume,0,0,0,12,0,12,18452,14081,-0.1344,0,0,23,16,27,26,1
1775346961,26,73,0,0,0,0,no_volume,0,0,0,0,no_volume,0,0,0,0,no_volume,0,0,0,12,0,12,18452,14081,-0.1344,0,0,23,16,27,26,1
1775346962,26,73,0,0,0,0,no_volume,0,0,0,0,no_volume,0,0,0,0,no_volume,0,0,0,12,0,12,18452,14081,-0.1344,0,0,23,16,27,26,1
1775346963,26,73,0,0,0,0,no_volume,0,0,0,0,no_volume,0,0,0,0,no_volume,0,0,0,12,0,12,18452,14081,-0.1344,0,0,23,16,27,26,1
1775346964,26,73,0,0,0,0,no_volume,0,0,0,0,no_volume,0,0,0,0,no_volume,0,0,0,12,0,12,18452,14081,-0.1344,0,0,23,16,27,26,1
1775346965,26,73,0,0,0,0,no_volume,0,0,0,0,no_volume,0,0,0,0,no_volume,0,0,0,12,0,12,18452,9938,-0.2999,0,0,23,15,27,26,1
1775346966,26,73,0,0,0,0,no_volume,0,0,0,0,no_volume,0,0,0,0,no_volume,0,0,0,12,0,12,18452,9938,-0.2999,0,0,23,15,27,26,1
1775346967,26,73,0,0,0,0,no_volume,0,0,0,0,no_volume,0,0,0,0,no_volume,0,0,0,12,0,12,18452,9938,-0.2999,0,0,23,15,27,26,1
1775346968,26,73,0,0,0,0,no_volume,0,0,0,0,no_volume,0,0,0,0,no_volume,0,0,0,12,0,12,18452,9938,-0.2999,0,0,23,15,27,26,1
1775346969,26,73,0,0,0,0,no_volume,0,0,0,0,no_volume,0,0,0,0,no_volume,0,0,0,12,0,12,18452,9938,-0.2999,0,0,23,15,27,26,1
1775346970,26,73,0,0,0,0,no_volume,0,0,0,0,no_volume,0,0,0,0,no_volume,0,0,0,12,0,12,18452,9938,-0.2999,0,0,23,15,27,26,1
1775346971,26,73,0,0,0,0,no_volume,0,0,0,0,no_volume,0,0,0,0,no_volume,0,0,0,12,0,12,18452,9938,-0.2999,0,0,23,15,27,26,1
1775346972,26,73,0,0,0,0,no_volume,0,0,0,0,no_volume,0,0,0,0,no_volume,0,0,0,12,0,12,18452,9938,-0.2999,0,0,23,15,27,26,1
1775346973,26,73,0,0,0,0,no_volume,0,0,0,0,no_volume,0,0,0,0,no_volume,0,0,0,12,0,12,18452,9938,-0.2999,0,0,23,15,27,26,1
1775346974,26,73,0,0,0,0,no_volume,0,0,0,0,no_volume,0,0,0,0,no_volume,0,0,0,12,0,12,18452,9938,-0.2999,0,0,23,15,27,26,1
1775346975,26,73,0,0,0,0,no_volume,0,0,0,0,no_volume,0,0,0,0,no_volume,0,0,0,12,0,12,18452,12056,-0.2096,0,0,23,15,27,26,1
1775346976,26,73,0,0,0,0,no_volume,0,0,0,0,no_volume,0,0,0,0,no_volume,0,0,0,12,0,12,18452,12056,-0.2096,0,0,23,15,27,26,1
1775346977,26,73,0,0,0,0,no_volume,0,0,0,0,no_volume,0,0,0,0,no_volume,0,0,0,12,0,12,17839,11422,-0.2193,-613,-613,23,15,27,26,1
1775346978,26,73,0,0,0,0,no_volume,0,0,0,0,no_volume,0,0,0,0,no_volume,0,0,0,12,0,12,17839,11422,-0.2193,-613,-613,23,15,27,26,1
1775346979,26,73,0,0,0,0,no_volume,0,0,0,0,no_volume,0,0,0,0,no_volume,0,0,0,12,0,12,17839,11422,-0.2193,-613,-613,23,15,27,26,1
1775346980,26,73,0,0,0,0,no_volume,0,0,0,0,no_volume,0,0,0,0,no_volume,0,0,0,12,0,12,17929,11438,-0.221,90,-523,23,15,27,26,1
1775346981,26,73,0,0,0,0,no_volume,0,0,0,0,no_volume,0,0,0,0,no_volume,0,0,0,12,0,12,17929,11438,-0.221,90,-523,23,15,27,26,1
1775346982,26,73,0,0,0,0,no_volume,0,0,0,0,no_volume,0,0,0,0,no_volume,0,0,0,12,0,12,17929,11438,-0.221,90,-523,23,15,27,26,1
1775346983,26,73,0,0,0,0,no_volume,0,0,0,0,no_volume,0,0,0,0,no_volume,0,0,0,12,0,12,18544,11438,-0.237,615,92,23,15,27,26,1
1775346984,26,73,0,0,0,0,no_volume,0,0,0,0,no_volume,0,0,0,0,no_volume,0,0,0,12,0,12,17929,11438,-0.221,0,-523,23,15,27,26,1
1775346985,26,73,0,0,0,0,no_volume,0,0,0,0,no_volume,0,0,0,0,no_volume,0,0,0,12,0,12,17929,11438,-0.221,0,-523,23,15,27,26,1
1775346986,26,73,0,0,0,0,no_volume,0,0,0,0,no_volume,0,0,0,0,no_volume,0,0,0,12,0,12,17929,12053,-0.196,-615,-523,23,15,27,26,1
1775346987,26,73,0,0,0,0,no_volume,0,0,0,0,no_volume,0,0,0,0,no_volume,0,0,0,12,0,12,17929,12053,-0.196,0,90,23,15,27,26,1
1775346988,26,73,0,0,0,0,no_volume,0,0,0,0,no_volume,0,0,0,0,no_volume,0,0,0,12,0,12,17929,12053,-0.196,0,90,23,15,27,26,1
1775346989,26,73,0,0,0,0,no_volume,0,0,0,0,no_volume,0,0,0,0,no_volume,0,0,0,0,0,0,17929,12053,-0.196,0,90,23,15,27,26,1
1775346990,26,73,0,0,0,0,no_volume,0,0,0,0,no_volume,0,0,0,0,no_volume,0,0,0,0,0,0,17929,12053,-0.196,0,0,23,15,27,26,1
1775346991,26,73,0,0,0,0,no_volume,0,0,0,0,no_volume,0,0,0,0,no_volume,0,0,0,0,0,0,17929,9935,-0.2869,0,0,23,15,27,26,1
1775346992,26,73,0,0,0,0,no_volume,0,0,0,0,no_volume,0,0,0,0,no_volume,0,0,0,0,0,0,18544,9935,-0.3023,615,615,23,15,27,26,1
1775346993,26,73,0,0,0,0,no_volume,0,0,0,0,no_volume,0,0,0,0,no_volume,0,0,0,0,0,0,18544,9935,-0.3023,615,0,23,15,27,26,1
1775346994,26,73,0,0,0,0,no_volume,0,0,0,0,no_volume,0,0,0,0,no_volume,0,0,0,0,0,0,18544,9935,-0.3023,615,615,23,15,27,26,1
1775346995,26,73,0,0,0,0,no_volume,0,0,0,0,no_volume,0,0,0,0,no_volume,0,0,0,0,0,0,18544,12056,-0.212,0,615,23,15,27,26,1
1775346996,26,73,0,0,0,0,no_volume,0,0,0,0,no_volume,0,0,0,0,no_volume,0,0,0,0,0,0,18544,12056,-0.212,0,615,23,15,27,26,1
1775346997,26,73,0,0,0,0,no_volume,0,0,0,0,no_volume,0,0,0,0,no_volume,0,0,0,0,0,0,18544,12056,-0.212,0,615,23,15,27,26,1
1775346998,26,73,0,0,0,0,no_volume,0,0,0,0,no_volume,0,0,0,0,no_volume,0,0,0,0,0,0,18544,12056,-0.212,0,615,23,15,27,26,1
1775346999,26,73,0,0,0,0,no_volume,0,0,0,0,no_volume,0,0,0,0,no_volume,0,0,0,0,0,0,18544,12056,-0.212,0,615,23,15,27,26,1
1775347000,26,73,0,0,0,0,no_volume,0,0,0,0,no_volume,0,0,0,0,no_volume,0,0,0,0,0,0,18544,12056,-0.212,0,615,23,15,27,26,1
1775347001,26,73,0,0,0,0,no_volume,0,0,0,0,no_volume,0,0,0,0,no_volume,0,0,0,0,0,0,18544,12056,-0.212,0,615,23,15,27,26,1
1775347002,26,73,0,0,0,0,no_volume,0,0,0,0,no_volume,0,0,0,0,no_volume,0,0,0,0,0,0,18544,12056,-0.212,0,0,23,15,27,26,1
1775347003,26,73,0,0,0,0,no_volume,0,0,0,0,no_volume,0,0,0,0,no_volume,0,0,0,0,0,0,18544,12056,-0.212,0,0,23,15,27,26,1
1775347004,26,73,0,0,0,0,no_volume,0,0,0,0,no_volume,0,0,0,0,no_volume,0,0,0,0,0,0,18544,12056,-0.212,0,0,23,15,27,26,1
1775347005,26,73,0,0,0,0,no_volume,0,0,0,0,no_volume,0,0,0,0,no_volume,0,0,0,0,0,0,18544,12056,-0.212,0,0,23,15,27,26,1
1775347006,26,73,0,0,0,0,no_volume,0,0,0,0,no_volume,0,0,0,0,no_volume,0,0,0,0,0,0,18544,12056,-0.212,0,0,23,15,27,26,1
1775347007,26,73,0,0,0,0,no_volume,0,0,0,0,no_volume,0,0,0,0,no_volume,0,0,0,0,0,0,18544,12056,-0.212,0,0,23,15,27,26,1
1775347008,26,73,0,0,0,0,no_volume,0,0,0,0,no_volume,0,0,0,0,no_volume,0,0,0,0,0,0,18544,12056,-0.212,0,0,23,15,27,26,1
1775347009,26,73,0,0,0,0,no_volume,0,0,0,0,no_volume,0,0,0,0,no_volume,0,0,0,0,0,0,18544,12056,-0.212,0,0,23,15,27,26,1
1775347010,26,73,0,0,0,0,no_volume,0,0,0,0,no_volume,0,0,0,0,no_volume,0,0,0,0,0,0,18544,12056,-0.212,0,0,23,15,27,26,1
1775347011,26,73,0,0,0,0,no_volume,0,0,0,0,no_volume,0,0,0,0,no_volume,0,0,0,0,0,0,18544,12056,-0.212,0,0,23,15,27,26,1
1775347012,26,73,0,0,0,0,no_volume,0,0,0,0,no_volume,0,0,0,0,no_volume,0,0,0,0,0,0,18544,12056,-0.212,0,0,23,15,27,26,1
1775347013,26,73,0,0,0,0,no_volume,0,0,0,0,no_volume,0,0,0,0,no_volume,0,0,0,0,0,0,18544,12056,-0.212,0,0,23,15,27,26,1
1775347014,26,73,0,0,0,0,no_volume,0,0,0,0,no_volume,0,0,0,0,no_volume,0,0,0,0,0,0,18544,12056,-0.212,0,0,23,15,27,26,1
1775347015,26,73,0,0,0,0,no_volume,0,0,0,0,no_volume,0,0,0,0,no_volume,0,0,0,0,0,0,18544,12056,-0.212,0,0,23,15,27,26,1
1775347016,26,73,0,0,0,0,no_volume,0,0,0,0,no_volume,0,0,0,0,no_volume,0,0,0,0,0,0,18544,12056,-0.212,0,0,23,15,27,26,1
1775347017,26,73,0,0,0,0,no_volume,0,0,0,0,no_volume,0,0,0,0,no_volume,0,0,0,0,0,0,18544,12056,-0.212,0,0,23,15,27,26,1
1775347018,26,73,0,0,0,0,no_volume,0,0,0,0,no_volume,0,0,0,0,no_volume,0,0,0,0,0,0,18544,12056,-0.212,0,0,23,15,27,26,1
1775347019,26,73,0,0,0,0,no_volume,0,0,0,0,no_volume,0,0,0,0,no_volume,0,0,0,0,0,0,18544,12056,-0.212,0,0,23,15,27,26,1
1775347020,26,73,0,0,0,0,no_volume,0,0,0,0,no_volume,0,0,0,0,no_volume,0,0,0,0,0,0,18544,12056,-0.212,0,0,23,15,27,26,1
1775347021,26,73,0,0,0,0,no_volume,0,0,0,0,no_volume,0,0,0,0,no_volume,0,0,0,0,0,0,18544,12056,-0.212,0,0,23,15,27,26,1
1775347022,26,73,0,0,0,0,no_volume,0,0,0,0,no_volume,0,0,0,0,no_volume,0,0,0,0,0,0,18544,12056,-0.212,0,0,23,15,27,26,1
1775347023,26,73,0,0,0,0,no_volume,0,0,0,0,no_volume,0,0,0,0,no_volume,0,0,0,0,0,0,18544,12056,-0.212,0,0,23,15,27,26,1
1775347024,26,73,0,0,0,0,no_volume,0,0,0,0,no_volume,0,0,0,0,no_volume,0,0,0,0,0,0,18544,12056,-0.212,0,0,23,15,27,26,1
1775347025,26,73,0,0,0,0,no_volume,0,0,0,0,no_volume,0,0,0,0,no_volume,0,0,0,0,0,0,18544,12056,-0.212,0,0,23,15,27,26,1
1775347026,26,73,0,0,0,0,no_volume,0,0,0,0,no_volume,0,0,0,0,no_volume,0,0,0,0,0,0,18544,12056,-0.212,0,0,23,15,27,26,1
1775347027,26,73,0,0,0,0,no_volume,0,0,0,0,no_volume,0,0,0,0,no_volume,0,0,0,0,0,0,18544,12056,-0.212,0,0,23,15,27,26,1
1775347028,26,73,0,0,0,0,no_volume,0,0,0,0,no_volume,0,0,0,0,no_volume,0,0,0,0,0,0,18544,12056,-0.212,0,0,23,15,27,26,1
1775347029,26,73,0,0,0,0,no_volume,0,0,0,0,no_volume,0,0,0,0,no_volume,0,0,0,0,0,0,18544,12056,-0.212,0,0,23,15,27,26,1
1775347030,26,73,0,0,0,0,no_volume,0,0,0,0,no_volume,0,0,0,0,no_volume,0,0,0,0,0,0,18544,12056,-0.212,0,0,23,15,27,26,1
1775347031,26,73,0,0,0,0,no_volume,0,0,0,0,no_volume,0,0,0,0,no_volume,0,0,0,0,0,0,18544,12056,-0.212,0,0,23,15,27,26,1
1775347032,26,73,0,0,0,0,no_volume,0,0,0,0,no_volume,0,0,0,0,no_volume,0,0,0,0,0,0,18544,12056,-0.212,0,0,23,15,27,26,1
1775347033,26,73,0,0,0,0,no_volume,0,0,0,0,no_volume,0,0,0,0,no_volume,0,0,0,0,0,0,18544,12056,-0.212,0,0,23,15,27,26,1
1775347034,26,73,0,0,0,0,no_volume,0,0,0,0,no_volume,0,0,0,0,no_volume,0,0,0,0,0,0,18544,12056,-0.212,0,0,23,15,27,26,1
1775347035,26,73,0,0,0,0,no_volume,0,0,0,0,no_volume,0,0,0,0,no_volume,0,0,0,0,0,0,18544,12056,-0.212,0,0,23,15,27,26,1
1775347036,26,73,0,0,0,0,no_volume,0,0,0,0,no_volume,0,0,0,0,no_volume,0,0,0,0,0,0,18544,12056,-0.212,0,0,23,15,27,26,1
1775347037,26,73,0,0,0,0,no_volume,0,0,0,0,no_volume,0,0,0,0,no_volume,0,0,0,0,0,0,18544,12056,-0.212,0,0,23,15,27,26,1
1775347038,26,73,0,0,0,0,no_volume,0,0,0,0,no_volume,0,0,0,0,no_volume,0,0,0,0,0,0,18544,12056,-0.212,0,0,23,15,27,26,1
1775347039,26,73,0,0,0,0,no_volume,0,0,0,0,no_volume,0,0,0,0,no_volume,0,0,0,0,0,0,18544,12056,-0.212,0,0,23,15,27,26,1
1775347040,26,73,0,0,0,0,no_volume,0,0,0,0,no_volume,0,0,0,0,no_volume,0,0,0,0,0,0,18544,12085,-0.2109,0,0,23,15,27,26,1
1775347041,26,73,0,0,0,0,no_volume,0,0,0,0,no_volume,0,0,0,0,no_volume,0,0,0,0,0,0,18544,12085,-0.2109,0,0,23,15,27,26,1
1775347042,26,73,0,0,0,0,no_volume,0,0,0,0,no_volume,0,0,0,0,no_volume,0,0,0,0,0,0,18544,12085,-0.2109,0,0,23,15,27,26,1
1775347043,26,73,0,0,0,0,no_volume,0,0,0,0,no_volume,0,0,0,0,no_volume,0,0,0,0,0,0,18544,12085,-0.2109,0,0,23,15,27,26,1
1775347044,26,73,0,0,0,0,no_volume,0,0,0,0,no_volume,0,0,0,0,no_volume,0,0,0,0,0,0,18544,12085,-0.2109,0,0,23,15,27,26,1
1775347045,26,73,0,0,0,0,no_volume,0,0,0,0,no_volume,0,0,0,0,no_volume,0,0,0,0,0,0,18544,12085,-0.2109,0,0,23,15,27,26,1
1775347046,26,73,0,0,0,0,no_volume,0,0,0,0,no_volume,0,0,0,0,no_volume,0,0,0,0,0,0,18544,12085,-0.2109,0,0,23,15,27,26,1
1775347047,26,73,0,0,0,0,no_volume,0,0,0,0,no_volume,0,0,0,0,no_volume,0,0,0,0,0,0,18544,12085,-0.2109,0,0,23,15,27,26,1
1775347048,26,73,0,0,0,0,no_volume,0,0,0,0,no_volume,0,0,0,0,no_volume,0,0,0,0,0,0,18544,12085,-0.2109,0,0,23,15,27,26,1
1775347049,26,73,0,0,0,0,no_volume,0,0,0,0,no_volume,0,0,0,0,no_volume,0,0,0,0,0,0,18544,12085,-0.2109,0,0,23,15,27,26,1
1775347050,26,73,0,0,0,0,no_volume,0,0,0,0,no_volume,0,0,0,0,no_volume,0,0,0,0,0,0,18544,12085,-0.2109,0,0,23,15,27,26,1
1775347051,26,73,0,0,0,0,no_volume,0,0,0,0,no_volume,0,0,0,0,no_volume,0,0,0,0,0,0,18544,12085,-0.2109,0,0,23,15,27,26,1
1775347052,26,73,0,0,0,0,no_volume,0,0,0,0,no_volume,0,0,0,0,no_volume,0,0,0,0,0,0,18544,12085,-0.2109,0,0,23,15,27,26,1
1775347053,26,73,0,0,0,0,no_volume,0,0,0,0,no_volume,0,0,0,0,no_volume,0,0,0,0,0,0,18544,12085,-0.2109,0,0,23,15,27,26,1
1775347054,26,73,0,0,0,0,no_volume,0,0,0,0,no_volume,0,0,0,0,no_volume,0,0,0,0,0,0,18544,11470,-0.2357,0,0,23,15,27,26,1
1775347055,26,73,0,0,0,0,no_volume,0,0,0,0,no_volume,0,0,0,0,no_volume,0,0,0,0,0,0,18544,12086,-0.2108,0,0,23,15,27,26,1
1775347056,26,73,0,0,0,0,no_volume,0,0,0,0,no_volume,0,0,0,0,no_volume,0,0,0,0,0,0,18544,12086,-0.2108,0,0,23,15,27,26,1
1775347057,26,73,0,0,0,0,no_volume,0,0,0,0,no_volume,0,0,0,0,no_volume,0,0,0,0,0,0,18544,11470,-0.2357,0,0,23,15,27,26,1
1775347058,26,73,0,0,0,0,no_volume,0,0,0,0,no_volume,0,0,0,0,no_volume,0,0,0,0,0,0,18544,11470,-0.2357,0,0,23,15,27,26,1
1775347059,26,73,0,0,0,0,no_volume,0,0,0,0,no_volume,0,0,0,0,no_volume,0,0,0,0,0,0,18544,11470,-0.2357,0,0,23,15,27,26,1
1775347060,26,73,0,0,0,0,no_volume,0,0,0,0,no_volume,0,0,0,0,no_volume,0,0,0,0,0,0,18544,11470,-0.2357,0,0,23,15,27,26,1
1775347061,26,73,0,0,0,0,no_volume,0,0,0,0,no_volume,0,0,0,0,no_volume,0,0,0,0,0,0,18544,11470,-0.2357,0,0,23,15,27,26,1
1775347062,26,73,0,0,0,0,no_volume,0,0,0,0,no_volume,0,0,0,0,no_volume,0,0,0,0,0,0,18544,11470,-0.2357,0,0,23,15,27,26,1
1775347063,26,73,0,0,0,0,no_volume,0,0,0,0,no_volume,0,0,0,0,no_volume,0,0,0,0,0,0,18544,11470,-0.2357,0,0,23,15,27,26,1
1775347064,26,73,0,0,0,0,no_volume,0,0,0,0,no_volume,0,0,0,0,no_volume,0,0,0,0,0,0,18544,12086,-0.2108,0,0,23,15,27,26,1
1775347065,26,73,0,0,0,0,no_volume,0,0,0,0,no_volume,0,0,0,0,no_volume,0,0,0,0,0,0,18544,12086,-0.2108,0,0,23,15,27,26,1
1775347066,26,73,0,0,0,0,no_volume,0,0,0,0,no_volume,0,0,0,0,no_volume,0,0,0,0,0,0,18544,12086,-0.2108,0,0,23,15,27,26,1
1775347067,26,73,0,0,0,0,no_volume,0,0,0,0,no_volume,0,0,0,0,no_volume,0,0,0,0,0,0,18544,12086,-0.2108,0,0,23,15,27,26,1
1775347068,26,73,0,0,0,0,no_volume,0,0,0,0,no_volume,0,0,0,0,no_volume,0,0,0,0,0,0,18544,12086,-0.2108,0,0,23,15,27,26,1
1775347069,26,73,0,0,0,0,no_volume,0,0,0,0,no_volume,0,0,0,0,no_volume,0,0,0,0,0,0,19544,10349,-0.3076,1000,1000,24,16,27,26,1
1775347070,26,73,0,0,0,0,no_volume,0,0,0,0,no_volume,0,0,0,0,no_volume,0,0,0,0,0,0,20544,10349,-0.33,2000,2000,25,16,27,26,1
1775347071,26,73,0,0,0,0,no_volume,0,0,0,0,no_volume,0,0,0,0,no_volume,0,0,0,0,0,0,21544,10349,-0.351,3000,3000,26,16,27,26,1
1775347072,26,73,0,0,0,0,no_volume,0,0,0,0,no_volume,0,0,0,0,no_volume,0,0,0,0,0,0,21544,10965,-0.3254,2000,3000,26,16,27,26,1
1775347073,26,73,0,0,0,0,no_volume,0,0,0,0,no_volume,0,0,0,0,no_volume,0,0,0,0,0,0,21544,10965,-0.3254,1000,3000,26,16,27,26,1
1775347074,26,73,0,0,0,0,no_volume,0,0,0,0,no_volume,0,0,0,0,no_volume,0,0,0,0,0,0,21544,10965,-0.3254,0,3000,26,16,27,26,1
1775347075,26,73,0,0,0,0,no_volume,0,0,0,0,no_volume,0,0,0,0,no_volume,0,0,0,0,0,0,21544,10965,-0.3254,0,3000,26,16,27,26,1
1775347076,26,73,0,0,0,0,no_volume,0,0,0,0,no_volume,0,0,0,0,no_volume,0,0,0,0,0,0,21544,10965,-0.3254,0,3000,26,16,27,26,1
1775347077,26,73,0,0,0,0,no_volume,0,0,0,0,no_volume,0,0,0,0,no_volume,0,0,0,0,0,0,21544,10965,-0.3254,0,3000,26,16,27,26,1
1775347078,26,73,0,0,0,0,no_volume,0,0,0,0,no_volume,0,0,0,0,no_volume,0,0,0,0,0,0,21544,10912,-0.3276,0,3000,26,16,27,26,1
1775347079,26,73,0,0,0,0,no_volume,0,0,0,0,no_volume,0,0,0,0,no_volume,0,0,0,0,0,0,20929,10296,-0.3405,-615,1385,26,16,27,26,1
1775347080,26,73,0,0,0,0,no_volume,0,0,0,0,no_volume,0,0,0,0,no_volume,0,0,0,0,0,0,20929,10296,-0.3405,-615,385,26,16,27,26,1
1775347081,26,73,0,0,0,0,no_volume,0,0,0,0,no_volume,0,0,0,0,no_volume,0,0,0,0,0,0,13950,5217,-0.4556,-7594,-7594,23,15,27,26,1
1775347082,26,73,0,0,0,0,low_activity,0,0,0,0,low_activity,0,0,0,0,low_activity,5,0,5,5,0,5,15030,7372,-0.3418,-5899,-6514,24,16,27,26,1
1775347083,26,73,0,0,0,0,low_activity,0,0,0,0,low_activity,0,0,0,0,low_activity,0,0,0,5,0,5,15445,7372,-0.3538,-5484,-6099,25,16,27,26,1
1775347084,26,73,0,0,0,0,low_activity,0,0,0,0,low_activity,0,0,0,0,low_activity,0,0,0,5,0,5,16445,7380,-0.3805,2495,-5099,26,15,27,26,1
1775347085,26,73,0,0,0,0,no_volume,0,0,0,0,low_activity,0,0,0,0,low_activity,0,0,0,5,0,5,20924,11859,-0.2765,5894,-620,27,16,27,26,1
1775347086,26,73,0,0,0,0,no_volume,0,0,0,0,low_activity,0,0,0,0,low_activity,0,0,0,5,0,5,21424,12859,-0.2498,5979,-120,27,17,27,26,1
1775347087,26,73,0,0,0,0,no_volume,0,0,0,0,no_volume,0,0,0,0,low_activity,0,0,0,5,0,5,21424,12859,-0.2498,4979,-120,27,17,27,26,1
1775347088,26,73,0,0,0,0,no_volume,0,0,0,0,no_volume,0,0,0,0,low_activity,0,0,0,5,0,5,21424,12456,-0.2647,500,-120,27,16,27,26,1
1775347089,26,73,0,0,0,0,no_volume,0,0,0,0,no_volume,0,0,0,0,low_activity,0,0,0,5,0,5,21424,12456,-0.2647,0,495,27,16,27,26,1
1775347090,26,73,0,0,0,0,no_volume,0,0,0,0,no_volume,0,0,0,0,low_activity,0,0,0,5,0,5,21424,12456,-0.2647,0,495,27,16,27,26,1
1775347091,26,73,0,0,0,0,no_volume,0,0,0,0,no_volume,0,0,0,0,low_activity,0,0,0,5,0,5,21424,12456,-0.2647,0,7474,27,16,27,26,1
1775347092,26,73,0,0,0,0,no_volume,0,0,0,0,no_volume,0,0,0,0,low_activity,0,0,0,5,0,5,21424,12456,-0.2647,0,6394,27,16,27,26,1
1775347093,26,73,0,0,0,0,no_volume,0,0,0,0,no_volume,0,0,0,0,low_activity,0,0,0,5,0,5,21424,12456,-0.2647,0,5979,27,16,27,26,1
1775347094,26,73,0,0,0,0,no_volume,0,0,0,0,no_volume,0,0,0,0,low_activity,0,0,0,5,0,5,21424,12483,-0.2637,0,4979,27,16,27,26,1
1775347095,26,73,0,0,130,130,low_activity,0,0,130,130,low_activity,0,0,130,130,low_activity,0,130,130,5,130,135,21424,12353,-0.2686,0,500,27,16,27,26,1
1775347096,26,73,0,0,130,130,low_activity,0,0,130,130,low_activity,0,0,130,130,low_activity,0,0,0,5,130,135,21424,12353,-0.2686,0,0,27,16,27,26,1
1775347097,26,73,0,0,130,130,low_activity,0,0,130,130,low_activity,0,0,130,130,low_activity,0,0,0,5,130,135,21424,12353,-0.2686,0,0,27,16,27,26,1
1775347098,26,73,0,0,0,0,no_volume,0,0,130,130,low_activity,0,0,130,130,low_activity,0,0,0,5,130,135,21424,12353,-0.2686,0,0,27,16,27,26,1
1775347099,26,73,0,0,0,0,no_volume,0,0,130,130,low_activity,0,0,130,130,low_activity,0,0,0,5,130,135,21424,12353,-0.2686,0,0,27,16,27,26,1
1775347100,26,73,0,0,0,0,no_volume,0,0,0,0,no_volume,0,0,130,130,low_activity,0,0,0,5,130,135,21424,12970,-0.2458,0,0,27,16,27,26,1
1775347101,26,73,0,0,0,0,no_volume,0,0,0,0,no_volume,0,0,130,130,low_activity,0,0,0,5,130,135,21424,12970,-0.2458,0,0,27,16,27,26,1
1775347102,26,73,0,0,0,0,no_volume,0,0,0,0,no_volume,0,0,130,130,low_activity,0,0,0,5,130,135,21424,12970,-0.2458,0,0,27,16,27,26,1
1775347103,26,73,0,0,0,0,no_volume,0,0,0,0,no_volume,0,0,130,130,low_activity,0,0,0,5,130,135,21424,12970,-0.2458,0,0,27,16,27,26,1
1775347104,26,73,0,0,0,0,no_volume,0,0,0,0,no_volume,0,0,130,130,low_activity,0,0,0,5,130,135,21424,12970,-0.2458,0,0,27,16,27,26,1
1775347105,26,73,0,0,0,0,no_volume,0,0,0,0,no_volume,0,0,130,130,low_activity,0,0,0,5,130,135,21424,12970,-0.2458,0,0,27,16,27,26,1
1775347106,26,73,0,0,0,0,no_volume,0,0,0,0,no_volume,0,0,130,130,low_activity,0,0,0,5,130,135,22041,12970,-0.2591,617,617,27,16,27,26,1
1775347107,26,73,0,0,0,0,no_volume,0,0,0,0,no_volume,0,0,130,130,low_activity,0,0,0,5,130,135,22041,12970,-0.2591,617,617,27,16,27,26,1
1775347108,26,73,0,0,0,0,no_volume,0,0,0,0,no_volume,0,0,130,130,low_activity,0,0,0,5,130,135,22041,12970,-0.2591,617,617,27,16,27,26,1
1775347109,26,73,0,0,0,0,no_volume,0,0,0,0,no_volume,0,0,130,130,low_activity,0,0,0,5,130,135,22041,12970,-0.2591,0,617,27,16,27,26,1
1775347110,26,73,0,0,0,0,no_volume,0,0,0,0,no_volume,0,0,130,130,low_activity,0,0,0,5,130,135,22029,12970,-0.2588,-12,605,28,16,27,26,1
1775347111,26,73,0,0,0,0,no_volume,0,0,0,0,no_volume,0,0,130,130,low_activity,0,0,0,5,130,135,22029,12970,-0.2588,-12,605,28,16,27,26,1
1775347112,26,73,0,0,0,0,no_volume,0,0,0,0,no_volume,0,0,130,130,low_activity,0,0,0,5,130,135,22029,12970,-0.2588,-12,605,28,16,27,26,1
1775347113,26,73,0,0,0,0,no_volume,0,0,0,0,no_volume,0,0,130,130,low_activity,0,0,0,5,130,135,22029,12970,-0.2588,0,605,28,16,27,26,1
1775347114,26,73,0,0,0,0,no_volume,0,0,0,0,no_volume,0,0,130,130,low_activity,0,0,0,5,130,135,22029,12970,-0.2588,0,605,28,16,27,26,1
1775347115,26,73,0,0,0,0,no_volume,0,0,0,0,no_volume,0,0,130,130,low_activity,0,0,0,5,130,135,22029,12970,-0.2588,0,605,28,16,27,26,1
1775347116,26,73,0,0,0,0,no_volume,0,0,0,0,no_volume,0,0,130,130,low_activity,0,0,0,5,130,135,22029,12970,-0.2588,0,-12,28,16,27,26,1
1775347117,26,73,0,0,0,0,no_volume,0,0,0,0,no_volume,0,0,130,130,low_activity,0,0,0,5,130,135,22029,12970,-0.2588,0,-12,28,16,27,26,1
1775347118,26,73,0,0,0,0,no_volume,0,0,0,0,no_volume,0,0,130,130,low_activity,0,0,0,5,130,135,22029,12970,-0.2588,0,-12,28,16,27,26,1
1775347119,26,73,0,0,0,0,no_volume,0,0,0,0,no_volume,0,0,130,130,low_activity,0,0,0,5,130,135,22029,12970,-0.2588,0,-12,28,16,27,26,1
1775347120,26,73,0,0,0,0,no_volume,0,0,0,0,no_volume,0,0,130,130,low_activity,0,0,0,5,130,135,18029,8970,-0.3355,-4000,-4000,27,15,27,26,1
1775347121,26,73,0,0,0,0,no_volume,0,0,0,0,no_volume,0,0,130,130,low_activity,0,0,0,5,130,135,22029,12981,-0.2584,0,0,27,16,27,26,1
1775347122,26,73,0,0,0,0,no_volume,0,0,0,0,no_volume,0,0,130,130,low_activity,0,0,0,5,130,135,22029,12981,-0.2584,0,0,27,16,27,26,1
1775347123,26,73,0,0,0,0,no_volume,0,0,0,0,no_volume,0,0,130,130,low_activity,0,0,0,5,130,135,22029,10956,-0.3357,4000,0,28,16,27,26,1
1775347124,26,73,0,0,0,0,no_volume,0,0,0,0,no_volume,0,0,130,130,low_activity,0,0,0,5,130,135,22029,10956,-0.3357,0,0,28,16,27,26,1
1775347125,26,73,0,0,0,0,no_volume,0,0,0,0,no_volume,0,0,0,0,no_volume,0,0,0,5,130,135,22029,10956,-0.3357,0,0,28,16,27,26,1
1775347126,26,73,0,0,0,0,no_volume,0,0,0,0,no_volume,0,0,0,0,no_volume,0,0,0,5,130,135,22029,10956,-0.3357,0,0,28,16,27,26,1
1775347127,26,73,0,0,0,0,no_volume,0,0,0,0,no_volume,0,0,0,0,no_volume,0,0,0,5,130,135,22029,10956,-0.3357,0,0,28,16,27,26,1
1775347128,26,73,0,0,0,0,no_volume,0,0,0,0,no_volume,0,0,0,0,no_volume,0,0,0,5,130,135,22029,10339,-0.3612,0,0,28,16,27,26,1
1775347129,26,73,0,0,0,0,no_volume,0,0,0,0,no_volume,0,0,0,0,no_volume,0,0,0,5,130,135,22029,10943,-0.3362,0,0,28,16,27,26,1
1775347130,26,73,0,0,0,0,no_volume,0,0,0,0,no_volume,0,0,0,0,no_volume,0,0,0,5,130,135,22029,10943,-0.3362,0,4000,28,16,27,26,1
1775347131,26,73,0,0,0,0,no_volume,0,0,0,0,no_volume,0,0,0,0,no_volume,0,0,0,5,130,135,22029,13022,-0.257,0,0,28,16,27,26,1
1775347132,26,73,0,0,0,0,no_volume,0,0,0,0,no_volume,0,0,0,0,no_volume,0,0,0,5,130,135,22029,13022,-0.257,0,0,28,16,27,26,1
1775347133,26,73,0,0,0,0,no_volume,0,0,0,0,no_volume,0,0,0,0,no_volume,0,0,0,5,130,135,22029,13022,-0.257,0,0,28,16,27,26,1
1775347134,26,73,0,0,0,0,no_volume,0,0,0,0,no_volume,0,0,0,0,no_volume,0,0,0,5,130,135,22029,12995,-0.2579,0,0,28,16,27,26,1
1775347135,26,73,0,0,0,0,no_volume,0,0,0,0,no_volume,0,0,0,0,no_volume,0,0,0,5,130,135,21412,12391,-0.2669,-617,-617,28,16,27,26,1
1775347136,26,73,0,0,0,0,no_volume,0,0,0,0,no_volume,0,0,0,0,no_volume,0,0,0,5,130,135,21412,12391,-0.2669,-617,-617,28,16,27,26,1
1775347137,26,73,0,0,0,0,no_volume,0,0,0,0,no_volume,0,0,0,0,no_volume,0,0,0,5,130,135,21412,12391,-0.2669,-617,-617,28,16,27,26,1
1775347138,26,73,0,0,0,0,no_volume,0,0,0,0,no_volume,0,0,0,0,no_volume,0,0,0,5,130,135,21412,12391,-0.2669,0,-617,28,16,27,26,1
1775347139,26,73,0,0,0,0,no_volume,0,0,0,0,no_volume,0,0,0,0,no_volume,0,0,0,5,130,135,21412,12391,-0.2669,0,-617,28,16,27,26,1
1775347140,26,73,0,0,0,0,no_volume,0,0,0,0,no_volume,0,0,0,0,no_volume,0,0,0,5,130,135,21401,12791,-0.2518,-11,-628,28,17,27,26,1
1775347141,26,73,0,0,0,0,no_volume,0,0,0,0,no_volume,0,0,0,0,no_volume,0,0,0,5,130,135,21401,12815,-0.2509,-11,-628,28,17,27,26,1
1775347142,26,73,0,0,0,0,no_volume,0,0,0,0,no_volume,0,0,0,0,no_volume,0,0,0,0,130,130,21401,12815,-0.2509,-11,-628,28,17,27,26,1
1775347143,26,73,0,0,0,0,no_volume,0,0,0,0,no_volume,0,0,0,0,no_volume,0,0,0,0,130,130,21401,12815,-0.2509,0,-628,28,17,27,26,1
1775347144,26,73,0,0,0,0,no_volume,0,0,0,0,no_volume,0,0,0,0,no_volume,0,0,0,0,130,130,21401,12815,-0.2509,0,-628,28,17,27,26,1
1775347145,26,73,0,0,0,0,no_volume,0,0,0,0,no_volume,0,0,0,0,no_volume,0,0,0,0,130,130,21401,12815,-0.2509,0,-11,28,17,27,26,1
1775347146,26,73,0,0,0,0,no_volume,0,0,0,0,no_volume,0,0,0,0,no_volume,0,0,0,0,130,130,21401,12415,-0.2657,0,-11,28,16,27,26,1
1775347147,26,73,0,0,0,0,no_volume,0,0,0,0,no_volume,0,0,0,0,no_volume,0,0,0,0,130,130,21369,12407,-0.2653,-32,-43,27,16,27,26,1
1775347148,26,73,0,0,0,0,no_volume,0,0,0,0,no_volume,0,0,0,0,no_volume,0,0,0,0,130,130,21369,12407,-0.2653,-32,-43,27,16,27,26,1
1775347149,26,73,0,0,0,0,no_volume,0,0,0,0,no_volume,0,0,0,0,no_volume,0,0,0,0,130,130,21369,12407,-0.2653,-32,-43,27,16,27,26,1
1775347150,26,73,0,0,0,0,no_volume,0,0,0,0,no_volume,0,0,0,0,no_volume,0,0,0,0,130,130,21369,12407,-0.2653,0,-32,27,16,27,26,1
1775347151,26,73,0,0,0,0,no_volume,0,0,0,0,no_volume,0,0,0,0,no_volume,0,0,0,0,130,130,21412,13025,-0.2435,43,11,28,16,27,26,1
1775347152,26,73,0,0,0,0,no_volume,0,0,0,0,no_volume,0,0,0,0,no_volume,0,0,0,0,130,130,22030,13025,-0.2569,661,629,28,16,27,26,1
1775347153,26,73,0,0,0,0,no_volume,0,0,0,0,no_volume,0,0,0,0,no_volume,0,0,0,0,130,130,22030,13025,-0.2569,661,629,28,16,27,26,1
1775347154,26,73,0,0,0,0,no_volume,0,0,0,0,no_volume,0,0,0,0,no_volume,0,0,0,0,130,130,22030,13025,-0.2569,618,629,28,16,27,26,1
1775347155,26,73,0,0,0,0,no_volume,0,0,0,0,no_volume,0,0,0,0,no_volume,0,0,0,0,0,0,22030,13025,-0.2569,0,629,28,16,27,26,1
1775347156,26,73,0,0,0,0,no_volume,0,0,0,0,no_volume,0,0,0,0,no_volume,0,0,0,0,0,0,22030,13025,-0.2569,0,629,28,16,27,26,1
1775347157,26,73,0,0,0,0,no_volume,0,0,0,0,no_volume,0,0,0,0,no_volume,0,0,0,0,0,0,22030,13025,-0.2569,0,661,28,16,27,26,1
1775347158,26,73,0,0,0,0,no_volume,0,0,0,0,no_volume,0,0,0,0,no_volume,0,0,0,0,0,0,22030,13025,-0.2569,0,661,28,16,27,26,1
1775347159,26,73,0,0,0,0,no_volume,0,0,0,0,no_volume,0,0,0,0,no_volume,0,0,0,0,0,0,22030,13025,-0.2569,0,661,28,16,27,26,1
1775347160,26,73,0,0,0,0,no_volume,0,0,0,0,no_volume,0,0,0,0,no_volume,0,0,0,0,0,0,22030,13025,-0.2569,0,661,28,16,27,26,1
1775347161,26,73,0,0,0,0,no_volume,0,0,0,0,no_volume,0,0,0,0,no_volume,0,0,0,0,0,0,22030,13025,-0.2569,0,618,28,16,27,26,1
1775347162,26,73,0,0,0,0,no_volume,0,0,0,0,no_volume,0,0,0,0,no_volume,0,0,0,0,0,0,22030,13025,-0.2569,0,0,28,16,27,26,1
1775347163,26,73,0,0,0,0,no_volume,0,0,0,0,no_volume,0,0,0,0,no_volume,0,0,0,0,0,0,22030,13025,-0.2569,0,0,28,16,27,26,1
1775347164,26,73,0,0,0,0,no_volume,0,0,0,0,no_volume,0,0,0,0,no_volume,0,0,0,0,0,0,22030,13025,-0.2569,0,0,28,16,27,26,1
1775347165,26,73,0,0,0,0,no_volume,0,0,0,0,no_volume,0,0,0,0,no_volume,0,0,0,0,0,0,22030,13025,-0.2569,0,0,28,16,27,26,1
1775347166,26,73,0,0,0,0,no_volume,0,0,0,0,no_volume,0,0,0,0,no_volume,0,0,0,0,0,0,22030,13025,-0.2569,0,0,28,16,27,26,1
1775347167,26,73,0,0,0,0,no_volume,0,0,0,0,no_volume,0,0,0,0,no_volume,0,0,0,0,0,0,22030,13025,-0.2569,0,0,28,16,27,26,1
1775347168,26,73,0,0,0,0,no_volume,0,0,0,0,no_volume,0,0,0,0,no_volume,0,0,0,0,0,0,22030,13025,-0.2569,0,0,28,16,27,26,1
1775347169,26,73,0,0,0,0,no_volume,0,0,0,0,no_volume,0,0,0,0,no_volume,0,0,0,0,0,0,22030,13025,-0.2569,0,0,28,16,27,26,1
1775347170,26,73,0,14,0,14,low_activity,0,14,0,14,low_activity,0,14,0,14,low_activity,14,0,14,14,0,14,22016,13025,-0.2566,-14,-14,28,16,27,26,1
1775347171,26,73,0,14,0,14,low_activity,0,14,0,14,low_activity,0,14,0,14,low_activity,0,0,0,14,0,14,22016,13025,-0.2566,-14,-14,28,16,27,26,1
1775347172,26,73,0,14,0,14,low_activity,0,14,0,14,low_activity,0,14,0,14,low_activity,0,0,0,14,0,14,22016,13025,-0.2566,-14,-14,28,16,27,26,1
1775347173,26,73,0,0,0,0,no_volume,0,14,0,14,low_activity,0,14,0,14,low_activity,0,0,0,14,0,14,22016,13025,-0.2566,0,-14,28,16,27,26,1
1775347174,26,73,0,0,0,0,no_volume,0,14,0,14,low_activity,0,14,0,14,low_activity,0,0,0,14,0,14,22016,13025,-0.2566,0,-14,28,16,27,26,1
1775347175,26,73,0,0,0,0,no_volume,0,0,0,0,no_volume,0,14,0,14,low_activity,0,0,0,14,0,14,22016,13025,-0.2566,0,-14,28,16,27,26,1
1775347176,26,73,0,0,0,0,no_volume,0,0,0,0,no_volume,0,14,0,14,low_activity,0,0,0,14,0,14,22016,13025,-0.2566,0,-14,28,16,27,26,1
1775347177,26,73,0,0,0,0,no_volume,0,0,0,0,no_volume,0,14,0,14,low_activity,0,0,0,14,0,14,22016,13025,-0.2566,0,-14,28,16,27,26,1
1775347178,26,73,0,0,0,0,no_volume,0,0,0,0,no_volume,0,14,0,14,low_activity,0,0,0,14,0,14,22016,13025,-0.2566,0,-14,28,16,27,26,1
1775347179,26,73,0,0,0,0,no_volume,0,0,0,0,no_volume,0,14,0,14,low_activity,0,0,0,14,0,14,22016,13025,-0.2566,0,-14,28,16,27,26,1
1775347180,26,73,0,0,0,0,no_volume,0,0,0,0,no_volume,0,14,0,14,low_activity,0,0,0,14,0,14,22016,13025,-0.2566,0,0,28,16,27,26,1
1775347181,26,73,0,0,0,0,no_volume,0,0,0,0,no_volume,0,14,0,14,low_activity,0,0,0,14,0,14,22016,13025,-0.2566,0,0,28,16,27,26,1
1775347182,26,73,0,0,0,0,no_volume,0,0,0,0,no_volume,0,14,0,14,low_activity,0,0,0,14,0,14,22016,13025,-0.2566,0,0,28,16,27,26,1
1775347183,26,73,0,0,0,0,no_volume,0,0,0,0,no_volume,0,14,0,14,low_activity,0,0,0,14,0,14,22016,13025,-0.2566,0,0,28,16,27,26,1
1775347184,26,73,0,0,0,0,no_volume,0,0,0,0,no_volume,0,14,0,14,low_activity,0,0,0,14,0,14,22016,13025,-0.2566,0,0,28,16,27,26,1
1775347185,26,73,0,0,0,0,no_volume,0,0,0,0,no_volume,0,14,0,14,low_activity,0,0,0,14,0,14,22016,13025,-0.2566,0,0,28,16,27,26,1
1775347186,26,73,0,0,0,0,no_volume,0,0,0,0,no_volume,0,14,0,14,low_activity,0,0,0,14,0,14,22016,13025,-0.2566,0,0,28,16,27,26,1
1775347187,26,73,0,0,0,0,no_volume,0,0,0,0,no_volume,0,14,0,14,low_activity,0,0,0,14,0,14,22016,13025,-0.2566,0,0,28,16,27,26,1
1775347188,26,73,0,0,0,0,no_volume,0,0,0,0,no_volume,0,14,0,14,low_activity,0,0,0,14,0,14,22016,13025,-0.2566,0,0,28,16,27,26,1
1775347189,26,73,0,0,0,0,no_volume,0,0,0,0,no_volume,0,14,0,14,low_activity,0,0,0,14,0,14,22016,13025,-0.2566,0,0,28,16,27,26,1
1775347190,26,73,0,0,0,0,no_volume,0,0,0,0,no_volume,0,14,0,14,low_activity,0,0,0,14,0,14,22016,13025,-0.2566,0,0,28,16,27,26,1
1775347191,26,73,0,0,0,0,no_volume,0,0,0,0,no_volume,0,14,0,14,low_activity,0,0,0,14,0,14,22016,13025,-0.2566,0,0,28,16,27,26,1
1775347192,26,73,0,0,0,0,no_volume,0,0,0,0,no_volume,0,14,0,14,low_activity,0,0,0,14,0,14,22016,13025,-0.2566,0,0,28,16,27,26,1
1775347193,26,73,0,0,0,0,no_volume,0,0,0,0,no_volume,0,14,0,14,low_activity,0,0,0,14,0,14,22016,13025,-0.2566,0,0,28,16,27,26,1
1775347194,26,73,0,0,0,0,no_volume,0,0,0,0,no_volume,0,14,0,14,low_activity,0,0,0,14,0,14,22016,13025,-0.2566,0,0,28,16,27,26,1
1775347195,26,73,0,10,0,10,low_activity,0,10,0,10,low_activity,0,24,0,24,low_activity,14,0,14,28,0,28,22002,13025,-0.2563,-14,-14,28,16,27,26,1
1775347196,26,73,0,10,0,10,low_activity,0,10,0,10,low_activity,0,24,0,24,low_activity,0,0,0,28,0,28,22002,13025,-0.2563,-14,-14,28,16,27,26,1
1775347197,26,73,0,10,0,10,low_activity,0,10,0,10,low_activity,0,24,0,24,low_activity,0,0,0,28,0,28,22002,13025,-0.2563,-14,-14,28,16,27,26,1
1775347198,26,73,0,0,0,0,no_volume,0,10,0,10,low_activity,0,24,0,24,low_activity,0,0,0,28,0,28,22002,13025,-0.2563,0,-14,28,16,27,26,1
1775347199,26,73,0,0,0,0,no_volume,0,10,0,10,low_activity,0,24,0,24,low_activity,0,0,0,28,0,28,22002,13025,-0.2563,0,-14,28,16,27,26,1
1775347200,26,73,0,0,0,0,no_volume,0,0,0,0,no_volume,0,10,0,10,low_activity,0,0,0,28,0,28,22002,13025,-0.2563,0,-14,28,16,27,26,1
1775347201,26,73,0,0,0,0,no_volume,0,0,0,0,no_volume,0,10,0,10,low_activity,0,0,0,28,0,28,22002,13025,-0.2563,0,-14,28,16,27,26,1
1775347202,26,73,0,0,0,0,no_volume,0,0,0,0,no_volume,0,10,0,10,low_activity,0,0,0,28,0,28,17023,8546,-0.3315,-4979,-4993,27,15,27,26,1
1775347203,26,73,0,0,0,0,no_volume,0,0,0,0,no_volume,0,10,0,10,low_activity,0,0,0,28,0,28,21502,12525,-0.2638,-500,-514,28,16,27,26,1
1775347204,26,73,0,0,0,0,no_volume,0,0,0,0,no_volume,0,10,0,10,low_activity,0,0,0,28,0,28,22002,13025,-0.2563,0,-14,28,16,27,26,1
1775347205,26,73,0,0,0,0,no_volume,0,0,0,0,no_volume,0,10,0,10,low_activity,0,0,0,28,0,28,22002,13025,-0.2563,4979,0,28,16,27,26,1
1775347206,26,73,0,0,0,0,no_volume,0,0,0,0,no_volume,0,10,0,10,low_activity,0,0,0,28,0,28,22002,13025,-0.2563,500,0,28,16,27,26,1
1775347207,26,73,0,0,0,0,no_volume,0,0,0,0,no_volume,0,10,0,10,low_activity,0,0,0,28,0,28,22002,13025,-0.2563,0,0,28,16,27,26,1
1775347208,26,73,0,0,0,0,no_volume,0,0,0,0,no_volume,0,10,0,10,low_activity,0,0,0,28,0,28,22002,13025,-0.2563,0,0,28,16,27,26,1
1775347209,26,73,0,0,0,0,no_volume,0,0,0,0,no_volume,0,10,0,10,low_activity,0,0,0,28,0,28,22002,13025,-0.2563,0,0,28,16,27,26,1
1775347210,26,73,0,0,0,0,no_volume,0,0,0,0,no_volume,0,10,0,10,low_activity,0,0,0,28,0,28,22002,13025,-0.2563,0,0,28,16,27,26,1
1775347211,26,73,0,0,0,0,no_volume,0,0,0,0,no_volume,0,10,0,10,low_activity,0,0,0,28,0,28,22002,13025,-0.2563,0,0,28,16,27,26,1
1775347212,26,73,0,0,0,0,no_volume,0,0,0,0,no_volume,0,10,0,10,low_activity,0,0,0,28,0,28,22002,13025,-0.2563,0,4979,28,16,27,26,1
1775347213,26,73,0,0,0,0,no_volume,0,0,0,0,no_volume,0,10,0,10,low_activity,0,0,0,28,0,28,22002,13025,-0.2563,0,500,28,16,27,26,1
1775347214,26,73,0,0,0,0,no_volume,0,0,0,0,no_volume,0,10,0,10,low_activity,0,0,0,28,0,28,22002,13025,-0.2563,0,0,28,16,27,26,1
1775347215,26,73,0,0,0,0,no_volume,0,0,0,0,no_volume,0,10,0,10,low_activity,0,0,0,28,0,28,22002,13025,-0.2563,0,0,28,16,27,26,1
1775347216,26,73,0,0,0,0,no_volume,0,0,0,0,no_volume,0,10,0,10,low_activity,0,0,0,28,0,28,22002,13025,-0.2563,0,0,28,16,27,26,1
1775347217,26,73,0,0,0,0,no_volume,0,0,0,0,no_volume,0,10,0,10,low_activity,0,0,0,28,0,28,22002,10947,-0.3355,0,0,28,16,27,26,1
1775347218,26,73,0,0,0,0,no_volume,0,0,0,0,no_volume,0,10,0,10,low_activity,0,0,0,28,0,28,22002,10947,-0.3355,0,0,28,16,27,26,1
1775347219,26,73,0,0,0,0,no_volume,0,0,0,0,no_volume,0,10,0,10,low_activity,0,0,0,28,0,28,22002,10947,-0.3355,0,0,28,16,27,26,1
1775347220,26,73,0,0,0,0,no_volume,0,0,0,0,no_volume,0,10,0,10,low_activity,0,0,0,28,0,28,22002,10947,-0.3355,0,0,28,16,27,26,1
1775347221,26,72,0,0,0,0,no_volume,0,0,0,0,no_volume,0,10,0,10,low_activity,0,0,0,28,0,28,21996,12999,-0.2571,-6,-6,27,16,28,26,2
1775347222,26,72,0,0,0,0,no_volume,0,0,0,0,no_volume,0,10,0,10,low_activity,0,0,0,28,0,28,21996,13001,-0.257,-6,-6,27,17,28,26,2
1775347223,26,72,0,0,0,0,no_volume,0,0,0,0,no_volume,0,10,0,10,low_activity,0,0,0,28,0,28,22002,12999,-0.2572,0,0,28,16,28,26,2
1775347224,26,72,0,0,0,0,no_volume,0,0,0,0,no_volume,0,10,0,10,low_activity,0,0,0,28,0,28,22002,12999,-0.2572,6,0,28,16,28,26,2
1775347225,26,72,0,0,0,0,no_volume,0,0,0,0,no_volume,0,0,0,0,no_volume,0,0,0,28,0,28,22002,12999,-0.2572,6,0,28,16,28,26,2
1775347226,26,72,0,0,0,0,no_volume,0,0,0,0,no_volume,0,0,0,0,no_volume,0,0,0,28,0,28,22002,13025,-0.2563,0,0,27,16,28,26,2
1775347227,26,72,0,0,0,0,no_volume,0,0,0,0,no_volume,0,0,0,0,no_volume,0,0,0,28,0,28,20341,11864,-0.2632,-1661,-1661,26,16,28,26,2
1775347228,26,72,0,0,0,0,no_volume,0,0,0,0,no_volume,0,0,0,0,no_volume,0,0,0,28,0,28,21384,12353,-0.2677,-618,-618,28,16,28,26,2
1775347229,26,72,0,0,0,0,no_volume,0,0,0,0,no_volume,0,0,0,0,no_volume,0,0,0,28,0,28,21384,12353,-0.2677,-618,-618,28,16,28,26,2
1775347230,26,72,0,0,0,0,no_volume,0,0,0,0,no_volume,0,0,0,0,no_volume,0,0,0,14,0,14,21384,12353,-0.2677,1043,-618,28,16,28,26,2
1775347231,26,72,0,0,0,0,no_volume,0,0,0,0,no_volume,0,0,0,0,no_volume,0,0,0,14,0,14,21384,12381,-0.2666,0,-612,28,16,28,26,2
1775347232,26,72,0,0,0,0,no_volume,0,0,0,0,no_volume,0,0,0,0,no_volume,0,0,0,14,0,14,21384,12381,-0.2666,0,-612,28,16,28,26,2
1775347233,26,72,0,0,0,0,no_volume,0,0,0,0,no_volume,0,0,0,0,no_volume,0,0,0,14,0,14,21384,12381,-0.2666,0,-618,28,16,28,26,2
1775347234,26,72,0,0,0,0,no_volume,0,0,0,0,no_volume,0,0,0,0,no_volume,0,0,0,14,0,14,21384,12381,-0.2666,0,-618,28,16,28,26,2
1775347235,26,72,0,0,0,0,no_volume,0,0,0,0,no_volume,0,0,0,0,no_volume,0,0,0,14,0,14,21394,12381,-0.2669,10,-608,28,16,28,26,2
1775347236,26,72,0,0,0,0,no_volume,0,0,0,0,no_volume,0,0,0,0,no_volume,0,0,0,14,0,14,21394,12381,-0.2669,10,-608,28,16,28,26,2
1775347237,26,72,0,0,0,0,no_volume,0,0,0,0,no_volume,0,0,0,0,no_volume,0,0,0,14,0,14,22014,12381,-0.2801,630,1673,28,16,28,26,2
1775347238,26,72,0,0,0,0,no_volume,0,0,0,0,no_volume,0,0,0,0,no_volume,0,0,0,14,0,14,22014,12381,-0.2801,620,630,28,16,28,26,2
1775347239,26,72,0,0,0,0,no_volume,0,0,0,0,no_volume,0,0,0,0,no_volume,0,0,0,14,0,14,22014,13001,-0.2574,620,630,28,16,28,26,2
1775347240,26,72,0,0,0,0,no_volume,0,0,0,0,no_volume,0,0,0,0,no_volume,0,0,0,14,0,14,22014,13001,-0.2574,0,630,28,16,28,26,2
1775347241,26,72,0,0,0,0,no_volume,0,0,0,0,no_volume,0,0,0,0,no_volume,0,0,0,14,0,14,22014,13001,-0.2574,0,630,28,16,28,26,2
1775347242,26,72,0,0,0,0,no_volume,0,0,0,0,no_volume,0,0,0,0,no_volume,0,0,0,14,0,14,22014,13001,-0.2574,0,630,28,16,28,26,2
1775347243,26,72,0,450,0,450,low_activity,0,450,0,450,low_activity,0,450,0,450,low_activity,0,0,0,464,0,464,21564,13001,-0.2477,-450,180,28,16,28,26,2
1775347244,26,72,0,450,0,450,low_activity,0,450,0,450,low_activity,0,450,0,450,low_activity,0,0,0,464,0,464,21564,13001,-0.2477,-450,180,28,16,28,26,2
1775347245,26,72,0,0,0,0,no_volume,0,450,0,450,low_activity,0,450,0,450,low_activity,0,0,0,464,0,464,21564,13001,-0.2477,-450,170,28,16,28,26,2
1775347246,26,72,0,0,0,0,no_volume,0,450,0,450,low_activity,0,450,0,450,low_activity,0,0,0,464,0,464,21564,13001,-0.2477,0,170,28,16,28,26,2
1775347247,26,72,0,0,0,0,no_volume,0,0,0,0,no_volume,0,450,0,450,low_activity,0,0,0,464,0,464,21564,13001,-0.2477,0,-450,27,16,28,26,2
1775347248,26,72,0,0,0,0,no_volume,0,0,0,0,no_volume,0,450,0,450,low_activity,0,0,0,464,0,464,21564,13001,-0.2477,0,-450,27,16,28,26,2
1775347249,26,72,0,0,0,0,no_volume,0,0,0,0,no_volume,0,450,0,450,low_activity,0,0,0,464,0,464,21564,13001,-0.2477,0,-450,27,16,28,26,2
1775347250,26,72,0,0,0,0,no_volume,0,0,0,0,no_volume,0,450,0,450,low_activity,0,0,0,464,0,464,21564,13001,-0.2477,0,-450,28,16,28,26,2
1775347251,26,72,0,0,0,0,no_volume,0,0,0,0,no_volume,0,450,0,450,low_activity,0,0,0,464,0,464,21564,13001,-0.2477,0,-450,28,16,28,26,2
1775347252,26,72,0,0,0,0,no_volume,0,0,0,0,no_volume,0,450,0,450,low_activity,0,0,0,464,0,464,21564,13001,-0.2477,0,-450,28,16,28,26,2
1775347253,26,72,0,0,0,0,no_volume,0,0,0,0,no_volume,0,450,0,450,low_activity,0,0,0,464,0,464,21564,13001,-0.2477,0,0,28,16,28,26,2
1775347254,26,72,0,0,0,0,no_volume,0,0,0,0,no_volume,0,450,0,450,low_activity,0,0,0,464,0,464,21564,13001,-0.2477,0,0,28,16,28,26,2
1775347255,26,72,0,0,0,0,no_volume,0,0,0,0,no_volume,0,450,0,450,low_activity,0,0,0,450,0,450,21564,13001,-0.2477,0,0,28,16,28,26,2
1775347256,26,72,0,0,0,0,no_volume,0,0,0,0,no_volume,0,450,0,450,low_activity,0,0,0,450,0,450,21564,13001,-0.2477,0,0,28,16,28,26,2
1775347257,26,72,0,0,0,0,no_volume,0,0,0,0,no_volume,0,450,0,450,low_activity,0,0,0,450,0,450,21564,12381,-0.2705,0,0,28,16,28,26,2
1775347258,26,72,0,0,0,0,no_volume,0,0,0,0,no_volume,0,450,0,450,low_activity,0,0,0,450,0,450,21564,12381,-0.2705,0,0,28,16,28,26,2
1775347259,26,72,0,0,0,0,no_volume,0,0,0,0,no_volume,0,450,0,450,low_activity,0,0,0,450,0,450,21564,13002,-0.2477,0,0,28,16,28,26,2
1775347260,26,72,0,0,0,0,no_volume,0,0,0,0,no_volume,0,450,0,450,low_activity,0,0,0,450,0,450,21564,13002,-0.2477,0,0,28,16,28,26,2
1775347261,26,72,0,0,0,0,no_volume,0,0,0,0,no_volume,0,450,0,450,low_activity,0,0,0,450,0,450,21564,13002,-0.2477,0,0,28,16,28,26,2
1775347262,26,72,0,0,0,0,no_volume,0,0,0,0,no_volume,0,450,0,450,low_activity,0,0,0,450,0,450,21564,13002,-0.2477,0,0,28,16,28,26,2
1775347263,26,72,0,0,0,0,no_volume,0,0,0,0,no_volume,0,450,0,450,low_activity,0,0,0,450,0,450,21564,13002,-0.2477,0,0,27,16,28,26,2
1775347264,26,72,0,0,0,0,no_volume,0,0,0,0,no_volume,0,450,0,450,low_activity,0,0,0,450,0,450,21564,13002,-0.2477,0,0,27,16,28,26,2
1775347265,26,72,0,0,0,0,no_volume,0,0,0,0,no_volume,0,450,0,450,low_activity,0,0,0,450,0,450,21564,13002,-0.2477,0,0,27,16,28,26,2
1775347266,26,72,0,0,0,0,no_volume,0,0,0,0,no_volume,0,450,0,450,low_activity,0,0,0,450,0,450,21059,10950,-0.3158,-505,-505,28,16,28,26,2
1775347267,26,72,0,0,0,0,no_volume,0,0,0,0,no_volume,0,450,0,450,low_activity,0,0,0,450,0,450,14080,5707,-0.4232,-7484,-7484,24,15,28,26,2
1775347268,26,72,0,0,0,0,no_volume,0,0,0,0,no_volume,0,450,0,450,low_activity,0,0,0,450,0,450,19545,9945,-0.3255,-2019,-2019,25,14,28,26,2
1775347269,26,72,0,0,0,0,no_volume,0,0,0,0,no_volume,0,450,0,450,low_activity,0,0,0,450,0,450,15071,5716,-0.45,-5988,-6493,23,14,28,26,2
1775347270,26,72,0,0,0,0,no_volume,0,0,0,0,no_volume,0,450,0,450,low_activity,0,0,0,450,0,450,15571,5716,-0.463,1491,-5993,24,15,28,26,2
1775347271,26,72,0,0,0,0,no_volume,0,0,0,0,no_volume,0,450,0,450,low_activity,0,0,0,450,0,450,15571,5716,-0.463,-3974,-5993,24,15,28,26,2
1775347272,26,72,0,0,0,0,no_volume,0,0,0,0,no_volume,0,0,0,0,no_volume,0,0,0,450,0,450,15571,5716,-0.463,500,-5993,24,15,28,26,2
1775347273,26,72,0,0,0,0,no_volume,0,0,0,0,no_volume,0,0,0,0,no_volume,0,0,0,450,0,450,19028,12132,-0.2213,3457,-2536,24,15,28,26,2
1775347274,26,72,0,0,0,0,no_volume,0,0,0,0,no_volume,0,0,0,0,no_volume,0,0,0,450,0,450,20507,13132,-0.2192,4936,-1057,25,16,28,26,2
1775347275,26,72,0,0,0,0,no_volume,0,0,0,0,no_volume,0,0,0,0,no_volume,0,0,0,450,0,450,21507,13132,-0.2418,5936,-57,26,16,28,26,2
1775347276,26,72,0,0,0,0,no_volume,0,0,0,0,no_volume,0,0,0,0,no_volume,0,0,0,450,0,450,21071,13132,-0.2321,2043,12,27,16,28,26,2
1775347277,26,72,0,0,0,0,no_volume,0,0,0,0,no_volume,0,0,0,0,no_volume,0,0,0,450,0,450,20930,12483,-0.2528,423,6850,28,15,28,26,2
1775347278,26,72,0,0,0,0,no_volume,0,0,0,0,no_volume,0,0,0,0,no_volume,0,0,0,450,0,450,20930,12483,-0.2528,-577,1385,27,15,28,26,2
1775347279,26,72,0,0,0,0,no_volume,0,0,0,0,no_volume,0,0,0,0,no_volume,0,0,0,450,0,450,20930,12483,-0.2528,-141,5859,27,15,28,26,2
1775347280,26,72,0,0,0,0,no_volume,0,0,0,0,no_volume,0,0,0,0,no_volume,0,0,0,450,0,450,20930,12483,-0.2528,0,5359,27,15,28,26,2
1775347281,26,72,0,0,0,0,no_volume,0,0,0,0,no_volume,0,0,0,0,no_volume,0,0,0,450,0,450,20930,12483,-0.2528,0,5359,27,15,28,26,2
1775347282,26,72,0,0,0,0,no_volume,0,0,0,0,no_volume,0,0,0,0,no_volume,0,0,0,450,0,450,20930,12483,-0.2528,0,5359,27,15,28,26,2
1775347283,26,72,0,0,0,0,no_volume,0,0,0,0,no_volume,0,0,0,0,no_volume,0,0,0,450,0,450,20930,12483,-0.2528,0,1902,27,15,28,26,2
1775347284,26,72,0,0,0,0,no_volume,0,0,0,0,no_volume,0,0,0,0,no_volume,0,0,0,450,0,450,20930,12483,-0.2528,0,423,27,15,28,26,2
1775347285,26,72,0,0,0,0,no_volume,0,0,0,0,no_volume,0,0,0,0,no_volume,0,0,0,450,0,450,20430,12511,-0.2404,-500,-1077,27,15,28,26,2
1775347286,26,72,0,0,0,0,no_volume,0,0,0,0,no_volume,0,0,0,0,no_volume,0,0,0,450,0,450,20930,13132,-0.2289,0,-141,27,15,28,26,2
1775347287,26,72,0,0,0,0,no_volume,0,0,0,0,no_volume,0,0,0,0,no_volume,0,0,0,450,0,450,20930,13132,-0.2289,0,0,27,15,28,26,2
1775347288,26,72,0,0,0,0,no_volume,0,0,0,0,no_volume,0,0,0,0,no_volume,0,0,0,450,0,450,20930,13132,-0.2289,500,0,27,15,28,26,2
1775347289,26,72,0,0,0,0,no_volume,0,0,0,0,no_volume,0,0,0,0,no_volume,0,0,0,450,0,450,20930,13132,-0.2289,0,0,27,15,28,26,2
1775347290,26,72,0,0,230,230,low_activity,0,0,230,230,low_activity,0,0,230,230,low_activity,0,230,230,450,230,680,21551,12902,-0.251,621,621,27,15,28,26,2
1775347291,26,72,0,0,230,230,low_activity,0,0,230,230,low_activity,0,0,230,230,low_activity,0,0,0,450,230,680,21551,12902,-0.251,621,621,27,15,28,26,2
1775347292,26,72,0,0,230,230,low_activity,0,0,230,230,low_activity,0,0,230,230,low_activity,0,0,0,450,230,680,21551,10945,-0.3264,621,621,28,15,28,26,2
1775347293,26,72,0,0,0,0,no_volume,0,0,230,230,low_activity,0,0,230,230,low_activity,0,0,0,450,230,680,21551,10945,-0.3264,0,621,28,15,28,26,2
1775347294,26,72,0,0,0,0,no_volume,0,0,230,230,low_activity,0,0,230,230,low_activity,0,0,0,450,230,680,21551,10945,-0.3264,0,621,27,15,28,26,2
1775347295,26,72,0,0,0,0,no_volume,0,0,0,0,no_volume,0,0,230,230,low_activity,0,0,0,450,230,680,21551,10945,-0.3264,0,1121,27,15,28,26,2
1775347296,26,72,0,0,0,0,no_volume,0,0,0,0,no_volume,0,0,230,230,low_activity,0,0,0,450,230,680,21551,10945,-0.3264,0,621,27,15,28,26,2
1775347297,26,72,0,0,0,0,no_volume,0,0,0,0,no_volume,0,0,230,230,low_activity,0,0,0,450,230,680,21551,10945,-0.3264,0,621,27,15,28,26,2
1775347298,26,72,0,0,0,0,no_volume,0,0,0,0,no_volume,0,0,230,230,low_activity,0,0,0,450,230,680,15623,5731,-0.4632,-5928,-5307,26,15,28,26,2
1775347299,26,72,0,0,0,0,no_volume,0,0,0,0,no_volume,0,0,230,230,low_activity,0,0,0,450,230,680,16093,5731,-0.4748,-5458,-4837,26,15,28,26,2
1775347300,26,72,0,0,0,0,no_volume,0,0,0,0,no_volume,0,0,230,230,low_activity,0,0,0,450,230,680,16093,5720,-0.4755,-5458,-5458,26,15,28,26,2
1775347301,26,72,0,0,0,0,no_volume,0,0,0,0,no_volume,0,0,230,230,low_activity,0,0,0,450,230,680,16093,5718,-0.4757,470,-5458,26,17,28,26,2
1775347302,26,72,0,0,0,0,no_volume,0,0,0,0,no_volume,0,0,230,230,low_activity,0,0,0,0,230,230,20572,12066,-0.2606,4479,-979,27,17,28,26,2
1775347303,26,72,0,0,0,0,no_volume,0,0,0,0,no_volume,0,0,230,230,low_activity,0,0,0,0,230,230,21572,13066,-0.2456,5479,21,28,17,28,26,2
1775347304,26,72,0,0,0,0,no_volume,0,0,0,0,no_volume,0,0,230,230,low_activity,0,0,0,0,230,230,20951,12403,-0.2563,4858,-600,27,16,28,26,2
1775347305,26,72,0,0,0,0,no_volume,0,0,0,0,no_volume,0,0,230,230,low_activity,0,0,0,0,230,230,20951,12403,-0.2563,379,-600,27,16,28,26,2
1775347306,26,72,0,0,0,0,no_volume,0,0,0,0,no_volume,0,0,230,230,low_activity,0,0,0,0,230,230,20951,12403,-0.2563,-621,-600,27,16,28,26,2
1775347307,26,72,0,0,0,0,no_volume,0,0,0,0,no_volume,0,0,230,230,low_activity,0,0,0,0,230,230,20963,12403,-0.2565,12,-588,26,16,28,26,2
1775347308,26,72,0,0,0,0,no_volume,0,0,0,0,no_volume,0,0,230,230,low_activity,0,0,0,0,230,230,20963,12428,-0.2556,12,5340,26,16,28,26,2
1775347309,26,72,0,0,0,0,no_volume,0,0,0,0,no_volume,0,0,230,230,low_activity,0,0,0,0,230,230,21053,12428,-0.2576,102,4960,26,16,28,26,2
1775347310,26,72,0,0,0,0,no_volume,0,0,0,0,no_volume,0,0,230,230,low_activity,0,0,0,0,230,230,21053,12428,-0.2576,90,4960,26,16,28,26,2
1775347311,26,72,0,0,0,0,no_volume,0,0,0,0,no_volume,0,0,230,230,low_activity,0,0,0,0,230,230,21585,12428,-0.2692,622,5492,26,16,28,26,2
1775347312,26,72,0,0,0,0,no_volume,0,0,0,0,no_volume,0,0,230,230,low_activity,0,0,0,0,230,230,21585,12428,-0.2692,532,1013,26,16,28,26,2
1775347313,26,72,0,0,0,0,no_volume,0,0,0,0,no_volume,0,0,230,230,low_activity,0,0,0,0,230,230,21585,12428,-0.2692,532,13,26,16,28,26,2
1775347314,26,72,0,0,0,0,no_volume,0,0,0,0,no_volume,0,0,230,230,low_activity,0,0,0,0,230,230,21585,12428,-0.2692,0,634,26,16,28,26,2
1775347315,26,72,0,0,0,0,no_volume,0,0,0,0,no_volume,0,0,230,230,low_activity,0,0,0,0,230,230,21585,10322,-0.353,0,634,26,16,28,26,2
1775347316,26,72,0,0,0,0,no_volume,0,0,0,0,no_volume,0,0,230,230,low_activity,0,0,0,0,230,230,14063,4987,-0.4764,-7522,-6888,21,14,28,26,2
1775347317,26,72,0,0,0,0,no_volume,0,0,0,0,no_volume,0,0,230,230,low_activity,0,0,0,0,230,230,14063,4987,-0.4764,-7522,-6900,21,14,28,26,2
1775347318,26,72,0,0,0,0,no_volume,0,0,0,0,no_volume,0,0,230,230,low_activity,0,0,0,0,230,230,15662,4848,-0.5273,-5923,-5301,23,14,28,26,2
1775347319,26,73,0,0,0,0,no_volume,0,0,0,0,no_volume,0,0,230,230,low_activity,0,0,0,0,230,230,15788,4848,-0.5301,1725,-5265,26,14,27,26,1
1775347320,26,73,0,0,0,0,no_volume,0,0,0,0,no_volume,0,0,0,0,no_volume,0,0,0,0,230,230,14696,5246,-0.4739,633,-6357,24,13,27,26,1
1775347321,26,73,0,0,0,0,no_volume,0,0,0,0,no_volume,0,0,0,0,no_volume,0,0,0,0,230,230,15196,5718,-0.4532,-466,-6389,24,14,27,26,1
1775347322,26,73,0,0,0,0,no_volume,0,0,0,0,no_volume,0,0,0,0,no_volume,0,0,0,0,230,230,15196,5718,-0.4532,-592,-6389,24,14,27,26,1
1775347323,26,73,0,0,0,0,no_volume,0,0,0,0,no_volume,0,0,0,0,no_volume,0,0,0,0,230,230,15763,5694,-0.4693,1067,-5822,25,15,27,26,1
1775347324,26,73,0,0,0,0,no_volume,0,0,0,0,no_volume,0,0,0,0,no_volume,0,0,0,0,230,230,15273,5694,-0.4569,77,-6312,25,15,27,26,1
1775347325,26,73,0,0,0,0,no_volume,0,0,0,0,no_volume,0,0,0,0,no_volume,0,0,0,0,230,230,15183,5718,-0.4528,-13,-6402,25,15,27,26,1
1775347326,26,73,0,0,0,0,no_volume,0,0,0,0,no_volume,0,0,0,0,no_volume,0,0,0,0,230,230,19527,9904,-0.327,3764,5464,23,14,27,26,1
1775347327,26,73,0,0,0,0,no_volume,0,0,0,0,no_volume,0,0,0,0,no_volume,0,0,0,0,230,230,15048,5675,-0.4523,-225,985,22,14,27,26,1
1775347328,26,72,0,0,0,0,no_volume,0,0,0,0,no_volume,0,0,0,0,no_volume,0,0,0,0,230,230,15031,5221,-0.4844,-152,-631,21,14,28,26,2
1775347329,26,72,0,0,0,0,no_volume,0,0,0,0,no_volume,0,0,0,0,no_volume,0,0,0,0,230,230,19404,12444,-0.2185,-123,3616,23,15,28,26,2
1775347330,26,72,0,0,0,0,no_volume,0,0,0,0,no_volume,0,0,0,0,no_volume,0,0,0,0,230,230,20470,12420,-0.2448,5422,5774,24,15,28,26,2
1775347331,26,72,0,0,0,0,no_volume,0,0,0,0,no_volume,0,0,0,0,no_volume,0,0,0,0,230,230,20470,12420,-0.2448,5439,5274,25,15,28,26,2
1775347332,26,72,0,0,0,0,no_volume,0,0,0,0,no_volume,0,0,0,0,no_volume,0,0,0,0,230,230,20470,12420,-0.2448,1066,5274,25,15,28,26,2
1775347333,26,72,0,0,0,0,no_volume,0,0,0,0,no_volume,0,0,0,0,no_volume,0,0,0,0,230,230,20470,12420,-0.2448,0,4707,25,15,28,26,2
1775347334,26,72,0,0,0,0,no_volume,0,0,0,0,no_volume,0,0,0,0,no_volume,0,0,0,0,230,230,20470,12420,-0.2448,0,5197,25,15,28,26,2
1775347335,26,72,0,0,0,0,no_volume,0,0,0,0,no_volume,0,0,0,0,no_volume,0,0,0,0,230,230,20470,12420,-0.2448,0,5287,25,15,28,26,2
1775347336,26,72,0,0,0,0,no_volume,0,0,0,0,no_volume,0,0,0,0,no_volume,0,0,0,0,230,230,21038,12431,-0.2572,568,1511,26,15,28,26,2
1775347337,26,72,0,0,0,0,no_volume,0,0,0,0,no_volume,0,0,0,0,no_volume,0,0,0,0,230,230,21038,12431,-0.2572,568,5990,26,15,28,26,2
1775347338,26,72,0,0,0,0,no_volume,0,0,0,0,no_volume,0,0,0,0,no_volume,0,0,0,0,230,230,21032,12491,-0.2548,562,6001,26,15,28,26,2
1775347339,26,72,0,0,0,0,no_volume,0,0,0,0,no_volume,0,0,0,0,no_volume,0,0,0,0,230,230,21032,12491,-0.2548,-6,1628,26,15,28,26,2
1775347340,26,72,0,0,0,0,no_volume,0,0,0,0,no_volume,0,0,0,0,no_volume,0,0,0,0,230,230,21032,12515,-0.2539,-6,562,26,15,28,26,2
1775347341,26,72,0,0,0,0,no_volume,0,0,0,0,no_volume,0,0,0,0,no_volume,0,0,0,0,230,230,21032,12515,-0.2539,0,562,26,15,28,26,2
1775347342,26,72,0,0,0,0,no_volume,0,0,0,0,no_volume,0,0,0,0,no_volume,0,0,0,0,230,230,21032,12515,-0.2539,0,562,26,15,28,26,2
1775347343,26,72,0,0,0,0,no_volume,0,0,0,0,no_volume,0,0,0,0,no_volume,0,0,0,0,230,230,21032,12515,-0.2539,0,562,26,15,28,26,2
1775347344,26,72,0,0,0,0,no_volume,0,0,0,0,no_volume,0,0,0,0,no_volume,0,0,0,0,230,230,21032,12515,-0.2539,0,562,26,15,28,26,2
1775347345,26,72,0,0,0,0,no_volume,0,0,0,0,no_volume,0,0,0,0,no_volume,0,0,0,0,230,230,21032,12515,-0.2539,0,562,26,15,28,26,2
1775347346,26,72,0,0,0,0,no_volume,0,0,0,0,no_volume,0,0,0,0,no_volume,0,0,0,0,230,230,21032,12515,-0.2539,0,-6,26,15,28,26,2
1775347347,26,72,0,0,0,0,no_volume,0,0,0,0,no_volume,0,0,0,0,no_volume,0,0,0,0,230,230,21032,12515,-0.2539,0,-6,26,15,28,26,2
1775347348,26,72,0,0,0,0,no_volume,0,0,0,0,no_volume,0,0,0,0,no_volume,0,0,0,0,230,230,21032,12515,-0.2539,0,0,26,15,28,26,2
1775347349,26,72,0,0,0,0,no_volume,0,0,0,0,no_volume,0,0,0,0,no_volume,0,0,0,0,230,230,21032,12635,-0.2494,0,0,26,15,28,26,2
1775347350,26,72,0,0,0,0,no_volume,0,0,0,0,no_volume,0,0,0,0,no_volume,0,0,0,0,0,0,20532,10431,-0.3262,-500,-500,26,15,28,26,2
1775347351,26,72,0,0,0,0,no_volume,0,0,0,0,no_volume,0,0,0,0,no_volume,0,0,0,0,0,0,21570,11059,-0.3221,538,538,26,15,28,26,2
1775347352,26,72,0,0,0,0,no_volume,0,0,0,0,no_volume,0,0,0,0,no_volume,0,0,0,0,0,0,21570,11059,-0.3221,538,538,26,15,28,26,2
1775347353,26,72,0,0,0,0,no_volume,0,0,0,0,no_volume,0,0,0,0,no_volume,0,0,0,0,0,0,21570,13153,-0.2424,1038,538,26,15,28,26,2
1775347354,26,72,0,0,0,0,no_volume,0,0,0,0,no_volume,0,0,0,0,no_volume,0,0,0,0,0,0,21570,13153,-0.2424,0,538,26,15,28,26,2
1775347355,26,72,0,0,0,0,no_volume,0,0,0,0,no_volume,0,0,0,0,no_volume,0,0,0,0,0,0,21570,13153,-0.2424,0,538,26,15,28,26,2
1775347356,26,72,0,0,0,0,no_volume,0,0,0,0,no_volume,0,0,0,0,no_volume,0,0,0,0,0,0,21570,13153,-0.2424,0,538,26,15,28,26,2
1775347357,26,72,0,0,0,0,no_volume,0,0,0,0,no_volume,0,0,0,0,no_volume,0,0,0,0,0,0,21570,13153,-0.2424,0,538,26,15,28,26,2
1775347358,26,72,0,0,0,0,no_volume,0,0,0,0,no_volume,0,0,0,0,no_volume,0,0,0,0,0,0,21570,13153,-0.2424,0,538,26,15,28,26,2
1775347359,26,72,0,0,0,0,no_volume,0,0,0,0,no_volume,0,0,0,0,no_volume,0,0,0,0,0,0,21570,13153,-0.2424,0,538,26,15,28,26,2
1775347360,26,72,0,0,0,0,no_volume,0,0,0,0,no_volume,0,0,0,0,no_volume,0,0,0,0,0,0,21570,13153,-0.2424,0,1038,26,15,28,26,2
1775347361,26,72,0,0,0,0,no_volume,0,0,0,0,no_volume,0,0,0,0,no_volume,0,0,0,0,0,0,21570,13153,-0.2424,0,0,26,15,28,26,2
1775347362,26,72,0,0,0,0,no_volume,0,0,0,0,no_volume,0,0,0,0,no_volume,0,0,0,0,0,0,21570,13153,-0.2424,0,0,26,15,28,26,2
1775347363,26,72,0,0,0,0,no_volume,0,0,0,0,no_volume,0,0,0,0,no_volume,0,0,0,0,0,0,21570,13153,-0.2424,0,0,26,15,28,26,2
1775347364,26,72,0,0,0,0,no_volume,0,0,0,0,no_volume,0,0,0,0,no_volume,0,0,0,0,0,0,21570,11063,-0.322,0,0,26,15,28,26,2
1775347365,26,72,0,0,0,0,no_volume,0,0,0,0,no_volume,0,0,0,0,no_volume,0,0,0,0,0,0,21591,11060,-0.3225,21,21,26,16,28,26,2
1775347366,26,72,0,0,0,0,no_volume,0,0,0,0,no_volume,0,0,0,0,no_volume,0,0,0,0,0,0,21572,11035,-0.3232,2,2,26,15,28,26,2
1775347367,26,72,0,0,0,0,no_volume,0,0,0,0,no_volume,0,0,0,0,no_volume,0,0,0,0,0,0,15029,5926,-0.4344,-6541,-6541,22,14,28,26,2
1775347368,26,72,0,0,0,0,no_volume,0,0,0,0,no_volume,0,0,0,0,no_volume,0,0,0,0,0,0,15029,5986,-0.4303,-6562,-6541,22,15,28,26,2
1775347369,26,72,0,0,0,0,no_volume,0,0,0,0,no_volume,0,0,0,0,no_volume,0,0,0,0,0,0,15029,5986,-0.4303,-6543,-6541,22,16,28,26,2
1775347370,26,73,0,0,0,0,no_volume,0,0,0,0,no_volume,0,0,0,0,no_volume,0,0,0,0,0,0,15592,6039,-0.4416,563,-5978,24,18,27,26,1
1775347371,23,74,0,0,0,0,no_volume,0,0,0,0,no_volume,0,0,0,0,no_volume,0,0,0,0,0,0,16062,3563,-0.6369,1033,-5508,25,17,26,23,3
1775347372,24,74,0,0,0,0,no_volume,0,0,0,0,no_volume,0,0,0,0,no_volume,0,0,0,0,0,0,15630,3458,-0.6377,601,-5940,25,18,26,24,2
1775347373,24,73,0,0,0,0,no_volume,0,0,0,0,no_volume,0,0,0,0,no_volume,0,0,0,0,0,0,15527,3452,-0.6362,-65,-6043,23,18,27,24,3
1775347374,25,73,0,0,0,0,no_volume,0,0,0,0,no_volume,0,0,0,0,no_volume,0,0,0,0,0,0,15647,3602,-0.6257,-415,-5923,25,19,27,25,2
1775347375,25,73,0,0,0,0,no_volume,0,0,0,0,no_volume,0,0,0,0,no_volume,0,0,0,0,0,0,20643,8681,-0.4079,5013,-948,27,17,27,25,2
1775347376,25,73,0,0,0,0,no_volume,0,0,0,0,no_volume,0,0,0,0,no_volume,0,0,0,0,0,0,21037,8004,-0.4488,5510,-535,28,16,27,25,2
1775347377,25,73,0,0,0,0,no_volume,0,0,0,0,no_volume,0,0,0,0,no_volume,0,0,0,0,0,0,21037,8004,-0.4488,5390,6008,28,16,27,25,2
1775347378,25,73,0,0,0,0,no_volume,0,0,0,0,no_volume,0,0,0,0,no_volume,0,0,0,0,0,0,21037,8004,-0.4488,394,6008,28,16,27,25,2
1775347379,25,73,0,0,0,0,no_volume,0,0,0,0,no_volume,0,0,0,0,no_volume,0,0,0,0,0,0,21037,8004,-0.4488,0,6008,28,16,27,25,2
1775347380,26,73,0,0,0,0,no_volume,0,0,0,0,no_volume,0,0,0,0,no_volume,0,0,0,0,0,0,21127,12630,-0.2517,90,5535,28,17,27,26,1
1775347381,26,73,0,0,0,0,no_volume,0,0,0,0,no_volume,0,0,0,0,no_volume,0,0,0,0,0,0,21127,12630,-0.2517,90,5065,28,17,27,26,1
1775347382,26,73,0,0,0,0,no_volume,0,0,0,0,no_volume,0,0,0,0,no_volume,0,0,0,0,0,0,20648,12630,-0.2409,-389,5018,28,17,27,26,1
1775347383,26,73,0,0,0,0,no_volume,0,0,0,0,no_volume,0,0,0,0,no_volume,0,0,0,0,0,0,21127,12570,-0.2539,0,5600,28,16,27,26,1
1775347384,26,73,0,0,0,0,no_volume,0,0,0,0,no_volume,0,0,0,0,no_volume,0,0,0,0,0,0,21127,12570,-0.2539,0,5480,28,16,27,26,1
1775347385,26,73,0,0,0,0,no_volume,0,0,0,0,no_volume,0,0,0,0,no_volume,0,0,0,0,0,0,21127,12570,-0.2539,479,484,28,16,27,26,1
1775347386,26,73,0,0,0,0,no_volume,0,0,0,0,no_volume,0,0,0,0,no_volume,0,0,0,0,0,0,21007,12570,-0.2513,-120,-30,28,15,27,26,1
1775347387,26,73,0,0,0,0,no_volume,0,0,0,0,no_volume,0,0,0,0,no_volume,0,0,0,0,0,0,20528,12658,-0.2371,-599,-509,27,16,27,26,1
1775347388,26,73,0,0,0,0,no_volume,0,0,0,0,no_volume,0,0,0,0,no_volume,0,0,0,0,0,0,21011,12658,-0.2481,-116,-26,28,16,27,26,1
1775347389,26,73,0,0,0,0,no_volume,0,0,0,0,no_volume,0,0,0,0,no_volume,0,0,0,0,0,0,21005,12658,-0.248,-2,-32,28,16,27,26,1
1775347390,26,73,0,0,0,0,no_volume,0,0,0,0,no_volume,0,0,0,0,no_volume,0,0,0,0,0,0,21029,10514,-0.3334,501,-98,27,16,27,26,1
1775347391,26,73,0,0,0,0,no_volume,0,0,0,0,no_volume,0,0,0,0,no_volume,0,0,0,0,0,0,21029,10514,-0.3334,18,-98,27,16,27,26,1
1775347392,26,73,0,0,0,0,no_volume,0,0,0,0,no_volume,0,0,0,0,no_volume,0,0,0,0,0,0,21029,11142,-0.3073,24,381,27,16,27,26,1
1775347393,26,73,0,0,0,0,no_volume,0,0,0,0,no_volume,0,0,0,0,no_volume,0,0,0,0,0,0,21029,11142,-0.3073,0,-98,27,16,27,26,1
1775347394,26,73,0,0,0,0,no_volume,0,0,0,0,no_volume,0,0,0,0,no_volume,0,0,0,0,0,0,21657,11142,-0.3206,628,530,27,16,27,26,1
1775347395,26,73,0,0,0,0,no_volume,0,0,0,0,no_volume,0,0,0,0,no_volume,0,0,0,0,0,0,21657,11142,-0.3206,628,530,27,16,27,26,1
1775347396,26,73,0,0,0,0,no_volume,0,0,0,0,no_volume,0,0,0,0,no_volume,0,0,0,0,0,0,21657,13306,-0.2389,628,650,27,16,27,26,1
1775347397,26,73,0,0,0,0,no_volume,0,0,0,0,no_volume,0,0,0,0,no_volume,0,0,0,0,0,0,21657,13306,-0.2389,0,1129,27,16,27,26,1
1775347398,26,73,0,0,0,0,no_volume,0,0,0,0,no_volume,0,0,0,0,no_volume,0,0,0,0,0,0,21657,13306,-0.2389,0,646,27,16,27,26,1
1775347399,26,73,0,0,0,0,no_volume,0,0,0,0,no_volume,0,0,0,0,no_volume,0,0,0,0,0,0,21657,13306,-0.2389,0,652,27,16,27,26,1
1775347400,26,73,0,0,0,0,no_volume,0,0,0,0,no_volume,0,0,0,0,no_volume,0,0,0,0,0,0,21029,12650,-0.2488,-628,0,27,16,27,26,1
1775347401,26,73,0,0,0,0,no_volume,0,0,0,0,no_volume,0,0,0,0,no_volume,0,0,0,0,0,0,21029,12650,-0.2488,-628,0,27,16,27,26,1
1775347402,26,73,0,0,0,0,no_volume,0,0,0,0,no_volume,0,0,0,0,no_volume,0,0,0,0,0,0,21029,12650,-0.2488,-628,0,27,16,27,26,1
1775347403,26,73,0,0,0,0,no_volume,0,0,0,0,no_volume,0,0,0,0,no_volume,0,0,0,0,0,0,21029,12650,-0.2488,0,0,27,16,27,26,1
1775347404,26,73,0,0,0,0,no_volume,0,0,0,0,no_volume,0,0,0,0,no_volume,0,0,0,0,0,0,21029,12650,-0.2488,0,-628,27,16,27,26,1
1775347405,26,73,0,0,0,0,no_volume,0,0,0,0,no_volume,0,0,0,0,no_volume,0,0,0,0,0,0,21029,12650,-0.2488,0,-628,27,16,27,26,1
1775347406,26,73,0,0,0,0,no_volume,0,0,0,0,no_volume,0,0,0,0,no_volume,0,0,0,0,0,0,21029,12650,-0.2488,0,-628,27,16,27,26,1
1775347407,26,73,0,0,0,0,no_volume,0,0,0,0,no_volume,0,0,0,0,no_volume,0,0,0,0,0,0,21029,12650,-0.2488,0,-628,27,16,27,26,1
1775347408,26,73,0,0,0,0,no_volume,0,0,0,0,no_volume,0,0,0,0,no_volume,0,0,0,0,0,0,21029,12678,-0.2478,0,-628,27,16,27,26,1
1775347409,26,73,0,0,0,0,no_volume,0,0,0,0,no_volume,0,0,0,0,no_volume,0,0,0,0,0,0,21029,12678,-0.2478,0,-628,27,16,27,26,1
1775347410,26,73,0,0,0,0,no_volume,0,0,0,0,no_volume,0,0,0,0,no_volume,0,0,0,0,0,0,21029,12678,-0.2478,0,0,27,16,27,26,1
1775347411,26,73,0,0,0,0,no_volume,0,0,0,0,no_volume,0,0,0,0,no_volume,0,0,0,0,0,0,21029,12678,-0.2478,0,0,27,16,27,26,1
1775347412,26,73,0,0,0,0,no_volume,0,0,0,0,no_volume,0,0,0,0,no_volume,0,0,0,0,0,0,21029,13306,-0.2249,0,0,27,16,27,26,1
1775347413,26,73,0,0,0,0,no_volume,0,0,0,0,no_volume,0,0,0,0,no_volume,0,0,0,0,0,0,21029,13306,-0.2249,0,0,27,16,27,26,1
1775347414,26,73,0,0,0,0,no_volume,0,0,0,0,no_volume,0,0,0,0,no_volume,0,0,0,0,0,0,21567,13306,-0.2369,538,538,27,16,27,26,1
1775347415,26,73,0,0,0,0,no_volume,0,0,0,0,no_volume,0,0,0,0,no_volume,0,0,0,0,0,0,21567,13306,-0.2369,538,538,27,16,27,26,1
1775347416,26,73,0,0,0,0,no_volume,0,0,0,0,no_volume,0,0,0,0,no_volume,0,0,0,0,0,0,21567,13306,-0.2369,538,538,27,16,27,26,1
1775347417,26,73,0,0,0,0,no_volume,0,0,0,0,no_volume,0,0,0,0,no_volume,0,0,0,0,0,0,21567,13306,-0.2369,0,538,27,16,27,26,1
1775347418,26,72,0,0,0,0,no_volume,0,0,0,0,no_volume,0,0,0,0,no_volume,0,0,0,0,0,0,21567,13306,-0.2369,0,538,26,16,28,26,2
1775347419,26,72,0,0,0,0,no_volume,0,0,0,0,no_volume,0,0,0,0,no_volume,0,0,0,0,0,0,21567,13306,-0.2369,0,538,26,16,28,26,2
1775347420,26,72,0,0,0,0,no_volume,0,0,0,0,no_volume,0,0,0,0,no_volume,0,0,0,0,0,0,21567,13306,-0.2369,0,538,26,16,28,26,2
1775347421,26,72,0,0,0,0,no_volume,0,0,0,0,no_volume,0,0,0,0,no_volume,0,0,0,0,0,0,21567,13306,-0.2369,0,538,26,16,28,26,2
1775347422,26,72,0,0,0,0,no_volume,0,0,0,0,no_volume,0,0,0,0,no_volume,0,0,0,0,0,0,21567,13306,-0.2369,0,538,26,16,28,26,2
1775347423,26,72,0,0,0,0,no_volume,0,0,0,0,no_volume,0,0,0,0,no_volume,0,0,0,0,0,0,21567,13306,-0.2369,0,538,26,16,28,26,2
1775347424,26,72,0,0,0,0,no_volume,0,0,0,0,no_volume,0,0,0,0,no_volume,0,0,0,0,0,0,21567,13306,-0.2369,0,0,26,16,28,26,2
1775347425,26,72,0,0,0,0,no_volume,0,0,0,0,no_volume,0,0,0,0,no_volume,0,0,0,0,0,0,21567,13306,-0.2369,0,0,26,16,28,26,2
1775347426,26,72,0,0,0,0,no_volume,0,0,0,0,no_volume,0,0,0,0,no_volume,0,0,0,0,0,0,21567,13306,-0.2369,0,0,26,16,28,26,2
1775347427,26,72,0,0,0,0,no_volume,0,0,0,0,no_volume,0,0,0,0,no_volume,0,0,0,0,0,0,21567,13306,-0.2369,0,0,26,16,28,26,2
1775347428,26,72,0,0,0,0,no_volume,0,0,0,0,no_volume,0,0,0,0,no_volume,0,0,0,0,0,0,21567,13306,-0.2369,0,0,26,16,28,26,2
1775347429,26,72,0,0,0,0,no_volume,0,0,0,0,no_volume,0,0,0,0,no_volume,0,0,0,0,0,0,21567,13306,-0.2369,0,0,26,16,28,26,2
1775347430,26,72,0,0,0,0,no_volume,0,0,0,0,no_volume,0,0,0,0,no_volume,0,0,0,0,0,0,21567,13306,-0.2369,0,0,26,16,28,26,2
1775347431,26,72,0,0,0,0,no_volume,0,0,0,0,no_volume,0,0,0,0,no_volume,0,0,0,0,0,0,21567,13186,-0.2412,0,0,26,16,28,26,2
1775347432,26,72,0,0,0,0,no_volume,0,0,0,0,no_volume,0,0,0,0,no_volume,0,0,0,0,0,0,21567,13186,-0.2412,0,0,26,16,28,26,2
1775347433,26,72,0,0,0,0,no_volume,0,0,0,0,no_volume,0,0,0,0,no_volume,0,0,0,0,0,0,21567,13186,-0.2412,0,0,26,16,28,26,2
1775347434,26,72,0,0,0,0,no_volume,0,0,0,0,no_volume,0,0,0,0,no_volume,0,0,0,0,0,0,21567,13186,-0.2412,0,0,26,16,28,26,2
1775347435,26,72,0,0,0,0,no_volume,0,0,0,0,no_volume,0,0,0,0,no_volume,0,0,0,0,0,0,21567,13186,-0.2412,0,0,26,16,28,26,2
1775347436,26,72,0,0,0,0,no_volume,0,0,0,0,no_volume,0,0,0,0,no_volume,0,0,0,0,0,0,21567,13186,-0.2412,0,0,26,16,28,26,2
1775347437,26,72,0,0,0,0,no_volume,0,0,0,0,no_volume,0,0,0,0,no_volume,0,0,0,0,0,0,21567,13186,-0.2412,0,0,26,16,28,26,2
1775347438,26,72,0,0,0,0,no_volume,0,0,0,0,no_volume,0,0,0,0,no_volume,0,0,0,0,0,0,21567,12186,-0.2779,0,0,26,16,28,26,2
1775347439,26,72,0,0,0,0,no_volume,0,0,0,0,no_volume,0,0,0,0,no_volume,0,0,0,0,0,0,21567,12186,-0.2779,0,0,26,16,28,26,2
1775347440,26,72,0,0,0,0,no_volume,0,0,0,0,no_volume,0,0,0,0,no_volume,0,0,0,0,0,0,21567,13186,-0.2412,0,0,26,16,28,26,2
1775347441,26,72,0,0,0,0,no_volume,0,0,0,0,no_volume,0,0,0,0,no_volume,0,0,0,0,0,0,21567,13186,-0.2412,0,0,26,16,28,26,2
1775347442,26,72,0,0,0,0,no_volume,0,0,0,0,no_volume,0,0,0,0,no_volume,0,0,0,0,0,0,21567,13186,-0.2412,0,0,26,16,28,26,2
1775347443,26,72,0,0,0,0,no_volume,0,0,0,0,no_volume,0,0,0,0,no_volume,0,0,0,0,0,0,21567,13186,-0.2412,0,0,26,16,28,26,2
1775347444,26,72,0,0,0,0,no_volume,0,0,0,0,no_volume,0,0,0,0,no_volume,0,0,0,0,0,0,21567,13186,-0.2412,0,0,26,16,28,26,2
1775347445,26,72,0,0,0,0,no_volume,0,0,0,0,no_volume,0,0,0,0,no_volume,0,0,0,0,0,0,21567,13186,-0.2412,0,0,26,16,28,26,2
1775347446,26,72,0,0,0,0,no_volume,0,0,0,0,no_volume,0,0,0,0,no_volume,0,0,0,0,0,0,21567,13186,-0.2412,0,0,26,16,28,26,2
1775347447,26,72,0,0,0,0,no_volume,0,0,0,0,no_volume,0,0,0,0,no_volume,0,0,0,0,0,0,21567,13186,-0.2412,0,0,26,16,28,26,2
1775347448,26,72,0,0,0,0,no_volume,0,0,0,0,no_volume,0,0,0,0,no_volume,0,0,0,0,0,0,21567,13186,-0.2412,0,0,26,16,28,26,2
1775347449,26,72,0,0,0,0,no_volume,0,0,0,0,no_volume,0,0,0,0,no_volume,0,0,0,0,0,0,21567,13186,-0.2412,0,0,26,16,28,26,2
1775347450,26,72,0,0,0,0,no_volume,0,0,0,0,no_volume,0,0,0,0,no_volume,0,0,0,0,0,0,21567,13186,-0.2412,0,0,26,16,28,26,2
1775347451,26,72,0,0,0,0,no_volume,0,0,0,0,no_volume,0,0,0,0,no_volume,0,0,0,0,0,0,21567,13186,-0.2412,0,0,26,16,28,26,2
1775347452,26,72,0,0,0,0,no_volume,0,0,0,0,no_volume,0,0,0,0,no_volume,0,0,0,0,0,0,21567,13186,-0.2412,0,0,26,16,28,26,2
1775347453,26,72,0,0,0,0,no_volume,0,0,0,0,no_volume,0,0,0,0,no_volume,0,0,0,0,0,0,21567,13186,-0.2412,0,0,26,16,28,26,2
1775347454,26,72,0,0,0,0,no_volume,0,0,0,0,no_volume,0,0,0,0,no_volume,0,0,0,0,0,0,21567,13186,-0.2412,0,0,26,16,28,26,2
1775347455,26,72,0,0,0,0,no_volume,0,0,0,0,no_volume,0,0,0,0,no_volume,0,0,0,0,0,0,21567,13186,-0.2412,0,0,26,16,28,26,2
1775347456,26,72,0,0,0,0,no_volume,0,0,0,0,no_volume,0,0,0,0,no_volume,0,0,0,0,0,0,21567,13186,-0.2412,0,0,26,16,28,26,2
1775347457,26,72,0,0,0,0,no_volume,0,0,0,0,no_volume,0,0,0,0,no_volume,0,0,0,0,0,0,21567,13186,-0.2412,0,0,26,16,28,26,2
1775347458,26,72,0,0,0,0,no_volume,0,0,0,0,no_volume,0,0,0,0,no_volume,0,0,0,0,0,0,21567,13186,-0.2412,0,0,26,16,28,26,2
1775347459,26,72,0,0,0,0,no_volume,0,0,0,0,no_volume,0,0,0,0,no_volume,0,0,0,0,0,0,21567,13186,-0.2412,0,0,26,16,28,26,2
1775347460,26,72,0,0,0,0,no_volume,0,0,0,0,no_volume,0,0,0,0,no_volume,0,0,0,0,0,0,21567,13186,-0.2412,0,0,26,16,28,26,2
1775347461,26,72,0,0,0,0,no_volume,0,0,0,0,no_volume,0,0,0,0,no_volume,0,0,0,0,0,0,21567,13186,-0.2412,0,0,26,16,28,26,2
1775347462,26,72,0,0,0,0,no_volume,0,0,0,0,no_volume,0,0,0,0,no_volume,0,0,0,0,0,0,21567,13186,-0.2412,0,0,26,16,28,26,2
1775347463,26,72,0,0,0,0,no_volume,0,0,0,0,no_volume,0,0,0,0,no_volume,0,0,0,0,0,0,21567,13186,-0.2412,0,0,26,16,28,26,2
1775347464,26,72,0,0,0,0,no_volume,0,0,0,0,no_volume,0,0,0,0,no_volume,0,0,0,0,0,0,21567,13186,-0.2412,0,0,26,16,28,26,2
1775347465,26,72,0,0,0,0,no_volume,0,0,0,0,no_volume,0,0,0,0,no_volume,0,0,0,0,0,0,21567,13186,-0.2412,0,0,26,16,28,26,2
1775347466,26,72,0,0,0,0,no_volume,0,0,0,0,no_volume,0,0,0,0,no_volume,0,0,0,0,0,0,21567,13186,-0.2412,0,0,26,16,28,26,2
1775347467,26,72,0,0,0,0,no_volume,0,0,0,0,no_volume,0,0,0,0,no_volume,0,0,0,0,0,0,21567,13186,-0.2412,0,0,26,16,28,26,2
1775347468,26,72,0,0,0,0,no_volume,0,0,0,0,no_volume,0,0,0,0,no_volume,0,0,0,0,0,0,21567,13186,-0.2412,0,0,26,16,28,26,2
1775347469,26,72,0,0,0,0,no_volume,0,0,0,0,no_volume,0,0,0,0,no_volume,0,0,0,0,0,0,21567,13186,-0.2412,0,0,26,16,28,26,2
1775347470,26,72,0,0,0,0,no_volume,0,0,0,0,no_volume,0,0,0,0,no_volume,0,0,0,0,0,0,21567,13186,-0.2412,0,0,26,16,28,26,2
1775347471,26,72,0,0,0,0,no_volume,0,0,0,0,no_volume,0,0,0,0,no_volume,0,0,0,0,0,0,21567,13186,-0.2412,0,0,26,16,28,26,2
1775347472,26,72,0,0,0,0,no_volume,0,0,0,0,no_volume,0,0,0,0,no_volume,0,0,0,0,0,0,21567,13186,-0.2412,0,0,26,16,28,26,2
1775347473,26,72,0,0,0,0,no_volume,0,0,0,0,no_volume,0,0,0,0,no_volume,0,0,0,0,0,0,21567,13186,-0.2412,0,0,26,16,28,26,2
1775347474,26,72,0,0,0,0,no_volume,0,0,0,0,no_volume,0,0,0,0,no_volume,0,0,0,0,0,0,21567,13186,-0.2412,0,0,26,16,28,26,2
1775347475,26,72,0,0,0,0,no_volume,0,0,0,0,no_volume,0,0,0,0,no_volume,0,0,0,0,0,0,21567,13186,-0.2412,0,0,26,16,28,26,2
1775347476,26,72,0,0,0,0,no_volume,0,0,0,0,no_volume,0,0,0,0,no_volume,0,0,0,0,0,0,21567,13186,-0.2412,0,0,26,16,28,26,2
1775347477,26,72,0,0,0,0,no_volume,0,0,0,0,no_volume,0,0,0,0,no_volume,0,0,0,0,0,0,21567,13186,-0.2412,0,0,26,16,28,26,2
1775347478,26,72,0,0,0,0,no_volume,0,0,0,0,no_volume,0,0,0,0,no_volume,0,0,0,0,0,0,21567,13186,-0.2412,0,0,26,16,28,26,2
1775347479,27,72,0,0,0,0,no_volume,0,0,0,0,no_volume,0,0,0,0,no_volume,0,0,0,0,0,0,21627,13214,-0.2415,60,60,27,17,28,27,1
1775347480,27,72,0,0,0,0,no_volume,0,0,0,0,no_volume,0,0,0,0,no_volume,0,0,0,0,0,0,21627,15386,-0.1686,60,60,27,17,28,27,1
1775347481,27,72,0,0,0,0,no_volume,0,0,0,0,no_volume,0,0,0,0,no_volume,0,0,0,0,0,0,21627,15386,-0.1686,60,60,27,17,28,27,1
1775347482,27,72,0,0,0,0,no_volume,0,0,0,0,no_volume,0,0,0,0,no_volume,0,0,0,0,0,0,21627,15386,-0.1686,0,60,27,17,28,27,1
1775347483,27,72,0,0,0,0,no_volume,0,0,0,0,no_volume,0,0,0,0,no_volume,0,0,0,0,0,0,21627,15386,-0.1686,0,60,27,17,28,27,1
1775347484,27,72,0,0,0,0,no_volume,0,0,0,0,no_volume,0,0,0,0,no_volume,0,0,0,0,0,0,21627,15386,-0.1686,0,60,27,17,28,27,1
1775347485,27,72,0,0,0,0,no_volume,0,0,0,0,no_volume,0,0,0,0,no_volume,0,0,0,0,0,0,21627,15386,-0.1686,0,60,27,17,28,27,1
1775347486,27,72,0,0,0,0,no_volume,0,0,0,0,no_volume,0,0,0,0,no_volume,0,0,0,0,0,0,21627,15386,-0.1686,0,60,27,17,28,27,1
1775347487,27,72,0,0,0,0,no_volume,0,0,0,0,no_volume,0,0,0,0,no_volume,0,0,0,0,0,0,21627,15386,-0.1686,0,60,27,17,28,27,1
1775347488,27,72,0,0,0,0,no_volume,0,0,0,0,no_volume,0,0,0,0,no_volume,0,0,0,0,0,0,21627,15386,-0.1686,0,60,27,17,28,27,1
1775347489,27,72,0,0,0,0,no_volume,0,0,0,0,no_volume,0,0,0,0,no_volume,0,0,0,0,0,0,20146,15386,-0.134,-1481,-1481,27,17,28,27,1
1775347490,27,72,0,0,0,0,no_volume,0,0,0,0,no_volume,0,0,0,0,no_volume,0,0,0,0,0,0,20146,15386,-0.134,-1481,-1481,27,17,28,27,1
1775347491,27,72,0,0,0,0,no_volume,0,0,0,0,no_volume,0,0,0,0,no_volume,0,0,0,0,0,0,20150,15386,-0.1341,-1477,-1477,27,17,28,27,1
1775347492,27,72,0,0,0,0,no_volume,0,0,0,0,no_volume,0,0,0,0,no_volume,0,0,0,0,0,0,20091,15386,-0.1326,-55,-1536,26,17,28,27,1
1775347493,27,72,0,0,0,0,no_volume,0,0,0,0,no_volume,0,0,0,0,no_volume,0,0,0,0,0,0,20091,15386,-0.1326,-55,-1536,26,17,28,27,1
1775347494,27,72,0,0,0,0,no_volume,0,0,0,0,no_volume,0,0,0,0,no_volume,0,0,0,0,0,0,20091,15386,-0.1326,-59,-1536,26,17,28,27,1
1775347495,27,72,0,0,0,0,no_volume,0,0,0,0,no_volume,0,0,0,0,no_volume,0,0,0,0,0,0,16091,11386,-0.1712,-4000,-5536,25,16,28,27,1
1775347496,27,72,0,0,0,0,no_volume,0,0,0,0,no_volume,0,0,0,0,no_volume,0,0,0,0,0,0,20037,15386,-0.1313,-54,-1590,26,16,28,27,1
1775347497,27,72,0,0,0,0,no_volume,0,0,0,0,no_volume,0,0,0,0,no_volume,0,0,0,0,0,0,20037,15386,-0.1313,-54,-1590,26,16,28,27,1
1775347498,27,72,0,0,0,0,no_volume,0,0,0,0,no_volume,0,0,0,0,no_volume,0,0,0,0,0,0,20037,15386,-0.1313,3946,-1590,26,16,28,27,1
1775347499,27,72,0,0,0,0,no_volume,0,0,0,0,no_volume,0,0,0,0,no_volume,0,0,0,0,0,0,20037,15386,-0.1313,0,-109,26,16,28,27,1
1775347500,27,72,0,0,0,0,no_volume,0,0,0,0,no_volume,0,0,0,0,no_volume,0,0,0,0,0,0,20037,15386,-0.1313,0,-109,26,16,28,27,1
1775347501,27,72,0,0,0,0,no_volume,0,0,0,0,no_volume,0,0,0,0,no_volume,0,0,0,0,0,0,20037,15386,-0.1313,0,-113,26,16,28,27,1
1775347502,27,72,0,0,0,0,no_volume,0,0,0,0,no_volume,0,0,0,0,no_volume,0,0,0,0,0,0,15515,6571,-0.405,-4522,-4576,24,15,28,27,1
1775347503,27,72,0,0,0,0,no_volume,0,0,0,0,no_volume,0,0,0,0,no_volume,0,0,0,0,0,0,14008,6338,-0.377,-6029,-6083,24,16,28,27,1
1775347504,27,72,0,0,0,0,no_volume,0,0,0,0,no_volume,0,0,0,0,no_volume,0,0,0,0,0,0,14223,5710,-0.4271,-5814,-5868,26,17,28,27,1
1775347505,27,72,0,0,0,0,no_volume,0,0,0,0,no_volume,0,0,0,0,no_volume,0,0,0,0,0,0,14223,9554,-0.1964,-1292,-1868,26,16,28,27,1
1775347506,27,72,0,0,0,0,no_volume,0,0,0,0,no_volume,0,0,0,0,no_volume,0,0,0,0,0,0,20202,14033,-0.1802,6194,165,28,17,28,27,1
1775347507,27,72,0,0,0,0,no_volume,0,0,0,0,no_volume,0,0,0,0,no_volume,0,0,0,0,0,0,20202,15033,-0.1467,5979,165,28,18,28,27,1
1775347508,27,72,0,0,0,0,no_volume,0,0,0,0,no_volume,0,0,0,0,no_volume,0,0,0,0,0,0,20202,15033,-0.1467,5979,165,28,18,28,27,1
1775347509,27,72,0,0,0,0,no_volume,0,0,0,0,no_volume,0,0,0,0,no_volume,0,0,0,0,0,0,20202,15033,-0.1467,0,165,28,18,28,27,1
1775347510,27,72,0,0,0,0,no_volume,0,0,0,0,no_volume,0,0,0,0,no_volume,0,0,0,0,0,0,20202,15033,-0.1467,0,165,28,18,28,27,1
1775347511,27,72,0,0,0,0,no_volume,0,0,0,0,no_volume,0,0,0,0,no_volume,0,0,0,0,0,0,20202,15665,-0.1265,0,165,28,18,28,27,1
1775347512,27,72,0,0,0,0,no_volume,0,0,0,0,no_volume,0,0,0,0,no_volume,0,0,0,0,0,0,20202,15033,-0.1467,0,4687,28,17,28,27,1
1775347513,27,72,0,0,0,0,no_volume,0,0,0,0,no_volume,0,0,0,0,no_volume,0,0,0,0,0,0,20202,15033,-0.1467,0,6194,28,17,28,27,1
1775347514,27,72,0,0,0,0,no_volume,0,0,0,0,no_volume,0,0,0,0,no_volume,0,0,0,0,0,0,20202,15033,-0.1467,0,5979,28,17,28,27,1
1775347515,27,72,0,0,0,0,no_volume,0,0,0,0,no_volume,0,0,0,0,no_volume,0,0,0,0,0,0,20202,15033,-0.1467,0,5979,28,17,28,27,1
1775347516,27,72,0,0,0,0,no_volume,0,0,0,0,no_volume,0,0,0,0,no_volume,0,0,0,0,0,0,19570,10939,-0.2829,-632,-632,28,17,28,27,1
1775347517,27,72,0,0,0,0,no_volume,0,0,0,0,no_volume,0,0,0,0,no_volume,0,0,0,0,0,0,19702,10939,-0.286,-500,-500,28,17,28,27,1
1775347518,27,72,0,0,0,0,no_volume,0,0,0,0,no_volume,0,0,0,0,no_volume,0,0,0,0,0,0,20202,10939,-0.2975,0,0,28,17,28,27,1
1775347519,27,72,0,0,0,0,low_activity,0,0,0,0,low_activity,0,0,0,0,low_activity,0,8,8,0,8,8,20202,10931,-0.2978,632,0,28,17,28,27,1
1775347520,27,72,0,0,0,0,low_activity,0,0,0,0,low_activity,0,0,0,0,low_activity,0,0,0,0,8,8,20202,10931,-0.2978,500,0,28,17,28,27,1
1775347521,27,72,0,0,0,0,low_activity,0,0,0,0,low_activity,0,0,0,0,low_activity,0,0,0,0,8,8,20202,10931,-0.2978,0,0,28,17,28,27,1
1775347522,27,72,0,0,0,0,no_volume,0,0,0,0,low_activity,0,0,0,0,low_activity,0,0,0,0,8,8,20202,13129,-0.2122,0,0,28,17,28,27,1
1775347523,27,72,0,0,0,0,no_volume,0,0,0,0,low_activity,0,0,0,0,low_activity,0,0,0,0,8,8,20202,13129,-0.2122,0,0,28,17,28,27,1
1775347524,27,72,0,0,0,0,no_volume,0,0,0,0,no_volume,0,0,0,0,low_activity,0,0,0,0,8,8,20202,10931,-0.2978,0,0,28,17,28,27,1
1775347525,26,72,0,0,0,0,no_volume,0,0,0,0,no_volume,0,0,0,0,low_activity,0,0,0,0,8,8,19702,10858,-0.2894,-500,-500,28,16,28,26,2
1775347526,26,72,0,0,0,0,no_volume,0,0,0,0,no_volume,0,0,0,0,low_activity,0,0,0,0,8,8,12039,4945,-0.4177,-8163,-7531,23,14,28,26,2
1775347527,26,72,0,0,0,0,no_volume,0,0,0,0,no_volume,0,0,0,0,low_activity,0,0,0,0,8,8,13039,4795,-0.4623,-7163,-6663,24,13,28,26,2
1775347528,18,73,0,0,0,0,no_volume,0,0,0,0,no_volume,0,0,0,0,low_activity,0,0,0,0,8,8,13054,4832,-0.4597,-6648,-7148,24,14,27,18,9
1775347529,18,73,0,0,0,0,no_volume,0,0,0,0,no_volume,0,0,0,0,low_activity,0,0,0,0,8,8,13113,2308,-0.7007,1074,-7089,24,13,27,18,9
1775347530,18,73,0,0,0,0,no_volume,0,0,0,0,no_volume,0,0,0,0,low_activity,0,0,0,0,8,8,13113,2308,-0.7007,74,-7089,24,13,27,18,9
1775347531,18,73,0,0,0,0,no_volume,0,0,0,0,no_volume,0,0,0,0,low_activity,0,0,0,0,8,8,14113,2308,-0.7189,1059,-6089,25,13,27,18,9
1775347532,18,73,0,0,0,0,no_volume,0,0,0,0,no_volume,0,0,0,0,low_activity,0,0,0,0,8,8,14113,2308,-0.7189,1000,-6089,25,13,27,18,9
1775347533,20,73,0,0,0,0,no_volume,0,0,0,0,no_volume,0,0,0,0,low_activity,0,0,0,0,8,8,14113,2380,-0.7114,1000,-6089,25,15,27,20,7
1775347534,19,73,0,0,0,0,no_volume,0,0,0,0,no_volume,0,0,0,0,low_activity,0,0,0,0,8,8,13113,2474,-0.6826,-1000,-7089,24,14,27,19,8
1775347535,21,73,0,0,0,0,no_volume,0,0,0,0,no_volume,0,0,0,0,low_activity,0,0,0,0,8,8,14113,2499,-0.6991,0,-5589,25,15,27,21,6
1775347536,21,73,0,0,0,0,no_volume,0,0,0,0,no_volume,0,0,0,0,low_activity,0,0,0,0,8,8,14089,2529,-0.6956,-24,2050,26,15,27,21,6
1775347537,21,73,0,0,0,0,no_volume,0,0,0,0,no_volume,0,0,0,0,low_activity,0,0,0,0,8,8,14089,2529,-0.6956,976,1050,26,15,27,21,6
1775347538,21,73,0,0,0,0,no_volume,0,0,0,0,no_volume,0,0,0,0,low_activity,0,0,0,0,8,8,14089,2529,-0.6956,-24,1035,26,15,27,21,6
1775347539,23,73,0,0,0,0,no_volume,0,0,0,0,no_volume,0,0,0,0,low_activity,0,0,0,0,8,8,14089,2513,-0.6973,0,976,26,16,27,23,4
1775347540,17,73,0,0,0,0,no_volume,0,0,0,0,no_volume,0,0,0,0,low_activity,0,0,0,0,8,8,14089,2420,-0.7068,0,976,26,12,27,17,10
1775347541,17,73,0,0,0,0,no_volume,0,0,0,0,no_volume,0,0,0,0,low_activity,0,0,0,0,8,8,14089,2420,-0.7068,0,-24,26,12,27,17,10
1775347542,17,73,0,0,0,0,no_volume,0,0,0,0,no_volume,0,0,0,0,low_activity,0,0,0,0,8,8,14089,2420,-0.7068,0,-24,26,12,27,17,10
1775347543,17,73,0,0,0,0,no_volume,0,0,0,0,no_volume,0,0,0,0,low_activity,0,0,0,0,8,8,14089,2420,-0.7068,0,-24,26,12,27,17,10
1775347544,17,73,0,0,0,0,no_volume,0,0,0,0,no_volume,0,0,0,0,low_activity,0,0,0,0,8,8,14089,2420,-0.7068,0,976,26,12,27,17,10
1775347545,17,73,0,0,0,0,no_volume,0,0,0,0,no_volume,0,0,0,0,low_activity,0,0,0,0,8,8,14089,2433,-0.7055,0,-24,26,12,27,17,10
1775347546,17,73,0,0,0,0,no_volume,0,0,0,0,no_volume,0,0,0,0,low_activity,0,0,0,0,8,8,14089,2433,-0.7055,0,0,26,12,27,17,10
1775347547,17,73,0,0,0,0,no_volume,0,0,0,0,no_volume,0,0,0,0,low_activity,0,0,0,0,8,8,14089,2433,-0.7055,0,0,26,12,27,17,10
1775347548,17,73,0,0,0,0,no_volume,0,0,0,0,no_volume,0,0,0,0,low_activity,0,0,0,0,8,8,14089,2433,-0.7055,0,0,26,12,27,17,10
1775347549,21,73,0,0,0,0,no_volume,0,0,0,0,no_volume,0,0,0,0,no_volume,0,0,0,0,8,8,14057,2054,-0.745,-32,-32,26,13,27,21,6
1775347550,21,73,0,0,0,0,no_volume,0,0,0,0,no_volume,0,0,0,0,no_volume,0,0,0,0,8,8,14057,2304,-0.7184,-32,-32,26,13,27,21,6
1775347551,21,73,0,0,0,0,no_volume,0,0,0,0,no_volume,0,0,0,0,no_volume,0,0,0,0,8,8,14057,2304,-0.7184,-32,-32,26,13,27,21,6
1775347552,21,73,0,0,0,0,no_volume,0,0,0,0,no_volume,0,0,0,0,no_volume,0,0,0,0,8,8,14057,2304,-0.7184,0,-32,26,13,27,21,6
1775347553,23,73,0,0,0,0,no_volume,0,0,0,0,no_volume,0,0,0,0,no_volume,0,0,0,0,8,8,14019,2782,-0.6688,-38,-70,25,16,27,23,4
1775347554,23,73,0,0,0,0,no_volume,0,0,0,0,no_volume,0,0,0,0,no_volume,0,0,0,0,8,8,14019,2791,-0.6679,-38,-70,25,16,27,23,4
1775347555,23,73,0,0,0,0,no_volume,0,0,0,0,no_volume,0,0,0,0,no_volume,0,0,0,0,8,8,14019,2791,-0.6679,-38,-70,25,16,27,23,4
1775347556,23,73,0,0,0,0,no_volume,0,0,0,0,no_volume,0,0,0,0,no_volume,0,0,0,0,8,8,14019,2791,-0.6679,0,-70,25,16,27,23,4
1775347557,23,73,0,0,0,0,no_volume,0,0,0,0,no_volume,0,0,0,0,no_volume,0,0,0,0,8,8,14019,2791,-0.6679,0,-70,25,16,27,23,4
1775347558,23,73,0,0,0,0,no_volume,0,0,0,0,no_volume,0,0,0,0,no_volume,0,0,0,0,8,8,14019,2791,-0.6679,0,-70,25,16,27,23,4
1775347559,23,73,0,0,0,0,no_volume,0,0,0,0,no_volume,0,0,0,0,no_volume,0,0,0,0,8,8,14019,2791,-0.6679,0,-38,25,16,27,23,4
1775347560,23,73,0,0,0,0,no_volume,0,0,0,0,no_volume,0,0,0,0,no_volume,0,0,0,0,8,8,14019,2791,-0.6679,0,-38,25,16,27,23,4
1775347561,23,73,0,0,0,0,no_volume,0,0,0,0,no_volume,0,0,0,0,no_volume,0,0,0,0,8,8,14019,2791,-0.6679,0,-38,25,16,27,23,4
1775347562,23,73,0,0,0,0,no_volume,0,0,0,0,no_volume,0,0,0,0,no_volume,0,0,0,0,8,8,14019,2791,-0.6679,0,-38,25,16,27,23,4
1775347563,21,73,0,0,0,0,no_volume,0,0,0,0,no_volume,0,0,0,0,no_volume,0,0,0,0,8,8,14019,2772,-0.6698,0,0,25,14,27,21,6
1775347564,21,73,0,0,0,0,no_volume,0,0,0,0,no_volume,0,0,0,0,no_volume,0,0,0,0,8,8,14019,2772,-0.6698,0,0,25,14,27,21,6
1775347565,23,73,0,0,0,0,no_volume,0,0,0,0,no_volume,0,0,0,0,no_volume,0,0,0,0,8,8,14019,2708,-0.6762,0,0,25,14,27,23,4
1775347566,24,73,0,0,0,0,no_volume,0,0,0,0,no_volume,0,0,0,0,no_volume,0,0,0,0,8,8,14019,2790,-0.668,0,0,25,15,27,24,3
1775347567,24,73,0,0,0,0,no_volume,0,0,0,0,no_volume,0,0,0,0,no_volume,0,0,0,0,8,8,14019,2790,-0.668,0,0,25,15,27,24,3
1775347568,24,73,0,0,0,0,no_volume,0,0,0,0,no_volume,0,0,0,0,no_volume,0,0,0,0,8,8,14019,2790,-0.668,0,0,25,15,27,24,3
1775347569,24,73,0,0,0,0,no_volume,0,0,0,0,no_volume,0,0,0,0,no_volume,0,0,0,0,8,8,14019,2790,-0.668,0,0,25,15,27,24,3
1775347570,24,73,0,0,0,0,no_volume,0,0,0,0,no_volume,0,0,0,0,no_volume,0,0,0,0,8,8,14019,2790,-0.668,0,0,25,15,27,24,3
1775347571,24,73,0,0,0,0,no_volume,0,0,0,0,no_volume,0,0,0,0,no_volume,0,0,0,0,8,8,14019,2790,-0.668,0,0,25,15,27,24,3
1775347572,24,73,0,0,0,0,no_volume,0,0,0,0,no_volume,0,0,0,0,no_volume,0,0,0,0,8,8,14019,2790,-0.668,0,0,25,15,27,24,3
1775347573,24,73,0,0,0,0,no_volume,0,0,0,0,no_volume,0,0,0,0,no_volume,0,0,0,0,8,8,14019,2790,-0.668,0,0,25,15,27,24,3
1775347574,24,73,0,0,0,0,no_volume,0,0,0,0,no_volume,0,0,0,0,no_volume,0,0,0,0,8,8,14019,2790,-0.668,0,0,25,15,27,24,3
1775347575,24,73,0,0,0,0,no_volume,0,0,0,0,no_volume,0,0,0,0,no_volume,0,0,0,0,8,8,14019,2790,-0.668,0,0,25,15,27,24,3
1775347576,24,73,0,0,0,0,no_volume,0,0,0,0,no_volume,0,0,0,0,no_volume,0,0,0,0,8,8,14019,2790,-0.668,0,0,25,15,27,24,3
1775347577,24,73,0,0,0,0,no_volume,0,0,0,0,no_volume,0,0,0,0,no_volume,0,0,0,0,8,8,14019,2790,-0.668,0,0,25,15,27,24,3
1775347578,24,73,0,0,0,0,no_volume,0,0,0,0,no_volume,0,0,0,0,no_volume,0,0,0,0,8,8,14019,2790,-0.668,0,0,25,15,27,24,3
1775347579,24,73,0,0,0,0,no_volume,0,0,0,0,no_volume,0,0,0,0,no_volume,0,0,0,0,0,0,12533,2720,-0.6433,-1486,-1486,25,16,27,24,3
1775347580,24,73,0,0,0,0,no_volume,0,0,0,0,no_volume,0,0,0,0,no_volume,0,0,0,0,0,0,12578,2677,-0.649,-1441,-1441,24,15,27,24,3
1775347581,24,73,0,0,0,0,no_volume,0,0,0,0,no_volume,0,0,0,0,no_volume,0,0,0,0,0,0,13078,2720,-0.6557,-941,-941,24,15,27,24,3
1775347582,24,73,0,0,0,0,no_volume,0,0,0,0,no_volume,0,0,0,0,no_volume,0,0,0,0,0,0,14078,2696,-0.6786,1545,59,24,16,27,24,3
1775347583,24,73,0,0,0,0,no_volume,0,0,0,0,no_volume,0,0,0,0,no_volume,0,0,0,0,0,0,14078,2696,-0.6786,1500,59,24,16,27,24,3
1775347584,24,73,0,0,0,0,no_volume,0,0,0,0,no_volume,0,0,0,0,no_volume,0,0,0,0,0,0,15078,2720,-0.6943,2000,1059,25,15,27,24,3
1775347585,24,73,0,0,0,0,no_volume,0,0,0,0,no_volume,0,0,0,0,no_volume,0,0,0,0,0,0,15078,2720,-0.6943,1000,1059,25,15,27,24,3
1775347586,24,73,0,0,0,0,no_volume,0,0,0,0,no_volume,0,0,0,0,no_volume,0,0,0,0,0,0,14550,2720,-0.685,472,531,25,15,27,24,3
1775347587,24,73,0,0,0,0,no_volume,0,0,0,0,no_volume,0,0,0,0,no_volume,0,0,0,0,0,0,14550,2720,-0.685,-528,531,25,15,27,24,3
1775347588,24,73,0,0,0,0,no_volume,0,0,0,0,no_volume,0,0,0,0,no_volume,0,0,0,0,0,0,14550,2720,-0.685,-528,531,25,16,27,24,3
1775347589,24,73,0,0,0,0,no_volume,0,0,0,0,no_volume,0,0,0,0,no_volume,0,0,0,0,0,0,14050,2720,-0.6756,-500,1517,24,15,27,24,3
1775347590,24,73,0,0,0,0,no_volume,0,0,0,0,no_volume,0,0,0,0,no_volume,0,0,0,0,0,0,12550,2720,-0.6437,-2000,-28,24,15,27,24,3
1775347591,24,73,0,0,0,0,no_volume,0,0,0,0,no_volume,0,0,0,0,no_volume,0,0,0,0,0,0,12525,2720,-0.6432,-2025,-553,24,16,27,24,3
1775347592,24,73,0,0,0,0,no_volume,0,0,0,0,no_volume,0,0,0,0,no_volume,0,0,0,0,0,0,12548,2696,-0.6463,-1502,-1530,26,15,27,24,3
1775347593,24,73,0,0,0,0,no_volume,0,0,0,0,no_volume,0,0,0,0,no_volume,0,0,0,0,0,0,12048,2696,-0.6343,-502,-2030,25,15,27,24,3
1775347594,24,73,0,0,0,0,no_volume,0,0,0,0,no_volume,0,0,0,0,no_volume,0,0,0,0,0,0,13048,2696,-0.6575,523,-2030,25,15,27,24,3
1775347595,24,73,0,0,0,0,no_volume,0,0,0,0,no_volume,0,0,0,0,no_volume,0,0,0,0,0,0,12548,2720,-0.6437,0,-2530,25,15,27,24,3
1775347596,25,73,0,0,0,0,no_volume,0,0,0,0,no_volume,0,0,0,0,no_volume,0,0,0,0,0,0,12548,2738,-0.6418,500,-2002,26,17,27,25,2
1775347597,26,72,0,0,0,0,no_volume,0,0,0,0,no_volume,0,0,0,0,no_volume,0,0,0,0,0,0,12532,5200,-0.4135,-516,-2018,25,16,28,26,2
1775347598,26,73,0,0,0,0,no_volume,0,0,0,0,no_volume,0,0,0,0,no_volume,0,0,0,0,0,0,13179,5290,-0.4271,631,-1371,26,17,27,26,1
1775347599,27,72,0,0,0,0,no_volume,0,0,0,0,no_volume,0,0,0,0,no_volume,0,0,0,0,0,0,13679,5279,-0.4431,1131,-371,25,19,28,27,1
1775347600,27,72,0,0,0,0,no_volume,0,0,0,0,no_volume,0,0,0,0,no_volume,0,0,0,0,0,0,14179,5279,-0.4574,1647,1629,26,19,28,27,1
1775347601,27,72,0,0,0,0,no_volume,0,0,0,0,no_volume,0,0,0,0,no_volume,0,0,0,0,0,0,14179,5279,-0.4574,1000,1654,26,19,28,27,1
1775347602,27,72,0,0,0,0,no_volume,0,0,0,0,no_volume,0,0,0,0,no_volume,0,0,0,0,0,0,14192,5279,-0.4578,513,1644,25,19,28,27,1
1775347603,20,73,0,0,0,0,no_volume,0,0,0,0,no_volume,0,0,0,0,no_volume,0,0,0,0,0,0,13038,2585,-0.6691,-1141,990,25,14,27,20,7
1775347604,21,73,0,0,0,0,no_volume,0,0,0,0,no_volume,0,0,0,0,no_volume,0,0,0,0,0,0,13538,2640,-0.6736,-641,490,26,15,27,21,6
1775347605,22,73,0,0,0,0,no_volume,0,0,0,0,no_volume,0,0,0,0,no_volume,0,0,0,0,0,0,13538,2669,-0.6706,-654,990,26,14,27,22,5
1775347606,23,73,0,0,0,0,no_volume,0,0,0,0,no_volume,0,0,0,0,no_volume,0,0,0,0,0,0,13538,2682,-0.6693,500,990,26,15,27,23,4
1775347607,23,73,0,0,0,0,no_volume,0,0,0,0,no_volume,0,0,0,0,no_volume,0,0,0,0,0,0,13522,2725,-0.6646,-16,990,26,15,27,23,4
1775347608,23,73,0,0,0,0,no_volume,0,0,0,0,no_volume,0,0,0,0,no_volume,0,0,0,0,0,0,13538,2682,-0.6693,0,359,26,14,27,23,4
1775347609,23,73,0,0,0,0,no_volume,0,0,0,0,no_volume,0,0,0,0,no_volume,0,0,0,0,0,0,13538,2682,-0.6693,0,-141,26,14,27,23,4
1775347610,23,73,0,0,0,0,no_volume,0,0,0,0,no_volume,0,0,0,0,no_volume,0,0,0,0,0,0,13538,2682,-0.6693,16,-641,26,14,27,23,4
1775347611,23,73,0,0,0,0,no_volume,0,0,0,0,no_volume,0,0,0,0,no_volume,0,0,0,0,0,0,13538,2682,-0.6693,0,-641,26,14,27,23,4
1775347612,23,73,0,0,0,0,no_volume,0,0,0,0,no_volume,0,0,0,0,no_volume,0,0,0,0,0,0,13538,2755,-0.6618,0,-654,26,15,27,23,4
1775347613,23,73,0,0,0,0,no_volume,0,0,0,0,no_volume,0,0,0,0,no_volume,0,0,0,0,0,0,13538,2755,-0.6618,0,500,26,15,27,23,4
1775347614,23,73,0,0,0,0,no_volume,0,0,0,0,no_volume,0,0,0,0,no_volume,0,0,0,0,0,0,13038,2755,-0.6511,-500,-500,25,15,27,23,4
1775347615,23,73,0,0,0,0,no_volume,0,0,0,0,no_volume,0,0,0,0,no_volume,0,0,0,0,0,0,13538,2755,-0.6618,0,0,26,15,27,23,4
1775347616,23,73,0,0,0,0,no_volume,0,0,0,0,no_volume,0,0,0,0,no_volume,0,0,0,0,0,0,13538,2755,-0.6618,0,0,26,16,27,23,4
1775347617,23,73,0,0,0,0,no_volume,0,0,0,0,no_volume,0,0,0,0,no_volume,0,0,0,0,0,0,13538,2755,-0.6618,500,16,26,15,27,23,4
1775347618,23,73,0,0,0,0,no_volume,0,0,0,0,no_volume,0,0,0,0,no_volume,0,0,0,0,0,0,13538,2731,-0.6643,0,0,26,16,27,23,4
1775347619,23,73,0,0,0,0,no_volume,0,0,0,0,no_volume,0,0,0,0,no_volume,0,0,0,0,0,0,13538,2755,-0.6618,0,0,26,15,27,23,4
1775347620,23,73,0,0,0,0,no_volume,0,0,0,0,no_volume,0,0,0,0,no_volume,0,0,0,0,0,0,13538,2712,-0.6662,0,0,26,14,27,23,4
1775347621,23,73,0,0,0,0,no_volume,0,0,0,0,no_volume,0,0,0,0,no_volume,0,0,0,0,0,0,13538,2712,-0.6662,0,0,26,14,27,23,4
1775347622,23,73,0,0,0,0,no_volume,0,0,0,0,no_volume,0,0,0,0,no_volume,0,0,0,0,0,0,13038,2712,-0.6556,-500,-500,25,15,27,23,4
1775347623,23,73,0,0,0,0,no_volume,0,0,0,0,no_volume,0,0,0,0,no_volume,0,0,0,0,0,0,13038,2712,-0.6556,-500,-500,25,14,27,23,4
1775347624,23,73,0,0,0,0,no_volume,0,0,0,0,no_volume,0,0,0,0,no_volume,0,0,0,0,0,0,13038,2729,-0.6538,-500,0,25,14,27,23,4
1775347625,23,73,0,0,0,0,no_volume,0,0,0,0,no_volume,0,0,0,0,no_volume,0,0,0,0,0,0,12705,2639,-0.656,-333,-833,25,14,27,23,4
1775347626,23,73,0,0,0,0,no_volume,0,0,0,0,no_volume,0,0,0,0,no_volume,0,0,0,0,0,0,13032,2639,-0.6632,-6,-506,25,14,27,23,4
1775347627,23,73,0,0,0,0,no_volume,0,0,0,0,no_volume,0,0,0,0,no_volume,0,0,0,0,0,0,13032,2639,-0.6632,-6,-506,25,14,27,23,4
1775347628,23,73,0,0,0,0,no_volume,0,0,0,0,no_volume,0,0,0,0,no_volume,0,0,0,0,0,0,13032,2639,-0.6632,327,-506,25,14,27,23,4
1775347629,25,73,0,0,0,0,no_volume,0,0,0,0,no_volume,0,0,0,0,no_volume,0,0,0,0,0,0,13032,2826,-0.6436,0,-506,26,15,27,25,2
1775347630,25,73,0,0,0,0,no_volume,0,0,0,0,no_volume,0,0,0,0,no_volume,0,0,0,0,0,0,14032,2826,-0.6647,1000,494,27,15,27,25,2
1775347631,25,73,0,0,0,0,no_volume,0,0,0,0,no_volume,0,0,0,0,no_volume,0,0,0,0,0,0,14069,2832,-0.6649,1037,531,28,15,27,25,2
1775347632,25,73,0,0,0,0,no_volume,0,0,0,0,no_volume,0,0,0,0,no_volume,0,0,0,0,0,0,14069,2832,-0.6649,1037,1031,28,15,27,25,2
1775347633,25,73,0,0,0,0,no_volume,0,0,0,0,no_volume,0,0,0,0,no_volume,0,0,0,0,0,0,14069,2832,-0.6649,37,1031,28,15,27,25,2
1775347634,26,73,0,0,0,0,no_volume,0,0,0,0,no_volume,0,0,0,0,no_volume,0,0,0,0,0,0,14096,2742,-0.6743,27,1058,28,15,27,26,1
1775347635,25,73,0,0,0,0,no_volume,0,0,0,0,no_volume,0,0,0,0,no_volume,0,0,0,0,0,0,14096,5332,-0.4511,27,1391,28,15,27,25,2
1775347636,25,73,0,0,0,0,no_volume,0,0,0,0,no_volume,0,0,0,0,no_volume,0,0,0,0,0,0,18575,7080,-0.4481,4506,5543,29,15,27,25,2
1775347637,25,73,0,0,0,0,no_volume,0,0,0,0,no_volume,0,0,0,0,no_volume,0,0,0,0,0,0,19096,7930,-0.4132,5000,6064,30,16,27,25,2
1775347638,25,73,0,0,0,0,no_volume,0,0,0,0,no_volume,0,0,0,0,no_volume,0,0,0,0,0,0,19577,8311,-0.404,5481,6545,31,16,27,25,2
1775347639,25,73,0,0,0,0,no_volume,0,0,0,0,no_volume,0,0,0,0,no_volume,0,0,0,0,0,0,19577,8311,-0.404,1002,6545,31,16,27,25,2
1775347640,26,73,0,0,0,0,no_volume,0,0,0,0,no_volume,0,0,0,0,no_volume,0,0,0,0,0,0,19577,7856,-0.4273,481,5545,31,17,27,26,1
1775347641,26,73,0,0,0,0,no_volume,0,0,0,0,no_volume,0,0,0,0,no_volume,0,0,0,0,0,0,19077,10302,-0.2987,-500,5008,31,15,27,26,1
1775347642,26,73,0,0,0,0,no_volume,0,0,0,0,no_volume,0,0,0,0,no_volume,0,0,0,0,0,0,19077,10302,-0.2987,-500,5008,31,15,27,26,1
1775347643,26,73,0,0,0,0,no_volume,0,0,0,0,no_volume,0,0,0,0,no_volume,0,0,0,0,0,0,19077,10302,-0.2987,-500,5008,31,15,27,26,1
1775347644,27,72,0,0,0,0,no_volume,0,0,0,0,no_volume,0,0,0,0,no_volume,0,0,0,0,0,0,19061,9847,-0.3187,-16,4965,30,16,28,27,1
1775347645,27,72,0,0,0,0,no_volume,0,0,0,0,no_volume,0,0,0,0,no_volume,0,0,0,0,0,0,12055,5247,-0.3935,-7022,-2041,25,15,28,27,1
1775347646,27,72,0,0,0,0,no_volume,0,0,0,0,no_volume,0,0,0,0,no_volume,0,0,0,0,0,0,13598,5206,-0.4463,-5479,-4977,25,15,28,27,1
1775347647,27,72,0,0,0,0,no_volume,0,0,0,0,no_volume,0,0,0,0,no_volume,0,0,0,0,0,0,12598,5838,-0.3667,-6463,-6498,25,16,28,27,1
1775347648,27,72,0,0,0,0,no_volume,0,0,0,0,no_volume,0,0,0,0,no_volume,0,0,0,0,0,0,13230,5688,-0.3987,1175,-6347,25,16,28,27,1
1775347649,27,72,0,0,0,0,no_volume,0,0,0,0,no_volume,0,0,0,0,no_volume,0,0,0,0,0,0,14230,5688,-0.4289,632,-5347,25,16,28,27,1
1775347650,27,72,0,0,0,0,no_volume,0,0,0,0,no_volume,0,0,0,0,no_volume,0,0,0,0,0,0,14730,5688,-0.4428,2132,-4847,25,16,28,27,1
1775347651,27,72,0,0,0,0,no_volume,0,0,0,0,no_volume,0,0,0,0,no_volume,0,0,0,0,0,0,14730,5688,-0.4428,1500,-4347,25,16,28,27,1
1775347652,27,72,0,0,0,0,no_volume,0,0,0,0,no_volume,0,0,0,0,no_volume,0,0,0,0,0,0,14730,5688,-0.4428,500,-4347,25,16,28,27,1
1775347653,27,72,0,0,0,0,no_volume,0,0,0,0,no_volume,0,0,0,0,no_volume,0,0,0,0,0,0,13595,5158,-0.4499,-1135,-5482,24,15,28,27,1
1775347654,19,73,0,0,0,0,no_volume,0,0,0,0,no_volume,0,0,0,0,no_volume,0,0,0,0,0,0,14055,5506,-0.437,-675,-5006,24,14,27,19,8
1775347655,20,73,0,0,0,0,no_volume,0,0,0,0,no_volume,0,0,0,0,no_volume,0,0,0,0,0,0,13555,2806,-0.657,-1175,1500,24,14,27,20,7
1775347656,24,73,0,0,0,0,no_volume,0,0,0,0,no_volume,0,0,0,0,no_volume,0,0,0,0,0,0,13555,2729,-0.6648,-40,-43,24,17,27,24,3
1775347657,24,73,0,0,0,0,no_volume,0,0,0,0,no_volume,0,0,0,0,no_volume,0,0,0,0,0,0,13555,2729,-0.6648,-500,957,24,17,27,24,3
1775347658,25,73,0,0,0,0,no_volume,0,0,0,0,no_volume,0,0,0,0,no_volume,0,0,0,0,0,0,14187,2787,-0.6716,632,957,24,18,27,25,2
1775347659,26,73,0,0,0,0,no_volume,0,0,0,0,no_volume,0,0,0,0,no_volume,0,0,0,0,0,0,14687,5315,-0.4686,1132,457,26,19,27,26,1
1775347660,26,73,0,0,0,0,no_volume,0,0,0,0,no_volume,0,0,0,0,no_volume,0,0,0,0,0,0,14730,5340,-0.4679,1175,0,27,19,27,26,1
1775347661,26,73,0,0,0,0,no_volume,0,0,0,0,no_volume,0,0,0,0,no_volume,0,0,0,0,0,0,14730,5340,-0.4679,543,0,27,19,27,26,1
1775347662,27,72,0,0,0,0,no_volume,0,0,0,0,no_volume,0,0,0,0,no_volume,0,0,0,0,0,0,14230,5998,-0.407,-457,-500,25,20,28,27,1
1775347663,27,72,0,0,0,0,no_volume,0,0,0,0,no_volume,0,0,0,0,no_volume,0,0,0,0,0,0,14730,5775,-0.4367,0,1135,25,19,28,27,1
1775347664,27,72,0,0,0,0,no_volume,0,0,0,0,no_volume,0,0,0,0,no_volume,0,0,0,0,0,0,14730,5775,-0.4367,0,675,25,19,28,27,1
1775347665,27,72,0,0,0,0,no_volume,0,0,0,0,no_volume,0,0,0,0,no_volume,0,0,0,0,0,0,14230,5775,-0.4226,0,675,25,19,28,27,1
1775347666,27,72,0,0,0,0,no_volume,0,0,0,0,no_volume,0,0,0,0,no_volume,0,0,0,0,0,0,14730,5800,-0.435,0,1175,25,19,28,27,1
1775347667,27,72,0,0,0,0,no_volume,0,0,0,0,no_volume,0,0,0,0,no_volume,0,0,0,0,0,0,14730,5800,-0.435,0,1175,25,19,28,27,1
1775347668,27,72,0,0,0,0,no_volume,0,0,0,0,no_volume,0,0,0,0,no_volume,0,0,0,0,0,0,14730,5800,-0.435,500,543,25,19,28,27,1
1775347669,27,72,0,0,0,0,no_volume,0,0,0,0,no_volume,0,0,0,0,no_volume,0,0,0,0,0,0,14730,5800,-0.435,0,43,25,19,28,27,1
1775347670,27,72,0,0,0,0,no_volume,0,0,0,0,no_volume,0,0,0,0,no_volume,0,0,0,0,0,0,14730,5800,-0.435,0,0,25,19,28,27,1
1775347671,27,72,0,0,0,0,no_volume,0,0,0,0,no_volume,0,0,0,0,no_volume,0,0,0,0,0,0,14730,5800,-0.435,0,0,25,19,28,27,1
1775347672,27,72,0,0,0,0,no_volume,0,0,0,0,no_volume,0,0,0,0,no_volume,0,0,0,0,0,0,17709,12082,-0.1889,2979,3479,25,18,28,27,1
1775347673,27,72,0,0,0,0,no_volume,0,0,0,0,no_volume,0,0,0,0,no_volume,0,0,0,0,0,0,17709,13082,-0.1503,2979,2979,25,19,28,27,1
1775347674,27,72,0,0,0,0,no_volume,0,0,0,0,no_volume,0,0,0,0,no_volume,0,0,0,0,0,0,18119,13082,-0.1614,3389,3389,25,19,28,27,1
1775347675,27,72,0,0,0,0,no_volume,0,0,0,0,no_volume,0,0,0,0,no_volume,0,0,0,0,0,0,19108,13082,-0.1872,1399,4878,26,19,28,27,1
1775347676,27,72,0,0,0,0,no_volume,0,0,0,0,no_volume,0,0,0,0,no_volume,0,0,0,0,0,0,20108,13082,-0.2117,2399,5378,27,19,28,27,1
1775347677,27,72,0,0,0,0,no_volume,0,0,0,0,no_volume,0,0,0,0,no_volume,0,0,0,0,0,0,20108,13082,-0.2117,1989,5378,27,19,28,27,1
1775347678,27,72,0,0,0,0,no_volume,0,0,0,0,no_volume,0,0,0,0,no_volume,0,0,0,0,0,0,20108,13082,-0.2117,1000,5378,27,19,28,27,1
1775347679,27,71,0,0,0,0,no_volume,0,0,0,0,no_volume,0,0,0,0,no_volume,0,0,0,0,0,0,20140,13100,-0.2118,32,5410,27,19,29,27,2
1775347680,27,71,0,0,0,0,no_volume,0,0,0,0,no_volume,0,0,0,0,no_volume,0,0,0,0,0,0,20140,13100,-0.2118,32,5410,27,19,29,27,2
1775347681,27,71,0,0,0,0,no_volume,0,0,0,0,no_volume,0,0,0,0,no_volume,0,0,0,0,0,0,20140,13100,-0.2118,32,5410,27,19,29,27,2
1775347682,27,71,0,0,0,0,no_volume,0,0,0,0,no_volume,0,0,0,0,no_volume,0,0,0,0,0,0,20140,13100,-0.2118,0,2431,27,19,29,27,2
1775347683,27,71,0,0,0,0,no_volume,0,0,0,0,no_volume,0,0,0,0,no_volume,0,0,0,0,0,0,20140,13100,-0.2118,0,2431,27,19,29,27,2
1775347684,27,71,0,0,0,0,no_volume,0,0,0,0,no_volume,0,0,0,0,no_volume,0,0,0,0,0,0,20140,13100,-0.2118,0,2021,27,19,29,27,2
1775347685,27,71,0,0,0,0,no_volume,0,0,0,0,no_volume,0,0,0,0,no_volume,0,0,0,0,0,0,20140,13100,-0.2118,0,1032,27,19,29,27,2
1775347686,27,71,0,0,0,0,no_volume,0,0,0,0,no_volume,0,0,0,0,no_volume,0,0,0,0,0,0,20140,13100,-0.2118,0,32,27,19,29,27,2
1775347687,27,71,0,0,0,0,no_volume,0,0,0,0,no_volume,0,0,0,0,no_volume,0,0,0,0,0,0,20140,13100,-0.2118,0,32,27,19,29,27,2
1775347688,27,71,0,0,0,0,no_volume,0,0,0,0,no_volume,0,0,0,0,no_volume,0,0,0,0,0,0,20140,13100,-0.2118,0,32,27,19,29,27,2
1775347689,27,71,0,0,0,0,no_volume,0,0,0,0,no_volume,0,0,0,0,no_volume,0,0,0,0,0,0,20140,13100,-0.2118,0,0,27,19,29,27,2
1775347690,27,71,0,0,0,0,no_volume,0,0,0,0,no_volume,0,0,0,0,no_volume,0,0,0,0,0,0,20140,13100,-0.2118,0,0,27,19,29,27,2
1775347691,27,71,0,0,0,0,no_volume,0,0,0,0,no_volume,0,0,0,0,no_volume,0,0,0,0,0,0,20140,13100,-0.2118,0,0,27,19,29,27,2
1775347692,27,71,0,0,0,0,no_volume,0,0,0,0,no_volume,0,0,0,0,no_volume,0,0,0,0,0,0,20140,11109,-0.289,0,0,27,19,29,27,2
1775347693,27,71,0,0,0,0,no_volume,0,0,0,0,no_volume,0,0,0,0,no_volume,0,0,0,0,0,0,20140,11109,-0.289,0,0,27,19,29,27,2
1775347694,27,71,0,0,0,0,no_volume,0,0,0,0,no_volume,0,0,0,0,no_volume,0,0,0,0,0,0,20140,11109,-0.289,0,0,27,19,29,27,2
1775347695,27,71,0,0,0,0,no_volume,0,0,0,0,no_volume,0,0,0,0,no_volume,0,0,0,0,0,0,20140,11109,-0.289,0,0,27,19,29,27,2
1775347696,27,71,0,0,0,0,no_volume,0,0,0,0,no_volume,0,0,0,0,no_volume,0,0,0,0,0,0,20140,11109,-0.289,0,0,27,19,29,27,2
1775347697,27,71,0,0,0,0,no_volume,0,0,0,0,no_volume,0,0,0,0,no_volume,0,0,0,0,0,0,20140,11109,-0.289,0,0,27,19,29,27,2
1775347698,27,71,0,0,0,0,no_volume,0,0,0,0,no_volume,0,0,0,0,no_volume,0,0,0,0,0,0,20140,11109,-0.289,0,0,27,19,29,27,2
1775347699,27,71,0,0,0,0,no_volume,0,0,0,0,no_volume,0,0,0,0,no_volume,0,0,0,0,0,0,22168,13170,-0.2546,2028,2028,27,19,29,27,2
1775347700,27,71,0,0,0,0,no_volume,0,0,0,0,no_volume,0,0,0,0,no_volume,0,0,0,0,0,0,22168,13170,-0.2546,2028,2028,27,19,29,27,2
1775347701,27,71,0,0,0,0,no_volume,0,0,0,0,no_volume,0,0,0,0,no_volume,0,0,0,0,0,0,22168,13170,-0.2546,2028,2028,27,19,29,27,2
1775347702,27,71,0,0,0,0,no_volume,0,0,0,0,no_volume,0,0,0,0,no_volume,0,0,0,0,0,0,22168,13170,-0.2546,0,2028,27,19,29,27,2
1775347703,27,71,0,0,0,0,no_volume,0,0,0,0,no_volume,0,0,0,0,no_volume,0,0,0,0,0,0,21054,12377,-0.2595,-1114,914,28,16,29,27,2
1775347704,28,71,0,0,0,0,no_volume,0,0,0,0,no_volume,0,0,0,0,no_volume,0,0,0,0,0,0,21054,14477,-0.1851,-1114,914,28,16,29,28,1
1775347705,28,71,0,0,0,0,no_volume,0,0,0,0,no_volume,0,0,0,0,no_volume,0,0,0,0,0,0,21054,14477,-0.1851,-1114,914,28,16,29,28,1
1775347706,28,71,0,0,0,0,no_volume,0,0,0,0,no_volume,0,0,0,0,no_volume,0,0,0,0,0,0,21054,14503,-0.1842,0,914,28,16,29,28,1
1775347707,28,71,0,0,0,0,no_volume,0,0,0,0,no_volume,0,0,0,0,no_volume,0,0,0,0,0,0,21054,14503,-0.1842,0,914,28,16,29,28,1
1775347708,27,71,0,0,0,0,no_volume,0,0,0,0,no_volume,0,0,0,0,no_volume,0,0,0,0,0,0,21531,10342,-0.351,477,1391,27,16,29,27,2
1775347709,27,71,0,0,0,0,no_volume,0,0,0,0,no_volume,0,0,0,0,no_volume,0,0,0,0,0,0,22165,10342,-0.3637,1111,-3,27,16,29,27,2
1775347710,27,71,0,0,0,0,no_volume,0,0,0,0,no_volume,0,0,0,0,no_volume,0,0,0,0,0,0,22165,10976,-0.3376,1111,-3,27,16,29,27,2
1775347711,27,71,0,0,0,0,no_volume,0,0,0,0,no_volume,0,0,0,0,no_volume,0,0,0,0,0,0,22165,10976,-0.3376,634,-3,27,16,29,27,2
1775347712,27,71,0,0,0,0,no_volume,0,0,0,0,no_volume,0,0,0,0,no_volume,0,0,0,0,0,0,21574,10976,-0.3256,-591,-594,28,16,29,27,2
1775347713,27,71,0,0,0,0,no_volume,0,0,0,0,no_volume,0,0,0,0,no_volume,0,0,0,0,0,0,21574,10976,-0.3256,-591,520,28,16,29,27,2
1775347714,27,71,0,0,0,0,no_volume,0,0,0,0,no_volume,0,0,0,0,no_volume,0,0,0,0,0,0,20522,10976,-0.3031,-1643,-532,26,16,29,27,2
1775347715,27,71,0,0,0,0,no_volume,0,0,0,0,no_volume,0,0,0,0,no_volume,0,0,0,0,0,0,21022,10976,-0.314,-552,-32,27,16,29,27,2
1775347716,27,71,0,0,0,0,no_volume,0,0,0,0,no_volume,0,0,0,0,no_volume,0,0,0,0,0,0,21022,10976,-0.314,-552,-32,27,16,29,27,2
1775347717,27,71,0,0,0,0,no_volume,0,0,0,0,no_volume,0,0,0,0,no_volume,0,0,0,0,0,0,22157,10976,-0.3375,1635,1103,27,16,29,27,2
1775347718,27,71,0,0,0,0,no_volume,0,0,0,0,no_volume,0,0,0,0,no_volume,0,0,0,0,0,0,21522,10976,-0.3245,500,-9,27,16,29,27,2
1775347719,27,71,0,0,0,0,no_volume,0,0,0,0,no_volume,0,0,0,0,no_volume,0,0,0,0,0,0,14031,5205,-0.4588,-6991,-8134,26,15,29,27,2
1775347720,20,72,0,0,0,0,no_volume,0,0,0,0,no_volume,0,0,0,0,no_volume,0,0,0,0,0,0,12593,5156,-0.419,-9564,-9572,25,14,28,20,8
1775347721,22,72,0,0,0,0,no_volume,0,0,0,0,no_volume,0,0,0,0,no_volume,0,0,0,0,0,0,12593,2981,-0.6172,-8929,-9572,25,15,28,22,6
1775347722,22,72,0,0,0,0,no_volume,0,0,0,0,no_volume,0,0,0,0,no_volume,0,0,0,0,0,0,12561,2992,-0.6153,-1470,-9013,24,14,28,22,6
1775347723,25,72,0,0,0,0,no_volume,0,0,0,0,no_volume,0,0,0,0,no_volume,0,0,0,0,0,0,13061,2692,-0.6582,468,-8513,24,14,28,25,3
1775347724,25,72,0,0,0,0,no_volume,0,0,0,0,no_volume,0,0,0,0,no_volume,0,0,0,0,0,0,13061,2717,-0.6556,468,-7461,24,14,28,25,3
1775347725,27,72,0,0,0,0,no_volume,0,0,0,0,no_volume,0,0,0,0,no_volume,0,0,0,0,0,0,13061,2767,-0.6504,500,-7961,24,17,28,27,1
1775347726,27,72,0,0,0,0,no_volume,0,0,0,0,no_volume,0,0,0,0,no_volume,0,0,0,0,0,0,18540,10371,-0.2826,5479,-2482,26,17,28,27,1
1775347727,27,72,0,0,0,0,no_volume,0,0,0,0,no_volume,0,0,0,0,no_volume,0,0,0,0,0,0,19565,10404,-0.3057,6504,-2592,27,18,28,27,1
1775347728,27,71,0,0,0,0,no_volume,0,0,0,0,no_volume,0,0,0,0,no_volume,0,0,0,0,0,0,19590,10404,-0.3063,6529,-1932,28,18,29,27,2
1775347729,27,71,0,0,0,0,no_volume,0,0,0,0,no_volume,0,0,0,0,no_volume,0,0,0,0,0,0,19597,10404,-0.3064,1057,5566,29,18,29,27,2
1775347730,27,71,0,0,0,0,no_volume,0,0,0,0,no_volume,0,0,0,0,no_volume,0,0,0,0,0,0,19597,10404,-0.3064,32,7004,29,18,29,27,2
1775347731,27,71,0,0,0,0,no_volume,0,0,0,0,no_volume,0,0,0,0,no_volume,0,0,0,0,0,0,19597,10404,-0.3064,7,7004,29,18,29,27,2
1775347732,27,71,0,0,0,0,no_volume,0,0,0,0,no_volume,0,0,0,0,no_volume,0,0,0,0,0,0,19597,11034,-0.2796,0,7036,29,18,29,27,2
1775347733,27,71,0,0,0,0,no_volume,0,0,0,0,no_volume,0,0,0,0,no_volume,0,0,0,0,0,0,20270,11034,-0.295,673,7209,30,18,29,27,2
1775347734,27,71,0,0,0,0,no_volume,0,0,0,0,no_volume,0,0,0,0,no_volume,0,0,0,0,0,0,20270,11034,-0.295,673,7209,30,18,29,27,2
1775347735,28,71,0,0,0,0,no_volume,0,0,0,0,no_volume,0,0,0,0,no_volume,0,0,0,0,0,0,20270,13189,-0.2116,673,7209,30,19,29,28,1
1775347736,28,71,0,0,0,0,no_volume,0,0,0,0,no_volume,0,0,0,0,no_volume,0,0,0,0,0,0,20270,13189,-0.2116,0,1730,30,19,29,28,1
1775347737,28,71,0,0,0,0,no_volume,0,0,0,0,no_volume,0,0,0,0,no_volume,0,0,0,0,0,0,19640,13189,-0.1965,-630,75,30,19,29,28,1
1775347738,28,71,0,0,0,0,no_volume,0,0,0,0,no_volume,0,0,0,0,no_volume,0,0,0,0,0,0,19640,13189,-0.1965,-630,50,30,19,29,28,1
1775347739,28,71,0,0,0,0,no_volume,0,0,0,0,no_volume,0,0,0,0,no_volume,0,0,0,0,0,0,19640,13189,-0.1965,-630,43,30,19,29,28,1
1775347740,28,71,0,0,0,0,no_volume,0,0,0,0,no_volume,0,0,0,0,no_volume,0,0,0,0,0,0,19640,13189,-0.1965,0,43,30,19,29,28,1
1775347741,28,71,0,0,0,0,no_volume,0,0,0,0,no_volume,0,0,0,0,no_volume,0,0,0,0,0,0,20270,13189,-0.2116,630,673,30,19,29,28,1
1775347742,28,71,0,0,0,0,no_volume,0,0,0,0,no_volume,0,0,0,0,no_volume,0,0,0,0,0,0,20270,13189,-0.2116,630,673,30,19,29,28,1
1775347743,28,71,0,64,0,64,low_activity,0,64,0,64,low_activity,0,64,0,64,low_activity,64,0,64,64,0,64,20234,13189,-0.2108,594,-36,30,19,29,28,1
1775347744,28,71,0,64,0,64,low_activity,0,64,0,64,low_activity,0,64,0,64,low_activity,0,0,0,64,0,64,20234,13189,-0.2108,-36,-36,30,19,29,28,1
1775347745,28,71,0,64,0,64,low_activity,0,64,0,64,low_activity,0,64,0,64,low_activity,0,0,0,64,0,64,19606,13189,-0.1957,-664,-664,29,19,29,28,1
1775347746,28,71,0,0,0,0,no_volume,0,64,0,64,low_activity,0,64,0,64,low_activity,0,0,0,64,0,64,19640,13189,-0.1965,-594,-630,30,19,29,28,1
1775347747,28,71,0,0,0,0,no_volume,0,64,0,64,low_activity,0,64,0,64,low_activity,0,0,0,64,0,64,19640,13189,-0.1965,-594,0,30,19,29,28,1
1775347748,28,71,0,0,0,0,no_volume,0,0,0,0,no_volume,0,64,0,64,low_activity,0,0,0,64,0,64,19640,13189,-0.1965,34,0,30,19,29,28,1
1775347749,28,71,0,0,0,0,no_volume,0,0,0,0,no_volume,0,64,0,64,low_activity,0,0,0,64,0,64,19640,13189,-0.1965,0,0,30,19,29,28,1
1775347750,28,71,0,0,0,0,no_volume,0,0,0,0,no_volume,0,64,0,64,low_activity,0,0,0,64,0,64,20270,13189,-0.2116,630,630,30,19,29,28,1
1775347751,28,71,0,0,0,0,no_volume,0,0,0,0,no_volume,0,64,0,64,low_activity,0,0,0,64,0,64,20270,13189,-0.2116,630,0,30,19,29,28,1
1775347752,28,71,0,0,0,0,no_volume,0,0,0,0,no_volume,0,64,0,64,low_activity,0,0,0,64,0,64,20270,13189,-0.2116,630,0,30,19,29,28,1
1775347753,28,71,0,0,0,0,no_volume,0,0,0,0,no_volume,0,64,0,64,low_activity,0,0,0,64,0,64,20270,13189,-0.2116,0,36,30,19,29,28,1
1775347754,28,71,0,0,0,0,no_volume,0,0,0,0,no_volume,0,64,0,64,low_activity,0,0,0,64,0,64,20270,13189,-0.2116,0,36,30,19,29,28,1
1775347755,28,71,0,0,0,0,no_volume,0,0,0,0,no_volume,0,64,0,64,low_activity,0,0,0,64,0,64,20270,13189,-0.2116,0,664,30,19,29,28,1
1775347756,28,71,0,0,0,0,no_volume,0,0,0,0,no_volume,0,64,0,64,low_activity,0,0,0,64,0,64,20270,13189,-0.2116,0,630,30,19,29,28,1
1775347757,28,71,0,0,0,0,no_volume,0,0,0,0,no_volume,0,64,0,64,low_activity,0,0,0,64,0,64,20270,13189,-0.2116,0,630,30,19,29,28,1
1775347758,28,71,0,0,0,0,no_volume,0,0,0,0,no_volume,0,64,0,64,low_activity,0,0,0,64,0,64,20270,13189,-0.2116,0,630,30,19,29,28,1
1775347759,28,71,0,0,0,0,no_volume,0,0,0,0,no_volume,0,64,0,64,low_activity,0,0,0,64,0,64,20270,13189,-0.2116,0,630,30,19,29,28,1
1775347760,28,71,0,0,0,0,no_volume,0,0,0,0,no_volume,0,64,0,64,low_activity,0,0,0,64,0,64,20294,13189,-0.2122,24,24,29,19,29,28,1
1775347761,28,71,0,0,0,0,no_volume,0,0,0,0,no_volume,0,64,0,64,low_activity,0,0,0,64,0,64,20294,13216,-0.2112,24,24,29,19,29,28,1
1775347762,28,71,0,0,0,0,no_volume,0,0,0,0,no_volume,0,64,0,64,low_activity,0,0,0,64,0,64,20294,13216,-0.2112,24,24,29,19,29,28,1
1775347763,28,71,0,0,0,0,no_volume,0,0,0,0,no_volume,0,64,0,64,low_activity,0,0,0,64,0,64,20294,13216,-0.2112,0,24,29,19,29,28,1
1775347764,28,71,0,0,0,0,no_volume,0,0,0,0,no_volume,0,64,0,64,low_activity,0,0,0,64,0,64,20294,13216,-0.2112,0,24,29,19,29,28,1
1775347765,28,71,0,0,0,0,no_volume,0,0,0,0,no_volume,0,64,0,64,low_activity,0,0,0,64,0,64,20294,13216,-0.2112,0,24,29,19,29,28,1
1775347766,28,71,0,0,0,0,no_volume,0,0,0,0,no_volume,0,64,0,64,low_activity,0,0,0,64,0,64,20294,13216,-0.2112,0,24,29,19,29,28,1
1775347767,28,71,0,0,0,0,no_volume,0,0,0,0,no_volume,0,64,0,64,low_activity,0,0,0,64,0,64,20294,13216,-0.2112,0,24,29,19,29,28,1
1775347768,28,71,0,0,0,0,no_volume,0,0,0,0,no_volume,0,64,0,64,low_activity,0,0,0,64,0,64,20294,13216,-0.2112,0,24,29,19,29,28,1
1775347769,28,71,0,0,0,0,no_volume,0,0,0,0,no_volume,0,64,0,64,low_activity,0,0,0,64,0,64,20294,13216,-0.2112,0,24,29,19,29,28,1
1775347770,28,71,0,0,0,0,no_volume,0,0,0,0,no_volume,0,64,0,64,low_activity,0,0,0,64,0,64,20294,13216,-0.2112,0,0,29,19,29,28,1
1775347771,28,71,0,0,0,0,no_volume,0,0,0,0,no_volume,0,64,0,64,low_activity,0,0,0,64,0,64,20294,13216,-0.2112,0,0,29,19,29,28,1
1775347772,28,71,0,0,0,0,no_volume,0,0,0,0,no_volume,0,64,0,64,low_activity,0,0,0,64,0,64,20294,13216,-0.2112,0,0,29,19,29,28,1
1775347773,28,71,0,0,0,0,no_volume,0,0,0,0,no_volume,0,0,0,0,no_volume,0,0,0,64,0,64,20294,13216,-0.2112,0,0,29,19,29,28,1
1775347774,28,71,0,0,0,0,no_volume,0,0,0,0,no_volume,0,0,0,0,no_volume,0,0,0,64,0,64,20294,13216,-0.2112,0,0,29,19,29,28,1
1775347775,28,71,0,0,0,0,no_volume,0,0,0,0,no_volume,0,0,0,0,no_volume,0,0,0,64,0,64,20294,13216,-0.2112,0,0,29,19,29,28,1
1775347776,28,71,0,0,0,0,no_volume,0,0,0,0,no_volume,0,0,0,0,no_volume,0,0,0,64,0,64,20294,13216,-0.2112,0,0,29,19,29,28,1
1775347777,28,71,0,0,0,0,no_volume,0,0,0,0,no_volume,0,0,0,0,no_volume,0,0,0,64,0,64,20294,13216,-0.2112,0,0,29,19,29,28,1
1775347778,28,71,0,0,0,0,no_volume,0,0,0,0,no_volume,0,0,0,0,no_volume,0,0,0,64,0,64,20294,13216,-0.2112,0,0,29,19,29,28,1
1775347779,28,71,0,0,0,0,no_volume,0,0,0,0,no_volume,0,0,0,0,no_volume,0,0,0,64,0,64,20294,13216,-0.2112,0,0,29,19,29,28,1
1775347780,28,71,0,0,0,0,no_volume,0,0,0,0,no_volume,0,0,0,0,no_volume,0,0,0,64,0,64,20294,13216,-0.2112,0,0,29,19,29,28,1
1775347781,28,71,0,0,0,0,no_volume,0,0,0,0,no_volume,0,0,0,0,no_volume,0,0,0,64,0,64,20294,13216,-0.2112,0,0,29,19,29,28,1
1775347782,28,71,0,0,0,0,no_volume,0,0,0,0,no_volume,0,0,0,0,no_volume,0,0,0,64,0,64,20294,13216,-0.2112,0,0,29,19,29,28,1
1775347783,28,71,0,0,0,0,no_volume,0,0,0,0,no_volume,0,0,0,0,no_volume,0,0,0,64,0,64,20294,13216,-0.2112,0,0,29,19,29,28,1
1775347784,28,71,0,0,0,0,no_volume,0,0,0,0,no_volume,0,0,0,0,no_volume,0,0,0,64,0,64,19794,13216,-0.1993,-500,-500,29,19,29,28,1
1775347785,28,71,0,0,0,0,no_volume,0,0,0,0,no_volume,0,0,0,0,no_volume,0,0,0,64,0,64,19794,13216,-0.1993,-500,-500,29,19,29,28,1
1775347786,28,71,0,0,0,0,no_volume,0,0,0,0,no_volume,0,0,0,0,no_volume,0,0,0,64,0,64,20294,13216,-0.2112,0,0,29,19,29,28,1
1775347787,28,71,0,0,0,0,no_volume,0,0,0,0,no_volume,0,0,0,0,no_volume,0,0,0,64,0,64,17794,13216,-0.1476,-2000,-2500,27,19,29,28,1
1775347788,28,71,0,0,0,0,no_volume,0,0,0,0,no_volume,0,0,0,0,no_volume,0,0,0,64,0,64,18294,13216,-0.1612,-1500,-2000,27,19,29,28,1
1775347789,28,71,0,0,0,0,no_volume,0,0,0,0,no_volume,0,0,0,0,no_volume,0,0,0,64,0,64,19294,13216,-0.187,-1000,-1000,28,19,29,28,1
1775347790,28,71,0,0,0,0,no_volume,0,0,0,0,no_volume,0,0,0,0,no_volume,0,0,0,64,0,64,13315,8737,-0.2076,-4479,-6979,26,19,29,28,1
1775347791,28,71,0,0,0,0,no_volume,0,0,0,0,no_volume,0,0,0,0,no_volume,0,0,0,64,0,64,18762,13216,-0.1734,468,-1532,27,19,29,28,1
1775347792,28,71,0,0,0,0,no_volume,0,0,0,0,no_volume,0,0,0,0,no_volume,0,0,0,64,0,64,19262,13216,-0.1862,-32,-1032,27,19,29,28,1
1775347793,28,71,0,0,0,0,no_volume,0,0,0,0,no_volume,0,0,0,0,no_volume,0,0,0,64,0,64,20262,13216,-0.2105,6947,-32,28,19,29,28,1
1775347794,28,71,0,0,0,0,no_volume,0,0,0,0,no_volume,0,0,0,0,no_volume,0,0,0,64,0,64,19762,13216,-0.1985,1000,-32,28,19,29,28,1
1775347795,28,71,0,0,0,0,no_volume,0,0,0,0,no_volume,0,0,0,0,no_volume,0,0,0,64,0,64,19762,13216,-0.1985,500,-32,28,19,29,28,1
1775347796,28,71,0,0,0,0,no_volume,0,0,0,0,no_volume,0,0,0,0,no_volume,0,0,0,64,0,64,20295,13216,-0.2112,33,1,29,19,29,28,1
1775347797,28,71,0,0,0,0,no_volume,0,0,0,0,no_volume,0,0,0,0,no_volume,0,0,0,64,0,64,20295,13216,-0.2112,533,2501,29,19,29,28,1
1775347798,28,71,0,0,0,0,no_volume,0,0,0,0,no_volume,0,0,0,0,no_volume,0,0,0,64,0,64,20295,13216,-0.2112,533,2001,29,19,29,28,1
1775347799,28,71,0,0,0,0,no_volume,0,0,0,0,no_volume,0,0,0,0,no_volume,0,0,0,64,0,64,20295,13216,-0.2112,0,1001,29,19,29,28,1
1775347800,28,71,0,0,0,0,no_volume,0,0,0,0,no_volume,0,0,0,0,no_volume,0,0,0,64,0,64,20295,13216,-0.2112,0,6980,29,19,29,28,1
1775347801,28,71,0,0,0,0,no_volume,0,0,0,0,no_volume,0,0,0,0,no_volume,0,0,0,64,0,64,20295,13216,-0.2112,0,1533,29,19,29,28,1
1775347802,28,71,0,0,0,0,no_volume,0,0,0,0,no_volume,0,0,0,0,no_volume,0,0,0,64,0,64,20295,13216,-0.2112,0,1033,29,19,29,28,1
1775347803,28,71,0,0,0,0,no_volume,0,0,0,0,no_volume,0,0,0,0,no_volume,0,0,0,0,0,0,20295,13216,-0.2112,0,33,29,19,29,28,1
1775347804,28,71,0,0,0,0,no_volume,0,0,0,0,no_volume,0,0,0,0,no_volume,0,0,0,0,0,0,20295,13216,-0.2112,0,533,29,19,29,28,1
1775347805,28,71,0,0,0,0,no_volume,0,0,0,0,no_volume,0,0,0,0,no_volume,0,0,0,0,0,0,20295,13216,-0.2112,0,533,29,19,29,28,1
1775347806,28,71,0,0,0,0,no_volume,0,0,0,0,no_volume,0,0,0,0,no_volume,0,0,0,0,0,0,20295,13216,-0.2112,0,0,29,19,29,28,1
1775347807,28,71,0,0,0,0,no_volume,0,0,0,0,no_volume,0,0,0,0,no_volume,0,0,0,0,0,0,20295,13216,-0.2112,0,0,29,19,29,28,1
1775347808,28,71,0,0,0,0,no_volume,0,0,0,0,no_volume,0,0,0,0,no_volume,0,0,0,0,0,0,20295,13216,-0.2112,0,0,29,19,29,28,1
1775347809,28,71,0,0,0,0,no_volume,0,0,0,0,no_volume,0,0,0,0,no_volume,0,0,0,0,0,0,20295,13216,-0.2112,0,0,29,19,29,28,1
1775347810,28,71,0,0,0,0,no_volume,0,0,0,0,no_volume,0,0,0,0,no_volume,0,0,0,0,0,0,20295,13216,-0.2112,0,0,29,19,29,28,1
1775347811,28,71,0,0,0,0,no_volume,0,0,0,0,no_volume,0,0,0,0,no_volume,0,0,0,0,0,0,20295,13216,-0.2112,0,0,29,19,29,28,1
1775347812,28,71,0,0,0,0,no_volume,0,0,0,0,no_volume,0,0,0,0,no_volume,0,0,0,0,0,0,20295,13216,-0.2112,0,0,29,19,29,28,1
1775347813,28,71,0,0,0,0,no_volume,0,0,0,0,no_volume,0,0,0,0,no_volume,0,0,0,0,0,0,20295,13216,-0.2112,0,0,29,19,29,28,1
1775347814,28,71,0,0,0,0,no_volume,0,0,0,0,no_volume,0,0,0,0,no_volume,0,0,0,0,0,0,20295,13216,-0.2112,0,0,29,19,29,28,1
1775347815,28,71,0,0,0,0,no_volume,0,0,0,0,no_volume,0,0,0,0,no_volume,0,0,0,0,0,0,20240,13216,-0.2099,-55,-55,29,19,29,28,1
1775347816,28,71,0,0,0,0,no_volume,0,0,0,0,no_volume,0,0,0,0,no_volume,0,0,0,0,0,0,20240,13216,-0.2099,-55,-55,29,19,29,28,1
1775347817,28,71,0,0,0,0,no_volume,0,0,0,0,no_volume,0,0,0,0,no_volume,0,0,0,0,0,0,20240,13216,-0.2099,-55,-55,29,19,29,28,1
1775347818,28,71,0,0,0,0,no_volume,0,0,0,0,no_volume,0,0,0,0,no_volume,0,0,0,0,0,0,19956,13216,-0.2032,-284,-339,28,19,29,28,1
1775347819,28,71,0,0,0,0,no_volume,0,0,0,0,no_volume,0,0,0,0,no_volume,0,0,0,0,0,0,19956,13216,-0.2032,-284,-339,28,19,29,28,1
1775347820,28,71,0,0,0,0,no_volume,0,0,0,0,no_volume,0,0,0,0,no_volume,0,0,0,0,0,0,19956,13216,-0.2032,-284,-339,28,19,29,28,1
1775347821,28,71,0,0,0,0,no_volume,0,0,0,0,no_volume,0,0,0,0,no_volume,0,0,0,0,0,0,19956,13216,-0.2032,0,-339,28,19,29,28,1
1775347822,28,71,0,0,0,0,no_volume,0,0,0,0,no_volume,0,0,0,0,no_volume,0,0,0,0,0,0,19956,13216,-0.2032,0,-339,28,19,29,28,1
1775347823,28,70,0,0,0,0,no_volume,0,0,0,0,no_volume,0,0,0,0,no_volume,0,0,0,0,0,0,19940,13216,-0.2028,-16,-355,27,19,30,28,2
1775347824,28,70,0,0,0,0,no_volume,0,0,0,0,no_volume,0,0,0,0,no_volume,0,0,0,0,0,0,19956,13216,-0.2032,0,-339,27,19,30,28,2
1775347825,28,70,0,0,0,0,no_volume,0,0,0,0,no_volume,0,0,0,0,no_volume,0,0,0,0,0,0,19956,13216,-0.2032,0,-284,27,19,30,28,2
1775347826,28,70,0,0,0,0,no_volume,0,0,0,0,no_volume,0,0,0,0,no_volume,0,0,0,0,0,0,19956,13216,-0.2032,16,-284,27,19,30,28,2
1775347827,28,70,0,0,0,0,no_volume,0,0,0,0,no_volume,0,0,0,0,no_volume,0,0,0,0,0,0,19956,13216,-0.2032,0,-284,27,19,30,28,2
1775347828,28,70,0,0,0,0,no_volume,0,0,0,0,no_volume,0,0,0,0,no_volume,0,0,0,0,0,0,19956,13216,-0.2032,0,0,27,19,30,28,2
1775347829,28,70,0,0,0,0,no_volume,0,0,0,0,no_volume,0,0,0,0,no_volume,0,0,0,0,0,0,19956,13216,-0.2032,0,0,27,19,30,28,2
1775347830,28,70,0,0,0,0,no_volume,0,0,0,0,no_volume,0,0,0,0,no_volume,0,0,0,0,0,0,19956,13216,-0.2032,0,0,27,19,30,28,2
1775347831,28,70,0,0,0,0,no_volume,0,0,0,0,no_volume,0,0,0,0,no_volume,0,0,0,0,0,0,19956,13216,-0.2032,0,0,27,19,30,28,2
1775347832,28,70,0,0,0,0,no_volume,0,0,0,0,no_volume,0,0,0,0,no_volume,0,0,0,0,0,0,19956,13216,-0.2032,0,0,27,19,30,28,2
1775347833,28,70,0,0,0,0,no_volume,0,0,0,0,no_volume,0,0,0,0,no_volume,0,0,0,0,0,0,19956,13216,-0.2032,0,16,27,19,30,28,2
1775347834,28,70,0,0,0,0,no_volume,0,0,0,0,no_volume,0,0,0,0,no_volume,0,0,0,0,0,0,19956,13216,-0.2032,0,0,27,19,30,28,2
1775347835,28,70,0,0,0,0,no_volume,0,0,0,0,no_volume,0,0,0,0,no_volume,0,0,0,0,0,0,19956,13216,-0.2032,0,0,27,19,30,28,2
1775347836,28,70,0,0,0,0,no_volume,0,0,0,0,no_volume,0,0,0,0,no_volume,0,0,0,0,0,0,19956,13216,-0.2032,0,0,27,19,30,28,2
1775347837,28,70,0,0,0,0,no_volume,0,0,0,0,no_volume,0,0,0,0,no_volume,0,0,0,0,0,0,19956,13216,-0.2032,0,0,27,19,30,28,2
1775347838,28,70,0,0,0,0,no_volume,0,0,0,0,no_volume,0,0,0,0,no_volume,0,0,0,0,0,0,19956,13216,-0.2032,0,0,27,19,30,28,2
1775347839,28,70,0,0,0,0,no_volume,0,0,0,0,no_volume,0,0,0,0,no_volume,0,0,0,0,0,0,19956,13216,-0.2032,0,0,27,19,30,28,2
1775347840,28,70,0,0,0,0,no_volume,0,0,0,0,no_volume,0,0,0,0,no_volume,0,0,0,0,0,0,19956,12586,-0.2265,0,0,27,19,30,28,2
1775347841,28,70,0,0,0,0,no_volume,0,0,0,0,no_volume,0,0,0,0,no_volume,0,0,0,0,0,0,19956,12586,-0.2265,0,0,27,19,30,28,2
1775347842,28,70,0,0,0,0,no_volume,0,0,0,0,no_volume,0,0,0,0,no_volume,0,0,0,0,0,0,19956,12586,-0.2265,0,0,27,19,30,28,2
1775347843,28,70,0,0,0,0,no_volume,0,0,0,0,no_volume,0,0,0,0,no_volume,0,0,0,0,0,0,19984,12586,-0.2271,28,28,28,19,30,28,2
1775347844,28,70,0,0,0,0,no_volume,0,0,0,0,no_volume,0,0,0,0,no_volume,0,0,0,0,0,0,19984,12586,-0.2271,28,28,28,19,30,28,2
1775347845,28,70,0,0,0,0,no_volume,0,0,0,0,no_volume,0,0,0,0,no_volume,0,0,0,0,0,0,19984,12586,-0.2271,28,28,28,19,30,28,2
1775347846,28,70,0,0,0,0,no_volume,0,0,0,0,no_volume,0,0,0,0,no_volume,0,0,0,0,0,0,19984,12586,-0.2271,0,28,28,19,30,28,2
1775347847,28,70,0,0,0,0,no_volume,0,0,0,0,no_volume,0,0,0,0,no_volume,0,0,0,0,0,0,19984,12586,-0.2271,0,28,28,19,30,28,2
1775347848,28,70,0,0,0,0,no_volume,0,0,0,0,no_volume,0,0,0,0,no_volume,0,0,0,0,0,0,19984,13216,-0.2039,0,28,28,19,30,28,2
1775347849,28,70,0,0,0,0,no_volume,0,0,0,0,no_volume,0,0,0,0,no_volume,0,0,0,0,0,0,19984,13216,-0.2039,0,28,28,19,30,28,2
1775347850,28,70,0,0,0,0,no_volume,0,0,0,0,no_volume,0,0,0,0,no_volume,0,0,0,0,0,0,19984,13216,-0.2039,0,28,28,19,30,28,2
1775347851,28,70,0,0,0,0,no_volume,0,0,0,0,no_volume,0,0,0,0,no_volume,0,0,0,0,0,0,19984,13216,-0.2039,0,28,28,19,30,28,2
1775347852,28,70,0,0,0,0,no_volume,0,0,0,0,no_volume,0,0,0,0,no_volume,0,0,0,0,0,0,19984,13216,-0.2039,0,28,28,19,30,28,2
1775347853,28,70,0,0,0,0,no_volume,0,0,0,0,no_volume,0,0,0,0,no_volume,0,0,0,0,0,0,19984,13216,-0.2039,0,0,28,19,30,28,2
1775347854,28,70,0,0,0,0,no_volume,0,0,0,0,no_volume,0,0,0,0,no_volume,0,0,0,0,0,0,19984,13216,-0.2039,0,0,28,19,30,28,2
1775347855,28,70,0,0,0,0,no_volume,0,0,0,0,no_volume,0,0,0,0,no_volume,0,0,0,0,0,0,19984,13216,-0.2039,0,0,28,19,30,28,2
1775347856,28,70,0,0,0,0,no_volume,0,0,0,0,no_volume,0,0,0,0,no_volume,0,0,0,0,0,0,19984,13216,-0.2039,0,0,28,19,30,28,2
1775347857,28,70,0,0,0,0,no_volume,0,0,0,0,no_volume,0,0,0,0,no_volume,0,0,0,0,0,0,19984,13216,-0.2039,0,0,28,19,30,28,2
1775347858,28,70,0,0,0,0,no_volume,0,0,0,0,no_volume,0,0,0,0,no_volume,0,0,0,0,0,0,19984,13216,-0.2039,0,0,28,19,30,28,2
1775347859,28,70,0,0,0,0,no_volume,0,0,0,0,no_volume,0,0,0,0,no_volume,0,0,0,0,0,0,19984,13216,-0.2039,0,0,28,19,30,28,2
1775347860,28,70,0,0,0,0,no_volume,0,0,0,0,no_volume,0,0,0,0,no_volume,0,0,0,0,0,0,14005,8237,-0.2593,-5979,-5979,26,19,30,28,2
1775347861,28,70,0,63,0,63,low_activity,0,63,0,63,low_activity,0,63,0,63,low_activity,63,0,63,63,0,63,17946,12716,-0.1706,-2038,-2038,26,19,30,28,2
1775347862,28,70,0,63,0,63,low_activity,0,63,0,63,low_activity,0,63,0,63,low_activity,0,0,0,63,0,63,18937,13216,-0.1779,-1047,-1047,26,19,30,28,2
1775347863,28,70,0,63,0,63,low_activity,0,63,0,63,low_activity,0,63,0,63,low_activity,0,0,0,63,0,63,19937,13216,-0.2027,5932,-47,27,19,30,28,2
1775347864,28,70,0,0,0,0,no_volume,0,63,0,63,low_activity,0,63,0,63,low_activity,0,0,0,63,0,63,19937,13216,-0.2027,1991,-47,27,19,30,28,2
1775347865,28,70,0,0,0,0,no_volume,0,63,0,63,low_activity,0,63,0,63,low_activity,0,0,0,63,0,63,19937,13217,-0.2027,1000,-47,27,19,30,28,2
1775347866,28,70,0,0,0,0,no_volume,0,0,0,0,no_volume,0,63,0,63,low_activity,0,0,0,63,0,63,19937,13217,-0.2027,0,-47,27,19,30,28,2
1775347867,28,70,0,0,0,0,no_volume,0,0,0,0,no_volume,0,63,0,63,low_activity,0,0,0,63,0,63,19937,13217,-0.2027,0,-47,27,19,30,28,2
1775347868,28,70,0,0,0,0,no_volume,0,0,0,0,no_volume,0,63,0,63,low_activity,0,0,0,63,0,63,19937,13217,-0.2027,0,-47,27,19,30,28,2
1775347869,28,70,0,0,0,0,no_volume,0,0,0,0,no_volume,0,63,0,63,low_activity,0,0,0,63,0,63,19937,13217,-0.2027,0,-47,27,19,30,28,2
1775347870,28,70,0,0,0,0,no_volume,0,0,0,0,no_volume,0,63,0,63,low_activity,0,0,0,63,0,63,19937,13217,-0.2027,0,5932,27,19,30,28,2
1775347871,28,70,0,0,0,0,no_volume,0,0,0,0,no_volume,0,63,0,63,low_activity,0,0,0,63,0,63,13433,8238,-0.2397,-6504,-4513,24,19,30,28,2
1775347872,28,70,0,0,0,0,no_volume,0,0,0,0,no_volume,0,63,0,63,low_activity,0,0,0,63,0,63,17912,12717,-0.1696,-2025,-1025,25,19,30,28,2
1775347873,28,70,0,0,0,0,no_volume,0,0,0,0,no_volume,0,63,0,63,low_activity,0,0,0,63,0,63,18879,13217,-0.1764,-1058,-1058,25,19,30,28,2
1775347874,28,70,0,0,0,0,no_volume,0,0,0,0,no_volume,0,63,0,63,low_activity,0,0,0,63,0,63,19879,13217,-0.2013,6446,-58,26,19,30,28,2
1775347875,28,70,0,0,0,0,no_volume,0,0,0,0,no_volume,0,63,0,63,low_activity,0,0,0,63,0,63,19912,11054,-0.2861,2000,-25,27,19,30,28,2
1775347876,28,70,0,0,0,0,no_volume,0,0,0,0,no_volume,0,63,0,63,low_activity,0,0,0,63,0,63,19912,11054,-0.2861,1033,-25,27,19,30,28,2
1775347877,28,70,0,0,0,0,no_volume,0,0,0,0,no_volume,0,63,0,63,low_activity,0,0,0,63,0,63,18782,10266,-0.2932,-1097,-1155,27,16,30,28,2
1775347878,28,70,0,0,0,0,no_volume,0,0,0,0,no_volume,0,63,0,63,low_activity,0,0,0,63,0,63,18782,10923,-0.2646,-1130,-1155,27,16,30,28,2
1775347879,28,70,0,0,0,0,no_volume,0,0,0,0,no_volume,0,63,0,63,low_activity,0,0,0,63,0,63,18782,10923,-0.2646,-1130,-1155,27,16,30,28,2
1775347880,28,70,0,0,0,0,no_volume,0,0,0,0,no_volume,0,63,0,63,low_activity,0,0,0,63,0,63,19913,10923,-0.2915,1131,-24,27,16,30,28,2
1775347881,28,70,0,0,0,0,no_volume,0,0,0,0,no_volume,0,63,0,63,low_activity,0,0,0,63,0,63,19913,10941,-0.2908,1131,6480,27,16,30,28,2
1775347882,28,70,0,19,0,19,low_activity,0,19,0,19,low_activity,0,82,0,82,low_activity,19,0,19,82,0,82,19894,10941,-0.2904,1112,1982,27,16,30,28,2
1775347883,28,70,0,19,0,19,low_activity,0,19,0,19,low_activity,0,82,0,82,low_activity,0,0,0,82,0,82,19894,10941,-0.2904,-19,1015,27,16,30,28,2
1775347884,28,70,0,19,0,19,low_activity,0,19,0,19,low_activity,0,82,0,82,low_activity,0,0,0,82,0,82,19894,10941,-0.2904,-19,15,27,16,30,28,2
1775347885,28,70,0,0,0,0,no_volume,0,19,0,19,low_activity,0,82,0,82,low_activity,0,0,0,82,0,82,19894,10941,-0.2904,0,-18,27,16,30,28,2
1775347886,28,70,0,0,0,0,no_volume,0,19,0,19,low_activity,0,82,0,82,low_activity,0,0,0,82,0,82,18730,10284,-0.2911,-1164,-1182,26,16,30,28,2
1775347887,28,70,0,0,0,0,no_volume,0,0,0,0,no_volume,0,82,0,82,low_activity,0,0,0,82,0,82,18730,10284,-0.2911,-1164,-52,26,16,30,28,2
1775347888,28,70,0,0,0,0,no_volume,0,0,0,0,no_volume,0,82,0,82,low_activity,0,0,0,82,0,82,11751,5230,-0.384,-8143,-7031,22,16,30,28,2
1775347889,28,70,0,0,0,0,no_volume,0,0,0,0,no_volume,0,82,0,82,low_activity,0,0,0,82,0,82,13000,5230,-0.4262,-5730,-5782,22,16,30,28,2
1775347890,28,70,0,0,0,0,no_volume,0,0,0,0,no_volume,0,82,0,82,low_activity,0,0,0,82,0,82,14000,5230,-0.4561,-4730,-5913,23,16,30,28,2
1775347891,22,71,0,0,0,0,no_volume,0,0,0,0,no_volume,0,19,0,19,low_activity,0,0,0,82,0,82,13971,5205,-0.4571,2220,-5942,24,16,29,22,7
1775347892,24,71,0,0,0,0,no_volume,0,0,0,0,no_volume,0,19,0,19,low_activity,0,0,0,82,0,82,11971,2756,-0.6257,-1029,-7923,22,17,29,24,5
1775347893,26,71,0,0,0,0,no_volume,0,0,0,0,no_volume,0,19,0,19,low_activity,0,0,0,82,0,82,13955,3445,-0.604,-45,-5939,23,17,29,26,3
1775347894,27,71,0,0,0,0,no_volume,0,0,0,0,no_volume,0,19,0,19,low_activity,0,0,0,82,0,82,13971,5822,-0.4117,0,-5923,23,19,29,27,2
1775347895,28,71,0,0,0,0,no_volume,0,0,0,0,no_volume,0,19,0,19,low_activity,0,0,0,82,0,82,12966,5900,-0.3745,995,-6928,22,20,29,28,1
1775347896,28,71,0,0,0,0,no_volume,0,0,0,0,no_volume,0,19,0,19,low_activity,0,0,0,82,0,82,12991,5875,-0.3772,-964,-5739,22,20,29,28,1
1775347897,28,70,0,0,0,0,no_volume,0,0,0,0,no_volume,0,19,0,19,low_activity,0,0,0,82,0,82,13975,5875,-0.4081,4,-4755,22,20,30,28,2
1775347898,28,70,0,0,0,0,no_volume,0,0,0,0,no_volume,0,19,0,19,low_activity,0,0,0,82,0,82,14665,5875,-0.4279,1699,2914,23,20,30,28,2
1775347899,28,70,0,0,0,0,no_volume,0,0,0,0,no_volume,0,19,0,19,low_activity,0,0,0,82,0,82,14665,5875,-0.4279,1674,1665,23,20,30,28,2
1775347900,28,70,0,0,0,0,no_volume,0,0,0,0,no_volume,0,19,0,19,low_activity,0,0,0,82,0,82,14653,5875,-0.4276,678,653,24,20,30,28,2
1775347901,28,70,0,0,0,0,no_volume,0,0,0,0,no_volume,0,19,0,19,low_activity,0,0,0,82,0,82,14653,8010,-0.2931,-12,682,24,20,30,28,2
1775347902,28,70,0,0,0,0,no_volume,0,0,0,0,no_volume,0,19,0,19,low_activity,0,0,0,82,0,82,18089,12489,-0.1831,3424,6118,26,20,30,28,2
1775347903,28,70,0,0,0,0,no_volume,0,0,0,0,no_volume,0,19,0,19,low_activity,0,0,0,82,0,82,19123,13089,-0.1873,4470,5168,27,21,30,28,2
1775347904,28,70,0,0,0,0,no_volume,0,0,0,0,no_volume,0,19,0,19,low_activity,0,0,0,82,0,82,20166,13089,-0.2128,5513,6195,29,21,30,28,2
1775347905,28,70,0,0,0,0,no_volume,0,0,0,0,no_volume,0,19,0,19,low_activity,0,0,0,82,0,82,20148,13089,-0.2124,2059,7182,28,21,30,28,2
1775347906,28,70,0,0,0,0,no_volume,0,0,0,0,no_volume,0,19,0,19,low_activity,0,0,0,82,0,82,20148,13089,-0.2124,1025,7157,28,21,30,28,2
1775347907,28,70,0,0,0,0,no_volume,0,0,0,0,no_volume,0,19,0,19,low_activity,0,0,0,82,0,82,20148,13089,-0.2124,-18,6173,28,21,30,28,2
1775347908,28,70,0,0,0,0,no_volume,0,0,0,0,no_volume,0,19,0,19,low_activity,0,0,0,82,0,82,20148,13089,-0.2124,0,5483,28,21,30,28,2
1775347909,28,70,0,0,0,0,no_volume,0,0,0,0,no_volume,0,19,0,19,low_activity,0,0,0,82,0,82,20148,13089,-0.2124,0,5483,28,21,30,28,2
1775347910,28,70,0,0,0,0,no_volume,0,0,0,0,no_volume,0,19,0,19,low_activity,0,0,0,82,0,82,20148,13089,-0.2124,0,5495,28,21,30,28,2
1775347911,28,70,0,0,0,0,no_volume,0,0,0,0,no_volume,0,19,0,19,low_activity,0,0,0,82,0,82,20148,13089,-0.2124,0,5495,28,21,30,28,2
1775347912,28,70,0,0,0,0,no_volume,0,0,0,0,no_volume,0,0,0,0,no_volume,0,0,0,82,0,82,20148,13089,-0.2124,0,2059,28,21,30,28,2
1775347913,28,70,0,0,0,0,no_volume,0,0,0,0,no_volume,0,0,0,0,no_volume,0,0,0,82,0,82,18648,13089,-0.1752,-1500,-475,27,21,30,28,2
1775347914,28,70,0,0,0,0,no_volume,0,0,0,0,no_volume,0,0,0,0,no_volume,0,0,0,82,0,82,19157,13089,-0.1882,-991,-1009,27,21,30,28,2
1775347915,28,70,0,0,0,0,no_volume,0,0,0,0,no_volume,0,0,0,0,no_volume,0,0,0,82,0,82,20157,13089,-0.2126,9,9,28,21,30,28,2
1775347916,28,70,0,0,0,0,no_volume,0,0,0,0,no_volume,0,0,0,0,no_volume,0,0,0,82,0,82,20157,13089,-0.2126,1509,9,28,21,30,28,2
1775347917,28,70,0,0,0,0,no_volume,0,0,0,0,no_volume,0,0,0,0,no_volume,0,0,0,82,0,82,20157,13089,-0.2126,1000,9,28,21,30,28,2
1775347918,28,70,0,0,0,0,no_volume,0,0,0,0,no_volume,0,0,0,0,no_volume,0,0,0,82,0,82,20157,13089,-0.2126,0,9,28,21,30,28,2
1775347919,28,70,0,0,0,0,no_volume,0,0,0,0,no_volume,0,0,0,0,no_volume,0,0,0,82,0,82,20157,13089,-0.2126,0,9,28,21,30,28,2
1775347920,28,70,0,0,0,0,no_volume,0,0,0,0,no_volume,0,0,0,0,no_volume,0,0,0,82,0,82,20157,13089,-0.2126,0,9,28,21,30,28,2
1775347921,28,70,0,0,0,0,no_volume,0,0,0,0,no_volume,0,0,0,0,no_volume,0,0,0,19,0,19,20157,13089,-0.2126,0,9,28,21,30,28,2
1775347922,28,70,0,0,0,0,no_volume,0,0,0,0,no_volume,0,0,0,0,no_volume,0,0,0,19,0,19,20157,13089,-0.2126,0,9,28,21,30,28,2
1775347923,29,70,0,0,0,0,no_volume,0,0,0,0,no_volume,0,0,0,0,no_volume,0,0,0,19,0,19,22292,15093,-0.1926,2135,3644,28,22,30,29,1
1775347924,29,70,0,0,0,0,no_volume,0,0,0,0,no_volume,0,0,0,0,no_volume,0,0,0,19,0,19,22292,15093,-0.1926,2135,3135,28,22,30,29,1
1775347925,29,70,0,0,0,0,no_volume,0,0,0,0,no_volume,0,0,0,0,no_volume,0,0,0,19,0,19,22292,15068,-0.1934,2135,2135,28,22,30,29,1
1775347926,29,70,0,0,0,0,no_volume,0,0,0,0,no_volume,0,0,0,0,no_volume,0,0,0,19,0,19,22292,15068,-0.1934,0,2135,28,22,30,29,1
1775347927,29,70,0,0,0,0,no_volume,0,0,0,0,no_volume,0,0,0,0,no_volume,0,0,0,19,0,19,22292,15068,-0.1934,0,2135,28,22,30,29,1
1775347928,29,70,0,0,0,0,no_volume,0,0,0,0,no_volume,0,0,0,0,no_volume,0,0,0,19,0,19,22292,15119,-0.1917,0,2135,28,22,30,29,1
1775347929,29,70,0,0,0,0,no_volume,0,0,0,0,no_volume,0,0,0,0,no_volume,0,0,0,19,0,19,22292,15119,-0.1917,0,2135,28,22,30,29,1
1775347930,29,70,0,0,0,0,no_volume,0,0,0,0,no_volume,0,0,0,0,no_volume,0,0,0,19,0,19,22292,15119,-0.1917,0,2135,28,22,30,29,1
1775347931,29,70,0,0,0,0,no_volume,0,0,0,0,no_volume,0,0,0,0,no_volume,0,0,0,19,0,19,22292,15119,-0.1917,0,2135,28,22,30,29,1
1775347932,29,70,0,0,0,0,no_volume,0,0,0,0,no_volume,0,0,0,0,no_volume,0,0,0,19,0,19,22292,15119,-0.1917,0,2135,28,22,30,29,1
1775347933,29,70,0,0,0,0,no_volume,0,0,0,0,no_volume,0,0,0,0,no_volume,0,0,0,19,0,19,22292,15119,-0.1917,0,0,28,22,30,29,1
1775347934,29,70,0,0,0,0,no_volume,0,0,0,0,no_volume,0,0,0,0,no_volume,0,0,0,19,0,19,22292,15119,-0.1917,0,0,28,22,30,29,1
1775347935,29,70,0,0,0,0,no_volume,0,0,0,0,no_volume,0,0,0,0,no_volume,0,0,0,19,0,19,22292,15119,-0.1917,0,0,28,22,30,29,1
1775347936,29,70,0,0,0,0,no_volume,0,0,0,0,no_volume,0,0,0,0,no_volume,0,0,0,19,0,19,22292,15119,-0.1917,0,0,28,22,30,29,1
1775347937,29,70,0,0,0,0,no_volume,0,0,0,0,no_volume,0,0,0,0,no_volume,0,0,0,19,0,19,22292,15119,-0.1917,0,0,28,22,30,29,1
1775347938,29,70,0,0,0,0,no_volume,0,0,0,0,no_volume,0,0,0,0,no_volume,0,0,0,19,0,19,22292,15119,-0.1917,0,0,28,22,30,29,1
1775347939,29,70,0,0,0,0,no_volume,0,0,0,0,no_volume,0,0,0,0,no_volume,0,0,0,19,0,19,22292,15119,-0.1917,0,0,28,22,30,29,1
1775347940,29,70,0,0,0,0,no_volume,0,0,0,0,no_volume,0,0,0,0,no_volume,0,0,0,19,0,19,22292,15119,-0.1917,0,0,28,22,30,29,1
1775347941,29,70,0,0,0,0,no_volume,0,0,0,0,no_volume,0,0,0,0,no_volume,0,0,0,19,0,19,22292,15119,-0.1917,0,0,28,22,30,29,1
1775347942,29,70,0,0,0,0,no_volume,0,0,0,0,no_volume,0,0,0,0,no_volume,0,0,0,0,0,0,21671,15119,-0.1781,-621,-621,29,22,30,29,1
1775347943,29,70,0,0,0,0,no_volume,0,0,0,0,no_volume,0,0,0,0,no_volume,0,0,0,0,0,0,22303,15119,-0.192,11,11,29,22,30,29,1
1775347944,29,70,0,0,0,0,no_volume,0,0,0,0,no_volume,0,0,0,0,no_volume,0,0,0,0,0,0,21671,15119,-0.1781,-621,-621,29,22,30,29,1
1775347945,29,70,0,0,0,0,no_volume,0,0,0,0,no_volume,0,0,0,0,no_volume,0,0,0,0,0,0,21671,15119,-0.1781,0,-621,29,22,30,29,1
1775347946,29,70,0,0,0,0,no_volume,0,0,0,0,no_volume,0,0,0,0,no_volume,0,0,0,0,0,0,21671,15119,-0.1781,-632,-621,29,22,30,29,1
1775347947,29,70,0,0,0,0,no_volume,0,0,0,0,no_volume,0,0,0,0,no_volume,0,0,0,0,0,0,21671,15119,-0.1781,0,-621,29,22,30,29,1
1775347948,29,70,0,0,0,0,no_volume,0,0,0,0,no_volume,0,0,0,0,no_volume,0,0,0,0,0,0,21671,15119,-0.1781,0,-621,29,22,30,29,1
1775347949,29,70,0,0,0,0,no_volume,0,0,0,0,no_volume,0,0,0,0,no_volume,0,0,0,0,0,0,21671,15119,-0.1781,0,-621,29,22,30,29,1
1775347950,29,70,0,0,0,0,no_volume,0,0,0,0,no_volume,0,0,0,0,no_volume,0,0,0,0,0,0,21671,15119,-0.1781,0,-621,29,22,30,29,1
1775347951,29,70,0,0,0,0,no_volume,0,0,0,0,no_volume,0,0,0,0,no_volume,0,0,0,0,0,0,22303,15119,-0.192,632,11,29,22,30,29,1
1775347952,29,70,0,0,0,0,no_volume,0,0,0,0,no_volume,0,0,0,0,no_volume,0,0,0,0,0,0,22303,15119,-0.192,632,632,29,22,30,29,1
1775347953,29,70,0,0,0,0,no_volume,0,0,0,0,no_volume,0,0,0,0,no_volume,0,0,0,0,0,0,22303,15119,-0.192,632,0,29,22,30,29,1
1775347954,29,70,0,0,0,0,no_volume,0,0,0,0,no_volume,0,0,0,0,no_volume,0,0,0,0,0,0,19753,15119,-0.1329,-2550,-1918,29,22,30,29,1
1775347955,29,70,0,0,0,0,no_volume,0,0,0,0,no_volume,0,0,0,0,no_volume,0,0,0,0,0,0,19748,15119,-0.1328,-2555,-1923,29,22,30,29,1
1775347956,29,70,0,0,0,0,no_volume,0,0,0,0,no_volume,0,0,0,0,no_volume,0,0,0,0,0,0,19748,15119,-0.1328,-2555,-1923,29,22,30,29,1
1775347957,29,70,0,0,0,0,no_volume,0,0,0,0,no_volume,0,0,0,0,no_volume,0,0,0,0,0,0,19748,15119,-0.1328,-5,-1923,29,22,30,29,1
1775347958,29,70,0,0,0,0,no_volume,0,0,0,0,no_volume,0,0,0,0,no_volume,0,0,0,0,0,0,19748,15119,-0.1328,0,-1923,29,22,30,29,1
1775347959,29,70,0,0,0,0,no_volume,0,0,0,0,no_volume,0,0,0,0,no_volume,0,0,0,0,0,0,20380,15119,-0.1482,632,-1291,29,22,30,29,1
1775347960,29,70,0,0,0,0,no_volume,0,0,0,0,no_volume,0,0,0,0,no_volume,0,0,0,0,0,0,20380,15119,-0.1482,632,-1291,29,22,30,29,1
1775347961,29,70,0,0,0,0,no_volume,0,0,0,0,no_volume,0,0,0,0,no_volume,0,0,0,0,0,0,20380,15119,-0.1482,632,-1923,29,22,30,29,1
1775347962,29,70,0,0,0,0,no_volume,0,0,0,0,no_volume,0,0,0,0,no_volume,0,0,0,0,0,0,20380,15119,-0.1482,0,-1923,29,22,30,29,1
1775347963,29,70,0,0,0,0,no_volume,0,0,0,0,no_volume,0,0,0,0,no_volume,0,0,0,0,0,0,20380,15119,-0.1482,0,-1923,29,22,30,29,1
1775347964,29,70,0,0,0,0,no_volume,0,0,0,0,no_volume,0,0,0,0,no_volume,0,0,0,0,0,0,20380,15119,-0.1482,0,627,29,22,30,29,1
1775347965,29,70,0,0,0,0,no_volume,0,0,0,0,no_volume,0,0,0,0,no_volume,0,0,0,0,0,0,20380,15119,-0.1482,0,632,29,22,30,29,1
1775347966,29,70,0,0,0,0,no_volume,0,0,0,0,no_volume,0,0,0,0,no_volume,0,0,0,0,0,0,20380,15119,-0.1482,0,632,29,22,30,29,1
1775347967,29,70,0,0,0,0,no_volume,0,0,0,0,no_volume,0,0,0,0,no_volume,0,0,0,0,0,0,20380,15119,-0.1482,0,632,29,22,30,29,1
1775347968,29,70,0,0,0,0,no_volume,0,0,0,0,no_volume,0,0,0,0,no_volume,0,0,0,0,0,0,20380,15119,-0.1482,0,632,29,22,30,29,1
1775347969,29,70,0,0,0,0,no_volume,0,0,0,0,no_volume,0,0,0,0,no_volume,0,0,0,0,0,0,20380,15119,-0.1482,0,0,29,22,30,29,1
1775347970,29,70,0,0,0,0,no_volume,0,0,0,0,no_volume,0,0,0,0,no_volume,0,0,0,0,0,0,20380,15119,-0.1482,0,0,29,22,30,29,1
1775347971,29,70,0,0,0,0,no_volume,0,0,0,0,no_volume,0,0,0,0,no_volume,0,0,0,0,0,0,20380,15119,-0.1482,0,0,29,22,30,29,1
1775347972,29,70,0,0,0,0,no_volume,0,0,0,0,no_volume,0,0,0,0,no_volume,0,0,0,0,0,0,20380,15119,-0.1482,0,0,29,22,30,29,1
1775347973,29,70,0,0,0,0,no_volume,0,0,0,0,no_volume,0,0,0,0,no_volume,0,0,0,0,0,0,20380,15119,-0.1482,0,0,29,22,30,29,1
1775347974,29,70,0,0,0,0,no_volume,0,0,0,0,no_volume,0,0,0,0,no_volume,0,0,0,0,0,0,20380,15119,-0.1482,0,0,29,22,30,29,1
1775347975,29,70,0,0,0,0,no_volume,0,0,0,0,no_volume,0,0,0,0,no_volume,0,0,0,0,0,0,20380,15119,-0.1482,0,0,29,22,30,29,1
1775347976,29,70,0,0,0,0,no_volume,0,0,0,0,no_volume,0,0,0,0,no_volume,0,0,0,0,0,0,20380,15119,-0.1482,0,0,29,22,30,29,1
1775347977,29,70,0,0,0,0,no_volume,0,0,0,0,no_volume,0,0,0,0,no_volume,0,0,0,0,0,0,20380,15119,-0.1482,0,0,29,22,30,29,1
1775347978,29,70,0,0,0,0,no_volume,0,0,0,0,no_volume,0,0,0,0,no_volume,0,0,0,0,0,0,20380,15119,-0.1482,0,0,29,22,30,29,1
1775347979,29,70,0,0,0,0,no_volume,0,0,0,0,no_volume,0,0,0,0,no_volume,0,0,0,0,0,0,20380,15119,-0.1482,0,0,29,22,30,29,1
1775347980,29,70,0,0,0,0,no_volume,0,0,0,0,no_volume,0,0,0,0,no_volume,0,0,0,0,0,0,20380,15119,-0.1482,0,0,29,22,30,29,1
1775347981,29,70,0,0,0,0,no_volume,0,0,0,0,no_volume,0,0,0,0,no_volume,0,0,0,0,0,0,20380,15119,-0.1482,0,0,29,22,30,29,1
1775347982,29,70,0,0,0,0,no_volume,0,0,0,0,no_volume,0,0,0,0,no_volume,0,0,0,0,0,0,20380,15119,-0.1482,0,0,29,22,30,29,1
1775347983,29,70,0,0,0,0,no_volume,0,0,0,0,no_volume,0,0,0,0,no_volume,0,0,0,0,0,0,20380,15119,-0.1482,0,0,29,22,30,29,1
1775347984,29,70,0,0,0,0,no_volume,0,0,0,0,no_volume,0,0,0,0,no_volume,0,0,0,0,0,0,20380,15119,-0.1482,0,0,29,22,30,29,1
1775347985,29,70,0,0,0,0,no_volume,0,0,0,0,no_volume,0,0,0,0,no_volume,0,0,0,0,0,0,20380,15119,-0.1482,0,0,29,22,30,29,1
1775347986,29,70,0,0,0,0,no_volume,0,0,0,0,no_volume,0,0,0,0,no_volume,0,0,0,0,0,0,20380,15119,-0.1482,0,0,29,22,30,29,1
1775347987,29,70,0,0,0,0,no_volume,0,0,0,0,no_volume,0,0,0,0,no_volume,0,0,0,0,0,0,20380,15119,-0.1482,0,0,29,22,30,29,1
1775347988,29,70,0,0,0,0,no_volume,0,0,0,0,no_volume,0,0,0,0,no_volume,0,0,0,0,0,0,20380,15119,-0.1482,0,0,29,22,30,29,1
1775347989,29,70,0,0,0,0,no_volume,0,0,0,0,no_volume,0,0,0,0,no_volume,0,0,0,0,0,0,20380,15119,-0.1482,0,0,29,22,30,29,1
1775347990,29,70,0,0,0,0,no_volume,0,0,0,0,no_volume,0,0,0,0,no_volume,0,0,0,0,0,0,20380,15119,-0.1482,0,0,29,22,30,29,1
1775347991,29,70,0,0,0,0,no_volume,0,0,0,0,no_volume,0,0,0,0,no_volume,0,0,0,0,0,0,20380,15119,-0.1482,0,0,29,22,30,29,1
1775347992,29,70,0,0,0,0,no_volume,0,0,0,0,no_volume,0,0,0,0,no_volume,0,0,0,0,0,0,20380,15119,-0.1482,0,0,29,22,30,29,1
1775347993,29,70,0,0,0,0,no_volume,0,0,0,0,no_volume,0,0,0,0,no_volume,0,0,0,0,0,0,20380,15119,-0.1482,0,0,29,22,30,29,1
1775347994,29,70,0,0,0,0,no_volume,0,0,0,0,no_volume,0,0,0,0,no_volume,0,0,0,0,0,0,20380,15119,-0.1482,0,0,29,22,30,29,1
1775347995,29,70,0,0,0,0,no_volume,0,0,0,0,no_volume,0,0,0,0,no_volume,0,0,0,0,0,0,19380,15119,-0.1235,-1000,-1000,28,22,30,29,1
1775347996,29,70,0,0,0,0,no_volume,0,0,0,0,no_volume,0,0,0,0,no_volume,0,0,0,0,0,0,20380,15119,-0.1482,0,0,29,22,30,29,1
1775347997,29,70,0,0,0,0,no_volume,0,0,0,0,no_volume,0,0,0,0,no_volume,0,0,0,0,0,0,20380,15119,-0.1482,0,0,29,22,30,29,1
1775347998,29,70,0,0,0,0,no_volume,0,0,0,0,no_volume,0,0,0,0,no_volume,0,0,0,0,0,0,20380,15119,-0.1482,1000,0,29,22,30,29,1
1775347999,29,70,0,0,0,0,no_volume,0,0,0,0,no_volume,0,0,0,0,no_volume,0,0,0,0,0,0,20380,15119,-0.1482,0,0,29,22,30,29,1
1775348000,29,70,0,0,0,0,no_volume,0,0,0,0,no_volume,0,0,0,0,no_volume,0,0,0,0,0,0,20380,15119,-0.1482,0,0,29,22,30,29,1
1775348001,29,70,0,0,0,0,no_volume,0,0,0,0,no_volume,0,0,0,0,no_volume,0,0,0,0,0,0,18380,15119,-0.0973,-2000,-2000,27,22,30,29,1
1775348002,29,70,0,0,0,0,no_volume,0,0,0,0,no_volume,0,0,0,0,no_volume,0,0,0,0,0,0,19380,15119,-0.1235,-1000,-1000,28,22,30,29,1
1775348003,29,69,1.0,772,0,772,ok_volume,1.0,772,0,772,ok_volume,1.0,772,0,772,ok_volume,772,0,772,772,0,772,19608,15119,-0.1293,-772,-772,28,22,31,29,2
1775348004,29,70,1.0,772,0,772,ok_volume,1.0,772,0,772,ok_volume,1.0,772,0,772,ok_volume,0,0,0,772,0,772,18314,15119,-0.0956,-66,-2066,26,22,30,29,1
1775348005,29,70,1.0,772,0,772,ok_volume,1.0,772,0,772,ok_volume,1.0,772,0,772,ok_volume,0,0,0,772,0,772,18314,15119,-0.0956,-1066,-1066,26,22,30,29,1
1775348006,29,70,0,0,0,0,no_volume,1.0,772,0,772,ok_volume,1.0,772,0,772,ok_volume,0,0,0,772,0,772,19314,15119,-0.1218,-294,-1066,27,22,30,29,1
1775348007,29,70,0,0,0,0,no_volume,1.0,772,0,772,ok_volume,1.0,772,0,772,ok_volume,0,0,0,772,0,772,19314,15119,-0.1218,1000,-1066,27,22,30,29,1
1775348008,29,70,0,0,0,0,no_volume,0,0,0,0,no_volume,1.0,772,0,772,ok_volume,0,0,0,772,0,772,19324,15119,-0.1221,1010,-1056,27,22,30,29,1
1775348009,29,70,0,0,0,0,no_volume,0,0,0,0,no_volume,1.0,772,0,772,ok_volume,0,0,0,772,0,772,19369,15119,-0.1232,55,-1011,28,22,30,29,1
1775348010,29,70,0,0,0,0,no_volume,0,0,0,0,no_volume,1.0,772,0,772,ok_volume,0,0,0,772,0,772,19369,15119,-0.1232,55,-1011,28,22,30,29,1
1775348011,29,70,0,0,0,0,no_volume,0,0,0,0,no_volume,1.0,772,0,772,ok_volume,0,0,0,772,0,772,19369,15119,-0.1232,45,989,28,22,30,29,1
1775348012,29,70,0,0,0,0,no_volume,0,0,0,0,no_volume,1.0,772,0,772,ok_volume,0,0,0,772,0,772,19369,15119,-0.1232,0,-11,28,22,30,29,1
1775348013,29,70,0,0,0,0,no_volume,0,0,0,0,no_volume,1.0,772,0,772,ok_volume,0,0,0,772,0,772,19369,15119,-0.1232,0,-239,28,22,30,29,1
1775348014,29,70,0,0,0,0,no_volume,0,0,0,0,no_volume,1.0,772,0,772,ok_volume,0,0,0,772,0,772,19369,15119,-0.1232,0,1055,28,22,30,29,1
1775348015,29,70,0,0,0,0,no_volume,0,0,0,0,no_volume,1.0,772,0,772,ok_volume,0,0,0,772,0,772,19369,15119,-0.1232,0,1055,28,22,30,29,1
1775348016,29,70,0,0,0,0,no_volume,0,0,0,0,no_volume,1.0,772,0,772,ok_volume,0,0,0,772,0,772,19369,15119,-0.1232,0,55,28,22,30,29,1
1775348017,29,70,0,0,0,0,no_volume,0,0,0,0,no_volume,1.0,772,0,772,ok_volume,0,0,0,772,0,772,19369,15119,-0.1232,0,55,28,22,30,29,1
1775348018,29,70,0,0,0,0,no_volume,0,0,0,0,no_volume,1.0,772,0,772,ok_volume,0,0,0,772,0,772,19372,15119,-0.1233,3,48,28,22,30,29,1
1775348019,29,70,0,0,0,0,no_volume,0,0,0,0,no_volume,1.0,772,0,772,ok_volume,0,0,0,772,0,772,19372,15119,-0.1233,3,3,28,22,30,29,1
1775348020,29,70,0,0,0,0,no_volume,0,0,0,0,no_volume,1.0,772,0,772,ok_volume,0,0,0,772,0,772,19372,15119,-0.1233,3,3,28,22,30,29,1
1775348021,29,70,0,0,0,0,no_volume,0,0,0,0,no_volume,1.0,772,0,772,ok_volume,0,0,0,772,0,772,19362,15119,-0.1231,-10,-7,28,22,30,29,1
1775348022,29,70,0,0,0,0,no_volume,0,0,0,0,no_volume,1.0,772,0,772,ok_volume,0,0,0,772,0,772,19362,15119,-0.1231,-10,-7,28,22,30,29,1
1775348023,29,70,0,0,0,0,no_volume,0,0,0,0,no_volume,1.0,772,0,772,ok_volume,0,0,0,772,0,772,19362,15119,-0.1231,-10,-7,28,22,30,29,1
1775348024,29,70,0,0,0,0,no_volume,0,0,0,0,no_volume,1.0,772,0,772,ok_volume,0,0,0,772,0,772,19362,15119,-0.1231,0,-7,28,22,30,29,1
1775348025,29,70,0,0,0,0,no_volume,0,0,0,0,no_volume,1.0,772,0,772,ok_volume,0,0,0,772,0,772,19362,15119,-0.1231,0,-7,28,22,30,29,1
1775348026,29,70,0,0,0,0,no_volume,0,0,0,0,no_volume,1.0,772,0,772,ok_volume,0,0,0,772,0,772,19362,15119,-0.1231,0,-7,28,22,30,29,1
1775348027,29,70,0,0,0,0,no_volume,0,0,0,0,no_volume,1.0,772,0,772,ok_volume,0,0,0,772,0,772,19362,15119,-0.1231,0,-7,28,22,30,29,1
1775348028,29,70,0,0,0,0,no_volume,0,0,0,0,no_volume,1.0,772,0,772,ok_volume,0,0,0,772,0,772,19362,15119,-0.1231,0,-10,28,22,30,29,1
1775348029,29,70,0,0,0,0,no_volume,0,0,0,0,no_volume,1.0,772,0,772,ok_volume,0,0,0,772,0,772,19362,15119,-0.1231,0,-10,28,22,30,29,1
1775348030,29,70,0,0,0,0,no_volume,0,0,0,0,no_volume,1.0,772,0,772,ok_volume,0,0,0,772,0,772,19362,14488,-0.144,0,-10,28,22,30,29,1
1775348031,29,70,0,0,0,0,no_volume,0,0,0,0,no_volume,1.0,772,0,772,ok_volume,0,0,0,772,0,772,19362,14488,-0.144,0,0,28,22,30,29,1
1775348032,29,70,0,0,0,0,no_volume,0,0,0,0,no_volume,1.0,772,0,772,ok_volume,0,0,0,772,0,772,19362,15156,-0.1218,0,0,28,22,30,29,1
1775348033,29,70,0,0,0,0,no_volume,0,0,0,0,no_volume,0,0,0,0,no_volume,0,0,0,772,0,772,19362,15156,-0.1218,0,0,28,22,30,29,1
1775348034,29,70,0,0,0,0,no_volume,0,0,0,0,no_volume,0,0,0,0,no_volume,0,0,0,772,0,772,19362,15156,-0.1218,0,0,28,22,30,29,1
1775348035,29,70,0,0,0,0,no_volume,0,0,0,0,no_volume,0,0,0,0,no_volume,0,0,0,772,0,772,19362,15156,-0.1218,0,0,28,22,30,29,1
1775348036,29,70,0,0,0,0,no_volume,0,0,0,0,no_volume,0,0,0,0,no_volume,0,0,0,772,0,772,19362,15156,-0.1218,0,0,28,22,30,29,1
1775348037,29,70,0,0,0,0,no_volume,0,0,0,0,no_volume,0,0,0,0,no_volume,0,0,0,772,0,772,19362,15156,-0.1218,0,0,28,22,30,29,1
1775348038,29,70,0,0,0,0,no_volume,0,0,0,0,no_volume,0,0,0,0,no_volume,0,0,0,772,0,772,19362,15156,-0.1218,0,0,28,22,30,29,1
1775348039,29,70,0,0,0,0,no_volume,0,0,0,0,no_volume,0,0,0,0,no_volume,0,0,0,772,0,772,19362,15156,-0.1218,0,0,28,22,30,29,1
1775348040,29,70,0,0,0,0,no_volume,0,0,0,0,no_volume,0,0,0,0,no_volume,0,0,0,772,0,772,19362,15156,-0.1218,0,0,28,22,30,29,1
1775348041,29,70,0,0,0,0,no_volume,0,0,0,0,no_volume,0,0,0,0,no_volume,0,0,0,772,0,772,19362,15156,-0.1218,0,0,28,22,30,29,1
1775348042,29,70,0,0,0,0,no_volume,0,0,0,0,no_volume,0,0,0,0,no_volume,0,0,0,772,0,772,19362,15156,-0.1218,0,0,28,22,30,29,1
1775348043,29,70,0,0,0,0,no_volume,0,0,0,0,no_volume,0,0,0,0,no_volume,0,0,0,772,0,772,19362,15156,-0.1218,0,0,28,22,30,29,1
1775348044,29,70,0,0,0,0,no_volume,0,0,0,0,no_volume,0,0,0,0,no_volume,0,0,0,772,0,772,19362,15156,-0.1218,0,0,28,22,30,29,1
1775348045,29,70,0,0,0,0,no_volume,0,0,0,0,no_volume,0,0,0,0,no_volume,0,0,0,772,0,772,19362,15156,-0.1218,0,0,28,22,30,29,1
1775348046,29,70,0,0,0,0,no_volume,0,0,0,0,no_volume,0,0,0,0,no_volume,0,0,0,772,0,772,19362,15156,-0.1218,0,0,28,22,30,29,1
1775348047,29,70,0,0,0,0,no_volume,0,0,0,0,no_volume,0,0,0,0,no_volume,0,0,0,772,0,772,19362,15156,-0.1218,0,0,28,22,30,29,1
1775348048,29,70,0,0,0,0,no_volume,0,0,0,0,no_volume,0,0,0,0,no_volume,0,0,0,772,0,772,19362,15156,-0.1218,0,0,28,22,30,29,1
1775348049,29,70,0,0,0,0,no_volume,0,0,0,0,no_volume,0,0,0,0,no_volume,0,0,0,772,0,772,19362,15156,-0.1218,0,0,28,22,30,29,1
1775348050,29,70,0,0,0,0,no_volume,0,0,0,0,no_volume,0,0,0,0,no_volume,0,0,0,772,0,772,19362,15156,-0.1218,0,0,28,22,30,29,1
1775348051,29,70,0,0,0,0,no_volume,0,0,0,0,no_volume,0,0,0,0,no_volume,0,0,0,772,0,772,19362,15156,-0.1218,0,0,28,22,30,29,1
1775348052,29,70,0,0,0,0,no_volume,0,0,0,0,no_volume,0,0,0,0,no_volume,0,0,0,772,0,772,19362,15156,-0.1218,0,0,28,22,30,29,1
1775348053,29,70,0,0,0,0,no_volume,0,0,0,0,no_volume,0,0,0,0,no_volume,0,0,0,772,0,772,19391,15156,-0.1226,29,29,28,22,30,29,1
1775348054,29,70,0,0,0,0,no_volume,0,0,0,0,no_volume,0,0,0,0,no_volume,0,0,0,772,0,772,19391,15156,-0.1226,29,29,28,22,30,29,1
1775348055,29,70,0,0,0,0,no_volume,0,0,0,0,no_volume,0,0,0,0,no_volume,0,0,0,772,0,772,19391,15156,-0.1226,29,29,28,22,30,29,1
1775348056,29,70,0,0,0,0,no_volume,0,0,0,0,no_volume,0,0,0,0,no_volume,0,0,0,772,0,772,19391,15156,-0.1226,0,29,28,22,30,29,1
1775348057,29,70,0,0,0,0,no_volume,0,0,0,0,no_volume,0,0,0,0,no_volume,0,0,0,772,0,772,19391,15156,-0.1226,0,29,28,22,30,29,1
1775348058,29,70,0,0,0,0,no_volume,0,0,0,0,no_volume,0,0,0,0,no_volume,0,0,0,772,0,772,19391,15156,-0.1226,0,29,28,22,30,29,1
1775348059,29,70,0,0,0,0,no_volume,0,0,0,0,no_volume,0,0,0,0,no_volume,0,0,0,772,0,772,19391,15156,-0.1226,0,29,28,22,30,29,1
1775348060,29,70,0,0,0,0,no_volume,0,0,0,0,no_volume,0,0,0,0,no_volume,0,0,0,772,0,772,19391,15156,-0.1226,0,29,28,22,30,29,1
1775348061,29,70,0,0,0,0,no_volume,0,0,0,0,no_volume,0,0,0,0,no_volume,0,0,0,772,0,772,19391,15156,-0.1226,0,29,28,22,30,29,1
1775348062,29,70,0,0,0,0,no_volume,0,0,0,0,no_volume,0,0,0,0,no_volume,0,0,0,772,0,772,19391,15156,-0.1226,0,29,28,22,30,29,1
1775348063,29,70,0,0,0,0,no_volume,0,0,0,0,no_volume,0,0,0,0,no_volume,0,0,0,0,0,0,21582,15156,-0.1749,2191,2191,28,22,30,29,1
1775348064,29,70,0,0,0,0,no_volume,0,0,0,0,no_volume,0,0,0,0,no_volume,0,0,0,0,0,0,21582,15156,-0.1749,2191,2191,28,22,30,29,1
1775348065,29,70,0,0,0,0,no_volume,0,0,0,0,no_volume,0,0,0,0,no_volume,0,0,0,0,0,0,21582,15156,-0.1749,2191,2191,28,22,30,29,1
1775348066,29,70,0,0,0,0,no_volume,0,0,0,0,no_volume,0,0,0,0,no_volume,0,0,0,0,0,0,21582,15156,-0.1749,0,2191,28,22,30,29,1
1775348067,29,70,0,0,0,0,no_volume,0,0,0,0,no_volume,0,0,0,0,no_volume,0,0,0,0,0,0,21582,15156,-0.1749,0,2191,28,22,30,29,1
1775348068,29,70,0,0,0,0,no_volume,0,0,0,0,no_volume,0,0,0,0,no_volume,0,0,0,0,0,0,21576,15156,-0.1748,-6,2185,28,22,30,29,1
1775348069,29,70,0,0,0,0,no_volume,0,0,0,0,no_volume,0,0,0,0,no_volume,0,0,0,0,0,0,21576,15156,-0.1748,-6,2185,28,22,30,29,1
1775348070,29,70,0,0,0,0,no_volume,0,0,0,0,no_volume,0,0,0,0,no_volume,0,0,0,0,0,0,17097,10677,-0.2312,-4485,-2294,27,22,30,29,1
1775348071,29,70,0,0,0,0,no_volume,0,0,0,0,no_volume,0,0,0,0,no_volume,0,0,0,0,0,0,17097,10677,-0.2312,-4479,-2294,27,22,30,29,1
1775348072,29,69,0,0,0,0,no_volume,0,0,0,0,no_volume,0,0,0,0,no_volume,0,0,0,0,0,0,17087,10677,-0.2309,-4489,-2304,26,22,31,29,2
1775348073,29,69,0,0,0,0,no_volume,0,0,0,0,no_volume,0,0,0,0,no_volume,0,0,0,0,0,0,20541,15156,-0.1509,3444,-1041,25,22,31,29,2
1775348074,29,69,0,0,0,0,no_volume,0,0,0,0,no_volume,0,0,0,0,no_volume,0,0,0,0,0,0,21541,15156,-0.174,4444,-41,26,22,31,29,2
1775348075,29,69,0,0,0,0,no_volume,0,0,0,0,no_volume,0,0,0,0,no_volume,0,0,0,0,0,0,21541,15156,-0.174,4454,-41,26,22,31,29,2
1775348076,29,69,0,0,0,0,no_volume,0,0,0,0,no_volume,0,0,0,0,no_volume,0,0,0,0,0,0,21541,15156,-0.174,1000,-41,26,22,31,29,2
1775348077,29,69,0,0,0,0,no_volume,0,0,0,0,no_volume,0,0,0,0,no_volume,0,0,0,0,0,0,21541,15156,-0.174,0,-41,26,22,31,29,2
1775348078,29,69,0,0,0,0,no_volume,0,0,0,0,no_volume,0,0,0,0,no_volume,0,0,0,0,0,0,21541,15156,-0.174,0,-35,26,22,31,29,2
1775348079,30,69,0,0,0,0,no_volume,0,0,0,0,no_volume,0,0,0,0,no_volume,0,0,0,0,0,0,20268,15332,-0.1387,-1273,-1308,26,23,31,30,1
1775348080,30,69,0,0,0,0,no_volume,0,0,0,0,no_volume,0,0,0,0,no_volume,0,0,0,0,0,0,20268,16332,-0.1075,-1273,3171,26,24,31,30,1
1775348081,30,69,0,0,0,0,no_volume,0,0,0,0,no_volume,0,0,0,0,no_volume,0,0,0,0,0,0,20268,16332,-0.1075,-1273,3171,26,24,31,30,1
1775348082,30,69,0,0,0,0,no_volume,0,0,0,0,no_volume,0,0,0,0,no_volume,0,0,0,0,0,0,20268,16332,-0.1075,0,3181,26,24,31,30,1
1775348083,30,69,0,0,0,0,no_volume,0,0,0,0,no_volume,0,0,0,0,no_volume,0,0,0,0,0,0,20357,16332,-0.1097,89,-184,27,24,31,30,1
1775348084,30,69,0,0,0,0,no_volume,0,0,0,0,no_volume,0,0,0,0,no_volume,0,0,0,0,0,0,20357,16332,-0.1097,89,-1184,27,24,31,30,1
1775348085,30,69,0,0,0,0,no_volume,0,0,0,0,no_volume,0,0,0,0,no_volume,0,0,0,0,0,0,19669,16332,-0.0927,-599,-1872,27,24,31,30,1
1775348086,30,69,0,0,0,0,no_volume,0,0,0,0,no_volume,0,0,0,0,no_volume,0,0,0,0,0,0,19669,16332,-0.0927,-688,-1872,27,24,31,30,1
1775348087,30,69,0,0,0,0,no_volume,0,0,0,0,no_volume,0,0,0,0,no_volume,0,0,0,0,0,0,19669,16332,-0.0927,-688,-1872,27,24,31,30,1
1775348088,30,69,0,0,0,0,no_volume,0,0,0,0,no_volume,0,0,0,0,no_volume,0,0,0,0,0,0,19669,16332,-0.0927,0,-1872,27,24,31,30,1
1775348089,30,69,0,0,0,0,no_volume,0,0,0,0,no_volume,0,0,0,0,no_volume,0,0,0,0,0,0,19669,16332,-0.0927,0,-599,27,24,31,30,1
1775348090,30,69,0,0,0,0,no_volume,0,0,0,0,no_volume,0,0,0,0,no_volume,0,0,0,0,0,0,19669,16332,-0.0927,0,-599,27,24,31,30,1
1775348091,30,69,0,0,0,0,no_volume,0,0,0,0,no_volume,0,0,0,0,no_volume,0,0,0,0,0,0,19669,16332,-0.0927,0,-599,27,24,31,30,1
1775348092,30,69,0,0,0,0,no_volume,0,0,0,0,no_volume,0,0,0,0,no_volume,0,0,0,0,0,0,20337,16332,-0.1092,668,69,27,24,31,30,1
1775348093,30,69,0,0,0,0,no_volume,0,0,0,0,no_volume,0,0,0,0,no_volume,0,0,0,0,0,0,19669,16332,-0.0927,0,-688,27,24,31,30,1
1775348094,30,69,0,0,0,0,no_volume,0,0,0,0,no_volume,0,0,0,0,no_volume,0,0,0,0,0,0,19669,16332,-0.0927,0,-688,27,24,31,30,1
1775348095,30,69,0,0,0,0,no_volume,0,0,0,0,no_volume,0,0,0,0,no_volume,0,0,0,0,0,0,19669,16332,-0.0927,-668,0,27,24,31,30,1
1775348096,30,69,0,0,0,0,no_volume,0,0,0,0,no_volume,0,0,0,0,no_volume,0,0,0,0,0,0,19669,16332,-0.0927,0,0,27,24,31,30,1
1775348097,30,69,0,0,0,0,no_volume,0,0,0,0,no_volume,0,0,0,0,no_volume,0,0,0,0,0,0,19669,14328,-0.1571,0,0,27,24,31,30,1
1775348098,30,69,0,0,0,0,no_volume,0,0,0,0,no_volume,0,0,0,0,no_volume,0,0,0,0,0,0,19669,12167,-0.2356,0,0,27,24,31,30,1
1775348099,30,69,0,0,0,0,no_volume,0,0,0,0,no_volume,0,0,0,0,no_volume,0,0,0,0,0,0,19669,12167,-0.2356,0,0,27,24,31,30,1
1775348100,30,69,0,0,0,0,no_volume,0,0,0,0,no_volume,0,0,0,0,no_volume,0,0,0,0,0,0,20337,12167,-0.2514,668,668,27,24,31,30,1
1775348101,30,69,0,0,0,0,no_volume,0,0,0,0,no_volume,0,0,0,0,no_volume,0,0,0,0,0,0,20337,14172,-0.1786,668,668,27,24,31,30,1
1775348102,30,69,0,0,0,0,no_volume,0,0,0,0,no_volume,0,0,0,0,no_volume,0,0,0,0,0,0,20337,14172,-0.1786,668,0,27,24,31,30,1
1775348103,30,69,0,0,0,0,no_volume,0,0,0,0,no_volume,0,0,0,0,no_volume,0,0,0,0,0,0,20337,14172,-0.1786,0,668,27,24,31,30,1
1775348104,30,69,0,0,0,0,no_volume,0,0,0,0,no_volume,0,0,0,0,no_volume,0,0,0,0,0,0,20337,14172,-0.1786,0,668,27,24,31,30,1
1775348105,30,69,0,0,0,0,no_volume,0,0,0,0,no_volume,0,0,0,0,no_volume,0,0,0,0,0,0,20337,14172,-0.1786,0,668,27,24,31,30,1
1775348106,30,69,0,0,0,0,no_volume,0,0,0,0,no_volume,0,0,0,0,no_volume,0,0,0,0,0,0,20337,14172,-0.1786,0,668,27,24,31,30,1
1775348107,30,69,0,0,0,0,no_volume,0,0,0,0,no_volume,0,0,0,0,no_volume,0,0,0,0,0,0,20350,14197,-0.1781,13,681,28,24,31,30,1
1775348108,30,69,0,0,0,0,no_volume,0,0,0,0,no_volume,0,0,0,0,no_volume,0,0,0,0,0,0,20350,14197,-0.1781,13,681,28,24,31,30,1
1775348109,30,69,0,0,0,0,no_volume,0,0,0,0,no_volume,0,0,0,0,no_volume,0,0,0,0,0,0,19682,13296,-0.1936,-655,13,28,18,31,30,1
1775348110,30,69,0,0,0,0,no_volume,0,0,0,0,no_volume,0,0,0,0,no_volume,0,0,0,0,0,0,19682,13296,-0.1936,-668,-655,28,18,31,30,1
1775348111,30,69,0,0,0,0,no_volume,0,0,0,0,no_volume,0,0,0,0,no_volume,0,0,0,0,0,0,19682,13296,-0.1936,-668,-655,28,18,31,30,1
1775348112,30,69,0,0,0,0,no_volume,0,0,0,0,no_volume,0,0,0,0,no_volume,0,0,0,0,0,0,19644,13296,-0.1927,-38,-693,27,18,31,30,1
1775348113,30,69,0,0,0,0,no_volume,0,0,0,0,no_volume,0,0,0,0,no_volume,0,0,0,0,0,0,19644,13352,-0.1907,-38,-693,27,18,31,30,1
1775348114,30,69,0,0,0,0,no_volume,0,0,0,0,no_volume,0,0,0,0,no_volume,0,0,0,0,0,0,19644,13352,-0.1907,-38,-693,27,18,31,30,1
1775348115,30,69,0,0,0,0,no_volume,0,0,0,0,no_volume,0,0,0,0,no_volume,0,0,0,0,0,0,19676,14021,-0.1678,32,-661,28,18,31,30,1
1775348116,30,69,0,0,0,0,no_volume,0,0,0,0,no_volume,0,0,0,0,no_volume,0,0,0,0,0,0,19676,14021,-0.1678,32,-661,28,18,31,30,1
1775348117,30,69,0,0,0,0,no_volume,0,0,0,0,no_volume,0,0,0,0,no_volume,0,0,0,0,0,0,20345,14021,-0.184,701,-5,28,18,31,30,1
1775348118,30,69,0,0,0,0,no_volume,0,0,0,0,no_volume,0,0,0,0,no_volume,0,0,0,0,0,0,20345,14021,-0.184,669,-5,28,18,31,30,1
1775348119,30,69,0,0,0,0,no_volume,0,0,0,0,no_volume,0,0,0,0,no_volume,0,0,0,0,0,0,20345,14021,-0.184,669,663,28,18,31,30,1
1775348120,30,69,0,0,0,0,no_volume,0,0,0,0,no_volume,0,0,0,0,no_volume,0,0,0,0,0,0,20345,14021,-0.184,0,663,28,18,31,30,1
1775348121,30,69,0,0,0,0,no_volume,0,0,0,0,no_volume,0,0,0,0,no_volume,0,0,0,0,0,0,20345,14021,-0.184,0,663,28,18,31,30,1
1775348122,30,69,0,0,0,0,no_volume,0,0,0,0,no_volume,0,0,0,0,no_volume,0,0,0,0,0,0,20345,14021,-0.184,0,701,28,18,31,30,1
1775348123,30,69,0,0,0,0,no_volume,0,0,0,0,no_volume,0,0,0,0,no_volume,0,0,0,0,0,0,20345,14021,-0.184,0,701,28,18,31,30,1
1775348124,30,69,0,0,0,0,no_volume,0,0,0,0,no_volume,0,0,0,0,no_volume,0,0,0,0,0,0,20345,14021,-0.184,0,701,28,18,31,30,1
1775348125,30,69,0,0,0,0,no_volume,0,0,0,0,no_volume,0,0,0,0,no_volume,0,0,0,0,0,0,20345,14021,-0.184,0,669,28,18,31,30,1
1775348126,30,69,0,0,0,0,no_volume,0,0,0,0,no_volume,0,0,0,0,no_volume,0,0,0,0,0,0,20345,14021,-0.184,0,669,28,18,31,30,1
1775348127,30,69,0,0,0,0,no_volume,0,0,0,0,no_volume,0,0,0,0,no_volume,0,0,0,0,0,0,20345,14021,-0.184,0,0,28,18,31,30,1
1775348128,30,69,0,0,0,0,no_volume,0,0,0,0,no_volume,0,0,0,0,no_volume,0,0,0,0,0,0,20345,14021,-0.184,0,0,28,18,31,30,1
1775348129,30,69,0,0,0,0,no_volume,0,0,0,0,no_volume,0,0,0,0,no_volume,0,0,0,0,0,0,20345,14021,-0.184,0,0,28,18,31,30,1
1775348130,30,69,0,0,0,0,no_volume,0,0,0,0,no_volume,0,0,0,0,no_volume,0,0,0,0,0,0,20345,14021,-0.184,0,0,28,18,31,30,1
1775348131,30,69,0,0,0,0,no_volume,0,0,0,0,no_volume,0,0,0,0,no_volume,0,0,0,0,0,0,20345,14021,-0.184,0,0,28,18,31,30,1
1775348132,30,69,0,0,0,0,no_volume,0,0,0,0,no_volume,0,0,0,0,no_volume,0,0,0,0,0,0,20345,14021,-0.184,0,0,28,18,31,30,1
1775348133,30,69,0,0,0,0,no_volume,0,0,0,0,no_volume,0,0,0,0,no_volume,0,0,0,0,0,0,20345,14021,-0.184,0,0,28,18,31,30,1
1775348134,30,69,0,0,0,0,no_volume,0,0,0,0,no_volume,0,0,0,0,no_volume,0,0,0,0,0,0,20345,14021,-0.184,0,0,28,18,31,30,1
1775348135,30,69,0,0,0,0,no_volume,0,0,0,0,no_volume,0,0,0,0,no_volume,0,0,0,0,0,0,20345,14021,-0.184,0,0,28,18,31,30,1
1775348136,30,69,0,0,0,0,no_volume,0,0,0,0,no_volume,0,0,0,0,no_volume,0,0,0,0,0,0,20345,14021,-0.184,0,0,28,18,31,30,1
1775348137,30,69,0,0,0,0,no_volume,0,0,0,0,no_volume,0,0,0,0,no_volume,0,0,0,0,0,0,20345,14021,-0.184,0,0,28,18,31,30,1
1775348138,30,69,0,0,0,0,no_volume,0,0,0,0,no_volume,0,0,0,0,no_volume,0,0,0,0,0,0,20345,14021,-0.184,0,0,28,18,31,30,1
1775348139,30,69,0,0,0,0,no_volume,0,0,0,0,no_volume,0,0,0,0,no_volume,0,0,0,0,0,0,20345,14021,-0.184,0,0,28,18,31,30,1
1775348140,30,69,0,0,0,0,no_volume,0,0,0,0,no_volume,0,0,0,0,no_volume,0,0,0,0,0,0,20345,14021,-0.184,0,0,28,18,31,30,1
1775348141,30,69,0,0,0,0,no_volume,0,0,0,0,no_volume,0,0,0,0,no_volume,0,0,0,0,0,0,20345,14021,-0.184,0,0,28,18,31,30,1
1775348142,30,69,0,0,0,0,no_volume,0,0,0,0,no_volume,0,0,0,0,no_volume,0,0,0,0,0,0,19845,12521,-0.2263,-500,-500,28,17,31,30,1
1775348143,30,69,0,0,0,0,no_volume,0,0,0,0,no_volume,0,0,0,0,no_volume,0,0,0,0,0,0,20036,13021,-0.2122,-309,-309,27,17,31,30,1
1775348144,30,69,0,0,0,0,no_volume,0,0,0,0,no_volume,0,0,0,0,no_volume,0,0,0,0,0,0,20047,14021,-0.1769,-298,-298,27,18,31,30,1
1775348145,30,69,0,0,0,0,no_volume,0,0,0,0,no_volume,0,0,0,0,no_volume,0,0,0,0,0,0,20047,14021,-0.1769,202,-298,27,18,31,30,1
1775348146,30,69,0,0,0,0,no_volume,0,0,0,0,no_volume,0,0,0,0,no_volume,0,0,0,0,0,0,20047,14021,-0.1769,11,-298,27,18,31,30,1
1775348147,30,69,0,0,0,0,no_volume,0,0,0,0,no_volume,0,0,0,0,no_volume,0,0,0,0,0,0,20047,14021,-0.1769,0,-298,27,18,31,30,1
1775348148,30,68,0,0,0,0,no_volume,0,0,0,0,no_volume,0,0,0,0,no_volume,0,0,0,0,0,0,20047,14021,-0.1769,0,-298,26,18,32,30,2
1775348149,30,68,0,0,0,0,no_volume,0,0,0,0,no_volume,0,0,0,0,no_volume,0,0,0,0,0,0,20047,14021,-0.1769,0,-298,26,18,32,30,2
1775348150,30,68,0,0,0,0,no_volume,0,0,0,0,no_volume,0,0,0,0,no_volume,0,0,0,0,0,0,20047,14021,-0.1769,0,-298,26,18,32,30,2
1775348151,30,68,0,0,0,0,no_volume,0,0,0,0,no_volume,0,0,0,0,no_volume,0,0,0,0,0,0,20047,14021,-0.1769,0,-298,26,18,32,30,2
1775348152,30,68,0,0,0,0,no_volume,0,0,0,0,no_volume,0,0,0,0,no_volume,0,0,0,0,0,0,20049,14021,-0.1769,2,204,26,18,32,30,2
1775348153,30,68,0,0,0,0,no_volume,0,0,0,0,no_volume,0,0,0,0,no_volume,0,0,0,0,0,0,20049,14021,-0.1769,2,13,26,18,32,30,2
1775348154,30,69,0,0,0,0,no_volume,0,0,0,0,no_volume,0,0,0,0,no_volume,0,0,0,0,0,0,20050,14021,-0.177,3,3,27,18,31,30,1
1775348155,30,69,0,0,0,0,no_volume,0,0,0,0,no_volume,0,0,0,0,no_volume,0,0,0,0,0,0,20050,14021,-0.177,1,3,27,18,31,30,1
1775348156,30,69,0,0,0,0,no_volume,0,0,0,0,no_volume,0,0,0,0,no_volume,0,0,0,0,0,0,20050,14021,-0.177,1,3,27,18,31,30,1
1775348157,30,69,0,0,0,0,no_volume,0,0,0,0,no_volume,0,0,0,0,no_volume,0,0,0,0,0,0,20050,14021,-0.177,0,3,27,18,31,30,1
1775348158,30,69,0,0,0,0,no_volume,0,0,0,0,no_volume,0,0,0,0,no_volume,0,0,0,0,0,0,20050,14021,-0.177,0,3,27,18,31,30,1
1775348159,30,69,0,0,0,0,no_volume,0,0,0,0,no_volume,0,0,0,0,no_volume,0,0,0,0,0,0,20050,14021,-0.177,0,3,27,18,31,30,1
1775348160,30,69,0,0,0,0,no_volume,0,0,0,0,no_volume,0,0,0,0,no_volume,0,0,0,0,0,0,20050,14021,-0.177,0,3,27,18,31,30,1
1775348161,30,69,0,0,0,0,no_volume,0,0,0,0,no_volume,0,0,0,0,no_volume,0,0,0,0,0,0,20050,14021,-0.177,0,3,27,18,31,30,1
1775348162,30,69,0,0,0,0,no_volume,0,0,0,0,no_volume,0,0,0,0,no_volume,0,0,0,0,0,0,20050,14021,-0.177,0,1,27,18,31,30,1
1775348163,30,69,0,0,0,0,no_volume,0,0,0,0,no_volume,0,0,0,0,no_volume,0,0,0,0,0,0,20050,14021,-0.177,0,1,27,18,31,30,1
1775348164,30,69,0,0,0,0,no_volume,0,0,0,0,no_volume,0,0,0,0,no_volume,0,0,0,0,0,0,20050,14021,-0.177,0,0,27,18,31,30,1
1775348165,30,69,0,0,0,0,no_volume,0,0,0,0,no_volume,0,0,0,0,no_volume,0,0,0,0,0,0,20050,14021,-0.177,0,0,27,18,31,30,1
1775348166,30,69,0,0,0,0,no_volume,0,0,0,0,no_volume,0,0,0,0,no_volume,0,0,0,0,0,0,20050,14021,-0.177,0,0,27,18,31,30,1
1775348167,30,69,0,0,0,0,no_volume,0,0,0,0,no_volume,0,0,0,0,no_volume,0,0,0,0,0,0,20050,14021,-0.177,0,0,27,18,31,30,1
1775348168,30,69,0,0,0,0,no_volume,0,0,0,0,no_volume,0,0,0,0,no_volume,0,0,0,0,0,0,20050,14021,-0.177,0,0,27,18,31,30,1
1775348169,30,69,0,0,0,0,no_volume,0,0,0,0,no_volume,0,0,0,0,no_volume,0,0,0,0,0,0,20050,14021,-0.177,0,0,27,18,31,30,1
1775348170,30,69,0,0,0,0,no_volume,0,0,0,0,no_volume,0,0,0,0,no_volume,0,0,0,0,0,0,20050,14021,-0.177,0,0,27,18,31,30,1
1775348171,30,69,0,0,0,0,no_volume,0,0,0,0,no_volume,0,0,0,0,no_volume,0,0,0,0,0,0,20050,14021,-0.177,0,0,27,18,31,30,1
1775348172,30,69,0,0,0,0,no_volume,0,0,0,0,no_volume,0,0,0,0,no_volume,0,0,0,0,0,0,20050,14021,-0.177,0,0,27,18,31,30,1
1775348173,30,69,0,0,0,0,no_volume,0,0,0,0,no_volume,0,0,0,0,no_volume,0,0,0,0,0,0,20050,14021,-0.177,0,0,27,18,31,30,1
1775348174,30,68,0,0,0,0,low_activity,0,0,0,0,low_activity,0,0,0,0,low_activity,5,0,5,5,0,5,20045,14021,-0.1768,-5,-5,26,18,32,30,2
1775348175,30,68,0,0,0,0,low_activity,0,0,0,0,low_activity,0,0,0,0,low_activity,0,0,0,5,0,5,20045,12016,-0.2504,-5,-5,26,18,32,30,2
1775348176,30,69,0,0,0,0,low_activity,0,0,0,0,low_activity,0,0,0,0,low_activity,0,0,0,5,0,5,20046,12017,-0.2504,-4,-4,27,18,31,30,1
1775348177,30,69,0,0,0,0,no_volume,0,0,0,0,low_activity,0,0,0,0,low_activity,0,0,0,5,0,5,20046,12017,-0.2504,1,-4,27,18,31,30,1
1775348178,30,69,0,0,0,0,no_volume,0,0,0,0,low_activity,0,0,0,0,low_activity,0,0,0,5,0,5,20046,12017,-0.2504,1,-4,27,18,31,30,1
1775348179,30,69,0,0,0,0,no_volume,0,0,0,0,no_volume,0,0,0,0,low_activity,0,0,0,5,0,5,20046,12017,-0.2504,0,-4,27,18,31,30,1
1775348180,30,69,0,0,0,0,no_volume,0,0,0,0,no_volume,0,0,0,0,low_activity,0,0,0,5,0,5,20046,12017,-0.2504,0,-4,27,18,31,30,1
1775348181,30,69,0,0,0,0,no_volume,0,0,0,0,no_volume,0,0,0,0,low_activity,0,0,0,5,0,5,20046,12017,-0.2504,0,-4,27,18,31,30,1
1775348182,30,69,0,0,0,0,no_volume,0,0,0,0,no_volume,0,0,0,0,low_activity,0,0,0,5,0,5,20046,12017,-0.2504,0,-4,27,18,31,30,1
1775348183,30,69,0,0,0,0,no_volume,0,0,0,0,no_volume,0,0,0,0,low_activity,0,0,0,5,0,5,20046,12017,-0.2504,0,-4,27,18,31,30,1
1775348184,30,69,0,0,0,0,no_volume,0,0,0,0,no_volume,0,0,0,0,low_activity,0,0,0,5,0,5,20046,12017,-0.2504,0,1,27,18,31,30,1
1775348185,30,69,0,0,0,0,no_volume,0,0,0,0,no_volume,0,0,0,0,low_activity,0,0,0,5,0,5,19377,11292,-0.2636,-669,-668,27,18,31,30,1
1775348186,30,69,0,0,0,0,no_volume,0,0,0,0,no_volume,0,0,0,0,low_activity,0,0,0,5,0,5,19377,11292,-0.2636,-669,-669,27,18,31,30,1
1775348187,30,68,0,0,0,0,low_activity,0,0,0,0,low_activity,0,0,0,0,low_activity,1,0,1,6,0,6,18858,9292,-0.3398,-1188,-1188,26,16,32,30,2
1775348188,30,68,0,0,0,0,low_activity,0,0,0,0,low_activity,0,0,0,0,low_activity,0,0,0,6,0,6,19358,10292,-0.3058,-19,-688,26,17,32,30,2
1775348189,30,68,0,0,0,0,low_activity,0,0,0,0,low_activity,0,0,0,0,low_activity,0,0,0,6,0,6,19358,11292,-0.2632,-19,-688,26,18,32,30,2
1775348190,30,68,0,0,0,0,no_volume,0,0,0,0,low_activity,0,0,0,0,low_activity,0,0,0,6,0,6,19358,11292,-0.2632,500,-688,26,18,32,30,2
1775348191,30,68,0,0,0,0,no_volume,0,0,0,0,low_activity,0,0,0,0,low_activity,0,0,0,6,0,6,19358,11292,-0.2632,0,-688,26,18,32,30,2
1775348192,30,69,0,0,0,0,no_volume,0,0,0,0,no_volume,0,0,0,0,low_activity,0,0,0,6,0,6,19359,11292,-0.2632,1,-687,27,18,31,30,1
1775348193,30,69,0,0,0,0,no_volume,0,0,0,0,no_volume,0,0,0,0,low_activity,0,0,0,6,0,6,19359,11292,-0.2632,1,-687,27,18,31,30,1
1775348194,30,69,0,0,0,0,no_volume,0,0,0,0,no_volume,0,0,0,0,low_activity,0,0,0,6,0,6,19359,11317,-0.2622,1,-687,27,18,31,30,1
1775348195,30,69,0,0,0,0,no_volume,0,0,0,0,no_volume,0,0,0,0,low_activity,0,0,0,6,0,6,19359,11317,-0.2622,0,-18,27,18,31,30,1
1775348196,30,69,0,0,0,0,no_volume,0,0,0,0,no_volume,0,0,0,0,low_activity,0,0,0,6,0,6,19359,11317,-0.2622,0,-18,27,18,31,30,1
1775348197,30,69,0,0,0,0,no_volume,0,0,0,0,no_volume,0,0,0,0,low_activity,0,0,0,6,0,6,19359,11986,-0.2352,0,501,27,18,31,30,1
1775348198,30,69,0,0,0,0,no_volume,0,0,0,0,no_volume,0,0,0,0,low_activity,0,0,0,6,0,6,19359,11986,-0.2352,0,1,27,18,31,30,1
1775348199,30,69,0,0,0,0,no_volume,0,0,0,0,no_volume,0,0,0,0,low_activity,0,0,0,6,0,6,20028,11986,-0.2512,669,670,27,18,31,30,1
1775348200,30,69,0,0,0,0,no_volume,0,0,0,0,no_volume,0,0,0,0,low_activity,0,0,0,6,0,6,20028,11986,-0.2512,669,670,27,18,31,30,1
1775348201,30,69,0,0,0,0,no_volume,0,0,0,0,no_volume,0,0,0,0,low_activity,0,0,0,6,0,6,20028,11986,-0.2512,669,670,27,18,31,30,1
1775348202,30,69,0,0,0,0,no_volume,0,0,0,0,no_volume,0,0,0,0,low_activity,0,0,0,6,0,6,20028,11986,-0.2512,0,669,27,18,31,30,1
1775348203,30,69,0,0,0,0,no_volume,0,0,0,0,no_volume,0,0,0,0,low_activity,0,0,0,6,0,6,20028,11986,-0.2512,0,669,27,18,31,30,1
1775348204,30,69,0,0,0,0,no_volume,0,0,0,0,no_volume,0,0,0,0,low_activity,0,0,0,6,0,6,20028,11986,-0.2512,0,669,27,18,31,30,1
1775348205,30,69,0,0,0,0,no_volume,0,0,0,0,no_volume,0,0,0,0,low_activity,0,0,0,6,0,6,20028,11986,-0.2512,0,669,27,18,31,30,1
1775348206,30,69,0,0,0,0,no_volume,0,0,0,0,no_volume,0,0,0,0,low_activity,0,0,0,6,0,6,19997,11985,-0.2505,-31,638,25,18,31,30,1
1775348207,30,69,0,0,0,0,no_volume,0,0,0,0,no_volume,0,0,0,0,low_activity,0,0,0,6,0,6,20040,11985,-0.2515,12,681,26,18,31,30,1
1775348208,30,69,0,0,0,0,no_volume,0,0,0,0,no_volume,0,0,0,0,low_activity,0,0,0,6,0,6,20020,11985,-0.2511,-8,661,26,18,31,30,1
1775348209,30,69,0,0,0,0,no_volume,0,0,0,0,no_volume,0,0,0,0,low_activity,0,0,0,6,0,6,20020,11985,-0.2511,23,-8,26,18,31,30,1
1775348210,30,69,0,0,0,0,no_volume,0,0,0,0,no_volume,0,0,0,0,low_activity,0,0,0,6,0,6,20020,11985,-0.2511,-20,-8,26,18,31,30,1
1775348211,30,69,0,0,0,0,no_volume,0,0,0,0,no_volume,0,0,0,0,low_activity,0,0,0,6,0,6,20001,11316,-0.2773,-19,-27,26,18,31,30,1
1775348212,30,69,0,0,0,0,no_volume,0,0,0,0,no_volume,0,0,0,0,low_activity,0,0,0,6,0,6,20001,9316,-0.3645,-19,-27,26,16,31,30,1
1775348213,30,69,0,0,0,0,no_volume,0,0,0,0,no_volume,0,0,0,0,low_activity,0,0,0,6,0,6,20044,10986,-0.2919,24,16,27,17,31,30,1
1775348214,30,69,0,0,0,0,no_volume,0,0,0,0,no_volume,0,0,0,0,low_activity,0,0,0,6,0,6,20044,11486,-0.2714,43,16,27,18,31,30,1
1775348215,30,69,0,0,0,0,no_volume,0,0,0,0,no_volume,0,0,0,0,low_activity,0,0,0,6,0,6,20033,10817,-0.2987,32,5,27,18,31,30,1
1775348216,30,69,0,0,0,0,no_volume,0,0,0,0,no_volume,0,0,0,0,low_activity,0,0,0,6,0,6,20033,11317,-0.278,-11,36,27,18,31,30,1
1775348217,30,69,0,0,0,0,no_volume,0,0,0,0,no_volume,0,0,0,0,no_volume,0,0,0,6,0,6,20033,11317,-0.278,-11,-7,27,18,31,30,1
1775348218,30,69,0,0,0,0,no_volume,0,0,0,0,no_volume,0,0,0,0,no_volume,0,0,0,6,0,6,20033,11317,-0.278,0,13,27,18,31,30,1
1775348219,30,69,0,0,0,0,no_volume,0,0,0,0,no_volume,0,0,0,0,no_volume,0,0,0,6,0,6,19364,12823,-0.2032,-669,-656,27,18,31,30,1
1775348220,30,69,0,0,0,0,no_volume,0,0,0,0,no_volume,0,0,0,0,no_volume,0,0,0,6,0,6,19364,12822,-0.2033,-669,-656,27,18,31,30,1
1775348221,30,69,0,0,0,0,no_volume,0,0,0,0,no_volume,0,0,0,0,no_volume,0,0,0,6,0,6,19364,12822,-0.2033,-669,-637,27,18,31,30,1
1775348222,30,69,0,0,0,0,no_volume,0,0,0,0,no_volume,0,0,0,0,no_volume,0,0,0,6,0,6,19364,12822,-0.2033,0,-637,27,18,31,30,1
1775348223,30,69,0,0,0,0,no_volume,0,0,0,0,no_volume,0,0,0,0,no_volume,0,0,0,6,0,6,19364,12822,-0.2033,0,-680,27,18,31,30,1
1775348224,30,69,0,0,0,0,no_volume,0,0,0,0,no_volume,0,0,0,0,no_volume,0,0,0,6,0,6,19364,12822,-0.2033,0,-680,27,18,31,30,1
1775348225,30,69,0,0,0,0,no_volume,0,0,0,0,no_volume,0,0,0,0,no_volume,0,0,0,6,0,6,19364,12822,-0.2033,0,-669,27,18,31,30,1
1775348226,30,69,0,0,0,0,no_volume,0,0,0,0,no_volume,0,0,0,0,no_volume,0,0,0,6,0,6,19364,12850,-0.2022,0,-669,27,18,31,30,1
1775348227,30,69,0,0,0,0,no_volume,0,0,0,0,no_volume,0,0,0,0,no_volume,0,0,0,6,0,6,21493,13350,-0.2337,2129,1460,27,18,31,30,1
1775348228,30,69,0,0,0,0,no_volume,0,0,0,0,no_volume,0,0,0,0,no_volume,0,0,0,6,0,6,21493,13350,-0.2337,2129,1460,27,18,31,30,1
1775348229,30,69,0,0,0,0,no_volume,0,0,0,0,no_volume,0,0,0,0,no_volume,0,0,0,6,0,6,21493,13350,-0.2337,2129,2129,27,18,31,30,1
1775348230,30,69,0,0,0,0,no_volume,0,0,0,0,no_volume,0,0,0,0,no_volume,0,0,0,6,0,6,21493,13350,-0.2337,0,2129,27,18,31,30,1
1775348231,30,69,0,0,0,0,no_volume,0,0,0,0,no_volume,0,0,0,0,no_volume,0,0,0,6,0,6,21493,13350,-0.2337,0,2129,27,18,31,30,1
1775348232,30,69,0,0,0,0,no_volume,0,0,0,0,no_volume,0,0,0,0,no_volume,0,0,0,6,0,6,21493,13350,-0.2337,0,2129,27,18,31,30,1
1775348233,30,69,0,0,0,0,no_volume,0,0,0,0,no_volume,0,0,0,0,no_volume,0,0,0,6,0,6,21493,12850,-0.2517,0,2129,27,18,31,30,1
1775348234,30,69,0,0,0,0,no_volume,0,0,0,0,no_volume,0,0,0,0,no_volume,0,0,0,1,0,1,21493,13520,-0.2277,0,2129,27,18,31,30,1
1775348235,30,69,0,0,0,0,no_volume,0,0,0,0,no_volume,0,0,0,0,no_volume,0,0,0,1,0,1,21493,13520,-0.2277,0,2129,27,18,31,30,1
1775348236,30,69,0,0,0,0,no_volume,0,0,0,0,no_volume,0,0,0,0,no_volume,0,0,0,1,0,1,21493,13520,-0.2277,0,2129,27,18,31,30,1
1775348237,30,69,0,0,0,0,no_volume,0,0,0,0,no_volume,0,0,0,0,no_volume,0,0,0,1,0,1,21493,13520,-0.2277,0,0,27,18,31,30,1
1775348238,30,69,0,0,0,0,no_volume,0,0,0,0,no_volume,0,0,0,0,no_volume,0,0,0,1,0,1,22192,14020,-0.2257,699,699,27,18,31,30,1
1775348239,30,69,0,0,0,0,no_volume,0,0,0,0,no_volume,0,0,0,0,no_volume,0,0,0,1,0,1,22192,14020,-0.2257,699,699,27,18,31,30,1
1775348240,30,69,0,0,0,0,no_volume,0,0,0,0,no_volume,0,0,0,0,no_volume,0,0,0,1,0,1,22192,14020,-0.2257,699,699,27,18,31,30,1
1775348241,30,69,0,0,0,0,no_volume,0,0,0,0,no_volume,0,0,0,0,no_volume,0,0,0,1,0,1,22192,14020,-0.2257,0,699,27,18,31,30,1
1775348242,30,69,0,0,0,0,no_volume,0,0,0,0,no_volume,0,0,0,0,no_volume,0,0,0,1,0,1,22192,14020,-0.2257,0,699,27,18,31,30,1
1775348243,30,69,0,0,0,0,no_volume,0,0,0,0,no_volume,0,0,0,0,no_volume,0,0,0,1,0,1,22192,14020,-0.2257,0,699,27,18,31,30,1
1775348244,30,69,0,0,0,0,no_volume,0,0,0,0,no_volume,0,0,0,0,no_volume,0,0,0,1,0,1,22422,11489,-0.3224,230,929,28,18,31,30,1
1775348245,30,69,0,0,0,0,no_volume,0,0,0,0,no_volume,0,0,0,0,no_volume,0,0,0,1,0,1,22422,11489,-0.3224,230,929,28,18,31,30,1
1775348246,30,69,0,0,0,0,no_volume,0,0,0,0,no_volume,0,0,0,0,no_volume,0,0,0,1,0,1,21752,11989,-0.2894,-440,259,28,18,31,30,1
1775348247,30,69,0,0,0,0,no_volume,0,0,0,0,no_volume,0,0,0,0,no_volume,0,0,0,0,0,0,22422,11989,-0.3032,0,929,28,18,31,30,1
1775348248,30,69,0,0,0,0,no_volume,0,0,0,0,no_volume,0,0,0,0,no_volume,0,0,0,0,0,0,20273,12208,-0.2483,-2149,-1919,28,16,31,30,1
1775348249,30,69,0,0,0,0,no_volume,0,0,0,0,no_volume,0,0,0,0,no_volume,0,0,0,0,0,0,20273,13208,-0.211,-1479,-1919,28,17,31,30,1
1775348250,30,69,0,0,0,0,no_volume,0,0,0,0,no_volume,0,0,0,0,no_volume,0,0,0,0,0,0,20273,14208,-0.1759,-2149,-1919,28,18,31,30,1
1775348251,30,69,0,0,0,0,no_volume,0,0,0,0,no_volume,0,0,0,0,no_volume,0,0,0,0,0,0,20273,14208,-0.1759,0,-1919,28,18,31,30,1
1775348252,30,69,0,0,0,0,no_volume,0,0,0,0,no_volume,0,0,0,0,no_volume,0,0,0,0,0,0,20273,14208,-0.1759,0,-1919,28,18,31,30,1
1775348253,30,69,0,0,0,0,no_volume,0,0,0,0,no_volume,0,0,0,0,no_volume,0,0,0,0,0,0,20273,14208,-0.1759,0,-1919,28,18,31,30,1
1775348254,30,69,0,0,0,0,no_volume,0,0,0,0,no_volume,0,0,0,0,no_volume,0,0,0,0,0,0,20273,14208,-0.1759,0,-2149,28,18,31,30,1
1775348255,30,69,0,0,0,0,no_volume,0,0,0,0,no_volume,0,0,0,0,no_volume,0,0,0,0,0,0,20273,14180,-0.1768,0,-2149,28,18,31,30,1
1775348256,30,69,0,0,0,0,no_volume,0,0,0,0,no_volume,0,0,0,0,no_volume,0,0,0,0,0,0,19603,13510,-0.184,-670,-2149,28,18,31,30,1
1775348257,30,69,0,0,0,0,no_volume,0,0,0,0,no_volume,0,0,0,0,no_volume,0,0,0,0,0,0,19603,13510,-0.184,-670,-2819,28,18,31,30,1
1775348258,30,69,0,0,0,0,no_volume,0,0,0,0,no_volume,0,0,0,0,no_volume,0,0,0,0,0,0,19603,13510,-0.184,-670,-670,28,18,31,30,1
1775348259,30,69,0,0,0,0,no_volume,0,0,0,0,no_volume,0,0,0,0,no_volume,0,0,0,0,0,0,19603,13510,-0.184,0,-670,28,18,31,30,1
1775348260,30,69,0,0,0,0,no_volume,0,0,0,0,no_volume,0,0,0,0,no_volume,0,0,0,0,0,0,19603,13510,-0.184,0,-670,28,18,31,30,1
1775348261,30,69,0,0,0,0,no_volume,0,0,0,0,no_volume,0,0,0,0,no_volume,0,0,0,0,0,0,19603,13510,-0.184,0,-670,28,18,31,30,1
1775348262,30,69,0,0,0,0,no_volume,0,0,0,0,no_volume,0,0,0,0,no_volume,0,0,0,0,0,0,19580,13510,-0.1834,-23,-693,28,18,31,30,1
1775348263,30,69,0,0,0,0,no_volume,0,0,0,0,no_volume,0,0,0,0,no_volume,0,0,0,0,0,0,19580,13538,-0.1824,-23,-693,28,18,31,30,1
1775348264,30,69,0,0,0,0,no_volume,0,0,0,0,no_volume,0,0,0,0,no_volume,0,0,0,0,0,0,19599,14208,-0.1595,-4,-674,28,18,31,30,1
1775348265,30,69,0,0,0,0,no_volume,0,0,0,0,no_volume,0,0,0,0,no_volume,0,0,0,0,0,0,19599,14208,-0.1595,19,-674,28,18,31,30,1
1775348266,30,69,0,0,0,0,no_volume,0,0,0,0,no_volume,0,0,0,0,no_volume,0,0,0,0,0,0,19599,14208,-0.1595,19,-4,28,18,31,30,1
1775348267,30,69,0,0,0,0,no_volume,0,0,0,0,no_volume,0,0,0,0,no_volume,0,0,0,0,0,0,19599,14208,-0.1595,0,-4,28,18,31,30,1
1775348268,30,69,0,0,0,0,no_volume,0,0,0,0,no_volume,0,0,0,0,no_volume,0,0,0,0,0,0,19599,14208,-0.1595,0,-4,28,18,31,30,1
1775348269,30,69,0,0,0,0,no_volume,0,0,0,0,no_volume,0,0,0,0,no_volume,0,0,0,0,0,0,19599,14208,-0.1595,0,-4,28,18,31,30,1
1775348270,30,69,0,0,0,0,no_volume,0,0,0,0,no_volume,0,0,0,0,no_volume,0,0,0,0,0,0,19599,14208,-0.1595,0,-4,28,18,31,30,1
1775348271,30,69,0,0,0,0,no_volume,0,0,0,0,no_volume,0,0,0,0,no_volume,0,0,0,0,0,0,20269,14208,-0.1758,670,666,28,18,31,30,1
1775348272,30,69,0,0,0,0,no_volume,0,0,0,0,no_volume,0,0,0,0,no_volume,0,0,0,0,0,0,20269,14208,-0.1758,670,689,28,18,31,30,1
1775348273,30,69,0,0,0,0,no_volume,0,0,0,0,no_volume,0,0,0,0,no_volume,0,0,0,0,0,0,20269,14208,-0.1758,670,689,28,18,31,30,1
1775348274,30,69,0,0,0,0,no_volume,0,0,0,0,no_volume,0,0,0,0,no_volume,0,0,0,0,0,0,20269,14208,-0.1758,0,670,28,18,31,30,1
1775348275,30,69,0,0,0,0,no_volume,0,0,0,0,no_volume,0,0,0,0,no_volume,0,0,0,0,0,0,20269,14208,-0.1758,0,670,28,18,31,30,1
1775348276,30,69,0,0,0,0,no_volume,0,0,0,0,no_volume,0,0,0,0,no_volume,0,0,0,0,0,0,20269,14208,-0.1758,0,670,28,18,31,30,1
1775348277,30,69,0,0,0,0,no_volume,0,0,0,0,no_volume,0,0,0,0,no_volume,0,0,0,0,0,0,20269,14208,-0.1758,0,670,28,18,31,30,1
1775348278,30,69,0,0,0,0,no_volume,0,0,0,0,no_volume,0,0,0,0,no_volume,0,0,0,0,0,0,20269,14208,-0.1758,0,670,28,18,31,30,1
1775348279,30,69,0,0,0,0,no_volume,0,0,0,0,no_volume,0,0,0,0,no_volume,0,0,0,0,0,0,20269,14208,-0.1758,0,670,28,18,31,30,1
1775348280,30,69,0,0,0,0,no_volume,0,0,0,0,no_volume,0,0,0,0,no_volume,0,0,0,0,0,0,20289,14208,-0.1763,20,690,28,18,31,30,1
1775348281,30,69,0,0,0,0,no_volume,0,0,0,0,no_volume,0,0,0,0,no_volume,0,0,0,0,0,0,20289,14208,-0.1763,20,20,28,18,31,30,1
1775348282,30,69,0,0,0,0,no_volume,0,0,0,0,no_volume,0,0,0,0,no_volume,0,0,0,0,0,0,20289,14208,-0.1763,20,20,28,18,31,30,1
1775348283,30,69,0,0,0,0,no_volume,0,0,0,0,no_volume,0,0,0,0,no_volume,0,0,0,0,0,0,20289,14208,-0.1763,0,20,28,18,31,30,1
1775348284,30,69,0,0,0,0,no_volume,0,0,0,0,no_volume,0,0,0,0,no_volume,0,0,0,0,0,0,20289,14208,-0.1763,0,20,28,18,31,30,1
1775348285,30,69,0,0,0,0,no_volume,0,0,0,0,no_volume,0,0,0,0,no_volume,0,0,0,0,0,0,20289,14208,-0.1763,0,20,28,18,31,30,1
1775348286,30,69,0,0,0,0,no_volume,0,0,0,0,no_volume,0,0,0,0,no_volume,0,0,0,0,0,0,20289,14208,-0.1763,0,20,28,18,31,30,1
1775348287,30,69,0,0,0,0,no_volume,0,0,0,0,no_volume,0,0,0,0,no_volume,0,0,0,0,0,0,20289,14208,-0.1763,0,20,28,18,31,30,1
1775348288,30,69,0,0,0,0,no_volume,0,0,0,0,no_volume,0,0,0,0,no_volume,0,0,0,0,0,0,20289,14208,-0.1763,0,20,28,18,31,30,1
1775348289,30,69,0,0,0,0,no_volume,0,0,0,0,no_volume,0,0,0,0,no_volume,0,0,0,0,0,0,20289,14208,-0.1763,0,20,28,18,31,30,1
1775348290,30,69,0,0,0,0,no_volume,0,0,0,0,no_volume,0,0,0,0,no_volume,0,0,0,0,0,0,20289,14208,-0.1763,0,0,28,18,31,30,1
1775348291,30,69,0,0,0,0,no_volume,0,0,0,0,no_volume,0,0,0,0,no_volume,0,0,0,0,0,0,20289,14208,-0.1763,0,0,28,18,31,30,1
1775348292,30,69,0,0,0,0,no_volume,0,0,0,0,no_volume,0,0,0,0,no_volume,0,0,0,0,0,0,20289,14208,-0.1763,0,0,28,18,31,30,1
1775348293,30,69,0,0,0,0,no_volume,0,0,0,0,no_volume,0,0,0,0,no_volume,0,0,0,0,0,0,20289,14208,-0.1763,0,0,28,18,31,30,1
1775348294,30,69,0,0,0,0,no_volume,0,0,0,0,no_volume,0,0,0,0,no_volume,0,0,0,0,0,0,20269,14208,-0.1758,-20,-20,28,18,31,30,1
1775348295,30,69,0,0,0,0,no_volume,0,0,0,0,no_volume,0,0,0,0,no_volume,0,0,0,0,0,0,19981,14208,-0.1689,-308,-308,28,18,31,30,1
1775348296,30,69,0,0,0,0,no_volume,0,0,0,0,no_volume,0,0,0,0,no_volume,0,0,0,0,0,0,19981,14208,-0.1689,-308,-308,28,18,31,30,1
1775348297,30,69,0,0,0,0,no_volume,0,0,0,0,no_volume,0,0,0,0,no_volume,0,0,0,0,0,0,19962,14208,-0.1684,-307,-327,28,18,31,30,1
1775348298,30,69,0,0,0,0,no_volume,0,0,0,0,no_volume,0,0,0,0,no_volume,0,0,0,0,0,0,19962,13208,-0.2036,-19,-327,28,17,31,30,1
1775348299,30,69,0,0,0,0,no_volume,0,0,0,0,no_volume,0,0,0,0,no_volume,0,0,0,0,0,0,19962,14208,-0.1684,-19,-327,28,18,31,30,1
1775348300,30,69,0,0,0,0,no_volume,0,0,0,0,no_volume,0,0,0,0,no_volume,0,0,0,0,0,0,19962,14208,-0.1684,0,-327,28,18,31,30,1
1775348301,30,69,0,0,0,0,no_volume,0,0,0,0,no_volume,0,0,0,0,no_volume,0,0,0,0,0,0,19962,14208,-0.1684,0,-327,28,18,31,30,1
1775348302,30,69,0,0,0,0,no_volume,0,0,0,0,no_volume,0,0,0,0,no_volume,0,0,0,0,0,0,19962,14208,-0.1684,0,-327,28,18,31,30,1
1775348303,30,68,0,0,0,0,no_volume,0,0,0,0,no_volume,0,0,0,0,no_volume,0,0,0,0,0,0,19970,14208,-0.1686,8,-319,28,18,32,30,2
1775348304,30,68,0,0,0,0,no_volume,0,0,0,0,no_volume,0,0,0,0,no_volume,0,0,0,0,0,0,19980,14208,-0.1688,18,-289,28,18,32,30,2
1775348305,30,68,0,0,0,0,no_volume,0,0,0,0,no_volume,0,0,0,0,no_volume,0,0,0,0,0,0,19980,12007,-0.2493,18,-1,28,18,32,30,2
1775348306,30,68,0,0,0,0,no_volume,0,0,0,0,no_volume,0,0,0,0,no_volume,0,0,0,0,0,0,19980,11999,-0.2496,10,-1,28,18,32,30,2
1775348307,31,68,0,0,0,0,no_volume,0,0,0,0,no_volume,0,0,0,0,no_volume,0,0,0,0,0,0,19980,14262,-0.167,0,18,28,20,32,31,1
1775348308,31,68,0,0,0,0,no_volume,0,0,0,0,no_volume,0,0,0,0,no_volume,0,0,0,0,0,0,19980,14044,-0.1745,0,18,28,18,32,31,1
1775348309,31,68,0,0,0,0,no_volume,0,0,0,0,no_volume,0,0,0,0,no_volume,0,0,0,0,0,0,19980,14044,-0.1745,0,18,28,18,32,31,1
1775348310,31,68,0,0,0,0,no_volume,0,0,0,0,no_volume,0,0,0,0,no_volume,0,0,0,0,0,0,19980,14044,-0.1745,0,18,28,18,32,31,1
1775348311,31,68,0,0,0,0,no_volume,0,0,0,0,no_volume,0,0,0,0,no_volume,0,0,0,0,0,0,19980,14044,-0.1745,0,18,28,18,32,31,1
1775348312,31,68,0,0,0,0,no_volume,0,0,0,0,no_volume,0,0,0,0,no_volume,0,0,0,0,0,0,19980,14070,-0.1736,0,18,28,18,32,31,1
1775348313,31,68,0,0,0,0,no_volume,0,0,0,0,no_volume,0,0,0,0,no_volume,0,0,0,0,0,0,19980,14070,-0.1736,0,10,28,18,32,31,1
1775348314,31,68,0,0,0,0,no_volume,0,0,0,0,no_volume,0,0,0,0,no_volume,0,0,0,0,0,0,19980,14070,-0.1736,0,0,28,18,32,31,1
1775348315,31,68,0,0,0,0,no_volume,0,0,0,0,no_volume,0,0,0,0,no_volume,0,0,0,0,0,0,19980,14070,-0.1736,0,0,28,18,32,31,1
1775348316,31,68,0,0,0,0,no_volume,0,0,0,0,no_volume,0,0,0,0,no_volume,0,0,0,0,0,0,19980,14070,-0.1736,0,0,28,18,32,31,1
1775348317,31,68,0,0,0,0,no_volume,0,0,0,0,no_volume,0,0,0,0,no_volume,0,0,0,0,0,0,19980,14070,-0.1736,0,0,28,18,32,31,1
1775348318,31,68,0,0,0,0,no_volume,0,0,0,0,no_volume,0,0,0,0,no_volume,0,0,0,0,0,0,19980,14070,-0.1736,0,0,28,18,32,31,1
1775348319,31,68,0,0,0,0,no_volume,0,0,0,0,no_volume,0,0,0,0,no_volume,0,0,0,0,0,0,19980,14070,-0.1736,0,0,28,18,32,31,1
1775348320,31,68,0,0,0,0,no_volume,0,0,0,0,no_volume,0,0,0,0,no_volume,0,0,0,0,0,0,19980,14070,-0.1736,0,0,28,18,32,31,1
1775348321,31,68,0,0,0,0,no_volume,0,0,0,0,no_volume,0,0,0,0,no_volume,0,0,0,0,0,0,19980,14070,-0.1736,0,0,28,18,32,31,1
1775348322,31,68,0,0,0,0,no_volume,0,0,0,0,no_volume,0,0,0,0,no_volume,0,0,0,0,0,0,19980,14070,-0.1736,0,0,28,18,32,31,1
1775348323,31,68,0,0,0,0,no_volume,0,0,0,0,no_volume,0,0,0,0,no_volume,0,0,0,0,0,0,19980,14070,-0.1736,0,0,28,18,32,31,1
1775348324,31,68,0,0,0,0,no_volume,0,0,0,0,no_volume,0,0,0,0,no_volume,0,0,0,0,0,0,19980,14070,-0.1736,0,0,28,18,32,31,1
1775348325,31,68,0,0,0,0,no_volume,0,0,0,0,no_volume,0,0,0,0,no_volume,0,0,0,0,0,0,19980,14070,-0.1736,0,0,28,18,32,31,1
1775348326,31,68,0,0,0,0,no_volume,0,0,0,0,no_volume,0,0,0,0,no_volume,0,0,0,0,0,0,19980,14070,-0.1736,0,0,28,18,32,31,1
1775348327,31,68,0,0,0,0,no_volume,0,0,0,0,no_volume,0,0,0,0,no_volume,0,0,0,0,0,0,19980,14070,-0.1736,0,0,28,18,32,31,1
1775348328,31,68,0,0,0,0,no_volume,0,0,0,0,no_volume,0,0,0,0,no_volume,0,0,0,0,0,0,19980,14070,-0.1736,0,0,28,18,32,31,1
1775348329,31,68,0,0,0,0,no_volume,0,0,0,0,no_volume,0,0,0,0,no_volume,0,0,0,0,0,0,19980,14070,-0.1736,0,0,28,18,32,31,1
1775348330,31,68,0,0,0,0,no_volume,0,0,0,0,no_volume,0,0,0,0,no_volume,0,0,0,0,0,0,19980,11987,-0.25,0,0,28,18,32,31,1
1775348331,31,68,0,0,0,0,no_volume,0,0,0,0,no_volume,0,0,0,0,no_volume,0,0,0,0,0,0,19980,11988,-0.25,0,0,28,18,32,31,1
1775348332,31,68,0,0,0,0,no_volume,0,0,0,0,no_volume,0,0,0,0,no_volume,0,0,0,0,0,0,19194,11988,-0.2311,-786,-786,27,18,32,31,1
1775348333,31,68,0,0,0,0,no_volume,0,0,0,0,no_volume,0,0,0,0,no_volume,0,0,0,0,0,0,19194,11988,-0.2311,-786,-786,27,18,32,31,1
1775348334,31,68,0,0,0,0,no_volume,0,0,0,0,no_volume,0,0,0,0,no_volume,0,0,0,0,0,0,19694,11988,-0.2432,-286,-286,27,18,32,31,1
1775348335,31,67,0,0,0,0,low_activity,0,0,0,0,low_activity,0,0,0,0,low_activity,8,0,8,8,0,8,19686,11988,-0.243,492,-294,26,18,33,31,2
1775348336,31,67,0,0,0,0,low_activity,0,0,0,0,low_activity,0,0,0,0,low_activity,0,0,0,8,0,8,19686,12015,-0.242,492,-294,26,18,33,31,2
1775348337,31,67,0,0,0,0,low_activity,0,0,0,0,low_activity,0,0,0,0,low_activity,0,0,0,8,0,8,19686,12015,-0.242,-8,-294,26,18,33,31,2
1775348338,31,67,0,0,0,0,no_volume,0,0,0,0,low_activity,0,0,0,0,low_activity,0,0,0,8,0,8,19686,12015,-0.242,0,-294,26,18,33,31,2
1775348339,31,67,0,0,0,0,no_volume,0,0,0,0,low_activity,0,0,0,0,low_activity,0,0,0,8,0,8,15207,5786,-0.4488,-4479,-4773,25,16,33,31,2
1775348340,31,67,0,0,0,0,no_volume,0,0,0,0,no_volume,0,0,0,0,low_activity,0,0,0,8,0,8,16582,9595,-0.2669,-3104,-3398,24,17,33,31,2
1775348341,31,67,0,0,0,0,no_volume,0,0,0,0,no_volume,0,0,0,0,low_activity,0,0,0,8,0,8,17582,10595,-0.248,-2104,-2398,25,18,33,31,2
1775348342,31,67,0,0,0,0,no_volume,0,0,0,0,no_volume,0,0,0,0,low_activity,0,0,0,8,0,8,19254,11595,-0.2483,4047,60,26,19,33,31,2
1775348343,31,67,0,0,0,0,no_volume,0,0,0,0,no_volume,0,0,0,0,low_activity,0,0,0,8,0,8,12603,5213,-0.4148,-3979,-6591,24,16,33,31,2
1775348344,30,68,0,0,0,0,no_volume,0,0,0,0,no_volume,0,0,0,0,low_activity,0,0,0,8,0,8,12935,5200,-0.4265,-4647,-6759,24,15,32,30,2
1775348345,30,68,0,0,0,0,no_volume,0,0,0,0,no_volume,0,0,0,0,low_activity,0,0,0,8,0,8,17515,9679,-0.2882,-1739,-2171,23,16,32,30,2
1775348346,30,68,0,0,0,0,no_volume,0,0,0,0,no_volume,0,0,0,0,low_activity,0,0,0,8,0,8,18515,10279,-0.286,5912,-1171,24,16,32,30,2
1775348347,30,68,0,0,0,0,no_volume,0,0,0,0,no_volume,0,0,0,0,low_activity,0,0,0,8,0,8,19583,11322,-0.2673,6648,-103,27,17,32,30,2
1775348348,30,68,0,0,0,0,no_volume,0,0,0,0,no_volume,0,0,0,0,low_activity,0,0,0,8,0,8,19583,11322,-0.2673,2068,-103,28,17,32,30,2
1775348349,30,68,0,0,0,0,no_volume,0,0,0,0,no_volume,0,0,0,0,low_activity,0,0,0,8,0,8,19583,11322,-0.2673,1068,4376,28,17,32,30,2
1775348350,30,68,0,0,0,0,no_volume,0,0,0,0,no_volume,0,0,0,0,low_activity,0,0,0,8,0,8,19583,11322,-0.2673,0,3001,28,17,32,30,2
1775348351,30,68,0,0,0,0,no_volume,0,0,0,0,no_volume,0,0,0,0,low_activity,0,0,0,8,0,8,19583,11322,-0.2673,0,2001,28,17,32,30,2
1775348352,30,68,0,0,0,0,no_volume,0,0,0,0,no_volume,0,0,0,0,low_activity,0,0,0,8,0,8,13094,5243,-0.4282,-6489,-6160,25,16,32,30,2
1775348353,30,68,0,0,0,0,no_volume,0,0,0,0,no_volume,0,0,0,0,low_activity,0,0,0,8,0,8,14094,5237,-0.4582,-5489,1491,26,17,32,30,2
1775348354,30,68,0,0,0,0,no_volume,0,0,0,0,no_volume,0,0,0,0,low_activity,0,0,0,8,0,8,18530,6779,-0.4643,-1053,5595,26,13,32,30,2
1775348355,30,68,0,0,0,0,no_volume,0,0,0,0,no_volume,0,0,0,0,low_activity,0,0,0,8,0,8,18029,7179,-0.4304,4935,514,26,15,32,30,2
1775348356,30,68,0,0,0,0,no_volume,0,0,0,0,no_volume,0,0,0,0,low_activity,0,0,0,8,0,8,13550,4950,-0.4649,-544,-4965,25,15,32,30,2
1775348357,28,68,0,0,0,0,no_volume,0,0,0,0,no_volume,0,0,0,0,low_activity,0,0,0,8,0,8,15094,5077,-0.4966,-3436,-4489,26,16,32,28,4
1775348358,28,68,0,0,0,0,no_volume,0,0,0,0,no_volume,0,0,0,0,low_activity,0,0,0,8,0,8,15094,4927,-0.5078,-2935,-4489,26,15,32,28,4
1775348359,28,68,0,0,0,0,no_volume,0,0,0,0,no_volume,0,0,0,0,low_activity,0,0,0,8,0,8,15094,4927,-0.5078,1544,-4489,26,15,32,28,4
1775348360,28,68,0,0,0,0,no_volume,0,0,0,0,no_volume,0,0,0,0,low_activity,0,0,0,8,0,8,14568,4951,-0.4927,-526,-5015,25,15,32,28,4
1775348361,28,68,0,0,0,0,no_volume,0,0,0,0,no_volume,0,0,0,0,low_activity,0,0,0,8,0,8,14618,4926,-0.4959,-476,-4965,27,14,32,28,4
1775348362,28,68,0,0,0,0,no_volume,0,0,0,0,no_volume,0,0,0,0,low_activity,0,0,0,8,0,8,14638,4926,-0.4964,-456,1544,27,14,32,28,4
1775348363,29,68,0,0,0,0,no_volume,0,0,0,0,no_volume,0,0,0,0,low_activity,0,0,0,8,0,8,15110,4946,-0.5068,542,1016,26,14,32,29,3
1775348364,29,68,0,0,0,0,no_volume,0,0,0,0,no_volume,0,0,0,0,low_activity,0,0,0,8,0,8,15120,4946,-0.507,502,-3410,26,14,32,29,3
1775348365,29,69,0,0,0,0,no_volume,0,0,0,0,no_volume,0,0,0,0,no_volume,0,0,0,8,0,8,14607,5069,-0.4848,-31,-3422,26,14,31,29,2
1775348366,29,68,0,0,0,0,no_volume,0,0,0,0,no_volume,0,0,0,0,no_volume,0,0,0,8,0,8,19037,9768,-0.3218,3927,5487,25,14,32,29,3
1775348367,29,68,0,0,0,0,no_volume,0,0,0,0,no_volume,0,0,0,0,no_volume,0,0,0,8,0,8,14601,5076,-0.4841,-519,-493,26,14,32,29,3
1775348368,29,68,0,0,0,0,no_volume,0,0,0,0,no_volume,0,0,0,0,no_volume,0,0,0,8,0,8,14601,4926,-0.4955,-6,-493,26,14,32,29,3
1775348369,29,68,0,0,0,0,no_volume,0,0,0,0,no_volume,0,0,0,0,no_volume,0,0,0,8,0,8,14601,4926,-0.4955,-4436,-493,25,14,32,29,3
1775348370,29,68,0,0,0,0,no_volume,0,0,0,0,no_volume,0,0,0,0,no_volume,0,0,0,8,0,8,15101,4926,-0.5081,500,533,25,15,32,29,3
1775348371,29,68,0,0,0,0,no_volume,0,0,0,0,no_volume,0,0,0,0,no_volume,0,0,0,8,0,8,15101,5076,-0.4969,500,483,25,16,32,29,3
1775348372,29,68,0,0,0,0,no_volume,0,0,0,0,no_volume,0,0,0,0,no_volume,0,0,0,8,0,8,15101,5076,-0.4969,500,463,25,16,32,29,3
1775348373,29,69,0,0,0,0,no_volume,0,0,0,0,no_volume,0,0,0,0,no_volume,0,0,0,8,0,8,15140,5058,-0.4992,39,30,26,16,31,29,2
1775348374,29,69,0,0,0,0,no_volume,0,0,0,0,no_volume,0,0,0,0,no_volume,0,0,0,8,0,8,15147,5058,-0.4993,46,27,25,16,31,29,2
1775348375,29,69,0,0,0,0,no_volume,0,0,0,0,no_volume,0,0,0,0,no_volume,0,0,0,8,0,8,15147,4908,-0.5105,46,540,25,15,31,29,2
1775348376,29,69,0,0,0,0,no_volume,0,0,0,0,no_volume,0,0,0,0,no_volume,0,0,0,8,0,8,15147,4908,-0.5105,7,-3890,25,15,31,29,2
1775348377,29,69,0,0,0,0,no_volume,0,0,0,0,no_volume,0,0,0,0,no_volume,0,0,0,8,0,8,15147,5308,-0.481,0,546,25,16,31,29,2
1775348378,29,69,0,0,0,0,no_volume,0,0,0,0,no_volume,0,0,0,0,no_volume,0,0,0,8,0,8,15147,5058,-0.4993,0,546,25,16,31,29,2
1775348379,29,69,0,0,0,0,no_volume,0,0,0,0,no_volume,0,0,0,0,no_volume,0,0,0,8,0,8,15157,5328,-0.4798,10,556,25,16,31,29,2
1775348380,29,69,0,0,0,0,no_volume,0,0,0,0,no_volume,0,0,0,0,no_volume,0,0,0,8,0,8,15157,5284,-0.483,10,56,25,15,31,29,2
1775348381,29,69,0,0,0,0,no_volume,0,0,0,0,no_volume,0,0,0,0,no_volume,0,0,0,8,0,8,15157,5265,-0.4844,10,56,25,14,31,29,2
1775348382,29,69,0,0,0,0,no_volume,0,0,0,0,no_volume,0,0,0,0,no_volume,0,0,0,8,0,8,18611,10162,-0.2936,3454,3510,26,15,31,29,2
1775348383,30,69,0,0,0,0,no_volume,0,0,0,0,no_volume,0,0,0,0,no_volume,0,0,0,8,0,8,19936,10727,-0.3003,4779,4796,27,17,31,30,1
1775348384,31,68,0,0,0,0,no_volume,0,0,0,0,no_volume,0,0,0,0,no_volume,0,0,0,8,0,8,20004,11769,-0.2592,4847,4857,27,18,32,31,1
1775348385,31,68,0,0,0,0,no_volume,0,0,0,0,no_volume,0,0,0,0,no_volume,0,0,0,8,0,8,19894,13456,-0.193,1283,4747,28,18,32,31,1
1775348386,31,68,0,0,0,0,no_volume,0,0,0,0,no_volume,0,0,0,0,no_volume,0,0,0,8,0,8,19894,13456,-0.193,-42,4747,28,18,32,31,1
1775348387,31,68,0,0,0,0,no_volume,0,0,0,0,no_volume,0,0,0,0,no_volume,0,0,0,8,0,8,19894,14137,-0.1692,-110,4747,28,18,32,31,1
1775348388,31,68,0,0,0,0,no_volume,0,0,0,0,no_volume,0,0,0,0,no_volume,0,0,0,8,0,8,19894,14137,-0.1692,0,4747,28,18,32,31,1
1775348389,31,68,0,0,0,0,no_volume,0,0,0,0,no_volume,0,0,0,0,no_volume,0,0,0,8,0,8,19604,14137,-0.162,-290,4447,28,18,32,31,1
1775348390,31,68,0,0,0,0,no_volume,0,0,0,0,no_volume,0,0,0,0,no_volume,0,0,0,8,0,8,19604,14113,-0.1629,-290,4447,28,18,32,31,1
1775348391,31,68,0,0,0,0,no_volume,0,0,0,0,no_volume,0,0,0,0,no_volume,0,0,0,8,0,8,19604,13432,-0.1868,-290,4447,28,18,32,31,1
1775348392,31,68,0,0,0,0,no_volume,0,0,0,0,no_volume,0,0,0,0,no_volume,0,0,0,8,0,8,19604,13432,-0.1868,0,993,28,18,32,31,1
1775348393,31,67,0,0,0,0,no_volume,0,0,0,0,no_volume,0,0,0,0,no_volume,0,0,0,8,0,8,19604,13432,-0.1868,0,-332,27,18,33,31,2
1775348394,31,67,0,0,0,0,no_volume,0,0,0,0,no_volume,0,0,0,0,no_volume,0,0,0,8,0,8,19604,13432,-0.1868,0,-400,27,18,33,31,2
1775348395,31,67,0,0,0,0,no_volume,0,0,0,0,no_volume,0,0,0,0,no_volume,0,0,0,0,0,0,19604,13460,-0.1858,0,-290,27,18,33,31,2
1775348396,31,67,0,0,0,0,no_volume,0,0,0,0,no_volume,0,0,0,0,no_volume,0,0,0,0,0,0,19604,13460,-0.1858,0,-290,27,18,33,31,2
1775348397,31,67,0,0,0,0,no_volume,0,0,0,0,no_volume,0,0,0,0,no_volume,0,0,0,0,0,0,19604,13460,-0.1858,0,-290,27,18,33,31,2
1775348398,31,67,0,0,0,0,no_volume,0,0,0,0,no_volume,0,0,0,0,no_volume,0,0,0,0,0,0,19604,13460,-0.1858,0,-290,27,18,33,31,2
1775348399,31,67,0,0,0,0,no_volume,0,0,0,0,no_volume,0,0,0,0,no_volume,0,0,0,0,0,0,20285,13460,-0.2023,681,681,27,18,33,31,2
1775348400,31,67,0,0,0,0,no_volume,0,0,0,0,no_volume,0,0,0,0,no_volume,0,0,0,0,0,0,20285,14141,-0.1785,681,681,27,18,33,31,2
1775348401,31,67,0,0,0,0,no_volume,0,0,0,0,no_volume,0,0,0,0,no_volume,0,0,0,0,0,0,20285,14141,-0.1785,681,681,27,18,33,31,2
1775348402,31,67,0,0,0,0,no_volume,0,0,0,0,no_volume,0,0,0,0,no_volume,0,0,0,0,0,0,20285,14141,-0.1785,0,681,27,18,33,31,2
1775348403,31,67,0,0,0,0,no_volume,0,0,0,0,no_volume,0,0,0,0,no_volume,0,0,0,0,0,0,20285,14141,-0.1785,0,681,27,18,33,31,2
1775348404,31,67,0,0,0,0,no_volume,0,0,0,0,no_volume,0,0,0,0,no_volume,0,0,0,0,0,0,20285,14141,-0.1785,0,681,27,18,33,31,2
1775348405,31,67,0,0,0,0,no_volume,0,0,0,0,no_volume,0,0,0,0,no_volume,0,0,0,0,0,0,20285,14141,-0.1785,0,681,27,18,33,31,2
1775348406,31,67,0,0,0,0,no_volume,0,0,0,0,no_volume,0,0,0,0,no_volume,0,0,0,0,0,0,20285,14141,-0.1785,0,681,27,18,33,31,2
1775348407,31,67,0,0,0,0,no_volume,0,0,0,0,no_volume,0,0,0,0,no_volume,0,0,0,0,0,0,18285,12641,-0.1825,-2000,-1319,25,17,33,31,2
1775348408,31,67,0,0,0,0,no_volume,0,0,0,0,no_volume,0,0,0,0,no_volume,0,0,0,0,0,0,19285,13141,-0.1895,-1000,-319,26,17,33,31,2
1775348409,31,67,0,0,0,0,no_volume,0,0,0,0,no_volume,0,0,0,0,no_volume,0,0,0,0,0,0,20285,14141,-0.1785,0,0,27,18,33,31,2
1775348410,31,67,0,0,0,0,no_volume,0,0,0,0,no_volume,0,0,0,0,no_volume,0,0,0,0,0,0,21779,14141,-0.2126,3494,1494,27,18,33,31,2
1775348411,31,67,0,0,0,0,no_volume,0,0,0,0,no_volume,0,0,0,0,no_volume,0,0,0,0,0,0,22479,14141,-0.2277,3194,2194,28,18,33,31,2
1775348412,31,67,0,0,0,0,no_volume,0,0,0,0,no_volume,0,0,0,0,no_volume,0,0,0,0,0,0,22473,14141,-0.2276,2188,2188,27,18,33,31,2
1775348413,31,67,0,0,0,0,no_volume,0,0,0,0,no_volume,0,0,0,0,no_volume,0,0,0,0,0,0,22461,14141,-0.2273,682,2176,27,18,33,31,2
1775348414,31,67,0,0,0,0,no_volume,0,0,0,0,no_volume,0,0,0,0,no_volume,0,0,0,0,0,0,22461,14141,-0.2273,-18,2176,27,18,33,31,2
1775348415,31,67,0,0,0,0,no_volume,0,0,0,0,no_volume,0,0,0,0,no_volume,0,0,0,0,0,0,22461,14141,-0.2273,-12,2176,27,18,33,31,2
1775348416,31,67,0,0,0,0,no_volume,0,0,0,0,no_volume,0,0,0,0,no_volume,0,0,0,0,0,0,22461,14141,-0.2273,0,2176,27,18,33,31,2
1775348417,31,67,0,0,0,0,no_volume,0,0,0,0,no_volume,0,0,0,0,no_volume,0,0,0,0,0,0,22461,14141,-0.2273,0,4176,27,18,33,31,2
1775348418,31,67,0,0,0,0,no_volume,0,0,0,0,no_volume,0,0,0,0,no_volume,0,0,0,0,0,0,22461,14141,-0.2273,0,3176,27,18,33,31,2
1775348419,31,67,0,0,0,0,no_volume,0,0,0,0,no_volume,0,0,0,0,no_volume,0,0,0,0,0,0,22479,14141,-0.2277,18,2194,28,18,33,31,2
1775348420,31,67,0,0,0,0,no_volume,0,0,0,0,no_volume,0,0,0,0,no_volume,0,0,0,0,0,0,22479,14141,-0.2277,18,700,28,18,33,31,2
1775348421,31,67,0,0,0,0,no_volume,0,0,0,0,no_volume,0,0,0,0,no_volume,0,0,0,0,0,0,22479,14141,-0.2277,18,0,28,18,33,31,2
1775348422,31,67,0,0,0,0,no_volume,0,0,0,0,no_volume,0,0,0,0,no_volume,0,0,0,0,0,0,22479,14141,-0.2277,0,6,28,18,33,31,2
1775348423,31,67,0,0,0,0,no_volume,0,0,0,0,no_volume,0,0,0,0,no_volume,0,0,0,0,0,0,22479,14141,-0.2277,0,18,28,18,33,31,2
1775348424,32,67,0,0,0,0,no_volume,0,0,0,0,no_volume,0,0,0,0,no_volume,0,0,0,0,0,0,22479,16172,-0.1632,0,18,28,19,33,32,1
1775348425,32,67,0,0,0,0,no_volume,0,0,0,0,no_volume,0,0,0,0,no_volume,0,0,0,0,0,0,20367,16171,-0.1148,-2112,-2094,28,18,33,32,1
1775348426,32,67,0,0,0,0,no_volume,0,0,0,0,no_volume,0,0,0,0,no_volume,0,0,0,0,0,0,20673,16171,-0.1222,-1806,-1788,28,18,33,32,1
1775348427,32,67,0,0,0,0,no_volume,0,0,0,0,no_volume,0,0,0,0,no_volume,0,0,0,0,0,0,20673,16171,-0.1222,-1806,-1788,28,18,33,32,1
1775348428,32,67,0,0,0,0,no_volume,0,0,0,0,no_volume,0,0,0,0,no_volume,0,0,0,0,0,0,20673,16171,-0.1222,306,-1788,28,18,33,32,1
1775348429,32,67,0,0,0,0,no_volume,0,0,0,0,no_volume,0,0,0,0,no_volume,0,0,0,0,0,0,20673,16171,-0.1222,0,-1806,28,18,33,32,1
1775348430,32,67,0,0,0,0,no_volume,0,0,0,0,no_volume,0,0,0,0,no_volume,0,0,0,0,0,0,20673,16171,-0.1222,0,-1806,28,18,33,32,1
1775348431,32,67,0,0,0,0,no_volume,0,0,0,0,no_volume,0,0,0,0,no_volume,0,0,0,0,0,0,20673,16171,-0.1222,0,-1806,28,18,33,32,1
1775348432,32,67,0,0,0,0,no_volume,0,0,0,0,no_volume,0,0,0,0,no_volume,0,0,0,0,0,0,22697,11999,-0.3083,2024,218,28,18,33,32,1
1775348433,32,67,0,0,0,0,no_volume,0,0,0,0,no_volume,0,0,0,0,no_volume,0,0,0,0,0,0,22397,11999,-0.3023,1724,-82,28,18,33,32,1
1775348434,32,67,0,0,0,0,no_volume,0,0,0,0,no_volume,0,0,0,0,no_volume,0,0,0,0,0,0,22397,12008,-0.302,1724,-82,28,18,33,32,1
1775348435,32,67,0,0,0,0,no_volume,0,0,0,0,no_volume,0,0,0,0,no_volume,0,0,0,0,0,0,22397,12008,-0.302,-300,2030,28,18,33,32,1
1775348436,31,67,0,0,0,0,no_volume,0,0,0,0,no_volume,0,0,0,0,no_volume,0,0,0,0,0,0,15355,6452,-0.4083,-7042,-5318,24,17,33,31,2
1775348437,31,67,0,0,0,0,no_volume,0,0,0,0,no_volume,0,0,0,0,no_volume,0,0,0,0,0,0,15941,5905,-0.4594,-6456,-4732,25,17,33,31,2
1775348438,31,67,0,0,0,0,no_volume,0,0,0,0,no_volume,0,0,0,0,no_volume,0,0,0,0,0,0,15941,5905,-0.4594,-6456,-4732,25,17,33,31,2
1775348439,31,67,0,0,0,0,no_volume,0,0,0,0,no_volume,0,0,0,0,no_volume,0,0,0,0,0,0,13417,5905,-0.3888,-1938,-7256,25,17,33,31,2
1775348440,31,67,0,0,0,0,no_volume,0,0,0,0,no_volume,0,0,0,0,no_volume,0,0,0,0,0,0,13917,5905,-0.4042,-2024,-6756,25,17,33,31,2
1775348441,31,67,0,0,0,0,no_volume,0,0,0,0,no_volume,0,0,0,0,no_volume,0,0,0,0,0,0,14417,5913,-0.4183,-1524,-6256,26,17,33,31,2
1775348442,31,67,0,0,0,0,no_volume,0,0,0,0,no_volume,0,0,0,0,no_volume,0,0,0,0,0,0,14417,5913,-0.4183,1000,-8280,26,17,33,31,2
1775348443,31,67,0,0,0,0,no_volume,0,0,0,0,no_volume,0,0,0,0,no_volume,0,0,0,0,0,0,14417,5885,-0.4203,500,-7980,26,17,33,31,2
1775348444,31,67,0,0,0,0,no_volume,0,0,0,0,no_volume,0,0,0,0,no_volume,0,0,0,0,0,0,13045,5256,-0.4256,-1372,-9352,25,16,33,31,2
1775348445,31,67,0,0,0,0,no_volume,0,0,0,0,no_volume,0,0,0,0,no_volume,0,0,0,0,0,0,13045,5256,-0.4256,-1372,-9352,25,16,33,31,2
1775348446,31,67,0,0,0,0,no_volume,0,0,0,0,no_volume,0,0,0,0,no_volume,0,0,0,0,0,0,13045,5256,-0.4256,-1372,-2310,25,16,33,31,2
1775348447,32,67,0,0,0,0,no_volume,0,0,0,0,no_volume,0,0,0,0,no_volume,0,0,0,0,0,0,17524,11426,-0.2106,4479,1583,26,16,33,32,1
1775348448,32,67,0,0,0,0,no_volume,0,0,0,0,no_volume,0,0,0,0,no_volume,0,0,0,0,0,0,17514,11435,-0.21,4469,1573,26,16,33,32,1
1775348449,32,67,0,0,0,0,no_volume,0,0,0,0,no_volume,0,0,0,0,no_volume,0,0,0,0,0,0,18014,11435,-0.2234,4969,4597,26,16,33,32,1
1775348450,32,67,0,0,0,0,no_volume,0,0,0,0,no_volume,0,0,0,0,no_volume,0,0,0,0,0,0,19014,11435,-0.2489,1490,5097,27,16,33,32,1
1775348451,32,67,0,0,0,0,no_volume,0,0,0,0,no_volume,0,0,0,0,no_volume,0,0,0,0,0,0,12535,6956,-0.2862,-4979,-1882,24,15,33,32,1
1775348452,32,67,0,0,0,0,no_volume,0,0,0,0,no_volume,0,0,0,0,no_volume,0,0,0,0,0,0,17014,11435,-0.1961,-1000,2597,25,16,33,32,1
1775348453,32,67,0,0,0,0,no_volume,0,0,0,0,no_volume,0,0,0,0,no_volume,0,0,0,0,0,0,19014,12435,-0.2092,0,4597,27,17,33,32,1
1775348454,32,67,0,0,0,0,no_volume,0,0,0,0,no_volume,0,0,0,0,no_volume,0,0,0,0,0,0,20014,13435,-0.1967,7479,6969,28,18,33,32,1
1775348455,32,67,0,0,0,0,no_volume,0,0,0,0,no_volume,0,0,0,0,no_volume,0,0,0,0,0,0,20014,13435,-0.1967,3000,6969,28,18,33,32,1
1775348456,32,67,0,0,0,0,no_volume,0,0,0,0,no_volume,0,0,0,0,no_volume,0,0,0,0,0,0,20014,13435,-0.1967,1000,6969,28,18,33,32,1
1775348457,32,67,0,0,0,0,no_volume,0,0,0,0,no_volume,0,0,0,0,no_volume,0,0,0,0,0,0,20014,13435,-0.1967,0,2490,28,18,33,32,1
1775348458,32,67,0,0,0,0,no_volume,0,0,0,0,no_volume,0,0,0,0,no_volume,0,0,0,0,0,0,20014,13435,-0.1967,0,2500,28,18,33,32,1
1775348459,32,67,0,0,0,0,no_volume,0,0,0,0,no_volume,0,0,0,0,no_volume,0,0,0,0,0,0,20014,13461,-0.1958,0,2000,28,18,33,32,1
1775348460,32,67,0,0,0,0,no_volume,0,0,0,0,no_volume,0,0,0,0,no_volume,0,0,0,0,0,0,20014,13461,-0.1958,0,1000,28,18,33,32,1
1775348461,32,67,0,0,0,0,no_volume,0,0,0,0,no_volume,0,0,0,0,no_volume,0,0,0,0,0,0,20727,13472,-0.2121,713,8192,28,18,33,32,1
1775348462,32,67,0,0,0,0,no_volume,0,0,0,0,no_volume,0,0,0,0,no_volume,0,0,0,0,0,0,20727,14184,-0.1874,713,3713,28,18,33,32,1
1775348463,32,67,0,0,0,0,no_volume,0,0,0,0,no_volume,0,0,0,0,no_volume,0,0,0,0,0,0,20727,14184,-0.1874,713,1713,28,18,33,32,1
1775348464,32,67,0,0,0,0,no_volume,0,0,0,0,no_volume,0,0,0,0,no_volume,0,0,0,0,0,0,20727,14184,-0.1874,0,713,28,18,33,32,1
1775348465,32,67,0,0,0,0,no_volume,0,0,0,0,no_volume,0,0,0,0,no_volume,0,0,0,0,0,0,20727,14184,-0.1874,0,713,28,18,33,32,1
1775348466,32,67,0,0,0,0,no_volume,0,0,0,0,no_volume,0,0,0,0,no_volume,0,0,0,0,0,0,20727,14184,-0.1874,0,713,28,18,33,32,1
1775348467,32,67,0,0,0,0,no_volume,0,0,0,0,no_volume,0,0,0,0,no_volume,0,0,0,0,0,0,20727,14184,-0.1874,0,713,28,18,33,32,1
1775348468,32,67,0,0,0,0,no_volume,0,0,0,0,no_volume,0,0,0,0,no_volume,0,0,0,0,0,0,20727,14184,-0.1874,0,713,28,18,33,32,1
1775348469,32,67,0,0,0,0,no_volume,0,0,0,0,no_volume,0,0,0,0,no_volume,0,0,0,0,0,0,20727,14184,-0.1874,0,713,28,18,33,32,1
1775348470,32,67,0,0,0,0,no_volume,0,0,0,0,no_volume,0,0,0,0,no_volume,0,0,0,0,0,0,20727,14184,-0.1874,0,713,28,18,33,32,1
1775348471,32,67,0,0,0,0,no_volume,0,0,0,0,no_volume,0,0,0,0,no_volume,0,0,0,0,0,0,20727,14184,-0.1874,0,0,28,18,33,32,1
1775348472,32,67,0,0,0,0,no_volume,0,0,0,0,no_volume,0,0,0,0,no_volume,0,0,0,0,0,0,20727,14184,-0.1874,0,0,28,18,33,32,1
1775348473,32,67,0,0,0,0,no_volume,0,0,0,0,no_volume,0,0,0,0,no_volume,0,0,0,0,0,0,20727,14184,-0.1874,0,0,28,18,33,32,1
1775348474,32,67,0,0,0,0,no_volume,0,0,0,0,no_volume,0,0,0,0,no_volume,0,0,0,0,0,0,20727,14184,-0.1874,0,0,28,18,33,32,1
1775348475,32,67,0,0,0,0,no_volume,0,0,0,0,no_volume,0,0,0,0,no_volume,0,0,0,0,0,0,20727,14184,-0.1874,0,0,28,18,33,32,1
1775348476,32,67,0,0,0,0,no_volume,0,0,0,0,no_volume,0,0,0,0,no_volume,0,0,0,0,0,0,20727,14184,-0.1874,0,0,28,18,33,32,1
1775348477,32,67,0,0,0,0,no_volume,0,0,0,0,no_volume,0,0,0,0,no_volume,0,0,0,0,0,0,20727,14184,-0.1874,0,0,28,18,33,32,1
1775348478,32,67,0,0,0,0,no_volume,0,0,0,0,no_volume,0,0,0,0,no_volume,0,0,0,0,0,0,20709,14184,-0.187,-18,-18,28,18,33,32,1
1775348479,32,67,0,0,0,0,no_volume,0,0,0,0,no_volume,0,0,0,0,no_volume,0,0,0,0,0,0,20709,14184,-0.187,-18,-18,28,18,33,32,1
1775348480,32,67,0,0,0,0,no_volume,0,0,0,0,no_volume,0,0,0,0,no_volume,0,0,0,0,0,0,20709,14184,-0.187,-18,-18,28,18,33,32,1
1775348481,32,67,0,0,0,0,no_volume,0,0,0,0,no_volume,0,0,0,0,no_volume,0,0,0,0,0,0,20709,14184,-0.187,0,-18,28,18,33,32,1
1775348482,32,67,0,0,0,0,no_volume,0,0,0,0,no_volume,0,0,0,0,no_volume,0,0,0,0,0,0,20709,14184,-0.187,0,-18,28,18,33,32,1
1775348483,32,67,0,0,0,0,no_volume,0,0,0,0,no_volume,0,0,0,0,no_volume,0,0,0,0,0,0,20709,14184,-0.187,0,-18,28,18,33,32,1
1775348484,32,67,0,0,0,0,no_volume,0,0,0,0,no_volume,0,0,0,0,no_volume,0,0,0,0,0,0,20753,14184,-0.188,44,26,28,18,33,32,1
1775348485,32,67,0,0,0,0,no_volume,0,0,0,0,no_volume,0,0,0,0,no_volume,0,0,0,0,0,0,20753,14184,-0.188,44,26,28,18,33,32,1
1775348486,32,67,0,0,0,0,no_volume,0,0,0,0,no_volume,0,0,0,0,no_volume,0,0,0,0,0,0,20753,14184,-0.188,44,26,28,18,33,32,1
1775348487,32,67,0,0,0,0,no_volume,0,0,0,0,no_volume,0,0,0,0,no_volume,0,0,0,0,0,0,20753,14184,-0.188,0,26,28,18,33,32,1
1775348488,32,67,0,0,0,0,no_volume,0,0,0,0,no_volume,0,0,0,0,no_volume,0,0,0,0,0,0,20753,14184,-0.188,0,44,28,18,33,32,1
1775348489,32,67,0,0,0,0,no_volume,0,0,0,0,no_volume,0,0,0,0,no_volume,0,0,0,0,0,0,20753,14184,-0.188,0,44,28,18,33,32,1
1775348490,32,67,0,0,0,0,no_volume,0,0,0,0,no_volume,0,0,0,0,no_volume,0,0,0,0,0,0,20753,14184,-0.188,0,44,28,18,33,32,1
1775348491,32,67,0,0,0,0,no_volume,0,0,0,0,no_volume,0,0,0,0,no_volume,0,0,0,0,0,0,20753,14184,-0.188,0,44,28,18,33,32,1
1775348492,32,67,0,0,0,0,no_volume,0,0,0,0,no_volume,0,0,0,0,no_volume,0,0,0,0,0,0,20753,14184,-0.188,0,44,28,18,33,32,1
1775348493,32,67,0,0,0,0,no_volume,0,0,0,0,no_volume,0,0,0,0,no_volume,0,0,0,0,0,0,20753,14184,-0.188,0,44,28,18,33,32,1
1775348494,32,67,0,0,10,10,low_activity,0,0,10,10,low_activity,0,0,10,10,low_activity,0,10,10,0,10,10,20229,11576,-0.2721,-524,-524,27,15,33,32,1
1775348495,32,67,0,0,10,10,low_activity,0,0,10,10,low_activity,0,0,10,10,low_activity,0,0,0,0,10,10,20729,12931,-0.2317,-24,-24,27,16,33,32,1
1775348496,32,67,0,0,10,10,low_activity,0,0,10,10,low_activity,0,0,10,10,low_activity,0,0,0,0,10,10,20729,13931,-0.1961,-24,-24,27,17,33,32,1
1775348497,32,67,0,0,0,0,no_volume,0,0,10,10,low_activity,0,0,10,10,low_activity,0,0,0,0,10,10,20729,13931,-0.1961,500,-24,27,17,33,32,1
1775348498,32,67,0,0,0,0,no_volume,0,0,10,10,low_activity,0,0,10,10,low_activity,0,0,0,0,10,10,20729,13931,-0.1961,0,-24,27,17,33,32,1
1775348499,32,67,0,0,0,0,no_volume,0,0,0,0,no_volume,0,0,10,10,low_activity,0,0,0,0,10,10,20729,13931,-0.1961,0,-24,27,17,33,32,1
1775348500,32,67,0,0,0,0,no_volume,0,0,0,0,no_volume,0,0,10,10,low_activity,0,0,0,0,10,10,20729,13931,-0.1961,0,-24,27,17,33,32,1
1775348501,32,67,0,0,0,0,no_volume,0,0,0,0,no_volume,0,0,10,10,low_activity,0,0,0,0,10,10,20729,13931,-0.1961,0,-24,27,17,33,32,1
1775348502,32,67,0,0,0,0,no_volume,0,0,0,0,no_volume,0,0,10,10,low_activity,0,0,0,0,10,10,15750,7452,-0.3576,-4979,-5003,26,14,33,32,1
1775348503,32,67,0,0,0,0,no_volume,0,0,0,0,no_volume,0,0,10,10,low_activity,0,0,0,0,10,10,15750,7452,-0.3576,-4979,-5003,26,14,33,32,1
1775348504,32,67,0,0,0,0,no_volume,0,0,0,0,no_volume,0,0,10,10,low_activity,0,0,0,0,10,10,15750,7452,-0.3576,-4979,-4479,26,14,33,32,1
1775348505,32,67,0,0,0,0,no_volume,0,0,0,0,no_volume,0,0,10,10,low_activity,0,0,0,0,10,10,20229,11931,-0.258,4479,-500,27,15,33,32,1
1775348506,32,67,0,0,0,0,no_volume,0,0,0,0,no_volume,0,0,10,10,low_activity,0,0,0,0,10,10,20729,12931,-0.2317,4979,0,27,16,33,32,1
1775348507,32,67,0,0,0,0,no_volume,0,0,0,0,no_volume,0,0,10,10,low_activity,0,0,0,0,10,10,20729,13931,-0.1961,4979,0,27,17,33,32,1
1775348508,32,67,0,0,0,0,no_volume,0,0,0,0,no_volume,0,0,10,10,low_activity,0,0,0,0,10,10,20729,13931,-0.1961,500,0,27,17,33,32,1
1775348509,32,67,0,0,0,0,no_volume,0,0,0,0,no_volume,0,0,10,10,low_activity,0,0,0,0,10,10,20717,13931,-0.1959,-12,-12,26,17,33,32,1
1775348510,32,67,0,0,0,0,no_volume,0,0,0,0,no_volume,0,0,10,10,low_activity,0,0,0,0,10,10,20717,13931,-0.1959,-12,-12,26,17,33,32,1
1775348511,32,67,0,0,0,0,no_volume,0,0,0,0,no_volume,0,0,10,10,low_activity,0,0,0,0,10,10,20717,13931,-0.1959,-12,-12,26,17,33,32,1
1775348512,32,67,0,0,0,0,no_volume,0,0,0,0,no_volume,0,0,10,10,low_activity,0,0,0,0,10,10,20717,13931,-0.1959,0,4967,26,17,33,32,1
1775348513,32,67,0,0,0,0,no_volume,0,0,0,0,no_volume,0,0,10,10,low_activity,0,0,0,0,10,10,20717,13931,-0.1959,0,4967,26,17,33,32,1
1775348514,32,67,0,0,0,0,no_volume,0,0,0,0,no_volume,0,0,10,10,low_activity,0,0,0,0,10,10,20717,13931,-0.1959,0,4967,26,17,33,32,1
1775348515,32,67,0,0,0,0,no_volume,0,0,0,0,no_volume,0,0,10,10,low_activity,0,0,0,0,10,10,20717,13931,-0.1959,0,488,26,17,33,32,1
1775348516,32,67,0,0,0,0,no_volume,0,0,0,0,no_volume,0,0,10,10,low_activity,0,0,0,0,10,10,20717,13931,-0.1959,0,-12,26,17,33,32,1
1775348517,32,67,0,0,0,0,no_volume,0,0,0,0,no_volume,0,0,10,10,low_activity,0,0,0,0,10,10,20717,13931,-0.1959,0,-12,26,17,33,32,1
1775348518,32,67,0,0,0,0,no_volume,0,0,0,0,no_volume,0,0,10,10,low_activity,0,0,0,0,10,10,20717,13931,-0.1959,0,-12,26,17,33,32,1
1775348519,32,67,0,0,0,0,no_volume,0,0,0,0,no_volume,0,0,10,10,low_activity,0,0,0,0,10,10,20717,13931,-0.1959,0,0,26,17,33,32,1
1775348520,32,67,0,0,0,0,no_volume,0,0,0,0,no_volume,0,0,10,10,low_activity,0,0,0,0,10,10,20717,13931,-0.1959,0,0,26,17,33,32,1
1775348521,32,67,0,0,0,0,no_volume,0,0,0,0,no_volume,0,0,10,10,low_activity,0,0,0,0,10,10,20717,13931,-0.1959,0,0,26,17,33,32,1
1775348522,32,67,0,0,0,0,no_volume,0,0,0,0,no_volume,0,0,10,10,low_activity,0,0,0,0,10,10,20717,13933,-0.1958,0,0,26,17,33,32,1
1775348523,32,67,0,0,0,0,no_volume,0,0,0,0,no_volume,0,0,10,10,low_activity,0,0,0,0,10,10,20717,13933,-0.1958,0,0,26,17,33,32,1
1775348524,32,67,0,0,0,0,no_volume,0,0,0,0,no_volume,0,0,0,0,no_volume,0,0,0,0,10,10,20717,13933,-0.1958,0,0,26,17,33,32,1
1775348525,32,67,0,0,0,0,no_volume,0,0,0,0,no_volume,0,0,0,0,no_volume,0,0,0,0,10,10,20717,13933,-0.1958,0,0,26,17,33,32,1
1775348526,32,67,0,0,0,0,no_volume,0,0,0,0,no_volume,0,0,0,0,no_volume,0,0,0,0,10,10,20717,13933,-0.1958,0,0,26,17,33,32,1
1775348527,32,67,0,0,0,0,no_volume,0,0,0,0,no_volume,0,0,0,0,no_volume,0,0,0,0,10,10,20717,13933,-0.1958,0,0,26,17,33,32,1
1775348528,32,67,0,0,0,0,no_volume,0,0,0,0,no_volume,0,0,0,0,no_volume,0,0,0,0,10,10,20717,13933,-0.1958,0,0,26,17,33,32,1
1775348529,32,67,0,0,0,0,no_volume,0,0,0,0,no_volume,0,0,0,0,no_volume,0,0,0,0,10,10,20717,13933,-0.1958,0,0,26,17,33,32,1
1775348530,32,67,0,0,0,0,no_volume,0,0,0,0,no_volume,0,0,0,0,no_volume,0,0,0,0,10,10,20717,13933,-0.1958,0,0,26,17,33,32,1
1775348531,32,67,0,0,0,0,no_volume,0,0,0,0,no_volume,0,0,0,0,no_volume,0,0,0,0,10,10,20717,13933,-0.1958,0,0,26,17,33,32,1
1775348532,32,67,0,0,0,0,no_volume,0,0,0,0,no_volume,0,0,0,0,no_volume,0,0,0,0,10,10,20717,13933,-0.1958,0,0,26,17,33,32,1
1775348533,32,67,0,0,0,0,no_volume,0,0,0,0,no_volume,0,0,0,0,no_volume,0,0,0,0,10,10,20717,13933,-0.1958,0,0,26,17,33,32,1
1775348534,32,67,0,0,0,0,no_volume,0,0,0,0,no_volume,0,0,0,0,no_volume,0,0,0,0,10,10,20717,13933,-0.1958,0,0,26,17,33,32,1
1775348535,32,67,0,0,0,0,no_volume,0,0,0,0,no_volume,0,0,0,0,no_volume,0,0,0,0,10,10,20717,13933,-0.1958,0,0,26,17,33,32,1
1775348536,32,67,0,0,0,0,no_volume,0,0,0,0,no_volume,0,0,0,0,no_volume,0,0,0,0,10,10,20717,13933,-0.1958,0,0,26,17,33,32,1
1775348537,32,67,0,0,0,0,no_volume,0,0,0,0,no_volume,0,0,0,0,no_volume,0,0,0,0,10,10,20717,13933,-0.1958,0,0,26,17,33,32,1
1775348538,32,67,0,0,0,0,no_volume,0,0,0,0,no_volume,0,0,0,0,no_volume,0,0,0,0,10,10,20717,13933,-0.1958,0,0,26,17,33,32,1
1775348539,32,67,0,0,0,0,no_volume,0,0,0,0,no_volume,0,0,0,0,no_volume,0,0,0,0,10,10,20717,11933,-0.269,0,0,26,15,33,32,1
1775348540,32,67,0,0,0,0,no_volume,0,0,0,0,no_volume,0,0,0,0,no_volume,0,0,0,0,10,10,20717,12933,-0.2313,0,0,26,16,33,32,1
1775348541,32,67,0,0,0,0,no_volume,0,0,0,0,no_volume,0,0,0,0,no_volume,0,0,0,0,10,10,20674,13933,-0.1948,-43,-43,25,17,33,32,1
1775348542,32,67,0,0,0,0,no_volume,0,0,0,0,no_volume,0,0,0,0,no_volume,0,0,0,0,10,10,20674,13933,-0.1948,-43,-43,25,17,33,32,1
1775348543,32,67,0,0,0,0,no_volume,0,0,0,0,no_volume,0,0,0,0,no_volume,0,0,0,0,10,10,20674,13933,-0.1948,-43,-43,25,17,33,32,1
1775348544,32,67,0,0,0,0,no_volume,0,0,0,0,no_volume,0,0,0,0,no_volume,0,0,0,0,10,10,20674,13933,-0.1948,0,-43,25,17,33,32,1
1775348545,32,67,0,0,0,0,low_activity,0,0,0,0,low_activity,0,0,0,0,low_activity,6,0,6,6,10,16,20668,13933,-0.1946,-6,-49,25,17,33,32,1
1775348546,32,67,0,0,0,0,low_activity,0,0,0,0,low_activity,0,0,0,0,low_activity,0,0,0,6,10,16,20668,13933,-0.1946,-6,-49,25,17,33,32,1
1775348547,32,67,0,0,0,0,low_activity,0,0,0,0,low_activity,0,0,0,0,low_activity,0,0,0,6,10,16,20668,13933,-0.1946,-6,-49,25,17,33,32,1
1775348548,32,67,0,0,0,0,no_volume,0,0,0,0,low_activity,0,0,0,0,low_activity,0,0,0,6,10,16,20668,13933,-0.1946,0,-49,25,17,33,32,1
1775348549,32,67,0,0,0,0,no_volume,0,0,0,0,low_activity,0,0,0,0,low_activity,0,0,0,6,10,16,20668,13933,-0.1946,0,-49,25,17,33,32,1
1775348550,32,67,0,0,0,0,no_volume,0,0,0,0,no_volume,0,0,0,0,low_activity,0,0,0,6,10,16,20668,13933,-0.1946,0,-49,25,17,33,32,1
1775348551,32,67,0,0,0,0,no_volume,0,0,0,0,no_volume,0,0,0,0,low_activity,0,0,0,6,10,16,20668,13933,-0.1946,0,-6,25,17,33,32,1
1775348552,32,67,0,0,0,0,no_volume,0,0,0,0,no_volume,0,0,0,0,low_activity,0,0,0,6,10,16,20668,13933,-0.1946,0,-6,25,17,33,32,1
1775348553,32,67,0,0,0,0,no_volume,0,0,0,0,no_volume,0,0,0,0,low_activity,0,0,0,6,10,16,20668,13933,-0.1946,0,-6,25,17,33,32,1
1775348554,32,67,0,0,0,0,no_volume,0,0,0,0,no_volume,0,0,0,0,low_activity,0,0,0,6,0,6,20668,13933,-0.1946,0,-6,25,17,33,32,1
1775348555,32,67,0,0,0,0,no_volume,0,0,0,0,no_volume,0,0,0,0,low_activity,0,0,0,6,0,6,20668,13933,-0.1946,0,0,25,17,33,32,1
1775348556,32,67,0,0,0,0,no_volume,0,0,0,0,no_volume,0,0,0,0,low_activity,0,0,0,6,0,6,20668,13933,-0.1946,0,0,25,17,33,32,1
1775348557,32,67,0,0,0,0,no_volume,0,0,0,0,no_volume,0,0,0,0,low_activity,0,0,0,6,0,6,19932,13933,-0.1771,-736,-736,26,17,33,32,1
1775348558,32,67,0,0,0,0,no_volume,0,0,0,0,no_volume,0,0,0,0,low_activity,0,0,0,6,0,6,19655,13933,-0.1704,-1013,-1013,25,17,33,32,1
1775348559,32,67,0,0,0,0,no_volume,0,0,0,0,no_volume,0,0,0,0,low_activity,0,0,0,6,0,6,19655,13933,-0.1704,-1013,-1013,25,17,33,32,1
1775348560,32,67,0,0,0,0,no_volume,0,0,0,0,no_volume,0,0,0,0,low_activity,0,0,0,6,0,6,19655,13933,-0.1704,-277,-1013,25,17,33,32,1
1775348561,32,67,0,0,0,0,no_volume,0,0,0,0,no_volume,0,0,0,0,low_activity,0,0,0,6,0,6,19655,13933,-0.1704,0,-1013,25,17,33,32,1
1775348562,32,67,0,0,0,0,no_volume,0,0,0,0,no_volume,0,0,0,0,low_activity,0,0,0,6,0,6,20370,13933,-0.1877,715,-298,25,17,33,32,1
1775348563,32,66,0,0,0,0,no_volume,0,0,0,0,no_volume,0,0,0,0,low_activity,0,0,0,6,0,6,20370,13933,-0.1877,715,-298,25,17,34,32,2
1775348564,32,66,0,0,0,0,no_volume,0,0,0,0,no_volume,0,0,0,0,low_activity,0,0,0,6,0,6,20413,13933,-0.1887,758,-255,26,17,34,32,2
1775348565,32,66,0,0,0,0,no_volume,0,0,0,0,no_volume,0,0,0,0,low_activity,0,0,0,6,0,6,18413,13433,-0.1564,-1957,-2255,25,17,34,32,2
1775348566,32,66,0,0,0,0,no_volume,0,0,0,0,no_volume,0,0,0,0,low_activity,0,0,0,6,0,6,18913,13933,-0.1516,-1457,-1755,25,17,34,32,2
1775348567,32,66,0,0,0,0,no_volume,0,0,0,0,no_volume,0,0,0,0,low_activity,0,0,0,6,0,6,19413,13933,-0.1643,-1000,-519,25,17,34,32,2
1775348568,32,66,0,0,0,0,no_volume,0,0,0,0,no_volume,0,0,0,0,low_activity,0,0,0,6,0,6,20413,13933,-0.1887,2000,758,26,17,34,32,2
1775348569,32,66,0,0,0,0,no_volume,0,0,0,0,no_volume,0,0,0,0,low_activity,0,0,0,6,0,6,22572,13933,-0.2367,3659,2917,26,17,34,32,2
1775348570,32,66,0,0,0,0,no_volume,0,0,0,0,no_volume,0,0,0,0,low_activity,0,0,0,6,0,6,22572,13933,-0.2367,3159,2917,26,17,34,32,2
1775348571,32,66,0,0,0,0,no_volume,0,0,0,0,no_volume,0,0,0,0,low_activity,0,0,0,6,0,6,22572,13933,-0.2367,2159,2917,26,17,34,32,2
1775348572,32,66,0,0,0,0,no_volume,0,0,0,0,no_volume,0,0,0,0,low_activity,0,0,0,6,0,6,22572,13933,-0.2367,0,2202,26,17,34,32,2
1775348573,32,66,0,0,0,0,no_volume,0,0,0,0,no_volume,0,0,0,0,low_activity,0,0,0,6,0,6,22572,13933,-0.2367,0,2202,26,17,34,32,2
1775348574,32,66,0,0,0,0,no_volume,0,0,0,0,no_volume,0,0,0,0,low_activity,0,0,0,6,0,6,22572,13933,-0.2367,0,2159,26,17,34,32,2
1775348575,32,66,0,0,0,0,no_volume,0,0,0,0,no_volume,0,0,0,0,no_volume,0,0,0,6,0,6,22572,13933,-0.2367,0,4159,26,17,34,32,2
1775348576,32,66,0,0,0,0,no_volume,0,0,0,0,no_volume,0,0,0,0,no_volume,0,0,0,6,0,6,22572,13933,-0.2367,0,3659,26,17,34,32,2
1775348577,32,66,0,0,0,0,no_volume,0,0,0,0,no_volume,0,0,0,0,no_volume,0,0,0,6,0,6,22572,13933,-0.2367,0,3159,26,17,34,32,2
1775348578,32,66,0,0,0,0,no_volume,0,0,0,0,no_volume,0,0,0,0,no_volume,0,0,0,6,0,6,22572,13933,-0.2367,0,2159,26,17,34,32,2
1775348579,32,66,0,0,0,0,no_volume,0,0,0,0,no_volume,0,0,0,0,no_volume,0,0,0,6,0,6,22572,13933,-0.2367,0,0,26,17,34,32,2
1775348580,32,66,0,0,0,0,no_volume,0,0,0,0,no_volume,0,0,0,0,no_volume,0,0,0,6,0,6,22572,13933,-0.2367,0,0,26,17,34,32,2
1775348581,32,66,0,0,0,0,no_volume,0,0,0,0,no_volume,0,0,0,0,no_volume,0,0,0,6,0,6,21806,13164,-0.2471,-766,-766,26,17,34,32,2
1775348582,32,66,0,0,0,0,no_volume,0,0,0,0,no_volume,0,0,0,0,no_volume,0,0,0,6,0,6,21806,13164,-0.2471,-766,-766,26,17,34,32,2
1775348583,32,66,0,0,0,0,no_volume,0,0,0,0,no_volume,0,0,0,0,no_volume,0,0,0,6,0,6,21806,13164,-0.2471,-766,-766,26,17,34,32,2
1775348584,33,66,0,0,0,0,no_volume,0,0,0,0,no_volume,0,0,0,0,no_volume,0,0,0,6,0,6,19646,15273,-0.1252,-2160,-2926,26,18,34,33,1
1775348585,33,66,0,0,0,0,no_volume,0,0,0,0,no_volume,0,0,0,0,no_volume,0,0,0,6,0,6,19646,15272,-0.1253,-2160,-2926,26,17,34,33,1
1775348586,33,66,0,0,0,0,no_volume,0,0,0,0,no_volume,0,0,0,0,no_volume,0,0,0,6,0,6,19936,15272,-0.1325,-1870,-2636,26,17,34,33,1
1775348587,33,66,0,0,0,0,no_volume,0,0,0,0,no_volume,0,0,0,0,no_volume,0,0,0,6,0,6,19936,15272,-0.1325,290,-2636,26,17,34,33,1
1775348588,33,66,0,0,0,0,no_volume,0,0,0,0,no_volume,0,0,0,0,no_volume,0,0,0,6,0,6,19936,15272,-0.1325,290,-2636,26,17,34,33,1
1775348589,33,66,0,0,0,0,no_volume,0,0,0,0,no_volume,0,0,0,0,no_volume,0,0,0,6,0,6,19936,15272,-0.1325,0,-2636,26,17,34,33,1
1775348590,33,66,0,0,0,0,no_volume,0,0,0,0,no_volume,0,0,0,0,no_volume,0,0,0,6,0,6,19936,15272,-0.1325,0,-2636,26,17,34,33,1
1775348591,33,66,0,0,0,0,no_volume,0,0,0,0,no_volume,0,0,0,0,no_volume,0,0,0,6,0,6,19936,15272,-0.1325,0,-1870,26,17,34,33,1
1775348592,33,66,0,0,0,0,no_volume,0,0,0,0,no_volume,0,0,0,0,no_volume,0,0,0,6,0,6,19936,15272,-0.1325,0,-1870,26,17,34,33,1
1775348593,33,66,0,0,0,0,no_volume,0,0,0,0,no_volume,0,0,0,0,no_volume,0,0,0,6,0,6,19936,15272,-0.1325,0,-1870,26,17,34,33,1
1775348594,33,66,0,0,0,0,no_volume,0,0,0,0,no_volume,0,0,0,0,no_volume,0,0,0,6,0,6,19936,15272,-0.1325,0,290,26,17,34,33,1
1775348595,33,66,0,0,0,0,no_volume,0,0,0,0,no_volume,0,0,0,0,no_volume,0,0,0,6,0,6,19936,15300,-0.1316,0,290,26,17,34,33,1
1775348596,33,66,0,0,0,0,no_volume,0,0,0,0,no_volume,0,0,0,0,no_volume,0,0,0,6,0,6,19646,15300,-0.1244,-290,-290,26,17,34,33,1
1775348597,33,66,0,0,0,0,no_volume,0,0,0,0,no_volume,0,0,0,0,no_volume,0,0,0,6,0,6,19646,15300,-0.1244,-290,-290,26,17,34,33,1
1775348598,33,65,0,0,0,0,no_volume,0,0,0,0,no_volume,0,0,0,0,no_volume,0,0,0,6,0,6,19646,15300,-0.1244,-290,-290,25,17,35,33,2
1775348599,33,65,0,0,0,0,no_volume,0,0,0,0,no_volume,0,0,0,0,no_volume,0,0,0,6,0,6,19646,15300,-0.1244,0,-290,25,17,35,33,2
1775348600,33,65,0,0,0,0,no_volume,0,0,0,0,no_volume,0,0,0,0,no_volume,0,0,0,6,0,6,19646,15300,-0.1244,0,-290,25,17,35,33,2
1775348601,33,65,0,0,0,0,no_volume,0,0,0,0,no_volume,0,0,0,0,no_volume,0,0,0,6,0,6,19646,15300,-0.1244,0,-290,25,17,35,33,2
1775348602,33,65,0,0,0,0,no_volume,0,0,0,0,no_volume,0,0,0,0,no_volume,0,0,0,6,0,6,19646,15300,-0.1244,0,-290,25,17,35,33,2
1775348603,33,65,0,0,0,0,no_volume,0,0,0,0,no_volume,0,0,0,0,no_volume,0,0,0,6,0,6,12167,9321,-0.1324,-7479,-7769,21,15,35,33,2
1775348604,33,65,0,0,0,0,no_volume,0,0,0,0,no_volume,0,0,0,0,no_volume,0,0,0,6,0,6,12667,9321,-0.1522,-6979,-7269,22,15,35,33,2
1775348605,33,65,0,0,0,0,no_volume,0,0,0,0,no_volume,0,0,0,0,no_volume,0,0,0,0,0,0,12667,9821,-0.1266,-6979,-7269,22,16,35,33,2
1775348606,33,65,0,0,0,0,no_volume,0,0,0,0,no_volume,0,0,0,0,no_volume,0,0,0,0,0,0,12667,9821,-0.1266,500,-6979,22,16,35,33,2
1775348607,33,65,0,0,0,0,no_volume,0,0,0,0,no_volume,0,0,0,0,no_volume,0,0,0,0,0,0,12667,9821,-0.1266,0,-6979,22,16,35,33,2
1775348608,33,65,0,0,0,0,no_volume,0,0,0,0,no_volume,0,0,0,0,no_volume,0,0,0,0,0,0,17146,14300,-0.0905,4479,-2500,23,17,35,33,2
1775348609,33,65,0,0,0,0,no_volume,0,0,0,0,no_volume,0,0,0,0,no_volume,0,0,0,0,0,0,19146,14800,-0.128,6479,-500,25,17,35,33,2
1775348610,33,65,0,0,0,0,no_volume,0,0,0,0,no_volume,0,0,0,0,no_volume,0,0,0,0,0,0,19646,15300,-0.1244,6979,0,25,17,35,33,2
1775348611,33,65,0,0,0,0,no_volume,0,0,0,0,no_volume,0,0,0,0,no_volume,0,0,0,0,0,0,19646,15300,-0.1244,2500,0,25,17,35,33,2
1775348612,33,65,0,0,0,0,no_volume,0,0,0,0,no_volume,0,0,0,0,no_volume,0,0,0,0,0,0,20363,16017,-0.1195,1217,717,25,17,35,33,2
1775348613,33,65,0,0,0,0,no_volume,0,0,0,0,no_volume,0,0,0,0,no_volume,0,0,0,0,0,0,13384,11038,-0.0961,-6262,1217,22,16,35,33,2
1775348614,33,65,0,0,0,0,no_volume,0,0,0,0,no_volume,0,0,0,0,no_volume,0,0,0,0,0,0,13884,11038,-0.1142,-5762,1217,23,16,35,33,2
1775348615,33,65,0,0,0,0,no_volume,0,0,0,0,no_volume,0,0,0,0,no_volume,0,0,0,0,0,0,13884,11038,-0.1142,-6479,1217,23,16,35,33,2
1775348616,33,65,0,0,0,0,no_volume,0,0,0,0,no_volume,0,0,0,0,no_volume,0,0,0,0,0,0,13884,11038,-0.1142,500,1217,23,16,35,33,2
1775348617,33,65,0,0,0,0,no_volume,0,0,0,0,no_volume,0,0,0,0,no_volume,0,0,0,0,0,0,13884,11038,-0.1142,0,1217,23,16,35,33,2
1775348618,33,65,0,0,0,0,no_volume,0,0,0,0,no_volume,0,0,0,0,no_volume,0,0,0,0,0,0,13884,11038,-0.1142,0,-3262,23,16,35,33,2
1775348619,33,65,0,0,0,0,no_volume,0,0,0,0,no_volume,0,0,0,0,no_volume,0,0,0,0,0,0,13884,11038,-0.1142,0,-5262,23,16,35,33,2
1775348620,33,65,0,0,0,0,no_volume,0,0,0,0,no_volume,0,0,0,0,no_volume,0,0,0,0,0,0,13884,11038,-0.1142,0,-5762,23,16,35,33,2
1775348621,33,65,0,0,0,0,no_volume,0,0,0,0,no_volume,0,0,0,0,no_volume,0,0,0,0,0,0,13884,11038,-0.1142,0,-5762,23,16,35,33,2
1775348622,33,65,0,0,0,0,no_volume,0,0,0,0,no_volume,0,0,0,0,no_volume,0,0,0,0,0,0,14384,11038,-0.1316,500,-5979,24,16,35,33,2
1775348623,33,65,0,0,0,0,no_volume,0,0,0,0,no_volume,0,0,0,0,no_volume,0,0,0,0,0,0,13384,11038,-0.0961,-500,0,22,16,35,33,2
1775348624,33,65,0,0,0,0,no_volume,0,0,0,0,no_volume,0,0,0,0,no_volume,0,0,0,0,0,0,13884,11038,-0.1142,0,0,23,16,35,33,2
1775348625,33,65,0,0,0,0,no_volume,0,0,0,0,no_volume,0,0,0,0,no_volume,0,0,0,0,0,0,14384,11038,-0.1316,0,500,24,16,35,33,2
1775348626,33,65,0,0,0,0,no_volume,0,0,0,0,no_volume,0,0,0,0,no_volume,0,0,0,0,0,0,14384,11038,-0.1316,1000,500,24,16,35,33,2
1775348627,33,65,0,0,0,0,no_volume,0,0,0,0,no_volume,0,0,0,0,no_volume,0,0,0,0,0,0,14384,11038,-0.1316,500,500,24,16,35,33,2
1775348628,33,65,0,0,0,0,no_volume,0,0,0,0,no_volume,0,0,0,0,no_volume,0,0,0,0,0,0,14384,11038,-0.1316,0,500,24,16,35,33,2
1775348629,33,65,0,0,0,0,no_volume,0,0,0,0,no_volume,0,0,0,0,no_volume,0,0,0,0,0,0,17863,15517,-0.0703,3479,3979,23,17,35,33,2
1775348630,33,65,0,0,0,0,no_volume,0,0,0,0,no_volume,0,0,0,0,no_volume,0,0,0,0,0,0,18363,16017,-0.0682,3979,4479,23,17,35,33,2
1775348631,33,65,0,0,0,0,no_volume,0,0,0,0,no_volume,0,0,0,0,no_volume,0,0,0,0,0,0,19363,16017,-0.0946,4979,5479,24,17,35,33,2
1775348632,33,65,0,0,0,0,no_volume,0,0,0,0,no_volume,0,0,0,0,no_volume,0,0,0,0,0,0,20363,16017,-0.1195,2500,5979,25,17,35,33,2
1775348633,33,65,0,0,0,0,no_volume,0,0,0,0,no_volume,0,0,0,0,no_volume,0,0,0,0,0,0,13384,11038,-0.0961,-4979,0,22,16,35,33,2
1775348634,33,65,0,0,0,0,no_volume,0,0,0,0,no_volume,0,0,0,0,no_volume,0,0,0,0,0,0,13884,11038,-0.1142,-5479,0,23,16,35,33,2
1775348635,33,65,0,0,0,0,no_volume,0,0,0,0,no_volume,0,0,0,0,no_volume,0,0,0,0,0,0,14384,11038,-0.1316,-5979,0,24,16,35,33,2
1775348636,33,65,0,0,0,0,no_volume,0,0,0,0,no_volume,0,0,0,0,no_volume,0,0,0,0,0,0,13884,11038,-0.1142,500,-500,23,16,35,33,2
1775348637,33,65,0,0,0,0,no_volume,0,0,0,0,no_volume,0,0,0,0,no_volume,0,0,0,0,0,0,13884,11038,-0.1142,0,-500,22,16,35,33,2
1775348638,33,65,0,0,0,0,no_volume,0,0,0,0,no_volume,0,0,0,0,no_volume,0,0,0,0,0,0,13884,11038,-0.1142,-500,-500,22,16,35,33,2
1775348639,33,65,0,0,0,0,no_volume,0,0,0,0,no_volume,0,0,0,0,no_volume,0,0,0,0,0,0,14284,10821,-0.1379,400,-3579,23,16,35,33,2
1775348640,33,65,0,0,0,0,no_volume,0,0,0,0,no_volume,0,0,0,0,no_volume,0,0,0,0,0,0,14284,10821,-0.1379,400,-4079,23,16,35,33,2
1775348641,33,65,0,0,0,0,no_volume,0,0,0,0,no_volume,0,0,0,0,no_volume,0,0,0,0,0,0,14284,10821,-0.1379,400,-5079,23,16,35,33,2
1775348642,33,65,0,0,0,0,no_volume,0,0,0,0,no_volume,0,0,0,0,no_volume,0,0,0,0,0,0,14284,11541,-0.1062,0,-6079,23,16,35,33,2
1775348643,33,65,0,0,0,0,no_volume,0,0,0,0,no_volume,0,0,0,0,no_volume,0,0,0,0,0,0,14284,11558,-0.1055,0,900,23,16,35,33,2
1775348644,33,65,0,0,0,0,no_volume,0,0,0,0,no_volume,0,0,0,0,no_volume,0,0,0,0,0,0,13784,11558,-0.0878,-500,-100,23,16,35,33,2
1775348645,33,65,0,0,0,0,no_volume,0,0,0,0,no_volume,0,0,0,0,no_volume,0,0,0,0,0,0,14284,11558,-0.1055,0,-100,23,16,35,33,2
1775348646,33,65,0,0,0,0,no_volume,0,0,0,0,no_volume,0,0,0,0,no_volume,0,0,0,0,0,0,14284,11558,-0.1055,0,400,23,16,35,33,2
1775348647,33,65,0,0,0,0,no_volume,0,0,0,0,no_volume,0,0,0,0,no_volume,0,0,0,0,0,0,14284,11058,-0.1273,500,400,23,16,35,33,2
1775348648,33,65,0,0,0,0,no_volume,0,0,0,0,no_volume,0,0,0,0,no_volume,0,0,0,0,0,0,14284,11058,-0.1273,0,400,23,16,35,33,2
1775348649,33,65,0,0,0,0,no_volume,0,0,0,0,no_volume,0,0,0,0,no_volume,0,0,0,0,0,0,14284,11042,-0.128,0,0,23,16,35,33,2
1775348650,33,65,0,0,0,0,no_volume,0,0,0,0,no_volume,0,0,0,0,no_volume,0,0,0,0,0,0,14284,11042,-0.128,0,0,23,16,35,33,2
1775348651,33,65,0,0,0,0,no_volume,0,0,0,0,no_volume,0,0,0,0,no_volume,0,0,0,0,0,0,14284,11042,-0.128,0,0,23,16,35,33,2
1775348652,33,65,0,0,0,0,no_volume,0,0,0,0,no_volume,0,0,0,0,no_volume,0,0,0,0,0,0,14284,11042,-0.128,0,0,23,16,35,33,2
1775348653,33,65,0,0,0,0,no_volume,0,0,0,0,no_volume,0,0,0,0,no_volume,0,0,0,0,0,0,14284,11042,-0.128,0,0,23,16,35,33,2
1775348654,33,65,0,0,0,0,no_volume,0,0,0,0,no_volume,0,0,0,0,no_volume,0,0,0,0,0,0,14284,11042,-0.128,0,500,23,16,35,33,2
1775348655,33,65,0,0,0,0,no_volume,0,0,0,0,no_volume,0,0,0,0,no_volume,0,0,0,0,0,0,14284,11042,-0.128,0,0,23,16,35,33,2
1775348656,33,65,0,0,0,0,no_volume,0,0,0,0,no_volume,0,0,0,0,no_volume,0,0,0,0,0,0,14284,11542,-0.1062,0,0,23,16,35,33,2
1775348657,33,65,0,0,0,0,no_volume,0,0,0,0,no_volume,0,0,0,0,no_volume,0,0,0,0,0,0,14284,11542,-0.1062,0,0,23,16,35,33,2
1775348658,33,65,0,0,0,0,no_volume,0,0,0,0,no_volume,0,0,0,0,no_volume,0,0,0,0,0,0,14284,11042,-0.128,0,0,23,16,35,33,2
1775348659,33,65,0,0,0,0,no_volume,0,0,0,0,no_volume,0,0,0,0,no_volume,0,0,0,0,0,0,14284,11042,-0.128,0,0,23,16,35,33,2
1775348660,33,65,0,0,0,0,no_volume,0,0,0,0,no_volume,0,0,0,0,no_volume,0,0,0,0,0,0,14284,11042,-0.128,0,0,23,16,35,33,2
1775348661,33,65,0,0,0,0,no_volume,0,0,0,0,no_volume,0,0,0,0,no_volume,0,0,0,0,0,0,14284,11041,-0.1281,0,0,23,16,35,33,2
1775348662,33,65,0,0,0,0,no_volume,0,0,0,0,no_volume,0,0,0,0,no_volume,0,0,0,0,0,0,13384,10322,-0.1292,-900,-900,22,16,35,33,2
1775348663,33,65,0,0,0,0,no_volume,0,0,0,0,no_volume,0,0,0,0,no_volume,0,0,0,0,0,0,13884,10322,-0.1472,-400,-400,22,16,35,33,2
1775348664,33,65,0,0,0,0,no_volume,0,0,0,0,no_volume,0,0,0,0,no_volume,0,0,0,0,0,0,13841,10822,-0.1224,-443,-443,21,16,35,33,2
1775348665,33,65,0,0,0,0,no_volume,0,0,0,0,no_volume,0,0,0,0,no_volume,0,0,0,0,0,0,13841,10822,-0.1224,457,-443,21,16,35,33,2
1775348666,33,65,0,0,0,0,no_volume,0,0,0,0,no_volume,0,0,0,0,no_volume,0,0,0,0,0,0,13841,10822,-0.1224,-43,-443,21,16,35,33,2
1775348667,33,65,0,0,0,0,no_volume,0,0,0,0,no_volume,0,0,0,0,no_volume,0,0,0,0,0,0,13841,10822,-0.1224,0,-443,21,16,35,33,2
1775348668,33,65,0,0,0,0,no_volume,0,0,0,0,no_volume,0,0,0,0,no_volume,0,0,0,0,0,0,13341,10322,-0.1276,-500,-943,21,16,35,33,2
1775348669,33,65,0,0,0,0,no_volume,0,0,0,0,no_volume,0,0,0,0,no_volume,0,0,0,0,0,0,18320,14801,-0.1062,4479,4036,23,17,35,33,2
1775348670,33,65,0,0,0,0,no_volume,0,0,0,0,no_volume,0,0,0,0,no_volume,0,0,0,0,0,0,19363,16020,-0.0945,5522,5079,24,17,35,33,2
1775348671,33,65,0,0,0,0,no_volume,0,0,0,0,no_volume,0,0,0,0,no_volume,0,0,0,0,0,0,20363,16020,-0.1194,7022,6079,25,17,35,33,2
1775348672,33,65,0,0,0,0,no_volume,0,0,0,0,no_volume,0,0,0,0,no_volume,0,0,0,0,0,0,20363,16020,-0.1194,2043,6979,25,17,35,33,2
1775348673,33,65,0,0,0,0,no_volume,0,0,0,0,no_volume,0,0,0,0,no_volume,0,0,0,0,0,0,20363,16020,-0.1194,1000,6479,25,17,35,33,2
1775348674,33,65,0,0,0,0,no_volume,0,0,0,0,no_volume,0,0,0,0,no_volume,0,0,0,0,0,0,20363,16020,-0.1194,0,6522,25,17,35,33,2
1775348675,33,65,0,0,0,0,no_volume,0,0,0,0,no_volume,0,0,0,0,no_volume,0,0,0,0,0,0,20363,16020,-0.1194,0,6522,25,17,35,33,2
1775348676,33,65,0,0,0,0,no_volume,0,0,0,0,no_volume,0,0,0,0,no_volume,0,0,0,0,0,0,20363,16020,-0.1194,0,6522,25,17,35,33,2
1775348677,33,65,0,0,0,0,no_volume,0,0,0,0,no_volume,0,0,0,0,no_volume,0,0,0,0,0,0,20388,16037,-0.1195,25,6547,26,17,35,33,2
1775348678,33,65,0,0,0,0,no_volume,0,0,0,0,no_volume,0,0,0,0,no_volume,0,0,0,0,0,0,20388,16037,-0.1195,25,7047,26,17,35,33,2
1775348679,33,65,0,0,0,0,no_volume,0,0,0,0,no_volume,0,0,0,0,no_volume,0,0,0,0,0,0,20388,16040,-0.1194,25,2068,26,17,35,33,2
1775348680,33,65,0,0,0,0,no_volume,0,0,0,0,no_volume,0,0,0,0,no_volume,0,0,0,0,0,0,20388,11865,-0.2643,0,1025,26,17,35,33,2
1775348681,33,65,0,0,0,0,no_volume,0,0,0,0,no_volume,0,0,0,0,no_volume,0,0,0,0,0,0,20388,11865,-0.2643,0,25,26,17,35,33,2
1775348682,33,65,0,0,0,0,no_volume,0,0,0,0,no_volume,0,0,0,0,no_volume,0,0,0,0,0,0,20388,11865,-0.2643,0,25,26,17,35,33,2
1775348683,33,65,0,0,0,0,no_volume,0,0,0,0,no_volume,0,0,0,0,no_volume,0,0,0,0,0,0,20388,11865,-0.2643,0,25,26,17,35,33,2
1775348684,33,65,0,0,0,0,no_volume,0,0,0,0,no_volume,0,0,0,0,no_volume,0,0,0,0,0,0,21487,11865,-0.2885,1099,1124,26,17,35,33,2
1775348685,33,65,0,0,0,0,no_volume,0,0,0,0,no_volume,0,0,0,0,no_volume,0,0,0,0,0,0,21487,11865,-0.2885,1099,1124,26,17,35,33,2
1775348686,33,65,0,0,0,0,no_volume,0,0,0,0,no_volume,0,0,0,0,no_volume,0,0,0,0,0,0,21487,14019,-0.2103,1099,1124,26,17,35,33,2
1775348687,33,65,0,0,0,0,no_volume,0,0,0,0,no_volume,0,0,0,0,no_volume,0,0,0,0,0,0,21487,14019,-0.2103,0,1099,26,17,35,33,2
1775348688,33,65,0,0,0,0,no_volume,0,0,0,0,no_volume,0,0,0,0,no_volume,0,0,0,0,0,0,20770,14019,-0.1941,-717,382,26,17,35,33,2
1775348689,33,65,0,0,0,0,no_volume,0,0,0,0,no_volume,0,0,0,0,no_volume,0,0,0,0,0,0,21493,14019,-0.2105,6,1105,26,17,35,33,2
1775348690,33,65,0,0,0,0,no_volume,0,0,0,0,no_volume,0,0,0,0,no_volume,0,0,0,0,0,0,23492,14019,-0.2525,2005,3104,26,17,35,33,2
1775348691,33,65,0,0,0,0,no_volume,0,0,0,0,no_volume,0,0,0,0,no_volume,0,0,0,0,0,0,23492,14019,-0.2525,2722,3104,26,17,35,33,2
1775348692,33,65,0,0,0,0,no_volume,0,0,0,0,no_volume,0,0,0,0,no_volume,0,0,0,0,0,0,23492,14019,-0.2525,1999,3104,26,17,35,33,2
1775348693,33,65,0,0,0,0,no_volume,0,0,0,0,no_volume,0,0,0,0,no_volume,0,0,0,0,0,0,23492,13964,-0.2544,0,3104,26,17,35,33,2
1775348694,33,65,0,0,0,0,no_volume,0,0,0,0,no_volume,0,0,0,0,no_volume,0,0,0,0,0,0,22769,13242,-0.2646,-723,1282,26,17,35,33,2
1775348695,33,65,0,0,0,0,no_volume,0,0,0,0,no_volume,0,0,0,0,no_volume,0,0,0,0,0,0,22769,13242,-0.2646,-723,1282,26,17,35,33,2
1775348696,33,65,0,0,0,0,no_volume,0,0,0,0,no_volume,0,0,0,0,no_volume,0,0,0,0,0,0,20769,13242,-0.2213,-2723,-718,24,17,35,33,2
1775348697,33,65,0,0,0,0,no_volume,0,0,0,0,no_volume,0,0,0,0,no_volume,0,0,0,0,0,0,21769,13242,-0.2436,-1000,282,25,17,35,33,2
1775348698,33,65,0,0,0,0,no_volume,0,0,0,0,no_volume,0,0,0,0,no_volume,0,0,0,0,0,0,22769,13268,-0.2636,0,1999,26,17,35,33,2
1775348699,33,65,0,0,0,0,no_volume,0,0,0,0,no_volume,0,0,0,0,no_volume,0,0,0,0,0,0,22769,13268,-0.2636,2000,1276,26,17,35,33,2
1775348700,33,65,0,0,0,0,no_volume,0,0,0,0,no_volume,0,0,0,0,no_volume,0,0,0,0,0,0,23492,13268,-0.2781,1723,0,26,17,35,33,2
1775348701,33,65,0,0,0,0,no_volume,0,0,0,0,no_volume,0,0,0,0,no_volume,0,0,0,0,0,0,23492,13268,-0.2781,723,0,26,17,35,33,2
1775348702,33,65,0,0,0,0,no_volume,0,0,0,0,no_volume,0,0,0,0,no_volume,0,0,0,0,0,0,23492,13268,-0.2781,723,0,26,17,35,33,2
1775348703,33,65,0,0,0,0,no_volume,0,0,0,0,no_volume,0,0,0,0,no_volume,0,0,0,0,0,0,23492,13991,-0.2535,0,0,26,17,35,33,2
1775348704,33,65,0,0,0,0,no_volume,0,0,0,0,no_volume,0,0,0,0,no_volume,0,0,0,0,0,0,23492,13991,-0.2535,0,723,26,17,35,33,2
1775348705,33,65,0,0,0,0,no_volume,0,0,0,0,no_volume,0,0,0,0,no_volume,0,0,0,0,0,0,23492,13991,-0.2535,0,723,26,17,35,33,2
1775348706,33,65,0,0,0,0,no_volume,0,0,0,0,no_volume,0,0,0,0,no_volume,0,0,0,0,0,0,23492,13991,-0.2535,0,2723,26,17,35,33,2
1775348707,33,65,0,0,0,0,no_volume,0,0,0,0,no_volume,0,0,0,0,no_volume,0,0,0,0,0,0,23492,13991,-0.2535,0,1723,26,17,35,33,2
1775348708,33,65,0,0,0,0,no_volume,0,0,0,0,no_volume,0,0,0,0,no_volume,0,0,0,0,0,0,23492,13991,-0.2535,0,723,26,17,35,33,2
1775348709,33,65,0,0,0,0,no_volume,0,0,0,0,no_volume,0,0,0,0,no_volume,0,0,0,0,0,0,23492,13991,-0.2535,0,723,26,17,35,33,2
1775348710,33,65,0,0,0,0,no_volume,0,0,0,0,no_volume,0,0,0,0,no_volume,0,0,0,0,0,0,23492,13991,-0.2535,0,0,26,17,35,33,2
1775348711,33,65,0,0,0,0,no_volume,0,0,0,0,no_volume,0,0,0,0,no_volume,0,0,0,0,0,0,23492,13991,-0.2535,0,0,26,17,35,33,2
1775348712,33,65,0,0,0,0,no_volume,0,0,0,0,no_volume,0,0,0,0,no_volume,0,0,0,0,0,0,23492,13991,-0.2535,0,0,26,17,35,33,2
1775348713,33,65,0,0,0,0,no_volume,0,0,0,0,no_volume,0,0,0,0,no_volume,0,0,0,0,0,0,23492,13991,-0.2535,0,0,26,17,35,33,2
1775348714,34,65,0,0,0,0,no_volume,0,0,0,0,no_volume,0,0,0,0,no_volume,0,0,0,0,0,0,21333,16094,-0.14,-2159,-2159,26,17,35,34,1
1775348715,34,65,0,0,0,0,no_volume,0,0,0,0,no_volume,0,0,0,0,no_volume,0,0,0,0,0,0,21643,16094,-0.147,-1849,-1849,26,17,35,34,1
1775348716,34,65,0,0,0,0,no_volume,0,0,0,0,no_volume,0,0,0,0,no_volume,0,0,0,0,0,0,19644,11814,-0.2489,-3848,-3848,26,17,35,34,1
1775348717,34,65,0,0,0,0,no_volume,0,0,0,0,no_volume,0,0,0,0,no_volume,0,0,0,0,0,0,12166,5781,-0.3558,-9167,-11326,24,16,35,34,1
1775348718,34,65,0,0,0,0,no_volume,0,0,0,0,no_volume,0,0,0,0,no_volume,0,0,0,0,0,0,14310,7661,-0.3026,-7333,-9182,24,17,35,34,1
1775348719,34,65,0,0,0,0,no_volume,0,0,0,0,no_volume,0,0,0,0,no_volume,0,0,0,0,0,0,14810,8661,-0.262,-4834,-8682,25,18,35,34,1
1775348720,34,65,0,0,0,0,no_volume,0,0,0,0,no_volume,0,0,0,0,no_volume,0,0,0,0,0,0,15810,8661,-0.2921,3644,-7682,26,18,35,34,1
1775348721,34,65,0,0,0,0,no_volume,0,0,0,0,no_volume,0,0,0,0,no_volume,0,0,0,0,0,0,15810,8661,-0.2921,1500,-7682,26,18,35,34,1
1775348722,34,65,0,0,0,0,no_volume,0,0,0,0,no_volume,0,0,0,0,no_volume,0,0,0,0,0,0,15810,8661,-0.2921,1000,-7682,26,18,35,34,1
1775348723,34,65,0,0,0,0,no_volume,0,0,0,0,no_volume,0,0,0,0,no_volume,0,0,0,0,0,0,15810,8186,-0.3177,0,-7682,26,18,35,34,1
1775348724,34,65,0,0,0,0,no_volume,0,0,0,0,no_volume,0,0,0,0,no_volume,0,0,0,0,0,0,15810,8686,-0.2908,0,-5523,26,18,35,34,1
1775348725,34,65,0,0,0,0,no_volume,0,0,0,0,no_volume,0,0,0,0,no_volume,0,0,0,0,0,0,20289,13165,-0.2129,4479,-1354,27,19,35,34,1
1775348726,34,65,0,0,0,0,no_volume,0,0,0,0,no_volume,0,0,0,0,no_volume,0,0,0,0,0,0,20289,14165,-0.1777,4479,645,27,19,35,34,1
1775348727,34,65,0,0,0,0,no_volume,0,0,0,0,no_volume,0,0,0,0,no_volume,0,0,0,0,0,0,20289,14165,-0.1777,4479,8123,27,19,35,34,1
1775348728,34,65,0,0,0,0,no_volume,0,0,0,0,no_volume,0,0,0,0,no_volume,0,0,0,0,0,0,20289,14165,-0.1777,0,5979,27,19,35,34,1
1775348729,34,65,0,0,0,0,no_volume,0,0,0,0,no_volume,0,0,0,0,no_volume,0,0,0,0,0,0,20789,14165,-0.1895,500,5979,27,19,35,34,1
1775348730,34,65,0,0,0,0,no_volume,0,0,0,0,no_volume,0,0,0,0,no_volume,0,0,0,0,0,0,21066,14165,-0.1959,777,5256,28,19,35,34,1
1775348731,34,65,0,0,0,0,no_volume,0,0,0,0,no_volume,0,0,0,0,no_volume,0,0,0,0,0,0,21515,14165,-0.206,1226,5705,28,19,35,34,1
1775348732,34,65,0,0,0,0,no_volume,0,0,0,0,no_volume,0,0,0,0,no_volume,0,0,0,0,0,0,21515,14165,-0.206,726,5705,28,19,35,34,1
1775348733,34,64,0,0,0,0,no_volume,0,0,0,0,no_volume,0,0,0,0,no_volume,0,0,0,0,0,0,21515,14165,-0.206,449,5705,27,19,36,34,2
1775348734,34,64,0,0,0,0,no_volume,0,0,0,0,no_volume,0,0,0,0,no_volume,0,0,0,0,0,0,21515,14149,-0.2065,0,5705,28,19,36,34,2
1775348735,34,64,0,0,0,0,no_volume,0,0,0,0,no_volume,0,0,0,0,no_volume,0,0,0,0,0,0,21515,14149,-0.2065,0,1226,28,19,36,34,2
1775348736,34,64,0,0,0,0,no_volume,0,0,0,0,no_volume,0,0,0,0,no_volume,0,0,0,0,0,0,21515,14149,-0.2065,0,1226,28,19,36,34,2
1775348737,34,64,0,0,0,0,no_volume,0,0,0,0,no_volume,0,0,0,0,no_volume,0,0,0,0,0,0,21515,14149,-0.2065,0,1226,28,19,36,34,2
1775348738,34,64,0,0,0,0,no_volume,0,0,0,0,no_volume,0,0,0,0,no_volume,0,0,0,0,0,0,21515,14149,-0.2065,0,1226,28,19,36,34,2
1775348739,34,64,0,0,0,0,no_volume,0,0,0,0,no_volume,0,0,0,0,no_volume,0,0,0,0,0,0,21505,14149,-0.2063,-10,716,28,19,36,34,2
1775348740,34,64,0,0,0,0,no_volume,0,0,0,0,no_volume,0,0,0,0,no_volume,0,0,0,0,0,0,21505,14149,-0.2063,-10,439,28,19,36,34,2
1775348741,34,64,0,0,0,0,no_volume,0,0,0,0,no_volume,0,0,0,0,no_volume,0,0,0,0,0,0,21507,14149,-0.2064,-8,-8,28,19,36,34,2
1775348742,34,64,0,0,0,0,no_volume,0,0,0,0,no_volume,0,0,0,0,no_volume,0,0,0,0,0,0,21507,14149,-0.2064,2,-8,28,19,36,34,2
1775348743,34,64,0,0,0,0,no_volume,0,0,0,0,no_volume,0,0,0,0,no_volume,0,0,0,0,0,0,21507,14149,-0.2064,2,-8,28,19,36,34,2
1775348744,34,64,0,0,0,0,no_volume,0,0,0,0,no_volume,0,0,0,0,no_volume,0,0,0,0,0,0,20781,14149,-0.1899,-726,-734,28,19,36,34,2
1775348745,34,64,0,0,0,0,no_volume,0,0,0,0,no_volume,0,0,0,0,no_volume,0,0,0,0,0,0,20781,14149,-0.1899,-726,-734,28,19,36,34,2
1775348746,34,64,0,0,0,0,no_volume,0,0,0,0,no_volume,0,0,0,0,no_volume,0,0,0,0,0,0,20781,14149,-0.1899,-726,-734,28,19,36,34,2
1775348747,34,64,0,0,0,0,no_volume,0,0,0,0,no_volume,0,0,0,0,no_volume,0,0,0,0,0,0,20781,14149,-0.1899,0,-734,28,19,36,34,2
1775348748,34,64,0,0,0,0,no_volume,0,0,0,0,no_volume,0,0,0,0,no_volume,0,0,0,0,0,0,23660,14149,-0.2516,2879,2145,28,19,36,34,2
1775348749,34,64,0,0,0,0,no_volume,0,0,0,0,no_volume,0,0,0,0,no_volume,0,0,0,0,0,0,23660,14149,-0.2516,2879,2155,28,19,36,34,2
1775348750,34,64,0,0,0,0,no_volume,0,0,0,0,no_volume,0,0,0,0,no_volume,0,0,0,0,0,0,23660,14149,-0.2516,2879,2155,28,19,36,34,2
1775348751,34,64,0,0,0,0,no_volume,0,0,0,0,no_volume,0,0,0,0,no_volume,0,0,0,0,0,0,23660,14149,-0.2516,0,2153,28,19,36,34,2
1775348752,34,64,0,0,0,0,no_volume,0,0,0,0,no_volume,0,0,0,0,no_volume,0,0,0,0,0,0,23660,14149,-0.2516,0,2153,28,19,36,34,2
1775348753,34,64,0,0,0,0,no_volume,0,0,0,0,no_volume,0,0,0,0,no_volume,0,0,0,0,0,0,23617,14149,-0.2507,-43,2110,27,19,36,34,2
1775348754,34,64,0,0,0,0,no_volume,0,0,0,0,no_volume,0,0,0,0,no_volume,0,0,0,0,0,0,23660,14149,-0.2516,0,2879,28,19,36,34,2
1775348755,34,64,0,0,0,0,no_volume,0,0,0,0,no_volume,0,0,0,0,no_volume,0,0,0,0,0,0,23660,14149,-0.2516,0,2879,28,19,36,34,2
1775348756,34,64,0,0,0,0,no_volume,0,0,0,0,no_volume,0,0,0,0,no_volume,0,0,0,0,0,0,23660,14149,-0.2516,43,2879,28,19,36,34,2
1775348757,34,64,0,0,0,0,no_volume,0,0,0,0,no_volume,0,0,0,0,no_volume,0,0,0,0,0,0,23660,14149,-0.2516,0,2879,28,19,36,34,2
1775348758,35,64,0,0,0,0,no_volume,0,0,0,0,no_volume,0,0,0,0,no_volume,0,0,0,0,0,0,23660,16334,-0.1832,0,0,28,20,36,35,1
1775348759,35,64,0,0,0,0,no_volume,0,0,0,0,no_volume,0,0,0,0,no_volume,0,0,0,0,0,0,23660,16317,-0.1837,0,0,28,20,36,35,1
1775348760,35,64,0,0,0,0,no_volume,0,0,0,0,no_volume,0,0,0,0,no_volume,0,0,0,0,0,0,21489,16317,-0.1368,-2171,-2171,28,20,36,35,1
1775348761,35,64,0,0,0,0,no_volume,0,0,0,0,no_volume,0,0,0,0,no_volume,0,0,0,0,0,0,21799,16317,-0.1438,-1861,-1861,28,20,36,35,1
1775348762,35,64,0,0,0,0,no_volume,0,0,0,0,no_volume,0,0,0,0,no_volume,0,0,0,0,0,0,21799,16317,-0.1438,-1861,-1861,28,20,36,35,1
1775348763,35,64,0,0,0,0,no_volume,0,0,0,0,no_volume,0,0,0,0,no_volume,0,0,0,0,0,0,21799,16317,-0.1438,310,-1818,28,20,36,35,1
1775348764,35,64,0,0,0,0,no_volume,0,0,0,0,no_volume,0,0,0,0,no_volume,0,0,0,0,0,0,21799,16317,-0.1438,0,-1861,28,20,36,35,1
1775348765,35,64,0,0,0,0,no_volume,0,0,0,0,no_volume,0,0,0,0,no_volume,0,0,0,0,0,0,21799,16317,-0.1438,0,-1861,28,20,36,35,1
1775348766,35,64,0,0,0,0,no_volume,0,0,0,0,no_volume,0,0,0,0,no_volume,0,0,0,0,0,0,21799,16317,-0.1438,0,-1861,28,20,36,35,1
1775348767,35,64,0,0,0,0,no_volume,0,0,0,0,no_volume,0,0,0,0,no_volume,0,0,0,0,0,0,21799,16317,-0.1438,0,-1861,28,20,36,35,1
1775348768,35,64,0,0,0,0,no_volume,0,0,0,0,no_volume,0,0,0,0,no_volume,0,0,0,0,0,0,21799,16317,-0.1438,0,-1861,28,20,36,35,1
1775348769,35,64,0,0,0,0,no_volume,0,0,0,0,no_volume,0,0,0,0,no_volume,0,0,0,0,0,0,21799,16317,-0.1438,0,-1861,28,20,36,35,1
1775348770,35,64,0,0,0,0,no_volume,0,0,0,0,no_volume,0,0,0,0,no_volume,0,0,0,0,0,0,21799,16317,-0.1438,0,310,28,20,36,35,1
1775348771,35,64,0,0,0,0,no_volume,0,0,0,0,no_volume,0,0,0,0,no_volume,0,0,0,0,0,0,21799,16317,-0.1438,0,0,28,20,36,35,1
1775348772,35,64,0,0,0,0,no_volume,0,0,0,0,no_volume,0,0,0,0,no_volume,0,0,0,0,0,0,21799,16317,-0.1438,0,0,28,20,36,35,1
1775348773,35,64,0,0,0,0,no_volume,0,0,0,0,no_volume,0,0,0,0,no_volume,0,0,0,0,0,0,21799,16317,-0.1438,0,0,28,20,36,35,1
1775348774,35,64,0,0,0,0,no_volume,0,0,0,0,no_volume,0,0,0,0,no_volume,0,0,0,0,0,0,21799,16317,-0.1438,0,0,28,20,36,35,1
1775348775,35,64,0,0,0,0,no_volume,0,0,0,0,no_volume,0,0,0,0,no_volume,0,0,0,0,0,0,15820,11846,-0.1436,-5979,-5979,26,19,36,35,1
1775348776,35,64,0,0,0,0,no_volume,0,0,0,0,no_volume,0,0,0,0,no_volume,0,0,0,0,0,0,20299,16325,-0.1085,-1500,-1500,27,20,36,35,1
1775348777,35,64,0,0,0,0,no_volume,0,0,0,0,no_volume,0,0,0,0,no_volume,0,0,0,0,0,0,20299,16325,-0.1085,-1500,-1500,27,20,36,35,1
1775348778,35,64,0,0,0,0,no_volume,0,0,0,0,no_volume,0,0,0,0,no_volume,0,0,0,0,0,0,20799,16325,-0.1205,4979,-1000,27,20,36,35,1
1775348779,35,64,0,0,0,0,no_volume,0,0,0,0,no_volume,0,0,0,0,no_volume,0,0,0,0,0,0,21799,16325,-0.1436,1500,0,28,20,36,35,1
1775348780,35,64,0,0,0,0,no_volume,0,0,0,0,no_volume,0,0,0,0,no_volume,0,0,0,0,0,0,21799,16325,-0.1436,1500,0,28,20,36,35,1
1775348781,35,64,0,0,0,0,no_volume,0,0,0,0,no_volume,0,0,0,0,no_volume,0,0,0,0,0,0,21799,16325,-0.1436,1000,0,28,20,36,35,1
1775348782,35,64,0,0,0,0,no_volume,0,0,0,0,no_volume,0,0,0,0,no_volume,0,0,0,0,0,0,21799,16325,-0.1436,0,0,28,20,36,35,1
1775348783,35,64,0,0,0,0,no_volume,0,0,0,0,no_volume,0,0,0,0,no_volume,0,0,0,0,0,0,21799,16351,-0.1428,0,0,28,20,36,35,1
1775348784,35,64,0,0,0,0,no_volume,0,0,0,0,no_volume,0,0,0,0,no_volume,0,0,0,0,0,0,21799,16351,-0.1428,0,0,28,20,36,35,1
1775348785,35,64,0,0,0,0,no_volume,0,0,0,0,no_volume,0,0,0,0,no_volume,0,0,0,0,0,0,21799,16351,-0.1428,0,5979,28,20,36,35,1
1775348786,35,64,0,0,0,0,no_volume,0,0,0,0,no_volume,0,0,0,0,no_volume,0,0,0,0,0,0,21799,16351,-0.1428,0,1500,28,20,36,35,1
1775348787,35,64,0,0,0,0,no_volume,0,0,0,0,no_volume,0,0,0,0,no_volume,0,0,0,0,0,0,21799,16351,-0.1428,0,1500,28,20,36,35,1
1775348788,35,64,0,0,0,0,no_volume,0,0,0,0,no_volume,0,0,0,0,no_volume,0,0,0,0,0,0,21799,16351,-0.1428,0,1000,28,20,36,35,1
1775348789,35,64,0,0,0,0,no_volume,0,0,0,0,no_volume,0,0,0,0,no_volume,0,0,0,0,0,0,21799,16351,-0.1428,0,0,28,20,36,35,1
1775348790,35,64,0,0,0,0,no_volume,0,0,0,0,no_volume,0,0,0,0,no_volume,0,0,0,0,0,0,21799,16351,-0.1428,0,0,28,20,36,35,1
1775348791,35,64,0,0,0,0,no_volume,0,0,0,0,no_volume,0,0,0,0,no_volume,0,0,0,0,0,0,21799,16351,-0.1428,0,0,28,20,36,35,1
1775348792,35,64,0,0,0,0,no_volume,0,0,0,0,no_volume,0,0,0,0,no_volume,0,0,0,0,0,0,21799,16351,-0.1428,0,0,28,20,36,35,1
1775348793,35,64,0,0,0,0,no_volume,0,0,0,0,no_volume,0,0,0,0,no_volume,0,0,0,0,0,0,21799,16351,-0.1428,0,0,28,20,36,35,1
1775348794,35,64,0,0,0,0,no_volume,0,0,0,0,no_volume,0,0,0,0,no_volume,0,0,0,0,0,0,21799,16351,-0.1428,0,0,28,20,36,35,1
1775348795,35,64,0,0,0,0,no_volume,0,0,0,0,no_volume,0,0,0,0,no_volume,0,0,0,0,0,0,21799,16351,-0.1428,0,0,28,20,36,35,1
1775348796,35,64,0,0,0,0,no_volume,0,0,0,0,no_volume,0,0,0,0,no_volume,0,0,0,0,0,0,21799,16351,-0.1428,0,0,28,20,36,35,1
1775348797,35,64,0,0,0,0,no_volume,0,0,0,0,no_volume,0,0,0,0,no_volume,0,0,0,0,0,0,21799,16351,-0.1428,0,0,28,20,36,35,1
1775348798,35,64,0,0,0,0,no_volume,0,0,0,0,no_volume,0,0,0,0,no_volume,0,0,0,0,0,0,21799,16351,-0.1428,0,0,28,20,36,35,1
1775348799,35,64,0,0,0,0,no_volume,0,0,0,0,no_volume,0,0,0,0,no_volume,0,0,0,0,0,0,21799,16351,-0.1428,0,0,28,20,36,35,1
1775348800,35,64,0,0,0,0,no_volume,0,0,0,0,no_volume,0,0,0,0,no_volume,0,0,0,0,0,0,21799,16351,-0.1428,0,0,28,20,36,35,1
1775348801,35,64,0,0,0,0,no_volume,0,0,0,0,no_volume,0,0,0,0,no_volume,0,0,0,0,0,0,21799,16351,-0.1428,0,0,28,20,36,35,1
1775348802,35,64,0,0,0,0,no_volume,0,0,0,0,no_volume,0,0,0,0,no_volume,0,0,0,0,0,0,21799,16351,-0.1428,0,0,28,20,36,35,1
1775348803,35,64,0,0,0,0,no_volume,0,0,0,0,no_volume,0,0,0,0,no_volume,0,0,0,0,0,0,21799,16351,-0.1428,0,0,28,20,36,35,1
1775348804,35,64,0,0,0,0,no_volume,0,0,0,0,no_volume,0,0,0,0,no_volume,0,0,0,0,0,0,19644,12054,-0.2394,-2155,-2155,28,20,36,35,1
1775348805,35,64,0,0,0,0,no_volume,0,0,0,0,no_volume,0,0,0,0,no_volume,0,0,0,0,0,0,19619,12054,-0.2388,-2180,-2180,28,20,36,35,1
1775348806,35,64,0,0,0,0,no_volume,0,0,0,0,no_volume,0,0,0,0,no_volume,0,0,0,0,0,0,19619,12054,-0.2388,-2180,-2180,28,20,36,35,1
1775348807,35,64,0,0,0,0,no_volume,0,0,0,0,no_volume,0,0,0,0,no_volume,0,0,0,0,0,0,19619,12054,-0.2388,-25,-2180,28,20,36,35,1
1775348808,35,64,0,0,0,0,no_volume,0,0,0,0,no_volume,0,0,0,0,no_volume,0,0,0,0,0,0,19619,12054,-0.2388,0,-2180,28,20,36,35,1
1775348809,35,64,0,0,0,0,no_volume,0,0,0,0,no_volume,0,0,0,0,no_volume,0,0,0,0,0,0,19619,12054,-0.2388,0,-2180,28,20,36,35,1
1775348810,35,64,0,0,24,24,low_activity,0,0,24,24,low_activity,0,0,24,24,low_activity,0,30,30,0,30,30,19619,12024,-0.24,0,-2180,28,20,36,35,1
1775348811,35,64,0,0,24,24,low_activity,0,0,24,24,low_activity,0,0,24,24,low_activity,0,0,0,0,30,30,19619,12024,-0.24,0,-2180,28,20,36,35,1
1775348812,35,64,0,0,24,24,low_activity,0,0,24,24,low_activity,0,0,24,24,low_activity,0,0,0,0,30,30,19619,12024,-0.24,0,-2180,28,20,36,35,1
1775348813,35,64,0,0,0,0,no_volume,0,0,24,24,low_activity,0,0,24,24,low_activity,0,0,0,0,30,30,19619,12024,-0.24,0,-2180,28,20,36,35,1
1775348814,35,64,0,0,0,0,no_volume,0,0,24,24,low_activity,0,0,24,24,low_activity,0,0,0,0,30,30,19619,12024,-0.24,0,-25,28,20,36,35,1
1775348815,35,64,0,0,0,0,no_volume,0,0,0,0,no_volume,0,0,24,24,low_activity,0,0,0,0,30,30,19619,12024,-0.24,0,0,28,20,36,35,1
1775348816,35,64,0,0,0,0,no_volume,0,0,0,0,no_volume,0,0,24,24,low_activity,0,0,0,0,30,30,19619,12024,-0.24,0,0,28,20,36,35,1
1775348817,35,64,0,0,0,0,no_volume,0,0,0,0,no_volume,0,0,24,24,low_activity,0,0,0,0,30,30,19619,12024,-0.24,0,0,28,20,36,35,1
1775348818,35,64,0,0,0,0,no_volume,0,0,0,0,no_volume,0,0,24,24,low_activity,0,0,0,0,30,30,19619,12024,-0.24,0,0,28,20,36,35,1
1775348819,35,64,0,75,0,75,low_activity,0,75,0,75,low_activity,0,75,24,99,low_activity,79,0,79,79,30,109,19540,12049,-0.2371,-79,-79,28,20,36,35,1
1775348820,35,64,0,75,0,75,low_activity,0,75,0,75,low_activity,0,75,24,99,low_activity,0,0,0,79,30,109,18940,11866,-0.2296,-679,-679,26,19,36,35,1
1775348821,35,64,0,75,0,75,low_activity,0,75,0,75,low_activity,0,75,24,99,low_activity,0,0,0,79,30,109,19502,12086,-0.2348,-117,-117,27,18,36,35,1
1775348822,35,64,0,0,0,0,no_volume,0,75,0,75,low_activity,0,75,24,99,low_activity,0,0,0,79,30,109,19502,12086,-0.2348,-38,-117,27,18,36,35,1
1775348823,35,64,0,0,0,0,no_volume,0,75,0,75,low_activity,0,75,24,99,low_activity,0,0,0,79,30,109,19502,12086,-0.2348,562,-117,27,18,36,35,1
1775348824,35,64,0,0,0,0,no_volume,0,0,0,0,no_volume,0,75,24,99,low_activity,0,0,0,79,30,109,19502,12086,-0.2348,0,-117,27,18,36,35,1
1775348825,35,64,0,0,0,0,no_volume,0,0,0,0,no_volume,0,75,24,99,low_activity,0,0,0,79,30,109,19502,12086,-0.2348,0,-117,27,18,36,35,1
1775348826,35,64,0,0,0,0,no_volume,0,0,0,0,no_volume,0,75,24,99,low_activity,0,0,0,79,30,109,19502,12086,-0.2348,0,-117,27,18,36,35,1
1775348827,35,64,0,0,0,0,no_volume,0,0,0,0,no_volume,0,75,24,99,low_activity,0,0,0,79,30,109,19502,12086,-0.2348,0,-117,27,18,36,35,1
1775348828,35,64,0,0,0,0,no_volume,0,0,0,0,no_volume,0,75,24,99,low_activity,0,0,0,79,30,109,19502,12086,-0.2348,0,-117,27,18,36,35,1
1775348829,35,64,0,0,0,0,no_volume,0,0,0,0,no_volume,0,75,24,99,low_activity,0,0,0,79,30,109,19502,12086,-0.2348,0,-38,27,18,36,35,1
1775348830,35,64,0,0,0,0,no_volume,0,0,0,0,no_volume,0,75,24,99,low_activity,0,0,0,79,30,109,19502,12086,-0.2348,0,562,27,18,36,35,1
1775348831,35,64,0,0,0,0,no_volume,0,0,0,0,no_volume,0,75,24,99,low_activity,0,0,0,79,30,109,19502,12086,-0.2348,0,0,27,18,36,35,1
1775348832,35,64,0,0,0,0,no_volume,0,0,0,0,no_volume,0,75,24,99,low_activity,0,0,0,79,30,109,19524,12086,-0.2353,22,22,28,18,36,35,1
1775348833,35,64,0,0,0,0,no_volume,0,0,0,0,no_volume,0,75,24,99,low_activity,0,0,0,79,30,109,19524,12086,-0.2353,22,22,28,18,36,35,1
1775348834,35,64,0,0,0,0,no_volume,0,0,0,0,no_volume,0,75,24,99,low_activity,0,0,0,79,30,109,19524,12086,-0.2353,22,22,28,18,36,35,1
1775348835,35,64,0,0,0,0,no_volume,0,0,0,0,no_volume,0,75,24,99,low_activity,0,0,0,79,30,109,19524,12086,-0.2353,0,22,28,18,36,35,1
1775348836,35,64,0,0,0,0,no_volume,0,0,0,0,no_volume,0,75,24,99,low_activity,0,0,0,79,30,109,19524,12086,-0.2353,0,22,28,18,36,35,1
1775348837,35,64,0,0,0,0,no_volume,0,0,0,0,no_volume,0,75,24,99,low_activity,0,0,0,79,30,109,19524,12086,-0.2353,0,22,28,18,36,35,1
1775348838,35,64,0,0,0,0,no_volume,0,0,0,0,no_volume,0,75,24,99,low_activity,0,0,0,79,30,109,19524,12086,-0.2353,0,22,28,18,36,35,1
1775348839,35,64,0,0,0,0,no_volume,0,0,0,0,no_volume,0,75,24,99,low_activity,0,0,0,79,30,109,19524,12086,-0.2353,0,22,28,18,36,35,1
1775348840,35,64,0,0,0,0,no_volume,0,0,0,0,no_volume,0,75,0,75,low_activity,0,0,0,79,30,109,19524,12086,-0.2353,0,22,28,18,36,35,1
1775348841,35,64,0,0,0,0,no_volume,0,0,0,0,no_volume,0,75,0,75,low_activity,0,0,0,79,30,109,19524,12086,-0.2353,0,22,28,18,36,35,1
1775348842,35,64,0,0,0,0,no_volume,0,0,0,0,no_volume,0,75,0,75,low_activity,0,0,0,79,30,109,19524,12086,-0.2353,0,0,28,18,36,35,1
1775348843,35,64,0,0,0,0,no_volume,0,0,0,0,no_volume,0,75,0,75,low_activity,0,0,0,79,30,109,19524,12086,-0.2353,0,0,28,18,36,35,1
1775348844,35,64,0,0,0,0,no_volume,0,0,0,0,no_volume,0,75,0,75,low_activity,0,0,0,79,30,109,19524,12086,-0.2353,0,0,28,18,36,35,1
1775348845,35,64,0,0,0,0,no_volume,0,0,0,0,no_volume,0,75,0,75,low_activity,0,0,0,79,30,109,19524,12086,-0.2353,0,0,28,18,36,35,1
1775348846,35,64,0,0,0,0,no_volume,0,0,0,0,no_volume,0,75,0,75,low_activity,0,0,0,79,30,109,15524,11613,-0.1441,-4000,-4000,27,18,36,35,1
1775348847,35,64,0,0,0,0,no_volume,0,0,0,0,no_volume,0,75,0,75,low_activity,0,0,0,79,30,109,16543,10097,-0.242,-2981,-2981,26,17,36,35,1
1775348848,35,64,0,0,0,0,no_volume,0,0,0,0,no_volume,0,75,0,75,low_activity,0,0,0,79,30,109,12064,5868,-0.3455,-7460,-7460,25,17,36,35,1
1775348849,35,64,0,0,0,0,no_volume,0,0,0,0,no_volume,0,0,0,0,no_volume,0,0,0,79,30,109,12074,6592,-0.2937,-3450,-7450,25,17,36,35,1
1775348850,35,64,0,0,0,0,no_volume,0,0,0,0,no_volume,0,0,0,0,no_volume,0,0,0,79,30,109,13084,5884,-0.3796,-3459,-6440,25,18,36,35,1
1775348851,35,64,0,0,0,0,no_volume,0,0,0,0,no_volume,0,0,0,0,no_volume,0,0,0,79,30,109,13084,5884,-0.3796,1020,-6440,25,18,36,35,1
1775348852,35,64,0,0,0,0,no_volume,0,0,0,0,no_volume,0,0,0,0,no_volume,0,0,0,79,30,109,13084,5884,-0.3796,1010,-6440,25,18,36,35,1
1775348853,35,64,0,0,0,0,no_volume,0,0,0,0,no_volume,0,0,0,0,no_volume,0,0,0,79,30,109,13064,5884,-0.3789,-20,-6460,25,18,36,35,1
1775348854,35,64,0,0,0,0,no_volume,0,0,0,0,no_volume,0,0,0,0,no_volume,0,0,0,79,30,109,13095,5884,-0.3799,11,-6429,25,18,36,35,1
1775348855,35,64,0,0,0,0,no_volume,0,0,0,0,no_volume,0,0,0,0,no_volume,0,0,0,79,30,109,13365,5884,-0.3886,281,-6159,27,18,36,35,1
1775348856,35,63,0,0,0,0,no_volume,0,0,0,0,no_volume,0,0,0,0,no_volume,0,0,0,79,30,109,13334,5884,-0.3877,270,-2190,27,18,37,35,2
1775348857,35,63,0,0,0,0,no_volume,0,0,0,0,no_volume,0,0,0,0,no_volume,0,0,0,79,30,109,13334,5884,-0.3877,239,-3209,27,18,37,35,2
1775348858,35,63,0,0,0,0,no_volume,0,0,0,0,no_volume,0,0,0,0,no_volume,0,0,0,79,30,109,13334,5884,-0.3877,-31,1270,26,18,37,35,2
1775348859,35,63,0,0,0,0,no_volume,0,0,0,0,no_volume,0,0,0,0,no_volume,0,0,0,79,30,109,13334,5884,-0.3877,0,1260,26,18,37,35,2
1775348860,35,63,0,0,0,0,no_volume,0,0,0,0,no_volume,0,0,0,0,no_volume,0,0,0,79,30,109,13334,5884,-0.3877,0,250,26,18,37,35,2
1775348861,35,63,0,0,0,0,no_volume,0,0,0,0,no_volume,0,0,0,0,no_volume,0,0,0,79,30,109,13334,5884,-0.3877,0,250,26,18,37,35,2
1775348862,35,63,0,0,0,0,no_volume,0,0,0,0,no_volume,0,0,0,0,no_volume,0,0,0,79,30,109,13334,5884,-0.3877,0,250,26,18,37,35,2
1775348863,35,63,0,0,0,0,no_volume,0,0,0,0,no_volume,0,0,0,0,no_volume,0,0,0,79,30,109,13084,5884,-0.3796,-250,20,25,18,37,35,2
1775348864,35,63,0,0,0,0,no_volume,0,0,0,0,no_volume,0,0,0,0,no_volume,0,0,0,79,30,109,13084,5884,-0.3796,-250,-11,24,18,37,35,2
1775348865,35,63,0,0,0,0,no_volume,0,0,0,0,no_volume,0,0,0,0,no_volume,0,0,0,79,30,109,13345,5884,-0.388,11,-20,24,18,37,35,2
1775348866,35,63,0,0,0,0,no_volume,0,0,0,0,no_volume,0,0,0,0,no_volume,0,0,0,79,30,109,13345,5884,-0.388,261,11,25,18,37,35,2
1775348867,35,63,0,0,0,0,no_volume,0,0,0,0,no_volume,0,0,0,0,no_volume,0,0,0,79,30,109,13345,5884,-0.388,261,11,25,18,37,35,2
1775348868,35,63,0,0,0,0,no_volume,0,0,0,0,no_volume,0,0,0,0,no_volume,0,0,0,79,30,109,13345,5884,-0.388,0,11,25,18,37,35,2
1775348869,35,63,0,0,0,0,no_volume,0,0,0,0,no_volume,0,0,0,0,no_volume,0,0,0,79,30,109,13345,5884,-0.388,0,11,25,18,37,35,2
1775348870,35,63,0,0,0,0,no_volume,0,0,0,0,no_volume,0,0,0,0,no_volume,0,0,0,79,0,79,13345,5884,-0.388,0,11,25,18,37,35,2
1775348871,35,63,0,0,0,0,no_volume,0,0,0,0,no_volume,0,0,0,0,no_volume,0,0,0,79,0,79,13345,5884,-0.388,0,11,25,18,37,35,2
1775348872,35,63,0,0,0,0,no_volume,0,0,0,0,no_volume,0,0,0,0,no_volume,0,0,0,79,0,79,13345,5884,-0.388,0,11,25,18,37,35,2
1775348873,35,63,0,0,0,0,no_volume,0,0,0,0,no_volume,0,0,0,0,no_volume,0,0,0,79,0,79,13095,5884,-0.3799,-250,11,24,18,37,35,2
1775348874,35,64,0,0,0,0,no_volume,0,0,0,0,no_volume,0,0,0,0,no_volume,0,0,0,79,0,79,13121,5858,-0.3827,-224,37,25,18,36,35,1
1775348875,35,64,0,0,0,0,no_volume,0,0,0,0,no_volume,0,0,0,0,no_volume,0,0,0,79,0,79,13121,5858,-0.3827,-224,-224,25,18,36,35,1
1775348876,35,64,0,0,0,0,no_volume,0,0,0,0,no_volume,0,0,0,0,no_volume,0,0,0,79,0,79,13121,5858,-0.3827,26,-224,25,18,36,35,1
1775348877,35,64,0,0,0,0,no_volume,0,0,0,0,no_volume,0,0,0,0,no_volume,0,0,0,79,0,79,13121,5858,-0.3827,0,-224,25,18,36,35,1
1775348878,35,64,0,0,0,0,no_volume,0,0,0,0,no_volume,0,0,0,0,no_volume,0,0,0,79,0,79,13121,5858,-0.3827,0,-224,25,18,36,35,1
1775348879,35,64,0,0,0,0,no_volume,0,0,0,0,no_volume,0,0,0,0,no_volume,0,0,0,0,0,0,13121,5858,-0.3827,0,-224,25,18,36,35,1
1775348880,35,64,0,0,0,0,no_volume,0,0,0,0,no_volume,0,0,0,0,no_volume,0,0,0,0,0,0,13121,5858,-0.3827,0,-224,25,18,36,35,1
1775348881,35,64,0,0,0,0,no_volume,0,0,0,0,no_volume,0,0,0,0,no_volume,0,0,0,0,0,0,13121,5858,-0.3827,0,-224,25,18,36,35,1
1775348882,35,64,0,0,0,0,no_volume,0,0,0,0,no_volume,0,0,0,0,no_volume,0,0,0,0,0,0,13121,5858,-0.3827,0,-224,25,18,36,35,1
1775348883,35,64,0,0,0,0,no_volume,0,0,0,0,no_volume,0,0,0,0,no_volume,0,0,0,0,0,0,12871,5858,-0.3744,-250,-224,24,18,36,35,1
1775348884,35,64,0,0,0,0,no_volume,0,0,0,0,no_volume,0,0,0,0,no_volume,0,0,0,0,0,0,12871,5858,-0.3744,-250,-250,24,18,36,35,1
1775348885,35,64,0,0,0,0,no_volume,0,0,0,0,no_volume,0,0,0,0,no_volume,0,0,0,0,0,0,12871,5858,-0.3744,-250,-250,24,18,36,35,1
1775348886,35,64,0,0,0,0,no_volume,0,0,0,0,no_volume,0,0,0,0,no_volume,0,0,0,0,0,0,12871,5858,-0.3744,0,-250,24,18,36,35,1
1775348887,35,64,0,0,0,0,no_volume,0,0,0,0,no_volume,0,0,0,0,no_volume,0,0,0,0,0,0,12871,5858,-0.3744,0,-250,24,18,36,35,1
1775348888,35,64,0,0,0,0,no_volume,0,0,0,0,no_volume,0,0,0,0,no_volume,0,0,0,0,0,0,12871,5858,-0.3744,0,-250,24,18,36,35,1
1775348889,35,64,0,0,0,0,no_volume,0,0,0,0,no_volume,0,0,0,0,no_volume,0,0,0,0,0,0,12871,5858,-0.3744,0,-250,24,18,36,35,1
1775348890,35,64,0,0,0,0,no_volume,0,0,0,0,no_volume,0,0,0,0,no_volume,0,0,0,0,0,0,12871,5858,-0.3744,0,-250,24,18,36,35,1
1775348891,35,64,0,0,0,0,no_volume,0,0,0,0,no_volume,0,0,0,0,no_volume,0,0,0,0,0,0,12871,5858,-0.3744,0,-250,24,18,36,35,1
1775348892,35,64,0,0,0,0,no_volume,0,0,0,0,no_volume,0,0,0,0,no_volume,0,0,0,0,0,0,13192,5858,-0.385,321,71,25,18,36,35,1
1775348893,35,64,0,0,0,0,no_volume,0,0,0,0,no_volume,0,0,0,0,no_volume,0,0,0,0,0,0,13192,5858,-0.385,321,321,25,18,36,35,1
1775348894,35,64,0,0,0,0,no_volume,0,0,0,0,no_volume,0,0,0,0,no_volume,0,0,0,0,0,0,13192,5858,-0.385,321,321,25,18,36,35,1
1775348895,35,64,0,0,0,0,no_volume,0,0,0,0,no_volume,0,0,0,0,no_volume,0,0,0,0,0,0,13192,5858,-0.385,0,321,25,18,36,35,1
1775348896,35,64,0,0,0,0,no_volume,0,0,0,0,no_volume,0,0,0,0,no_volume,0,0,0,0,0,0,13192,5858,-0.385,0,321,25,18,36,35,1
1775348897,35,64,0,0,0,0,no_volume,0,0,0,0,no_volume,0,0,0,0,no_volume,0,0,0,0,0,0,13192,5858,-0.385,0,321,25,18,36,35,1
1775348898,35,64,0,0,0,0,no_volume,0,0,0,0,no_volume,0,0,0,0,no_volume,0,0,0,0,0,0,13192,5858,-0.385,0,321,25,18,36,35,1
1775348899,35,64,0,0,0,0,no_volume,0,0,0,0,no_volume,0,0,0,0,no_volume,0,0,0,0,0,0,13192,5858,-0.385,0,321,25,18,36,35,1
1775348900,35,64,0,0,0,0,no_volume,0,0,0,0,no_volume,0,0,0,0,no_volume,0,0,0,0,0,0,13192,5858,-0.385,0,321,25,18,36,35,1
1775348901,35,64,0,0,0,0,no_volume,0,0,0,0,no_volume,0,0,0,0,no_volume,0,0,0,0,0,0,13192,5858,-0.385,0,321,25,18,36,35,1
1775348902,35,64,0,0,0,0,no_volume,0,0,0,0,no_volume,0,0,0,0,no_volume,0,0,0,0,0,0,13192,5858,-0.385,0,0,25,18,36,35,1
1775348903,35,64,0,0,0,0,no_volume,0,0,0,0,no_volume,0,0,0,0,no_volume,0,0,0,0,0,0,13192,5858,-0.385,0,0,25,18,36,35,1
1775348904,35,64,0,0,0,0,no_volume,0,0,0,0,no_volume,0,0,0,0,no_volume,0,0,0,0,0,0,13192,5858,-0.385,0,0,25,18,36,35,1
1775348905,35,64,0,0,0,0,no_volume,0,0,0,0,no_volume,0,0,0,0,no_volume,0,0,0,0,0,0,13192,5858,-0.385,0,0,25,18,36,35,1
1775348906,35,64,0,0,0,0,no_volume,0,0,0,0,no_volume,0,0,0,0,no_volume,0,0,0,0,0,0,13192,5858,-0.385,0,0,25,18,36,35,1
1775348907,35,64,0,0,0,0,no_volume,0,0,0,0,no_volume,0,0,0,0,no_volume,0,0,0,0,0,0,13192,5858,-0.385,0,0,25,18,36,35,1
1775348908,35,64,0,0,0,0,no_volume,0,0,0,0,no_volume,0,0,0,0,no_volume,0,0,0,0,0,0,13192,5858,-0.385,0,0,25,18,36,35,1
1775348909,35,64,0,0,0,0,no_volume,0,0,0,0,no_volume,0,0,0,0,no_volume,0,0,0,0,0,0,13192,5858,-0.385,0,0,25,18,36,35,1
1775348910,35,64,0,0,0,0,no_volume,0,0,0,0,no_volume,0,0,0,0,no_volume,0,0,0,0,0,0,13192,5858,-0.385,0,0,25,18,36,35,1
1775348911,35,64,0,0,0,0,no_volume,0,0,0,0,no_volume,0,0,0,0,no_volume,0,0,0,0,0,0,13192,5858,-0.385,0,0,25,18,36,35,1
1775348912,35,64,0,0,0,0,no_volume,0,0,0,0,no_volume,0,0,0,0,no_volume,0,0,0,0,0,0,13192,5858,-0.385,0,0,25,18,36,35,1
1775348913,35,64,0,0,0,0,no_volume,0,0,0,0,no_volume,0,0,0,0,no_volume,0,0,0,0,0,0,13192,5858,-0.385,0,0,25,18,36,35,1
1775348914,35,64,0,0,0,0,no_volume,0,0,0,0,no_volume,0,0,0,0,no_volume,0,0,0,0,0,0,13192,5858,-0.385,0,0,25,18,36,35,1
1775348915,35,64,0,0,0,0,no_volume,0,0,0,0,no_volume,0,0,0,0,no_volume,0,0,0,0,0,0,13192,5858,-0.385,0,0,25,18,36,35,1
1775348916,35,64,0,0,0,0,no_volume,0,0,0,0,no_volume,0,0,0,0,no_volume,0,0,0,0,0,0,13192,5858,-0.385,0,0,25,18,36,35,1
1775348917,35,64,0,0,0,0,no_volume,0,0,0,0,no_volume,0,0,0,0,no_volume,0,0,0,0,0,0,13192,5858,-0.385,0,0,25,18,36,35,1
1775348918,35,64,0,0,0,0,no_volume,0,0,0,0,no_volume,0,0,0,0,no_volume,0,0,0,0,0,0,13182,5608,-0.4031,-10,-10,25,17,36,35,1
1775348919,35,64,0,0,0,0,no_volume,0,0,0,0,no_volume,0,0,0,0,no_volume,0,0,0,0,0,0,13182,5608,-0.4031,-10,-10,25,17,36,35,1
1775348920,35,64,0,0,0,0,no_volume,0,0,0,0,no_volume,0,0,0,0,no_volume,0,0,0,0,0,0,13182,5608,-0.4031,-10,-10,25,17,36,35,1
1775348921,35,64,0,0,0,0,no_volume,0,0,0,0,no_volume,0,0,0,0,no_volume,0,0,0,0,0,0,13182,5608,-0.4031,0,-10,25,17,36,35,1
1775348922,35,64,0,0,0,0,no_volume,0,0,0,0,no_volume,0,0,0,0,no_volume,0,0,0,0,0,0,13182,5608,-0.4031,0,-10,25,17,36,35,1
1775348923,35,64,0,0,0,0,no_volume,0,0,0,0,no_volume,0,0,0,0,no_volume,0,0,0,0,0,0,13182,5608,-0.4031,0,-10,25,17,36,35,1
1775348924,35,64,0,0,0,0,no_volume,0,0,0,0,no_volume,0,0,0,0,no_volume,0,0,0,0,0,0,13182,5608,-0.4031,0,-10,25,17,36,35,1
1775348925,35,64,0,0,0,0,no_volume,0,0,0,0,no_volume,0,0,0,0,no_volume,0,0,0,0,0,0,13182,5858,-0.3847,0,-10,25,18,36,35,1
1775348926,35,64,0,0,0,0,no_volume,0,0,0,0,no_volume,0,0,0,0,no_volume,0,0,0,0,0,0,13182,5858,-0.3847,0,-10,25,18,36,35,1
1775348927,35,64,0,0,0,0,no_volume,0,0,0,0,no_volume,0,0,0,0,no_volume,0,0,0,0,0,0,13182,5858,-0.3847,0,-10,25,18,36,35,1
1775348928,35,64,0,0,0,0,no_volume,0,0,0,0,no_volume,0,0,0,0,no_volume,0,0,0,0,0,0,13182,5858,-0.3847,0,0,25,18,36,35,1
1775348929,35,64,0,34,0,34,low_activity,0,34,0,34,low_activity,0,34,0,34,low_activity,34,0,34,34,0,34,13590,5849,-0.3982,408,408,27,19,36,35,1
1775348930,35,64,0,34,0,34,low_activity,0,34,0,34,low_activity,0,34,0,34,low_activity,0,0,0,34,0,34,13594,5849,-0.3983,412,412,26,19,36,35,1
1775348931,35,64,0,34,0,34,low_activity,0,34,0,34,low_activity,0,34,0,34,low_activity,0,0,0,34,0,34,13594,5849,-0.3983,412,412,26,18,36,35,1
1775348932,35,64,0,0,0,0,no_volume,0,34,0,34,low_activity,0,34,0,34,low_activity,0,0,0,34,0,34,13590,5849,-0.3982,0,408,26,19,36,35,1
1775348933,35,64,0,0,0,0,no_volume,0,34,0,34,low_activity,0,34,0,34,low_activity,0,0,0,34,0,34,13594,5849,-0.3983,0,412,26,19,36,35,1
1775348934,35,64,0,0,0,0,no_volume,0,0,0,0,no_volume,0,34,0,34,low_activity,0,0,0,34,0,34,13594,5849,-0.3983,0,412,26,19,36,35,1
1775348935,35,64,0,0,0,0,no_volume,0,0,0,0,no_volume,0,34,0,34,low_activity,0,0,0,34,0,34,13594,5849,-0.3983,4,412,26,19,36,35,1
1775348936,35,64,0,0,0,0,no_volume,0,0,0,0,no_volume,0,34,0,34,low_activity,0,0,0,34,0,34,13594,5849,-0.3983,0,412,26,19,36,35,1
1775348937,35,64,0,0,0,0,no_volume,0,0,0,0,no_volume,0,34,0,34,low_activity,0,0,0,34,0,34,13594,5849,-0.3983,0,412,26,19,36,35,1
1775348938,35,64,0,0,0,0,no_volume,0,0,0,0,no_volume,0,34,0,34,low_activity,0,0,0,34,0,34,13594,5849,-0.3983,0,412,26,19,36,35,1
1775348939,35,64,0,0,0,0,no_volume,0,0,0,0,no_volume,0,34,0,34,low_activity,0,0,0,34,0,34,13594,5849,-0.3983,0,4,26,19,36,35,1
1775348940,35,64,0,0,0,0,no_volume,0,0,0,0,no_volume,0,34,0,34,low_activity,0,0,0,34,0,34,13594,5849,-0.3983,0,0,26,19,36,35,1
1775348941,35,64,0,0,0,0,no_volume,0,0,0,0,no_volume,0,34,0,34,low_activity,0,0,0,34,0,34,13594,5849,-0.3983,0,0,26,19,36,35,1
1775348942,35,64,0,0,0,0,no_volume,0,0,0,0,no_volume,0,34,0,34,low_activity,0,0,0,34,0,34,13594,5849,-0.3983,0,4,26,19,36,35,1
1775348943,35,64,0,0,0,0,no_volume,0,0,0,0,no_volume,0,34,0,34,low_activity,0,0,0,34,0,34,13551,5849,-0.397,-43,-43,25,19,36,35,1
1775348944,35,64,0,0,0,0,no_volume,0,0,0,0,no_volume,0,34,0,34,low_activity,0,0,0,34,0,34,13551,5849,-0.397,-43,-43,25,19,36,35,1
1775348945,35,64,0,0,0,0,no_volume,0,0,0,0,no_volume,0,34,0,34,low_activity,0,0,0,34,0,34,13551,5849,-0.397,-43,-43,25,19,36,35,1
1775348946,35,64,0,0,0,0,no_volume,0,0,0,0,no_volume,0,34,0,34,low_activity,0,0,0,34,0,34,13551,5849,-0.397,0,-43,25,19,36,35,1
1775348947,35,64,0,0,0,0,no_volume,0,0,0,0,no_volume,0,34,0,34,low_activity,0,0,0,34,0,34,13551,5849,-0.397,0,-43,25,19,36,35,1
1775348948,35,64,0,0,0,0,no_volume,0,0,0,0,no_volume,0,34,0,34,low_activity,0,0,0,34,0,34,13551,5849,-0.397,0,-43,25,19,36,35,1
1775348949,35,64,0,0,0,0,no_volume,0,0,0,0,no_volume,0,34,0,34,low_activity,0,0,0,34,0,34,13598,5849,-0.3985,47,4,26,19,36,35,1
1775348950,35,64,0,0,0,0,no_volume,0,0,0,0,no_volume,0,34,0,34,low_activity,0,0,0,34,0,34,13598,5849,-0.3985,47,4,26,19,36,35,1
1775348951,35,64,0,0,0,0,no_volume,0,0,0,0,no_volume,0,34,0,34,low_activity,0,0,0,34,0,34,13598,5849,-0.3985,47,4,26,19,36,35,1
1775348952,35,64,0,0,0,0,no_volume,0,0,0,0,no_volume,0,34,0,34,low_activity,0,0,0,34,0,34,13598,5849,-0.3985,0,4,26,19,36,35,1
1775348953,35,64,0,0,0,0,no_volume,0,0,0,0,no_volume,0,34,0,34,low_activity,0,0,0,34,0,34,13598,5849,-0.3985,0,47,26,19,36,35,1
1775348954,35,64,0,0,0,0,no_volume,0,0,0,0,no_volume,0,34,0,34,low_activity,0,0,0,34,0,34,13598,5849,-0.3985,0,47,26,19,36,35,1
1775348955,35,64,0,0,0,0,no_volume,0,0,0,0,no_volume,0,34,0,34,low_activity,0,0,0,34,0,34,13598,5849,-0.3985,0,47,26,19,36,35,1
1775348956,35,64,0,0,0,0,no_volume,0,0,0,0,no_volume,0,34,0,34,low_activity,0,0,0,34,0,34,13598,5849,-0.3985,0,47,26,19,36,35,1
1775348957,35,64,0,0,0,0,no_volume,0,0,0,0,no_volume,0,34,0,34,low_activity,0,0,0,34,0,34,13598,5849,-0.3985,0,47,26,19,36,35,1
1775348958,35,64,0,0,0,0,no_volume,0,0,0,0,no_volume,0,34,0,34,low_activity,0,0,0,34,0,34,13598,5849,-0.3985,0,47,26,19,36,35,1
1775348959,35,64,0,0,0,0,no_volume,0,0,0,0,no_volume,0,0,0,0,no_volume,0,0,0,34,0,34,13598,5849,-0.3985,0,0,26,19,36,35,1
1775348960,35,64,0,0,0,0,no_volume,0,0,0,0,no_volume,0,0,0,0,no_volume,0,0,0,34,0,34,13598,5849,-0.3985,0,0,26,19,36,35,1
1775348961,35,64,0,0,0,0,no_volume,0,0,0,0,no_volume,0,0,0,0,no_volume,0,0,0,34,0,34,13598,5849,-0.3985,0,0,26,19,36,35,1
1775348962,35,64,0,0,0,0,no_volume,0,0,0,0,no_volume,0,0,0,0,no_volume,0,0,0,34,0,34,13598,5849,-0.3985,0,0,26,19,36,35,1
1775348963,35,64,0,0,0,0,no_volume,0,0,0,0,no_volume,0,0,0,0,no_volume,0,0,0,34,0,34,13598,5849,-0.3985,0,0,26,19,36,35,1
1775348964,35,64,0,0,0,0,no_volume,0,0,0,0,no_volume,0,0,0,0,no_volume,0,0,0,34,0,34,13598,5849,-0.3985,0,0,26,19,36,35,1
1775348965,35,64,0,0,0,0,no_volume,0,0,0,0,no_volume,0,0,0,0,no_volume,0,0,0,34,0,34,13598,5849,-0.3985,0,0,26,19,36,35,1
1775348966,35,64,0,0,0,0,no_volume,0,0,0,0,no_volume,0,0,0,0,no_volume,0,0,0,34,0,34,13598,5849,-0.3985,0,0,26,19,36,35,1
1775348967,35,64,0,0,0,0,no_volume,0,0,0,0,no_volume,0,0,0,0,no_volume,0,0,0,34,0,34,13598,5849,-0.3985,0,0,26,19,36,35,1
1775348968,35,64,0,0,0,0,no_volume,0,0,0,0,no_volume,0,0,0,0,no_volume,0,0,0,34,0,34,13598,5849,-0.3985,0,0,26,19,36,35,1
1775348969,35,64,0,0,0,0,no_volume,0,0,0,0,no_volume,0,0,0,0,no_volume,0,0,0,34,0,34,13598,5849,-0.3985,0,0,26,19,36,35,1
1775348970,35,64,0,0,0,0,no_volume,0,0,0,0,no_volume,0,0,0,0,no_volume,0,0,0,34,0,34,13598,5849,-0.3985,0,0,26,19,36,35,1
1775348971,35,64,0,0,0,0,no_volume,0,0,0,0,no_volume,0,0,0,0,no_volume,0,0,0,34,0,34,13598,5849,-0.3985,0,0,26,19,36,35,1
1775348972,35,64,0,0,0,0,no_volume,0,0,0,0,no_volume,0,0,0,0,no_volume,0,0,0,34,0,34,13598,5849,-0.3985,0,0,26,19,36,35,1
1775348973,35,64,0,0,0,0,no_volume,0,0,0,0,no_volume,0,0,0,0,no_volume,0,0,0,34,0,34,13598,5849,-0.3985,0,0,26,19,36,35,1
1775348974,35,64,0,0,0,0,no_volume,0,0,0,0,no_volume,0,0,0,0,no_volume,0,0,0,34,0,34,13598,5849,-0.3985,0,0,26,19,36,35,1
1775348975,35,64,0,0,0,0,no_volume,0,0,0,0,no_volume,0,0,0,0,no_volume,0,0,0,34,0,34,13598,5849,-0.3985,0,0,26,19,36,35,1
1775348976,35,64,0,0,0,0,no_volume,0,0,0,0,no_volume,0,0,0,0,no_volume,0,0,0,34,0,34,13598,5849,-0.3985,0,0,26,19,36,35,1
1775348977,35,64,0,0,0,0,no_volume,0,0,0,0,no_volume,0,0,0,0,no_volume,0,0,0,34,0,34,13598,5849,-0.3985,0,0,26,19,36,35,1
1775348978,35,64,0,0,0,0,no_volume,0,0,0,0,no_volume,0,0,0,0,no_volume,0,0,0,34,0,34,13598,5849,-0.3985,0,0,26,19,36,35,1
1775348979,35,64,0,0,0,0,no_volume,0,0,0,0,no_volume,0,0,0,0,no_volume,0,0,0,34,0,34,13598,5849,-0.3985,0,0,26,19,36,35,1
1775348980,35,64,0,0,0,0,no_volume,0,0,0,0,no_volume,0,0,0,0,no_volume,0,0,0,34,0,34,13598,5849,-0.3985,0,0,26,19,36,35,1
1775348981,35,64,0,0,0,0,no_volume,0,0,0,0,no_volume,0,0,0,0,no_volume,0,0,0,34,0,34,13598,5849,-0.3985,0,0,26,19,36,35,1
1775348982,35,64,0,0,0,0,no_volume,0,0,0,0,no_volume,0,0,0,0,no_volume,0,0,0,34,0,34,13598,5849,-0.3985,0,0,26,19,36,35,1
1775348983,35,64,0,0,0,0,no_volume,0,0,0,0,no_volume,0,0,0,0,no_volume,0,0,0,34,0,34,13598,5849,-0.3985,0,0,26,19,36,35,1
1775348984,35,64,0,0,0,0,no_volume,0,0,0,0,no_volume,0,0,0,0,no_volume,0,0,0,34,0,34,13598,5849,-0.3985,0,0,26,19,36,35,1
1775348985,35,64,0,0,0,0,no_volume,0,0,0,0,no_volume,0,0,0,0,no_volume,0,0,0,34,0,34,13598,5849,-0.3985,0,0,26,19,36,35,1
1775348986,35,64,0,0,0,0,no_volume,0,0,0,0,no_volume,0,0,0,0,no_volume,0,0,0,34,0,34,13598,5849,-0.3985,0,0,26,19,36,35,1
1775348987,35,64,0,0,0,0,no_volume,0,0,0,0,no_volume,0,0,0,0,no_volume,0,0,0,34,0,34,13598,5849,-0.3985,0,0,26,19,36,35,1
1775348988,35,64,0,0,0,0,no_volume,0,0,0,0,no_volume,0,0,0,0,no_volume,0,0,0,34,0,34,13598,5849,-0.3985,0,0,26,19,36,35,1
1775348989,35,64,0,0,0,0,no_volume,0,0,0,0,no_volume,0,0,0,0,no_volume,0,0,0,0,0,0,13598,5849,-0.3985,0,0,26,19,36,35,1
1775348990,35,64,0,0,0,0,no_volume,0,0,0,0,no_volume,0,0,0,0,no_volume,0,0,0,0,0,0,13598,5849,-0.3985,0,0,26,19,36,35,1
1775348991,35,64,0,0,0,0,no_volume,0,0,0,0,no_volume,0,0,0,0,no_volume,0,0,0,0,0,0,13598,5849,-0.3985,0,0,26,19,36,35,1
1775348992,35,64,0,0,0,0,no_volume,0,0,0,0,no_volume,0,0,0,0,no_volume,0,0,0,0,0,0,13598,5849,-0.3985,0,0,26,19,36,35,1
1775348993,35,64,0,0,0,0,no_volume,0,0,0,0,no_volume,0,0,0,0,no_volume,0,0,0,0,0,0,13598,5849,-0.3985,0,0,26,19,36,35,1
1775348994,35,64,0,0,0,0,no_volume,0,0,0,0,no_volume,0,0,0,0,no_volume,0,0,0,0,0,0,13598,5849,-0.3985,0,0,26,19,36,35,1
1775348995,35,64,0,0,0,0,no_volume,0,0,0,0,no_volume,0,0,0,0,no_volume,0,0,0,0,0,0,13598,5849,-0.3985,0,0,26,19,36,35,1
1775348996,35,64,0,0,0,0,no_volume,0,0,0,0,no_volume,0,0,0,0,no_volume,0,0,0,0,0,0,13598,5849,-0.3985,0,0,26,19,36,35,1
1775348997,35,64,0,0,0,0,no_volume,0,0,0,0,no_volume,0,0,0,0,no_volume,0,0,0,0,0,0,13598,5849,-0.3985,0,0,26,19,36,35,1
1775348998,35,64,0,0,0,0,no_volume,0,0,0,0,no_volume,0,0,0,0,no_volume,0,0,0,0,0,0,13598,5849,-0.3985,0,0,26,19,36,35,1
1775348999,35,64,0,0,0,0,no_volume,0,0,0,0,no_volume,0,0,0,0,no_volume,0,0,0,0,0,0,13598,5849,-0.3985,0,0,26,19,36,35,1
1775349000,35,64,0,0,0,0,no_volume,0,0,0,0,no_volume,0,0,0,0,no_volume,0,0,0,0,0,0,13598,5849,-0.3985,0,0,26,19,36,35,1
1775349001,35,64,0,0,0,0,no_volume,0,0,0,0,no_volume,0,0,0,0,no_volume,0,0,0,0,0,0,13598,5849,-0.3985,0,0,26,19,36,35,1
1775349002,35,64,0,0,0,0,no_volume,0,0,0,0,no_volume,0,0,0,0,no_volume,0,0,0,0,0,0,13598,5849,-0.3985,0,0,26,19,36,35,1
1775349003,35,64,0,0,0,0,no_volume,0,0,0,0,no_volume,0,0,0,0,no_volume,0,0,0,0,0,0,13598,5849,-0.3985,0,0,26,19,36,35,1
1775349004,35,64,0,0,0,0,no_volume,0,0,0,0,no_volume,0,0,0,0,no_volume,0,0,0,0,0,0,13598,5849,-0.3985,0,0,26,19,36,35,1
1775349005,35,64,0,0,0,0,no_volume,0,0,0,0,no_volume,0,0,0,0,no_volume,0,0,0,0,0,0,13598,5849,-0.3985,0,0,26,19,36,35,1
1775349006,35,64,0,0,0,0,no_volume,0,0,0,0,no_volume,0,0,0,0,no_volume,0,0,0,0,0,0,13598,5849,-0.3985,0,0,26,19,36,35,1
1775349007,35,64,0,0,0,0,no_volume,0,0,0,0,no_volume,0,0,0,0,no_volume,0,0,0,0,0,0,13598,5859,-0.3977,0,0,26,20,36,35,1
1775349008,35,64,0,0,0,0,no_volume,0,0,0,0,no_volume,0,0,0,0,no_volume,0,0,0,0,0,0,13598,5859,-0.3977,0,0,26,20,36,35,1
1775349009,35,64,0,0,0,0,no_volume,0,0,0,0,no_volume,0,0,0,0,no_volume,0,0,0,0,0,0,13598,5859,-0.3977,0,0,26,20,36,35,1
1775349010,35,64,0,0,0,0,no_volume,0,0,0,0,no_volume,0,0,0,0,no_volume,0,0,0,0,0,0,13598,5859,-0.3977,0,0,26,20,36,35,1
1775349011,35,64,0,0,0,0,no_volume,0,0,0,0,no_volume,0,0,0,0,no_volume,0,0,0,0,0,0,13598,5859,-0.3977,0,0,26,20,36,35,1
1775349012,35,64,0,0,0,0,no_volume,0,0,0,0,no_volume,0,0,0,0,no_volume,0,0,0,0,0,0,13598,5859,-0.3977,0,0,26,20,36,35,1
1775349013,35,64,0,0,0,0,no_volume,0,0,0,0,no_volume,0,0,0,0,no_volume,0,0,0,0,0,0,13598,5859,-0.3977,0,0,26,20,36,35,1
1775349014,35,64,0,0,0,0,no_volume,0,0,0,0,no_volume,0,0,0,0,no_volume,0,0,0,0,0,0,13598,5859,-0.3977,0,0,26,20,36,35,1
1775349015,35,64,0,0,0,0,no_volume,0,0,0,0,no_volume,0,0,0,0,no_volume,0,0,0,0,0,0,13598,5859,-0.3977,0,0,26,20,36,35,1
1775349016,35,64,0,0,0,0,no_volume,0,0,0,0,no_volume,0,0,0,0,no_volume,0,0,0,0,0,0,13598,5859,-0.3977,0,0,26,20,36,35,1
1775349017,35,64,0,0,0,0,no_volume,0,0,0,0,no_volume,0,0,0,0,no_volume,0,0,0,0,0,0,13598,5859,-0.3977,0,0,26,20,36,35,1
1775349018,35,64,0,0,0,0,no_volume,0,0,0,0,no_volume,0,0,0,0,no_volume,0,0,0,0,0,0,13598,5859,-0.3977,0,0,26,20,36,35,1
1775349019,35,64,0,0,0,0,no_volume,0,0,0,0,no_volume,0,0,0,0,no_volume,0,0,0,0,0,0,13598,5859,-0.3977,0,0,26,20,36,35,1
1775349020,35,64,0,0,0,0,no_volume,0,0,0,0,no_volume,0,0,0,0,no_volume,0,0,0,0,0,0,13598,5859,-0.3977,0,0,26,20,36,35,1
1775349021,35,64,0,0,0,0,no_volume,0,0,0,0,no_volume,0,0,0,0,no_volume,0,0,0,0,0,0,13598,5859,-0.3977,0,0,26,20,36,35,1
1775349022,35,64,0,0,0,0,no_volume,0,0,0,0,no_volume,0,0,0,0,no_volume,0,0,0,0,0,0,13598,5859,-0.3977,0,0,26,20,36,35,1
1775349023,35,64,0,0,0,0,no_volume,0,0,0,0,no_volume,0,0,0,0,no_volume,0,0,0,0,0,0,13598,5859,-0.3977,0,0,26,20,36,35,1
1775349024,35,64,0,0,0,0,no_volume,0,0,0,0,no_volume,0,0,0,0,no_volume,0,0,0,0,0,0,13598,5859,-0.3977,0,0,26,20,36,35,1
1775349025,35,64,0,0,0,0,no_volume,0,0,0,0,no_volume,0,0,0,0,no_volume,0,0,0,0,0,0,13598,5859,-0.3977,0,0,26,20,36,35,1
1775349026,35,64,0,0,0,0,no_volume,0,0,0,0,no_volume,0,0,0,0,no_volume,0,0,0,0,0,0,13598,5859,-0.3977,0,0,26,20,36,35,1
1775349027,35,64,0,0,0,0,no_volume,0,0,0,0,no_volume,0,0,0,0,no_volume,0,0,0,0,0,0,13598,5859,-0.3977,0,0,26,20,36,35,1
1775349028,35,64,0,0,0,0,no_volume,0,0,0,0,no_volume,0,0,0,0,no_volume,0,0,0,0,0,0,13598,5859,-0.3977,0,0,26,20,36,35,1
1775349029,35,64,0,0,0,0,no_volume,0,0,0,0,no_volume,0,0,0,0,no_volume,0,0,0,0,0,0,13598,5859,-0.3977,0,0,26,20,36,35,1
1775349030,35,64,0,0,0,0,no_volume,0,0,0,0,no_volume,0,0,0,0,no_volume,0,0,0,0,0,0,13598,5859,-0.3977,0,0,26,20,36,35,1
1775349031,35,64,0,0,0,0,no_volume,0,0,0,0,no_volume,0,0,0,0,no_volume,0,0,0,0,0,0,13598,5859,-0.3977,0,0,26,20,36,35,1
1775349032,35,64,0,0,0,0,no_volume,0,0,0,0,no_volume,0,0,0,0,no_volume,0,0,0,0,0,0,13598,5859,-0.3977,0,0,26,20,36,35,1
1775349033,35,64,0,0,0,0,no_volume,0,0,0,0,no_volume,0,0,0,0,no_volume,0,0,0,0,0,0,13555,5859,-0.3964,-43,-43,25,20,36,35,1
1775349034,35,64,0,0,0,0,no_volume,0,0,0,0,no_volume,0,0,0,0,no_volume,0,0,0,0,0,0,13598,5859,-0.3977,0,0,26,20,36,35,1
1775349035,35,64,0,0,0,0,no_volume,0,0,0,0,no_volume,0,0,0,0,no_volume,0,0,0,0,0,0,13598,5859,-0.3977,0,0,26,20,36,35,1
1775349036,35,64,0,0,0,0,no_volume,0,0,0,0,no_volume,0,0,0,0,no_volume,0,0,0,0,0,0,13598,5859,-0.3977,43,0,26,20,36,35,1
1775349037,35,64,0,0,0,0,no_volume,0,0,0,0,no_volume,0,0,0,0,no_volume,0,0,0,0,0,0,13598,5859,-0.3977,0,0,26,20,36,35,1
1775349038,35,64,0,0,0,0,no_volume,0,0,0,0,no_volume,0,0,0,0,no_volume,0,0,0,0,0,0,13598,5859,-0.3977,0,0,26,20,36,35,1
1775349039,35,64,0,0,0,0,no_volume,0,0,0,0,no_volume,0,0,0,0,no_volume,0,0,0,0,0,0,13598,5859,-0.3977,0,0,26,20,36,35,1
1775349040,35,64,0,0,0,0,no_volume,0,0,0,0,no_volume,0,0,0,0,no_volume,0,0,0,0,0,0,13598,5859,-0.3977,0,0,26,20,36,35,1
1775349041,35,64,0,0,0,0,no_volume,0,0,0,0,no_volume,0,0,0,0,no_volume,0,0,0,0,0,0,13598,5859,-0.3977,0,0,26,20,36,35,1
1775349042,35,64,0,0,0,0,no_volume,0,0,0,0,no_volume,0,0,0,0,no_volume,0,0,0,0,0,0,13598,5859,-0.3977,0,0,26,20,36,35,1
1775349043,35,64,0,0,0,0,no_volume,0,0,0,0,no_volume,0,0,0,0,no_volume,0,0,0,0,0,0,13598,5859,-0.3977,0,43,26,20,36,35,1
1775349044,35,64,0,0,0,0,no_volume,0,0,0,0,no_volume,0,0,0,0,no_volume,0,0,0,0,0,0,13598,5859,-0.3977,0,0,26,20,36,35,1
1775349045,35,64,0,0,0,0,no_volume,0,0,0,0,no_volume,0,0,0,0,no_volume,0,0,0,0,0,0,13598,5859,-0.3977,0,0,26,20,36,35,1
1775349046,35,64,0,0,0,0,no_volume,0,0,0,0,no_volume,0,0,0,0,no_volume,0,0,0,0,0,0,13598,5859,-0.3977,0,0,26,20,36,35,1
1775349047,35,64,0,0,0,0,no_volume,0,0,0,0,no_volume,0,0,0,0,no_volume,0,0,0,0,0,0,13598,5859,-0.3977,0,0,26,20,36,35,1
1775349048,35,64,0,0,0,0,no_volume,0,0,0,0,no_volume,0,0,0,0,no_volume,0,0,0,0,0,0,13598,5859,-0.3977,0,0,26,20,36,35,1
1775349049,35,64,0,0,0,0,no_volume,0,0,0,0,no_volume,0,0,0,0,no_volume,0,0,0,0,0,0,13598,5859,-0.3977,0,0,26,20,36,35,1
1775349050,35,64,0,0,0,0,no_volume,0,0,0,0,no_volume,0,0,0,0,no_volume,0,0,0,0,0,0,13555,5859,-0.3964,-43,-43,25,20,36,35,1
1775349051,35,64,0,0,0,0,no_volume,0,0,0,0,no_volume,0,0,0,0,no_volume,0,0,0,0,0,0,13555,5859,-0.3964,-43,-43,25,20,36,35,1
1775349052,35,64,0,0,0,0,no_volume,0,0,0,0,no_volume,0,0,0,0,no_volume,0,0,0,0,0,0,13555,5859,-0.3964,-43,-43,25,20,36,35,1
1775349053,35,64,0,0,0,0,no_volume,0,0,0,0,no_volume,0,0,0,0,no_volume,0,0,0,0,0,0,13598,5859,-0.3977,43,0,26,20,36,35,1
1775349054,35,64,0,0,0,0,no_volume,0,0,0,0,no_volume,0,0,0,0,no_volume,0,0,0,0,0,0,13598,5859,-0.3977,43,0,26,20,36,35,1
1775349055,35,64,0,0,0,0,no_volume,0,0,0,0,no_volume,0,0,0,0,no_volume,0,0,0,0,0,0,13598,5859,-0.3977,43,0,26,20,36,35,1
1775349056,35,64,0,0,0,0,no_volume,0,0,0,0,no_volume,0,0,0,0,no_volume,0,0,0,0,0,0,13598,5859,-0.3977,0,0,26,20,36,35,1
1775349057,35,64,0,0,0,0,no_volume,0,0,0,0,no_volume,0,0,0,0,no_volume,0,0,0,0,0,0,13598,5859,-0.3977,0,0,26,20,36,35,1
1775349058,35,64,0,0,0,0,no_volume,0,0,0,0,no_volume,0,0,0,0,no_volume,0,0,0,0,0,0,13598,5859,-0.3977,0,0,26,20,36,35,1
1775349059,35,64,0,0,0,0,no_volume,0,0,0,0,no_volume,0,0,0,0,no_volume,0,0,0,0,0,0,13598,5859,-0.3977,0,0,26,20,36,35,1
1775349060,35,64,0,0,0,0,low_activity,0,0,0,0,low_activity,0,0,0,0,low_activity,7,0,7,7,0,7,13588,5859,-0.3974,-10,33,26,20,36,35,1
1775349061,35,64,0,0,0,0,low_activity,0,0,0,0,low_activity,0,0,0,0,low_activity,0,0,0,7,0,7,13588,5859,-0.3974,-10,33,26,20,36,35,1
1775349062,35,64,0,0,0,0,low_activity,0,0,0,0,low_activity,0,0,0,0,low_activity,0,0,0,7,0,7,13588,5859,-0.3974,-10,33,26,20,36,35,1
1775349063,35,64,0,0,0,0,no_volume,0,0,0,0,low_activity,0,0,0,0,low_activity,0,0,0,7,0,7,13588,5859,-0.3974,0,-10,26,20,36,35,1
1775349064,35,64,0,0,0,0,no_volume,0,0,0,0,low_activity,0,0,0,0,low_activity,0,0,0,7,0,7,13588,5859,-0.3974,0,-10,26,20,36,35,1
1775349065,35,64,0,0,0,0,no_volume,0,0,0,0,no_volume,0,0,0,0,low_activity,0,0,0,7,0,7,13588,5859,-0.3974,0,-10,26,20,36,35,1
1775349066,35,64,0,0,0,0,no_volume,0,0,0,0,no_volume,0,0,0,0,low_activity,0,0,0,7,0,7,13588,5859,-0.3974,0,-10,26,20,36,35,1
1775349067,35,64,0,0,0,0,no_volume,0,0,0,0,no_volume,0,0,0,0,low_activity,0,0,0,7,0,7,13588,5859,-0.3974,0,-10,26,20,36,35,1
1775349068,35,64,0,0,0,0,no_volume,0,0,0,0,no_volume,0,0,0,0,low_activity,0,0,0,7,0,7,13588,5859,-0.3974,0,-10,26,20,36,35,1
1775349069,35,64,0,0,0,0,no_volume,0,0,0,0,no_volume,0,0,0,0,low_activity,0,0,0,7,0,7,13588,5859,-0.3974,0,-10,26,20,36,35,1
1775349070,35,64,0,0,0,0,no_volume,0,0,0,0,no_volume,0,0,0,0,low_activity,0,0,0,7,0,7,13651,5859,-0.3994,63,63,27,20,36,35,1
1775349071,35,64,0,0,0,0,no_volume,0,0,0,0,no_volume,0,0,0,0,low_activity,0,0,0,7,0,7,13565,5859,-0.3967,-23,-23,25,20,36,35,1
1775349072,35,64,0,0,0,0,no_volume,0,0,0,0,no_volume,0,0,0,0,low_activity,0,0,0,7,0,7,13565,5859,-0.3967,-23,-23,25,20,36,35,1
1775349073,35,64,0,0,0,0,no_volume,0,0,0,0,no_volume,0,0,0,0,low_activity,0,0,0,7,0,7,13565,5859,-0.3967,-86,-23,25,20,36,35,1
1775349074,35,64,0,0,0,0,no_volume,0,0,0,0,no_volume,0,0,0,0,low_activity,0,0,0,7,0,7,13608,5859,-0.3981,43,20,26,20,36,35,1
1775349075,35,64,0,0,0,0,no_volume,0,0,0,0,no_volume,0,0,0,0,low_activity,0,0,0,7,0,7,13608,5859,-0.3981,43,20,26,20,36,35,1
1775349076,35,64,0,0,0,0,no_volume,0,0,0,0,no_volume,0,0,0,0,low_activity,0,0,0,7,0,7,13608,5859,-0.3981,43,20,26,20,36,35,1
1775349077,35,64,0,0,0,0,no_volume,0,0,0,0,no_volume,0,0,0,0,low_activity,0,0,0,7,0,7,13608,5859,-0.3981,0,20,26,20,36,35,1
1775349078,35,64,0,0,0,0,no_volume,0,0,0,0,no_volume,0,0,0,0,low_activity,0,0,0,7,0,7,13565,5859,-0.3967,-43,-23,25,20,36,35,1
1775349079,35,64,0,0,0,0,no_volume,0,0,0,0,no_volume,0,0,0,0,low_activity,0,0,0,7,0,7,13565,5859,-0.3967,-43,-23,25,20,36,35,1
1775349080,35,64,0,0,0,0,no_volume,0,0,0,0,no_volume,0,0,0,0,low_activity,0,0,0,7,0,7,13565,5859,-0.3967,-43,-86,25,20,36,35,1
1775349081,35,64,0,0,0,0,no_volume,0,0,0,0,no_volume,0,0,0,0,low_activity,0,0,0,7,0,7,13565,5859,-0.3967,0,0,25,20,36,35,1
1775349082,35,64,0,0,0,0,no_volume,0,0,0,0,no_volume,0,0,0,0,low_activity,0,0,0,7,0,7,13565,5859,-0.3967,0,0,25,20,36,35,1
1775349083,35,64,0,0,0,0,no_volume,0,0,0,0,no_volume,0,0,0,0,low_activity,0,0,0,7,0,7,13628,5859,-0.3987,63,63,26,20,36,35,1
1775349084,35,64,0,0,0,0,no_volume,0,0,0,0,no_volume,0,0,0,0,low_activity,0,0,0,7,0,7,13435,5654,-0.4076,-130,-173,25,18,36,35,1
1775349085,35,64,0,0,0,0,no_volume,0,0,0,0,no_volume,0,0,0,0,low_activity,0,0,0,7,0,7,13435,5654,-0.4076,-130,-173,25,18,36,35,1
1775349086,35,64,0,0,0,0,no_volume,0,0,0,0,no_volume,0,0,0,0,low_activity,0,0,0,7,0,7,13435,5654,-0.4076,-193,-173,25,18,36,35,1
1775349087,35,64,0,0,0,0,no_volume,0,0,0,0,no_volume,0,0,0,0,low_activity,0,0,0,7,0,7,13435,5654,-0.4076,0,-173,25,18,36,35,1
1775349088,35,64,0,0,0,0,no_volume,0,0,0,0,no_volume,0,0,0,0,low_activity,0,0,0,7,0,7,13435,5654,-0.4076,0,-130,25,18,36,35,1
1775349089,35,64,0,0,0,0,no_volume,0,0,0,0,no_volume,0,0,0,0,low_activity,0,0,0,7,0,7,12887,5654,-0.3901,-548,-678,25,18,36,35,1
1775349090,35,64,0,0,0,0,no_volume,0,0,0,0,no_volume,0,0,0,0,no_volume,0,0,0,7,0,7,13806,5867,-0.4035,371,241,26,19,36,35,1
1775349091,35,64,0,0,0,0,no_volume,0,0,0,0,no_volume,0,0,0,0,no_volume,0,0,0,7,0,7,13697,5867,-0.4002,262,132,27,19,36,35,1
1775349092,35,64,0,0,0,0,no_volume,0,0,0,0,no_volume,0,0,0,0,no_volume,0,0,0,7,0,7,13697,5867,-0.4002,810,132,27,19,36,35,1
1775349093,36,63,0,0,0,0,no_volume,0,0,0,0,no_volume,0,0,0,0,no_volume,0,0,0,7,0,7,13697,5895,-0.3982,-109,69,25,20,37,36,1
1775349094,36,63,0,0,0,0,no_volume,0,0,0,0,no_volume,0,0,0,0,no_volume,0,0,0,7,0,7,13697,5895,-0.3982,0,262,25,20,37,36,1
1775349095,36,63,0,0,0,0,no_volume,0,0,0,0,no_volume,0,0,0,0,no_volume,0,0,0,7,0,7,13697,5895,-0.3982,0,262,25,20,37,36,1
1775349096,36,63,0,0,0,0,no_volume,0,0,0,0,no_volume,0,0,0,0,no_volume,0,0,0,7,0,7,13697,5895,-0.3982,0,262,25,20,37,36,1
1775349097,36,63,0,0,0,0,no_volume,0,0,0,0,no_volume,0,0,0,0,no_volume,0,0,0,7,0,7,13697,5895,-0.3982,0,262,25,20,37,36,1
1775349098,36,63,0,0,0,0,no_volume,0,0,0,0,no_volume,0,0,0,0,no_volume,0,0,0,7,0,7,13697,5895,-0.3982,0,262,25,20,37,36,1
1775349099,36,63,0,0,0,0,no_volume,0,0,0,0,no_volume,0,0,0,0,no_volume,0,0,0,7,0,7,13697,5895,-0.3982,0,810,25,20,37,36,1
1775349100,36,63,0,0,0,0,no_volume,0,0,0,0,no_volume,0,0,0,0,no_volume,0,0,0,7,0,7,13697,5895,-0.3982,0,-109,25,20,37,36,1
1775349101,36,63,0,0,0,0,no_volume,0,0,0,0,no_volume,0,0,0,0,no_volume,0,0,0,7,0,7,13697,5895,-0.3982,0,0,25,20,37,36,1
1775349102,36,63,0,0,0,0,no_volume,0,0,0,0,no_volume,0,0,0,0,no_volume,0,0,0,7,0,7,13697,5895,-0.3982,0,0,25,20,37,36,1
1775349103,36,63,0,0,0,0,no_volume,0,0,0,0,no_volume,0,0,0,0,no_volume,0,0,0,7,0,7,13697,5895,-0.3982,0,0,25,20,37,36,1
1775349104,36,63,0,0,0,0,no_volume,0,0,0,0,no_volume,0,0,0,0,no_volume,0,0,0,7,0,7,13697,5895,-0.3982,0,0,25,20,37,36,1
1775349105,36,63,0,0,0,0,no_volume,0,0,0,0,no_volume,0,0,0,0,no_volume,0,0,0,7,0,7,12277,5895,-0.3512,-1420,-1420,24,20,37,36,1
1775349106,36,63,0,0,0,0,no_volume,0,0,0,0,no_volume,0,0,0,0,no_volume,0,0,0,7,0,7,12277,5895,-0.3512,-1420,-1420,24,20,37,36,1
1775349107,36,63,0,0,0,0,no_volume,0,0,0,0,no_volume,0,0,0,0,no_volume,0,0,0,7,0,7,12277,5895,-0.3512,-1420,-1420,24,20,37,36,1
1775349108,36,63,0,0,0,0,no_volume,0,0,0,0,no_volume,0,0,0,0,no_volume,0,0,0,7,0,7,12277,5895,-0.3512,0,-1420,24,20,37,36,1
1775349109,36,63,0,0,0,0,no_volume,0,0,0,0,no_volume,0,0,0,0,no_volume,0,0,0,7,0,7,12277,5895,-0.3512,0,-1420,24,20,37,36,1
1775349110,36,63,0,0,0,0,no_volume,0,0,0,0,no_volume,0,0,0,0,no_volume,0,0,0,7,0,7,12277,5895,-0.3512,0,-1420,24,20,37,36,1
1775349111,36,63,0,0,0,0,no_volume,0,0,0,0,no_volume,0,0,0,0,no_volume,0,0,0,7,0,7,12304,5890,-0.3525,27,-1393,25,21,37,36,1
1775349112,36,63,0,0,0,0,no_volume,0,0,0,0,no_volume,0,0,0,0,no_volume,0,0,0,7,0,7,12304,5890,-0.3525,27,-1393,25,21,37,36,1
1775349113,36,63,0,0,0,0,no_volume,0,0,0,0,no_volume,0,0,0,0,no_volume,0,0,0,7,0,7,12244,5890,-0.3504,-33,-1453,25,21,37,36,1
1775349114,36,63,0,0,0,0,no_volume,0,0,0,0,no_volume,0,0,0,0,no_volume,0,0,0,7,0,7,12337,5898,-0.3531,33,-1360,24,21,37,36,1
1775349115,36,63,0,0,0,0,no_volume,0,0,0,0,no_volume,0,0,0,0,no_volume,0,0,0,7,0,7,12337,5898,-0.3531,33,60,24,21,37,36,1
1775349116,36,63,0,0,0,0,no_volume,0,0,0,0,no_volume,0,0,0,0,no_volume,0,0,0,7,0,7,12337,5898,-0.3531,93,60,24,21,37,36,1
1775349117,36,63,0,0,0,0,no_volume,0,0,0,0,no_volume,0,0,0,0,no_volume,0,0,0,7,0,7,12337,5648,-0.3719,0,60,24,20,37,36,1
1775349118,36,63,0,0,0,0,no_volume,0,0,0,0,no_volume,0,0,0,0,no_volume,0,0,0,7,0,7,12337,5648,-0.3719,0,60,24,20,37,36,1
1775349119,36,63,0,0,0,0,no_volume,0,0,0,0,no_volume,0,0,0,0,no_volume,0,0,0,7,0,7,12337,5648,-0.3719,0,60,24,20,37,36,1
1775349120,36,63,0,0,0,0,no_volume,0,0,0,0,no_volume,0,0,0,0,no_volume,0,0,0,0,0,0,12337,5648,-0.3719,0,60,24,20,37,36,1
1775349121,36,63,0,0,0,0,no_volume,0,0,0,0,no_volume,0,0,0,0,no_volume,0,0,0,0,0,0,12337,5648,-0.3719,0,33,24,20,37,36,1
1775349122,36,63,0,0,0,0,no_volume,0,0,0,0,no_volume,0,0,0,0,no_volume,0,0,0,0,0,0,12337,5648,-0.3719,0,33,24,20,37,36,1
1775349123,36,63,0,0,0,0,no_volume,0,0,0,0,no_volume,0,0,0,0,no_volume,0,0,0,0,0,0,12337,5648,-0.3719,0,93,24,20,37,36,1
1775349124,36,63,0,0,0,0,no_volume,0,0,0,0,no_volume,0,0,0,0,no_volume,0,0,0,0,0,0,12337,5648,-0.3719,0,0,24,20,37,36,1
1775349125,36,63,0,0,0,0,no_volume,0,0,0,0,no_volume,0,0,0,0,no_volume,0,0,0,0,0,0,12337,5648,-0.3719,0,0,24,20,37,36,1
1775349126,36,63,0,0,0,0,no_volume,0,0,0,0,no_volume,0,0,0,0,no_volume,0,0,0,0,0,0,12337,5648,-0.3719,0,0,24,20,37,36,1
1775349127,36,63,0,0,0,0,no_volume,0,0,0,0,no_volume,0,0,0,0,no_volume,0,0,0,0,0,0,12337,5648,-0.3719,0,0,24,20,37,36,1
1775349128,36,63,0,0,0,0,no_volume,0,0,0,0,no_volume,0,0,0,0,no_volume,0,0,0,0,0,0,12337,5648,-0.3719,0,0,24,20,37,36,1
1775349129,36,63,0,0,0,0,no_volume,0,0,0,0,no_volume,0,0,0,0,no_volume,0,0,0,0,0,0,12337,5648,-0.3719,0,0,24,20,37,36,1
1775349130,36,63,0,0,0,0,no_volume,0,0,0,0,no_volume,0,0,0,0,no_volume,0,0,0,0,0,0,12337,5648,-0.3719,0,0,24,20,37,36,1
1775349131,36,63,0,0,0,0,no_volume,0,0,0,0,no_volume,0,0,0,0,no_volume,0,0,0,0,0,0,12337,5648,-0.3719,0,0,24,20,37,36,1
1775349132,36,63,0,0,0,0,no_volume,0,0,0,0,no_volume,0,0,0,0,no_volume,0,0,0,0,0,0,12337,5648,-0.3719,0,0,24,20,37,36,1
1775349133,36,63,0,0,0,0,no_volume,0,0,0,0,no_volume,0,0,0,0,no_volume,0,0,0,0,0,0,12337,5648,-0.3719,0,0,24,20,37,36,1
1775349134,36,63,0,0,0,0,no_volume,0,0,0,0,no_volume,0,0,0,0,no_volume,0,0,0,0,0,0,12337,5648,-0.3719,0,0,24,20,37,36,1
1775349135,36,63,0,0,0,0,no_volume,0,0,0,0,no_volume,0,0,0,0,no_volume,0,0,0,0,0,0,12337,5648,-0.3719,0,0,24,20,37,36,1
1775349136,36,63,0,0,0,0,no_volume,0,0,0,0,no_volume,0,0,0,0,no_volume,0,0,0,0,0,0,11763,5909,-0.3313,-574,-574,25,20,37,36,1
1775349137,36,63,0,0,0,0,no_volume,0,0,0,0,no_volume,0,0,0,0,no_volume,0,0,0,0,0,0,11764,5909,-0.3313,-573,-573,26,19,37,36,1
1775349138,36,63,0,0,0,0,no_volume,0,0,0,0,no_volume,0,0,0,0,no_volume,0,0,0,0,0,0,12477,5909,-0.3572,140,140,28,19,37,36,1
1775349139,36,63,0,0,0,0,no_volume,0,0,0,0,no_volume,0,0,0,0,no_volume,0,0,0,0,0,0,12467,5909,-0.3569,704,130,28,19,37,36,1
1775349140,36,63,0,0,0,0,no_volume,0,0,0,0,no_volume,0,0,0,0,no_volume,0,0,0,0,0,0,12467,5909,-0.3569,703,130,28,19,37,36,1
1775349141,36,63,0,0,0,0,no_volume,0,0,0,0,no_volume,0,0,0,0,no_volume,0,0,0,0,0,0,12467,5909,-0.3569,-10,130,28,19,37,36,1
1775349142,36,63,0,0,0,0,no_volume,0,0,0,0,no_volume,0,0,0,0,no_volume,0,0,0,0,0,0,12477,5909,-0.3572,10,140,28,19,37,36,1
1775349143,36,63,0,0,0,0,no_volume,0,0,0,0,no_volume,0,0,0,0,no_volume,0,0,0,0,0,0,12477,5909,-0.3572,10,140,28,19,37,36,1
1775349144,36,63,0,0,0,0,no_volume,0,0,0,0,no_volume,0,0,0,0,no_volume,0,0,0,0,0,0,12477,5909,-0.3572,10,140,28,19,37,36,1
1775349145,36,63,0,0,0,0,no_volume,0,0,0,0,no_volume,0,0,0,0,no_volume,0,0,0,0,0,0,12467,5909,-0.3569,-10,130,28,19,37,36,1
1775349146,36,63,0,0,0,0,no_volume,0,0,0,0,no_volume,0,0,0,0,no_volume,0,0,0,0,0,0,12467,5909,-0.3569,-10,704,28,19,37,36,1
1775349147,36,63,0,0,0,0,no_volume,0,0,0,0,no_volume,0,0,0,0,no_volume,0,0,0,0,0,0,12467,5909,-0.3569,-10,703,28,19,37,36,1
1775349148,36,63,0,0,0,0,no_volume,0,0,0,0,no_volume,0,0,0,0,no_volume,0,0,0,0,0,0,12467,5909,-0.3569,0,-10,28,19,37,36,1
1775349149,36,63,0,0,0,0,no_volume,0,0,0,0,no_volume,0,0,0,0,no_volume,0,0,0,0,0,0,12467,5909,-0.3569,0,0,28,19,37,36,1
1775349150,36,63,0,0,0,0,no_volume,0,0,0,0,no_volume,0,0,0,0,no_volume,0,0,0,0,0,0,12467,5909,-0.3569,0,0,28,19,37,36,1
1775349151,36,63,0,0,0,0,no_volume,0,0,0,0,no_volume,0,0,0,0,no_volume,0,0,0,0,0,0,12467,5909,-0.3569,0,0,28,19,37,36,1
1775349152,36,63,0,0,0,0,no_volume,0,0,0,0,no_volume,0,0,0,0,no_volume,0,0,0,0,0,0,12467,5909,-0.3569,0,-10,28,19,37,36,1
1775349153,36,63,0,0,0,0,no_volume,0,0,0,0,no_volume,0,0,0,0,no_volume,0,0,0,0,0,0,12467,5909,-0.3569,0,-10,28,19,37,36,1
1775349154,36,63,0,0,0,0,no_volume,0,0,0,0,no_volume,0,0,0,0,no_volume,0,0,0,0,0,0,12467,5909,-0.3569,0,-10,28,19,37,36,1
1775349155,36,63,0,0,0,0,no_volume,0,0,0,0,no_volume,0,0,0,0,no_volume,0,0,0,0,0,0,12417,5909,-0.3551,-50,-50,28,19,37,36,1
1775349156,36,63,0,0,0,0,no_volume,0,0,0,0,no_volume,0,0,0,0,no_volume,0,0,0,0,0,0,12417,5909,-0.3551,-50,-50,28,19,37,36,1
1775349157,36,63,0,0,0,0,no_volume,0,0,0,0,no_volume,0,0,0,0,no_volume,0,0,0,0,0,0,12417,5909,-0.3551,-50,-50,28,19,37,36,1
1775349158,36,63,0,0,0,0,no_volume,0,0,0,0,no_volume,0,0,0,0,no_volume,0,0,0,0,0,0,12417,5909,-0.3551,0,-50,28,19,37,36,1
1775349159,36,63,0,0,0,0,no_volume,0,0,0,0,no_volume,0,0,0,0,no_volume,0,0,0,0,0,0,12417,5909,-0.3551,0,-50,28,19,37,36,1
1775349160,36,63,0,0,0,0,no_volume,0,0,0,0,no_volume,0,0,0,0,no_volume,0,0,0,0,0,0,12417,5909,-0.3551,0,-50,28,19,37,36,1
1775349161,36,63,0,0,0,0,no_volume,0,0,0,0,no_volume,0,0,0,0,no_volume,0,0,0,0,0,0,12417,5909,-0.3551,0,-50,28,19,37,36,1
1775349162,36,63,0,0,0,0,no_volume,0,0,0,0,no_volume,0,0,0,0,no_volume,0,0,0,0,0,0,11917,5909,-0.337,-500,-550,28,19,37,36,1
1775349163,36,63,0,0,0,0,no_volume,0,0,0,0,no_volume,0,0,0,0,no_volume,0,0,0,0,0,0,12417,5909,-0.3551,0,-50,28,19,37,36,1
1775349164,36,63,0,0,0,0,no_volume,0,0,0,0,no_volume,0,0,0,0,no_volume,0,0,0,0,0,0,12417,5909,-0.3551,0,-50,28,19,37,36,1
1775349165,36,63,0,0,0,0,no_volume,0,0,0,0,no_volume,0,0,0,0,no_volume,0,0,0,0,0,0,12417,5909,-0.3551,500,0,28,19,37,36,1
1775349166,36,63,0,0,0,0,no_volume,0,0,0,0,no_volume,0,0,0,0,no_volume,0,0,0,0,0,0,12417,5909,-0.3551,0,0,28,19,37,36,1
1775349167,36,63,0,0,0,0,no_volume,0,0,0,0,no_volume,0,0,0,0,no_volume,0,0,0,0,0,0,12417,5909,-0.3551,0,0,28,19,37,36,1
1775349168,36,63,0,0,0,0,no_volume,0,0,0,0,no_volume,0,0,0,0,no_volume,0,0,0,0,0,0,12417,5909,-0.3551,0,0,28,19,37,36,1
1775349169,36,63,0,0,0,0,no_volume,0,0,0,0,no_volume,0,0,0,0,no_volume,0,0,0,0,0,0,12417,5909,-0.3551,0,0,28,19,37,36,1
1775349170,36,63,0,0,0,0,no_volume,0,0,0,0,no_volume,0,0,0,0,no_volume,0,0,0,0,0,0,12417,5909,-0.3551,0,0,28,19,37,36,1
1775349171,36,63,0,0,0,0,no_volume,0,0,0,0,no_volume,0,0,0,0,no_volume,0,0,0,0,0,0,12417,5909,-0.3551,0,0,28,19,37,36,1
1775349172,36,63,0,0,0,0,no_volume,0,0,0,0,no_volume,0,0,0,0,no_volume,0,0,0,0,0,0,12417,5909,-0.3551,0,500,28,19,37,36,1
1775349173,36,63,0,0,0,0,no_volume,0,0,0,0,no_volume,0,0,0,0,no_volume,0,0,0,0,0,0,12417,5909,-0.3551,0,0,28,19,37,36,1
1775349174,36,63,0,0,0,0,no_volume,0,0,0,0,no_volume,0,0,0,0,no_volume,0,0,0,0,0,0,12417,5909,-0.3551,0,0,28,19,37,36,1
1775349175,36,63,0,0,0,0,no_volume,0,0,0,0,no_volume,0,0,0,0,no_volume,0,0,0,0,0,0,12417,5909,-0.3551,0,0,28,19,37,36,1
1775349176,36,63,0,0,0,0,no_volume,0,0,0,0,no_volume,0,0,0,0,no_volume,0,0,0,0,0,0,12417,5909,-0.3551,0,0,28,19,37,36,1
1775349177,36,63,0,0,0,0,no_volume,0,0,0,0,no_volume,0,0,0,0,no_volume,0,0,0,0,0,0,12417,5909,-0.3551,0,0,28,19,37,36,1
1775349178,36,63,0,0,0,0,no_volume,0,0,0,0,no_volume,0,0,0,0,no_volume,0,0,0,0,0,0,12417,5909,-0.3551,0,0,28,19,37,36,1
1775349179,36,63,0,0,0,0,no_volume,0,0,0,0,no_volume,0,0,0,0,no_volume,0,0,0,0,0,0,12417,5909,-0.3551,0,0,28,19,37,36,1
1775349180,36,63,0,12,0,12,low_activity,0,12,0,12,low_activity,0,12,0,12,low_activity,12,0,12,12,0,12,12405,5909,-0.3547,-12,-12,28,19,37,36,1
1775349181,36,63,0,12,0,12,low_activity,0,12,0,12,low_activity,0,12,0,12,low_activity,0,0,0,12,0,12,12405,5909,-0.3547,-12,-12,28,19,37,36,1
1775349182,36,63,0,12,0,12,low_activity,0,12,0,12,low_activity,0,12,0,12,low_activity,0,0,0,12,0,12,12405,5909,-0.3547,-12,-12,28,19,37,36,1
1775349183,36,63,0,0,0,0,no_volume,0,12,0,12,low_activity,0,12,0,12,low_activity,0,0,0,12,0,12,12405,5909,-0.3547,0,-12,28,19,37,36,1
1775349184,36,63,0,0,0,0,no_volume,0,12,0,12,low_activity,0,12,0,12,low_activity,0,0,0,12,0,12,12405,5909,-0.3547,0,-12,28,19,37,36,1
1775349185,36,63,0,0,0,0,no_volume,0,0,0,0,no_volume,0,12,0,12,low_activity,0,0,0,12,0,12,12405,5909,-0.3547,0,-12,28,19,37,36,1
1775349186,36,63,0,0,0,0,no_volume,0,0,0,0,no_volume,0,12,0,12,low_activity,0,0,0,12,0,12,12405,5909,-0.3547,0,-12,28,19,37,36,1
1775349187,36,63,0,0,0,0,no_volume,0,0,0,0,no_volume,0,12,0,12,low_activity,0,0,0,12,0,12,12405,5909,-0.3547,0,-12,28,19,37,36,1
1775349188,36,63,0,0,0,0,no_volume,0,0,0,0,no_volume,0,12,0,12,low_activity,0,0,0,12,0,12,12405,5909,-0.3547,0,-12,28,19,37,36,1
1775349189,36,63,0,0,0,0,no_volume,0,0,0,0,no_volume,0,12,0,12,low_activity,0,0,0,12,0,12,12405,5909,-0.3547,0,-12,28,19,37,36,1
1775349190,36,63,0,0,0,0,no_volume,0,0,0,0,no_volume,0,12,0,12,low_activity,0,0,0,12,0,12,12405,5909,-0.3547,0,0,28,19,37,36,1
1775349191,36,63,0,0,0,0,no_volume,0,0,0,0,no_volume,0,12,0,12,low_activity,0,0,0,12,0,12,12405,5909,-0.3547,0,0,28,19,37,36,1
1775349192,36,63,0,0,0,0,no_volume,0,0,0,0,no_volume,0,12,0,12,low_activity,0,0,0,12,0,12,12405,5909,-0.3547,0,0,28,19,37,36,1
1775349193,36,63,0,0,0,0,no_volume,0,0,0,0,no_volume,0,12,0,12,low_activity,0,0,0,12,0,12,12405,5909,-0.3547,0,0,28,19,37,36,1
1775349194,36,63,0,0,0,0,no_volume,0,0,0,0,no_volume,0,12,0,12,low_activity,0,0,0,12,0,12,12005,5909,-0.3403,-400,-400,26,19,37,36,1
1775349195,36,63,0,0,0,0,no_volume,0,0,0,0,no_volume,0,12,0,12,low_activity,0,0,0,12,0,12,12005,5909,-0.3403,-400,-400,26,19,37,36,1
1775349196,36,63,0,0,0,0,no_volume,0,0,0,0,no_volume,0,12,0,12,low_activity,0,0,0,12,0,12,12005,5909,-0.3403,-400,-400,26,19,37,36,1
1775349197,36,63,0,0,0,0,no_volume,0,0,0,0,no_volume,0,12,0,12,low_activity,0,0,0,12,0,12,12005,5909,-0.3403,0,-400,26,19,37,36,1
1775349198,36,63,0,0,0,0,no_volume,0,0,0,0,no_volume,0,12,0,12,low_activity,0,0,0,12,0,12,12005,5909,-0.3403,0,-400,26,19,37,36,1
1775349199,36,63,0,0,0,0,no_volume,0,0,0,0,no_volume,0,12,0,12,low_activity,0,0,0,12,0,12,12005,5909,-0.3403,0,-400,26,19,37,36,1
1775349200,36,63,0,0,0,0,no_volume,0,0,0,0,no_volume,0,12,0,12,low_activity,0,0,0,12,0,12,11978,5897,-0.3402,-27,-427,25,21,37,36,1
1775349201,36,63,0,0,0,0,no_volume,0,0,0,0,no_volume,0,12,0,12,low_activity,0,0,0,12,0,12,11978,5897,-0.3402,-27,-427,25,21,37,36,1
1775349202,36,63,0,0,0,0,no_volume,0,0,0,0,no_volume,0,12,0,12,low_activity,0,0,0,12,0,12,11978,5897,-0.3402,-27,-427,25,21,37,36,1
1775349203,36,63,0,0,0,0,no_volume,0,0,0,0,no_volume,0,12,0,12,low_activity,0,0,0,12,0,12,11978,5897,-0.3402,0,-427,25,21,37,36,1
1775349204,36,63,0,0,0,0,no_volume,0,0,0,0,no_volume,0,12,0,12,low_activity,0,0,0,12,0,12,11978,5897,-0.3402,0,-27,25,21,37,36,1
1775349205,36,63,0,0,0,0,no_volume,0,0,0,0,no_volume,0,12,0,12,low_activity,0,0,0,12,0,12,11978,5897,-0.3402,0,-27,25,21,37,36,1
1775349206,36,63,0,0,0,0,no_volume,0,0,0,0,no_volume,0,12,0,12,low_activity,0,0,0,12,0,12,11978,5897,-0.3402,0,-27,25,21,37,36,1
1775349207,36,63,0,0,0,0,no_volume,0,0,0,0,no_volume,0,12,0,12,low_activity,0,0,0,12,0,12,11978,5897,-0.3402,0,-27,25,21,37,36,1
1775349208,36,63,0,0,0,0,no_volume,0,0,0,0,no_volume,0,12,0,12,low_activity,0,0,0,12,0,12,11978,5897,-0.3402,0,-27,25,21,37,36,1
1775349209,36,63,0,0,0,0,no_volume,0,0,0,0,no_volume,0,12,0,12,low_activity,0,0,0,12,0,12,11978,5897,-0.3402,0,-27,25,21,37,36,1
1775349210,36,63,0,0,0,0,no_volume,0,0,0,0,no_volume,0,0,0,0,no_volume,0,0,0,12,0,12,11978,5897,-0.3402,0,0,25,21,37,36,1
1775349211,36,63,0,0,0,0,no_volume,0,0,0,0,no_volume,0,0,0,0,no_volume,0,0,0,12,0,12,12128,5897,-0.3457,150,150,25,21,37,36,1
1775349212,36,63,0,0,0,0,no_volume,0,0,0,0,no_volume,0,0,0,0,no_volume,0,0,0,12,0,12,12378,5897,-0.3546,400,400,26,21,37,36,1
1775349213,36,63,0,0,0,0,no_volume,0,0,0,0,no_volume,0,0,0,0,no_volume,0,0,0,12,0,12,11978,5647,-0.3592,0,0,23,20,37,36,1
1775349214,36,63,0,0,0,0,no_volume,0,0,0,0,no_volume,0,0,0,0,no_volume,0,0,0,12,0,12,11978,5647,-0.3592,-150,0,23,20,37,36,1
1775349215,36,63,0,0,0,0,no_volume,0,0,0,0,no_volume,0,0,0,0,no_volume,0,0,0,12,0,12,12207,5647,-0.3674,-171,229,23,20,37,36,1
1775349216,36,63,0,0,0,0,no_volume,0,0,0,0,no_volume,0,0,0,0,no_volume,0,0,0,12,0,12,12207,5647,-0.3674,229,229,23,20,37,36,1
1775349217,36,63,0,0,0,0,no_volume,0,0,0,0,no_volume,0,0,0,0,no_volume,0,0,0,12,0,12,11932,5619,-0.3597,-46,-46,22,20,37,36,1
1775349218,36,63,0,0,0,0,no_volume,0,0,0,0,no_volume,0,0,0,0,no_volume,0,0,0,12,0,12,11932,5619,-0.3597,-275,-46,22,20,37,36,1
1775349219,36,63,0,0,0,0,no_volume,0,0,0,0,no_volume,0,0,0,0,no_volume,0,0,0,12,0,12,11932,5619,-0.3597,-275,-46,22,20,37,36,1
1775349220,36,63,0,0,0,0,no_volume,0,0,0,0,no_volume,0,0,0,0,no_volume,0,0,0,12,0,12,11932,5619,-0.3597,0,-46,22,20,37,36,1
1775349221,36,63,0,0,0,0,no_volume,0,0,0,0,no_volume,0,0,0,0,no_volume,0,0,0,12,0,12,11957,5642,-0.3588,25,-171,23,20,37,36,1
1775349222,36,63,0,0,0,0,no_volume,0,0,0,0,no_volume,0,0,0,0,no_volume,0,0,0,12,0,12,11957,5642,-0.3588,25,-421,23,20,37,36,1
1775349223,36,63,0,0,0,0,no_volume,0,0,0,0,no_volume,0,0,0,0,no_volume,0,0,0,12,0,12,11957,5642,-0.3588,25,-21,23,20,37,36,1
1775349224,36,63,0,0,0,0,no_volume,0,0,0,0,no_volume,0,0,0,0,no_volume,0,0,0,12,0,12,11957,5642,-0.3588,0,-21,23,20,37,36,1
1775349225,36,63,0,0,0,0,no_volume,0,0,0,0,no_volume,0,0,0,0,no_volume,0,0,0,12,0,12,11957,5642,-0.3588,0,-250,23,20,37,36,1
1775349226,36,63,0,0,0,0,no_volume,0,0,0,0,no_volume,0,0,0,0,no_volume,0,0,0,12,0,12,11957,5642,-0.3588,0,-250,23,20,37,36,1
1775349227,36,63,0,0,0,0,no_volume,0,0,0,0,no_volume,0,0,0,0,no_volume,0,0,0,12,0,12,11957,5642,-0.3588,0,25,23,20,37,36,1
1775349228,36,63,0,0,0,0,no_volume,0,0,0,0,no_volume,0,0,0,0,no_volume,0,0,0,12,0,12,11957,5642,-0.3588,0,25,23,20,37,36,1
1775349229,36,63,0,0,0,0,no_volume,0,0,0,0,no_volume,0,0,0,0,no_volume,0,0,0,12,0,12,11957,5642,-0.3588,0,25,23,20,37,36,1
1775349230,36,63,0,0,0,0,no_volume,0,0,0,0,no_volume,0,0,0,0,no_volume,0,0,0,12,0,12,11957,5642,-0.3588,0,25,23,20,37,36,1
1775349231,36,63,0,0,0,0,no_volume,0,0,0,0,no_volume,0,0,0,0,no_volume,0,0,0,12,0,12,11957,5642,-0.3588,0,0,23,20,37,36,1
1775349232,36,63,0,0,0,0,no_volume,0,0,0,0,no_volume,0,0,0,0,no_volume,0,0,0,12,0,12,11957,5642,-0.3588,0,0,23,20,37,36,1
1775349233,36,63,0,0,0,0,no_volume,0,0,0,0,no_volume,0,0,0,0,no_volume,0,0,0,12,0,12,11957,5642,-0.3588,0,0,23,20,37,36,1
1775349234,36,63,0,0,0,0,no_volume,0,0,0,0,no_volume,0,0,0,0,no_volume,0,0,0,12,0,12,11957,5642,-0.3588,0,0,23,20,37,36,1
1775349235,36,63,0,0,0,0,no_volume,0,0,0,0,no_volume,0,0,0,0,no_volume,0,0,0,12,0,12,11957,5642,-0.3588,0,0,23,20,37,36,1
1775349236,36,63,0,0,0,0,no_volume,0,0,0,0,no_volume,0,0,0,0,no_volume,0,0,0,12,0,12,11957,5642,-0.3588,0,0,23,20,37,36,1
1775349237,36,63,0,0,0,0,no_volume,0,0,0,0,no_volume,0,0,0,0,no_volume,0,0,0,12,0,12,11957,5642,-0.3588,0,0,23,20,37,36,1
1775349238,36,63,0,0,0,0,no_volume,0,0,0,0,no_volume,0,0,0,0,no_volume,0,0,0,12,0,12,11957,5642,-0.3588,0,0,23,20,37,36,1
1775349239,36,63,0,0,0,0,no_volume,0,0,0,0,no_volume,0,0,0,0,no_volume,0,0,0,12,0,12,11957,5642,-0.3588,0,0,23,20,37,36,1
1775349240,36,63,0,0,0,0,no_volume,0,0,0,0,no_volume,0,0,0,0,no_volume,0,0,0,0,0,0,11957,5642,-0.3588,0,0,23,20,37,36,1
1775349241,36,63,0,0,0,0,no_volume,0,0,0,0,no_volume,0,0,0,0,no_volume,0,0,0,0,0,0,11957,5642,-0.3588,0,0,23,20,37,36,1
1775349242,36,63,0,0,0,0,no_volume,0,0,0,0,no_volume,0,0,0,0,no_volume,0,0,0,0,0,0,11957,5642,-0.3588,0,0,23,20,37,36,1
1775349243,36,63,0,0,0,0,no_volume,0,0,0,0,no_volume,0,0,0,0,no_volume,0,0,0,0,0,0,11957,5642,-0.3588,0,0,23,20,37,36,1
1775349244,36,63,0,0,0,0,no_volume,0,0,0,0,no_volume,0,0,0,0,no_volume,0,0,0,0,0,0,11957,5642,-0.3588,0,0,23,20,37,36,1
1775349245,36,63,0,0,0,0,no_volume,0,0,0,0,no_volume,0,0,0,0,no_volume,0,0,0,0,0,0,11478,5907,-0.3204,-479,-479,25,20,37,36,1
1775349246,36,63,0,0,0,0,no_volume,0,0,0,0,no_volume,0,0,0,0,no_volume,0,0,0,0,0,0,12396,5907,-0.3545,439,439,27,20,37,36,1
1775349247,36,63,0,0,0,0,no_volume,0,0,0,0,no_volume,0,0,0,0,no_volume,0,0,0,0,0,0,12425,5907,-0.3556,468,468,27,20,37,36,1
1775349248,36,63,0,0,0,0,no_volume,0,0,0,0,no_volume,0,0,0,0,no_volume,0,0,0,0,0,0,12425,5907,-0.3556,947,468,27,20,37,36,1
1775349249,36,63,0,0,0,0,no_volume,0,0,0,0,no_volume,0,0,0,0,no_volume,0,0,0,0,0,0,12425,5907,-0.3556,29,468,27,20,37,36,1
1775349250,36,63,0,0,0,0,no_volume,0,0,0,0,no_volume,0,0,0,0,no_volume,0,0,0,0,0,0,12425,5907,-0.3556,0,468,27,20,37,36,1
1775349251,36,63,0,0,0,0,no_volume,0,0,0,0,no_volume,0,0,0,0,no_volume,0,0,0,0,0,0,12425,5907,-0.3556,0,468,27,20,37,36,1
1775349252,36,63,0,0,0,0,no_volume,0,0,0,0,no_volume,0,0,0,0,no_volume,0,0,0,0,0,0,12425,5907,-0.3556,0,468,27,20,37,36,1
1775349253,36,63,0,0,0,0,no_volume,0,0,0,0,no_volume,0,0,0,0,no_volume,0,0,0,0,0,0,12425,5907,-0.3556,0,468,26,20,37,36,1
1775349254,36,63,0,0,0,0,no_volume,0,0,0,0,no_volume,0,0,0,0,no_volume,0,0,0,0,0,0,12425,5907,-0.3556,0,468,26,20,37,36,1
1775349255,36,63,0,0,0,0,no_volume,0,0,0,0,no_volume,0,0,0,0,no_volume,0,0,0,0,0,0,12025,5907,-0.3412,-400,547,24,20,37,36,1
1775349256,36,63,0,0,0,0,no_volume,0,0,0,0,no_volume,0,0,0,0,no_volume,0,0,0,0,0,0,12025,5907,-0.3412,-400,-371,24,20,37,36,1
1775349257,36,63,0,0,0,0,no_volume,0,0,0,0,no_volume,0,0,0,0,no_volume,0,0,0,0,0,0,12025,5907,-0.3412,-400,-400,24,20,37,36,1
1775349258,36,63,0,0,0,0,no_volume,0,0,0,0,no_volume,0,0,0,0,no_volume,0,0,0,0,0,0,12025,5907,-0.3412,0,-400,24,20,37,36,1
1775349259,36,63,0,0,0,0,no_volume,0,0,0,0,no_volume,0,0,0,0,no_volume,0,0,0,0,0,0,12025,5907,-0.3412,0,-400,24,20,37,36,1
1775349260,36,63,0,0,0,0,no_volume,0,0,0,0,no_volume,0,0,0,0,no_volume,0,0,0,0,0,0,12025,5907,-0.3412,0,-400,24,20,37,36,1
1775349261,36,63,0,0,0,0,no_volume,0,0,0,0,no_volume,0,0,0,0,no_volume,0,0,0,0,0,0,12025,5907,-0.3412,0,-400,24,20,37,36,1
1775349262,36,63,0,0,0,0,no_volume,0,0,0,0,no_volume,0,0,0,0,no_volume,0,0,0,0,0,0,16493,10386,-0.2272,4468,4068,25,20,37,36,1
1775349263,36,63,0,0,0,0,no_volume,0,0,0,0,no_volume,0,0,0,0,no_volume,0,0,0,0,0,0,17493,10136,-0.2663,5468,5068,25,19,37,36,1
1775349264,36,63,0,0,0,0,no_volume,0,0,0,0,no_volume,0,0,0,0,no_volume,0,0,0,0,0,0,18493,11136,-0.2483,6468,6068,26,20,37,36,1
1775349265,36,63,0,0,0,0,no_volume,0,0,0,0,no_volume,0,0,0,0,no_volume,0,0,0,0,0,0,18493,12136,-0.2075,2000,6468,27,21,37,36,1
1775349266,36,63,0,0,0,0,no_volume,0,0,0,0,no_volume,0,0,0,0,no_volume,0,0,0,0,0,0,18493,12136,-0.2075,1000,6468,28,21,37,36,1
1775349267,36,63,0,0,0,0,no_volume,0,0,0,0,no_volume,0,0,0,0,no_volume,0,0,0,0,0,0,18493,12136,-0.2075,0,6468,28,21,37,36,1
1775349268,36,63,0,0,0,0,no_volume,0,0,0,0,no_volume,0,0,0,0,no_volume,0,0,0,0,0,0,18493,12136,-0.2075,0,6468,28,21,37,36,1
1775349269,36,63,0,0,0,0,no_volume,0,0,0,0,no_volume,0,0,0,0,no_volume,0,0,0,0,0,0,18493,12136,-0.2075,0,6468,28,21,37,36,1
1775349270,36,63,0,0,0,0,no_volume,0,0,0,0,no_volume,0,0,0,0,no_volume,0,0,0,0,0,0,18493,12136,-0.2075,0,6468,28,21,37,36,1
1775349271,36,63,0,0,0,0,no_volume,0,0,0,0,no_volume,0,0,0,0,no_volume,0,0,0,0,0,0,18493,12136,-0.2075,0,6468,28,21,37,36,1
1775349272,36,63,0,0,0,0,no_volume,0,0,0,0,no_volume,0,0,0,0,no_volume,0,0,0,0,0,0,18493,12136,-0.2075,0,2000,28,21,37,36,1
1775349273,36,63,0,0,0,0,no_volume,0,0,0,0,no_volume,0,0,0,0,no_volume,0,0,0,0,0,0,18493,12136,-0.2075,0,1000,28,21,37,36,1
1775349274,36,63,0,0,0,0,no_volume,0,0,0,0,no_volume,0,0,0,0,no_volume,0,0,0,0,0,0,18493,12136,-0.2075,0,0,28,21,37,36,1
1775349275,36,63,0,0,0,0,no_volume,0,0,0,0,no_volume,0,0,0,0,no_volume,0,0,0,0,0,0,18493,12136,-0.2075,0,0,28,21,37,36,1
1775349276,36,63,0,0,0,0,no_volume,0,0,0,0,no_volume,0,0,0,0,no_volume,0,0,0,0,0,0,18493,12136,-0.2075,0,0,28,21,37,36,1
1775349277,36,63,0,0,0,0,no_volume,0,0,0,0,no_volume,0,0,0,0,no_volume,0,0,0,0,0,0,18493,12136,-0.2075,0,0,28,21,37,36,1
1775349278,36,63,0,0,0,0,no_volume,0,0,0,0,no_volume,0,0,0,0,no_volume,0,0,0,0,0,0,18493,12136,-0.2075,0,0,28,21,37,36,1
1775349279,36,63,0,0,0,0,no_volume,0,0,0,0,no_volume,0,0,0,0,no_volume,0,0,0,0,0,0,18493,12136,-0.2075,0,0,28,21,37,36,1
1775349280,36,63,0,0,0,0,no_volume,0,0,0,0,no_volume,0,0,0,0,no_volume,0,0,0,0,0,0,18493,12136,-0.2075,0,0,28,21,37,36,1
1775349281,36,63,0,0,0,0,no_volume,0,0,0,0,no_volume,0,0,0,0,no_volume,0,0,0,0,0,0,18493,12136,-0.2075,0,0,28,21,37,36,1
1775349282,36,63,0,0,0,0,no_volume,0,0,0,0,no_volume,0,0,0,0,no_volume,0,0,0,0,0,0,18493,12136,-0.2075,0,0,28,21,37,36,1
1775349283,36,63,0,0,0,0,no_volume,0,0,0,0,no_volume,0,0,0,0,no_volume,0,0,0,0,0,0,18493,12136,-0.2075,0,0,28,21,37,36,1
1775349284,36,63,0,0,0,0,no_volume,0,0,0,0,no_volume,0,0,0,0,no_volume,0,0,0,0,0,0,18401,12061,-0.2081,-92,-92,27,20,37,36,1
1775349285,36,63,0,0,0,0,no_volume,0,0,0,0,no_volume,0,0,0,0,no_volume,0,0,0,0,0,0,18408,12069,-0.208,-85,-85,27,20,37,36,1
1775349286,36,63,0,0,0,0,no_volume,0,0,0,0,no_volume,0,0,0,0,no_volume,0,0,0,0,0,0,18408,12069,-0.208,-85,-85,27,20,37,36,1
1775349287,36,63,0,0,0,0,no_volume,0,0,0,0,no_volume,0,0,0,0,no_volume,0,0,0,0,0,0,18408,12069,-0.208,7,-85,27,20,37,36,1
1775349288,36,63,0,0,0,0,no_volume,0,0,0,0,no_volume,0,0,0,0,no_volume,0,0,0,0,0,0,18408,12069,-0.208,0,-85,27,20,37,36,1
1775349289,36,63,0,0,0,0,no_volume,0,0,0,0,no_volume,0,0,0,0,no_volume,0,0,0,0,0,0,18408,12069,-0.208,0,-85,27,20,37,36,1
1775349290,36,63,0,0,0,0,no_volume,0,0,0,0,no_volume,0,0,0,0,no_volume,0,0,0,0,0,0,18408,12069,-0.208,0,-85,27,20,37,36,1
1775349291,36,63,0,0,0,0,no_volume,0,0,0,0,no_volume,0,0,0,0,no_volume,0,0,0,0,0,0,18408,12069,-0.208,0,-85,27,20,37,36,1
1775349292,36,63,0,0,0,0,no_volume,0,0,0,0,no_volume,0,0,0,0,no_volume,0,0,0,0,0,0,18408,12069,-0.208,0,-85,27,20,37,36,1
1775349293,36,63,0,0,0,0,no_volume,0,0,0,0,no_volume,0,0,0,0,no_volume,0,0,0,0,0,0,18408,12069,-0.208,0,-85,27,20,37,36,1
1775349294,36,63,0,0,0,0,no_volume,0,0,0,0,no_volume,0,0,0,0,no_volume,0,0,0,0,0,0,18408,12069,-0.208,0,7,27,20,37,36,1
1775349295,36,63,0,0,0,0,no_volume,0,0,0,0,no_volume,0,0,0,0,no_volume,0,0,0,0,0,0,18408,12069,-0.208,0,0,27,20,37,36,1
1775349296,36,63,0,0,0,0,no_volume,0,0,0,0,no_volume,0,0,0,0,no_volume,0,0,0,0,0,0,18408,12069,-0.208,0,0,27,20,37,36,1
1775349297,36,63,0,0,0,0,no_volume,0,0,0,0,no_volume,0,0,0,0,no_volume,0,0,0,0,0,0,18408,12069,-0.208,0,0,27,20,37,36,1
1775349298,36,63,0,0,0,0,no_volume,0,0,0,0,no_volume,0,0,0,0,no_volume,0,0,0,0,0,0,18408,12069,-0.208,0,0,27,20,37,36,1
1775349299,36,63,0,0,0,0,no_volume,0,0,0,0,no_volume,0,0,0,0,no_volume,0,0,0,0,0,0,18408,12069,-0.208,0,0,27,20,37,36,1
1775349300,36,63,0,0,0,0,no_volume,0,0,0,0,no_volume,0,0,0,0,no_volume,0,0,0,0,0,0,18408,12069,-0.208,0,0,27,20,37,36,1
1775349301,36,63,0,0,0,0,no_volume,0,0,0,0,no_volume,0,0,0,0,no_volume,0,0,0,0,0,0,18408,12069,-0.208,0,0,27,20,37,36,1
1775349302,36,63,0,0,0,0,no_volume,0,0,0,0,no_volume,0,0,0,0,no_volume,0,0,0,0,0,0,18408,12069,-0.208,0,0,27,20,37,36,1
1775349303,36,63,0,0,0,0,no_volume,0,0,0,0,no_volume,0,0,0,0,no_volume,0,0,0,0,0,0,18408,12069,-0.208,0,0,27,20,37,36,1
1775349304,36,63,0,0,0,0,no_volume,0,0,0,0,no_volume,0,0,0,0,no_volume,0,0,0,0,0,0,18408,12069,-0.208,0,0,27,20,37,36,1
1775349305,36,63,0,0,0,0,no_volume,0,0,0,0,no_volume,0,0,0,0,no_volume,0,0,0,0,0,0,18408,12069,-0.208,0,0,27,20,37,36,1
1775349306,36,63,0,0,0,0,no_volume,0,0,0,0,no_volume,0,0,0,0,no_volume,0,0,0,0,0,0,18408,12069,-0.208,0,0,27,20,37,36,1
1775349307,36,63,0,0,0,0,no_volume,0,0,0,0,no_volume,0,0,0,0,no_volume,0,0,0,0,0,0,18408,12069,-0.208,0,0,27,20,37,36,1
1775349308,36,63,0,0,0,0,no_volume,0,0,0,0,no_volume,0,0,0,0,no_volume,0,0,0,0,0,0,18408,12069,-0.208,0,0,27,20,37,36,1
1775349309,36,63,0,0,0,0,no_volume,0,0,0,0,no_volume,0,0,0,0,no_volume,0,0,0,0,0,0,18408,12069,-0.208,0,0,27,20,37,36,1
1775349310,36,63,0,0,0,0,no_volume,0,0,0,0,no_volume,0,0,0,0,no_volume,0,0,0,0,0,0,18408,12069,-0.208,0,0,27,20,37,36,1
1775349311,36,63,0,0,0,0,no_volume,0,0,0,0,no_volume,0,0,0,0,no_volume,0,0,0,0,0,0,18408,12069,-0.208,0,0,27,20,37,36,1
1775349312,36,63,0,0,0,0,no_volume,0,0,0,0,no_volume,0,0,0,0,no_volume,0,0,0,0,0,0,18408,12069,-0.208,0,0,27,20,37,36,1
1775349313,36,63,0,0,0,0,no_volume,0,0,0,0,no_volume,0,0,0,0,no_volume,0,0,0,0,0,0,18408,12069,-0.208,0,0,27,20,37,36,1
1775349314,36,63,0,0,0,0,no_volume,0,0,0,0,no_volume,0,0,0,0,no_volume,0,0,0,0,0,0,18408,12069,-0.208,0,0,27,20,37,36,1
1775349315,36,63,0,0,0,0,no_volume,0,0,0,0,no_volume,0,0,0,0,no_volume,0,0,0,0,0,0,18408,12069,-0.208,0,0,27,20,37,36,1
1775349316,36,63,0,0,0,0,no_volume,0,0,0,0,no_volume,0,0,0,0,no_volume,0,0,0,0,0,0,18408,12069,-0.208,0,0,27,20,37,36,1
1775349317,36,63,0,0,0,0,no_volume,0,0,0,0,no_volume,0,0,0,0,no_volume,0,0,0,0,0,0,18408,12069,-0.208,0,0,27,20,37,36,1
1775349318,36,63,0,0,0,0,no_volume,0,0,0,0,no_volume,0,0,0,0,no_volume,0,0,0,0,0,0,18408,12069,-0.208,0,0,27,20,37,36,1
1775349319,36,63,0,0,0,0,no_volume,0,0,0,0,no_volume,0,0,0,0,no_volume,0,0,0,0,0,0,18408,12069,-0.208,0,0,27,20,37,36,1
1775349320,36,63,0,0,0,0,no_volume,0,0,0,0,no_volume,0,0,0,0,no_volume,0,0,0,0,0,0,18408,12069,-0.208,0,0,27,20,37,36,1
1775349321,36,63,0,0,0,0,no_volume,0,0,0,0,no_volume,0,0,0,0,no_volume,0,0,0,0,0,0,18408,12069,-0.208,0,0,27,20,37,36,1
1775349322,36,63,0,0,0,0,no_volume,0,0,0,0,no_volume,0,0,0,0,no_volume,0,0,0,0,0,0,18408,12069,-0.208,0,0,27,20,37,36,1
1775349323,36,63,0,0,0,0,no_volume,0,0,0,0,no_volume,0,0,0,0,no_volume,0,0,0,0,0,0,18408,12069,-0.208,0,0,27,20,37,36,1
1775349324,36,63,0,0,0,0,no_volume,0,0,0,0,no_volume,0,0,0,0,no_volume,0,0,0,0,0,0,18394,12069,-0.2076,-14,-14,27,20,37,36,1
1775349325,36,63,0,0,0,0,no_volume,0,0,0,0,no_volume,0,0,0,0,no_volume,0,0,0,0,0,0,18394,12069,-0.2076,-14,-14,27,20,37,36,1
1775349326,36,63,0,0,0,0,no_volume,0,0,0,0,no_volume,0,0,0,0,no_volume,0,0,0,0,0,0,18394,12069,-0.2076,-14,-14,27,20,37,36,1
1775349327,36,63,0,0,0,0,no_volume,0,0,0,0,no_volume,0,0,0,0,no_volume,0,0,0,0,0,0,18394,12069,-0.2076,0,-14,27,20,37,36,1
1775349328,36,63,0,0,0,0,no_volume,0,0,0,0,no_volume,0,0,0,0,no_volume,0,0,0,0,0,0,18394,12069,-0.2076,0,-14,27,20,37,36,1
1775349329,36,63,0,0,0,0,no_volume,0,0,0,0,no_volume,0,0,0,0,no_volume,0,0,0,0,0,0,18394,12069,-0.2076,0,-14,27,20,37,36,1
1775349330,36,63,0,0,0,0,no_volume,0,0,0,0,no_volume,0,0,0,0,no_volume,0,0,0,0,0,0,18394,12069,-0.2076,0,-14,27,20,37,36,1
1775349331,36,63,0,0,0,0,no_volume,0,0,0,0,no_volume,0,0,0,0,no_volume,0,0,0,0,0,0,18394,12069,-0.2076,0,-14,27,20,37,36,1
1775349332,36,63,0,0,0,0,no_volume,0,0,0,0,no_volume,0,0,0,0,no_volume,0,0,0,0,0,0,18394,12069,-0.2076,0,-14,27,20,37,36,1
1775349333,36,63,0,0,0,0,no_volume,0,0,0,0,no_volume,0,0,0,0,no_volume,0,0,0,0,0,0,18394,12080,-0.2072,0,-14,27,20,37,36,1
1775349334,36,63,0,0,0,0,no_volume,0,0,0,0,no_volume,0,0,0,0,no_volume,0,0,0,0,0,0,18394,12080,-0.2072,0,0,27,20,37,36,1
1775349335,36,63,0,0,0,0,no_volume,0,0,0,0,no_volume,0,0,0,0,no_volume,0,0,0,0,0,0,18394,12080,-0.2072,0,0,27,20,37,36,1
1775349336,36,63,0,0,0,0,no_volume,0,0,0,0,no_volume,0,0,0,0,no_volume,0,0,0,0,0,0,18394,12080,-0.2072,0,0,27,20,37,36,1
1775349337,36,63,0,0,0,0,no_volume,0,0,0,0,no_volume,0,0,0,0,no_volume,0,0,0,0,0,0,18394,12080,-0.2072,0,0,27,20,37,36,1
1775349338,36,63,0,0,0,0,no_volume,0,0,0,0,no_volume,0,0,0,0,no_volume,0,0,0,0,0,0,18394,12080,-0.2072,0,0,27,20,37,36,1
1775349339,36,63,0,0,0,0,no_volume,0,0,0,0,no_volume,0,0,0,0,no_volume,0,0,0,0,0,0,18394,12080,-0.2072,0,0,27,20,37,36,1
1775349340,36,63,0,0,0,0,no_volume,0,0,0,0,no_volume,0,0,0,0,no_volume,0,0,0,0,0,0,18394,12080,-0.2072,0,0,27,20,37,36,1
1775349341,36,63,0,0,0,0,no_volume,0,0,0,0,no_volume,0,0,0,0,no_volume,0,0,0,0,0,0,18394,12080,-0.2072,0,0,27,20,37,36,1
1775349342,36,63,0,0,0,0,no_volume,0,0,0,0,no_volume,0,0,0,0,no_volume,0,0,0,0,0,0,18394,12080,-0.2072,0,0,27,20,37,36,1
1775349343,36,63,0,0,0,0,no_volume,0,0,0,0,no_volume,0,0,0,0,no_volume,0,0,0,0,0,0,18394,12080,-0.2072,0,0,27,20,37,36,1
1775349344,36,63,0,0,0,0,no_volume,0,0,0,0,no_volume,0,0,0,0,no_volume,0,0,0,0,0,0,18394,12080,-0.2072,0,0,27,20,37,36,1
1775349345,36,63,0,0,0,0,no_volume,0,0,0,0,no_volume,0,0,0,0,no_volume,0,0,0,0,0,0,18394,12080,-0.2072,0,0,27,20,37,36,1
1775349346,36,63,0,25,0,25,low_activity,0,25,0,25,low_activity,0,25,0,25,low_activity,25,0,25,25,0,25,18369,12080,-0.2065,-25,-25,27,20,37,36,1
1775349347,36,63,0,25,0,25,low_activity,0,25,0,25,low_activity,0,25,0,25,low_activity,0,0,0,25,0,25,18374,12080,-0.2067,-20,-20,27,20,37,36,1
1775349348,36,63,0,25,0,25,low_activity,0,25,0,25,low_activity,0,25,0,25,low_activity,0,0,0,25,0,25,18384,12080,-0.2069,-10,-10,27,20,37,36,1
1775349349,36,63,0,0,0,0,no_volume,0,25,0,25,low_activity,0,25,0,25,low_activity,0,0,0,25,0,25,18384,12080,-0.2069,15,-10,27,20,37,36,1
1775349350,36,63,0,0,0,0,no_volume,0,25,0,25,low_activity,0,25,0,25,low_activity,0,0,0,25,0,25,18384,12080,-0.2069,10,-10,27,20,37,36,1
1775349351,36,63,0,0,0,0,no_volume,0,0,0,0,no_volume,0,25,0,25,low_activity,0,0,0,25,0,25,18384,12080,-0.2069,0,-10,27,20,37,36,1
1775349352,36,63,0,0,0,0,no_volume,0,0,0,0,no_volume,0,25,0,25,low_activity,0,0,0,25,0,25,18384,12080,-0.2069,0,-10,27,20,37,36,1
1775349353,36,63,0,0,0,0,no_volume,0,0,0,0,no_volume,0,25,0,25,low_activity,0,0,0,25,0,25,18384,12080,-0.2069,0,-10,27,20,37,36,1
1775349354,36,63,0,0,0,0,no_volume,0,0,0,0,no_volume,0,25,0,25,low_activity,0,0,0,25,0,25,18384,12080,-0.2069,0,-10,27,20,37,36,1
1775349355,36,63,0,0,0,0,no_volume,0,0,0,0,no_volume,0,25,0,25,low_activity,0,0,0,25,0,25,18384,12080,-0.2069,0,-10,27,20,37,36,1
1775349356,36,63,0,0,0,0,no_volume,0,0,0,0,no_volume,0,25,0,25,low_activity,0,0,0,25,0,25,18384,12080,-0.2069,0,15,27,20,37,36,1
1775349357,36,63,0,0,0,0,no_volume,0,0,0,0,no_volume,0,25,0,25,low_activity,0,0,0,25,0,25,18384,12080,-0.2069,0,10,27,20,37,36,1
1775349358,36,63,0,0,0,0,no_volume,0,0,0,0,no_volume,0,25,0,25,low_activity,0,0,0,25,0,25,18384,12080,-0.2069,0,0,27,20,37,36,1
1775349359,36,63,0,0,0,0,no_volume,0,0,0,0,no_volume,0,25,0,25,low_activity,0,0,0,25,0,25,18384,12080,-0.2069,0,0,27,20,37,36,1
1775349360,36,63,0,0,0,0,no_volume,0,0,0,0,no_volume,0,25,0,25,low_activity,0,0,0,25,0,25,18384,12080,-0.2069,0,0,27,20,37,36,1
1775349361,36,63,0,0,0,0,no_volume,0,0,0,0,no_volume,0,25,0,25,low_activity,0,0,0,25,0,25,18384,12080,-0.2069,0,0,27,20,37,36,1
1775349362,36,63,0,0,0,0,no_volume,0,0,0,0,no_volume,0,25,0,25,low_activity,0,0,0,25,0,25,18384,12080,-0.2069,0,0,27,20,37,36,1
1775349363,36,63,0,0,0,0,no_volume,0,0,0,0,no_volume,0,25,0,25,low_activity,0,0,0,25,0,25,18384,12080,-0.2069,0,0,27,20,37,36,1
1775349364,36,63,0,0,0,0,no_volume,0,0,0,0,no_volume,0,25,0,25,low_activity,0,0,0,25,0,25,18384,12080,-0.2069,0,0,27,20,37,36,1
1775349365,36,63,0,0,0,0,no_volume,0,0,0,0,no_volume,0,25,0,25,low_activity,0,0,0,25,0,25,18384,12080,-0.2069,0,0,27,20,37,36,1
1775349366,36,63,0,0,0,0,no_volume,0,0,0,0,no_volume,0,25,0,25,low_activity,0,0,0,25,0,25,18384,12080,-0.2069,0,0,27,20,37,36,1
1775349367,36,63,0,0,0,0,no_volume,0,0,0,0,no_volume,0,25,0,25,low_activity,0,0,0,25,0,25,18399,12080,-0.2073,15,15,26,20,37,36,1
1775349368,36,63,0,0,0,0,no_volume,0,0,0,0,no_volume,0,25,0,25,low_activity,0,0,0,25,0,25,18399,12080,-0.2073,15,15,26,20,37,36,1
1775349369,36,63,0,0,0,0,no_volume,0,0,0,0,no_volume,0,25,0,25,low_activity,0,0,0,25,0,25,18399,12080,-0.2073,15,15,26,20,37,36,1
1775349370,36,63,0,0,0,0,no_volume,0,0,0,0,no_volume,0,25,0,25,low_activity,0,0,0,25,0,25,18399,12080,-0.2073,0,15,26,20,37,36,1
1775349371,36,63,0,0,0,0,no_volume,0,0,0,0,no_volume,0,25,0,25,low_activity,0,0,0,25,0,25,18399,12080,-0.2073,0,15,26,20,37,36,1
1775349372,36,63,0,0,0,0,no_volume,0,0,0,0,no_volume,0,25,0,25,low_activity,0,0,0,25,0,25,18399,12080,-0.2073,0,15,26,20,37,36,1
1775349373,36,63,0,0,0,0,no_volume,0,0,0,0,no_volume,0,25,0,25,low_activity,0,0,0,25,0,25,18399,12080,-0.2073,0,15,26,20,37,36,1
1775349374,36,63,0,0,0,0,no_volume,0,0,0,0,no_volume,0,25,0,25,low_activity,0,0,0,25,0,25,18399,12080,-0.2073,0,15,26,20,37,36,1
1775349375,36,63,0,0,0,0,no_volume,0,0,0,0,no_volume,0,25,0,25,low_activity,0,0,0,25,0,25,18399,12080,-0.2073,0,15,26,20,37,36,1
1775349376,36,63,0,0,0,0,no_volume,0,0,0,0,no_volume,0,0,0,0,no_volume,0,0,0,25,0,25,18399,12080,-0.2073,0,15,26,20,37,36,1
1775349378,36,63,0,0,0,0,no_volume,0,0,0,0,no_volume,0,0,0,0,no_volume,0,0,0,25,0,25,18399,12080,-0.2073,0,0,26,20,37,36,1
1775349379,36,63,0,0,0,0,no_volume,0,0,0,0,no_volume,0,0,0,0,no_volume,0,0,0,25,0,25,18399,12080,-0.2073,0,0,26,20,37,36,1
1775349380,36,63,0,0,0,0,no_volume,0,0,0,0,no_volume,0,0,0,0,no_volume,0,0,0,25,0,25,18399,12080,-0.2073,0,0,26,20,37,36,1
1775349381,36,63,0,0,0,0,no_volume,0,0,0,0,no_volume,0,0,0,0,no_volume,0,0,0,25,0,25,18399,12080,-0.2073,0,0,26,20,37,36,1
1775349382,36,63,0,0,0,0,no_volume,0,0,0,0,no_volume,0,0,0,0,no_volume,0,0,0,25,0,25,18399,12080,-0.2073,0,0,26,20,37,36,1
1775349383,36,63,0,0,0,0,no_volume,0,0,0,0,no_volume,0,0,0,0,no_volume,0,0,0,25,0,25,18399,12080,-0.2073,0,0,26,20,37,36,1
1775349384,36,63,0,0,0,0,no_volume,0,0,0,0,no_volume,0,0,0,0,no_volume,0,0,0,25,0,25,18399,12080,-0.2073,0,0,26,20,37,36,1
1775349385,36,63,0,0,0,0,no_volume,0,0,0,0,no_volume,0,0,0,0,no_volume,0,0,0,25,0,25,18399,12080,-0.2073,0,0,26,20,37,36,1
1775349386,36,63,0,0,0,0,no_volume,0,0,0,0,no_volume,0,0,0,0,no_volume,0,0,0,25,0,25,18399,12080,-0.2073,0,0,26,20,37,36,1
1775349387,36,63,0,0,0,0,no_volume,0,0,0,0,no_volume,0,0,0,0,no_volume,0,0,0,25,0,25,18399,12080,-0.2073,0,0,26,20,37,36,1
1775349388,36,63,0,0,0,0,no_volume,0,0,0,0,no_volume,0,0,0,0,no_volume,0,0,0,25,0,25,18399,12080,-0.2073,0,0,26,20,37,36,1
1775349389,36,63,0,0,0,0,no_volume,0,0,0,0,no_volume,0,0,0,0,no_volume,0,0,0,25,0,25,18399,12080,-0.2073,0,0,26,20,37,36,1
1775349390,36,63,0,0,0,0,no_volume,0,0,0,0,no_volume,0,0,0,0,no_volume,0,0,0,25,0,25,18399,12080,-0.2073,0,0,26,20,37,36,1
1775349391,36,63,0,0,0,0,no_volume,0,0,0,0,no_volume,0,0,0,0,no_volume,0,0,0,25,0,25,18399,12080,-0.2073,0,0,26,20,37,36,1
1775349392,36,63,0,0,0,0,no_volume,0,0,0,0,no_volume,0,0,0,0,no_volume,0,0,0,25,0,25,18399,12080,-0.2073,0,0,26,20,37,36,1
1775349393,36,63,0,0,0,0,no_volume,0,0,0,0,no_volume,0,0,0,0,no_volume,0,0,0,25,0,25,18399,12080,-0.2073,0,0,26,20,37,36,1
1775349394,36,63,0,0,0,0,no_volume,0,0,0,0,no_volume,0,0,0,0,no_volume,0,0,0,25,0,25,18399,12080,-0.2073,0,0,26,20,37,36,1
1775349395,36,63,0,0,0,0,no_volume,0,0,0,0,no_volume,0,0,0,0,no_volume,0,0,0,25,0,25,18399,12080,-0.2073,0,0,26,20,37,36,1
1775349396,36,63,0,0,0,0,no_volume,0,0,0,0,no_volume,0,0,0,0,no_volume,0,0,0,25,0,25,18399,12080,-0.2073,0,0,26,20,37,36,1
1775349397,36,63,0,0,0,0,no_volume,0,0,0,0,no_volume,0,0,0,0,no_volume,0,0,0,25,0,25,18399,12080,-0.2073,0,0,26,20,37,36,1
1775349398,36,63,0,0,0,0,no_volume,0,0,0,0,no_volume,0,0,0,0,no_volume,0,0,0,25,0,25,18399,12080,-0.2073,0,0,26,20,37,36,1
1775349399,36,63,0,0,0,0,no_volume,0,0,0,0,no_volume,0,0,0,0,no_volume,0,0,0,25,0,25,18399,12080,-0.2073,0,0,26,20,37,36,1
1775349400,36,63,0,0,0,0,no_volume,0,0,0,0,no_volume,0,0,0,0,no_volume,0,0,0,25,0,25,18399,12080,-0.2073,0,0,26,20,37,36,1
1775349401,36,63,0,0,0,0,no_volume,0,0,0,0,no_volume,0,0,0,0,no_volume,0,0,0,25,0,25,18399,12080,-0.2073,0,0,26,20,37,36,1
1775349402,36,63,0,0,0,0,no_volume,0,0,0,0,no_volume,0,0,0,0,no_volume,0,0,0,25,0,25,18399,12080,-0.2073,0,0,26,20,37,36,1
1775349403,36,63,0,0,0,0,no_volume,0,0,0,0,no_volume,0,0,0,0,no_volume,0,0,0,25,0,25,18399,12061,-0.2081,0,0,26,20,37,36,1
1775349404,36,63,0,0,0,0,no_volume,0,0,0,0,no_volume,0,0,0,0,no_volume,0,0,0,25,0,25,18399,12084,-0.2072,0,0,26,20,37,36,1
1775349405,36,63,0,0,0,0,no_volume,0,0,0,0,no_volume,0,0,0,0,no_volume,0,0,0,25,0,25,18399,12084,-0.2072,0,0,26,20,37,36,1
1775349406,36,63,0,0,0,0,no_volume,0,0,0,0,no_volume,0,0,0,0,no_volume,0,0,0,0,0,0,18399,12084,-0.2072,0,0,26,20,37,36,1
1775349407,36,63,0,0,0,0,no_volume,0,0,0,0,no_volume,0,0,0,0,no_volume,0,0,0,0,0,0,18399,12084,-0.2072,0,0,26,20,37,36,1
1775349408,36,63,0,0,0,0,no_volume,0,0,0,0,no_volume,0,0,0,0,no_volume,0,0,0,0,0,0,18399,12084,-0.2072,0,0,26,20,37,36,1
1775349409,36,63,0,0,0,0,no_volume,0,0,0,0,no_volume,0,0,0,0,no_volume,0,0,0,0,0,0,18399,12084,-0.2072,0,0,26,20,37,36,1
1775349410,36,63,0,0,0,0,no_volume,0,0,0,0,no_volume,0,0,0,0,no_volume,0,0,0,0,0,0,18399,12084,-0.2072,0,0,26,20,37,36,1
1775349411,36,63,0,0,0,0,no_volume,0,0,0,0,no_volume,0,0,0,0,no_volume,0,0,0,0,0,0,13920,7605,-0.2934,-4479,-4479,25,19,37,36,1
1775349412,36,63,0,0,0,0,no_volume,0,0,0,0,no_volume,0,0,0,0,no_volume,0,0,0,0,0,0,15435,10146,-0.2068,-2964,-2964,22,19,37,36,1
1775349413,36,63,0,0,0,0,no_volume,0,0,0,0,no_volume,0,0,0,0,no_volume,0,0,0,0,0,0,17453,11146,-0.2205,-946,-946,24,20,37,36,1
1775349414,36,63,0,0,0,0,no_volume,0,0,0,0,no_volume,0,0,0,0,no_volume,0,0,0,0,0,0,18453,12146,-0.2061,4533,54,25,21,37,36,1
1775349415,36,63,0,0,0,0,no_volume,0,0,0,0,no_volume,0,0,0,0,no_volume,0,0,0,0,0,0,18453,12146,-0.2061,3018,54,25,21,37,36,1
1775349416,36,63,0,0,0,0,no_volume,0,0,0,0,no_volume,0,0,0,0,no_volume,0,0,0,0,0,0,18453,12146,-0.2061,1000,54,25,21,37,36,1
1775349417,36,63,0,0,0,0,no_volume,0,0,0,0,no_volume,0,0,0,0,no_volume,0,0,0,0,0,0,18453,12146,-0.2061,0,54,25,21,37,36,1
1775349418,36,63,0,0,0,0,no_volume,0,0,0,0,no_volume,0,0,0,0,no_volume,0,0,0,0,0,0,18453,12146,-0.2061,0,54,25,21,37,36,1
1775349419,36,63,0,0,0,0,no_volume,0,0,0,0,no_volume,0,0,0,0,no_volume,0,0,0,0,0,0,18453,12146,-0.2061,0,54,25,21,37,36,1
1775349420,36,63,0,0,0,0,no_volume,0,0,0,0,no_volume,0,0,0,0,no_volume,0,0,0,0,0,0,18453,12146,-0.2061,0,54,25,21,37,36,1
1775349421,36,63,0,0,0,0,no_volume,0,0,0,0,no_volume,0,0,0,0,no_volume,0,0,0,0,0,0,18453,12146,-0.2061,0,4533,25,21,37,36,1
1775349422,36,63,0,0,0,0,no_volume,0,0,0,0,no_volume,0,0,0,0,no_volume,0,0,0,0,0,0,18453,12146,-0.2061,0,3018,25,21,37,36,1
1775349423,36,63,0,0,0,0,no_volume,0,0,0,0,no_volume,0,0,0,0,no_volume,0,0,0,0,0,0,18453,12146,-0.2061,0,1000,25,21,37,36,1
1775349424,36,63,0,0,0,0,no_volume,0,0,0,0,no_volume,0,0,0,0,no_volume,0,0,0,0,0,0,18453,12146,-0.2061,0,0,25,21,37,36,1
1775349425,36,63,0,0,0,0,no_volume,0,0,0,0,no_volume,0,0,0,0,no_volume,0,0,0,0,0,0,18453,12146,-0.2061,0,0,25,21,37,36,1
1775349426,36,63,0,0,0,0,no_volume,0,0,0,0,no_volume,0,0,0,0,no_volume,0,0,0,0,0,0,18453,12146,-0.2061,0,0,25,21,37,36,1
1775349427,36,63,0,0,0,0,no_volume,0,0,0,0,no_volume,0,0,0,0,no_volume,0,0,0,0,0,0,18453,12146,-0.2061,0,0,25,21,37,36,1
1775349428,36,63,0,0,0,0,no_volume,0,0,0,0,no_volume,0,0,0,0,no_volume,0,0,0,0,0,0,18453,12146,-0.2061,0,0,25,21,37,36,1
1775349429,36,63,0,0,0,0,no_volume,0,0,0,0,no_volume,0,0,0,0,no_volume,0,0,0,0,0,0,18453,12146,-0.2061,0,0,25,21,37,36,1
1775349430,36,63,0,0,0,0,no_volume,0,0,0,0,no_volume,0,0,0,0,no_volume,0,0,0,0,0,0,18453,12146,-0.2061,0,0,25,21,37,36,1
1775349431,36,63,0,0,0,0,no_volume,0,0,0,0,no_volume,0,0,0,0,no_volume,0,0,0,0,0,0,18453,12146,-0.2061,0,0,25,21,37,36,1
1775349432,36,63,0,0,0,0,no_volume,0,0,0,0,no_volume,0,0,0,0,no_volume,0,0,0,0,0,0,18453,12146,-0.2061,0,0,25,21,37,36,1
1775349433,36,63,0,0,0,0,no_volume,0,0,0,0,no_volume,0,0,0,0,no_volume,0,0,0,0,0,0,18453,12146,-0.2061,0,0,25,21,37,36,1
1775349434,36,63,0,0,0,0,no_volume,0,0,0,0,no_volume,0,0,0,0,no_volume,0,0,0,0,0,0,18453,12146,-0.2061,0,0,25,21,37,36,1
1775349435,36,63,0,0,0,0,no_volume,0,0,0,0,no_volume,0,0,0,0,no_volume,0,0,0,0,0,0,18453,12146,-0.2061,0,0,25,21,37,36,1
1775349436,36,63,0,0,0,0,no_volume,0,0,0,0,no_volume,0,0,0,0,no_volume,0,0,0,0,0,0,18453,12146,-0.2061,0,0,25,21,37,36,1
1775349437,36,63,0,0,0,0,no_volume,0,0,0,0,no_volume,0,0,0,0,no_volume,0,0,0,0,0,0,18453,12146,-0.2061,0,0,25,21,37,36,1
1775349438,36,63,0,0,0,0,no_volume,0,0,0,0,no_volume,0,0,0,0,no_volume,0,0,0,0,0,0,18453,12146,-0.2061,0,0,25,21,37,36,1
1775349439,36,63,0,0,0,0,no_volume,0,0,0,0,no_volume,0,0,0,0,no_volume,0,0,0,0,0,0,18453,12146,-0.2061,0,0,25,21,37,36,1
1775349440,36,63,0,0,0,0,no_volume,0,0,0,0,no_volume,0,0,0,0,no_volume,0,0,0,0,0,0,18453,12146,-0.2061,0,0,25,21,37,36,1
1775349441,36,63,0,0,0,0,no_volume,0,0,0,0,no_volume,0,0,0,0,no_volume,0,0,0,0,0,0,18453,12146,-0.2061,0,0,25,21,37,36,1
1775349442,36,63,0,0,0,0,no_volume,0,0,0,0,no_volume,0,0,0,0,no_volume,0,0,0,0,0,0,18453,12146,-0.2061,0,0,25,21,37,36,1
1775349443,36,63,0,0,0,0,no_volume,0,0,0,0,no_volume,0,0,0,0,no_volume,0,0,0,0,0,0,18453,12146,-0.2061,0,0,25,21,37,36,1
1775349444,36,63,0,0,0,0,no_volume,0,0,0,0,no_volume,0,0,0,0,no_volume,0,0,0,0,0,0,18453,12146,-0.2061,0,0,25,21,37,36,1
1775349445,36,63,0,0,0,0,no_volume,0,0,0,0,no_volume,0,0,0,0,no_volume,0,0,0,0,0,0,18453,12146,-0.2061,0,0,25,21,37,36,1
1775349446,36,63,0,0,0,0,no_volume,0,0,0,0,no_volume,0,0,0,0,no_volume,0,0,0,0,0,0,18453,12146,-0.2061,0,0,25,21,37,36,1
1775349447,36,63,0,0,0,0,no_volume,0,0,0,0,no_volume,0,0,0,0,no_volume,0,0,0,0,0,0,18453,12146,-0.2061,0,0,25,21,37,36,1
1775349448,36,63,0,0,0,0,no_volume,0,0,0,0,no_volume,0,0,0,0,no_volume,0,0,0,0,0,0,18453,12146,-0.2061,0,0,25,21,37,36,1
1775349449,36,63,0,0,0,0,low_activity,0,0,0,0,low_activity,0,0,0,0,low_activity,0,7,7,0,7,7,18453,12139,-0.2064,0,0,25,21,37,36,1
1775349450,36,63,0,0,0,0,low_activity,0,0,0,0,low_activity,0,0,0,0,low_activity,0,0,0,0,7,7,18453,12139,-0.2064,0,0,25,21,37,36,1
1775349451,36,63,0,0,0,0,low_activity,0,0,0,0,low_activity,0,0,0,0,low_activity,0,0,0,0,7,7,18453,12139,-0.2064,0,0,25,21,37,36,1
1775349452,36,63,0,0,0,0,no_volume,0,0,0,0,low_activity,0,0,0,0,low_activity,0,0,0,0,7,7,18453,12139,-0.2064,0,0,25,21,37,36,1
1775349453,36,63,0,0,0,0,no_volume,0,0,0,0,low_activity,0,0,0,0,low_activity,0,0,0,0,7,7,18453,12139,-0.2064,0,0,25,21,37,36,1
1775349454,36,63,0,0,0,0,no_volume,0,0,0,0,no_volume,0,0,0,0,low_activity,0,0,0,0,7,7,18431,12139,-0.2058,-22,-22,25,21,37,36,1
1775349455,36,63,0,0,0,0,no_volume,0,0,0,0,no_volume,0,0,0,0,low_activity,0,0,0,0,7,7,18431,12139,-0.2058,-22,-22,25,21,37,36,1
1775349456,36,63,0,0,0,0,no_volume,0,0,0,0,no_volume,0,0,0,0,low_activity,0,0,0,0,7,7,18431,12139,-0.2058,-22,-22,25,21,37,36,1
1775349457,36,63,0,0,0,0,no_volume,0,0,0,0,no_volume,0,0,0,0,low_activity,0,0,0,0,7,7,18431,12139,-0.2058,0,-22,25,21,37,36,1
1775349458,36,63,0,0,0,0,no_volume,0,0,0,0,no_volume,0,0,0,0,low_activity,0,0,0,0,7,7,18431,12139,-0.2058,0,-22,25,21,37,36,1
1775349459,36,63,0,0,0,0,no_volume,0,0,0,0,no_volume,0,0,0,0,low_activity,0,0,0,0,7,7,18431,12139,-0.2058,0,-22,25,21,37,36,1
1775349460,36,63,0,0,0,0,no_volume,0,0,0,0,no_volume,0,0,0,0,low_activity,0,0,0,0,7,7,18431,12139,-0.2058,0,-22,25,21,37,36,1
1775349461,36,63,0,0,0,0,no_volume,0,0,0,0,no_volume,0,0,0,0,low_activity,0,0,0,0,7,7,18431,12139,-0.2058,0,-22,25,21,37,36,1
1775349462,36,63,0,0,0,0,no_volume,0,0,0,0,no_volume,0,0,0,0,low_activity,0,0,0,0,7,7,18431,12139,-0.2058,0,-22,25,21,37,36,1
1775349463,36,63,0,0,0,0,no_volume,0,0,0,0,no_volume,0,0,0,0,low_activity,0,0,0,0,7,7,18410,12137,-0.2054,-21,-43,25,21,37,36,1
1775349464,36,63,0,0,0,0,no_volume,0,0,0,0,no_volume,0,0,0,0,low_activity,0,0,0,0,7,7,18410,12137,-0.2054,-21,-21,25,21,37,36,1
1775349465,36,63,0,0,0,0,no_volume,0,0,0,0,no_volume,0,0,0,0,low_activity,0,0,0,0,7,7,18401,12137,-0.2051,-30,-30,26,21,37,36,1
1775349466,36,63,0,0,0,0,no_volume,0,0,0,0,no_volume,0,0,0,0,low_activity,0,0,0,0,7,7,18401,12137,-0.2051,-9,-30,26,21,37,36,1
1775349467,36,63,0,0,0,0,no_volume,0,0,0,0,no_volume,0,0,0,0,low_activity,0,0,0,0,7,7,18401,12137,-0.2051,-9,-30,26,21,37,36,1
1775349468,36,63,0,0,0,0,no_volume,0,0,0,0,no_volume,0,0,0,0,low_activity,0,0,0,0,7,7,18401,12137,-0.2051,0,-30,26,21,37,36,1
1775349469,36,63,0,0,0,0,no_volume,0,0,0,0,no_volume,0,0,0,0,low_activity,0,0,0,0,7,7,18401,12137,-0.2051,0,-30,26,21,37,36,1
1775349470,36,63,0,0,0,0,no_volume,0,0,0,0,no_volume,0,0,0,0,low_activity,0,0,0,0,7,7,18401,12137,-0.2051,0,-30,26,21,37,36,1
1775349471,36,63,0,0,0,0,no_volume,0,0,0,0,no_volume,0,0,0,0,low_activity,0,0,0,0,7,7,18401,12137,-0.2051,0,-30,26,21,37,36,1
1775349472,36,63,0,0,0,0,no_volume,0,0,0,0,no_volume,0,0,0,0,low_activity,0,0,0,0,7,7,18401,12137,-0.2051,0,-30,26,21,37,36,1
1775349473,36,63,0,0,0,0,no_volume,0,0,0,0,no_volume,0,0,0,0,low_activity,0,0,0,0,7,7,18401,12137,-0.2051,0,-9,26,21,37,36,1
1775349474,36,63,0,0,0,0,no_volume,0,0,0,0,no_volume,0,0,0,0,low_activity,0,0,0,0,7,7,18401,12137,-0.2051,0,-9,26,21,37,36,1
1775349475,36,63,0,0,0,0,no_volume,0,0,0,0,no_volume,0,0,0,0,low_activity,0,0,0,0,7,7,18401,12137,-0.2051,0,0,26,21,37,36,1
1775349476,36,63,0,0,0,0,no_volume,0,0,0,0,no_volume,0,0,0,0,low_activity,0,0,0,0,7,7,18401,12137,-0.2051,0,0,26,21,37,36,1
1775349477,36,63,0,0,0,0,no_volume,0,0,0,0,no_volume,0,0,0,0,low_activity,0,0,0,0,7,7,18401,12137,-0.2051,0,0,26,21,37,36,1
1775349478,36,63,0,0,0,0,no_volume,0,0,0,0,no_volume,0,0,0,0,low_activity,0,0,0,0,7,7,18401,12137,-0.2051,0,0,26,21,37,36,1
1775349479,36,63,0,0,0,0,no_volume,0,0,0,0,no_volume,0,0,0,0,no_volume,0,0,0,0,7,7,18401,12137,-0.2051,0,0,26,21,37,36,1
1775349480,36,63,0,0,0,0,no_volume,0,0,0,0,no_volume,0,0,0,0,no_volume,0,0,0,0,7,7,18401,12137,-0.2051,0,0,26,21,37,36,1
1775349481,36,63,0,0,0,0,no_volume,0,0,0,0,no_volume,0,0,0,0,no_volume,0,0,0,0,7,7,18401,12137,-0.2051,0,0,26,21,37,36,1
1775349482,36,63,0,0,0,0,no_volume,0,0,0,0,no_volume,0,0,0,0,no_volume,0,0,0,0,7,7,10958,5849,-0.304,-7443,-7443,23,18,37,36,1
1775349483,36,63,0,0,0,0,no_volume,0,0,0,0,no_volume,0,0,0,0,no_volume,0,0,0,0,7,7,11958,5599,-0.3622,-6443,-6443,23,18,37,36,1
1775349484,36,63,0,0,0,0,no_volume,0,0,0,0,no_volume,0,0,0,0,no_volume,0,0,0,0,7,7,16437,10078,-0.2398,-1964,-1964,24,19,37,36,1
1775349485,36,63,0,0,0,0,no_volume,0,0,0,0,no_volume,0,0,0,0,no_volume,0,0,0,0,7,7,18476,11053,-0.2514,7518,75,27,20,37,36,1
1775349486,36,63,0,0,0,0,no_volume,0,0,0,0,no_volume,0,0,0,0,no_volume,0,0,0,0,7,7,18476,12065,-0.2099,6518,75,28,21,37,36,1
1775349487,36,63,0,0,0,0,no_volume,0,0,0,0,no_volume,0,0,0,0,no_volume,0,0,0,0,7,7,18476,12065,-0.2099,2039,75,28,21,37,36,1
1775349488,36,63,0,0,0,0,no_volume,0,0,0,0,no_volume,0,0,0,0,no_volume,0,0,0,0,7,7,18476,12065,-0.2099,0,75,28,21,37,36,1
1775349489,36,63,0,0,0,0,no_volume,0,0,0,0,no_volume,0,0,0,0,no_volume,0,0,0,0,7,7,18476,12065,-0.2099,0,75,28,21,37,36,1
1775349490,36,63,0,0,0,0,no_volume,0,0,0,0,no_volume,0,0,0,0,no_volume,0,0,0,0,7,7,18476,12065,-0.2099,0,75,28,21,37,36,1
1775349491,36,63,0,0,0,0,no_volume,0,0,0,0,no_volume,0,0,0,0,no_volume,0,0,0,0,7,7,18476,12065,-0.2099,0,75,28,21,37,36,1
1775349492,36,63,0,0,0,0,no_volume,0,0,0,0,no_volume,0,0,0,0,no_volume,0,0,0,0,7,7,18476,12065,-0.2099,0,7518,28,21,37,36,1
1775349493,36,63,0,0,0,0,no_volume,0,0,0,0,no_volume,0,0,0,0,no_volume,0,0,0,0,7,7,18476,11341,-0.2393,0,6518,28,21,37,36,1
1775349494,36,63,0,0,0,0,no_volume,0,0,0,0,no_volume,0,0,0,0,no_volume,0,0,0,0,7,7,18476,11341,-0.2393,0,2039,28,21,37,36,1
1775349495,36,63,0,0,0,0,no_volume,0,0,0,0,no_volume,0,0,0,0,no_volume,0,0,0,0,7,7,18476,11341,-0.2393,0,0,28,21,37,36,1
1775349496,36,63,0,0,0,0,no_volume,0,0,0,0,no_volume,0,0,0,0,no_volume,0,0,0,0,7,7,18476,12065,-0.2099,0,0,28,21,37,36,1
1775349497,36,63,0,0,0,0,no_volume,0,0,0,0,no_volume,0,0,0,0,no_volume,0,0,0,0,7,7,18476,12065,-0.2099,0,0,28,21,37,36,1
1775349498,36,63,0,0,0,0,no_volume,0,0,0,0,no_volume,0,0,0,0,no_volume,0,0,0,0,7,7,18476,12065,-0.2099,0,0,28,21,37,36,1
1775349499,36,63,0,0,0,0,no_volume,0,0,0,0,no_volume,0,0,0,0,no_volume,0,0,0,0,7,7,18476,11341,-0.2393,0,0,28,21,37,36,1
1775349500,36,63,0,0,0,0,no_volume,0,0,0,0,no_volume,0,0,0,0,no_volume,0,0,0,0,7,7,18476,11341,-0.2393,0,0,28,21,37,36,1
1775349501,36,63,0,0,0,0,no_volume,0,0,0,0,no_volume,0,0,0,0,no_volume,0,0,0,0,7,7,18476,11341,-0.2393,0,0,28,21,37,36,1
1775349502,36,63,0,0,0,0,no_volume,0,0,0,0,no_volume,0,0,0,0,no_volume,0,0,0,0,7,7,18476,11341,-0.2393,0,0,28,21,37,36,1
1775349503,36,63,0,0,0,0,no_volume,0,0,0,0,no_volume,0,0,0,0,no_volume,0,0,0,0,7,7,18476,11341,-0.2393,0,0,28,21,37,36,1
1775349504,36,63,0,0,0,0,no_volume,0,0,0,0,no_volume,0,0,0,0,no_volume,0,0,0,0,7,7,18476,11341,-0.2393,0,0,28,21,37,36,1
1775349505,36,63,0,0,0,0,no_volume,0,0,0,0,no_volume,0,0,0,0,no_volume,0,0,0,0,7,7,18466,12076,-0.2092,-10,-10,28,21,37,36,1
1775349506,36,63,0,0,0,0,no_volume,0,0,0,0,no_volume,0,0,0,0,no_volume,0,0,0,0,7,7,18466,12076,-0.2092,-10,-10,28,21,37,36,1
1775349507,36,63,0,0,0,0,no_volume,0,0,0,0,no_volume,0,0,0,0,no_volume,0,0,0,0,7,7,18466,12076,-0.2092,-10,-10,28,21,37,36,1
1775349508,36,63,0,0,0,0,no_volume,0,0,0,0,no_volume,0,0,0,0,no_volume,0,0,0,0,7,7,18466,12076,-0.2092,0,-10,28,21,37,36,1
1775349509,36,63,0,0,0,0,no_volume,0,0,0,0,no_volume,0,0,0,0,no_volume,0,0,0,0,0,0,18466,12076,-0.2092,0,-10,28,21,37,36,1
1775349510,36,63,0,0,0,0,no_volume,0,0,0,0,no_volume,0,0,0,0,no_volume,0,0,0,0,0,0,18466,12076,-0.2092,0,-10,28,21,37,36,1
1775349511,36,63,0,0,0,0,no_volume,0,0,0,0,no_volume,0,0,0,0,no_volume,0,0,0,0,0,0,18466,12076,-0.2092,0,-10,28,21,37,36,1
1775349512,36,63,0,0,0,0,no_volume,0,0,0,0,no_volume,0,0,0,0,no_volume,0,0,0,0,0,0,18466,12076,-0.2092,0,-10,28,21,37,36,1
1775349513,36,63,0,0,0,0,no_volume,0,0,0,0,no_volume,0,0,0,0,no_volume,0,0,0,0,0,0,18466,12076,-0.2092,0,-10,28,21,37,36,1
1775349514,36,63,0,0,0,0,no_volume,0,0,0,0,no_volume,0,0,0,0,no_volume,0,0,0,0,0,0,18466,12076,-0.2092,0,-10,28,21,37,36,1
1775349515,36,63,0,0,0,0,no_volume,0,0,0,0,no_volume,0,0,0,0,no_volume,0,0,0,0,0,0,18466,12076,-0.2092,0,0,28,21,37,36,1
1775349516,36,63,0,0,0,0,no_volume,0,0,0,0,no_volume,0,0,0,0,no_volume,0,0,0,0,0,0,18466,12076,-0.2092,0,0,28,21,37,36,1
1775349517,36,63,0,0,0,0,no_volume,0,0,0,0,no_volume,0,0,0,0,no_volume,0,0,0,0,0,0,18466,12076,-0.2092,0,0,28,21,37,36,1
1775349518,36,63,0,0,0,0,no_volume,0,0,0,0,no_volume,0,0,0,0,no_volume,0,0,0,0,0,0,18466,12076,-0.2092,0,0,28,21,37,36,1
1775349519,36,63,0,0,0,0,no_volume,0,0,0,0,no_volume,0,0,0,0,no_volume,0,0,0,0,0,0,18466,12076,-0.2092,0,0,28,21,37,36,1
1775349520,36,63,0,0,0,0,no_volume,0,0,0,0,no_volume,0,0,0,0,no_volume,0,0,0,0,0,0,18466,12076,-0.2092,0,0,28,21,37,36,1
1775349521,36,63,0,0,0,0,no_volume,0,0,0,0,no_volume,0,0,0,0,no_volume,0,0,0,0,0,0,18466,12076,-0.2092,0,0,28,21,37,36,1
1775349522,36,63,0,0,0,0,no_volume,0,0,0,0,no_volume,0,0,0,0,no_volume,0,0,0,0,0,0,18466,12076,-0.2092,0,0,28,21,37,36,1
1775349523,36,63,0,0,0,0,no_volume,0,0,0,0,no_volume,0,0,0,0,no_volume,0,0,0,0,0,0,18480,12063,-0.2101,14,14,28,21,37,36,1
1775349524,36,63,0,0,0,0,no_volume,0,0,0,0,no_volume,0,0,0,0,no_volume,0,0,0,0,0,0,18480,12063,-0.2101,14,14,28,21,37,36,1
1775349525,36,63,0,0,0,0,no_volume,0,0,0,0,no_volume,0,0,0,0,no_volume,0,0,0,0,0,0,18480,12063,-0.2101,14,14,28,21,37,36,1
1775349526,36,63,0,0,0,0,no_volume,0,0,0,0,no_volume,0,0,0,0,no_volume,0,0,0,0,0,0,18480,12063,-0.2101,0,14,28,21,37,36,1
1775349527,36,63,0,0,0,0,no_volume,0,0,0,0,no_volume,0,0,0,0,no_volume,0,0,0,0,0,0,18480,12063,-0.2101,0,14,28,21,37,36,1
1775349528,36,63,0,0,0,0,no_volume,0,0,0,0,no_volume,0,0,0,0,no_volume,0,0,0,0,0,0,18480,12063,-0.2101,0,14,28,21,37,36,1
1775349529,36,63,0,0,0,0,no_volume,0,0,0,0,no_volume,0,0,0,0,no_volume,0,0,0,0,0,0,18480,12063,-0.2101,0,14,28,21,37,36,1
1775349530,36,63,0,0,0,0,no_volume,0,0,0,0,no_volume,0,0,0,0,no_volume,0,0,0,0,0,0,18480,12063,-0.2101,0,14,28,21,37,36,1
1775349531,36,63,0,0,0,0,no_volume,0,0,0,0,no_volume,0,0,0,0,no_volume,0,0,0,0,0,0,18480,12063,-0.2101,0,14,28,21,37,36,1
1775349532,36,63,0,0,0,0,no_volume,0,0,0,0,no_volume,0,0,0,0,no_volume,0,0,0,0,0,0,18480,12063,-0.2101,0,14,28,21,37,36,1
1775349533,36,63,0,0,0,0,no_volume,0,0,0,0,no_volume,0,0,0,0,no_volume,0,0,0,0,0,0,18480,12063,-0.2101,0,0,28,21,37,36,1
1775349534,36,63,0,0,0,0,no_volume,0,0,0,0,no_volume,0,0,0,0,no_volume,0,0,0,0,0,0,18480,12063,-0.2101,0,0,28,21,37,36,1
1775349535,36,63,0,0,0,0,no_volume,0,0,0,0,no_volume,0,0,0,0,no_volume,0,0,0,0,0,0,18480,12063,-0.2101,0,0,28,21,37,36,1
1775349536,36,63,0,0,0,0,no_volume,0,0,0,0,no_volume,0,0,0,0,no_volume,0,0,0,0,0,0,18480,12063,-0.2101,0,0,28,21,37,36,1
1775349537,36,63,0,0,0,0,no_volume,0,0,0,0,no_volume,0,0,0,0,no_volume,0,0,0,0,0,0,18480,12063,-0.2101,0,0,28,21,37,36,1
1775349538,36,63,0,0,0,0,no_volume,0,0,0,0,no_volume,0,0,0,0,no_volume,0,0,0,0,0,0,18480,12063,-0.2101,0,0,28,21,37,36,1
1775349539,36,63,0,0,0,0,no_volume,0,0,0,0,no_volume,0,0,0,0,no_volume,0,0,0,0,0,0,18480,12063,-0.2101,0,0,28,21,37,36,1
1775349540,36,63,0,0,0,0,no_volume,0,0,0,0,no_volume,0,0,0,0,no_volume,0,0,0,0,0,0,18480,12063,-0.2101,0,0,28,21,37,36,1
1775349541,36,63,0,0,0,0,no_volume,0,0,0,0,no_volume,0,0,0,0,no_volume,0,0,0,0,0,0,18480,12063,-0.2101,0,0,28,21,37,36,1
1775349542,36,63,0,0,0,0,no_volume,0,0,0,0,no_volume,0,0,0,0,no_volume,0,0,0,0,0,0,18480,12063,-0.2101,0,0,28,21,37,36,1
1775349543,36,63,0,0,0,0,no_volume,0,0,0,0,no_volume,0,0,0,0,no_volume,0,0,0,0,0,0,18455,12063,-0.2095,-25,-25,28,21,37,36,1
1775349544,36,63,0,0,0,0,no_volume,0,0,0,0,no_volume,0,0,0,0,no_volume,0,0,0,0,0,0,18480,12063,-0.2101,0,0,28,21,37,36,1
1775349545,36,63,0,0,0,0,no_volume,0,0,0,0,no_volume,0,0,0,0,no_volume,0,0,0,0,0,0,18480,12063,-0.2101,0,0,28,21,37,36,1
1775349546,36,63,0,0,0,0,no_volume,0,0,0,0,no_volume,0,0,0,0,no_volume,0,0,0,0,0,0,18480,12063,-0.2101,25,0,28,21,37,36,1
1775349547,36,63,0,0,0,0,no_volume,0,0,0,0,no_volume,0,0,0,0,no_volume,0,0,0,0,0,0,18480,12063,-0.2101,0,0,28,21,37,36,1
1775349548,36,63,0,0,0,0,no_volume,0,0,0,0,no_volume,0,0,0,0,no_volume,0,0,0,0,0,0,18480,12063,-0.2101,0,0,28,21,37,36,1
1775349549,36,63,0,0,0,0,no_volume,0,0,0,0,no_volume,0,0,0,0,no_volume,0,0,0,0,0,0,18480,12063,-0.2101,0,0,28,21,37,36,1
1775349550,36,63,0,0,0,0,no_volume,0,0,0,0,no_volume,0,0,0,0,no_volume,0,0,0,0,0,0,18480,12063,-0.2101,0,0,28,21,37,36,1
1775349551,36,63,0,0,0,0,no_volume,0,0,0,0,no_volume,0,0,0,0,no_volume,0,0,0,0,0,0,11001,5584,-0.3266,-7479,-7479,24,18,37,36,1
1775349552,36,63,0,0,0,0,no_volume,0,0,0,0,no_volume,0,0,0,0,no_volume,0,0,0,0,0,0,15329,10105,-0.2054,-3151,-3151,25,19,37,36,1
1775349553,36,63,0,0,0,0,no_volume,0,0,0,0,no_volume,0,0,0,0,no_volume,0,0,0,0,0,0,16457,11105,-0.1942,-2023,-1998,26,20,37,36,1
1775349554,36,63,0,0,0,0,no_volume,0,0,0,0,no_volume,0,0,0,0,no_volume,0,0,0,0,0,0,17457,12105,-0.181,6456,-1023,27,21,37,36,1
1775349555,36,63,0,0,0,0,no_volume,0,0,0,0,no_volume,0,0,0,0,no_volume,0,0,0,0,0,0,18457,12105,-0.2078,3128,-23,28,21,37,36,1
1775349556,36,63,0,0,0,0,no_volume,0,0,0,0,no_volume,0,0,0,0,no_volume,0,0,0,0,0,0,18457,12105,-0.2078,2000,-23,28,21,37,36,1
1775349557,36,63,0,0,0,0,no_volume,0,0,0,0,no_volume,0,0,0,0,no_volume,0,0,0,0,0,0,18457,12105,-0.2078,1000,-23,28,21,37,36,1
1775349558,36,63,0,0,0,0,no_volume,0,0,0,0,no_volume,0,0,0,0,no_volume,0,0,0,0,0,0,18457,12105,-0.2078,0,-23,28,21,37,36,1
1775349559,36,63,0,0,0,0,no_volume,0,0,0,0,no_volume,0,0,0,0,no_volume,0,0,0,0,0,0,18457,12105,-0.2078,0,-23,28,21,37,36,1
1775349560,36,63,0,0,0,0,no_volume,0,0,0,0,no_volume,0,0,0,0,no_volume,0,0,0,0,0,0,18457,12105,-0.2078,0,-23,28,21,37,36,1
1775349561,36,63,0,0,0,0,no_volume,0,0,0,0,no_volume,0,0,0,0,no_volume,0,0,0,0,0,0,18457,12105,-0.2078,0,7456,28,21,37,36,1
1775349562,36,63,0,0,0,0,no_volume,0,0,0,0,no_volume,0,0,0,0,no_volume,0,0,0,0,0,0,18457,12105,-0.2078,0,3128,28,21,37,36,1
1775349563,36,63,0,0,0,0,no_volume,0,0,0,0,no_volume,0,0,0,0,no_volume,0,0,0,0,0,0,18457,12105,-0.2078,0,2000,28,21,37,36,1
1775349564,36,63,0,0,0,0,no_volume,0,0,0,0,no_volume,0,0,0,0,no_volume,0,0,0,0,0,0,18457,12105,-0.2078,0,1000,28,21,37,36,1
1775349565,36,63,0,0,0,0,no_volume,0,0,0,0,no_volume,0,0,0,0,no_volume,0,0,0,0,0,0,18457,12105,-0.2078,0,0,28,21,37,36,1
1775349566,36,63,0,0,0,0,no_volume,0,0,0,0,no_volume,0,0,0,0,no_volume,0,0,0,0,0,0,18207,12105,-0.2013,-250,-250,28,21,37,36,1
1775349567,36,62,0,0,0,0,no_volume,0,0,0,0,no_volume,0,0,0,0,no_volume,0,0,0,0,0,0,18208,12106,-0.2013,-249,-249,28,21,38,36,2
1775349568,36,62,0,0,0,0,no_volume,0,0,0,0,no_volume,0,0,0,0,no_volume,0,0,0,0,0,0,18208,12106,-0.2013,-249,-249,27,21,38,36,2
1775349569,36,62,0,0,0,0,no_volume,0,0,0,0,no_volume,0,0,0,0,no_volume,0,0,0,0,0,0,18208,12105,-0.2013,1,-249,27,21,38,36,2
1775349570,36,62,0,0,0,0,no_volume,0,0,0,0,no_volume,0,0,0,0,no_volume,0,0,0,0,0,0,18206,12105,-0.2013,-2,-251,27,21,38,36,2
1775349571,36,62,0,0,0,0,no_volume,0,0,0,0,no_volume,0,0,0,0,no_volume,0,0,0,0,0,0,18206,12105,-0.2013,-2,-251,27,21,38,36,2
1775349572,36,62,0,0,0,0,no_volume,0,0,0,0,no_volume,0,0,0,0,no_volume,0,0,0,0,0,0,18206,12105,-0.2013,-2,-251,27,21,38,36,2
1775349573,36,62,0,0,0,0,no_volume,0,0,0,0,no_volume,0,0,0,0,no_volume,0,0,0,0,0,0,18206,12105,-0.2013,0,-251,27,21,38,36,2
1775349574,36,62,0,0,0,0,no_volume,0,0,0,0,no_volume,0,0,0,0,no_volume,0,0,0,0,0,0,18206,12105,-0.2013,0,-251,27,21,38,36,2
1775349575,36,62,0,0,0,0,no_volume,0,0,0,0,no_volume,0,0,0,0,no_volume,0,0,0,0,0,0,18206,12105,-0.2013,0,-251,27,21,38,36,2
1775349576,36,62,0,0,0,0,no_volume,0,0,0,0,no_volume,0,0,0,0,no_volume,0,0,0,0,0,0,18206,12105,-0.2013,0,-1,27,21,38,36,2
1775349577,36,62,0,0,0,0,no_volume,0,0,0,0,no_volume,0,0,0,0,no_volume,0,0,0,0,0,0,18206,12105,-0.2013,0,-2,27,21,38,36,2
1775349578,36,62,0,0,0,0,no_volume,0,0,0,0,no_volume,0,0,0,0,no_volume,0,0,0,0,0,0,18206,12105,-0.2013,0,-2,27,21,38,36,2
1775349579,36,62,0,0,0,0,no_volume,0,0,0,0,no_volume,0,0,0,0,no_volume,0,0,0,0,0,0,18206,12105,-0.2013,0,-2,27,21,38,36,2
1775349580,36,62,0,0,0,0,no_volume,0,0,0,0,no_volume,0,0,0,0,no_volume,0,0,0,0,0,0,18206,12105,-0.2013,0,0,27,21,38,36,2
1775349581,36,62,0,0,0,0,no_volume,0,0,0,0,no_volume,0,0,0,0,no_volume,0,0,0,0,0,0,18206,12105,-0.2013,0,0,27,21,38,36,2
1775349582,36,62,0,0,0,0,no_volume,0,0,0,0,no_volume,0,0,0,0,no_volume,0,0,0,0,0,0,18206,12105,-0.2013,0,0,27,21,38,36,2
1775349583,36,62,0,0,0,0,no_volume,0,0,0,0,no_volume,0,0,0,0,no_volume,0,0,0,0,0,0,18206,12105,-0.2013,0,0,27,21,38,36,2
1775349584,36,62,0,0,0,0,no_volume,0,0,0,0,no_volume,0,0,0,0,no_volume,0,0,0,0,0,0,18206,12105,-0.2013,0,0,27,21,38,36,2
1775349585,36,62,0,0,0,0,no_volume,0,0,0,0,no_volume,0,0,0,0,no_volume,0,0,0,0,0,0,18206,12105,-0.2013,0,0,27,21,38,36,2
1775349586,36,62,0,0,0,0,no_volume,0,0,0,0,no_volume,0,0,0,0,no_volume,0,0,0,0,0,0,18206,12105,-0.2013,0,0,27,21,38,36,2
1775349587,36,62,0,0,0,0,no_volume,0,0,0,0,no_volume,0,0,0,0,no_volume,0,0,0,0,0,0,18206,12105,-0.2013,0,0,27,21,38,36,2
1775349588,36,62,0,0,0,0,no_volume,0,0,0,0,no_volume,0,0,0,0,no_volume,0,0,0,0,0,0,18206,12105,-0.2013,0,0,27,21,38,36,2
1775349589,36,62,0,0,0,0,no_volume,0,0,0,0,no_volume,0,0,0,0,no_volume,0,0,0,0,0,0,18206,12105,-0.2013,0,0,27,21,38,36,2
1775349590,36,62,0,0,0,0,no_volume,0,0,0,0,no_volume,0,0,0,0,no_volume,0,0,0,0,0,0,18206,12105,-0.2013,0,0,27,21,38,36,2
1775349591,36,62,0,0,0,0,no_volume,0,0,0,0,no_volume,0,0,0,0,no_volume,0,0,0,0,0,0,18206,12105,-0.2013,0,0,27,21,38,36,2
1775349592,36,62,0,0,0,0,no_volume,0,0,0,0,no_volume,0,0,0,0,no_volume,0,0,0,0,0,0,18274,12105,-0.2031,68,68,29,21,38,36,2
1775349593,36,62,0,0,0,0,no_volume,0,0,0,0,no_volume,0,0,0,0,no_volume,0,0,0,0,0,0,18251,12105,-0.2025,45,45,28,21,38,36,2
1775349594,36,63,0,0,0,0,no_volume,0,0,0,0,no_volume,0,0,0,0,no_volume,0,0,0,0,0,0,18457,12140,-0.2065,251,251,27,20,37,36,1
1775349595,36,63,0,0,0,0,no_volume,0,0,0,0,no_volume,0,0,0,0,no_volume,0,0,0,0,0,0,18457,12140,-0.2065,183,251,27,20,37,36,1
1775349596,36,63,0,0,0,0,no_volume,0,0,0,0,no_volume,0,0,0,0,no_volume,0,0,0,0,0,0,18457,12140,-0.2065,206,251,27,20,37,36,1
1775349597,36,63,0,0,0,0,no_volume,0,0,0,0,no_volume,0,0,0,0,no_volume,0,0,0,0,0,0,18457,12140,-0.2065,0,251,27,20,37,36,1
1775349598,36,63,0,0,0,0,no_volume,0,0,0,0,no_volume,0,0,0,0,no_volume,0,0,0,0,0,0,18457,12140,-0.2065,0,251,27,20,37,36,1
1775349599,36,63,0,0,0,0,no_volume,0,0,0,0,no_volume,0,0,0,0,no_volume,0,0,0,0,0,0,18457,12140,-0.2065,0,251,27,20,37,36,1
1775349600,36,63,0,0,0,0,no_volume,0,0,0,0,no_volume,0,0,0,0,no_volume,0,0,0,0,0,0,18457,12140,-0.2065,0,251,27,20,37,36,1
1775349601,36,63,0,0,0,0,no_volume,0,0,0,0,no_volume,0,0,0,0,no_volume,0,0,0,0,0,0,18457,12140,-0.2065,0,251,27,20,37,36,1
1775349602,36,63,0,0,0,0,no_volume,0,0,0,0,no_volume,0,0,0,0,no_volume,0,0,0,0,0,0,18457,12140,-0.2065,0,183,27,20,37,36,1
1775349603,36,63,0,0,0,0,no_volume,0,0,0,0,no_volume,0,0,0,0,no_volume,0,0,0,0,0,0,18457,12140,-0.2065,0,206,27,20,37,36,1
1775349604,36,63,0,0,0,0,no_volume,0,0,0,0,no_volume,0,0,0,0,no_volume,0,0,0,0,0,0,18451,12153,-0.2058,-6,-6,27,20,37,36,1
1775349605,36,63,0,0,0,0,no_volume,0,0,0,0,no_volume,0,0,0,0,no_volume,0,0,0,0,0,0,18451,12153,-0.2058,-6,-6,27,20,37,36,1
1775349606,36,63,0,0,0,0,no_volume,0,0,0,0,no_volume,0,0,0,0,no_volume,0,0,0,0,0,0,18451,12153,-0.2058,-6,-6,27,20,37,36,1
1775349607,36,63,0,0,0,0,no_volume,0,0,0,0,no_volume,0,0,0,0,no_volume,0,0,0,0,0,0,18451,12153,-0.2058,0,-6,27,20,37,36,1
1775349608,36,63,0,0,0,0,no_volume,0,0,0,0,no_volume,0,0,0,0,no_volume,0,0,0,0,0,0,18451,12153,-0.2058,0,-6,27,20,37,36,1
1775349609,36,63,0,0,0,0,no_volume,0,0,0,0,no_volume,0,0,0,0,no_volume,0,0,0,0,0,0,18451,12153,-0.2058,0,-6,27,20,37,36,1
1775349610,36,63,0,0,0,0,no_volume,0,0,0,0,no_volume,0,0,0,0,no_volume,0,0,0,0,0,0,18451,12153,-0.2058,0,-6,27,20,37,36,1
1775349611,36,63,0,0,0,0,no_volume,0,0,0,0,no_volume,0,0,0,0,no_volume,0,0,0,0,0,0,18451,12153,-0.2058,0,-6,27,20,37,36,1
1775349612,36,63,0,0,0,0,no_volume,0,0,0,0,no_volume,0,0,0,0,no_volume,0,0,0,0,0,0,18441,12153,-0.2055,-10,-16,27,20,37,36,1
1775349613,36,63,0,0,0,0,no_volume,0,0,0,0,no_volume,0,0,0,0,no_volume,0,0,0,0,0,0,18451,9653,-0.3131,0,-6,27,19,37,36,1
1775349614,36,63,0,0,0,0,no_volume,0,0,0,0,no_volume,0,0,0,0,no_volume,0,0,0,0,0,0,15951,9653,-0.246,-2500,-2500,26,19,37,36,1
1775349615,36,63,0,0,0,0,no_volume,0,0,0,0,no_volume,0,0,0,0,no_volume,0,0,0,0,0,0,15951,9653,-0.246,-2490,-2500,26,19,37,36,1
1775349616,36,63,0,0,0,0,no_volume,0,0,0,0,no_volume,0,0,0,0,no_volume,0,0,0,0,0,0,15951,9653,-0.246,-2500,-2500,26,19,37,36,1
1775349617,36,63,0,0,0,0,no_volume,0,0,0,0,no_volume,0,0,0,0,no_volume,0,0,0,0,0,0,15951,9653,-0.246,0,-2500,26,19,37,36,1
1775349618,36,63,0,0,0,0,no_volume,0,0,0,0,no_volume,0,0,0,0,no_volume,0,0,0,0,0,0,15951,9653,-0.246,0,-2500,26,19,37,36,1
1775349619,36,63,0,0,0,0,no_volume,0,0,0,0,no_volume,0,0,0,0,no_volume,0,0,0,0,0,0,15951,9653,-0.246,0,-2500,26,19,37,36,1
1775349620,36,63,0,0,0,0,no_volume,0,0,0,0,no_volume,0,0,0,0,no_volume,0,0,0,0,0,0,15951,9653,-0.246,0,-2500,26,19,37,36,1
1775349621,36,63,0,0,0,0,no_volume,0,0,0,0,no_volume,0,0,0,0,no_volume,0,0,0,0,0,0,15951,9653,-0.246,0,-2500,26,19,37,36,1
1775349622,36,63,0,0,0,0,no_volume,0,0,0,0,no_volume,0,0,0,0,no_volume,0,0,0,0,0,0,15951,9653,-0.246,0,-2490,26,19,37,36,1
1775349623,36,63,0,0,0,0,no_volume,0,0,0,0,no_volume,0,0,0,0,no_volume,0,0,0,0,0,0,15951,9653,-0.246,0,-2500,26,19,37,36,1
1775349624,36,63,0,0,0,0,no_volume,0,0,0,0,no_volume,0,0,0,0,no_volume,0,0,0,0,0,0,15951,9653,-0.246,0,0,26,19,37,36,1
1775349625,36,63,0,0,0,0,no_volume,0,0,0,0,no_volume,0,0,0,0,no_volume,0,0,0,0,0,0,15951,9653,-0.246,0,0,26,19,37,36,1
1775349626,36,63,0,0,0,0,no_volume,0,0,0,0,no_volume,0,0,0,0,no_volume,0,0,0,0,0,0,15951,9653,-0.246,0,0,26,19,37,36,1
1775349627,36,63,0,0,0,0,no_volume,0,0,0,0,no_volume,0,0,0,0,no_volume,0,0,0,0,0,0,15951,9653,-0.246,0,0,26,19,37,36,1
1775349628,36,63,0,0,0,0,no_volume,0,0,0,0,no_volume,0,0,0,0,no_volume,0,0,0,0,0,0,15951,9653,-0.246,0,0,26,19,37,36,1
1775349629,36,63,0,0,0,0,no_volume,0,0,0,0,no_volume,0,0,0,0,no_volume,0,0,0,0,0,0,15951,9653,-0.246,0,0,26,19,37,36,1
1775349630,36,63,0,0,0,0,no_volume,0,0,0,0,no_volume,0,0,0,0,no_volume,0,0,0,0,0,0,15951,9653,-0.246,0,0,26,19,37,36,1
1775349631,36,63,0,0,0,0,no_volume,0,0,0,0,no_volume,0,0,0,0,no_volume,0,0,0,0,0,0,15951,9653,-0.246,0,0,26,19,37,36,1
1775349632,36,63,0,0,0,0,no_volume,0,0,0,0,no_volume,0,0,0,0,no_volume,0,0,0,0,0,0,15951,9653,-0.246,0,0,26,19,37,36,1
1775349633,36,63,0,0,0,0,no_volume,0,0,0,0,no_volume,0,0,0,0,no_volume,0,0,0,0,0,0,15951,9653,-0.246,0,0,26,19,37,36,1
1775349634,36,63,0,0,0,0,no_volume,0,0,0,0,no_volume,0,0,0,0,no_volume,0,0,0,0,0,0,15951,9653,-0.246,0,0,26,19,37,36,1
1775349635,36,63,0,0,0,0,no_volume,0,0,0,0,no_volume,0,0,0,0,no_volume,0,0,0,0,0,0,15951,9653,-0.246,0,0,26,19,37,36,1
1775349636,36,63,0,0,0,0,no_volume,0,0,0,0,no_volume,0,0,0,0,no_volume,0,0,0,0,0,0,15951,9653,-0.246,0,0,26,19,37,36,1
1775349637,36,63,0,0,0,0,no_volume,0,0,0,0,no_volume,0,0,0,0,no_volume,0,0,0,0,0,0,15951,9653,-0.246,0,0,26,19,37,36,1
1775349638,36,63,0,0,0,0,no_volume,0,0,0,0,no_volume,0,0,0,0,no_volume,0,0,0,0,0,0,15951,9653,-0.246,0,0,26,19,37,36,1
1775349639,36,63,0,0,0,0,no_volume,0,0,0,0,no_volume,0,0,0,0,no_volume,0,0,0,0,0,0,15951,9653,-0.246,0,0,26,19,37,36,1
1775349640,36,63,0,0,0,0,no_volume,0,0,0,0,no_volume,0,0,0,0,no_volume,0,0,0,0,0,0,15951,9653,-0.246,0,0,26,19,37,36,1
1775349641,36,63,0,0,0,0,no_volume,0,0,0,0,no_volume,0,0,0,0,no_volume,0,0,0,0,0,0,15951,9653,-0.246,0,0,26,19,37,36,1
1775349642,36,63,0,0,0,0,no_volume,0,0,0,0,no_volume,0,0,0,0,no_volume,0,0,0,0,0,0,15951,9653,-0.246,0,0,26,19,37,36,1
1775349643,36,63,0,0,0,0,no_volume,0,0,0,0,no_volume,0,0,0,0,no_volume,0,0,0,0,0,0,15951,9653,-0.246,0,0,26,19,37,36,1
1775349644,36,63,0,0,0,0,no_volume,0,0,0,0,no_volume,0,0,0,0,no_volume,0,0,0,0,0,0,15951,9653,-0.246,0,0,26,19,37,36,1
1775349645,36,63,0,0,0,0,no_volume,0,0,0,0,no_volume,0,0,0,0,no_volume,0,0,0,0,0,0,15951,9653,-0.246,0,0,26,19,37,36,1
1775349646,36,63,0,0,0,0,no_volume,0,0,0,0,no_volume,0,0,0,0,no_volume,0,0,0,0,0,0,15951,9653,-0.246,0,0,26,19,37,36,1
1775349647,36,63,0,0,0,0,no_volume,0,0,0,0,no_volume,0,0,0,0,no_volume,0,0,0,0,0,0,15957,9646,-0.2465,6,6,26,20,37,36,1
1775349648,36,63,0,0,0,0,no_volume,0,0,0,0,no_volume,0,0,0,0,no_volume,0,0,0,0,0,0,15957,9646,-0.2465,6,6,26,20,37,36,1
1775349649,36,63,0,0,0,0,no_volume,0,0,0,0,no_volume,0,0,0,0,no_volume,0,0,0,0,0,0,15957,9646,-0.2465,6,6,26,20,37,36,1
1775349650,36,63,0,0,0,0,no_volume,0,0,0,0,no_volume,0,0,0,0,no_volume,0,0,0,0,0,0,15957,9646,-0.2465,0,6,26,20,37,36,1
1775349651,36,63,0,0,0,0,no_volume,0,0,0,0,no_volume,0,0,0,0,no_volume,0,0,0,0,0,0,15957,9646,-0.2465,0,6,26,20,37,36,1
1775349652,36,63,0,0,0,0,no_volume,0,0,0,0,no_volume,0,0,0,0,no_volume,0,0,0,0,0,0,15957,9646,-0.2465,0,6,26,20,37,36,1
1775349653,36,63,0,0,0,0,no_volume,0,0,0,0,no_volume,0,0,0,0,no_volume,0,0,0,0,0,0,15957,9646,-0.2465,0,6,26,20,37,36,1
1775349654,36,63,0,0,0,0,no_volume,0,0,0,0,no_volume,0,0,0,0,no_volume,0,0,0,0,0,0,15907,9646,-0.245,-50,-44,26,20,37,36,1
1775349655,36,63,0,0,0,0,no_volume,0,0,0,0,no_volume,0,0,0,0,no_volume,0,0,0,0,0,0,15907,9646,-0.245,-50,-44,26,20,37,36,1
1775349656,36,63,0,0,0,0,no_volume,0,0,0,0,no_volume,0,0,0,0,no_volume,0,0,0,0,0,0,15907,9646,-0.245,-50,-44,26,20,37,36,1
1775349657,36,63,0,0,0,0,no_volume,0,0,0,0,no_volume,0,0,0,0,no_volume,0,0,0,0,0,0,15907,9646,-0.245,0,-50,26,20,37,36,1
1775349658,36,63,0,0,0,0,no_volume,0,0,0,0,no_volume,0,0,0,0,no_volume,0,0,0,0,0,0,17916,11662,-0.2114,2009,1959,26,20,37,36,1
1775349659,36,63,0,0,0,0,no_volume,0,0,0,0,no_volume,0,0,0,0,no_volume,0,0,0,0,0,0,17666,11662,-0.2047,1759,1709,26,20,37,36,1
1775349660,36,63,0,0,0,0,no_volume,0,0,0,0,no_volume,0,0,0,0,no_volume,0,0,0,0,0,0,15657,9622,-0.2387,-250,-300,26,21,37,36,1
1775349661,36,63,0,0,0,0,no_volume,0,0,0,0,no_volume,0,0,0,0,no_volume,0,0,0,0,0,0,15657,9622,-0.2387,-2259,-300,26,21,37,36,1
1775349662,36,63,0,0,0,0,no_volume,0,0,0,0,no_volume,0,0,0,0,no_volume,0,0,0,0,0,0,15657,9622,-0.2387,-2009,-300,26,21,37,36,1
1775349663,36,62,0,0,0,0,no_volume,0,0,0,0,no_volume,0,0,0,0,no_volume,0,0,0,0,0,0,15684,9622,-0.2395,27,-273,25,21,38,36,2
1775349664,36,62,0,0,0,0,no_volume,0,0,0,0,no_volume,0,0,0,0,no_volume,0,0,0,0,0,0,15675,9622,-0.2393,18,-232,25,21,38,36,2
1775349665,36,62,0,0,0,0,no_volume,0,0,0,0,no_volume,0,0,0,0,no_volume,0,0,0,0,0,0,15657,9622,-0.2387,0,-250,25,21,38,36,2
1775349666,36,62,0,0,0,0,no_volume,0,0,0,0,no_volume,0,0,0,0,no_volume,0,0,0,0,0,0,15657,9622,-0.2387,-27,-250,25,21,38,36,2
1775349667,36,62,0,0,0,0,no_volume,0,0,0,0,no_volume,0,0,0,0,no_volume,0,0,0,0,0,0,15657,9622,-0.2387,-18,-250,25,21,38,36,2
1775349668,36,62,0,0,0,0,no_volume,0,0,0,0,no_volume,0,0,0,0,no_volume,0,0,0,0,0,0,15657,9622,-0.2387,0,-2259,25,21,38,36,2
1775349669,36,62,0,0,0,0,no_volume,0,0,0,0,no_volume,0,0,0,0,no_volume,0,0,0,0,0,0,15657,9601,-0.2398,0,-2009,25,21,38,36,2
1775349670,36,62,0,0,0,0,no_volume,0,0,0,0,no_volume,0,0,0,0,no_volume,0,0,0,0,0,0,15657,9601,-0.2398,0,0,25,21,38,36,2
1775349671,36,62,0,0,0,0,no_volume,0,0,0,0,no_volume,0,0,0,0,no_volume,0,0,0,0,0,0,15657,9601,-0.2398,0,0,25,21,38,36,2
1775349672,36,62,0,0,0,0,no_volume,0,0,0,0,no_volume,0,0,0,0,no_volume,0,0,0,0,0,0,15657,9601,-0.2398,0,0,25,21,38,36,2
1775349673,36,62,0,0,0,0,no_volume,0,0,0,0,no_volume,0,0,0,0,no_volume,0,0,0,0,0,0,15657,9601,-0.2398,0,-27,25,21,38,36,2
1775349674,36,62,0,0,0,0,no_volume,0,0,0,0,no_volume,0,0,0,0,no_volume,0,0,0,0,0,0,15657,9630,-0.2383,0,-18,25,21,38,36,2
1775349675,36,62,0,0,0,0,no_volume,0,0,0,0,no_volume,0,0,0,0,no_volume,0,0,0,0,0,0,15657,9630,-0.2383,0,0,25,21,38,36,2
1775349676,36,62,0,0,0,0,no_volume,0,0,0,0,no_volume,0,0,0,0,no_volume,0,0,0,0,0,0,15657,9630,-0.2383,0,0,25,21,38,36,2
1775349677,36,62,0,0,0,0,no_volume,0,0,0,0,no_volume,0,0,0,0,no_volume,0,0,0,0,0,0,15657,9630,-0.2383,0,0,25,21,38,36,2
1775349678,36,63,0,0,0,0,no_volume,0,0,0,0,no_volume,0,0,0,0,no_volume,0,0,0,0,0,0,17722,11629,-0.2076,2065,2065,26,21,37,36,1
1775349679,36,63,0,0,0,0,no_volume,0,0,0,0,no_volume,0,0,0,0,no_volume,0,0,0,0,0,0,17722,11629,-0.2076,2065,2065,26,21,37,36,1
1775349680,36,63,0,0,0,0,no_volume,0,0,0,0,no_volume,0,0,0,0,no_volume,0,0,0,0,0,0,17722,11629,-0.2076,2065,2065,26,21,37,36,1
1775349681,36,63,0,0,0,0,no_volume,0,0,0,0,no_volume,0,0,0,0,no_volume,0,0,0,0,0,0,17722,11629,-0.2076,0,2065,26,21,37,36,1
1775349682,36,63,0,0,0,0,no_volume,0,0,0,0,no_volume,0,0,0,0,no_volume,0,0,0,0,0,0,17722,11629,-0.2076,0,2065,26,21,37,36,1
1775349683,36,63,0,0,0,0,no_volume,0,0,0,0,no_volume,0,0,0,0,no_volume,0,0,0,0,0,0,17746,11629,-0.2082,24,2089,26,21,37,36,1
1775349684,36,63,0,0,0,0,no_volume,0,0,0,0,no_volume,0,0,0,0,no_volume,0,0,0,0,0,0,17746,11629,-0.2082,24,2089,26,21,37,36,1
1775349685,36,63,0,0,0,0,no_volume,0,0,0,0,no_volume,0,0,0,0,no_volume,0,0,0,0,0,0,17746,11629,-0.2082,24,2089,26,21,37,36,1
1775349686,36,63,0,0,0,0,no_volume,0,0,0,0,no_volume,0,0,0,0,no_volume,0,0,0,0,0,0,17746,11629,-0.2082,0,2089,26,21,37,36,1
1775349687,36,63,0,0,0,0,no_volume,0,0,0,0,no_volume,0,0,0,0,no_volume,0,0,0,0,0,0,17746,11629,-0.2082,0,2089,26,21,37,36,1
1775349688,36,63,0,0,0,0,no_volume,0,0,0,0,no_volume,0,0,0,0,no_volume,0,0,0,0,0,0,17746,11629,-0.2082,0,24,26,21,37,36,1
1775349689,36,63,0,0,0,0,no_volume,0,0,0,0,no_volume,0,0,0,0,no_volume,0,0,0,0,0,0,17746,11629,-0.2082,0,24,26,21,37,36,1
1775349690,36,63,0,0,0,0,no_volume,0,0,0,0,no_volume,0,0,0,0,no_volume,0,0,0,0,0,0,17746,11629,-0.2082,0,24,26,21,37,36,1
1775349691,36,63,0,0,0,0,no_volume,0,0,0,0,no_volume,0,0,0,0,no_volume,0,0,0,0,0,0,17746,11629,-0.2082,0,24,26,21,37,36,1
1775349692,36,63,0,0,0,0,no_volume,0,0,0,0,no_volume,0,0,0,0,no_volume,0,0,0,0,0,0,17774,11629,-0.209,28,52,26,21,37,36,1
1775349693,36,63,0,0,0,0,no_volume,0,0,0,0,no_volume,0,0,0,0,no_volume,0,0,0,0,0,0,17774,11629,-0.209,28,28,26,21,37,36,1
1775349694,36,63,0,0,0,0,no_volume,0,0,0,0,no_volume,0,0,0,0,no_volume,0,0,0,0,0,0,17774,11629,-0.209,28,28,26,21,37,36,1
1775349695,36,63,0,0,0,0,no_volume,0,0,0,0,no_volume,0,0,0,0,no_volume,0,0,0,0,0,0,17774,11629,-0.209,0,28,26,21,37,36,1
1775349696,36,63,0,0,0,0,no_volume,0,0,0,0,no_volume,0,0,0,0,no_volume,0,0,0,0,0,0,17774,11629,-0.209,0,28,26,21,37,36,1
1775349697,36,63,0,0,0,0,no_volume,0,0,0,0,no_volume,0,0,0,0,no_volume,0,0,0,0,0,0,17774,11629,-0.209,0,28,26,21,37,36,1
1775349698,36,63,0,0,0,0,no_volume,0,0,0,0,no_volume,0,0,0,0,no_volume,0,0,0,0,0,0,17774,9630,-0.2972,0,28,26,21,37,36,1
1775349699,36,63,0,0,0,0,no_volume,0,0,0,0,no_volume,0,0,0,0,no_volume,0,0,0,0,0,0,18024,9630,-0.3035,250,278,26,21,37,36,1
1775349700,36,63,0,0,0,0,no_volume,0,0,0,0,no_volume,0,0,0,0,no_volume,0,0,0,0,0,0,18024,9604,-0.3048,250,278,26,21,37,36,1
1775349701,36,63,0,0,0,0,no_volume,0,0,0,0,no_volume,0,0,0,0,no_volume,0,0,0,0,0,0,18024,9604,-0.3048,250,278,26,21,37,36,1
1775349702,36,63,0,0,0,0,no_volume,0,0,0,0,no_volume,0,0,0,0,no_volume,0,0,0,0,0,0,18024,13607,-0.1396,0,250,26,21,37,36,1
1775349703,36,63,0,0,0,0,no_volume,0,0,0,0,no_volume,0,0,0,0,no_volume,0,0,0,0,0,0,18024,13607,-0.1396,0,250,26,21,37,36,1
1775349704,35,63,0,0,0,0,no_volume,0,0,0,0,no_volume,0,0,0,0,no_volume,0,0,0,0,0,0,17746,13303,-0.1431,-278,-28,25,20,37,35,2
1775349705,35,63,0,0,0,0,no_volume,0,0,0,0,no_volume,0,0,0,0,no_volume,0,0,0,0,0,0,17769,13324,-0.143,-255,-5,25,20,37,35,2
1775349706,35,63,0,0,0,0,no_volume,0,0,0,0,no_volume,0,0,0,0,no_volume,0,0,0,0,0,0,17769,13324,-0.143,-255,-5,25,20,37,35,2
1775349707,35,63,0,0,0,0,no_volume,0,0,0,0,no_volume,0,0,0,0,no_volume,0,0,0,0,0,0,16269,13324,-0.0995,-1477,-1505,24,20,37,35,2
1775349708,35,64,0,0,0,0,no_volume,0,0,0,0,no_volume,0,0,0,0,no_volume,0,0,0,0,0,0,17017,13324,-0.1217,-752,-757,25,20,36,35,1
1775349709,35,64,0,0,0,0,no_volume,0,0,0,0,no_volume,0,0,0,0,no_volume,0,0,0,0,0,0,18017,13324,-0.1497,248,-7,26,20,36,35,1
1775349710,35,64,0,0,0,0,no_volume,0,0,0,0,no_volume,0,0,0,0,no_volume,0,0,0,0,0,0,18017,13324,-0.1497,1748,-7,26,20,36,35,1
1775349711,35,64,0,0,0,0,no_volume,0,0,0,0,no_volume,0,0,0,0,no_volume,0,0,0,0,0,0,17300,12520,-0.1603,283,-724,26,20,36,35,1
1775349712,35,64,0,0,0,0,no_volume,0,0,0,0,no_volume,0,0,0,0,no_volume,0,0,0,0,0,0,17300,12520,-0.1603,-717,-724,26,20,36,35,1
1775349713,35,64,0,0,0,0,no_volume,0,0,0,0,no_volume,0,0,0,0,no_volume,0,0,0,0,0,0,17277,12546,-0.1586,-740,-747,26,20,36,35,1
1775349714,35,64,0,0,0,0,no_volume,0,0,0,0,no_volume,0,0,0,0,no_volume,0,0,0,0,0,0,17298,13276,-0.1315,-2,-448,26,20,36,35,1
1775349715,35,64,0,0,0,0,no_volume,0,0,0,0,no_volume,0,0,0,0,no_volume,0,0,0,0,0,0,17298,13276,-0.1315,-2,-471,26,20,36,35,1
1775349716,35,64,0,13,0,13,low_activity,0,13,0,13,low_activity,0,13,0,13,low_activity,13,0,13,13,0,13,18008,13276,-0.1513,731,239,26,20,36,35,1
1775349717,35,64,0,13,0,13,low_activity,0,13,0,13,low_activity,0,13,0,13,low_activity,0,0,0,13,0,13,18020,13276,-0.1516,722,1751,27,20,36,35,1
1775349718,35,64,0,13,0,13,low_activity,0,13,0,13,low_activity,0,13,0,13,low_activity,0,0,0,13,0,13,18020,13276,-0.1516,722,1003,27,20,36,35,1
1775349719,35,64,0,0,0,0,no_volume,0,13,0,13,low_activity,0,13,0,13,low_activity,0,0,0,13,0,13,18020,13276,-0.1516,12,3,27,20,36,35,1
1775349720,35,64,0,0,0,0,no_volume,0,13,0,13,low_activity,0,13,0,13,low_activity,0,0,0,13,0,13,18013,13276,-0.1514,-7,-4,27,20,36,35,1
1775349721,35,64,0,0,0,0,no_volume,0,0,0,0,no_volume,0,13,0,13,low_activity,0,0,0,13,0,13,18013,13276,-0.1514,-7,713,27,20,36,35,1
1775349722,35,64,0,0,0,0,no_volume,0,0,0,0,no_volume,0,13,0,13,low_activity,0,0,0,13,0,13,18013,13276,-0.1514,-7,713,27,20,36,35,1
1775349723,35,64,0,0,0,0,no_volume,0,0,0,0,no_volume,0,13,0,13,low_activity,0,0,0,13,0,13,18003,13276,-0.1511,-10,726,26,20,36,35,1
1775349724,35,64,0,0,0,0,no_volume,0,0,0,0,no_volume,0,13,0,13,low_activity,0,0,0,13,0,13,18003,13276,-0.1511,-10,705,26,20,36,35,1
1775349725,35,64,0,0,0,0,no_volume,0,0,0,0,no_volume,0,13,0,13,low_activity,0,0,0,13,0,13,18003,13276,-0.1511,-10,705,26,20,36,35,1
1775349726,35,64,0,0,0,0,no_volume,0,0,0,0,no_volume,0,13,0,13,low_activity,0,0,0,13,0,13,18003,13276,-0.1511,0,-5,26,20,36,35,1
1775349727,35,64,0,0,0,0,no_volume,0,0,0,0,no_volume,0,13,0,13,low_activity,0,0,0,13,0,13,18003,13276,-0.1511,0,-17,26,20,36,35,1
1775349728,35,64,0,0,0,0,no_volume,0,0,0,0,no_volume,0,13,0,13,low_activity,0,0,0,13,0,13,18013,13242,-0.1526,10,-7,27,20,36,35,1
1775349729,35,64,0,0,0,0,no_volume,0,0,0,0,no_volume,0,13,0,13,low_activity,0,0,0,13,0,13,18013,13242,-0.1526,10,-7,27,20,36,35,1
1775349730,35,64,0,0,0,0,no_volume,0,0,0,0,no_volume,0,13,0,13,low_activity,0,0,0,13,0,13,18013,13242,-0.1526,10,0,27,20,36,35,1
1775349731,35,64,0,0,0,0,no_volume,0,0,0,0,no_volume,0,13,0,13,low_activity,0,0,0,13,0,13,18013,13242,-0.1526,0,0,27,20,36,35,1
1775349732,35,64,0,0,0,0,no_volume,0,0,0,0,no_volume,0,13,0,13,low_activity,0,0,0,13,0,13,18013,13242,-0.1526,0,0,27,20,36,35,1
1775349733,35,64,0,0,0,0,no_volume,0,0,0,0,no_volume,0,13,0,13,low_activity,0,0,0,13,0,13,18013,13242,-0.1526,0,10,27,20,36,35,1
1775349734,35,64,0,0,0,0,no_volume,0,0,0,0,no_volume,0,13,0,13,low_activity,0,0,0,13,0,13,17991,13242,-0.1521,-22,-12,26,20,36,35,1
1775349735,35,64,0,0,0,0,no_volume,0,0,0,0,no_volume,0,13,0,13,low_activity,0,0,0,13,0,13,17991,13242,-0.1521,-22,-12,26,20,36,35,1
1775349736,35,64,0,0,0,0,no_volume,0,0,0,0,no_volume,0,13,0,13,low_activity,0,0,0,13,0,13,17981,13276,-0.1505,-32,-22,25,19,36,35,1
1775349737,35,64,0,0,0,0,no_volume,0,0,0,0,no_volume,0,13,0,13,low_activity,0,0,0,13,0,13,17981,13276,-0.1505,-10,-22,25,19,36,35,1
1775349738,35,64,0,0,0,0,no_volume,0,0,0,0,no_volume,0,13,0,13,low_activity,0,0,0,13,0,13,17981,13276,-0.1505,-10,-32,25,19,36,35,1
1775349739,35,64,0,0,0,0,no_volume,0,0,0,0,no_volume,0,13,0,13,low_activity,0,0,0,13,0,13,17981,13276,-0.1505,0,-32,25,19,36,35,1
1775349740,35,64,0,0,0,0,no_volume,0,0,0,0,no_volume,0,13,0,13,low_activity,0,0,0,13,0,13,17981,13276,-0.1505,0,-32,25,19,36,35,1
1775349741,35,64,0,0,0,0,no_volume,0,0,0,0,no_volume,0,13,0,13,low_activity,0,0,0,13,0,13,17981,13276,-0.1505,0,-32,25,19,36,35,1
1775349742,35,64,0,0,0,0,no_volume,0,0,0,0,no_volume,0,13,0,13,low_activity,0,0,0,13,0,13,17981,13276,-0.1505,0,-32,25,19,36,35,1
1775349743,35,64,0,0,0,0,no_volume,0,0,0,0,no_volume,0,13,0,13,low_activity,0,0,0,13,0,13,17981,13276,-0.1505,0,-32,25,19,36,35,1
1775349744,35,64,0,0,0,0,no_volume,0,0,0,0,no_volume,0,13,0,13,low_activity,0,0,0,13,0,13,17981,13276,-0.1505,0,-10,25,19,36,35,1
1775349745,35,64,0,0,0,0,no_volume,0,0,0,0,no_volume,0,13,0,13,low_activity,0,0,0,13,0,13,17981,13276,-0.1505,0,-10,25,19,36,35,1
1775349746,35,64,0,0,0,0,no_volume,0,0,0,0,no_volume,0,0,0,0,no_volume,0,0,0,13,0,13,17981,13276,-0.1505,0,0,25,19,36,35,1
1775349747,35,64,0,0,0,0,no_volume,0,0,0,0,no_volume,0,0,0,0,no_volume,0,0,0,13,0,13,17981,13276,-0.1505,0,0,25,19,36,35,1
1775349748,35,64,0,0,0,0,no_volume,0,0,0,0,no_volume,0,0,0,0,no_volume,0,0,0,13,0,13,17981,13276,-0.1505,0,0,25,19,36,35,1
1775349749,35,64,0,0,0,0,no_volume,0,0,0,0,no_volume,0,0,0,0,no_volume,0,0,0,13,0,13,17981,13276,-0.1505,0,0,25,19,36,35,1
1775349750,35,64,0,0,0,0,no_volume,0,0,0,0,no_volume,0,0,0,0,no_volume,0,0,0,13,0,13,17981,13276,-0.1505,0,0,25,19,36,35,1
1775349751,35,64,0,0,0,0,no_volume,0,0,0,0,no_volume,0,0,0,0,no_volume,0,0,0,13,0,13,17992,13278,-0.1508,11,11,25,20,36,35,1
1775349752,35,64,0,0,0,0,no_volume,0,0,0,0,no_volume,0,0,0,0,no_volume,0,0,0,13,0,13,17992,13278,-0.1508,11,11,25,20,36,35,1
1775349753,35,64,0,0,0,0,no_volume,0,0,0,0,no_volume,0,0,0,0,no_volume,0,0,0,13,0,13,17992,13278,-0.1508,11,11,25,20,36,35,1
1775349754,35,64,0,0,0,0,no_volume,0,0,0,0,no_volume,0,0,0,0,no_volume,0,0,0,13,0,13,17992,13278,-0.1508,0,11,25,20,36,35,1
1775349755,35,64,0,0,0,0,no_volume,0,0,0,0,no_volume,0,0,0,0,no_volume,0,0,0,13,0,13,17992,13278,-0.1508,0,11,25,20,36,35,1
1775349756,35,64,0,0,0,0,no_volume,0,0,0,0,no_volume,0,0,0,0,no_volume,0,0,0,13,0,13,17992,13278,-0.1508,0,11,25,20,36,35,1
1775349757,35,64,0,0,0,0,no_volume,0,0,0,0,no_volume,0,0,0,0,no_volume,0,0,0,13,0,13,17992,13278,-0.1508,0,11,25,20,36,35,1
1775349758,35,64,0,0,0,0,no_volume,0,0,0,0,no_volume,0,0,0,0,no_volume,0,0,0,13,0,13,17992,13278,-0.1508,0,11,25,20,36,35,1
1775349759,35,64,0,0,0,0,no_volume,0,0,0,0,no_volume,0,0,0,0,no_volume,0,0,0,13,0,13,17992,13278,-0.1508,0,11,25,20,36,35,1
1775349760,35,64,0,0,0,0,no_volume,0,0,0,0,no_volume,0,0,0,0,no_volume,0,0,0,13,0,13,17992,13278,-0.1508,0,11,25,20,36,35,1
1775349761,35,64,0,0,0,0,no_volume,0,0,0,0,no_volume,0,0,0,0,no_volume,0,0,0,13,0,13,17992,13278,-0.1508,0,0,25,20,36,35,1
1775349762,35,64,0,0,0,0,no_volume,0,0,0,0,no_volume,0,0,0,0,no_volume,0,0,0,13,0,13,17989,13278,-0.1507,-3,-3,25,20,36,35,1
1775349763,35,64,0,0,0,0,no_volume,0,0,0,0,no_volume,0,0,0,0,no_volume,0,0,0,13,0,13,12502,8799,-0.1738,-5490,-5490,23,19,36,35,1
1775349764,35,64,0,0,0,0,no_volume,0,0,0,0,no_volume,0,0,0,0,no_volume,0,0,0,13,0,13,16481,12278,-0.1461,-1511,-1511,24,19,36,35,1
1775349765,35,64,0,0,0,0,no_volume,0,0,0,0,no_volume,0,0,0,0,no_volume,0,0,0,13,0,13,17981,13278,-0.1505,-8,-11,25,20,36,35,1
1775349766,35,64,0,0,0,0,no_volume,0,0,0,0,no_volume,0,0,0,0,no_volume,0,0,0,13,0,13,17981,13278,-0.1505,5479,-11,25,20,36,35,1
1775349767,35,64,0,0,0,0,no_volume,0,0,0,0,no_volume,0,0,0,0,no_volume,0,0,0,13,0,13,17981,13278,-0.1505,1500,-11,25,20,36,35,1
1775349768,35,64,0,0,0,0,no_volume,0,0,0,0,no_volume,0,0,0,0,no_volume,0,0,0,13,0,13,17981,13278,-0.1505,0,-11,25,20,36,35,1
1775349769,35,64,0,0,0,0,no_volume,0,0,0,0,no_volume,0,0,0,0,no_volume,0,0,0,13,0,13,17981,13278,-0.1505,0,-11,25,20,36,35,1
1775349770,35,64,0,0,0,0,no_volume,0,0,0,0,no_volume,0,0,0,0,no_volume,0,0,0,13,0,13,17981,13278,-0.1505,0,-11,25,20,36,35,1
1775349771,35,64,0,0,0,0,no_volume,0,0,0,0,no_volume,0,0,0,0,no_volume,0,0,0,13,0,13,17981,13278,-0.1505,0,-11,25,20,36,35,1
1775349772,35,64,0,0,0,0,no_volume,0,0,0,0,no_volume,0,0,0,0,no_volume,0,0,0,13,0,13,17981,13278,-0.1505,0,-8,25,20,36,35,1
1775349773,35,64,0,0,0,0,no_volume,0,0,0,0,no_volume,0,0,0,0,no_volume,0,0,0,13,0,13,17981,13278,-0.1505,0,5479,25,19,36,35,1
1775349774,35,64,0,0,0,0,no_volume,0,0,0,0,no_volume,0,0,0,0,no_volume,0,0,0,13,0,13,17981,13278,-0.1505,0,1500,25,19,36,35,1
1775349775,35,64,0,0,0,0,no_volume,0,0,0,0,no_volume,0,0,0,0,no_volume,0,0,0,13,0,13,17981,13278,-0.1505,0,0,25,19,36,35,1
1775349776,35,64,0,0,0,0,no_volume,0,0,0,0,no_volume,0,0,0,0,no_volume,0,0,0,0,0,0,17981,13278,-0.1505,0,0,25,19,36,35,1
1775349777,35,64,0,0,0,0,no_volume,0,0,0,0,no_volume,0,0,0,0,no_volume,0,0,0,0,0,0,17981,13278,-0.1505,0,0,25,19,36,35,1
1775349778,35,64,0,0,0,0,no_volume,0,0,0,0,no_volume,0,0,0,0,no_volume,0,0,0,0,0,0,17981,13278,-0.1505,0,0,25,19,36,35,1
1775349779,35,64,0,0,0,0,no_volume,0,0,0,0,no_volume,0,0,0,0,no_volume,0,0,0,0,0,0,17981,13278,-0.1505,0,0,25,19,36,35,1
1775349780,35,64,0,0,0,0,no_volume,0,0,0,0,no_volume,0,0,0,0,no_volume,0,0,0,0,0,0,17981,13278,-0.1505,0,0,25,19,36,35,1
1775349781,35,64,0,0,0,0,no_volume,0,0,0,0,no_volume,0,0,0,0,no_volume,0,0,0,0,0,0,17981,13278,-0.1505,0,0,25,19,36,35,1
1775349782,35,64,0,0,0,0,no_volume,0,0,0,0,no_volume,0,0,0,0,no_volume,0,0,0,0,0,0,17981,13278,-0.1505,0,0,25,19,36,35,1
1775349783,35,64,0,0,0,0,no_volume,0,0,0,0,no_volume,0,0,0,0,no_volume,0,0,0,0,0,0,17992,13263,-0.1513,11,11,25,19,36,35,1
1775349784,35,64,0,0,0,0,no_volume,0,0,0,0,no_volume,0,0,0,0,no_volume,0,0,0,0,0,0,17992,13263,-0.1513,11,11,25,19,36,35,1
1775349785,35,64,0,0,0,0,no_volume,0,0,0,0,no_volume,0,0,0,0,no_volume,0,0,0,0,0,0,17992,13263,-0.1513,11,11,25,19,36,35,1
1775349786,35,64,0,0,0,0,no_volume,0,0,0,0,no_volume,0,0,0,0,no_volume,0,0,0,0,0,0,17992,13263,-0.1513,0,11,25,19,36,35,1
1775349787,35,64,0,0,0,0,no_volume,0,0,0,0,no_volume,0,0,0,0,no_volume,0,0,0,0,0,0,17992,13263,-0.1513,0,11,25,19,36,35,1
1775349788,35,64,0,0,0,0,no_volume,0,0,0,0,no_volume,0,0,0,0,no_volume,0,0,0,0,0,0,17992,13263,-0.1513,0,11,25,19,36,35,1
1775349789,35,64,0,0,0,0,no_volume,0,0,0,0,no_volume,0,0,0,0,no_volume,0,0,0,0,0,0,17992,13271,-0.151,0,11,25,19,36,35,1
1775349790,35,64,0,0,0,0,no_volume,0,0,0,0,no_volume,0,0,0,0,no_volume,0,0,0,0,0,0,17992,13271,-0.151,0,11,25,19,36,35,1
1775349791,35,64,0,0,0,0,no_volume,0,0,0,0,no_volume,0,0,0,0,no_volume,0,0,0,0,0,0,17992,13271,-0.151,0,11,25,19,36,35,1
1775349792,35,64,0,0,0,0,no_volume,0,0,0,0,no_volume,0,0,0,0,no_volume,0,0,0,0,0,0,17992,13271,-0.151,0,11,25,19,36,35,1
1775349793,35,64,0,0,0,0,no_volume,0,0,0,0,no_volume,0,0,0,0,no_volume,0,0,0,0,0,0,17992,13271,-0.151,0,0,25,19,36,35,1
1775349794,35,64,0,0,0,0,no_volume,0,0,0,0,no_volume,0,0,0,0,no_volume,0,0,0,0,0,0,17992,13271,-0.151,0,0,25,19,36,35,1
1775349795,35,64,0,0,0,0,no_volume,0,0,0,0,no_volume,0,0,0,0,no_volume,0,0,0,0,0,0,17992,13271,-0.151,0,0,25,19,36,35,1
1775349796,35,64,0,0,0,0,no_volume,0,0,0,0,no_volume,0,0,0,0,no_volume,0,0,0,0,0,0,17992,13271,-0.151,0,0,25,19,36,35,1
1775349797,35,64,0,0,0,0,no_volume,0,0,0,0,no_volume,0,0,0,0,no_volume,0,0,0,0,0,0,17992,13271,-0.151,0,0,25,19,36,35,1
1775349798,35,64,0,0,0,0,no_volume,0,0,0,0,no_volume,0,0,0,0,no_volume,0,0,0,0,0,0,17992,13271,-0.151,0,0,25,19,36,35,1
1775349799,35,64,0,0,0,0,no_volume,0,0,0,0,no_volume,0,0,0,0,no_volume,0,0,0,0,0,0,17992,12533,-0.1788,0,0,25,19,36,35,1
1775349800,35,64,0,0,0,0,no_volume,0,0,0,0,no_volume,0,0,0,0,no_volume,0,0,0,0,0,0,17992,12533,-0.1788,0,0,25,19,36,35,1
1775349801,35,64,0,0,0,0,no_volume,0,0,0,0,no_volume,0,0,0,0,no_volume,0,0,0,0,0,0,17992,12533,-0.1788,0,0,25,19,36,35,1
1775349802,35,64,0,0,0,0,no_volume,0,0,0,0,no_volume,0,0,0,0,no_volume,0,0,0,0,0,0,17992,13272,-0.151,0,0,25,19,36,35,1
1775349803,35,64,0,0,0,0,no_volume,0,0,0,0,no_volume,0,0,0,0,no_volume,0,0,0,0,0,0,17992,13272,-0.151,0,0,25,19,36,35,1
1775349804,35,64,0,0,0,0,no_volume,0,0,0,0,no_volume,0,0,0,0,no_volume,0,0,0,0,0,0,17995,13272,-0.1511,3,3,25,19,36,35,1
1775349805,35,64,0,0,0,0,no_volume,0,0,0,0,no_volume,0,0,0,0,no_volume,0,0,0,0,0,0,17995,13272,-0.1511,3,3,25,19,36,35,1
1775349806,35,64,0,0,0,0,no_volume,0,0,0,0,no_volume,0,0,0,0,no_volume,0,0,0,0,0,0,17992,13272,-0.151,0,0,25,19,36,35,1
1775349807,35,64,0,0,0,0,no_volume,0,0,0,0,no_volume,0,0,0,0,no_volume,0,0,0,0,0,0,17992,13272,-0.151,-3,0,25,19,36,35,1
1775349808,35,64,0,0,0,0,no_volume,0,0,0,0,no_volume,0,0,0,0,no_volume,0,0,0,0,0,0,17992,13272,-0.151,-3,0,25,19,36,35,1
1775349809,35,64,0,0,0,0,no_volume,0,0,0,0,no_volume,0,0,0,0,no_volume,0,0,0,0,0,0,17992,13272,-0.151,0,0,25,19,36,35,1
1775349810,35,64,0,0,0,0,no_volume,0,0,0,0,no_volume,0,0,0,0,no_volume,0,0,0,0,0,0,17992,12533,-0.1788,0,0,25,19,36,35,1
1775349811,35,64,0,0,0,0,no_volume,0,0,0,0,no_volume,0,0,0,0,no_volume,0,0,0,0,0,0,17992,13271,-0.151,0,0,25,19,36,35,1
1775349812,35,64,0,0,0,0,no_volume,0,0,0,0,no_volume,0,0,0,0,no_volume,0,0,0,0,0,0,17992,13271,-0.151,0,0,25,19,36,35,1
1775349813,35,64,0,0,0,0,no_volume,0,0,0,0,no_volume,0,0,0,0,no_volume,0,0,0,0,0,0,17992,13271,-0.151,0,0,25,19,36,35,1
1775349814,35,64,0,0,0,0,no_volume,0,0,0,0,no_volume,0,0,0,0,no_volume,0,0,0,0,0,0,17992,12533,-0.1788,0,-3,25,19,36,35,1
1775349815,35,64,0,0,0,0,no_volume,0,0,0,0,no_volume,0,0,0,0,no_volume,0,0,0,0,0,0,17992,12533,-0.1788,0,-3,25,19,36,35,1
1775349816,35,64,0,0,0,0,low_activity,0,0,0,0,low_activity,0,0,0,0,low_activity,1,0,1,1,0,1,17991,12533,-0.1788,-1,-1,25,19,36,35,1
1775349817,35,64,0,0,0,0,low_activity,0,0,0,0,low_activity,0,0,0,0,low_activity,0,0,0,1,0,1,17991,12533,-0.1788,-1,-1,25,19,36,35,1
1775349818,35,64,0,0,0,0,low_activity,0,0,0,0,low_activity,0,0,0,0,low_activity,0,0,0,1,0,1,17991,12533,-0.1788,-1,-1,25,19,36,35,1
1775349819,35,64,0,0,0,0,no_volume,0,0,0,0,low_activity,0,0,0,0,low_activity,0,0,0,1,0,1,17991,13271,-0.151,0,-1,25,19,36,35,1
1775349820,35,64,0,0,0,0,no_volume,0,0,0,0,low_activity,0,0,0,0,low_activity,0,0,0,1,0,1,17991,13271,-0.151,0,-1,25,19,36,35,1
1775349821,35,64,0,0,0,0,no_volume,0,0,0,0,no_volume,0,0,0,0,low_activity,0,0,0,1,0,1,17991,13271,-0.151,0,-1,25,19,36,35,1
1775349822,35,64,0,0,0,0,no_volume,0,0,0,0,no_volume,0,0,0,0,low_activity,0,0,0,1,0,1,17991,13271,-0.151,0,-1,25,19,36,35,1
1775349823,35,64,0,0,0,0,no_volume,0,0,0,0,no_volume,0,0,0,0,low_activity,0,0,0,1,0,1,17992,13271,-0.151,1,0,25,19,36,35,1
1775349824,35,64,0,0,0,0,no_volume,0,0,0,0,no_volume,0,0,0,0,low_activity,0,0,0,1,0,1,17992,13271,-0.151,1,0,25,19,36,35,1
1775349825,35,64,0,0,0,0,no_volume,0,0,0,0,no_volume,0,0,0,0,low_activity,0,0,0,1,0,1,17992,13271,-0.151,1,0,25,19,36,35,1
1775349826,35,64,0,0,0,0,no_volume,0,0,0,0,no_volume,0,0,0,0,low_activity,0,0,0,1,0,1,17992,13271,-0.151,0,1,25,19,36,35,1
1775349827,35,64,0,0,0,0,no_volume,0,0,0,0,no_volume,0,0,0,0,low_activity,0,0,0,1,0,1,17992,13271,-0.151,0,1,25,19,36,35,1
1775349828,35,64,0,0,0,0,no_volume,0,0,0,0,no_volume,0,0,0,0,low_activity,0,0,0,1,0,1,18007,13271,-0.1514,15,16,25,19,36,35,1
1775349829,35,64,0,0,0,0,no_volume,0,0,0,0,no_volume,0,0,0,0,low_activity,0,0,0,1,0,1,20090,13271,-0.2044,2098,2099,25,19,36,35,1
1775349830,35,64,0,0,0,0,no_volume,0,0,0,0,no_volume,0,0,0,0,low_activity,0,0,0,1,0,1,20090,13271,-0.2044,2098,2099,25,19,36,35,1
1775349831,35,64,0,0,0,0,no_volume,0,0,0,0,no_volume,0,0,0,0,low_activity,0,0,0,1,0,1,20079,13284,-0.2037,2072,2088,25,19,36,35,1
1775349832,35,64,0,0,0,0,no_volume,0,0,0,0,no_volume,0,0,0,0,low_activity,0,0,0,1,0,1,20079,13284,-0.2037,-11,2088,25,19,36,35,1
1775349833,35,64,0,0,0,0,no_volume,0,0,0,0,no_volume,0,0,0,0,low_activity,0,0,0,1,0,1,20051,13284,-0.203,-39,2059,25,19,36,35,1
1775349834,35,64,0,0,0,0,no_volume,0,0,0,0,no_volume,0,0,0,0,low_activity,0,0,0,1,0,1,15572,8805,-0.2776,-4507,-2420,24,18,36,35,1
1775349835,35,64,0,0,0,0,no_volume,0,0,0,0,no_volume,0,0,0,0,low_activity,0,0,0,1,0,1,19709,12284,-0.2321,-370,1717,26,18,36,35,1
1775349836,35,64,0,0,0,0,no_volume,0,0,0,0,no_volume,0,0,0,0,low_activity,0,0,0,1,0,1,20209,13284,-0.2068,158,2217,26,19,36,35,1
1775349837,35,64,0,0,0,0,no_volume,0,0,0,0,no_volume,0,0,0,0,low_activity,0,0,0,1,0,1,20209,13284,-0.2068,4637,2217,26,19,36,35,1
1775349838,35,64,0,0,0,0,no_volume,0,0,0,0,no_volume,0,0,0,0,low_activity,0,0,0,1,0,1,20209,13284,-0.2068,500,2202,26,19,36,35,1
1775349839,35,64,0,0,0,0,no_volume,0,0,0,0,no_volume,0,0,0,0,low_activity,0,0,0,1,0,1,20209,13284,-0.2068,0,119,26,19,36,35,1
1775349840,35,64,0,0,0,0,no_volume,0,0,0,0,no_volume,0,0,0,0,low_activity,0,0,0,1,0,1,20209,13284,-0.2068,0,119,26,19,36,35,1
1775349841,35,64,0,0,0,0,no_volume,0,0,0,0,no_volume,0,0,0,0,low_activity,0,0,0,1,0,1,20209,13284,-0.2068,0,130,26,19,36,35,1
1775349842,35,64,0,0,0,0,no_volume,0,0,0,0,no_volume,0,0,0,0,low_activity,0,0,0,1,0,1,20209,13284,-0.2068,0,130,26,19,36,35,1
1775349843,35,64,0,0,0,0,no_volume,0,0,0,0,no_volume,0,0,0,0,low_activity,0,0,0,1,0,1,19471,13284,-0.1889,-738,-580,26,19,36,35,1
1775349844,35,64,0,0,0,0,no_volume,0,0,0,0,no_volume,0,0,0,0,low_activity,0,0,0,1,0,1,19471,13284,-0.1889,-738,3899,26,19,36,35,1
1775349845,35,64,0,0,0,0,no_volume,0,0,0,0,no_volume,0,0,0,0,low_activity,0,0,0,1,0,1,19471,13284,-0.1889,-738,-238,26,19,36,35,1
1775349846,35,64,0,0,0,0,no_volume,0,0,0,0,no_volume,0,0,0,0,no_volume,0,0,0,1,0,1,19471,13284,-0.1889,0,-738,26,19,36,35,1
1775349847,35,64,0,0,0,0,no_volume,0,0,0,0,no_volume,0,0,0,0,no_volume,0,0,0,1,0,1,19471,9281,-0.3544,0,-738,26,19,36,35,1
1775349848,35,64,0,0,0,0,no_volume,0,0,0,0,no_volume,0,0,0,0,no_volume,0,0,0,1,0,1,19471,9281,-0.3544,0,-738,26,19,36,35,1
1775349849,35,64,0,0,0,0,no_volume,0,0,0,0,no_volume,0,0,0,0,no_volume,0,0,0,1,0,1,19471,9281,-0.3544,0,-738,26,19,36,35,1
1775349850,35,64,0,0,0,0,no_volume,0,0,0,0,no_volume,0,0,0,0,no_volume,0,0,0,1,0,1,19471,9281,-0.3544,0,-738,26,19,36,35,1
1775349851,35,64,0,0,0,0,no_volume,0,0,0,0,no_volume,0,0,0,0,no_volume,0,0,0,1,0,1,18471,7281,-0.4345,-1000,-1738,25,16,36,35,1
1775349852,35,64,0,0,0,0,no_volume,0,0,0,0,no_volume,0,0,0,0,no_volume,0,0,0,1,0,1,20209,8281,-0.4187,738,0,26,17,36,35,1
1775349853,35,64,0,0,0,0,no_volume,0,0,0,0,no_volume,0,0,0,0,no_volume,0,0,0,1,0,1,20213,9281,-0.3707,742,742,26,18,36,35,1
1775349854,35,64,0,0,0,0,no_volume,0,0,0,0,no_volume,0,0,0,0,no_volume,0,0,0,1,0,1,20209,9281,-0.3706,1738,738,26,18,36,35,1
1775349855,35,64,0,0,0,0,no_volume,0,0,0,0,no_volume,0,0,0,0,no_volume,0,0,0,1,0,1,14230,3052,-0.6468,-5979,-5241,24,16,36,35,1
1775349856,35,64,0,0,0,0,no_volume,0,0,0,0,no_volume,0,0,0,0,no_volume,0,0,0,1,0,1,14754,3093,-0.6534,-5459,-4717,26,17,36,35,1
1775349857,35,64,0,0,0,0,no_volume,0,0,0,0,no_volume,0,0,0,0,no_volume,0,0,0,1,0,1,19251,7588,-0.4346,-958,-220,27,18,36,35,1
1775349858,35,64,0,0,0,0,no_volume,0,0,0,0,no_volume,0,0,0,0,no_volume,0,0,0,1,0,1,18190,9722,-0.3034,3960,-1281,28,18,36,35,1
1775349859,35,64,0,0,0,0,no_volume,0,0,0,0,no_volume,0,0,0,0,no_volume,0,0,0,1,0,1,18190,10722,-0.2583,3436,-1281,27,19,36,35,1
1775349860,35,64,0,0,0,0,no_volume,0,0,0,0,no_volume,0,0,0,0,no_volume,0,0,0,1,0,1,15690,9722,-0.2348,-3561,-3781,25,18,36,35,1
1775349861,35,64,0,0,0,0,no_volume,0,0,0,0,no_volume,0,0,0,0,no_volume,0,0,0,1,0,1,16733,10722,-0.2189,-1457,-1738,27,19,36,35,1
1775349862,35,64,0,0,0,0,no_volume,0,0,0,0,no_volume,0,0,0,0,no_volume,0,0,0,1,0,1,17233,11722,-0.1903,-957,-2976,27,20,36,35,1
1775349863,36,63,0,0,0,0,no_volume,0,0,0,0,no_volume,0,0,0,0,no_volume,0,0,0,1,0,1,18225,11733,-0.2167,2535,-1988,27,20,37,36,1
1775349864,36,63,0,0,0,0,no_volume,0,0,0,0,no_volume,0,0,0,0,no_volume,0,0,0,1,0,1,18225,13849,-0.1364,1492,-1984,28,19,37,36,1
1775349865,36,63,0,0,0,0,no_volume,0,0,0,0,no_volume,0,0,0,0,no_volume,0,0,0,1,0,1,18225,13849,-0.1364,992,3995,28,19,37,36,1
1775349866,36,63,0,0,0,0,no_volume,0,0,0,0,no_volume,0,0,0,0,no_volume,0,0,0,1,0,1,18225,13849,-0.1364,0,3471,28,19,37,36,1
1775349867,36,63,0,0,0,0,no_volume,0,0,0,0,no_volume,0,0,0,0,no_volume,0,0,0,1,0,1,18225,13849,-0.1364,0,-1026,28,19,37,36,1
1775349868,36,63,0,0,0,0,no_volume,0,0,0,0,no_volume,0,0,0,0,no_volume,0,0,0,1,0,1,18225,13849,-0.1364,0,35,28,19,37,36,1
1775349869,36,63,0,0,0,0,no_volume,0,0,0,0,no_volume,0,0,0,0,no_volume,0,0,0,1,0,1,18225,13849,-0.1364,0,35,28,19,37,36,1
1775349870,36,63,0,0,0,0,no_volume,0,0,0,0,no_volume,0,0,0,0,no_volume,0,0,0,1,0,1,18225,13849,-0.1364,0,2535,28,19,37,36,1
1775349871,36,63,0,0,0,0,no_volume,0,0,0,0,no_volume,0,0,0,0,no_volume,0,0,0,1,0,1,18225,13849,-0.1364,0,1492,28,19,37,36,1
1775349872,36,63,0,0,0,0,no_volume,0,0,0,0,no_volume,0,0,0,0,no_volume,0,0,0,1,0,1,18225,13849,-0.1364,0,992,28,19,37,36,1
1775349873,36,63,0,0,0,0,no_volume,0,0,0,0,no_volume,0,0,0,0,no_volume,0,0,0,1,0,1,18225,13849,-0.1364,0,0,28,19,37,36,1
1775349874,36,63,0,0,0,0,no_volume,0,0,0,0,no_volume,0,0,0,0,no_volume,0,0,0,1,0,1,18225,13849,-0.1364,0,0,28,19,37,36,1
1775349875,36,63,0,0,0,0,no_volume,0,0,0,0,no_volume,0,0,0,0,no_volume,0,0,0,1,0,1,18225,13849,-0.1364,0,0,28,19,37,36,1
1775349876,36,63,0,0,0,0,no_volume,0,0,0,0,no_volume,0,0,0,0,no_volume,0,0,0,0,0,0,18225,13849,-0.1364,0,0,28,19,37,36,1
1775349877,36,63,0,0,0,0,no_volume,0,0,0,0,no_volume,0,0,0,0,no_volume,0,0,0,0,0,0,18225,13849,-0.1364,0,0,28,19,37,36,1
1775349878,36,63,0,0,0,0,no_volume,0,0,0,0,no_volume,0,0,0,0,no_volume,0,0,0,0,0,0,18225,13849,-0.1364,0,0,28,19,37,36,1
1775349879,36,63,0,0,0,0,no_volume,0,0,0,0,no_volume,0,0,0,0,no_volume,0,0,0,0,0,0,18225,13849,-0.1364,0,0,28,19,37,36,1
1775349880,36,63,0,0,0,0,no_volume,0,0,0,0,no_volume,0,0,0,0,no_volume,0,0,0,0,0,0,18225,13849,-0.1364,0,0,28,19,37,36,1
1775349881,36,63,0,0,0,0,no_volume,0,0,0,0,no_volume,0,0,0,0,no_volume,0,0,0,0,0,0,18225,13849,-0.1364,0,0,28,19,37,36,1
1775349882,36,63,0,0,0,0,no_volume,0,0,0,0,no_volume,0,0,0,0,no_volume,0,0,0,0,0,0,18225,13849,-0.1364,0,0,28,19,37,36,1
1775349883,36,63,0,0,0,0,no_volume,0,0,0,0,no_volume,0,0,0,0,no_volume,0,0,0,0,0,0,18225,13849,-0.1364,0,0,28,19,37,36,1
1775349884,36,63,0,0,0,0,no_volume,0,0,0,0,no_volume,0,0,0,0,no_volume,0,0,0,0,0,0,18225,13849,-0.1364,0,0,28,19,37,36,1
1775349885,36,63,0,0,0,0,no_volume,0,0,0,0,no_volume,0,0,0,0,no_volume,0,0,0,0,0,0,17225,13849,-0.1086,-1000,-1000,28,19,37,36,1
1775349886,36,63,0,0,0,0,no_volume,0,0,0,0,no_volume,0,0,0,0,no_volume,0,0,0,0,0,0,17725,13849,-0.1228,-500,-500,28,19,37,36,1
1775349887,36,63,0,0,0,0,no_volume,0,0,0,0,no_volume,0,0,0,0,no_volume,0,0,0,0,0,0,18225,13849,-0.1364,0,0,28,19,37,36,1
1775349888,36,63,0,0,0,0,no_volume,0,0,0,0,no_volume,0,0,0,0,no_volume,0,0,0,0,0,0,18225,13849,-0.1364,1000,0,28,19,37,36,1
1775349889,36,63,0,0,0,0,no_volume,0,0,0,0,no_volume,0,0,0,0,no_volume,0,0,0,0,0,0,18225,13849,-0.1364,500,0,28,19,37,36,1
1775349890,36,63,0,0,0,0,no_volume,0,0,0,0,no_volume,0,0,0,0,no_volume,0,0,0,0,0,0,18225,13849,-0.1364,0,0,28,19,37,36,1
1775349891,36,63,0,0,0,0,no_volume,0,0,0,0,no_volume,0,0,0,0,no_volume,0,0,0,0,0,0,18225,13849,-0.1364,0,0,28,19,37,36,1
1775349892,36,63,0,0,0,0,no_volume,0,0,0,0,no_volume,0,0,0,0,no_volume,0,0,0,0,0,0,18225,13849,-0.1364,0,0,28,19,37,36,1
1775349893,36,63,0,0,0,0,no_volume,0,0,0,0,no_volume,0,0,0,0,no_volume,0,0,0,0,0,0,18225,13849,-0.1364,0,0,28,19,37,36,1
1775349894,36,63,0,0,0,0,no_volume,0,0,0,0,no_volume,0,0,0,0,no_volume,0,0,0,0,0,0,18225,13849,-0.1364,0,0,28,19,37,36,1
1775349895,36,63,0,0,0,0,no_volume,0,0,0,0,no_volume,0,0,0,0,no_volume,0,0,0,0,0,0,18225,13849,-0.1364,0,1000,28,19,37,36,1
1775349896,36,63,0,0,0,0,no_volume,0,0,0,0,no_volume,0,0,0,0,no_volume,0,0,0,0,0,0,18225,13849,-0.1364,0,500,28,19,37,36,1
1775349897,36,63,0,0,0,0,no_volume,0,0,0,0,no_volume,0,0,0,0,no_volume,0,0,0,0,0,0,17494,13059,-0.1452,-731,-731,28,19,37,36,1
1775349898,36,63,0,0,0,0,no_volume,0,0,0,0,no_volume,0,0,0,0,no_volume,0,0,0,0,0,0,17494,13059,-0.1452,-731,-731,28,19,37,36,1
1775349899,36,63,0,0,0,0,no_volume,0,0,0,0,no_volume,0,0,0,0,no_volume,0,0,0,0,0,0,17494,13059,-0.1452,-731,-731,28,19,37,36,1
1775349900,36,63,0,0,0,0,no_volume,0,0,0,0,no_volume,0,0,0,0,no_volume,0,0,0,0,0,0,17494,13087,-0.1441,0,-731,28,19,37,36,1
1775349901,36,63,0,0,0,0,no_volume,0,0,0,0,no_volume,0,0,0,0,no_volume,0,0,0,0,0,0,18226,13826,-0.1373,732,1,28,19,37,36,1
1775349902,36,63,0,0,0,0,no_volume,0,0,0,0,no_volume,0,0,0,0,no_volume,0,0,0,0,0,0,18226,13826,-0.1373,732,1,28,19,37,36,1
1775349903,36,63,0,0,0,0,no_volume,0,0,0,0,no_volume,0,0,0,0,no_volume,0,0,0,0,0,0,18226,13826,-0.1373,732,1,28,19,37,36,1
1775349904,36,63,0,0,0,0,no_volume,0,0,0,0,no_volume,0,0,0,0,no_volume,0,0,0,0,0,0,18226,13826,-0.1373,0,1,28,19,37,36,1
1775349905,36,63,0,0,0,0,no_volume,0,0,0,0,no_volume,0,0,0,0,no_volume,0,0,0,0,0,0,11247,7847,-0.1781,-6979,-6978,25,17,37,36,1
1775349906,36,63,0,0,0,0,low_activity,0,0,0,0,low_activity,0,0,0,0,low_activity,0,0,0,5,0,5,11237,7108,-0.2251,-6989,-6988,25,17,37,36,1
1775349907,36,63,0,0,0,0,low_activity,0,0,0,0,low_activity,0,0,0,0,low_activity,0,0,0,5,0,5,11737,7108,-0.2456,-6489,-5757,26,17,37,36,1
1775349908,36,63,0,0,0,0,no_volume,0,0,0,0,low_activity,0,0,0,0,low_activity,0,0,0,5,0,5,11737,7108,-0.2456,490,-5757,26,17,37,36,1
1775349909,36,63,0,0,0,0,no_volume,0,0,0,0,low_activity,0,0,0,0,low_activity,0,0,0,5,0,5,16216,11587,-0.1665,4979,-1278,27,18,37,36,1
1775349910,36,63,0,0,0,0,no_volume,0,0,0,0,no_volume,0,0,0,0,low_activity,0,0,0,5,0,5,17716,12827,-0.1601,5979,222,28,18,37,36,1
1775349911,36,63,0,0,0,0,no_volume,0,0,0,0,no_volume,0,0,0,0,low_activity,0,0,0,5,0,5,18173,13087,-0.1627,6436,-53,27,19,37,36,1
1775349912,36,63,0,0,0,0,no_volume,0,0,0,0,no_volume,0,0,0,0,low_activity,0,0,0,5,0,5,18173,13087,-0.1627,1957,-53,27,19,37,36,1
1775349913,36,63,0,0,0,0,no_volume,0,0,0,0,no_volume,0,0,0,0,low_activity,0,0,0,5,0,5,18173,13087,-0.1627,457,-53,27,19,37,36,1
1775349914,36,63,0,0,0,0,no_volume,0,0,0,0,no_volume,0,0,0,0,low_activity,0,0,0,5,0,5,18173,13087,-0.1627,0,-53,27,19,37,36,1
1775349915,36,63,0,0,0,0,no_volume,0,0,0,0,no_volume,0,0,0,0,low_activity,0,0,0,5,0,5,18173,13087,-0.1627,0,6926,27,19,37,36,1
1775349916,36,63,0,0,0,0,no_volume,0,0,0,0,no_volume,0,0,0,0,low_activity,0,0,0,5,0,5,18173,13087,-0.1627,0,6936,27,19,37,36,1
1775349917,36,63,0,0,0,0,no_volume,0,0,0,0,no_volume,0,0,0,0,low_activity,0,0,0,5,0,5,18173,13087,-0.1627,0,6436,27,19,37,36,1
1775349918,36,63,0,0,0,0,no_volume,0,0,0,0,no_volume,0,0,0,0,low_activity,0,0,0,5,0,5,18173,13827,-0.1358,0,6436,27,19,37,36,1
1775349919,36,63,0,0,0,0,no_volume,0,0,0,0,no_volume,0,0,0,0,low_activity,0,0,0,5,0,5,18173,13827,-0.1358,0,1957,27,19,37,36,1
1775349920,36,63,0,0,0,0,no_volume,0,0,0,0,no_volume,0,0,0,0,low_activity,0,0,0,5,0,5,18173,13827,-0.1358,0,457,27,19,37,36,1
1775349921,36,63,0,0,0,0,no_volume,0,0,0,0,no_volume,0,0,0,0,low_activity,0,0,0,5,0,5,18173,13827,-0.1358,0,0,27,19,37,36,1
1775349922,36,63,0,163,0,163,low_activity,0,163,0,163,low_activity,0,163,0,163,low_activity,163,0,163,168,0,168,18053,13827,-0.1326,-120,-120,28,19,37,36,1
1775349923,36,63,0,163,0,163,low_activity,0,163,0,163,low_activity,0,163,0,163,low_activity,0,0,0,168,0,168,18053,13827,-0.1326,-120,-120,28,19,37,36,1
1775349924,36,63,0,163,0,163,low_activity,0,163,0,163,low_activity,0,163,0,163,low_activity,0,0,0,168,0,168,18045,13827,-0.1323,-128,-128,28,19,37,36,1
1775349925,36,63,0,0,0,0,no_volume,0,163,0,163,low_activity,0,163,0,163,low_activity,0,0,0,168,0,168,18045,13087,-0.1593,-8,-128,28,19,37,36,1
1775349926,36,63,0,0,0,0,no_volume,0,163,0,163,low_activity,0,163,0,163,low_activity,0,0,0,168,0,168,18045,13087,-0.1593,-8,-128,28,19,37,36,1
1775349927,36,63,0,0,0,0,no_volume,0,0,0,0,no_volume,0,163,0,163,low_activity,0,0,0,168,0,168,18045,13087,-0.1593,0,-128,28,19,37,36,1
1775349928,36,63,0,0,0,0,no_volume,0,0,0,0,no_volume,0,163,0,163,low_activity,0,0,0,168,0,168,18045,13087,-0.1593,0,-128,28,19,37,36,1
1775349929,36,63,0,0,0,0,no_volume,0,0,0,0,no_volume,0,163,0,163,low_activity,0,0,0,168,0,168,19465,13087,-0.1959,1420,1292,29,19,37,36,1
1775349930,36,63,0,0,0,0,no_volume,0,0,0,0,no_volume,0,163,0,163,low_activity,0,0,0,168,0,168,19465,13087,-0.1959,1420,1292,29,19,37,36,1
1775349931,36,63,0,0,0,0,no_volume,0,0,0,0,no_volume,0,163,0,163,low_activity,0,0,0,168,0,168,19465,13087,-0.1959,1420,1292,29,19,37,36,1
1775349932,36,63,0,0,0,0,no_volume,0,0,0,0,no_volume,0,163,0,163,low_activity,0,0,0,168,0,168,19465,13087,-0.1959,0,1412,29,19,37,36,1
1775349933,36,63,0,0,0,0,no_volume,0,0,0,0,no_volume,0,163,0,163,low_activity,0,0,0,168,0,168,19465,13087,-0.1959,0,1412,29,19,37,36,1
1775349934,36,63,0,0,0,0,no_volume,0,0,0,0,no_volume,0,163,0,163,low_activity,0,0,0,168,0,168,19454,13098,-0.1953,-11,1409,29,19,37,36,1
1775349935,36,63,0,0,0,0,no_volume,0,0,0,0,no_volume,0,163,0,163,low_activity,0,0,0,168,0,168,19454,13098,-0.1953,-11,1409,29,19,37,36,1
1775349936,36,63,0,0,0,0,no_volume,0,0,0,0,no_volume,0,163,0,163,low_activity,0,0,0,168,0,168,19454,13098,-0.1953,-11,1409,29,19,37,36,1
1775349937,36,63,0,0,0,0,no_volume,0,0,0,0,no_volume,0,163,0,163,low_activity,0,0,0,168,0,168,19454,13098,-0.1953,0,1409,29,19,37,36,1
1775349938,36,63,0,0,0,0,no_volume,0,0,0,0,no_volume,0,163,0,163,low_activity,0,0,0,168,0,168,19454,13098,-0.1953,0,1409,29,19,37,36,1
1775349939,36,63,0,0,0,0,no_volume,0,0,0,0,no_volume,0,163,0,163,low_activity,0,0,0,168,0,168,19454,13098,-0.1953,0,-11,29,19,37,36,1
1775349940,36,63,0,0,0,0,no_volume,0,0,0,0,no_volume,0,163,0,163,low_activity,0,0,0,168,0,168,19454,13098,-0.1953,0,-11,29,19,37,36,1
1775349941,36,63,0,0,0,0,no_volume,0,0,0,0,no_volume,0,163,0,163,low_activity,0,0,0,168,0,168,19297,13098,-0.1914,-157,-168,28,19,37,36,1
1775349942,36,63,0,0,0,0,no_volume,0,0,0,0,no_volume,0,163,0,163,low_activity,0,0,0,168,0,168,19297,13098,-0.1914,-157,-168,28,19,37,36,1
1775349943,36,63,0,0,0,0,no_volume,0,0,0,0,no_volume,0,163,0,163,low_activity,0,0,0,168,0,168,19421,10964,-0.2783,-33,-44,29,19,37,36,1
1775349944,36,63,0,0,0,0,no_volume,0,0,0,0,no_volume,0,163,0,163,low_activity,0,0,0,168,0,168,19209,10964,-0.2733,-88,-245,28,19,37,36,1
1775349945,37,62,0,22,0,22,low_activity,0,22,0,22,low_activity,0,185,0,185,low_activity,25,0,25,193,0,193,19338,13177,-0.1895,41,-116,27,20,38,37,1
1775349946,37,62,0,22,0,22,low_activity,0,22,0,22,low_activity,0,185,0,185,low_activity,0,0,0,193,0,193,19316,13907,-0.1628,-105,-138,27,19,38,37,1
1775349947,37,62,0,22,0,22,low_activity,0,22,0,22,low_activity,0,185,0,185,low_activity,0,0,0,193,0,193,19316,13907,-0.1628,107,-138,27,19,38,37,1
1775349948,37,62,0,0,0,0,no_volume,0,22,0,22,low_activity,0,185,0,185,low_activity,0,0,0,193,0,193,21462,9604,-0.3817,2124,2008,27,19,38,37,1
1775349949,37,62,0,0,0,0,no_volume,0,22,0,22,low_activity,0,185,0,185,low_activity,0,0,0,193,0,193,20722,9604,-0.3666,1406,1268,27,19,38,37,1
1775349950,37,62,0,0,0,0,no_volume,0,0,0,0,no_volume,0,185,0,185,low_activity,0,0,0,193,0,193,20722,9604,-0.3666,1406,1268,27,19,38,37,1
1775349951,37,62,0,0,0,0,no_volume,0,0,0,0,no_volume,0,185,0,185,low_activity,0,0,0,193,0,193,14243,3375,-0.6169,-7219,-5054,24,17,38,37,1
1775349952,37,62,0,0,0,0,no_volume,0,0,0,0,no_volume,0,22,0,22,low_activity,0,0,0,193,0,193,18696,7800,-0.4112,-2026,-601,25,18,38,37,1
1775349953,36,62,0,0,766,766,low_activity,0,0,766,766,low_activity,0,22,766,788,low_activity,0,766,766,193,766,959,9146,2126,-0.6228,-11576,-10275,25,16,38,36,2
1775349954,14,62,-1.0,0,814,814,ok_volume,-1.0,0,814,814,ok_volume,-0.947,22,814,836,ok_volume,0,60,60,193,826,1019,9230,2271,-0.6051,-5013,-9979,23,12,38,14,24
1775349955,16,80,-1.0,0,814,814,ok_volume,-1.0,0,814,814,ok_volume,-0.947,22,814,836,ok_volume,0,0,0,193,826,1019,9349,2298,-0.6054,-9347,-9989,25,13,20,16,4
1775349956,17,79,0,37,48,85,low_activity,-0.913,37,814,851,ok_volume,-0.865,59,814,873,ok_volume,37,0,37,230,826,1056,9382,2299,-0.6064,236,-9934,25,15,21,17,4
1775349957,17,79,0,37,0,37,low_activity,-0.913,37,814,851,ok_volume,-0.865,59,814,873,ok_volume,0,0,0,230,826,1056,9450,2349,-0.6018,220,-9866,26,15,21,17,4
1775349958,17,79,0,37,0,37,low_activity,0,37,48,85,low_activity,-0.865,59,814,873,ok_volume,0,0,0,230,826,1056,10493,2392,-0.6287,1144,-10969,27,15,21,17,4
1775349959,16,79,0,0,0,0,no_volume,0,37,0,37,low_activity,-0.865,59,814,873,ok_volume,0,0,0,230,826,1056,10450,2342,-0.6338,1068,-10272,26,14,21,16,5
1775349960,16,79,0,0,0,0,no_volume,0,37,0,37,low_activity,-0.865,59,814,873,ok_volume,0,0,0,230,826,1056,10457,2422,-0.6239,1007,-10265,26,14,21,16,5
1775349961,18,79,0,0,0,0,no_volume,0,0,0,0,no_volume,-0.865,59,814,873,ok_volume,0,0,0,230,826,1056,11975,2415,-0.6644,1482,-2268,26,16,21,18,3
1775349962,18,79,0,0,0,0,no_volume,0,0,0,0,no_volume,-0.865,59,814,873,ok_volume,0,0,0,230,826,1056,11980,2494,-0.6554,1530,-6716,27,16,21,18,3
1775349963,18,79,0,0,0,0,no_volume,0,0,0,0,no_volume,-0.865,59,814,873,ok_volume,0,0,0,230,826,1056,10980,2405,-0.6406,523,1834,26,15,21,18,3
1775349964,18,79,0,0,0,0,low_activity,0,0,0,0,low_activity,-0.865,59,814,873,ok_volume,9,0,9,239,826,1065,9748,2350,-0.6115,-2227,518,26,14,21,18,3
1775349965,18,79,0,0,0,0,low_activity,0,0,0,0,low_activity,-0.865,59,814,873,ok_volume,0,0,0,234,826,1060,9748,2350,-0.6115,-2232,399,26,14,21,18,3
1775349966,17,79,0,0,0,0,low_activity,0,0,0,0,low_activity,-0.865,59,814,873,ok_volume,0,0,0,234,826,1060,9223,2585,-0.5622,-1757,-159,23,15,21,17,4
1775349967,17,79,0,0,0,0,no_volume,0,0,0,0,low_activity,-0.865,59,814,873,ok_volume,0,0,0,234,826,1060,9748,2580,-0.5814,0,298,24,14,21,17,4
1775349968,16,79,0,0,0,0,no_volume,0,0,0,0,low_activity,-0.865,59,814,873,ok_volume,0,0,0,234,826,1060,9748,2590,-0.5802,0,-745,24,14,21,16,5
1775349969,16,79,0,0,0,0,no_volume,0,0,0,0,no_volume,-0.865,59,814,873,ok_volume,0,0,0,234,826,1060,9723,2552,-0.5842,500,-727,24,14,21,16,5
1775349970,16,79,0,0,0,0,no_volume,0,0,0,0,no_volume,-0.865,59,814,873,ok_volume,0,0,0,234,826,1060,9723,2552,-0.5842,-25,-734,24,14,21,16,5
1775349971,16,79,0,0,0,0,no_volume,0,0,0,0,no_volume,-0.865,59,814,873,ok_volume,0,0,0,234,826,1060,9723,2552,-0.5842,-25,-2252,24,14,21,16,5
1775349972,16,79,0,0,0,0,no_volume,0,0,0,0,no_volume,-0.865,59,814,873,ok_volume,0,0,0,234,826,1060,9723,2562,-0.5829,0,-2257,24,14,21,16,5
1775349973,16,79,0,0,0,0,no_volume,0,0,0,0,no_volume,-0.865,59,814,873,ok_volume,0,0,0,234,826,1060,9723,2577,-0.581,0,-1257,24,14,21,16,5
1775349974,16,79,0,0,0,0,no_volume,0,0,0,0,no_volume,-0.865,59,814,873,ok_volume,0,0,0,234,826,1060,9723,2577,-0.581,0,-25,24,14,21,16,5
1775349975,16,79,0,0,0,0,no_volume,0,0,0,0,no_volume,-0.913,37,814,851,ok_volume,0,0,0,234,826,1060,9223,2577,-0.5632,-500,-525,23,14,21,16,5
1775349976,16,79,0,0,0,0,no_volume,0,0,0,0,no_volume,-0.913,37,814,851,ok_volume,0,0,0,234,826,1060,9210,2565,-0.5643,-513,-13,23,11,21,16,5
1775349977,14,80,0,0,0,0,no_volume,0,0,0,0,no_volume,-0.913,37,814,851,ok_volume,0,0,0,234,826,1060,9777,2621,-0.5772,54,29,26,12,20,14,6
1775349978,14,80,0,0,0,0,no_volume,0,0,0,0,no_volume,-0.913,37,814,851,ok_volume,0,0,0,234,826,1060,9777,2641,-0.5746,554,29,26,12,20,14,6
1775349979,14,80,0,0,0,0,no_volume,0,0,0,0,no_volume,-0.913,37,814,851,ok_volume,0,0,0,234,826,1060,9777,2641,-0.5746,567,54,27,12,20,14,6
1775349980,14,80,0,0,0,0,no_volume,0,0,0,0,no_volume,-0.913,37,814,851,ok_volume,0,0,0,234,826,1060,10277,2641,-0.5911,500,554,28,12,20,14,6
1775349981,14,56,0,0,0,0,no_volume,0,0,0,0,no_volume,-0.913,37,814,851,ok_volume,0,0,0,234,826,1060,9919,2713,-0.5705,142,196,27,12,44,14,30
1775349982,14,61,0,0,0,0,no_volume,0,0,0,0,no_volume,-0.913,37,814,851,ok_volume,0,0,0,71,826,897,10917,2693,-0.6043,1140,1194,29,12,39,14,25
1775349983,14,64,0,0,0,0,no_volume,0,0,0,0,no_volume,0,37,48,85,low_activity,0,0,0,71,826,897,10693,2693,-0.5976,416,970,26,12,36,14,22
1775349984,14,69,0,0,0,0,no_volume,0,0,0,0,no_volume,0,37,0,37,low_activity,0,0,0,71,826,897,10758,2693,-0.5996,839,1035,28,12,31,14,17
1775349985,14,72,0,0,0,0,no_volume,0,0,0,0,no_volume,0,37,0,37,low_activity,0,0,0,71,826,897,10346,2673,-0.5894,-571,1123,28,12,28,14,14
1775349986,14,76,0,0,0,0,no_volume,0,0,0,0,no_volume,0,0,0,0,low_activity,0,0,0,71,826,897,10143,2672,-0.583,-550,933,27,12,24,14,10
1775349987,14,78,0,0,0,0,no_volume,0,0,0,0,no_volume,0,0,0,0,low_activity,0,0,0,71,826,897,9343,2637,-0.5598,-1415,-434,25,12,22,14,8
1775349988,16,79,0,0,0,0,no_volume,0,0,0,0,no_volume,0,0,0,0,low_activity,0,0,0,71,826,897,9195,2663,-0.5509,-1151,-582,24,13,21,16,5
1775349989,18,79,0,0,0,0,no_volume,0,0,0,0,no_volume,0,0,0,0,low_activity,0,0,0,71,826,897,9195,2623,-0.5561,-948,-582,24,14,21,18,3
1775349990,18,79,0,0,0,0,no_volume,0,0,0,0,no_volume,0,0,0,0,low_activity,0,0,0,71,826,897,9195,2623,-0.5561,-148,-1082,24,14,21,18,3
1775349991,18,79,0,0,0,0,no_volume,0,0,0,0,no_volume,0,0,0,0,low_activity,0,0,0,71,826,897,9263,2613,-0.56,68,-656,26,13,21,18,3
1775349992,18,78,0,0,0,0,no_volume,0,0,0,0,no_volume,0,0,0,0,low_activity,0,0,0,71,826,897,9260,2613,-0.5598,65,-1657,25,13,22,18,4
1775349993,18,78,0,0,0,0,no_volume,0,0,0,0,no_volume,0,0,0,0,low_activity,0,0,0,71,826,897,9263,2613,-0.56,68,-1430,25,13,22,18,4
1775349994,18,78,0,0,0,0,no_volume,0,0,0,0,no_volume,0,0,0,0,no_volume,0,0,0,71,826,897,9263,2613,-0.56,0,-1495,25,13,22,18,4
1775349995,18,78,0,0,0,0,no_volume,0,0,0,0,no_volume,0,0,0,0,no_volume,0,0,0,71,826,897,9263,2613,-0.56,3,-1083,25,13,22,18,4
1775349996,18,78,0,0,0,0,low_activity,0,0,0,0,low_activity,0,0,0,0,low_activity,8,0,8,79,826,905,9435,2613,-0.5662,172,-708,27,13,22,18,4
1775349997,18,78,0,0,0,0,low_activity,0,0,0,0,low_activity,0,0,0,0,low_activity,0,0,0,79,826,905,9435,2723,-0.5521,172,92,27,13,22,18,4
1775349998,19,77,0,0,0,0,low_activity,0,0,0,0,low_activity,0,0,0,0,low_activity,0,0,0,79,826,905,9393,2706,-0.5527,130,198,27,14,23,19,4
1775349999,19,77,0,0,0,0,no_volume,0,0,0,0,low_activity,0,0,0,0,low_activity,0,0,0,79,826,905,9393,2706,-0.5527,-42,198,27,14,23,19,4
1775350000,16,77,0,0,0,0,no_volume,0,0,0,0,low_activity,0,0,0,0,low_activity,0,0,0,79,826,905,9382,2609,-0.5648,-53,187,27,13,23,16,7
1775350001,16,77,0,0,0,0,no_volume,0,0,0,0,no_volume,0,0,0,0,low_activity,0,0,0,79,826,905,9382,2609,-0.5648,-11,119,26,13,23,16,7
1775350002,16,77,0,0,0,0,no_volume,0,0,0,0,no_volume,0,0,0,0,low_activity,0,0,0,79,826,905,9382,2609,-0.5648,-11,122,26,13,23,16,7
1775350003,17,74,0,0,0,0,no_volume,0,0,0,0,no_volume,0,0,0,0,low_activity,0,0,0,79,826,905,9391,2687,-0.5551,9,128,27,13,26,17,9
1775350004,17,74,0,0,0,0,no_volume,0,0,0,0,no_volume,0,0,0,0,low_activity,0,0,0,79,826,905,9391,2652,-0.5596,9,128,28,14,26,17,9
1775350005,18,74,0,0,0,0,no_volume,0,0,0,0,no_volume,0,0,0,0,low_activity,0,0,0,54,826,880,9391,2659,-0.5587,9,128,28,14,26,18,8
1775350006,19,75,0,0,0,0,low_activity,0,0,0,0,low_activity,0,0,0,0,low_activity,0,7,7,54,833,887,9398,2651,-0.56,7,-37,29,14,25,19,6
1775350007,19,76,0,0,0,0,low_activity,0,0,0,0,low_activity,0,0,0,0,low_activity,0,0,0,54,833,887,9402,2480,-0.5826,11,-33,30,14,24,19,5
1775350008,21,76,0,0,0,0,low_activity,0,0,0,0,low_activity,0,0,0,0,low_activity,0,0,0,54,833,887,9218,2420,-0.5841,-173,-175,28,13,24,21,3
1775350009,21,76,0,0,0,0,no_volume,0,0,0,0,low_activity,0,0,0,0,low_activity,0,0,0,54,833,887,9283,2481,-0.5782,-115,-110,28,14,24,21,3
1775350010,21,76,0,0,0,0,no_volume,0,0,0,0,low_activity,0,0,0,0,low_activity,0,0,0,54,833,887,9333,2621,-0.5615,-69,-49,28,14,24,21,3
1775350011,21,76,0,0,0,0,no_volume,0,0,0,0,no_volume,0,0,0,0,low_activity,0,0,0,54,833,887,10414,3551,-0.4914,1196,1032,28,14,24,21,3
1775350012,21,76,0,0,0,0,no_volume,0,0,0,0,no_volume,0,0,0,0,low_activity,0,0,0,54,833,887,10414,3551,-0.4914,1131,1032,28,14,24,21,3
1775350013,21,76,0,0,0,0,no_volume,0,0,0,0,no_volume,0,0,0,0,low_activity,0,0,0,54,67,121,10414,3551,-0.4914,1081,1023,28,15,24,21,3
1775350014,21,76,0,0,0,0,no_volume,0,0,0,0,no_volume,0,0,0,0,low_activity,0,0,0,54,7,61,10338,3481,-0.4962,-76,947,28,15,24,21,3
1775350015,21,76,0,0,0,0,no_volume,0,0,0,0,no_volume,0,0,0,0,low_activity,0,0,0,54,7,61,10413,3471,-0.5,-1,1022,29,15,24,21,3
1775350016,21,76,0,0,0,0,no_volume,0,0,0,0,no_volume,0,0,0,0,low_activity,0,0,0,17,7,24,10413,3471,-0.5,-1,1015,29,15,24,21,3
1775350017,21,76,0,0,0,0,no_volume,0,0,0,0,no_volume,0,0,0,0,low_activity,0,0,0,17,7,24,10376,3541,-0.4911,38,974,28,15,24,21,3
1775350018,21,76,0,0,0,0,no_volume,0,0,0,0,no_volume,0,0,0,0,low_activity,0,0,0,17,7,24,10376,3531,-0.4922,-37,1158,28,15,24,21,3
1775350019,21,76,0,0,0,0,no_volume,0,0,0,0,no_volume,0,0,0,0,low_activity,0,0,0,17,7,24,10379,3531,-0.4923,-34,1096,28,15,24,21,3
1775350020,21,76,0,0,0,0,no_volume,0,0,0,0,no_volume,0,0,0,0,low_activity,0,0,0,17,7,24,10340,3531,-0.4909,-36,1007,27,15,24,21,3
1775350021,21,76,0,0,0,0,no_volume,0,0,0,0,no_volume,0,0,0,0,low_activity,0,0,0,17,7,24,10315,3531,-0.49,-61,-99,26,15,24,21,3
1775350022,21,76,0,0,0,0,no_volume,0,0,0,0,no_volume,0,0,0,0,low_activity,0,0,0,17,7,24,10315,3528,-0.4903,-64,-99,26,14,24,21,3
1775350023,21,69,0,19,0,19,low_activity,0,19,0,19,low_activity,0,19,0,19,low_activity,31,6,37,48,13,61,10299,3522,-0.4903,-41,-115,25,14,31,21,10
1775350024,17,69,0,19,0,19,low_activity,0,19,0,19,low_activity,0,19,0,19,low_activity,0,0,0,39,13,52,10292,3511,-0.4913,-23,-46,25,14,31,17,14
1775350025,15,70,0,19,0,19,low_activity,0,19,0,19,low_activity,0,19,0,19,low_activity,0,0,0,39,13,52,10297,3450,-0.4981,-18,-116,27,12,30,15,15
1775350026,15,69,0,0,0,0,no_volume,0,19,0,19,low_activity,0,19,0,19,low_activity,0,0,0,39,13,52,10292,3450,-0.4979,-7,-121,26,12,31,15,16
1775350027,15,69,0,0,0,0,no_volume,0,19,0,19,low_activity,0,19,0,19,low_activity,0,0,0,39,13,52,10292,3450,-0.4979,0,-84,26,12,31,15,16
1775350028,15,70,0,0,0,0,no_volume,0,0,0,0,no_volume,0,19,0,19,low_activity,0,0,0,39,13,52,10303,3450,-0.4983,6,-73,27,12,30,15,15
1775350029,17,71,0,0,0,0,no_volume,0,0,0,0,no_volume,0,19,0,19,low_activity,0,0,0,39,13,52,10364,3501,-0.495,72,-15,29,14,29,17,12
1775350030,17,71,0,0,0,0,no_volume,0,0,0,0,no_volume,0,19,0,19,low_activity,0,0,0,39,13,52,10326,3456,-0.4985,34,-14,28,14,29,17,12
1775350031,18,71,0,0,0,0,no_volume,0,0,0,0,no_volume,0,19,0,19,low_activity,0,0,0,39,13,52,10326,3468,-0.4972,23,11,28,15,29,18,11
1775350032,18,71,0,0,0,0,no_volume,0,0,0,0,no_volume,0,19,0,19,low_activity,0,0,0,39,13,52,10326,3448,-0.4993,-38,11,28,14,29,18,11
1775350033,18,71,0,0,0,0,no_volume,0,0,0,0,no_volume,0,19,0,19,low_activity,0,0,0,39,13,52,10326,3554,-0.4879,0,27,28,16,29,18,11
1775350034,20,72,0,0,0,0,no_volume,0,0,0,0,no_volume,0,19,0,19,low_activity,0,0,0,39,13,52,10325,3438,-0.5004,-1,33,29,16,28,20,8
1775350035,20,72,0,0,0,0,no_volume,0,0,0,0,no_volume,0,19,0,19,low_activity,0,0,0,39,13,52,10325,3437,-0.5005,-1,28,29,16,28,20,8
1775350036,20,72,0,0,0,0,no_volume,0,0,0,0,no_volume,0,19,0,19,low_activity,0,0,0,39,13,52,10325,3432,-0.5011,-1,33,29,15,28,20,8
1775350037,20,71,0,0,0,0,no_volume,0,0,0,0,no_volume,0,19,0,19,low_activity,0,0,0,39,13,52,10208,3425,-0.4975,-117,-84,27,15,29,20,9
1775350038,22,70,0,0,0,0,no_volume,0,0,0,0,no_volume,0,19,0,19,low_activity,0,0,0,39,13,52,10351,3429,-0.5023,26,48,27,15,30,22,8
1775350039,22,70,0,0,0,0,no_volume,0,0,0,0,no_volume,0,19,0,19,low_activity,0,0,0,39,13,52,10356,3437,-0.5016,31,-8,27,16,30,22,8
1775350040,22,70,0,0,0,0,low_activity,0,0,0,0,low_activity,0,19,0,19,low_activity,3,0,3,42,13,55,10353,3480,-0.4969,145,27,27,17,30,22,8
1775350041,22,70,0,0,0,0,low_activity,0,0,0,0,low_activity,0,19,0,19,low_activity,0,0,0,42,13,55,10375,3472,-0.4985,24,49,28,16,30,22,8
1775350042,22,70,0,0,0,0,low_activity,0,0,0,0,low_activity,0,19,0,19,low_activity,0,0,0,42,13,55,10375,3572,-0.4878,19,49,28,16,30,22,8
1775350043,22,70,0,0,0,0,no_volume,0,0,0,0,low_activity,0,19,0,19,low_activity,0,0,0,42,13,55,10375,3572,-0.4878,22,49,28,16,30,22,8
1775350044,22,69,0,30,0,30,low_activity,0,30,0,30,low_activity,0,49,0,49,low_activity,32,0,32,74,13,87,10386,3472,-0.4989,11,61,27,16,31,22,9
1775350045,24,63,0,30,0,30,low_activity,0,30,0,30,low_activity,0,49,0,49,low_activity,0,0,0,74,13,87,10318,3405,-0.5038,-57,-7,25,15,37,24,13
1775350046,26,63,0,30,0,30,low_activity,0,30,0,30,low_activity,0,49,0,49,low_activity,0,0,0,74,13,87,10379,3404,-0.5061,4,54,26,14,37,26,11
1775350047,26,63,0,0,0,0,no_volume,0,30,0,30,low_activity,0,49,0,49,low_activity,0,0,0,74,13,87,10379,3404,-0.5061,-7,171,26,14,37,26,11
1775350048,31,63,0,0,0,0,no_volume,0,30,0,30,low_activity,0,49,0,49,low_activity,0,0,0,74,13,87,10355,3426,-0.5028,37,4,25,15,37,31,6
1775350049,32,63,0,0,0,0,no_volume,0,0,0,0,no_volume,0,49,0,49,low_activity,0,0,0,74,13,87,10401,3686,-0.4767,22,45,24,15,37,32,5
1775350050,32,63,0,0,0,0,no_volume,0,0,0,0,no_volume,0,49,0,49,low_activity,0,0,0,74,13,87,10391,3666,-0.4784,12,38,25,17,37,32,5
1775350051,32,63,0,0,0,0,no_volume,0,0,0,0,no_volume,0,49,0,49,low_activity,0,0,0,74,13,87,10141,3733,-0.4619,-214,-234,25,16,37,32,5
1775350052,32,63,0,0,0,0,no_volume,0,0,0,0,no_volume,0,49,0,49,low_activity,0,0,0,74,13,87,10131,3523,-0.484,-270,-244,25,14,37,32,5
1775350053,33,63,0,0,0,0,no_volume,0,0,0,0,no_volume,0,30,0,30,low_activity,0,0,0,74,13,87,10305,3574,-0.485,-86,-70,27,16,37,33,4
1775350054,16,81,1.0,1418,0,1418,ok_volume,1.0,1418,0,1418,ok_volume,1.0,1448,0,1448,ok_volume,1423,9,1432,1497,22,1519,13388,6617,-0.3385,3247,3002,27,15,19,16,3
1775350055,17,80,1.0,2188,0,2188,ok_volume,1.0,2188,0,2188,ok_volume,1.0,2218,0,2218,ok_volume,787,0,787,2292,22,2314,12578,9305,-0.1496,2447,2260,27,16,20,17,3
1775350056,17,80,1.0,2238,0,2238,ok_volume,1.0,2238,0,2238,ok_volume,1.0,2268,0,2268,ok_volume,50,0,50,2334,22,2356,12708,9305,-0.1546,2403,2329,27,16,20,17,3
1775350057,17,80,0.937,1020,33,1053,ok_volume,0.973,2438,33,2471,ok_volume,0.974,2468,33,2501,ok_volume,200,40,240,2534,62,2596,12469,9974,-0.1112,-919,2090,29,16,20,17,3
1775350058,17,80,0,300,33,333,low_activity,0.974,2488,33,2521,ok_volume,0.974,2518,33,2551,ok_volume,50,0,50,2584,62,2646,12599,9974,-0.1163,21,2244,28,16,20,17,3
1775350059,17,80,0.809,313,33,346,ok_volume,0.943,1133,33,1166,ok_volume,0.975,2581,33,2614,ok_volume,63,0,63,2647,62,2709,12547,9974,-0.1142,-161,2146,30,16,20,17,3
1775350060,17,80,0,199,0,199,low_total_volume,0.863,449,33,482,ok_volume,0.976,2667,33,2700,ok_volume,86,0,86,2733,62,2795,10439,9974,-0.0228,-2030,48,29,16,20,17,3
1775350061,18,81,0,195,0,195,low_total_volume,0.862,445,33,478,ok_volume,0.976,2713,33,2746,ok_volume,13,0,13,2782,62,2844,12622,9998,-0.116,23,2481,27,17,19,18,1
1775350062,18,81,0,145,0,145,low_total_volume,0,258,0,258,low_total_volume,0.976,2726,33,2759,ok_volume,20,0,20,2802,62,2864,12580,9998,-0.1144,33,2449,26,17,19,18,1
1775350063,18,80,0,26,20,46,low_activity,0,208,20,228,low_total_volume,0.962,2726,53,2779,ok_volume,5,25,30,2807,87,2894,13055,9913,-0.1368,2616,2750,26,16,20,18,2
1775350064,18,81,0,26,20,46,low_activity,0,158,20,178,low_total_volume,0.962,2739,53,2792,ok_volume,13,0,13,2820,87,2907,13062,9913,-0.1371,440,-326,27,16,19,18,1
1775350065,18,81,0,26,20,46,low_activity,0,52,20,72,low_total_volume,0.962,2752,53,2805,ok_volume,20,0,20,2840,87,2927,12562,9913,-0.1179,-18,-16,26,16,19,18,1
1775350066,18,81,0,46,0,46,low_activity,0,59,20,79,low_total_volume,0.962,2772,53,2825,ok_volume,30,0,30,2870,80,2950,12572,9793,-0.1243,-483,-136,26,15,19,18,1
1775350067,14,72,0,46,0,46,low_activity,0,59,20,79,low_total_volume,0.963,2785,53,2838,ok_volume,13,0,13,2883,80,2963,10352,3462,-0.4988,-2710,-2117,24,13,28,14,14
1775350068,16,80,0,52,0,52,low_activity,0,78,0,78,low_total_volume,0.963,2804,53,2857,ok_volume,19,0,19,2902,80,2982,12503,6106,-0.3438,-59,-96,25,14,20,16,4
1775350069,17,81,0,45,0,45,low_activity,0,78,0,78,low_total_volume,0.963,2817,53,2870,ok_volume,13,0,13,2915,80,2995,12544,7149,-0.274,-28,-3,27,15,19,17,2
1775350070,17,80,0,45,0,45,low_activity,0,78,0,78,low_total_volume,0.963,2830,53,2883,ok_volume,0,0,0,2935,80,3015,12524,7131,-0.2744,2172,2085,26,14,20,17,3
1775350071,17,82,0,26,0,26,low_activity,0,58,0,58,low_activity,0.963,2830,53,2883,ok_volume,0,0,0,2935,80,3015,12591,6174,-0.342,88,-31,29,15,18,17,1
1775350072,16,81,0,0,0,0,no_volume,0,45,0,45,low_activity,0.963,2830,53,2883,ok_volume,0,0,0,2935,80,3015,13075,6202,-0.3565,531,495,28,14,19,16,3
1775350073,17,81,0,0,0,0,no_volume,0,26,0,26,low_activity,0.963,2830,53,2883,ok_volume,0,0,0,2935,80,3015,14485,6109,-0.4067,1961,1430,29,14,19,17,2
1775350074,17,81,0,10,0,10,low_activity,0,10,0,10,low_activity,0.963,2810,53,2863,ok_volume,14,0,14,2949,80,3029,15225,6091,-0.4285,2634,2163,26,13,19,17,2
1775350075,17,81,0,10,0,10,low_activity,0,10,0,10,low_activity,0.963,2810,53,2863,ok_volume,0,0,0,2949,80,3029,15345,5998,-0.4379,2270,2783,27,14,19,17,2
1775350076,17,82,0,10,0,10,low_activity,0,10,0,10,low_activity,0.963,2810,53,2863,ok_volume,0,0,0,2949,80,3029,15792,5998,-0.4495,1307,3220,28,14,18,17,1
1775350077,17,81,0,200,0,200,low_activity,0,210,0,210,low_activity,0.965,3010,53,3063,ok_volume,200,0,200,3149,80,3229,15389,5990,-0.4396,164,5037,27,15,19,17,2
1775350078,17,81,0,200,0,200,low_activity,0,210,0,210,low_activity,0.965,3010,53,3063,ok_volume,0,0,0,3149,80,3229,15346,5994,-0.4382,1,2843,27,14,19,17,2
1775350079,17,81,0,200,0,200,low_activity,0,200,0,200,low_activity,0.965,3010,53,3063,ok_volume,0,0,0,3149,80,3229,15346,5951,-0.4411,-446,2802,27,14,19,17,2
1775350080,17,81,0,0,0,0,no_volume,0,200,0,200,low_activity,0.965,3010,53,3063,ok_volume,0,0,0,3149,80,3229,15346,5951,-0.4411,-43,2822,27,14,19,17,2
1775350081,17,81,0,24,0,24,low_activity,0,224,0,224,low_activity,0.966,3034,53,3087,ok_volume,24,0,24,3173,80,3253,15369,5993,-0.4389,23,2778,28,15,19,17,2
1775350082,17,81,0,24,0,24,low_activity,0,24,0,24,low_activity,0.966,3034,53,3087,ok_volume,0,0,0,3173,80,3253,14826,5948,-0.4274,-520,1751,26,14,19,17,2
1775350083,17,81,0,24,0,24,low_activity,0,24,0,24,low_activity,0.966,3034,53,3087,ok_volume,0,0,0,3142,74,3216,14826,5955,-0.4269,-520,341,26,14,19,17,2
1775350084,17,82,0,0,0,0,no_volume,0,24,0,24,low_activity,0.936,1616,53,1669,ok_volume,0,0,0,3142,74,3216,15859,6016,-0.45,490,634,27,15,18,17,1
1775350085,17,82,0,0,0,0,no_volume,0,24,0,24,low_activity,0.882,846,53,899,ok_volume,0,0,0,3142,74,3216,15865,6016,-0.4501,1039,520,27,15,18,17,1
1775350086,17,82,0,0,0,0,no_volume,0,0,0,0,no_volume,0.875,796,53,849,ok_volume,0,0,0,3142,74,3216,17995,6016,-0.4989,3169,2203,27,15,18,17,1
1775350087,17,82,0,0,0,0,no_volume,0,0,0,0,no_volume,0.935,596,20,616,ok_volume,0,0,0,3142,74,3216,17995,6016,-0.4989,2136,2606,27,15,18,17,1
1775350088,17,82,0,0,0,0,no_volume,0,0,0,0,no_volume,0.929,546,20,566,ok_volume,0,0,0,3142,74,3216,17995,6016,-0.4989,2130,2649,27,15,18,17,1
1775350089,17,82,0,0,0,0,no_volume,0,0,0,0,no_volume,0.92,483,20,503,ok_volume,0,0,0,3142,74,3216,17995,6016,-0.4989,0,2649,27,15,18,17,1
1775350090,17,82,0,0,0,0,no_volume,0,0,0,0,no_volume,0.896,364,20,384,ok_volume,0,0,0,3142,74,3216,17995,6016,-0.4989,0,2649,27,15,18,17,1
1775350091,17,82,0,0,0,0,no_volume,0,0,0,0,no_volume,0.892,351,20,371,ok_volume,0,0,0,3142,74,3216,17995,6043,-0.4972,0,2626,27,15,18,17,1
1775350092,17,82,0,0,0,0,no_volume,0,0,0,0,no_volume,0.888,338,20,358,ok_volume,0,0,0,3142,74,3216,17995,6043,-0.4972,0,3169,27,15,18,17,1
1775350093,17,82,0,0,0,0,no_volume,0,0,0,0,no_volume,1.0,338,0,338,ok_volume,0,0,0,3142,74,3216,18036,6043,-0.4981,41,3210,27,15,18,17,1
1775350094,17,82,0,0,0,0,no_volume,0,0,0,0,no_volume,1.0,325,0,325,ok_volume,0,0,0,3142,74,3216,18036,6043,-0.4981,41,2177,27,15,18,17,1
1775350095,16,82,0,0,198,198,low_activity,0,0,198,198,low_activity,0.224,312,198,510,ok_volume,0,0,0,3142,274,3416,18036,6053,-0.4974,41,2171,27,14,18,16,2
1775350096,16,82,0,0,198,198,low_activity,0,0,198,198,low_activity,0.192,292,198,490,ok_volume,0,0,0,3142,274,3416,18036,6053,-0.4974,0,41,27,14,18,16,2
1775350097,16,82,0,0,0,0,low_activity,0,0,198,198,low_activity,0.17,279,198,477,ok_volume,2,0,2,3144,274,3418,18020,6053,-0.4971,-16,25,27,14,18,16,2
1775350098,16,82,0,0,0,0,low_activity,0,0,198,198,low_activity,0.135,260,198,458,ok_volume,0,0,0,3144,274,3418,22491,10532,-0.3621,4455,4496,28,14,18,16,2
1775350099,16,82,0,0,0,0,low_activity,0,0,0,0,low_activity,0.083,234,198,432,ok_volume,0,0,0,3144,274,3418,22491,10532,-0.3621,4455,4496,28,14,18,16,2
1775350100,16,82,0,0,0,0,no_volume,0,0,0,0,low_activity,0.083,234,198,432,ok_volume,0,0,0,3141,274,3415,22501,10532,-0.3623,4481,4506,28,14,18,16,2
1775350101,16,82,0,0,0,0,no_volume,0,0,0,0,low_activity,0.083,234,198,432,ok_volume,0,0,0,3141,274,3415,22501,10532,-0.3623,10,4506,28,14,18,16,2
1775350102,16,82,0,0,0,0,no_volume,0,0,0,0,no_volume,0.083,234,198,432,ok_volume,0,0,0,3141,274,3415,22501,10532,-0.3623,10,4506,28,14,18,16,2
1775350103,16,82,0,0,0,0,no_volume,0,0,0,0,no_volume,0.083,234,198,432,ok_volume,0,0,0,3141,274,3415,22381,10412,-0.365,-120,4345,27,14,18,16,2
1775350104,16,82,0,0,0,0,no_volume,0,0,0,0,no_volume,0,224,198,422,low_activity,0,0,0,3109,274,3383,22381,10412,-0.365,-120,4345,27,14,18,16,2
1775350105,16,82,0,0,0,0,no_volume,0,0,0,0,no_volume,0,224,198,422,low_activity,0,0,0,3109,274,3383,22381,10412,-0.365,-120,4345,27,14,18,16,2
1775350106,16,82,0,0,0,0,no_volume,0,0,0,0,no_volume,0,224,198,422,low_activity,0,0,0,3109,274,3383,22381,10412,-0.365,0,4345,27,14,18,16,2
1775350107,16,82,0,0,0,0,no_volume,0,0,0,0,no_volume,0,24,198,222,low_activity,0,0,0,3109,274,3383,22381,10412,-0.365,0,4361,27,14,18,16,2
1775350108,16,82,0,0,0,0,no_volume,0,0,0,0,no_volume,0,24,198,222,low_activity,0,0,0,3109,274,3383,22381,10440,-0.3638,0,-110,27,14,18,16,2
1775350109,16,82,0,0,0,0,no_volume,0,0,0,0,no_volume,0,24,198,222,low_activity,0,0,0,3109,274,3383,22386,10440,-0.3639,5,-105,27,14,18,16,2
1775350110,16,82,0,0,0,0,no_volume,0,0,0,0,no_volume,0,24,198,222,low_activity,0,0,0,3109,274,3383,22444,10440,-0.365,63,-57,26,14,18,16,2
1775350111,16,82,0,0,0,0,no_volume,0,0,0,0,no_volume,0,0,198,198,low_activity,0,0,0,3109,274,3383,22257,10440,-0.3614,-124,-244,26,14,18,16,2
1775350112,16,82,0,0,0,0,no_volume,0,0,0,0,no_volume,0,0,198,198,low_activity,0,0,0,3109,274,3383,22261,10440,-0.3615,-125,-240,26,14,18,16,2
1775350113,16,82,0,0,0,0,no_volume,0,0,0,0,no_volume,0,0,198,198,low_activity,0,0,0,3109,274,3383,22261,10440,-0.3615,-183,-120,26,14,18,16,2
1775350114,16,82,0,0,0,0,no_volume,0,0,0,0,no_volume,0,0,198,198,low_activity,0,0,0,1678,265,1943,22261,10440,-0.3615,4,-120,26,14,18,16,2
1775350115,16,82,0,0,0,0,no_volume,0,0,0,0,no_volume,0,0,198,198,low_activity,0,0,0,891,265,1156,22261,10440,-0.3615,0,-120,26,14,18,16,2
1775350116,16,82,0,0,0,0,no_volume,0,0,0,0,no_volume,0,0,198,198,low_activity,0,0,0,841,265,1106,22261,10440,-0.3615,0,-120,26,14,18,16,2
1775350117,16,82,0,0,0,0,no_volume,0,0,0,0,no_volume,0,0,198,198,low_activity,0,0,0,641,225,866,22261,10440,-0.3615,0,-120,26,14,18,16,2
1775350118,16,82,0,0,0,0,no_volume,0,0,0,0,no_volume,0,0,198,198,low_activity,0,0,0,591,225,816,22261,10440,-0.3615,0,-120,26,14,18,16,2
1775350119,16,82,0,15,0,15,low_activity,0,15,0,15,low_activity,0,15,198,213,low_activity,15,0,15,543,225,768,22251,10440,-0.3613,-10,-135,26,14,18,16,2
1775350120,16,82,0,15,0,15,low_activity,0,15,0,15,low_activity,0,15,198,213,low_activity,0,0,0,421,225,646,22251,10440,-0.3613,-10,-193,26,14,18,16,2
1775350121,16,82,0,15,0,15,low_activity,0,15,0,15,low_activity,0,15,198,213,low_activity,0,0,0,408,225,633,22251,10440,-0.3613,-10,-6,26,14,18,16,2
1775350122,16,82,0,0,0,0,no_volume,0,15,0,15,low_activity,0,15,198,213,low_activity,0,0,0,388,225,613,22251,10440,-0.3613,0,-10,26,14,18,16,2
1775350123,16,82,0,0,0,0,no_volume,0,15,0,15,low_activity,0,15,198,213,low_activity,0,0,0,383,200,583,22251,10440,-0.3613,0,-10,26,14,18,16,2
1775350124,16,82,0,0,0,0,no_volume,0,0,0,0,no_volume,0,15,0,15,low_activity,0,0,0,370,200,570,22251,10440,-0.3613,0,-10,26,14,18,16,2
1775350125,16,82,0,0,0,0,no_volume,0,0,0,0,no_volume,0,15,0,15,low_activity,0,0,0,350,200,550,22251,10440,-0.3613,0,-10,26,14,18,16,2
1775350126,16,82,0,0,0,0,no_volume,0,0,0,0,no_volume,0,15,0,15,low_activity,0,0,0,320,200,520,22251,10440,-0.3613,0,-10,26,14,18,16,2
1775350127,16,82,0,0,0,0,no_volume,0,0,0,0,no_volume,0,15,0,15,low_activity,0,0,0,307,200,507,22251,10440,-0.3613,0,-10,26,14,18,16,2
1775350128,16,82,0,0,0,0,no_volume,0,0,0,0,no_volume,0,15,0,15,low_activity,0,0,0,288,200,488,22251,10440,-0.3613,0,-10,26,14,18,16,2
1775350129,16,82,0,0,0,0,no_volume,0,0,0,0,no_volume,0,15,0,15,low_activity,0,0,0,255,200,455,22251,10440,-0.3613,0,0,26,14,18,16,2
1775350130,16,82,0,0,0,0,no_volume,0,0,0,0,no_volume,0,15,0,15,low_activity,0,0,0,255,200,455,22251,10440,-0.3613,0,0,26,14,18,16,2
1775350131,16,82,0,0,0,0,no_volume,0,0,0,0,no_volume,0,15,0,15,low_activity,0,0,0,255,200,455,22251,10440,-0.3613,0,0,26,14,18,16,2
1775350132,16,82,0,0,0,0,no_volume,0,0,0,0,no_volume,0,15,0,15,low_activity,0,0,0,255,200,455,22251,10422,-0.362,0,0,26,14,18,16,2
1775350133,16,82,0,0,0,0,no_volume,0,0,0,0,no_volume,0,15,0,15,low_activity,0,0,0,255,200,455,22251,10422,-0.362,0,0,26,14,18,16,2
1775350134,16,82,0,0,0,0,no_volume,0,0,0,0,no_volume,0,15,0,15,low_activity,0,0,0,241,200,441,22251,10422,-0.362,0,0,26,14,18,16,2
1775350135,16,82,0,0,0,0,no_volume,0,0,0,0,no_volume,0,15,0,15,low_activity,0,0,0,241,200,441,24346,10422,-0.4005,2095,2095,26,14,18,16,2
1775350136,16,82,0,0,0,0,no_volume,0,0,0,0,no_volume,0,15,0,15,low_activity,0,0,0,241,200,441,24183,10422,-0.3977,1932,1932,26,14,18,16,2
1775350137,16,82,0,0,0,0,no_volume,0,0,0,0,no_volume,0,15,0,15,low_activity,0,0,0,41,200,241,24183,10422,-0.3977,1932,1932,26,14,18,16,2
1775350138,16,82,0,0,0,0,no_volume,0,0,0,0,no_volume,0,15,0,15,low_activity,0,0,0,41,200,241,24183,10422,-0.3977,-163,1932,26,14,18,16,2
1775350139,16,82,0,0,0,0,no_volume,0,0,0,0,no_volume,0,15,0,15,low_activity,0,0,0,41,200,241,24183,10422,-0.3977,0,1932,26,14,18,16,2
1775350140,16,82,0,0,0,0,no_volume,0,0,0,0,no_volume,0,15,0,15,low_activity,0,0,0,41,200,241,24183,10422,-0.3977,0,1932,26,14,18,16,2
1775350141,16,82,0,0,0,0,no_volume,0,0,0,0,no_volume,0,15,0,15,low_activity,0,0,0,17,200,217,24183,10422,-0.3977,0,1932,26,14,18,16,2
1775350142,16,82,0,0,0,0,no_volume,0,0,0,0,no_volume,0,15,0,15,low_activity,0,0,0,17,200,217,24183,10422,-0.3977,0,1932,26,14,18,16,2
1775350143,16,82,0,0,0,0,no_volume,0,0,0,0,no_volume,0,15,0,15,low_activity,0,0,0,17,200,217,24183,10422,-0.3977,0,1932,26,14,18,16,2
1775350144,16,82,0,0,0,0,no_volume,0,0,0,0,no_volume,0,15,0,15,low_activity,0,0,0,17,200,217,24183,10422,-0.3977,0,1932,26,14,18,16,2
1775350145,16,82,0,0,0,0,no_volume,0,0,0,0,no_volume,0,15,0,15,low_activity,0,0,0,17,200,217,24183,10422,-0.3977,0,-163,26,14,18,16,2
1775350146,16,82,0,0,0,0,no_volume,0,0,0,0,no_volume,0,15,0,15,low_activity,0,0,0,17,200,217,24183,10422,-0.3977,0,0,26,14,18,16,2
1775350147,16,82,0,0,0,0,no_volume,0,0,0,0,no_volume,0,15,0,15,low_activity,0,0,0,17,200,217,24183,10422,-0.3977,0,0,26,14,18,16,2
1775350148,16,82,0,0,0,0,no_volume,0,0,0,0,no_volume,0,15,0,15,low_activity,0,0,0,17,200,217,24183,10422,-0.3977,0,0,26,14,18,16,2
1775350149,16,82,0,0,0,0,no_volume,0,0,0,0,no_volume,0,0,0,0,no_volume,0,0,0,17,200,217,24183,10422,-0.3977,0,0,26,14,18,16,2
1775350150,16,82,0,0,0,0,no_volume,0,0,0,0,no_volume,0,0,0,0,no_volume,0,0,0,17,200,217,24183,10422,-0.3977,0,0,26,14,18,16,2
1775350151,16,82,0,0,0,0,no_volume,0,0,0,0,no_volume,0,0,0,0,no_volume,0,0,0,17,200,217,24183,10422,-0.3977,0,0,26,14,18,16,2
1775350152,16,82,0,0,0,0,no_volume,0,0,0,0,no_volume,0,0,0,0,no_volume,0,0,0,17,200,217,24183,10422,-0.3977,0,0,26,14,18,16,2
1775350153,16,82,0,0,0,0,no_volume,0,0,0,0,no_volume,0,0,0,0,no_volume,0,0,0,17,200,217,24184,10422,-0.3977,1,1,26,14,18,16,2
1775350154,16,82,0,0,0,0,no_volume,0,0,0,0,no_volume,0,0,0,0,no_volume,0,0,0,17,0,17,24184,10422,-0.3977,1,1,26,14,18,16,2
1775350155,16,82,0,0,0,0,no_volume,0,0,0,0,no_volume,0,0,0,0,no_volume,0,0,0,17,0,17,24184,10392,-0.3989,1,1,26,14,18,16,2
1775350156,16,82,0,0,0,0,no_volume,0,0,0,0,no_volume,0,0,0,0,no_volume,0,0,0,17,0,17,24184,10392,-0.3989,0,1,26,14,18,16,2
1775350157,16,82,0,0,0,0,no_volume,0,0,0,0,no_volume,0,0,0,0,no_volume,0,0,0,15,0,15,24184,10392,-0.3989,0,1,26,14,18,16,2
1775350158,16,82,0,0,0,0,no_volume,0,0,0,0,no_volume,0,0,0,0,no_volume,0,0,0,15,0,15,24184,10392,-0.3989,0,1,26,14,18,16,2
1775350159,16,82,0,0,0,0,no_volume,0,0,0,0,no_volume,0,0,0,0,no_volume,0,0,0,15,0,15,24184,10392,-0.3989,0,1,26,14,18,16,2
1775350160,16,82,0,0,0,0,no_volume,0,0,0,0,no_volume,0,0,0,0,no_volume,0,0,0,15,0,15,24184,10392,-0.3989,0,1,26,14,18,16,2
1775350161,16,82,0,0,0,0,no_volume,0,0,0,0,no_volume,0,0,0,0,no_volume,0,0,0,15,0,15,24184,10422,-0.3977,0,1,26,14,18,16,2
1775350162,16,82,0,0,0,0,no_volume,0,0,0,0,no_volume,0,0,0,0,no_volume,0,0,0,15,0,15,24184,10422,-0.3977,0,1,26,14,18,16,2
1775350163,16,82,0,0,0,0,no_volume,0,0,0,0,no_volume,0,0,0,0,no_volume,0,0,0,15,0,15,24184,10422,-0.3977,0,0,26,14,18,16,2
1775350164,17,82,0,0,0,0,no_volume,0,0,0,0,no_volume,0,0,0,0,no_volume,0,0,0,15,0,15,24184,9968,-0.4163,0,0,26,15,18,17,1
1775350165,17,82,0,0,0,0,no_volume,0,0,0,0,no_volume,0,0,0,0,no_volume,0,0,0,15,0,15,24184,10375,-0.3996,0,0,26,15,18,17,1
1775350166,17,82,0,0,0,0,no_volume,0,0,0,0,no_volume,0,0,0,0,no_volume,0,0,0,15,0,15,24184,10375,-0.3996,0,0,26,15,18,17,1
1775350167,17,82,0,0,0,0,no_volume,0,0,0,0,no_volume,0,0,0,0,no_volume,0,0,0,15,0,15,24184,10375,-0.3996,0,0,26,15,18,17,1
1775350168,17,82,0,0,0,0,no_volume,0,0,0,0,no_volume,0,0,0,0,no_volume,0,0,0,15,0,15,24184,10375,-0.3996,0,0,26,15,18,17,1
1775350169,17,82,0,0,0,0,no_volume,0,0,0,0,no_volume,0,0,0,0,no_volume,0,0,0,15,0,15,24184,10375,-0.3996,0,0,26,15,18,17,1
1775350170,17,82,0,0,0,0,no_volume,0,0,0,0,no_volume,0,0,0,0,no_volume,0,0,0,15,0,15,24184,10375,-0.3996,0,0,26,15,18,17,1
1775350171,17,82,0,0,0,0,no_volume,0,0,0,0,no_volume,0,0,0,0,no_volume,0,0,0,15,0,15,24184,10375,-0.3996,0,0,26,15,18,17,1
1775350172,17,82,0,0,0,0,no_volume,0,0,0,0,no_volume,0,0,0,0,no_volume,0,0,0,15,0,15,24184,10375,-0.3996,0,0,26,15,18,17,1
1775350173,17,82,0,0,0,0,no_volume,0,0,0,0,no_volume,0,0,0,0,no_volume,0,0,0,15,0,15,23995,10375,-0.3963,-189,-189,26,15,18,17,1
1775350174,17,82,0,0,0,0,no_volume,0,0,0,0,no_volume,0,0,0,0,no_volume,0,0,0,15,0,15,24185,10375,-0.3996,1,1,26,15,18,17,1
1775350175,17,82,0,0,0,0,no_volume,0,0,0,0,no_volume,0,0,0,0,no_volume,0,0,0,15,0,15,19706,3432,-0.7033,-4478,-4478,25,15,18,17,1
1775350176,17,82,0,0,0,0,no_volume,0,0,0,0,no_volume,0,0,0,0,no_volume,0,0,0,15,0,15,21185,7782,-0.4627,-2810,-2999,23,16,18,17,1
1775350177,17,82,0,0,0,0,no_volume,0,0,0,0,no_volume,0,0,0,0,no_volume,0,0,0,15,0,15,21185,7782,-0.4627,-3000,-2999,23,16,18,17,1
1775350178,16,82,0,0,64,64,low_activity,0,0,64,64,low_activity,0,0,64,64,low_activity,0,0,0,15,64,79,22175,8092,-0.4653,2469,-2009,24,15,18,16,2
1775350179,16,82,0,0,64,64,low_activity,0,0,64,64,low_activity,0,0,64,64,low_activity,0,0,0,0,64,64,23219,8067,-0.4843,2034,-965,25,15,18,16,2
1775350180,16,82,0,0,0,0,no_volume,0,0,64,64,low_activity,0,0,64,64,low_activity,0,0,0,0,64,64,24219,8092,-0.4991,3034,35,26,15,18,16,2
1775350181,16,82,0,0,0,0,no_volume,0,0,64,64,low_activity,0,0,64,64,low_activity,0,0,0,0,64,64,24219,8092,-0.4991,2044,35,26,15,18,16,2
1775350182,16,82,0,0,0,0,no_volume,0,0,0,0,no_volume,0,0,64,64,low_activity,0,0,0,0,64,64,24219,8092,-0.4991,1000,35,26,15,18,16,2
1775350183,16,82,0,0,0,0,no_volume,0,0,0,0,no_volume,0,0,64,64,low_activity,0,0,0,0,64,64,24219,8092,-0.4991,0,224,26,15,18,16,2
1775350184,16,82,0,0,0,0,no_volume,0,0,0,0,no_volume,0,0,64,64,low_activity,0,0,0,0,64,64,24219,8092,-0.4991,0,34,26,15,18,16,2
1775350185,16,82,0,0,0,0,no_volume,0,0,0,0,no_volume,0,0,64,64,low_activity,0,0,0,0,64,64,24219,8092,-0.4991,0,4513,26,15,18,16,2
1775350186,16,82,0,0,0,0,no_volume,0,0,0,0,no_volume,0,0,64,64,low_activity,0,0,0,0,64,64,16740,3613,-0.645,-7479,-4445,22,15,18,16,2
1775350187,15,83,0,0,0,0,no_volume,0,0,0,0,no_volume,0,0,64,64,low_activity,0,0,0,0,64,64,21149,8101,-0.4461,-3070,-36,25,14,17,15,2
1775350188,15,83,0,0,0,0,no_volume,0,0,0,0,no_volume,0,0,64,64,low_activity,0,0,0,0,64,64,16850,3621,-0.6462,-7369,-5325,24,14,17,15,2
1775350189,15,83,0,0,0,0,no_volume,0,0,0,0,no_volume,0,0,64,64,low_activity,0,0,0,0,64,64,21329,8091,-0.45,4589,-1890,25,15,17,15,2
1775350190,16,83,0,0,0,0,no_volume,0,0,0,0,no_volume,0,0,64,64,low_activity,0,0,0,0,64,64,22486,10013,-0.3838,1337,-1733,27,16,17,16,1
1775350191,16,83,0,0,0,0,no_volume,0,0,0,0,no_volume,0,0,64,64,low_activity,0,0,0,0,64,64,23511,9833,-0.4102,6661,-708,28,15,17,16,1
1775350192,16,83,0,11,0,11,low_activity,0,11,0,11,low_activity,0,11,64,75,low_activity,16,0,16,16,64,80,24625,9833,-0.4293,3296,406,28,15,17,16,1
1775350193,16,83,0,11,0,11,low_activity,0,11,0,11,low_activity,0,11,64,75,low_activity,0,0,0,16,64,80,24635,9833,-0.4294,2149,416,28,15,17,16,1
1775350194,16,83,0,11,0,11,low_activity,0,11,0,11,low_activity,0,11,64,75,low_activity,0,0,0,16,64,80,24615,9833,-0.4291,1104,396,28,15,17,16,1
1775350195,16,83,0,0,0,0,no_volume,0,11,0,11,low_activity,0,11,64,75,low_activity,0,0,0,16,64,80,24495,9833,-0.4271,-130,276,27,15,17,16,1
1775350196,16,83,0,0,0,0,no_volume,0,11,0,11,low_activity,0,11,64,75,low_activity,0,0,0,16,64,80,22976,9953,-0.3955,-1659,6236,27,15,17,16,1
1775350197,16,83,0,0,0,0,no_volume,0,0,0,0,no_volume,0,11,64,75,low_activity,0,0,0,16,64,80,23476,9953,-0.4045,-1139,2327,27,15,17,16,1
1775350198,16,83,0,0,0,0,no_volume,0,0,0,0,no_volume,0,11,64,75,low_activity,0,0,0,16,64,80,24476,9953,-0.4218,-19,7626,28,15,17,16,1
1775350199,16,83,0,0,0,0,no_volume,0,0,0,0,no_volume,0,11,64,75,low_activity,0,0,0,16,64,80,24536,9953,-0.4228,1560,3207,28,15,17,16,1
1775350200,16,83,0,0,0,0,no_volume,0,0,0,0,no_volume,0,11,64,75,low_activity,0,0,0,16,64,80,24416,9833,-0.4258,940,1930,27,15,17,16,1
1775350201,16,83,0,11,0,11,low_activity,0,11,0,11,low_activity,0,22,64,86,low_activity,11,0,11,27,64,91,24406,9833,-0.4256,-70,895,27,15,17,16,1
1775350202,16,83,0,11,0,11,low_activity,0,11,0,11,low_activity,0,22,64,86,low_activity,0,0,0,27,64,91,24406,9833,-0.4256,-130,-219,27,15,17,16,1
1775350203,16,83,0,279,0,279,low_activity,0,279,0,279,low_activity,0.638,290,64,354,ok_volume,277,0,277,304,64,368,23904,9833,-0.4171,-512,-731,27,15,17,16,1
1775350204,16,83,0,268,0,268,low_activity,0,279,0,279,low_activity,0.638,290,64,354,ok_volume,0,0,0,304,64,368,23904,9833,-0.4171,-502,-711,27,15,17,16,1
1775350205,16,83,0,268,0,268,low_activity,0,279,0,279,low_activity,0.638,290,64,354,ok_volume,0,0,0,304,64,368,24035,9833,-0.4193,-371,-460,27,15,17,16,1
1775350206,16,83,0,0,0,0,no_volume,0,268,0,268,low_activity,0.638,290,64,354,ok_volume,0,0,0,304,64,368,24035,9833,-0.4193,131,1059,27,15,17,16,1
1775350207,16,83,0,0,0,0,no_volume,0,268,0,268,low_activity,0,290,0,290,low_activity,0,0,0,304,64,368,24035,9833,-0.4193,131,559,27,15,17,16,1
1775350208,16,83,0,0,0,0,no_volume,0,0,0,0,no_volume,0,290,0,290,low_activity,0,0,0,304,64,368,24025,9833,-0.4192,-10,-451,27,15,17,16,1
1775350209,16,83,0,0,0,0,no_volume,0,0,0,0,no_volume,0,290,0,290,low_activity,0,0,0,304,64,368,24015,9833,-0.419,-20,-521,27,15,17,16,1
1775350210,16,83,0,0,0,0,no_volume,0,0,0,0,no_volume,0,290,0,290,low_activity,0,0,0,304,64,368,24005,9833,-0.4188,-30,-411,27,15,17,16,1
1775350211,16,83,0,0,0,0,no_volume,0,0,0,0,no_volume,0,290,0,290,low_activity,0,0,0,304,64,368,23995,9833,-0.4186,-30,-411,27,15,17,16,1
1775350212,16,83,0,0,0,0,no_volume,0,0,0,0,no_volume,0,290,0,290,low_activity,0,0,0,304,64,368,23965,9833,-0.4181,-50,-441,27,15,17,16,1
1775350213,16,83,0,0,0,0,no_volume,0,0,0,0,no_volume,0,290,0,290,low_activity,0,0,0,304,64,368,23965,9833,-0.4181,-40,61,27,15,17,16,1
1775350214,16,83,0,0,0,0,no_volume,0,0,0,0,no_volume,0,290,0,290,low_activity,0,0,0,304,64,368,23965,9833,-0.4181,-30,61,27,15,17,16,1
1775350215,16,83,0,0,0,0,no_volume,0,0,0,0,no_volume,0,290,0,290,low_activity,0,0,0,304,64,368,23965,9833,-0.4181,0,-70,27,15,17,16,1
1775350216,16,83,0,0,0,0,no_volume,0,0,0,0,no_volume,0,290,0,290,low_activity,0,0,0,304,64,368,23965,9833,-0.4181,0,-70,27,15,17,16,1
1775350217,16,83,0,0,0,0,no_volume,0,0,0,0,no_volume,0,290,0,290,low_activity,0,0,0,304,64,368,23965,9833,-0.4181,0,-70,27,15,17,16,1
1775350218,16,83,0,0,0,0,no_volume,0,0,0,0,no_volume,0,290,0,290,low_activity,0,0,0,304,64,368,23965,9833,-0.4181,0,-60,27,15,17,16,1
1775350219,16,83,0,0,0,0,no_volume,0,0,0,0,no_volume,0,290,0,290,low_activity,0,0,0,304,64,368,23965,9833,-0.4181,0,-50,27,15,17,16,1
1775350220,16,83,0,0,0,0,no_volume,0,0,0,0,no_volume,0,290,0,290,low_activity,0,0,0,304,64,368,23993,9833,-0.4186,28,-12,27,15,17,16,1
1775350221,16,83,0,0,0,0,no_volume,0,0,0,0,no_volume,0,290,0,290,low_activity,0,0,0,304,64,368,23993,9833,-0.4186,28,-2,27,15,17,16,1
1775350222,16,83,0,0,0,0,no_volume,0,0,0,0,no_volume,0,279,0,279,low_activity,0,0,0,304,64,368,23998,9833,-0.4187,33,33,26,15,17,16,1
1775350223,16,83,0,0,0,0,no_volume,0,0,0,0,no_volume,0,279,0,279,low_activity,0,0,0,304,64,368,23998,9833,-0.4187,5,33,26,15,17,16,1
1775350224,16,83,0,0,0,0,no_volume,0,0,0,0,no_volume,0,279,0,279,low_activity,0,0,0,304,64,368,23998,9833,-0.4187,5,33,26,15,17,16,1
1775350225,16,83,0,0,0,0,no_volume,0,0,0,0,no_volume,0,279,0,279,low_activity,0,0,0,304,64,368,23998,9833,-0.4187,0,33,26,15,17,16,1
1775350226,16,83,0,0,0,0,no_volume,0,0,0,0,no_volume,0,279,0,279,low_activity,0,0,0,304,64,368,23998,9833,-0.4187,0,33,26,15,17,16,1
1775350227,16,83,0,0,0,0,no_volume,0,0,0,0,no_volume,0,279,0,279,low_activity,0,0,0,304,64,368,23998,9833,-0.4187,0,33,26,15,17,16,1
1775350228,16,83,0,0,0,0,no_volume,0,0,0,0,no_volume,0,279,0,279,low_activity,0,0,0,304,64,368,23998,9833,-0.4187,0,33,26,15,17,16,1
1775350229,16,83,0,0,0,0,no_volume,0,0,0,0,no_volume,0,279,0,279,low_activity,0,0,0,304,64,368,23998,9833,-0.4187,0,33,26,15,17,16,1
1775350230,16,83,0,0,0,0,no_volume,0,0,0,0,no_volume,0,279,0,279,low_activity,0,0,0,304,64,368,23998,9833,-0.4187,0,5,26,15,17,16,1
1775350231,16,83,0,0,0,0,no_volume,0,0,0,0,no_volume,0,268,0,268,low_activity,0,0,0,304,64,368,23998,9833,-0.4187,0,5,26,15,17,16,1
1775350232,16,83,0,0,0,0,no_volume,0,0,0,0,no_volume,0,268,0,268,low_activity,0,0,0,304,64,368,23998,9833,-0.4187,0,0,26,15,17,16,1
1775350233,16,83,0,0,0,0,no_volume,0,0,0,0,no_volume,0,0,0,0,no_volume,0,0,0,304,64,368,23998,9833,-0.4187,0,0,26,15,17,16,1
1775350234,16,83,0,0,0,0,no_volume,0,0,0,0,no_volume,0,0,0,0,no_volume,0,0,0,304,64,368,23998,9833,-0.4187,0,0,26,15,17,16,1
1775350235,16,83,0,0,0,0,no_volume,0,0,0,0,no_volume,0,0,0,0,no_volume,0,0,0,304,64,368,24018,9833,-0.419,20,20,26,15,17,16,1
1775350236,16,83,0,0,0,0,no_volume,0,0,0,0,no_volume,0,0,0,0,no_volume,0,0,0,304,64,368,24018,9833,-0.419,20,20,26,15,17,16,1
1775350237,16,83,0,0,0,0,no_volume,0,0,0,0,no_volume,0,0,0,0,no_volume,0,0,0,304,0,304,24028,9833,-0.4192,30,30,26,15,17,16,1
1775350238,16,83,0,0,0,0,no_volume,0,0,0,0,no_volume,0,0,0,0,no_volume,0,0,0,304,0,304,24028,9833,-0.4192,10,30,26,15,17,16,1
1775350239,16,83,0,0,0,0,no_volume,0,0,0,0,no_volume,0,0,0,0,no_volume,0,0,0,304,0,304,24028,9833,-0.4192,10,30,26,15,17,16,1
1775350240,15,83,0,0,0,0,no_volume,0,0,0,0,no_volume,0,0,0,0,no_volume,0,0,0,304,0,304,24028,7466,-0.5259,0,30,26,13,17,15,2
1775350241,15,83,0,0,0,0,no_volume,0,0,0,0,no_volume,0,0,0,0,no_volume,0,0,0,304,0,304,24098,8118,-0.496,70,100,27,13,17,15,2
1775350242,15,83,0,0,0,0,no_volume,0,0,0,0,no_volume,0,0,0,0,no_volume,0,0,0,304,0,304,24098,8118,-0.496,70,100,27,13,17,15,2
1775350243,15,83,0,0,0,0,no_volume,0,0,0,0,no_volume,0,0,0,0,no_volume,0,0,0,304,0,304,24108,8118,-0.4962,80,110,27,13,17,15,2
1775350244,15,83,0,0,0,0,no_volume,0,0,0,0,no_volume,0,0,0,0,no_volume,0,0,0,304,0,304,24108,8118,-0.4962,10,110,27,13,17,15,2
1775350245,15,83,0,0,0,0,no_volume,0,0,0,0,no_volume,0,0,0,0,no_volume,0,0,0,304,0,304,24118,8118,-0.4963,20,100,27,13,17,15,2
1775350246,16,83,0,0,0,0,no_volume,0,0,0,0,no_volume,0,0,0,0,no_volume,0,0,0,304,0,304,24038,10122,-0.4074,-70,20,26,14,17,16,1
1775350247,16,83,0,0,0,0,no_volume,0,0,0,0,no_volume,0,0,0,0,no_volume,0,0,0,304,0,304,24018,10122,-0.407,-90,-10,26,14,17,16,1
1775350248,16,83,0,0,0,0,no_volume,0,0,0,0,no_volume,0,0,0,0,no_volume,0,0,0,304,0,304,24018,10122,-0.407,-100,-10,26,14,17,16,1
1775350249,16,83,0,0,0,0,no_volume,0,0,0,0,no_volume,0,0,0,0,no_volume,0,0,0,304,0,304,19998,6122,-0.5312,-4040,-4030,25,14,17,16,1
1775350250,16,83,0,0,0,0,no_volume,0,0,0,0,no_volume,0,0,0,0,no_volume,0,0,0,304,0,304,21998,10122,-0.3697,-2020,-2030,24,14,17,16,1
1775350251,16,83,0,0,0,0,no_volume,0,0,0,0,no_volume,0,0,0,0,no_volume,0,0,0,304,0,304,22998,10122,-0.3888,-1020,-1100,25,14,17,16,1
1775350252,16,82,0,52,0,52,low_activity,0,52,0,52,low_activity,0,52,0,52,low_activity,55,0,55,343,0,343,23811,10122,-0.4034,3813,-287,25,14,18,16,2
1775350253,16,82,0,52,0,52,low_activity,0,52,0,52,low_activity,0,52,0,52,low_activity,0,0,0,343,0,343,23811,10122,-0.4034,1813,-297,25,14,18,16,2
1775350254,16,82,0,52,0,52,low_activity,0,52,0,52,low_activity,0,52,0,52,low_activity,0,0,0,343,0,343,23626,10122,-0.4001,628,-482,25,14,18,16,2
1775350255,16,82,0,0,0,0,no_volume,0,52,0,52,low_activity,0,52,0,52,low_activity,0,0,0,343,0,343,23626,10122,-0.4001,-185,-492,25,14,18,16,2
1775350256,16,82,0,0,0,0,no_volume,0,52,0,52,low_activity,0,52,0,52,low_activity,0,0,0,343,0,343,19147,10122,-0.3083,-4664,-4891,24,14,18,16,2
1775350257,16,82,0,0,0,0,no_volume,0,0,0,0,no_volume,0,52,0,52,low_activity,0,0,0,343,0,343,21126,10122,-0.3522,-2500,-2892,23,14,18,16,2
1775350258,16,82,0,0,0,0,no_volume,0,0,0,0,no_volume,0,52,0,52,low_activity,0,0,0,343,0,343,22313,10122,-0.3759,-1313,-1705,24,14,18,16,2
1775350259,16,82,0,0,0,0,no_volume,0,0,0,0,no_volume,0,52,0,52,low_activity,0,0,0,343,0,343,22813,10122,-0.3853,3666,2815,24,14,18,16,2
1775350260,16,82,0,0,0,0,no_volume,0,0,0,0,no_volume,0,52,0,52,low_activity,0,0,0,343,0,343,23813,10122,-0.4034,2687,1815,25,14,18,16,2
1775350261,16,82,0,0,0,0,no_volume,0,0,0,0,no_volume,0,52,0,52,low_activity,0,0,0,332,0,332,23813,10122,-0.4034,1500,815,25,14,18,16,2
1775350262,16,82,0,0,0,0,no_volume,0,0,0,0,no_volume,0,52,0,52,low_activity,0,0,0,332,0,332,23813,10122,-0.4034,1000,2,25,14,18,16,2
1775350263,16,82,0,0,0,0,no_volume,0,0,0,0,no_volume,0,52,0,52,low_activity,0,0,0,55,0,55,23813,10536,-0.3865,0,2,25,14,18,16,2
1775350264,16,83,0,0,0,0,no_volume,0,0,0,0,no_volume,0,52,0,52,low_activity,0,0,0,55,0,55,23843,10536,-0.3871,30,217,26,14,17,16,1
1775350265,16,83,0,0,0,0,no_volume,0,0,0,0,no_volume,0,52,0,52,low_activity,0,0,0,55,0,55,23853,10122,-0.4042,40,227,26,14,17,16,1
1775350266,16,83,0,0,0,0,no_volume,0,0,0,0,no_volume,0,52,0,52,low_activity,0,0,0,55,0,55,23853,10122,-0.4042,40,4706,26,14,17,16,1
1775350267,16,83,0,0,0,0,no_volume,0,0,0,0,no_volume,0,52,0,52,low_activity,0,0,0,55,0,55,23150,10206,-0.3881,-693,2024,25,14,17,16,1
1775350268,16,83,0,0,0,0,no_volume,0,0,0,0,no_volume,0,52,0,52,low_activity,0,0,0,55,0,55,23630,10607,-0.3804,-223,1317,25,14,17,16,1
1775350269,16,83,0,0,0,0,no_volume,0,0,0,0,no_volume,0,52,0,52,low_activity,0,0,0,55,0,55,24130,10607,-0.3893,277,1317,26,14,17,16,1
1775350270,16,83,0,0,0,0,no_volume,0,0,0,0,no_volume,0,52,0,52,low_activity,0,0,0,55,0,55,23150,10206,-0.3881,0,-663,25,14,17,16,1
1775350271,16,83,0,0,0,0,no_volume,0,0,0,0,no_volume,0,52,0,52,low_activity,0,0,0,55,0,55,23783,10607,-0.3831,153,-30,26,14,17,16,1
1775350272,16,83,0,0,0,0,no_volume,0,0,0,0,no_volume,0,52,0,52,low_activity,0,0,0,55,0,55,24783,10607,-0.4006,653,970,27,14,17,16,1
1775350273,15,83,0,0,0,0,no_volume,0,0,0,0,no_volume,0,52,0,52,low_activity,0,0,0,55,0,55,16721,4197,-0.5987,-6429,-7092,22,13,17,15,2
1775350274,15,83,0,0,0,0,no_volume,0,0,0,0,no_volume,0,52,0,52,low_activity,0,0,0,55,0,55,21678,8116,-0.4552,-2105,-2165,23,13,17,15,2
1775350275,15,83,0,0,0,0,no_volume,0,0,0,0,no_volume,0,52,0,52,low_activity,0,0,0,55,0,55,22248,8419,-0.4509,-2535,-1605,25,13,17,15,2
1775350276,15,83,0,0,0,0,no_volume,0,0,0,0,no_volume,0,52,0,52,low_activity,0,0,0,55,0,55,21296,8110,-0.4484,4575,-2557,24,13,17,15,2
1775350277,15,83,0,0,0,0,no_volume,0,0,0,0,no_volume,0,52,0,52,low_activity,0,0,0,55,0,55,21296,8110,-0.4484,-382,-1854,24,13,17,15,2
1775350278,14,83,0,0,0,0,no_volume,0,0,0,0,no_volume,0,52,0,52,low_activity,0,0,0,55,0,55,22006,8694,-0.4336,-242,-1624,24,12,17,14,3
1775350279,14,84,0,0,0,0,no_volume,0,0,0,0,no_volume,0,52,0,52,low_activity,0,0,0,55,0,55,23049,8737,-0.4503,1753,-1081,26,12,16,14,2
1775350280,14,84,0,0,0,0,no_volume,0,0,0,0,no_volume,0,52,0,52,low_activity,0,0,0,55,0,55,21260,8050,-0.4507,-36,-1890,24,12,16,14,2
1775350281,14,84,0,0,0,0,no_volume,0,0,0,0,no_volume,0,52,0,52,low_activity,0,0,0,55,0,55,21260,8144,-0.4461,-746,-2523,24,12,16,14,2
1775350282,14,84,0,0,0,0,no_volume,0,0,0,0,no_volume,0,0,0,0,no_volume,0,0,0,55,0,55,21534,8582,-0.4301,-1515,-3249,24,12,16,14,2
1775350283,14,84,0,0,0,0,no_volume,0,0,0,0,no_volume,0,0,0,0,no_volume,0,0,0,55,0,55,21038,8184,-0.4399,-222,4317,24,12,16,14,2
1775350284,14,84,0,0,0,0,no_volume,0,0,0,0,no_volume,0,0,0,0,no_volume,0,0,0,55,0,55,21028,8174,-0.4402,-232,-650,24,12,16,14,2
1775350285,14,84,0,0,0,0,no_volume,0,0,0,0,no_volume,0,0,0,0,no_volume,0,0,0,55,0,55,21619,8610,-0.4303,85,-629,24,12,16,14,2
1775350286,14,84,0,0,0,0,no_volume,0,0,0,0,no_volume,0,0,0,0,no_volume,0,0,0,55,0,55,21648,8730,-0.4252,610,352,24,13,16,14,2
1775350287,14,84,0,0,0,0,no_volume,0,0,0,0,no_volume,0,0,0,0,no_volume,0,0,0,55,0,55,21017,8220,-0.4377,-11,-279,24,12,16,14,2
1775350288,14,84,0,0,0,0,no_volume,0,0,0,0,no_volume,0,0,0,0,no_volume,0,0,0,55,0,55,21813,8898,-0.4205,194,-193,25,12,16,14,2
1775350289,14,84,0,0,0,0,no_volume,0,0,0,0,no_volume,0,0,0,0,no_volume,0,0,0,55,0,55,21828,8491,-0.4399,180,-1221,26,12,16,14,2
1775350290,14,84,0,0,0,0,no_volume,0,0,0,0,no_volume,0,0,0,0,no_volume,0,0,0,55,0,55,21007,8090,-0.4439,-10,-253,24,12,16,14,2
1775350291,14,84,0,0,0,0,no_volume,0,0,0,0,no_volume,0,0,0,0,no_volume,0,0,0,55,0,55,21007,8090,-0.4439,-806,-253,24,12,16,14,2
1775350292,14,84,0,0,0,0,no_volume,0,0,0,0,no_volume,0,0,0,0,no_volume,0,0,0,55,0,55,21007,8090,-0.4439,-821,-527,24,12,16,14,2
1775350293,14,84,0,0,0,0,no_volume,0,0,0,0,no_volume,0,0,0,0,no_volume,0,0,0,55,0,55,21007,8090,-0.4439,0,-31,24,12,16,14,2
1775350294,14,84,0,0,0,0,no_volume,0,0,0,0,no_volume,0,0,0,0,no_volume,0,0,0,55,0,55,21007,8090,-0.4439,0,-21,24,12,16,14,2
1775350295,14,84,0,0,0,0,no_volume,0,0,0,0,no_volume,0,0,0,0,no_volume,0,0,0,55,0,55,21007,8086,-0.4441,0,-612,24,12,16,14,2
1775350296,14,84,0,0,0,0,no_volume,0,0,0,0,no_volume,0,0,0,0,no_volume,0,0,0,55,0,55,21289,8380,-0.4351,282,-359,24,12,16,14,2
1775350297,14,84,0,0,0,0,no_volume,0,0,0,0,no_volume,0,0,0,0,no_volume,0,0,0,55,0,55,21289,8380,-0.4351,282,272,24,12,16,14,2
1775350298,14,84,0,0,0,0,no_volume,0,0,0,0,no_volume,0,0,0,0,no_volume,0,0,0,55,0,55,21007,8086,-0.4441,0,-806,24,12,16,14,2
1775350299,14,84,0,0,0,0,no_volume,0,0,0,0,no_volume,0,0,0,0,no_volume,0,0,0,55,0,55,21007,8086,-0.4441,-282,-821,24,12,16,14,2
1775350300,14,84,0,0,0,0,no_volume,0,0,0,0,no_volume,0,0,0,0,no_volume,0,0,0,55,0,55,21007,8086,-0.4441,-282,0,24,12,16,14,2
1775350301,14,84,0,0,0,0,no_volume,0,0,0,0,no_volume,0,0,0,0,no_volume,0,0,0,55,0,55,21007,8086,-0.4441,0,0,24,12,16,14,2
1775350302,14,84,0,0,0,0,no_volume,0,0,0,0,no_volume,0,0,0,0,no_volume,0,0,0,55,0,55,21007,8086,-0.4441,0,0,24,12,16,14,2
1775350303,14,84,0,0,0,0,no_volume,0,0,0,0,no_volume,0,0,0,0,no_volume,0,0,0,55,0,55,21007,8086,-0.4441,0,0,24,12,16,14,2
1775350304,14,84,0,0,0,0,no_volume,0,0,0,0,no_volume,0,0,0,0,no_volume,0,0,0,55,0,55,21007,8090,-0.4439,0,0,24,12,16,14,2
1775350305,14,84,0,0,0,0,no_volume,0,0,0,0,no_volume,0,0,0,0,no_volume,0,0,0,55,0,55,21007,8090,-0.4439,0,0,24,12,16,14,2
1775350306,14,84,0,0,0,0,no_volume,0,0,0,0,no_volume,0,0,0,0,no_volume,0,0,0,55,0,55,22315,8400,-0.453,1308,1026,26,12,16,14,2
1775350307,14,84,0,0,0,0,no_volume,0,0,0,0,no_volume,0,0,0,0,no_volume,0,0,0,55,0,55,23375,8400,-0.4713,2368,2086,27,12,16,14,2
1775350308,14,84,0,0,0,0,no_volume,0,0,0,0,no_volume,0,0,0,0,no_volume,0,0,0,55,0,55,23067,8090,-0.4807,2060,2060,26,12,16,14,2
1775350309,14,84,0,0,0,0,no_volume,0,0,0,0,no_volume,0,0,0,0,no_volume,0,0,0,55,0,55,23149,8090,-0.4821,834,2142,27,12,16,14,2
1775350310,14,84,0,0,0,0,no_volume,0,0,0,0,no_volume,0,0,0,0,no_volume,0,0,0,55,0,55,23649,8090,-0.4902,274,2642,27,12,16,14,2
1775350311,14,84,0,0,0,0,no_volume,0,0,0,0,no_volume,0,0,0,0,no_volume,0,0,0,55,0,55,23437,8490,-0.4682,370,2430,26,12,16,14,2
1775350312,14,84,0,0,0,0,no_volume,0,0,0,0,no_volume,0,0,0,0,no_volume,0,0,0,0,0,0,23616,8090,-0.4897,467,2609,27,12,16,14,2
1775350313,14,84,0,0,0,0,no_volume,0,0,0,0,no_volume,0,0,0,0,no_volume,0,0,0,0,0,0,23029,8090,-0.4801,-620,2022,26,12,16,14,2
1775350314,14,84,0,0,0,0,no_volume,0,0,0,0,no_volume,0,0,0,0,no_volume,0,0,0,0,0,0,23573,8090,-0.489,136,2566,27,12,16,14,2
1775350315,14,84,0,0,0,0,no_volume,0,0,0,0,no_volume,0,0,0,0,no_volume,0,0,0,0,0,0,23853,8378,-0.4801,237,2846,27,12,16,14,2
1775350316,14,84,0,0,0,0,no_volume,0,0,0,0,no_volume,0,0,0,0,no_volume,0,0,0,0,0,0,23998,8378,-0.4825,969,1683,28,12,16,14,2
1775350317,14,84,0,111,0,111,low_activity,0,111,0,111,low_activity,0,111,0,111,low_activity,113,0,113,113,0,113,22790,8094,-0.4758,-783,-585,26,12,16,14,2
1775350318,14,84,0,111,0,111,low_activity,0,111,0,111,low_activity,0,111,0,111,low_activity,0,0,0,113,0,113,23321,8094,-0.4847,-532,254,27,12,16,14,2
1775350319,14,84,0,111,0,111,low_activity,0,111,0,111,low_activity,0,111,0,111,low_activity,0,0,0,113,0,113,22790,8094,-0.4758,-1208,-359,26,12,16,14,2
1775350320,16,83,0,0,0,0,no_volume,0,111,0,111,low_activity,0,111,0,111,low_activity,0,0,0,113,0,113,22811,9873,-0.3959,21,-838,26,14,17,16,1
1775350321,16,83,0,0,0,0,no_volume,0,111,0,111,low_activity,0,111,0,111,low_activity,0,0,0,113,0,113,22912,10169,-0.3852,-409,-525,26,14,17,16,1
1775350322,16,83,0,0,0,0,no_volume,0,0,0,0,no_volume,0,111,0,111,low_activity,0,0,0,113,0,113,23489,10532,-0.3809,699,-127,26,14,17,16,1
1775350323,16,83,0,0,0,0,no_volume,0,0,0,0,no_volume,0,111,0,111,low_activity,0,0,0,113,0,113,23489,10532,-0.3809,678,460,26,14,17,16,1
1775350324,16,83,0,0,0,0,no_volume,0,0,0,0,no_volume,0,111,0,111,low_activity,0,0,0,113,0,113,23516,10350,-0.3888,604,-57,25,14,17,16,1
1775350325,16,83,0,0,0,0,no_volume,0,0,0,0,no_volume,0,111,0,111,low_activity,0,0,0,113,0,113,23506,10494,-0.3827,17,-347,25,14,17,16,1
1775350326,16,83,0,0,0,0,no_volume,0,0,0,0,no_volume,0,111,0,111,low_activity,0,0,0,113,0,113,23678,10623,-0.3806,189,-320,25,14,17,16,1
1775350327,16,83,0,0,0,0,no_volume,0,0,0,0,no_volume,0,111,0,111,low_activity,0,0,0,113,0,113,18669,6144,-0.5048,-4847,-4121,24,14,17,16,1
1775350328,16,83,0,0,0,0,no_volume,0,0,0,0,no_volume,0,111,0,111,low_activity,0,0,0,113,0,113,22771,10313,-0.3766,-735,-550,26,14,17,16,1
1775350329,16,83,0,0,0,0,no_volume,0,0,0,0,no_volume,0,111,0,111,low_activity,0,0,0,113,0,113,23791,10710,-0.3791,113,1001,26,14,17,16,1
1775350330,16,83,0,0,0,0,no_volume,0,0,0,0,no_volume,0,111,0,111,low_activity,0,0,0,113,0,113,23791,10710,-0.3791,5122,980,26,14,17,16,1
1775350331,16,83,0,0,0,0,no_volume,0,0,0,0,no_volume,0,111,0,111,low_activity,0,0,0,113,0,113,23271,10313,-0.3858,500,359,26,14,17,16,1
1775350332,16,83,0,0,0,0,no_volume,0,0,0,0,no_volume,0,111,0,111,low_activity,0,0,0,113,0,113,23845,10712,-0.38,54,356,26,14,17,16,1
1775350333,16,83,0,0,0,0,no_volume,0,0,0,0,no_volume,0,111,0,111,low_activity,0,0,0,113,0,113,24172,11001,-0.3745,381,683,26,14,17,16,1
1775350334,16,83,0,0,0,0,no_volume,0,0,0,0,no_volume,0,111,0,111,low_activity,0,0,0,113,0,113,23598,10482,-0.3849,327,82,26,14,17,16,1
1775350335,16,83,0,0,0,0,no_volume,0,0,0,0,no_volume,0,111,0,111,low_activity,0,0,0,113,0,113,23679,10603,-0.3814,-166,173,25,14,17,16,1
1775350336,16,83,0,0,0,0,no_volume,0,0,0,0,no_volume,0,111,0,111,low_activity,0,0,0,113,0,113,18820,6244,-0.5018,-5352,-4858,25,14,17,16,1
1775350337,16,83,0,0,0,0,no_volume,0,0,0,0,no_volume,0,111,0,111,low_activity,0,0,0,113,0,113,18292,6244,-0.491,-5306,-377,25,14,17,16,1
1775350338,16,83,0,0,0,0,no_volume,0,0,0,0,no_volume,0,111,0,111,low_activity,0,0,0,113,0,113,18292,6244,-0.491,-5387,-4479,25,14,17,16,1
1775350339,16,83,0,0,0,0,no_volume,0,0,0,0,no_volume,0,111,0,111,low_activity,0,0,0,113,0,113,18792,5834,-0.5262,-28,-4999,25,14,17,16,1
1775350340,16,83,0,0,0,0,no_volume,0,0,0,0,no_volume,0,111,0,111,low_activity,0,0,0,113,0,113,18936,6548,-0.4861,644,-4855,25,14,17,16,1
1775350341,16,83,0,130,0,130,low_activity,0,130,0,130,low_activity,0,241,0,241,low_activity,130,0,130,243,0,243,18765,6548,-0.4826,473,-4506,25,14,17,16,1
1775350342,16,83,0,130,0,130,low_activity,0,130,0,130,low_activity,0,241,0,241,low_activity,0,0,0,243,0,243,18442,5834,-0.5194,-350,-5403,25,14,17,16,1
1775350343,16,82,0,130,0,130,low_activity,0,130,0,130,low_activity,0,241,0,241,low_activity,0,0,0,243,0,243,19034,6231,-0.5067,98,-5138,25,14,18,16,2
1775350344,16,82,0,0,0,0,no_volume,0,130,0,130,low_activity,0,241,0,241,low_activity,0,0,0,243,0,243,19034,6231,-0.5067,269,-4564,25,14,18,16,2
1775350345,16,82,0,0,0,0,no_volume,0,130,0,130,low_activity,0,241,0,241,low_activity,0,0,0,243,0,243,18472,5834,-0.52,30,-5207,24,14,18,16,2
1775350346,16,83,0,0,0,0,no_volume,0,0,0,0,no_volume,0,241,0,241,low_activity,0,0,0,243,0,243,18444,5834,-0.5194,-590,-376,25,14,17,16,1
1775350347,16,83,0,0,0,0,no_volume,0,0,0,0,no_volume,0,130,0,130,low_activity,0,0,0,243,0,243,18980,6265,-0.5037,-54,688,25,14,17,16,1
1775350348,16,83,0,0,14,14,low_activity,0,0,14,14,low_activity,0,130,14,144,low_activity,0,14,14,243,14,257,18978,6223,-0.5061,506,686,25,14,17,16,1
1775350349,16,83,0,0,14,14,low_activity,0,0,14,14,low_activity,0,130,14,144,low_activity,0,0,0,243,14,257,18442,5880,-0.5165,-2,-350,25,14,17,16,1
1775350350,16,83,0,0,14,14,low_activity,0,0,14,14,low_activity,0,130,14,144,low_activity,0,0,0,243,14,257,18731,6181,-0.5038,-249,-205,25,14,17,16,1
1775350351,16,83,0,0,0,0,no_volume,0,0,14,14,low_activity,0,130,14,144,low_activity,0,0,0,243,14,257,19008,6310,-0.5015,30,243,25,14,17,16,1
1775350352,16,83,0,0,0,0,no_volume,0,0,14,14,low_activity,0,130,14,144,low_activity,0,0,0,243,14,257,18888,6310,-0.4992,446,446,24,14,17,16,1
1775350353,16,82,0,0,0,0,no_volume,0,0,0,0,no_volume,0,130,14,144,low_activity,0,0,0,243,14,257,14391,10359,-0.1629,-4340,-4643,24,14,18,16,2
1775350354,16,82,0,0,0,0,no_volume,0,0,0,0,no_volume,0,130,14,144,low_activity,0,0,0,243,14,257,18423,10764,-0.2624,-585,-611,25,14,18,16,2
1775350355,16,83,0,0,0,0,no_volume,0,0,0,0,no_volume,0,130,14,144,low_activity,0,0,0,243,14,257,19491,10764,-0.2884,603,1019,27,14,17,16,1
1775350356,16,83,0,0,0,0,no_volume,0,0,0,0,no_volume,0,130,14,144,low_activity,0,0,0,243,14,257,19453,10359,-0.305,5062,1009,27,14,17,16,1
1775350357,16,83,0,0,0,0,no_volume,0,0,0,0,no_volume,0,130,14,144,low_activity,0,0,0,243,14,257,19519,10778,-0.2885,1096,539,27,14,17,16,1
1775350358,16,83,0,0,0,0,no_volume,0,0,0,0,no_volume,0,130,14,144,low_activity,0,0,0,243,14,257,19862,11087,-0.2835,371,884,29,14,17,16,1
1775350359,16,83,0,0,0,0,no_volume,0,0,0,0,no_volume,0,130,14,144,low_activity,0,0,0,243,14,257,19371,10668,-0.2897,-82,929,29,14,17,16,1
1775350360,16,83,0,0,0,0,no_volume,0,0,0,0,no_volume,0,130,14,144,low_activity,0,0,0,243,14,257,19554,10635,-0.2954,35,823,28,14,17,16,1
1775350361,16,83,0,0,0,0,no_volume,0,0,0,0,no_volume,0,130,14,144,low_activity,0,0,0,243,14,257,19554,10635,-0.2954,-308,546,28,14,17,16,1
1775350362,16,83,0,0,0,0,no_volume,0,0,0,0,no_volume,0,130,14,144,low_activity,0,0,0,243,14,257,19098,10239,-0.302,-273,210,28,14,17,16,1
1775350363,16,83,0,0,0,0,no_volume,0,0,0,0,no_volume,0,130,14,144,low_activity,0,0,0,243,14,257,19624,10654,-0.2963,70,5233,28,14,17,16,1
1775350364,16,83,0,0,0,0,no_volume,0,0,0,0,no_volume,0,130,14,144,low_activity,0,0,0,243,14,257,19624,12682,-0.2149,70,1201,28,14,17,16,1
1775350365,16,83,0,0,0,0,no_volume,0,0,0,0,no_volume,0,130,14,144,low_activity,0,0,0,243,14,257,18857,12267,-0.2117,-241,-634,28,14,17,16,1
1775350366,16,83,0,0,0,0,no_volume,0,0,0,0,no_volume,0,130,14,144,low_activity,0,0,0,243,14,257,19356,12701,-0.2076,-268,-97,28,14,17,16,1
1775350367,16,83,0,0,0,0,no_volume,0,0,0,0,no_volume,0,130,14,144,low_activity,0,0,0,243,14,257,19571,12989,-0.2021,-53,52,28,14,17,16,1
1775350368,16,83,0,0,0,0,no_volume,0,0,0,0,no_volume,0,130,14,144,low_activity,0,0,0,243,14,257,19071,12555,-0.206,214,-791,28,14,17,16,1
1775350369,16,83,0,0,0,0,no_volume,0,0,0,0,no_volume,0,130,14,144,low_activity,0,0,0,243,14,257,19071,12267,-0.2171,-285,-300,28,14,17,16,1
1775350370,16,83,0,0,0,0,no_volume,0,0,0,0,no_volume,0,130,14,144,low_activity,0,0,0,243,14,257,19585,12327,-0.2274,14,31,28,14,17,16,1
1775350371,16,83,0,0,0,0,no_volume,0,0,0,0,no_volume,0,0,14,14,low_activity,0,0,0,243,14,257,19465,12327,-0.2245,394,-89,28,14,17,16,1
1775350372,16,83,0,0,0,0,no_volume,0,0,0,0,no_volume,0,0,14,14,low_activity,0,0,0,243,14,257,18951,12327,-0.2118,-120,-147,28,14,17,16,1
1775350373,16,83,0,0,0,0,no_volume,0,0,0,0,no_volume,0,0,14,14,low_activity,0,0,0,243,14,257,18951,12327,-0.2118,-634,-673,28,14,17,16,1
1775350374,16,83,0,0,0,0,no_volume,0,0,0,0,no_volume,0,0,14,14,low_activity,0,0,0,243,14,257,18951,12327,-0.2118,-514,-673,28,14,17,16,1
1775350375,16,83,0,0,0,0,no_volume,0,0,0,0,no_volume,0,0,14,14,low_activity,0,0,0,243,14,257,18951,12327,-0.2118,0,94,28,14,17,16,1
1775350376,16,83,0,0,0,0,no_volume,0,0,0,0,no_volume,0,0,14,14,low_activity,0,0,0,243,14,257,18951,12633,-0.2,0,-405,28,14,17,16,1
1775350377,16,83,0,0,0,0,no_volume,0,0,0,0,no_volume,0,0,14,14,low_activity,0,0,0,130,14,144,18951,12633,-0.2,0,-620,28,14,17,16,1
1775350378,16,83,0,0,0,0,no_volume,0,0,0,0,no_volume,0,0,0,0,no_volume,0,0,0,130,14,144,18951,12327,-0.2118,0,-120,28,14,17,16,1
1775350379,16,83,0,0,0,0,no_volume,0,0,0,0,no_volume,0,0,0,0,no_volume,0,0,0,130,14,144,18951,12327,-0.2118,0,-120,28,14,17,16,1
1775350380,16,83,0,0,0,0,no_volume,0,0,0,0,no_volume,0,0,0,0,no_volume,0,0,0,130,14,144,18951,12327,-0.2118,0,-634,28,14,17,16,1
1775350381,16,83,0,0,0,0,no_volume,0,0,0,0,no_volume,0,0,0,0,no_volume,0,0,0,130,14,144,18951,12327,-0.2118,0,-514,28,14,17,16,1
1775350382,16,83,0,0,0,0,no_volume,0,0,0,0,no_volume,0,0,0,0,no_volume,0,0,0,130,14,144,18951,12327,-0.2118,0,0,28,14,17,16,1
1775350383,16,83,0,0,0,0,no_volume,0,0,0,0,no_volume,0,0,0,0,no_volume,0,0,0,130,14,144,18951,12327,-0.2118,0,0,28,14,17,16,1
1775350384,16,83,0,0,0,0,no_volume,0,0,0,0,no_volume,0,0,0,0,no_volume,0,0,0,130,14,144,18951,12648,-0.1995,0,0,28,14,17,16,1
1775350385,16,83,0,0,0,0,no_volume,0,0,0,0,no_volume,0,0,0,0,no_volume,0,0,0,130,14,144,18951,12648,-0.1995,0,0,28,14,17,16,1
1775350386,16,83,0,0,0,0,no_volume,0,0,0,0,no_volume,0,0,0,0,no_volume,0,0,0,130,14,144,18951,12327,-0.2118,0,0,28,14,17,16,1
1775350387,16,83,0,0,0,0,no_volume,0,0,0,0,no_volume,0,0,0,0,no_volume,0,0,0,130,14,144,18951,12327,-0.2118,0,0,28,14,17,16,1
1775350388,16,83,0,0,0,0,no_volume,0,0,0,0,no_volume,0,0,0,0,no_volume,0,0,0,130,14,144,18951,12327,-0.2118,0,0,28,14,17,16,1
1775350389,16,83,0,0,0,0,no_volume,0,0,0,0,no_volume,0,0,0,0,no_volume,0,0,0,130,14,144,18951,12327,-0.2118,0,0,28,14,17,16,1
1775350390,16,83,0,0,0,0,no_volume,0,0,0,0,no_volume,0,0,0,0,no_volume,0,0,0,130,14,144,18951,12327,-0.2118,0,0,28,14,17,16,1
1775350391,16,83,0,0,0,0,no_volume,0,0,0,0,no_volume,0,0,0,0,no_volume,0,0,0,130,14,144,18951,12632,-0.2001,0,0,28,14,17,16,1
1775350392,16,83,0,0,0,0,no_volume,0,0,0,0,no_volume,0,0,0,0,no_volume,0,0,0,130,14,144,18951,12632,-0.2001,0,0,28,14,17,16,1
1775350393,16,83,0,0,0,0,no_volume,0,0,0,0,no_volume,0,0,0,0,no_volume,0,0,0,130,14,144,18951,12327,-0.2118,0,0,28,14,17,16,1
1775350394,16,83,0,0,0,0,no_volume,0,0,0,0,no_volume,0,0,0,0,no_volume,0,0,0,130,14,144,18951,12327,-0.2118,0,0,28,14,17,16,1
1775350395,16,83,0,0,0,0,no_volume,0,0,0,0,no_volume,0,0,0,0,no_volume,0,0,0,130,14,144,18951,12327,-0.2118,0,0,28,14,17,16,1
1775350396,16,83,0,0,0,0,no_volume,0,0,0,0,no_volume,0,0,0,0,no_volume,0,0,0,130,14,144,13869,7848,-0.2772,-5082,-5082,24,14,17,16,1
1775350397,16,83,0,0,0,0,no_volume,0,0,0,0,no_volume,0,0,0,0,no_volume,0,0,0,130,14,144,18348,12327,-0.1963,-603,-603,25,14,17,16,1
1775350398,16,83,0,0,0,0,no_volume,0,0,0,0,no_volume,0,0,0,0,no_volume,0,0,0,130,14,144,13912,7848,-0.2787,-5039,-5039,25,14,17,16,1
1775350399,16,83,0,0,0,0,no_volume,0,0,0,0,no_volume,0,0,0,0,no_volume,0,0,0,130,14,144,14028,8153,-0.2649,159,-4923,25,14,17,16,1
1775350400,16,83,0,0,0,0,no_volume,0,0,0,0,no_volume,0,0,0,0,no_volume,0,0,0,130,14,144,18627,12953,-0.1797,279,-324,26,14,17,16,1
1775350401,16,83,0,0,0,0,no_volume,0,0,0,0,no_volume,0,0,0,0,no_volume,0,0,0,0,14,14,19127,12632,-0.2045,5215,176,27,14,17,16,1
1775350402,16,83,0,0,0,0,no_volume,0,0,0,0,no_volume,0,0,0,0,no_volume,0,0,0,0,14,14,19127,12632,-0.2045,5099,176,27,14,17,16,1
1775350403,16,83,0,0,0,0,no_volume,0,0,0,0,no_volume,0,0,0,0,no_volume,0,0,0,0,14,14,19127,12632,-0.2045,500,176,27,14,17,16,1
1775350404,16,83,0,0,0,0,no_volume,0,0,0,0,no_volume,0,0,0,0,no_volume,0,0,0,0,14,14,19127,12632,-0.2045,0,176,27,14,17,16,1
1775350405,16,83,0,0,0,0,no_volume,0,0,0,0,no_volume,0,0,0,0,no_volume,0,0,0,0,14,14,19127,12632,-0.2045,0,176,27,14,17,16,1
1775350406,16,83,0,0,0,0,no_volume,0,0,0,0,no_volume,0,0,0,0,no_volume,0,0,0,0,14,14,19127,12632,-0.2045,0,5258,27,14,17,16,1
1775350407,16,83,0,0,0,0,no_volume,0,0,0,0,no_volume,0,0,0,0,no_volume,0,0,0,0,14,14,19567,12632,-0.2154,440,1219,27,14,17,16,1
1775350408,16,83,0,0,0,0,no_volume,0,0,0,0,no_volume,0,0,0,0,no_volume,0,0,0,0,0,0,20067,13355,-0.2008,940,6155,27,14,17,16,1
1775350409,16,83,0,0,0,0,no_volume,0,0,0,0,no_volume,0,0,0,0,no_volume,0,0,0,0,0,0,20072,13355,-0.2009,945,6044,27,14,17,16,1
1775350410,16,83,0,0,0,0,no_volume,0,0,0,0,no_volume,0,0,0,0,no_volume,0,0,0,0,0,0,20072,13072,-0.2112,505,1445,27,14,17,16,1
1775350411,16,83,0,0,0,0,no_volume,0,0,0,0,no_volume,0,0,0,0,no_volume,0,0,0,0,0,0,20072,13072,-0.2112,5,945,27,14,17,16,1
1775350412,16,83,0,0,0,0,no_volume,0,0,0,0,no_volume,0,0,0,0,no_volume,0,0,0,0,0,0,20072,13072,-0.2112,0,945,27,14,17,16,1
1775350413,16,83,0,0,0,0,no_volume,0,0,0,0,no_volume,0,0,0,0,no_volume,0,0,0,0,0,0,20072,13072,-0.2112,0,945,27,14,17,16,1
1775350414,16,83,0,0,0,0,no_volume,0,0,0,0,no_volume,0,0,0,0,no_volume,0,0,0,0,0,0,20072,13072,-0.2112,0,945,27,14,17,16,1
1775350415,16,83,0,0,0,0,no_volume,0,0,0,0,no_volume,0,0,0,0,no_volume,0,0,0,0,0,0,19952,13072,-0.2083,-120,825,27,14,17,16,1
1775350416,16,83,0,0,0,0,no_volume,0,0,0,0,no_volume,0,0,0,0,no_volume,0,0,0,0,0,0,19952,13072,-0.2083,-120,825,27,14,17,16,1
1775350417,16,83,0,0,0,0,no_volume,0,0,0,0,no_volume,0,0,0,0,no_volume,0,0,0,0,0,0,17866,13390,-0.1432,-2206,-1701,28,14,17,16,1
1775350418,16,83,0,0,0,0,no_volume,0,0,0,0,no_volume,0,0,0,0,no_volume,0,0,0,0,0,0,17866,13390,-0.1432,-2086,-2201,28,14,17,16,1
1775350419,16,83,0,0,0,0,no_volume,0,0,0,0,no_volume,0,0,0,0,no_volume,0,0,0,0,0,0,16621,12327,-0.1483,-3331,-3451,28,14,17,16,1
1775350420,16,83,0,0,0,0,no_volume,0,0,0,0,no_volume,0,0,0,0,no_volume,0,0,0,0,0,0,16621,12327,-0.1483,-1245,-3451,28,14,17,16,1
1775350421,16,83,0,0,0,0,no_volume,0,0,0,0,no_volume,0,0,0,0,no_volume,0,0,0,0,0,0,16621,12327,-0.1483,-1245,-3451,28,14,17,16,1
1775350422,16,83,0,0,0,0,no_volume,0,0,0,0,no_volume,0,0,0,0,no_volume,0,0,0,0,0,0,10146,8593,-0.0829,-6475,-9926,25,14,17,16,1
1775350423,16,83,0,0,0,0,no_volume,0,0,0,0,no_volume,0,0,0,0,no_volume,0,0,0,0,0,0,10707,8968,-0.0884,-5914,-9365,27,14,17,16,1
1775350424,16,83,0,0,0,0,no_volume,0,0,0,0,no_volume,0,0,0,0,no_volume,0,0,0,0,0,0,14841,13447,-0.0493,-1780,-5231,27,14,17,16,1
1775350425,16,83,0,0,0,0,no_volume,0,0,0,0,no_volume,0,0,0,0,no_volume,0,0,0,0,0,0,15323,13072,-0.0793,5177,-4629,27,14,17,16,1
1775350426,16,83,0,0,0,0,no_volume,0,0,0,0,no_volume,0,0,0,0,no_volume,0,0,0,0,0,0,17543,13762,-0.1208,6836,-2409,28,14,17,16,1
1775350427,16,82,0,0,0,0,no_volume,0,0,0,0,no_volume,0,0,0,0,no_volume,0,0,0,0,0,0,18033,13762,-0.1343,3192,167,28,14,18,16,2
1775350428,16,82,0,0,0,0,no_volume,0,0,0,0,no_volume,0,0,0,0,no_volume,0,0,0,0,0,0,16930,13097,-0.1277,1607,-936,28,14,18,16,2
1775350429,16,82,0,0,0,0,no_volume,0,0,0,0,no_volume,0,0,0,0,no_volume,0,0,0,0,0,0,17501,13467,-0.1303,-42,880,29,14,18,16,2
1775350430,16,82,0,0,0,0,no_volume,0,0,0,0,no_volume,0,0,0,0,no_volume,0,0,0,0,0,0,17544,13442,-0.1324,-489,923,30,13,18,16,2
1775350431,16,82,0,0,0,0,no_volume,0,0,0,0,no_volume,0,0,0,0,no_volume,0,0,0,0,0,0,16998,13072,-0.1306,68,377,29,13,18,16,2
1775350432,16,82,0,0,0,0,no_volume,0,0,0,0,no_volume,0,0,0,0,no_volume,0,0,0,0,0,0,16998,13072,-0.1306,-503,6852,29,13,18,16,2
1775350433,16,82,0,0,0,0,no_volume,0,0,0,0,no_volume,0,0,0,0,no_volume,0,0,0,0,0,0,16348,13072,-0.1114,-1196,5641,28,13,18,16,2
1775350434,16,82,0,0,0,0,no_volume,0,0,0,0,no_volume,0,0,0,0,no_volume,0,0,0,0,0,0,17851,13469,-0.1399,853,3010,30,13,18,16,2
1775350435,16,82,0,0,0,0,no_volume,0,0,0,0,no_volume,0,0,0,0,no_volume,0,0,0,0,0,0,19277,13760,-0.167,2279,3954,31,13,18,16,2
1775350436,16,82,0,0,0,0,no_volume,0,0,0,0,no_volume,0,0,0,0,no_volume,0,0,0,0,0,0,18689,13363,-0.1662,2341,1146,29,13,18,16,2
1775350437,16,82,0,0,0,0,no_volume,0,0,0,0,no_volume,0,0,0,0,no_volume,0,0,0,0,0,0,18407,13072,-0.1695,556,374,28,13,18,16,2
1775350438,16,82,0,0,0,0,no_volume,0,0,0,0,no_volume,0,0,0,0,no_volume,0,0,0,0,0,0,18407,13072,-0.1695,-870,1477,28,13,18,16,2
1775350439,16,82,0,0,0,0,no_volume,0,0,0,0,no_volume,0,0,0,0,no_volume,0,0,0,0,0,0,18922,13466,-0.1685,233,1421,29,13,18,16,2
1775350440,16,82,0,0,0,0,no_volume,0,0,0,0,no_volume,0,0,0,0,no_volume,0,0,0,0,0,0,18922,13466,-0.1685,515,1378,29,13,18,16,2
1775350441,16,82,0,0,0,0,no_volume,0,0,0,0,no_volume,0,0,0,0,no_volume,0,0,0,0,0,0,18407,13072,-0.1695,0,1409,28,13,18,16,2
1775350442,16,82,0,0,0,0,no_volume,0,0,0,0,no_volume,0,0,0,0,no_volume,0,0,0,0,0,0,18407,13072,-0.1695,-515,1409,28,13,18,16,2
1775350443,16,82,0,0,0,0,no_volume,0,0,0,0,no_volume,0,0,0,0,no_volume,0,0,0,0,0,0,18963,13446,-0.1702,41,2615,29,13,18,16,2
1775350444,16,82,0,0,0,0,no_volume,0,0,0,0,no_volume,0,0,0,0,no_volume,0,0,0,0,0,0,19271,13739,-0.1676,864,1420,30,13,18,16,2
1775350445,16,82,0,0,0,0,no_volume,0,0,0,0,no_volume,0,0,0,0,no_volume,0,0,0,0,0,0,18715,13365,-0.1668,308,-562,29,13,18,16,2
1775350446,16,82,0,0,0,0,no_volume,0,0,0,0,no_volume,0,0,0,0,no_volume,0,0,0,0,0,0,18981,13072,-0.1844,18,292,29,13,18,16,2
1775350447,16,82,0,0,0,0,no_volume,0,0,0,0,no_volume,0,0,0,0,no_volume,0,0,0,0,0,0,18981,13072,-0.1844,-290,574,29,13,18,16,2
1775350448,16,82,0,0,0,0,no_volume,0,0,0,0,no_volume,0,0,0,0,no_volume,0,0,0,0,0,0,18407,13072,-0.1695,-308,0,28,13,18,16,2
1775350449,16,82,0,0,0,0,no_volume,0,0,0,0,no_volume,0,0,0,0,no_volume,0,0,0,0,0,0,18407,13072,-0.1695,-574,-515,28,13,18,16,2
1775350450,16,82,0,0,0,0,no_volume,0,0,0,0,no_volume,0,0,0,0,no_volume,0,0,0,0,0,0,18407,13072,-0.1695,-574,-515,28,13,18,16,2
1775350451,16,82,0,0,0,0,no_volume,0,0,0,0,no_volume,0,0,0,0,no_volume,0,0,0,0,0,0,18431,13072,-0.1701,24,24,28,13,18,16,2
1775350452,16,82,0,0,0,0,no_volume,0,0,0,0,no_volume,0,0,0,0,no_volume,0,0,0,0,0,0,18716,13072,-0.1776,309,309,29,13,18,16,2
1775350453,16,82,0,0,0,0,no_volume,0,0,0,0,no_volume,0,0,0,0,no_volume,0,0,0,0,0,0,18716,13072,-0.1776,309,-247,29,13,18,16,2
1775350454,16,82,0,0,0,0,no_volume,0,0,0,0,no_volume,0,0,0,0,no_volume,0,0,0,0,0,0,17162,12327,-0.164,-1269,-2109,28,13,18,16,2
1775350455,16,82,0,0,0,0,no_volume,0,0,0,0,no_volume,0,0,0,0,no_volume,0,0,0,0,0,0,11083,8229,-0.1478,-7633,-7632,25,13,18,16,2
1775350456,16,81,0,0,0,0,no_volume,0,0,0,0,no_volume,0,0,0,0,no_volume,0,0,0,0,0,0,10989,8229,-0.1436,-7727,-7992,24,13,19,16,3
1775350457,16,81,0,0,0,0,no_volume,0,0,0,0,no_volume,0,0,0,0,no_volume,0,0,0,0,0,0,10176,7848,-0.1292,-6986,-8805,24,13,19,16,3
1775350458,16,82,0,0,0,0,no_volume,0,0,0,0,no_volume,0,0,0,0,no_volume,0,0,0,0,0,0,10875,8208,-0.1398,-208,-7532,27,13,18,16,2
1775350459,16,82,0,0,0,0,no_volume,0,0,0,0,no_volume,0,0,0,0,no_volume,0,0,0,0,0,0,10779,8208,-0.1354,-210,-7628,26,13,18,16,2
1775350460,16,82,0,0,0,0,no_volume,0,0,0,0,no_volume,0,0,0,0,no_volume,0,0,0,0,0,0,15719,12327,-0.1209,5543,-2688,27,13,18,16,2
1775350461,16,82,0,0,0,0,no_volume,0,0,0,0,no_volume,0,0,0,0,no_volume,0,0,0,0,0,0,17223,12751,-0.1492,6348,-1208,28,13,18,16,2
1775350462,16,82,0,0,0,0,no_volume,0,0,0,0,no_volume,0,0,0,0,no_volume,0,0,0,0,0,0,18039,12751,-0.1717,7260,-677,30,13,18,16,2
1775350463,16,82,0,0,0,0,no_volume,0,0,0,0,no_volume,0,0,0,0,no_volume,0,0,0,0,0,0,17712,12684,-0.1654,1993,-1004,30,13,18,16,2
1775350464,16,82,0,0,0,0,no_volume,0,0,0,0,no_volume,0,0,0,0,no_volume,0,0,0,0,0,0,17712,12684,-0.1654,489,550,30,13,18,16,2
1775350465,16,82,0,0,0,0,no_volume,0,0,0,0,no_volume,0,0,0,0,no_volume,0,0,0,0,0,0,17219,12327,-0.1656,-820,6136,29,13,18,16,2
1775350466,16,82,0,0,0,0,no_volume,0,0,0,0,no_volume,0,0,0,0,no_volume,0,0,0,0,0,0,17710,12740,-0.1632,-2,6721,30,13,18,16,2
1775350467,16,82,0,0,0,0,no_volume,0,0,0,0,no_volume,0,0,0,0,no_volume,0,0,0,0,0,0,17710,12740,-0.1632,-2,7534,30,13,18,16,2
1775350468,16,82,0,0,0,0,no_volume,0,0,0,0,no_volume,0,0,0,0,no_volume,0,0,0,0,0,0,17219,12327,-0.1656,0,6344,29,13,18,16,2
1775350469,16,82,0,0,0,0,no_volume,0,0,0,0,no_volume,0,0,0,0,no_volume,0,0,0,0,0,0,17746,12687,-0.1662,36,6967,30,13,18,16,2
1775350470,16,82,0,0,0,0,no_volume,0,0,0,0,no_volume,0,0,0,0,no_volume,0,0,0,0,0,0,17686,12687,-0.1646,-24,1967,29,13,18,16,2
1775350471,16,82,0,0,0,0,no_volume,0,0,0,0,no_volume,0,0,0,0,no_volume,0,0,0,0,0,0,17935,12761,-0.1686,716,712,29,13,18,16,2
1775350472,16,82,0,0,0,0,no_volume,0,0,0,0,no_volume,0,0,0,0,no_volume,0,0,0,0,0,0,17935,12761,-0.1686,189,-104,29,13,18,16,2
1775350473,16,82,0,0,0,0,no_volume,0,0,0,0,no_volume,0,0,0,0,no_volume,0,0,0,0,0,0,17133,12327,-0.1631,-553,-579,28,13,18,16,2
1775350474,16,82,0,0,0,0,no_volume,0,0,0,0,no_volume,0,0,0,0,no_volume,0,0,0,0,0,0,16733,13081,-0.1225,-1202,-979,27,13,18,16,2
1775350475,16,82,0,0,0,0,no_volume,0,0,0,0,no_volume,0,0,0,0,no_volume,0,0,0,0,0,0,16205,12327,-0.1359,-1730,-1014,26,13,18,16,2
1775350476,16,82,0,0,0,0,no_volume,0,0,0,0,no_volume,0,0,0,0,no_volume,0,0,0,0,0,0,10745,8249,-0.1314,-6388,-6965,26,13,18,16,2
1775350477,16,81,0,0,0,0,no_volume,0,0,0,0,no_volume,0,0,0,0,no_volume,0,0,0,0,0,0,10745,8339,-0.1261,-5988,-6965,27,13,19,16,3
1775350478,16,80,0,0,0,0,no_volume,0,0,0,0,no_volume,0,0,0,0,no_volume,0,0,0,0,0,0,10160,7938,-0.1228,-6045,-7059,25,13,20,16,4
1775350479,17,79,0,0,0,0,no_volume,0,0,0,0,no_volume,0,0,0,0,no_volume,0,0,0,0,0,0,10285,7818,-0.1363,-460,-7461,27,14,21,17,4
1775350480,17,79,0,0,0,0,no_volume,0,0,0,0,no_volume,0,0,0,0,no_volume,0,0,0,0,0,0,10345,7818,-0.1391,-400,-7341,27,14,21,17,4
1775350481,17,79,0,0,0,0,no_volume,0,0,0,0,no_volume,0,0,0,0,no_volume,0,0,0,0,0,0,11157,8535,-0.1332,997,-6778,29,14,21,17,4
1775350482,17,79,0,0,0,0,no_volume,0,0,0,0,no_volume,0,0,0,0,no_volume,0,0,0,0,0,0,11157,8535,-0.1332,872,-6778,29,14,21,17,4
1775350483,17,80,0,0,0,0,no_volume,0,0,0,0,no_volume,0,0,0,0,no_volume,0,0,0,0,0,0,10255,7818,-0.1348,-90,-6878,27,14,20,17,3
1775350484,17,80,0,0,0,0,no_volume,0,0,0,0,no_volume,0,0,0,0,no_volume,0,0,0,0,0,0,10808,8233,-0.1352,-349,-5925,27,14,20,17,3
1775350485,17,80,0,0,0,0,no_volume,0,0,0,0,no_volume,0,0,0,0,no_volume,0,0,0,0,0,0,10808,8233,-0.1352,-349,-5397,28,14,20,17,3
1775350486,17,80,0,0,0,0,no_volume,0,0,0,0,no_volume,0,0,0,0,no_volume,0,0,0,0,0,0,10345,7818,-0.1391,90,-400,27,14,20,17,3
1775350487,17,80,0,0,0,0,no_volume,0,0,0,0,no_volume,0,0,0,0,no_volume,0,0,0,0,0,0,10345,7818,-0.1391,-463,-400,27,14,20,17,3
1775350488,17,80,0,0,0,0,no_volume,0,0,0,0,no_volume,0,0,0,0,no_volume,0,0,0,0,0,0,10807,8251,-0.1341,-1,647,26,14,20,17,3
1775350489,17,80,0,0,0,0,no_volume,0,0,0,0,no_volume,0,0,0,0,no_volume,0,0,0,0,0,0,10807,8251,-0.1341,462,522,26,14,20,17,3
1775350490,17,80,0,0,0,0,no_volume,0,0,0,0,no_volume,0,0,0,0,no_volume,0,0,0,0,0,0,10580,8101,-0.1327,235,235,26,14,20,17,3
1775350491,16,82,0,0,0,0,no_volume,0,0,0,0,no_volume,0,0,0,0,no_volume,0,0,0,0,0,0,12740,8505,-0.1993,1933,1583,26,13,18,16,2
1775350492,16,82,0,0,0,0,no_volume,0,0,0,0,no_volume,0,0,0,0,no_volume,0,0,0,0,0,0,18923,12701,-0.1967,8116,7766,29,13,18,16,2
1775350493,16,82,0,0,0,0,no_volume,0,0,0,0,no_volume,0,0,0,0,no_volume,0,0,0,0,0,0,19424,12689,-0.2097,8844,9169,28,13,18,16,2
1775350494,16,82,0,0,0,0,no_volume,0,0,0,0,no_volume,0,0,0,0,no_volume,0,0,0,0,0,0,19424,12689,-0.2097,6684,8616,28,13,18,16,2
1775350495,16,82,0,0,0,0,no_volume,0,0,0,0,no_volume,0,0,0,0,no_volume,0,0,0,0,0,0,18891,12267,-0.2126,-32,8083,27,13,18,16,2
1775350496,16,82,0,0,0,0,no_volume,0,0,0,0,no_volume,0,0,0,0,no_volume,0,0,0,0,0,0,18891,12260,-0.2129,-533,8546,27,14,18,16,2
1775350497,16,82,0,0,0,0,no_volume,0,0,0,0,no_volume,0,0,0,0,no_volume,0,0,0,0,0,0,19424,12624,-0.2122,0,9079,28,14,18,16,2
1775350498,16,82,0,0,0,0,no_volume,0,0,0,0,no_volume,0,0,0,0,no_volume,0,0,0,0,0,0,19424,12624,-0.2122,533,8617,28,14,18,16,2
1775350499,16,82,0,0,0,0,no_volume,0,0,0,0,no_volume,0,0,0,0,no_volume,0,0,0,0,0,0,18891,12267,-0.2126,0,8084,27,14,18,16,2
1775350500,16,82,0,0,0,0,no_volume,0,0,0,0,no_volume,0,0,0,0,no_volume,0,0,0,0,0,0,19207,12583,-0.2084,-217,8627,28,14,18,16,2
1775350501,16,82,0,0,0,0,low_activity,0,0,0,0,low_activity,0,0,0,0,low_activity,1,0,1,1,0,1,19146,12981,-0.1919,-278,6406,27,14,18,16,2
1775350502,16,82,0,0,0,0,low_activity,0,0,0,0,low_activity,0,0,0,0,low_activity,0,0,0,1,0,1,19325,12665,-0.2082,434,402,27,14,18,16,2
1775350503,16,82,0,0,0,0,low_activity,0,0,0,0,low_activity,0,0,0,0,low_activity,0,0,0,1,0,1,18810,12267,-0.2105,-397,-614,26,14,18,16,2
1775350504,16,82,0,0,0,0,no_volume,0,0,0,0,low_activity,0,0,0,0,low_activity,0,0,0,1,0,1,18810,12267,-0.2105,-336,-614,26,14,18,16,2
1775350505,16,82,0,0,0,0,no_volume,0,0,0,0,low_activity,0,0,0,0,low_activity,0,0,0,1,0,1,18810,12267,-0.2105,-515,-81,26,14,18,16,2
1775350506,16,82,0,0,0,0,no_volume,0,0,0,0,no_volume,0,0,0,0,low_activity,0,0,0,1,0,1,19292,12673,-0.2071,482,401,27,14,18,16,2
1775350507,16,82,0,0,0,0,no_volume,0,0,0,0,no_volume,0,0,0,0,low_activity,0,0,0,1,0,1,18810,12267,-0.2105,0,-614,26,14,18,16,2
1775350508,16,82,0,0,0,0,no_volume,0,0,0,0,no_volume,0,0,0,0,low_activity,0,0,0,1,0,1,18810,12267,-0.2105,0,-614,26,14,18,16,2
1775350509,16,82,0,0,0,0,no_volume,0,0,0,0,no_volume,0,0,0,0,low_activity,0,0,0,1,0,1,19370,12641,-0.2102,78,479,27,14,18,16,2
1775350510,16,82,0,0,0,0,no_volume,0,0,0,0,no_volume,0,0,0,0,low_activity,0,0,0,1,0,1,19693,12950,-0.2066,883,486,28,14,18,16,2
1775350511,16,82,0,0,0,0,no_volume,0,0,0,0,no_volume,0,0,0,0,low_activity,0,0,0,1,0,1,20417,12576,-0.2377,1607,1271,27,14,18,16,2
1775350512,16,82,0,0,0,0,no_volume,0,0,0,0,no_volume,0,0,0,0,low_activity,0,0,0,1,0,1,20094,13026,-0.2134,724,769,26,14,18,16,2
1775350513,16,82,0,0,0,0,no_volume,0,0,0,0,no_volume,0,0,0,0,low_activity,0,0,0,1,0,1,20094,13026,-0.2134,401,1284,26,14,18,16,2
1775350514,16,82,0,0,0,0,no_volume,0,0,0,0,no_volume,0,0,0,0,low_activity,0,0,0,1,0,1,20094,13026,-0.2134,-323,1284,26,14,18,16,2
1775350515,16,82,0,0,0,0,no_volume,0,0,0,0,no_volume,0,0,0,0,low_activity,0,0,0,1,0,1,20094,13026,-0.2134,0,1284,26,14,18,16,2
1775350516,16,82,0,0,0,0,no_volume,0,0,0,0,no_volume,0,0,0,0,low_activity,0,0,0,1,0,1,20094,13026,-0.2134,0,802,26,14,18,16,2
1775350517,16,82,0,0,0,0,no_volume,0,0,0,0,no_volume,0,0,0,0,low_activity,0,0,0,1,0,1,20098,13026,-0.2135,4,1288,26,14,18,16,2
1775350518,16,82,0,0,0,0,no_volume,0,0,0,0,no_volume,0,0,0,0,low_activity,0,0,0,1,0,1,20419,13299,-0.2112,325,1609,27,14,18,16,2
1775350519,16,82,0,0,0,0,no_volume,0,0,0,0,no_volume,0,0,0,0,low_activity,0,0,0,1,0,1,20419,13299,-0.2112,325,1049,27,14,18,16,2
1775350520,16,82,0,0,0,0,no_volume,0,0,0,0,no_volume,0,0,0,0,low_activity,0,0,0,1,0,1,20098,13026,-0.2135,0,405,26,14,18,16,2
1775350521,16,82,0,0,0,0,no_volume,0,0,0,0,no_volume,0,0,0,0,low_activity,0,0,0,1,0,1,20098,13026,-0.2135,-321,-319,26,14,18,16,2
1775350522,16,82,0,0,0,0,no_volume,0,0,0,0,no_volume,0,0,0,0,low_activity,0,0,0,1,0,1,20098,13026,-0.2135,-321,4,26,14,18,16,2
1775350523,16,82,0,0,0,0,no_volume,0,0,0,0,no_volume,0,0,0,0,low_activity,0,0,0,1,0,1,20098,13026,-0.2135,0,4,26,14,18,16,2
1775350524,16,82,0,0,0,0,no_volume,0,0,0,0,no_volume,0,0,0,0,low_activity,0,0,0,1,0,1,20098,13026,-0.2135,0,4,26,14,18,16,2
1775350525,16,82,0,0,0,0,no_volume,0,0,0,0,no_volume,0,0,0,0,low_activity,0,0,0,1,0,1,19339,13026,-0.1951,-759,-755,26,14,18,16,2
1775350526,16,82,0,0,0,0,no_volume,0,0,0,0,no_volume,0,0,0,0,low_activity,0,0,0,1,0,1,19615,13325,-0.191,-483,-479,27,14,18,16,2
1775350527,16,82,0,0,0,0,no_volume,0,0,0,0,no_volume,0,0,0,0,low_activity,0,0,0,1,0,1,18278,13325,-0.1567,-1820,-1820,28,14,18,16,2
1775350528,16,82,0,0,0,0,no_volume,0,0,0,0,no_volume,0,0,0,0,low_activity,0,0,0,1,0,1,17243,13026,-0.1393,-2096,-3176,27,14,18,16,2
1775350529,16,82,0,0,0,0,no_volume,0,0,0,0,no_volume,0,0,0,0,low_activity,0,0,0,1,0,1,17243,13026,-0.1393,-2372,-3176,27,14,18,16,2
1775350530,16,82,0,0,0,0,no_volume,0,0,0,0,no_volume,0,0,0,0,low_activity,0,0,0,1,0,1,17243,13026,-0.1393,-1035,-2855,27,14,18,16,2
1775350531,16,82,0,0,0,0,no_volume,0,0,0,0,no_volume,0,0,0,0,no_volume,0,0,0,1,0,1,17243,13026,-0.1393,0,-2855,27,14,18,16,2
1775350532,16,82,0,0,0,0,no_volume,0,0,0,0,no_volume,0,0,0,0,no_volume,0,0,0,1,0,1,17243,13026,-0.1393,0,-2855,27,14,18,16,2
1775350533,16,82,0,0,0,0,no_volume,0,0,0,0,no_volume,0,0,0,0,no_volume,0,0,0,1,0,1,17539,13320,-0.1367,296,-2559,28,13,18,16,2
1775350534,16,82,0,0,0,0,no_volume,0,0,0,0,no_volume,0,0,0,0,no_volume,0,0,0,1,0,1,18178,13320,-0.1542,935,-1920,28,13,18,16,2
1775350535,16,82,0,0,0,0,no_volume,0,0,0,0,no_volume,0,0,0,0,no_volume,0,0,0,1,0,1,17502,13050,-0.1457,259,-1837,27,13,18,16,2
1775350536,16,82,0,0,0,0,no_volume,0,0,0,0,no_volume,0,0,0,0,no_volume,0,0,0,1,0,1,18002,13050,-0.1595,463,-1613,27,13,18,16,2
1775350537,16,82,0,0,0,0,no_volume,0,0,0,0,no_volume,0,0,0,0,no_volume,0,0,0,1,0,1,17972,13050,-0.1587,-206,-306,26,13,18,16,2
1775350538,16,82,0,0,0,0,no_volume,0,0,0,0,no_volume,0,0,0,0,no_volume,0,0,0,1,0,1,10493,8571,-0.1008,-7009,-6750,22,13,18,16,2
1775350539,16,82,0,0,0,0,no_volume,0,0,0,0,no_volume,0,0,0,0,no_volume,0,0,0,1,0,1,11066,8940,-0.1063,-6936,-6177,22,13,18,16,2
1775350540,17,82,0,0,0,0,no_volume,0,0,0,0,no_volume,0,0,0,0,no_volume,0,0,0,1,0,1,10946,9699,-0.0604,-7026,-6297,22,14,18,17,1
1775350541,16,82,0,0,0,0,no_volume,0,0,0,0,no_volume,0,0,0,0,no_volume,0,0,0,1,0,1,10272,8136,-0.116,-221,-6971,23,13,18,16,2
1775350542,16,81,0,0,0,0,no_volume,0,0,0,0,no_volume,0,0,0,0,no_volume,0,0,0,1,0,1,10794,8562,-0.1153,-272,-6449,23,13,19,16,3
1775350543,16,81,0,0,0,0,no_volume,0,0,0,0,no_volume,0,0,0,0,no_volume,0,0,0,1,0,1,10500,8238,-0.1207,-446,-7039,24,13,19,16,3
1775350544,16,81,0,0,0,0,no_volume,0,0,0,0,no_volume,0,0,0,0,no_volume,0,0,0,1,0,1,9968,7812,-0.1213,-304,-8210,23,13,19,16,3
1775350545,16,81,0,0,0,0,no_volume,0,0,0,0,no_volume,0,0,0,0,no_volume,0,0,0,1,0,1,10520,8221,-0.1227,-274,-6982,24,13,19,16,3
1775350546,16,81,0,0,0,0,no_volume,0,0,0,0,no_volume,0,0,0,0,no_volume,0,0,0,1,0,1,10520,8221,-0.1227,20,-7482,24,13,19,16,3
1775350547,16,81,0,0,0,0,no_volume,0,0,0,0,no_volume,0,0,0,0,no_volume,0,0,0,1,0,1,10021,7812,-0.1239,53,-7951,22,13,19,16,3
1775350548,16,81,0,0,0,0,no_volume,0,0,0,0,no_volume,0,0,0,0,no_volume,0,0,0,1,0,1,10928,8472,-0.1266,408,435,24,13,19,16,3
1775350549,16,81,0,0,0,0,no_volume,0,0,0,0,no_volume,0,0,0,0,no_volume,0,0,0,1,0,1,10928,8472,-0.1266,408,-138,24,13,19,16,3
1775350550,16,81,0,0,0,0,no_volume,0,0,0,0,no_volume,0,0,0,0,no_volume,0,0,0,1,0,1,10530,8175,-0.1259,509,-416,23,13,19,16,3
1775350551,16,81,0,0,0,0,no_volume,0,0,0,0,no_volume,0,0,0,0,no_volume,0,0,0,1,0,1,10530,8175,-0.1259,-398,258,23,13,19,16,3
1775350552,16,81,0,0,0,0,no_volume,0,0,0,0,no_volume,0,0,0,0,no_volume,0,0,0,1,0,1,9986,7881,-0.1178,-942,-808,22,13,19,16,3
1775350553,16,81,0,0,0,0,no_volume,0,0,0,0,no_volume,0,0,0,0,no_volume,0,0,0,1,0,1,10533,8319,-0.1174,3,33,23,13,19,16,3
1775350554,16,81,0,0,0,0,no_volume,0,0,0,0,no_volume,0,0,0,0,no_volume,0,0,0,1,0,1,10533,8319,-0.1174,3,565,24,13,19,16,3
1775350555,16,81,0,0,0,0,no_volume,0,0,0,0,no_volume,0,0,0,0,no_volume,0,0,0,1,0,1,9986,7902,-0.1165,0,-534,23,13,19,16,3
1775350556,16,81,0,0,0,0,no_volume,0,0,0,0,no_volume,0,0,0,0,no_volume,0,0,0,1,0,1,10494,8310,-0.1161,-39,-26,24,13,19,16,3
1775350557,16,81,0,0,0,0,no_volume,0,0,0,0,no_volume,0,0,0,0,no_volume,0,0,0,1,0,1,10276,8180,-0.1136,-257,255,24,13,19,16,3
1775350558,16,81,0,0,0,0,no_volume,0,0,0,0,no_volume,0,0,0,0,no_volume,0,0,0,1,0,1,10798,8604,-0.1131,812,-130,24,13,19,16,3
1775350559,16,81,0,0,0,0,no_volume,0,0,0,0,no_volume,0,0,0,0,no_volume,0,0,0,1,0,1,10508,8326,-0.1159,14,-420,23,13,19,16,3
1775350560,16,82,0,0,0,0,no_volume,0,0,0,0,no_volume,0,0,0,0,no_volume,0,0,0,1,0,1,11599,7902,-0.1896,1323,1069,22,13,18,16,2
1775350561,16,82,0,0,0,0,no_volume,0,0,0,0,no_volume,0,0,0,0,no_volume,0,0,0,0,0,0,17695,12760,-0.162,6897,7165,25,13,18,16,2
1775350562,16,82,0,0,0,0,no_volume,0,0,0,0,no_volume,0,0,0,0,no_volume,0,0,0,0,0,0,18695,12760,-0.1887,8187,8709,26,13,18,16,2
1775350563,16,82,0,0,0,0,no_volume,0,0,0,0,no_volume,0,0,0,0,no_volume,0,0,0,0,0,0,18637,12381,-0.2017,7038,8104,27,13,18,16,2
1775350564,16,82,0,0,0,0,no_volume,0,0,0,0,no_volume,0,0,0,0,no_volume,0,0,0,0,0,0,19141,12816,-0.1979,1446,8608,28,13,18,16,2
1775350565,16,82,0,0,0,0,no_volume,0,0,0,0,no_volume,0,0,0,0,no_volume,0,0,0,0,0,0,19141,12816,-0.1979,446,9155,28,13,18,16,2
1775350566,16,82,0,0,0,0,no_volume,0,0,0,0,no_volume,0,0,0,0,no_volume,0,0,0,0,0,0,18933,12655,-0.1987,296,8439,28,13,18,16,2
1775350567,16,82,0,0,0,0,no_volume,0,0,0,0,no_volume,0,0,0,0,no_volume,0,0,0,0,0,0,19485,13018,-0.199,344,9209,28,13,18,16,2
1775350568,16,82,0,0,0,0,no_volume,0,0,0,0,no_volume,0,0,0,0,no_volume,0,0,0,0,0,0,18637,12291,-0.2052,-504,7839,27,13,18,16,2
1775350569,16,82,0,0,0,0,no_volume,0,0,0,0,no_volume,0,0,0,0,no_volume,0,0,0,0,0,0,19173,12649,-0.205,240,8665,28,13,18,16,2
1775350570,16,82,0,0,0,0,no_volume,0,0,0,0,no_volume,0,0,0,0,no_volume,0,0,0,0,0,0,19173,12649,-0.205,-312,7574,28,13,18,16,2
1775350571,16,82,0,0,0,0,no_volume,0,0,0,0,no_volume,0,0,0,0,no_volume,0,0,0,0,0,0,14130,12267,-0.0706,-4507,-3565,26,13,18,16,2
1775350572,16,82,0,0,0,0,no_volume,0,0,0,0,no_volume,0,0,0,0,no_volume,0,0,0,0,0,0,10465,4024,-0.4445,-8708,-8230,26,13,18,16,2
1775350573,14,81,0,0,0,0,no_volume,0,0,0,0,no_volume,0,0,0,0,no_volume,0,0,0,0,0,0,10500,3741,-0.4746,-8673,-8137,26,13,19,14,5
1775350574,14,81,0,0,0,0,no_volume,0,0,0,0,no_volume,0,0,0,0,no_volume,0,0,0,0,0,0,10765,4299,-0.4292,-3365,-8376,24,12,19,14,5
1775350575,14,81,0,0,0,0,no_volume,0,0,0,0,no_volume,0,0,0,0,no_volume,0,0,0,0,0,0,11715,5060,-0.3967,1250,-7426,23,12,19,14,5
1775350576,14,81,0,0,0,0,no_volume,0,0,0,0,no_volume,0,0,0,0,no_volume,0,0,0,0,0,0,10605,4508,-0.4034,105,-8328,23,13,19,14,5
1775350577,14,81,0,0,0,0,no_volume,0,0,0,0,no_volume,0,0,0,0,no_volume,0,0,0,0,0,0,11105,4925,-0.3855,340,-8380,24,13,19,14,5
1775350578,14,81,0,0,0,0,no_volume,0,0,0,0,no_volume,0,0,0,0,no_volume,0,0,0,0,0,0,11105,4925,-0.3855,-610,-7532,24,13,19,14,5
1775350579,16,82,0,0,0,0,no_volume,0,0,0,0,no_volume,0,0,0,0,no_volume,0,0,0,0,0,0,11120,4851,-0.3925,515,-8053,25,15,18,16,2
1775350580,14,82,0,0,0,0,no_volume,0,0,0,0,no_volume,0,0,0,0,no_volume,0,0,0,0,0,0,12298,4491,-0.465,1193,-6875,24,13,18,14,4
1775350581,14,82,0,0,0,0,no_volume,0,0,0,0,no_volume,0,0,0,0,no_volume,0,0,0,0,0,0,12590,4844,-0.4443,1485,-1540,23,13,18,14,4
1775350582,14,82,0,0,0,0,no_volume,0,0,0,0,no_volume,0,0,0,0,no_volume,0,0,0,0,0,0,12564,4837,-0.4441,1444,2099,23,13,18,14,4
1775350583,15,82,0,0,0,0,no_volume,0,0,0,0,no_volume,0,0,0,0,no_volume,0,0,0,0,0,0,12241,4494,-0.4629,-57,1741,22,13,18,15,3
1775350584,15,82,0,0,0,0,no_volume,0,0,0,0,no_volume,0,0,0,0,no_volume,0,0,0,0,0,0,11717,4072,-0.4842,-873,952,21,13,18,15,3
1775350585,15,82,0,0,0,0,no_volume,0,0,0,0,no_volume,0,0,0,0,no_volume,0,0,0,0,0,0,12636,4577,-0.4682,72,921,22,14,18,15,3
1775350586,15,82,0,0,0,0,no_volume,0,0,0,0,no_volume,0,0,0,0,no_volume,0,0,0,0,0,0,12636,4577,-0.4682,395,2031,22,14,18,15,3
1775350587,15,82,0,0,0,0,no_volume,0,0,0,0,no_volume,0,0,0,0,no_volume,0,0,0,0,0,0,12135,4163,-0.4891,418,1030,22,13,18,15,3
1775350588,15,82,0,0,0,0,no_volume,0,0,0,0,no_volume,0,0,0,0,no_volume,0,0,0,0,0,0,12761,4533,-0.4758,125,1656,24,14,18,15,3
1775350589,15,82,0,0,0,0,no_volume,0,0,0,0,no_volume,0,0,0,0,no_volume,0,0,0,0,0,0,12761,4533,-0.4758,125,1641,24,14,18,15,3
1775350590,15,82,0,0,0,0,no_volume,0,0,0,0,no_volume,0,0,0,0,no_volume,0,0,0,0,0,0,12500,4457,-0.4743,365,202,22,14,18,15,3
1775350591,15,82,0,0,0,0,no_volume,0,0,0,0,no_volume,0,0,0,0,no_volume,0,0,0,0,0,0,13068,4821,-0.461,307,478,24,14,18,15,3
1775350592,15,82,0,0,0,0,no_volume,0,0,0,0,no_volume,0,0,0,0,no_volume,0,0,0,0,0,0,12225,4163,-0.4919,-536,-339,22,13,18,15,3
1775350593,15,82,0,0,0,0,no_volume,0,0,0,0,no_volume,0,0,0,0,no_volume,0,0,0,0,0,0,12736,4572,-0.4717,236,495,22,14,18,15,3
1775350594,15,82,0,0,0,0,no_volume,0,0,0,0,no_volume,0,0,0,0,no_volume,0,0,0,0,0,0,12676,4572,-0.4699,-392,959,23,14,18,15,3
1775350595,15,82,0,0,0,0,no_volume,0,0,0,0,no_volume,0,0,0,0,no_volume,0,0,0,0,0,0,12165,4163,-0.4901,-60,-471,22,13,18,15,3
1775350596,15,82,0,0,0,0,no_volume,0,0,0,0,no_volume,0,0,0,0,no_volume,0,0,0,0,0,0,12702,4595,-0.4687,-34,66,23,14,18,15,3
1775350597,15,82,0,0,0,0,no_volume,0,0,0,0,no_volume,0,0,0,0,no_volume,0,0,0,0,0,0,12702,4595,-0.4687,26,567,23,14,18,15,3
1775350598,15,82,0,0,0,0,no_volume,0,0,0,0,no_volume,0,0,0,0,no_volume,0,0,0,0,0,0,13047,4474,-0.4893,882,286,23,14,18,15,3
1775350599,15,82,0,0,0,0,no_volume,0,0,0,0,no_volume,0,0,0,0,no_volume,0,0,0,0,0,0,13047,4474,-0.4893,345,286,23,14,18,15,3
1775350600,15,82,0,0,0,0,no_volume,0,0,0,0,no_volume,0,0,0,0,no_volume,0,0,0,0,0,0,12165,4163,-0.4901,-537,-335,22,13,18,15,3
1775350601,15,82,0,0,0,0,no_volume,0,0,0,0,no_volume,0,0,0,0,no_volume,0,0,0,0,0,0,12673,4163,-0.5055,-374,-395,22,13,18,15,3
1775350602,15,82,0,0,0,0,no_volume,0,0,0,0,no_volume,0,0,0,0,no_volume,0,0,0,0,0,0,12673,4163,-0.5055,-374,448,22,13,18,15,3
1775350603,15,82,0,0,0,0,no_volume,0,0,0,0,no_volume,0,0,0,0,no_volume,0,0,0,0,0,0,12703,4163,-0.5063,538,-33,23,13,18,15,3
1775350604,15,83,0,0,0,0,no_volume,0,0,0,0,no_volume,0,0,0,0,no_volume,0,0,0,0,0,0,12715,3900,-0.5305,42,39,24,15,17,15,2
1775350605,14,83,0,0,0,0,no_volume,0,0,0,0,no_volume,0,0,0,0,no_volume,0,0,0,0,0,0,16310,8516,-0.3139,3637,4145,23,13,17,14,3
1775350606,15,83,0,0,0,0,no_volume,0,0,0,0,no_volume,0,0,0,0,no_volume,0,0,0,0,0,0,16826,8697,-0.3185,4123,4124,22,13,17,15,2
1775350607,15,83,0,0,0,0,no_volume,0,0,0,0,no_volume,0,0,0,0,no_volume,0,0,0,0,0,0,17369,8757,-0.3296,4654,4667,24,13,17,15,2
1775350608,15,83,0,0,0,0,no_volume,0,0,0,0,no_volume,0,0,0,0,no_volume,0,0,0,0,0,0,17041,8551,-0.3317,731,3994,25,13,17,15,2
1775350609,14,83,0,0,0,0,no_volume,0,0,0,0,no_volume,0,0,0,0,no_volume,0,0,0,0,0,0,12636,4759,-0.4528,-4190,-411,24,13,17,14,3
1775350610,14,83,0,0,0,0,no_volume,0,0,0,0,no_volume,0,0,0,0,no_volume,0,0,0,0,0,0,12331,4533,-0.4624,-5038,166,23,13,17,14,3
1775350611,14,83,0,0,0,0,no_volume,0,0,0,0,no_volume,0,0,0,0,no_volume,0,0,0,0,0,0,11775,4119,-0.4817,-5266,-898,22,12,17,14,3
1775350612,14,83,0,0,0,0,no_volume,0,0,0,0,no_volume,0,0,0,0,no_volume,0,0,0,0,0,0,12279,4479,-0.4654,-357,-394,22,12,17,14,3
1775350613,15,83,0,0,0,0,no_volume,0,0,0,0,no_volume,0,0,0,0,no_volume,0,0,0,0,0,0,16211,8497,-0.3122,3880,3508,22,14,17,15,2
1775350614,16,83,0,0,0,0,no_volume,0,0,0,0,no_volume,0,0,0,0,no_volume,0,0,0,0,0,0,17306,8897,-0.3209,5531,4591,25,15,17,16,1
1775350615,16,83,0,0,0,0,no_volume,0,0,0,0,no_volume,0,0,0,0,no_volume,0,0,0,0,0,0,17303,8874,-0.322,5024,993,25,15,17,16,1
1775350616,16,83,0,0,0,0,no_volume,0,0,0,0,no_volume,0,0,0,0,no_volume,0,0,0,0,0,0,16751,8517,-0.3259,540,-75,24,15,17,16,1
1775350617,16,83,0,0,0,0,no_volume,0,0,0,0,no_volume,0,0,0,0,no_volume,0,0,0,0,0,0,17532,8860,-0.3286,226,163,26,13,17,16,1
1775350618,16,83,0,0,0,0,no_volume,0,0,0,0,no_volume,0,0,0,0,no_volume,0,0,0,0,0,0,17532,8860,-0.3286,229,491,26,13,17,16,1
1775350619,16,83,0,0,0,0,no_volume,0,0,0,0,no_volume,0,0,0,0,no_volume,0,0,0,0,0,0,12333,4422,-0.4722,-4418,-303,23,14,17,16,1
1775350620,16,83,0,0,0,0,no_volume,0,0,0,0,no_volume,0,0,0,0,no_volume,0,0,0,0,0,0,12333,4422,-0.4722,-5199,2,23,15,17,16,1
1775350621,16,83,0,0,0,0,no_volume,0,0,0,0,no_volume,0,0,0,0,no_volume,0,0,0,0,0,0,11772,4037,-0.4893,-5760,-3,22,15,17,16,1
1775350622,16,83,0,0,0,0,no_volume,0,0,0,0,no_volume,0,0,0,0,no_volume,0,0,0,0,0,0,12294,4460,-0.4676,-39,15,22,15,17,16,1
1775350623,16,83,0,0,0,0,no_volume,0,0,0,0,no_volume,0,0,0,0,no_volume,0,0,0,0,0,0,12294,4460,-0.4676,-39,-3917,22,15,17,16,1
1775350624,16,82,0,79,0,79,low_activity,0,79,0,79,low_activity,0,79,0,79,low_activity,79,0,79,79,0,79,12410,4326,-0.483,638,-4896,22,15,18,16,2
1775350625,16,82,0,79,0,79,low_activity,0,79,0,79,low_activity,0,79,0,79,low_activity,0,0,0,79,0,79,12975,4711,-0.4673,681,-4328,23,16,18,16,2
1775350626,16,82,0,79,0,79,low_activity,0,79,0,79,low_activity,0,79,0,79,low_activity,0,0,0,79,0,79,12691,4422,-0.4832,397,-4060,23,16,18,16,2
1775350627,16,82,0,0,0,0,no_volume,0,79,0,79,low_activity,0,79,0,79,low_activity,0,0,0,79,0,79,12680,4440,-0.4813,270,-4852,23,16,18,16,2
1775350628,16,82,0,0,0,0,no_volume,0,79,0,79,low_activity,0,79,0,79,low_activity,0,0,0,79,0,79,12680,4451,-0.4804,-295,-4852,23,14,18,16,2
1775350629,16,82,0,0,0,0,no_volume,0,0,0,0,no_volume,0,79,0,79,low_activity,0,0,0,79,0,79,12126,4187,-0.4867,-565,-207,22,14,18,16,2
1775350630,16,82,0,0,0,0,no_volume,0,0,0,0,no_volume,0,79,0,79,low_activity,0,0,0,79,0,79,12605,4546,-0.4699,-75,272,23,15,18,16,2
1775350631,16,82,0,0,0,0,low_activity,0,0,0,0,low_activity,0,79,0,79,low_activity,5,0,5,84,0,84,12600,4546,-0.4697,-80,828,23,15,18,16,2
1775350632,16,82,0,0,0,0,low_activity,0,0,0,0,low_activity,0,79,0,79,low_activity,0,0,0,84,0,84,12121,4165,-0.4885,-5,-173,22,15,18,16,2
1775350633,16,82,0,0,0,0,low_activity,0,0,0,0,low_activity,0,79,0,79,low_activity,0,0,0,84,0,84,17080,8960,-0.3118,4475,4786,24,15,18,16,2
1775350634,16,82,0,0,0,0,no_volume,0,0,0,0,low_activity,0,79,0,79,low_activity,0,0,0,84,0,84,17520,8960,-0.3233,4920,5110,25,15,18,16,2
1775350635,16,82,0,0,0,0,no_volume,0,0,0,0,low_activity,0,79,0,79,low_activity,0,0,0,84,0,84,16700,8259,-0.3382,4579,3725,23,14,18,16,2
1775350636,16,82,0,0,0,0,no_volume,0,0,0,0,no_volume,0,79,0,79,low_activity,0,0,0,84,0,84,16773,8639,-0.3201,-307,4082,23,14,18,16,2
1775350637,16,82,0,0,0,0,no_volume,0,0,0,0,no_volume,0,79,0,79,low_activity,0,0,0,84,0,84,17252,8619,-0.3337,-268,4572,23,14,18,16,2
1775350638,16,82,0,0,0,0,no_volume,0,0,0,0,no_volume,0,79,0,79,low_activity,0,0,0,84,0,84,16700,8239,-0.3393,0,4020,23,14,18,16,2
1775350639,16,82,0,0,0,0,no_volume,0,0,0,0,no_volume,0,79,0,79,low_activity,0,0,0,84,0,84,12710,4156,-0.5072,-4063,584,22,14,18,16,2
1775350640,16,82,0,0,0,0,no_volume,0,0,0,0,no_volume,0,79,0,79,low_activity,0,0,0,84,0,84,12924,4846,-0.4546,-4328,319,22,15,18,16,2
1775350641,16,82,0,0,0,0,no_volume,0,0,0,0,no_volume,0,79,0,79,low_activity,0,0,0,84,0,84,12431,4450,-0.4728,-4269,-169,22,15,18,16,2
1775350642,16,82,0,0,0,0,no_volume,0,0,0,0,no_volume,0,79,0,79,low_activity,0,0,0,84,0,84,12630,4573,-0.4683,-80,509,22,15,18,16,2
1775350643,16,82,0,0,0,0,no_volume,0,0,0,0,no_volume,0,79,0,79,low_activity,0,0,0,84,0,84,12630,4573,-0.4683,-294,-4450,22,15,18,16,2
1775350644,16,82,0,0,0,0,no_volume,0,0,0,0,no_volume,0,79,0,79,low_activity,0,0,0,84,0,84,12669,4545,-0.4719,238,-4851,22,15,18,16,2
1775350645,16,82,0,0,0,0,no_volume,0,0,0,0,no_volume,0,79,0,79,low_activity,0,0,0,84,0,84,12669,4545,-0.4719,39,-4031,22,15,18,16,2
1775350646,16,82,0,0,0,0,no_volume,0,0,0,0,no_volume,0,79,0,79,low_activity,0,0,0,84,0,84,12044,4160,-0.4865,-586,-4729,20,15,18,16,2
1775350647,16,82,0,0,0,0,no_volume,0,0,0,0,no_volume,0,79,0,79,low_activity,0,0,0,84,0,84,12600,4577,-0.4671,-69,-4652,21,15,18,16,2
1775350648,16,82,0,0,0,0,no_volume,0,0,0,0,no_volume,0,79,0,79,low_activity,0,0,0,84,0,84,12968,4894,-0.452,299,-3732,23,15,18,16,2
1775350649,16,82,0,0,0,0,no_volume,0,0,0,0,no_volume,0,79,0,79,low_activity,0,0,0,84,0,84,12981,4834,-0.4573,937,271,23,15,18,16,2
1775350650,16,82,0,0,0,0,no_volume,0,0,0,0,no_volume,0,79,0,79,low_activity,0,0,0,84,0,84,12656,4517,-0.4739,56,-268,22,15,18,16,2
1775350651,16,82,0,0,0,0,no_volume,0,0,0,0,no_volume,0,79,0,79,low_activity,0,0,0,84,0,84,12130,4160,-0.4893,-838,-301,22,15,18,16,2
1775350652,16,82,0,0,0,0,no_volume,0,0,0,0,no_volume,0,79,0,79,low_activity,0,0,0,84,0,84,12616,4584,-0.467,-365,-14,22,15,18,16,2
1775350653,16,82,0,0,0,0,no_volume,0,0,0,0,no_volume,0,79,0,79,low_activity,0,0,0,84,0,84,17095,9063,-0.3071,4439,4465,22,15,18,16,2
1775350654,16,82,0,0,0,0,no_volume,0,0,0,0,no_volume,0,0,0,0,low_activity,0,0,0,84,0,84,17023,8403,-0.339,4893,4354,24,15,18,16,2
1775350655,16,82,0,0,0,0,no_volume,0,0,0,0,no_volume,0,0,0,0,low_activity,0,0,0,84,0,84,17642,8359,-0.357,5026,4973,26,14,18,16,2
1775350656,16,82,0,0,0,0,no_volume,0,0,0,0,no_volume,0,0,0,0,low_activity,0,0,0,84,0,84,17522,8679,-0.3375,427,5478,25,14,18,16,2
1775350657,16,82,0,0,0,0,no_volume,0,0,0,0,no_volume,0,0,0,0,low_activity,0,0,0,84,0,84,17517,10742,-0.2397,494,4917,25,14,18,16,2
1775350658,16,82,0,0,0,0,no_volume,0,0,0,0,no_volume,0,0,0,0,low_activity,0,0,0,84,0,84,17737,10422,-0.2598,95,4769,24,14,18,16,2
1775350659,16,82,0,0,0,0,no_volume,0,0,0,0,no_volume,0,0,0,0,low_activity,0,0,0,84,0,84,13687,5540,-0.4237,-3835,706,23,14,18,16,2
1775350660,16,82,0,0,0,0,no_volume,0,0,0,0,no_volume,0,0,0,0,low_activity,0,0,0,84,0,84,14761,5912,-0.428,-2756,2105,25,14,18,16,2
1775350661,16,82,0,0,0,0,no_volume,0,0,0,0,no_volume,0,0,0,0,no_volume,0,0,0,84,0,84,14261,5912,-0.4139,-3476,2131,24,14,18,16,2
1775350662,16,82,0,0,0,0,no_volume,0,0,0,0,no_volume,0,0,0,0,no_volume,0,0,0,84,0,84,13687,5540,-0.4237,0,1071,23,14,18,16,2
1775350663,16,82,0,0,0,0,no_volume,0,0,0,0,no_volume,0,0,0,0,no_volume,0,0,0,84,0,84,12146,5934,-0.3436,-2615,-4949,20,14,18,16,2
1775350664,16,82,0,0,0,0,no_volume,0,0,0,0,no_volume,0,0,0,0,no_volume,0,0,0,84,0,84,12189,5934,-0.3451,-2072,-4834,21,14,18,16,2
1775350665,16,82,0,0,0,0,no_volume,0,0,0,0,no_volume,0,0,0,0,no_volume,0,0,0,84,0,84,13032,6254,-0.3514,-655,-4610,23,15,18,16,2
1775350666,16,82,0,0,0,0,no_volume,0,0,0,0,no_volume,0,0,0,0,no_volume,0,0,0,84,0,84,12750,5951,-0.3636,604,-4772,22,14,18,16,2
1775350667,16,82,0,0,0,0,no_volume,0,0,0,0,no_volume,0,0,0,0,no_volume,0,0,0,84,0,84,12187,5540,-0.375,-2,-5330,21,14,18,16,2
1775350668,16,82,0,0,0,0,no_volume,0,0,0,0,no_volume,0,0,0,0,no_volume,0,0,0,84,0,84,13494,6669,-0.3385,462,-4243,22,14,18,16,2
1775350669,16,82,0,0,0,0,no_volume,0,0,0,0,no_volume,0,0,0,0,no_volume,0,0,0,84,0,84,13494,6669,-0.3385,744,-193,22,14,18,16,2
1775350670,16,82,0,0,0,0,no_volume,0,0,0,0,no_volume,0,0,0,0,no_volume,0,0,0,84,0,84,13483,6678,-0.3375,1296,-1278,22,14,18,16,2
1775350671,16,82,0,0,0,0,no_volume,0,0,0,0,no_volume,0,0,0,0,no_volume,0,0,0,84,0,84,14983,5918,-0.4337,1489,722,24,14,18,16,2
1775350672,16,82,0,0,0,0,no_volume,0,0,0,0,no_volume,0,0,0,0,no_volume,0,0,0,84,0,84,13447,5540,-0.4164,-47,-240,22,14,18,16,2
1775350673,16,82,0,0,0,0,no_volume,0,0,0,0,no_volume,0,0,0,0,no_volume,0,0,0,84,0,84,14739,6201,-0.4077,1256,2593,23,14,18,16,2
1775350674,16,82,0,0,0,0,no_volume,0,0,0,0,no_volume,0,0,0,0,no_volume,0,0,0,84,0,84,13739,6201,-0.378,-1244,1550,22,14,18,16,2
1775350675,16,82,0,0,0,0,no_volume,0,0,0,0,no_volume,0,0,0,0,no_volume,0,0,0,84,0,84,13947,5540,-0.4314,500,915,23,14,18,16,2
1775350676,16,82,0,0,0,0,no_volume,0,0,0,0,no_volume,0,0,0,0,no_volume,0,0,0,84,0,84,14497,6723,-0.3664,-242,1747,25,14,18,16,2
1775350677,16,82,0,0,0,0,no_volume,0,0,0,0,no_volume,0,0,0,0,no_volume,0,0,0,84,0,84,17926,10779,-0.249,4187,5739,24,14,18,16,2
1775350678,16,82,0,0,0,0,low_activity,0,0,0,0,low_activity,0,0,0,0,low_activity,3,0,3,87,0,87,18932,11202,-0.2565,4985,5438,25,14,18,16,2
1775350679,16,82,0,105,0,105,low_activity,0,105,0,105,low_activity,0,105,0,105,low_activity,105,0,105,192,0,192,19827,11202,-0.278,5330,6333,26,14,18,16,2
1775350680,16,82,0,105,0,105,low_activity,0,105,0,105,low_activity,0,105,0,105,low_activity,0,0,0,192,0,192,12839,6300,-0.3417,-5087,-644,22,14,18,16,2
1775350681,16,82,0,105,0,105,low_activity,0,105,0,105,low_activity,0,105,0,105,low_activity,0,0,0,192,0,192,14129,6970,-0.3393,-4803,-854,23,14,18,16,2
1775350682,16,82,0,0,0,0,no_volume,0,105,0,105,low_activity,0,105,0,105,low_activity,0,0,0,192,0,192,18608,11449,-0.2382,-1219,5161,24,14,18,16,2
1775350683,16,82,0,0,0,0,no_volume,0,105,0,105,low_activity,0,105,0,105,low_activity,0,0,0,192,0,192,18818,10779,-0.2716,5979,4079,24,14,18,16,2
1775350684,16,82,0,0,0,0,no_volume,0,0,0,0,no_volume,0,105,0,105,low_activity,0,0,0,113,0,113,20350,11156,-0.2918,6221,6611,26,14,18,16,2
1775350685,16,82,0,0,0,0,no_volume,0,0,0,0,no_volume,0,105,0,105,low_activity,0,0,0,113,0,113,19818,10779,-0.2954,1210,5871,25,14,18,16,2
1775350686,16,82,0,0,0,0,no_volume,0,0,0,0,no_volume,0,105,0,105,low_activity,0,0,0,113,0,113,20393,11157,-0.2927,1575,5896,26,14,18,16,2
1775350687,16,82,0,0,0,0,no_volume,0,0,0,0,no_volume,0,105,0,105,low_activity,0,0,0,113,0,113,20393,11157,-0.2927,43,2467,26,14,18,16,2
1775350688,16,82,0,0,0,0,no_volume,0,0,0,0,no_volume,0,105,0,105,low_activity,0,0,0,113,0,113,19818,10779,-0.2954,0,886,25,14,18,16,2
1775350689,16,82,0,0,0,0,no_volume,0,0,0,0,no_volume,0,105,0,105,low_activity,0,0,0,113,0,113,20314,11149,-0.2913,-79,487,26,14,18,16,2
1775350690,16,82,0,0,0,0,no_volume,0,0,0,0,no_volume,0,105,0,105,low_activity,0,0,0,113,0,113,20625,11433,-0.2867,232,7786,26,14,18,16,2
1775350691,16,82,0,0,0,0,no_volume,0,0,0,0,no_volume,0,105,0,105,low_activity,0,0,0,108,0,108,20706,11063,-0.3035,888,6577,26,14,18,16,2
1775350692,16,82,0,0,0,0,no_volume,0,0,0,0,no_volume,0,105,0,105,low_activity,0,0,0,108,0,108,20395,10779,-0.3085,81,1787,26,14,18,16,2
1775350693,16,82,0,0,0,0,no_volume,0,0,0,0,no_volume,0,105,0,105,low_activity,0,0,0,108,0,108,19825,10779,-0.2956,-800,1007,25,14,18,16,2
1775350694,16,82,0,0,105,105,low_activity,0,0,105,105,low_activity,0,105,105,210,low_activity,0,105,105,108,105,213,20363,10699,-0.3111,-343,13,26,14,18,16,2
1775350695,16,82,0,0,105,105,low_activity,0,0,105,105,low_activity,0,105,105,210,low_activity,0,0,0,108,105,213,20363,10699,-0.3111,-32,545,26,14,18,16,2
1775350696,16,82,0,0,105,105,low_activity,0,0,105,105,low_activity,0,105,105,210,low_activity,0,0,0,108,105,213,19825,10422,-0.3109,0,-568,25,14,18,16,2
1775350697,16,82,0,0,0,0,no_volume,0,0,105,105,low_activity,0,105,105,210,low_activity,0,0,0,108,105,213,19825,10422,-0.3109,-538,-568,25,14,18,16,2
1775350698,16,82,0,0,0,0,no_volume,0,0,105,105,low_activity,0,105,105,210,low_activity,0,0,0,108,105,213,20120,10693,-0.3059,-243,302,26,14,18,16,2
1775350699,16,82,0,0,0,0,no_volume,0,0,0,0,no_volume,0,105,105,210,low_activity,0,0,0,108,105,213,20120,10693,-0.3059,295,-194,26,14,18,16,2
1775350700,16,82,0,0,0,0,no_volume,0,0,0,0,no_volume,0,105,105,210,low_activity,0,0,0,108,105,213,19825,10422,-0.3109,0,-800,25,14,18,16,2
1775350701,16,82,0,0,0,0,no_volume,0,0,0,0,no_volume,0,105,105,210,low_activity,0,0,0,108,105,213,19825,10422,-0.3109,-295,-881,25,14,18,16,2
1775350702,16,82,0,0,0,0,no_volume,0,0,0,0,no_volume,0,105,105,210,low_activity,0,0,0,108,105,213,19825,10422,-0.3109,-295,-570,25,14,18,16,2
1775350703,16,82,0,0,0,0,no_volume,0,0,0,0,no_volume,0,105,105,210,low_activity,0,0,0,108,105,213,19825,10422,-0.3109,0,0,25,14,18,16,2
1775350704,16,82,0,0,0,0,no_volume,0,0,0,0,no_volume,0,105,105,210,low_activity,0,0,0,108,105,213,19825,10422,-0.3109,0,-538,25,14,18,16,2
1775350705,16,82,0,0,0,0,no_volume,0,0,0,0,no_volume,0,105,105,210,low_activity,0,0,0,108,105,213,19825,10422,-0.3109,0,-538,25,14,18,16,2
1775350706,16,82,0,0,0,0,no_volume,0,0,0,0,no_volume,0,105,105,210,low_activity,0,0,0,108,105,213,19825,10422,-0.3109,0,0,25,14,18,16,2
1775350707,16,82,0,0,0,0,no_volume,0,0,0,0,no_volume,0,105,105,210,low_activity,0,0,0,108,105,213,19825,10422,-0.3109,0,0,25,14,18,16,2
1775350708,16,82,0,0,0,0,no_volume,0,0,0,0,no_volume,0,105,105,210,low_activity,0,0,0,108,105,213,18682,8660,-0.3665,-1143,-1438,25,14,18,16,2
1775350709,16,82,0,0,0,0,no_volume,0,0,0,0,no_volume,0,0,105,105,low_activity,0,0,0,108,105,213,19204,8660,-0.3784,-621,-916,26,14,18,16,2
1775350710,16,82,0,0,0,0,no_volume,0,0,0,0,no_volume,0,0,105,105,low_activity,0,0,0,108,105,213,18851,8388,-0.3841,-974,-974,25,14,18,16,2
1775350711,16,82,0,0,0,0,no_volume,0,0,0,0,no_volume,0,0,105,105,low_activity,0,0,0,108,105,213,18851,8388,-0.3841,169,-974,25,14,18,16,2
1775350712,16,82,0,0,0,0,no_volume,0,0,0,0,no_volume,0,0,105,105,low_activity,0,0,0,108,105,213,17565,8388,-0.3536,-1639,-2260,24,14,18,16,2
1775350713,16,82,0,0,0,0,no_volume,0,0,0,0,no_volume,0,0,105,105,low_activity,0,0,0,108,105,213,17565,8388,-0.3536,-1286,-2260,24,14,18,16,2
1775350714,16,82,0,0,0,0,no_volume,0,0,0,0,no_volume,0,0,105,105,low_activity,0,0,0,108,105,213,18087,8388,-0.3663,-764,-1738,25,14,18,16,2
1775350715,16,82,0,0,0,0,no_volume,0,0,0,0,no_volume,0,0,105,105,low_activity,0,0,0,108,105,213,17565,8379,-0.3541,0,-2260,24,14,18,16,2
1775350716,16,82,0,0,0,0,no_volume,0,0,0,0,no_volume,0,0,105,105,low_activity,0,0,0,108,105,213,18412,8662,-0.3601,847,-1413,26,14,18,16,2
1775350717,16,82,0,0,0,0,no_volume,0,0,0,0,no_volume,0,0,105,105,low_activity,0,0,0,108,105,213,18879,8379,-0.3852,792,-946,25,14,18,16,2
1775350718,16,82,0,0,0,0,no_volume,0,0,0,0,no_volume,0,0,105,105,low_activity,0,0,0,108,105,213,18891,8379,-0.3855,1326,209,25,14,18,16,2
1775350719,16,82,0,0,0,0,no_volume,0,0,0,0,no_volume,0,0,105,105,low_activity,0,0,0,108,105,213,18891,8379,-0.3855,479,-313,25,14,18,16,2
1775350720,15,82,0,0,0,0,no_volume,0,0,0,0,no_volume,0,0,105,105,low_activity,0,0,0,108,105,213,11543,4082,-0.4775,-7336,-7308,20,14,18,15,3
1775350721,15,82,0,0,0,0,no_volume,0,0,0,0,no_volume,0,0,105,105,low_activity,0,0,0,108,105,213,12090,4513,-0.4564,-6801,-6761,21,14,18,15,3
1775350722,15,83,0,0,0,0,no_volume,0,0,0,0,no_volume,0,0,105,105,low_activity,0,0,0,108,105,213,16570,8992,-0.2965,-2321,-995,23,14,17,15,2
1775350723,15,83,0,0,0,0,no_volume,0,0,0,0,no_volume,0,0,105,105,low_activity,0,0,0,108,105,213,16823,8916,-0.3072,5280,-742,24,14,17,15,2
1775350724,15,83,0,0,0,0,no_volume,0,0,0,0,no_volume,0,0,0,0,no_volume,0,0,0,108,105,213,17355,9301,-0.3021,5265,-732,25,14,17,15,2
1775350725,15,83,0,0,0,0,no_volume,0,0,0,0,no_volume,0,0,0,0,no_volume,0,0,0,108,105,213,17092,8987,-0.3108,522,-473,25,14,17,15,2
1775350726,15,83,0,0,0,0,no_volume,0,0,0,0,no_volume,0,0,0,0,no_volume,0,0,0,108,105,213,17039,8938,-0.3119,216,-1373,25,14,17,15,2
1775350727,15,83,0,0,0,0,no_volume,0,0,0,0,no_volume,0,0,0,0,no_volume,0,0,0,108,105,213,17039,8938,-0.3119,-316,-1840,25,14,17,15,2
1775350728,15,83,0,0,0,0,no_volume,0,0,0,0,no_volume,0,0,0,0,no_volume,0,0,0,108,105,213,16560,8572,-0.3178,-532,-2331,24,14,17,15,2
1775350729,15,83,0,0,0,0,no_volume,0,0,0,0,no_volume,0,0,0,0,no_volume,0,0,0,108,105,213,17111,8982,-0.3115,72,-1780,25,14,17,15,2
1775350730,15,83,0,0,0,0,no_volume,0,0,0,0,no_volume,0,0,0,0,no_volume,0,0,0,108,105,213,17111,8982,-0.3115,72,5568,25,14,17,15,2
1775350731,15,83,0,0,0,0,no_volume,0,0,0,0,no_volume,0,0,0,0,no_volume,0,0,0,108,105,213,16854,8887,-0.3095,294,4764,25,14,17,15,2
1775350732,15,83,0,0,0,0,no_volume,0,0,0,0,no_volume,0,0,0,0,no_volume,0,0,0,108,105,213,17379,9317,-0.302,268,809,26,14,17,15,2
1775350733,15,83,0,0,0,0,no_volume,0,0,0,0,no_volume,0,0,0,0,no_volume,0,0,0,108,105,213,17085,9002,-0.3098,-26,262,25,14,17,15,2
1775350734,15,83,0,0,0,0,no_volume,0,0,0,0,no_volume,0,0,0,0,no_volume,0,0,0,108,105,213,17041,8572,-0.3307,187,-314,25,14,17,15,2
1775350735,15,83,0,0,0,0,no_volume,0,0,0,0,no_volume,0,0,0,0,no_volume,0,0,0,108,105,213,17041,8528,-0.3329,-338,-51,25,14,17,15,2
1775350736,15,83,0,0,0,0,no_volume,0,0,0,0,no_volume,0,0,0,0,no_volume,0,0,0,108,105,213,16517,8128,-0.3404,-568,-522,23,13,17,15,2
1775350737,15,83,0,0,0,0,no_volume,0,0,0,0,no_volume,0,0,0,0,no_volume,0,0,0,108,105,213,17036,8535,-0.3324,-5,-3,23,13,17,15,2
1775350738,15,83,0,0,0,0,no_volume,0,0,0,0,no_volume,0,0,0,0,no_volume,0,0,0,105,105,210,17079,8521,-0.3343,38,519,24,13,17,15,2
1775350739,15,83,0,0,0,0,no_volume,0,0,0,0,no_volume,0,0,0,0,no_volume,0,0,0,0,105,105,17106,8510,-0.3356,589,-5,25,13,17,15,2
1775350740,15,83,0,0,0,0,no_volume,0,0,0,0,no_volume,0,0,0,0,no_volume,0,0,0,0,105,105,17390,8799,-0.328,354,279,25,13,17,15,2
1775350741,15,83,0,0,0,0,no_volume,0,0,0,0,no_volume,0,0,0,0,no_volume,0,0,0,0,105,105,16874,8403,-0.3351,-205,20,24,13,17,15,2
1775350742,15,83,0,0,0,0,no_volume,0,0,0,0,no_volume,0,0,0,0,no_volume,0,0,0,0,105,105,17132,8532,-0.3351,26,-247,25,13,17,15,2
1775350743,15,83,0,0,0,0,no_volume,0,0,0,0,no_volume,0,0,0,0,no_volume,0,0,0,0,105,105,17142,8532,-0.3354,-248,57,25,13,17,15,2
1775350744,15,83,0,0,0,0,no_volume,0,0,0,0,no_volume,0,0,0,0,no_volume,0,0,0,0,105,105,16576,8128,-0.342,-298,-465,24,13,17,15,2
1775350745,15,83,0,0,0,0,no_volume,0,0,0,0,no_volume,0,0,0,0,no_volume,0,0,0,0,105,105,17158,8538,-0.3355,26,117,24,13,17,15,2
1775350746,15,83,0,0,0,0,no_volume,0,0,0,0,no_volume,0,0,0,0,no_volume,0,0,0,0,105,105,17158,8524,-0.3362,16,641,25,13,17,15,2
1775350747,15,83,0,0,0,0,no_volume,0,0,0,0,no_volume,0,0,0,0,no_volume,0,0,0,0,105,105,17149,8507,-0.3368,573,113,25,13,17,15,2
1775350748,15,83,0,0,0,0,no_volume,0,0,0,0,no_volume,0,0,0,0,no_volume,0,0,0,0,105,105,17149,8507,-0.3368,-9,70,25,13,17,15,2
1775350749,15,83,0,0,0,0,no_volume,0,0,0,0,no_volume,0,0,0,0,no_volume,0,0,0,0,105,105,16883,8432,-0.3338,-275,-223,25,13,17,15,2
1775350750,15,83,0,0,0,0,no_volume,0,0,0,0,no_volume,0,0,0,0,no_volume,0,0,0,0,105,105,17393,8819,-0.3271,244,3,26,13,17,15,2
1775350751,15,83,0,0,0,0,no_volume,0,0,0,0,no_volume,0,0,0,0,no_volume,0,0,0,0,105,105,17110,8501,-0.3361,-39,236,25,13,17,15,2
1775350752,15,83,0,0,0,0,no_volume,0,0,0,0,no_volume,0,0,0,0,no_volume,0,0,0,0,105,105,16600,8128,-0.3426,-283,-532,24,13,17,15,2
1775350753,15,83,0,0,0,0,no_volume,0,0,0,0,no_volume,0,0,0,0,no_volume,0,0,0,0,105,105,17120,8518,-0.3355,-273,-22,25,13,17,15,2
1775350754,15,83,0,0,0,0,no_volume,0,0,0,0,no_volume,0,0,0,0,no_volume,0,0,0,0,0,0,17120,8518,-0.3355,10,544,25,13,17,15,2
1775350755,15,83,0,0,0,0,no_volume,0,0,0,0,no_volume,0,0,0,0,no_volume,0,0,0,0,0,0,17128,8536,-0.3348,528,-30,25,13,17,15,2
1775350756,15,83,0,0,0,0,no_volume,0,0,0,0,no_volume,0,0,0,0,no_volume,0,0,0,0,0,0,17128,8522,-0.3355,8,-30,25,13,17,15,2
1775350757,15,83,0,0,0,0,no_volume,0,0,0,0,no_volume,0,0,0,0,no_volume,0,0,0,0,0,0,16904,8433,-0.3343,-216,-245,25,13,17,15,2
1775350758,15,83,0,0,0,0,no_volume,0,0,0,0,no_volume,0,0,0,0,no_volume,0,0,0,0,0,0,17390,8817,-0.3271,262,241,26,13,17,15,2
1775350759,15,83,0,0,0,0,no_volume,0,0,0,0,no_volume,0,0,0,0,no_volume,0,0,0,0,0,0,17086,8498,-0.3357,-42,203,25,13,17,15,2
1775350760,15,83,0,0,0,0,no_volume,0,0,0,0,no_volume,0,0,0,0,no_volume,0,0,0,0,0,0,12121,3635,-0.5386,-4783,-5272,23,13,17,15,2
1775350761,14,83,0,0,0,0,no_volume,0,0,0,0,no_volume,0,0,0,0,no_volume,0,0,0,0,0,0,12121,4502,-0.4583,-5269,-4989,22,13,17,14,3
1775350762,14,83,0,0,0,0,no_volume,0,0,0,0,no_volume,0,0,0,0,no_volume,0,0,0,0,0,0,12121,4475,-0.4607,-4965,-4479,22,13,17,14,3
1775350763,14,84,0,0,0,0,no_volume,0,0,0,0,no_volume,0,0,0,0,no_volume,0,0,0,0,0,0,12101,4436,-0.4635,-20,-5019,23,13,16,14,2
1775350764,14,84,0,0,0,0,no_volume,0,0,0,0,no_volume,0,0,0,0,no_volume,0,0,0,0,0,0,12101,4440,-0.4632,-20,-5019,23,13,16,14,2
1775350765,14,84,0,0,0,0,no_volume,0,0,0,0,no_volume,0,0,0,0,no_volume,0,0,0,0,0,0,11621,4083,-0.48,-500,-5507,23,13,16,14,2
1775350766,14,84,0,0,0,0,no_volume,0,0,0,0,no_volume,0,0,0,0,no_volume,0,0,0,0,0,0,12109,4443,-0.4631,8,-5019,23,13,16,14,2
1775350767,14,84,0,0,0,0,no_volume,0,0,0,0,no_volume,0,0,0,0,no_volume,0,0,0,0,0,0,12400,4764,-0.4449,299,-4504,24,13,16,14,2
1775350768,14,84,0,0,0,0,no_volume,0,0,0,0,no_volume,0,0,0,0,no_volume,0,0,0,0,0,0,11611,4084,-0.4796,-10,-5779,23,13,16,14,2
1775350769,14,84,0,0,0,0,no_volume,0,0,0,0,no_volume,0,0,0,0,no_volume,0,0,0,0,0,0,12145,4499,-0.4594,36,-4941,23,13,16,14,2
1775350770,14,84,0,0,0,0,no_volume,0,0,0,0,no_volume,0,0,0,0,no_volume,0,0,0,0,0,0,16624,8977,-0.2987,4224,4503,24,13,16,14,2
1775350771,14,84,0,0,0,0,no_volume,0,0,0,0,no_volume,0,0,0,0,no_volume,0,0,0,0,0,0,17101,8993,-0.3107,5490,4980,26,13,16,14,2
1775350772,14,84,0,0,0,0,no_volume,0,0,0,0,no_volume,0,0,0,0,no_volume,0,0,0,0,0,0,17101,8993,-0.3107,4956,4980,26,13,16,14,2
1775350773,14,84,0,0,0,0,no_volume,0,0,0,0,no_volume,0,0,0,0,no_volume,0,0,0,0,0,0,16590,8514,-0.3217,-34,4489,25,13,16,14,2
1775350774,14,84,0,0,0,0,no_volume,0,0,0,0,no_volume,0,0,0,0,no_volume,0,0,0,0,0,0,17415,8955,-0.3208,314,5314,27,12,16,14,2
1775350775,14,84,0,0,0,0,no_volume,0,0,0,0,no_volume,0,0,0,0,no_volume,0,0,0,0,0,0,17415,8955,-0.3208,314,5794,27,12,16,14,2
1775350776,14,84,0,0,0,0,no_volume,0,0,0,0,no_volume,0,0,0,0,no_volume,0,0,0,0,0,0,16590,8264,-0.335,0,4481,25,12,16,14,2
1775350777,14,84,0,0,0,0,no_volume,0,0,0,0,no_volume,0,0,0,0,no_volume,0,0,0,0,0,0,17091,8675,-0.3266,-324,4691,26,12,16,14,2
1775350778,14,84,0,0,0,0,no_volume,0,0,0,0,no_volume,0,0,0,0,no_volume,0,0,0,0,0,0,16590,8264,-0.335,-825,4979,25,12,16,14,2
1775350779,14,84,0,0,0,0,no_volume,0,0,0,0,no_volume,0,0,0,0,no_volume,0,0,0,0,0,0,17080,8653,-0.3275,490,4935,26,12,16,14,2
1775350780,14,84,0,0,0,0,no_volume,0,0,0,0,no_volume,0,0,0,0,no_volume,0,0,0,0,0,0,17080,8711,-0.3245,-11,456,26,12,16,14,2
1775350781,14,84,0,0,0,0,no_volume,0,0,0,0,no_volume,0,0,0,0,no_volume,0,0,0,0,0,0,16898,8632,-0.3238,308,-203,26,12,16,14,2
1775350782,14,84,0,0,0,0,no_volume,0,0,0,0,no_volume,0,0,0,0,no_volume,0,0,0,0,0,0,17474,9025,-0.3188,394,373,27,12,16,14,2
1775350783,14,84,0,0,0,0,no_volume,0,0,0,0,no_volume,0,0,0,0,no_volume,0,0,0,0,0,0,17166,8657,-0.3295,86,576,26,12,16,14,2
1775350784,15,84,0,0,0,0,no_volume,0,0,0,0,no_volume,0,0,0,0,no_volume,0,0,0,0,0,0,17092,10713,-0.2294,194,-323,26,13,16,15,1
1775350785,15,83,0,0,0,0,no_volume,0,0,0,0,no_volume,0,0,0,0,no_volume,0,0,0,0,0,0,17611,10610,-0.2481,137,196,25,13,17,15,2
1775350786,16,83,0,0,0,0,no_volume,0,0,0,0,no_volume,0,0,0,0,no_volume,0,0,0,0,0,0,18089,12189,-0.1949,923,1499,24,14,17,16,1
1775350787,16,83,0,0,0,0,no_volume,0,0,0,0,no_volume,0,0,0,0,no_volume,0,0,0,0,0,0,19638,12609,-0.218,2546,2547,25,14,17,16,1
1775350788,16,83,0,0,0,0,no_volume,0,0,0,0,no_volume,0,0,0,0,no_volume,0,0,0,0,0,0,19648,12609,-0.2182,2037,3058,25,14,17,16,1
1775350789,16,83,0,0,0,0,no_volume,0,0,0,0,no_volume,0,0,0,0,no_volume,0,0,0,0,0,0,19098,12216,-0.2198,1009,2018,25,14,17,16,1
1775350790,16,83,0,0,0,0,no_volume,0,0,0,0,no_volume,0,0,0,0,no_volume,0,0,0,0,0,0,19953,12893,-0.2149,315,2873,25,14,17,16,1
1775350791,16,83,0,0,0,0,no_volume,0,0,0,0,no_volume,0,0,0,0,no_volume,0,0,0,0,0,0,14474,8414,-0.2648,-5174,-2424,23,14,17,16,1
1775350792,16,83,0,0,0,0,no_volume,0,0,0,0,no_volume,0,0,0,0,no_volume,0,0,0,0,0,0,14192,8170,-0.2693,-4906,-3282,23,14,17,16,1
1775350793,16,83,0,0,0,0,no_volume,0,0,0,0,no_volume,0,0,0,0,no_volume,0,0,0,0,0,0,14192,8143,-0.2708,-5761,-2974,23,14,17,16,1
1775350794,16,83,0,0,0,0,no_volume,0,0,0,0,no_volume,0,0,0,0,no_volume,0,0,0,0,0,0,13619,7710,-0.277,-855,-3473,23,14,17,16,1
1775350795,16,83,0,0,0,0,no_volume,0,0,0,0,no_volume,0,0,0,0,no_volume,0,0,0,0,0,0,14202,8072,-0.2752,10,-3409,23,14,17,16,1
1775350796,16,83,0,0,0,0,no_volume,0,0,0,0,no_volume,0,0,0,0,no_volume,0,0,0,0,0,0,14202,8072,-0.2752,10,-3887,23,14,17,16,1
1775350797,16,83,0,0,0,0,no_volume,0,0,0,0,no_volume,0,0,0,0,no_volume,0,0,0,0,0,0,13619,7710,-0.277,0,-6019,23,14,17,16,1
1775350798,16,83,0,0,0,0,no_volume,0,0,0,0,no_volume,0,0,0,0,no_volume,0,0,0,0,0,0,14143,8071,-0.2733,-59,-5505,23,14,17,16,1
1775350799,16,83,0,0,0,0,no_volume,0,0,0,0,no_volume,0,0,0,0,no_volume,0,0,0,0,0,0,14456,8382,-0.266,254,-4642,23,14,17,16,1
1775350800,16,83,0,0,0,0,no_volume,0,0,0,0,no_volume,0,0,0,0,no_volume,0,0,0,0,0,0,13932,8442,-0.2454,313,-6021,23,15,17,16,1
1775350801,16,83,0,0,0,0,no_volume,0,0,0,0,no_volume,0,0,0,0,no_volume,0,0,0,0,0,0,13591,8156,-0.2499,-552,-883,23,15,17,16,1
1775350802,16,83,0,0,0,0,no_volume,0,0,0,0,no_volume,0,0,0,0,no_volume,0,0,0,0,0,0,13591,7735,-0.2746,-865,-601,23,14,17,16,1
1775350803,16,83,0,0,0,0,no_volume,0,0,0,0,no_volume,0,0,0,0,no_volume,0,0,0,0,0,0,13591,8946,-0.2061,-341,-601,23,14,17,16,1
1775350804,16,83,0,0,0,0,no_volume,0,0,0,0,no_volume,0,0,0,0,no_volume,0,0,0,0,0,0,14391,8946,-0.2333,800,772,23,14,17,16,1
1775350805,16,83,0,0,0,0,no_volume,0,0,0,0,no_volume,0,0,0,0,no_volume,0,0,0,0,0,0,15662,8849,-0.278,2071,1460,24,14,17,16,1
1775350806,16,83,0,0,0,0,no_volume,0,0,0,0,no_volume,0,0,0,0,no_volume,0,0,0,0,0,0,15662,9272,-0.2563,2071,1460,24,14,17,16,1
1775350807,16,83,0,0,0,0,no_volume,0,0,0,0,no_volume,0,0,0,0,no_volume,0,0,0,0,0,0,15391,8958,-0.2642,1000,1772,24,14,17,16,1
1775350808,16,83,0,0,0,0,no_volume,0,0,0,0,no_volume,0,0,0,0,no_volume,0,0,0,0,0,0,10388,8562,-0.0964,-5274,-3755,21,14,17,16,1
1775350809,16,83,0,0,0,0,no_volume,0,0,0,0,no_volume,0,0,0,0,no_volume,0,0,0,0,0,0,10890,8939,-0.0984,-4772,-3566,22,14,17,16,1
1775350810,16,83,0,0,0,0,no_volume,0,0,0,0,no_volume,0,0,0,0,no_volume,0,0,0,0,0,0,11418,8939,-0.1218,-3973,-2514,22,14,17,16,1
1775350811,16,83,0,0,0,0,no_volume,0,0,0,0,no_volume,0,0,0,0,no_volume,0,0,0,0,0,0,10417,8562,-0.0977,29,-3174,22,14,17,16,1
1775350812,16,83,0,0,0,0,no_volume,0,0,0,0,no_volume,0,0,0,0,no_volume,0,0,0,0,0,0,15461,13422,-0.0706,4571,1870,23,14,17,16,1
1775350813,16,83,0,0,0,0,no_volume,0,0,0,0,no_volume,0,0,0,0,no_volume,0,0,0,0,0,0,16736,13707,-0.0995,5318,3145,24,14,17,16,1
1775350814,16,83,0,0,0,0,no_volume,0,0,0,0,no_volume,0,0,0,0,no_volume,0,0,0,0,0,0,16932,12934,-0.1339,6515,2541,25,14,17,16,1
1775350815,16,83,0,0,0,0,no_volume,0,0,0,0,no_volume,0,0,0,0,no_volume,0,0,0,0,0,0,17657,12649,-0.1652,2196,1995,26,14,17,16,1
1775350816,16,83,0,0,0,0,no_volume,0,0,0,0,no_volume,0,0,0,0,no_volume,0,0,0,0,0,0,17096,13042,-0.1345,360,1434,26,14,17,16,1
1775350817,16,83,0,0,0,0,no_volume,0,0,0,0,no_volume,0,0,0,0,no_volume,0,0,0,0,0,0,16531,13413,-0.1041,-401,1140,26,14,17,16,1
1775350818,16,83,0,0,0,0,no_volume,0,0,0,0,no_volume,0,0,0,0,no_volume,0,0,0,0,0,0,17531,13413,-0.1331,-126,7143,26,14,17,16,1
1775350819,16,83,0,0,0,0,no_volume,0,0,0,0,no_volume,0,0,0,0,no_volume,0,0,0,0,0,0,17354,12610,-0.1583,258,6464,26,13,17,16,1
1775350820,16,83,0,0,0,0,no_volume,0,0,0,0,no_volume,0,0,0,0,no_volume,0,0,0,0,0,0,17861,12979,-0.1583,1330,6443,26,13,17,16,1
1775350821,16,83,0,0,0,0,no_volume,0,0,0,0,no_volume,0,0,0,0,no_volume,0,0,0,0,0,0,13314,8220,-0.2366,-4217,2897,27,13,17,16,1
1775350822,17,82,0,10,0,10,low_activity,0,10,0,10,low_activity,0,10,0,10,low_activity,10,0,10,10,0,10,14026,12358,-0.0632,-3328,-1435,23,14,18,17,1
1775350823,17,82,0,10,0,10,low_activity,0,10,0,10,low_activity,0,10,0,10,low_activity,0,0,0,10,0,10,15522,12659,-0.1016,-2339,-1214,24,15,18,17,1
1775350824,17,82,0,10,0,10,low_activity,0,10,0,10,low_activity,0,10,0,10,low_activity,0,0,0,10,0,10,16522,12659,-0.1324,3208,-410,25,15,18,17,1
1775350825,17,82,0,0,0,0,no_volume,0,10,0,10,low_activity,0,10,0,10,low_activity,0,0,0,10,0,10,17026,12268,-0.1624,3000,-631,26,14,18,17,1
1775350826,17,82,0,0,0,0,no_volume,0,10,0,10,low_activity,0,10,0,10,low_activity,0,0,0,10,0,10,17409,12983,-0.1456,1887,313,28,15,18,17,1
1775350827,17,82,0,0,0,0,no_volume,0,0,0,0,no_volume,0,10,0,10,low_activity,0,0,0,10,0,10,17336,12591,-0.1586,814,805,27,15,18,17,1
1775350828,17,82,0,0,0,0,no_volume,0,0,0,0,no_volume,0,10,0,10,low_activity,0,0,0,10,0,10,17107,12661,-0.1494,81,-424,27,15,18,17,1
1775350829,17,82,0,0,0,0,no_volume,0,0,0,0,no_volume,0,10,0,10,low_activity,0,0,0,10,0,10,17107,12661,-0.1494,-302,-247,27,15,18,17,1
1775350830,17,82,0,0,0,0,no_volume,0,0,0,0,no_volume,0,10,0,10,low_activity,0,0,0,10,0,10,16526,12268,-0.1479,-810,-1335,26,14,18,17,1
1775350831,17,81,0,0,0,0,low_activity,0,0,0,0,low_activity,0,10,0,10,low_activity,5,0,5,15,0,15,17124,12652,-0.1502,17,3810,26,15,19,17,2
1775350832,17,82,0,0,0,0,low_activity,0,0,0,0,low_activity,0,10,0,10,low_activity,0,0,0,15,0,15,14574,12652,-0.0706,-2533,548,23,15,18,17,1
1775350833,17,80,0,0,0,0,low_activity,0,0,0,0,low_activity,0,10,0,10,low_activity,0,0,0,15,0,15,10169,8119,-0.1121,-6357,-5353,20,15,20,17,3
1775350834,17,45,0,0,0,0,no_volume,0,0,0,0,low_activity,0,10,0,10,low_activity,0,0,0,15,0,15,10785,8548,-0.1157,-6339,-5737,22,16,55,17,38
1775350835,17,48,0,0,0,0,no_volume,0,0,0,0,low_activity,0,10,0,10,low_activity,0,0,0,15,0,15,10229,7810,-0.1341,-4345,-6797,24,14,52,17,35
1775350836,17,53,0,0,0,0,no_volume,0,0,0,0,no_volume,0,10,0,10,low_activity,0,0,0,15,0,15,10912,8162,-0.1442,743,-6497,27,14,47,17,30
1775350837,17,56,0,0,0,0,no_volume,0,0,0,0,no_volume,0,10,0,10,low_activity,0,0,0,15,0,15,10865,8143,-0.1432,80,-6471,24,14,44,17,27
1775350838,17,60,0,0,0,0,no_volume,0,0,0,0,no_volume,0,10,0,10,low_activity,0,0,0,15,0,15,10291,7828,-0.1359,62,-6816,24,14,40,17,23
1775350839,17,64,0,0,0,0,no_volume,0,0,0,0,no_volume,0,10,0,10,low_activity,0,0,0,15,0,15,11027,8465,-0.1314,115,-6080,25,14,36,17,19
1775350840,17,68,0,0,0,0,no_volume,0,0,0,0,no_volume,0,10,0,10,low_activity,0,0,0,15,0,15,10829,8489,-0.1211,-36,-5697,26,14,32,17,15
1775350841,17,72,0,0,0,0,no_volume,0,0,0,0,no_volume,0,10,0,10,low_activity,0,0,0,15,0,15,10069,7798,-0.1271,-222,-7055,28,14,28,17,11
1775350842,17,74,0,0,0,0,no_volume,0,0,0,0,no_volume,0,10,0,10,low_activity,0,0,0,15,0,15,10542,8200,-0.125,-485,-4032,27,14,26,17,9
1775350843,17,76,0,0,0,0,no_volume,0,0,0,0,no_volume,0,10,0,10,low_activity,0,0,0,15,0,15,10553,8200,-0.1255,-276,384,26,14,24,17,7
1775350844,17,77,0,0,0,0,no_volume,0,0,0,0,no_volume,0,10,0,10,low_activity,0,0,0,15,0,15,10110,7784,-0.13,41,-675,25,14,23,17,6
1775350845,17,77,0,0,0,0,no_volume,0,0,0,0,no_volume,0,10,0,10,low_activity,0,0,0,15,0,15,10581,8166,-0.1288,39,352,26,14,23,17,6
1775350846,17,79,0,0,0,0,no_volume,0,0,0,0,no_volume,0,10,0,10,low_activity,0,0,0,15,0,15,10279,8077,-0.12,-274,-633,25,14,21,17,4
1775350847,17,80,0,0,0,0,no_volume,0,0,0,0,no_volume,0,10,0,10,low_activity,0,0,0,15,0,15,10848,8475,-0.1228,738,-17,26,14,20,17,3
1775350848,17,80,0,0,0,0,no_volume,0,0,0,0,no_volume,0,10,0,10,low_activity,0,0,0,15,0,15,10584,8182,-0.128,3,293,27,14,20,17,3
1775350849,17,80,0,0,0,0,no_volume,0,0,0,0,no_volume,0,10,0,10,low_activity,0,0,0,15,0,15,10012,7784,-0.1252,-267,-1015,26,14,20,17,3
1775350850,17,80,0,0,0,0,no_volume,0,0,0,0,no_volume,0,10,0,10,low_activity,0,0,0,15,0,15,10559,8145,-0.1291,-289,-270,25,14,20,17,3
1775350851,17,80,0,0,0,0,no_volume,0,0,0,0,no_volume,0,10,0,10,low_activity,0,0,0,15,0,15,10590,8235,-0.1251,6,521,27,14,20,17,3
1775350852,17,81,0,0,0,0,no_volume,0,0,0,0,no_volume,0,0,0,0,low_activity,0,0,0,15,0,15,10565,8232,-0.1241,553,23,27,14,19,17,2
1775350853,17,80,0,0,0,0,no_volume,0,0,0,0,no_volume,0,0,0,0,low_activity,0,0,0,15,0,15,10889,8649,-0.1146,330,336,27,14,20,17,3
1775350854,17,80,0,0,0,0,no_volume,0,0,0,0,no_volume,0,0,0,0,low_activity,0,0,0,15,0,15,10334,8131,-0.1193,-256,224,24,14,20,17,3
1775350855,17,80,0,0,0,0,no_volume,0,0,0,0,no_volume,0,0,0,0,low_activity,0,0,0,15,0,15,10477,8319,-0.1148,-88,-104,26,14,20,17,3
1775350856,17,80,0,0,0,0,no_volume,0,0,0,0,no_volume,0,0,0,0,low_activity,0,0,0,15,0,15,10477,8231,-0.1201,-412,198,27,14,20,17,3
1775350857,17,80,0,0,0,0,no_volume,0,0,0,0,no_volume,0,0,0,0,low_activity,0,0,0,15,0,15,9948,7797,-0.1212,-386,-900,24,14,20,17,3
1775350858,17,80,0,0,0,0,low_activity,0,0,0,0,low_activity,0,0,0,0,low_activity,9,0,9,24,0,24,10432,8202,-0.1197,-45,-152,26,14,20,17,3
1775350859,17,80,0,0,0,0,low_activity,0,0,0,0,low_activity,0,0,0,0,low_activity,0,0,0,24,0,24,10432,8202,-0.1197,-45,420,26,14,20,17,3
1775350860,17,80,0,0,0,0,low_activity,0,0,0,0,low_activity,0,0,0,0,low_activity,0,0,0,24,0,24,9939,7797,-0.1208,-9,-620,24,14,20,17,3
1775350861,17,80,0,0,0,0,no_volume,0,0,0,0,low_activity,0,0,0,0,low_activity,0,0,0,24,0,24,10481,8298,-0.1162,49,-109,25,14,20,17,3
1775350862,17,80,0,0,0,0,no_volume,0,0,0,0,low_activity,0,0,0,0,low_activity,0,0,0,24,0,24,10794,8468,-0.1208,362,229,27,14,20,17,3
1775350863,17,80,0,0,0,0,no_volume,0,0,0,0,no_volume,0,0,0,0,low_activity,0,0,0,24,0,24,10740,8478,-0.1177,801,-149,27,15,20,17,3
1775350864,17,80,0,0,0,0,no_volume,0,0,0,0,no_volume,0,0,0,0,low_activity,0,0,0,24,0,24,10459,8218,-0.12,-22,125,26,15,20,17,3
1775350865,17,80,0,0,0,0,no_volume,0,0,0,0,no_volume,0,0,0,0,low_activity,0,0,0,24,0,24,10653,8608,-0.1062,-141,176,26,14,20,17,3
1775350866,17,80,0,0,0,0,no_volume,0,0,0,0,no_volume,0,0,0,0,low_activity,0,0,0,24,0,24,11177,8187,-0.1544,437,700,27,14,20,17,3
1775350867,17,82,0,0,0,0,no_volume,0,0,0,0,no_volume,0,0,0,0,low_activity,0,0,0,24,0,24,17419,12666,-0.158,6960,7471,27,14,18,17,1
1775350868,17,82,0,0,0,0,no_volume,0,0,0,0,no_volume,0,0,0,0,low_activity,0,0,0,24,0,24,17865,12266,-0.1858,7212,7433,26,14,18,17,1
1775350869,17,82,0,0,0,0,no_volume,0,0,0,0,no_volume,0,0,0,0,low_activity,0,0,0,24,0,24,19703,12975,-0.2059,8526,9271,29,15,18,17,1
1775350870,17,82,0,0,0,0,no_volume,0,0,0,0,no_volume,0,0,0,0,low_activity,0,0,0,24,0,24,20228,12588,-0.2328,2809,10289,30,15,18,17,1
1775350871,17,82,0,0,0,0,no_volume,0,0,0,0,no_volume,0,0,0,0,low_activity,0,0,0,24,0,24,20455,12623,-0.2368,2590,9974,30,15,18,17,1
1775350872,16,82,0,0,0,0,no_volume,0,0,0,0,no_volume,0,0,0,0,low_activity,0,0,0,24,0,24,19705,12116,-0.2385,2,8911,30,14,18,16,2
1775350873,16,82,0,0,0,0,no_volume,0,0,0,0,no_volume,0,0,0,0,low_activity,0,0,0,24,0,24,19970,12495,-0.2302,-258,9230,29,13,18,16,2
1775350874,16,82,0,0,0,0,no_volume,0,0,0,0,no_volume,0,0,0,0,low_activity,0,0,0,24,0,24,20562,12951,-0.2271,107,10103,30,13,18,16,2
1775350875,16,82,0,0,0,0,no_volume,0,0,0,0,no_volume,0,0,0,0,low_activity,0,0,0,24,0,24,20843,13281,-0.2216,1138,10190,30,13,18,16,2
1775350876,16,82,0,0,0,0,no_volume,0,0,0,0,no_volume,0,0,0,0,low_activity,0,0,0,24,0,24,20311,12921,-0.2224,341,9134,29,13,18,16,2
1775350877,16,82,0,0,0,0,no_volume,0,0,0,0,no_volume,0,0,0,0,low_activity,0,0,0,24,0,24,20585,12994,-0.2261,23,3166,29,13,18,16,2
1775350878,16,82,0,0,0,0,no_volume,0,0,0,0,no_volume,0,0,0,0,low_activity,0,0,0,24,0,24,20585,12994,-0.2261,-258,2720,29,13,18,16,2
1775350879,16,82,0,0,0,0,no_volume,0,0,0,0,no_volume,0,0,0,0,low_activity,0,0,0,24,0,24,20039,12591,-0.2283,-272,336,28,13,18,16,2
1775350880,16,82,0,0,0,0,no_volume,0,0,0,0,no_volume,0,0,0,0,low_activity,0,0,0,24,0,24,20615,13016,-0.226,30,387,29,13,18,16,2
1775350881,16,82,0,0,0,0,no_volume,0,0,0,0,no_volume,0,0,0,0,low_activity,0,0,0,24,0,24,18736,12281,-0.2081,-1849,-1719,28,13,18,16,2
1775350882,16,82,0,0,0,0,no_volume,0,0,0,0,no_volume,0,0,0,0,low_activity,0,0,0,14,0,14,19563,12916,-0.2047,-476,-142,29,13,18,16,2
1775350883,16,82,0,0,0,0,no_volume,0,0,0,0,no_volume,0,0,0,0,low_activity,0,0,0,14,0,14,19563,12916,-0.2047,-1052,-407,29,13,18,16,2
1775350884,16,82,0,0,0,0,no_volume,0,0,0,0,no_volume,0,0,0,0,low_activity,0,0,0,14,0,14,18736,12281,-0.2081,0,-1826,28,13,18,16,2
1775350885,16,82,0,0,0,0,no_volume,0,0,0,0,no_volume,0,0,0,0,low_activity,0,0,0,14,0,14,18726,12695,-0.1919,-837,-2117,28,13,18,16,2
1775350886,16,82,0,0,0,0,no_volume,0,0,0,0,no_volume,0,0,0,0,low_activity,0,0,0,14,0,14,18736,12695,-0.1922,-827,-1575,28,13,18,16,2
1775350887,16,82,0,0,0,0,no_volume,0,0,0,0,no_volume,0,0,0,0,low_activity,0,0,0,14,0,14,18736,12281,-0.2081,0,-1849,28,13,18,16,2
1775350888,16,82,0,0,0,0,no_volume,0,0,0,0,no_volume,0,0,0,0,no_volume,0,0,0,14,0,14,19236,13087,-0.1902,510,-1349,28,13,18,16,2
1775350889,16,82,0,0,0,0,no_volume,0,0,0,0,no_volume,0,0,0,0,no_volume,0,0,0,14,0,14,18140,13368,-0.1515,-596,-1899,28,13,18,16,2
1775350890,16,82,0,0,0,0,no_volume,0,0,0,0,no_volume,0,0,0,0,no_volume,0,0,0,14,0,14,18140,13368,-0.1515,-596,-2475,28,13,18,16,2
1775350891,16,83,0,0,0,0,no_volume,0,0,0,0,no_volume,0,0,0,0,no_volume,0,0,0,9,0,9,16785,12608,-0.1421,-2451,-1951,28,13,17,16,1
1775350892,16,83,0,0,0,0,no_volume,0,0,0,0,no_volume,0,0,0,0,no_volume,0,0,0,9,0,9,16845,10539,-0.2303,-1295,-2718,28,14,17,16,1
1775350893,16,83,0,0,0,0,no_volume,0,0,0,0,no_volume,0,0,0,0,no_volume,0,0,0,9,0,9,17340,10539,-0.2439,-800,-2223,28,14,17,16,1
1775350894,16,83,0,0,0,0,no_volume,0,0,0,0,no_volume,0,0,0,0,no_volume,0,0,0,9,0,9,16855,10539,-0.2306,70,-1881,28,14,17,16,1
1775350895,16,83,0,0,0,0,no_volume,0,0,0,0,no_volume,0,0,0,0,no_volume,0,0,0,9,0,9,16847,10539,-0.2303,2,-1879,28,14,17,16,1
1775350896,16,83,0,0,0,0,no_volume,0,0,0,0,no_volume,0,0,0,0,no_volume,0,0,0,9,0,9,18188,10539,-0.2663,848,-548,28,14,17,16,1
1775350897,16,83,0,0,0,0,no_volume,0,0,0,0,no_volume,0,0,0,0,no_volume,0,0,0,9,0,9,18188,10539,-0.2663,1333,-548,28,14,17,16,1
1775350898,16,83,0,0,0,0,no_volume,0,0,0,0,no_volume,0,0,0,0,no_volume,0,0,0,9,0,9,17653,10539,-0.2523,806,-1583,28,14,17,16,1
1775350899,16,82,0,0,0,0,no_volume,0,0,0,0,no_volume,0,0,0,0,no_volume,0,0,0,9,0,9,18506,10827,-0.2618,318,366,27,14,18,16,2
1775350900,16,82,0,0,0,0,no_volume,0,0,0,0,no_volume,0,0,0,0,no_volume,0,0,0,9,0,9,17653,10521,-0.2531,-535,-487,27,13,18,16,2
1775350901,16,82,0,0,0,0,no_volume,0,0,0,0,no_volume,0,0,0,0,no_volume,0,0,0,9,0,9,18145,10538,-0.2652,492,1360,28,13,18,16,2
1775350902,16,82,0,0,0,0,no_volume,0,0,0,0,no_volume,0,0,0,0,no_volume,0,0,0,9,0,9,18145,10538,-0.2652,-361,1300,28,13,18,16,2
1775350903,16,82,0,0,0,0,no_volume,0,0,0,0,no_volume,0,0,0,0,no_volume,0,0,0,9,0,9,18225,10538,-0.2673,572,885,28,13,18,16,2
1775350904,16,82,0,0,0,0,no_volume,0,0,0,0,no_volume,0,0,0,0,no_volume,0,0,0,9,0,9,18225,10538,-0.2673,80,1370,28,13,18,16,2
1775350905,16,82,0,0,0,0,no_volume,0,0,0,0,no_volume,0,0,0,0,no_volume,0,0,0,9,0,9,17945,10866,-0.2457,-200,1098,28,13,18,16,2
1775350906,16,82,0,0,0,0,no_volume,0,0,0,0,no_volume,0,0,0,0,no_volume,0,0,0,9,0,9,17945,10866,-0.2457,-280,-243,28,13,18,16,2
1775350907,16,82,0,0,0,0,no_volume,0,0,0,0,no_volume,0,0,0,0,no_volume,0,0,0,9,0,9,18161,10538,-0.2656,-64,-27,28,13,18,16,2
1775350908,16,82,0,0,0,0,no_volume,0,0,0,0,no_volume,0,0,0,0,no_volume,0,0,0,9,0,9,17653,10538,-0.2524,-292,0,27,13,18,16,2
1775350909,16,82,0,0,0,0,no_volume,0,0,0,0,no_volume,0,0,0,0,no_volume,0,0,0,9,0,9,18165,10538,-0.2657,220,-341,28,13,18,16,2
1775350910,16,82,0,0,0,0,no_volume,0,0,0,0,no_volume,0,0,0,0,no_volume,0,0,0,9,0,9,18165,10538,-0.2657,4,512,28,13,18,16,2
1775350911,16,82,0,0,0,0,no_volume,0,0,0,0,no_volume,0,0,0,0,no_volume,0,0,0,9,0,9,17944,10538,-0.26,291,-201,28,13,18,16,2
1775350912,16,82,0,0,0,0,no_volume,0,0,0,0,no_volume,0,0,0,0,no_volume,0,0,0,9,0,9,18456,10538,-0.2731,291,311,28,13,18,16,2
1775350913,16,82,0,0,0,0,no_volume,0,0,0,0,no_volume,0,0,0,0,no_volume,0,0,0,9,0,9,18165,10538,-0.2657,0,-60,28,13,18,16,2
1775350914,16,82,0,0,0,0,no_volume,0,0,0,0,no_volume,0,0,0,0,no_volume,0,0,0,9,0,9,17653,10538,-0.2524,-291,-572,27,13,18,16,2
1775350915,16,82,0,0,0,0,no_volume,0,0,0,0,no_volume,0,0,0,0,no_volume,0,0,0,9,0,9,17653,10538,-0.2524,-803,-292,27,13,18,16,2
1775350916,16,82,0,0,0,0,no_volume,0,0,0,0,no_volume,0,0,0,0,no_volume,0,0,0,9,0,9,17952,10538,-0.2602,-213,7,28,13,18,16,2
1775350917,16,82,0,0,0,0,no_volume,0,0,0,0,no_volume,0,0,0,0,no_volume,0,0,0,9,0,9,17952,10538,-0.2602,299,-209,28,13,18,16,2
1775350918,16,82,0,0,0,0,no_volume,0,0,0,0,no_volume,0,0,0,0,no_volume,0,0,0,0,0,0,17653,10538,-0.2524,0,0,27,13,18,16,2
1775350919,16,82,0,0,0,0,no_volume,0,0,0,0,no_volume,0,0,0,0,no_volume,0,0,0,0,0,0,17653,10538,-0.2524,-299,-512,27,13,18,16,2
1775350920,16,82,0,0,0,0,no_volume,0,0,0,0,no_volume,0,0,0,0,no_volume,0,0,0,0,0,0,17653,10538,-0.2524,-299,-512,27,13,18,16,2
1775350921,16,82,0,0,0,0,no_volume,0,0,0,0,no_volume,0,0,0,0,no_volume,0,0,0,0,0,0,17653,10538,-0.2524,0,-291,27,13,18,16,2
1775350922,16,82,0,0,0,0,no_volume,0,0,0,0,no_volume,0,0,0,0,no_volume,0,0,0,0,0,0,17653,10538,-0.2524,0,-803,27,13,18,16,2
1775350923,16,82,0,0,0,0,no_volume,0,0,0,0,no_volume,0,0,0,0,no_volume,0,0,0,0,0,0,17653,10538,-0.2524,0,-512,27,13,18,16,2
1775350924,16,82,0,0,0,0,no_volume,0,0,0,0,no_volume,0,0,0,0,no_volume,0,0,0,0,0,0,17653,10538,-0.2524,0,0,27,13,18,16,2
1775350925,16,82,0,0,0,0,no_volume,0,0,0,0,no_volume,0,0,0,0,no_volume,0,0,0,0,0,0,17653,10538,-0.2524,0,0,27,13,18,16,2
1775350926,16,82,0,0,0,0,no_volume,0,0,0,0,no_volume,0,0,0,0,no_volume,0,0,0,0,0,0,17653,10498,-0.2542,0,-299,27,13,18,16,2
1775350927,16,82,0,0,0,0,no_volume,0,0,0,0,no_volume,0,0,0,0,no_volume,0,0,0,0,0,0,17653,10541,-0.2523,0,-299,27,14,18,16,2
1775350928,16,82,0,0,0,0,no_volume,0,0,0,0,no_volume,0,0,0,0,no_volume,0,0,0,0,0,0,17653,10541,-0.2523,0,0,27,14,18,16,2
1775350929,16,82,0,0,0,0,no_volume,0,0,0,0,no_volume,0,0,0,0,no_volume,0,0,0,0,0,0,17955,10541,-0.2602,302,302,28,14,18,16,2
1775350930,16,82,0,0,0,0,no_volume,0,0,0,0,no_volume,0,0,0,0,no_volume,0,0,0,0,0,0,17653,10541,-0.2523,0,0,27,14,18,16,2
1775350931,16,82,0,0,0,0,no_volume,0,0,0,0,no_volume,0,0,0,0,no_volume,0,0,0,0,0,0,17653,10541,-0.2523,0,0,27,14,18,16,2
1775350932,16,82,0,0,0,0,no_volume,0,0,0,0,no_volume,0,0,0,0,no_volume,0,0,0,0,0,0,17653,10541,-0.2523,-302,0,27,14,18,16,2
1775350933,16,82,0,0,0,0,no_volume,0,0,0,0,no_volume,0,0,0,0,no_volume,0,0,0,0,0,0,17653,10541,-0.2523,0,0,27,14,18,16,2
1775350934,16,82,0,0,0,0,no_volume,0,0,0,0,no_volume,0,0,0,0,no_volume,0,0,0,0,0,0,17653,9735,-0.2891,0,0,27,14,18,16,2
1775350935,16,82,0,0,0,0,no_volume,0,0,0,0,no_volume,0,0,0,0,no_volume,0,0,0,0,0,0,17653,10543,-0.2522,0,0,27,14,18,16,2
1775350936,16,82,0,0,0,0,no_volume,0,0,0,0,no_volume,0,0,0,0,no_volume,0,0,0,0,0,0,17653,10543,-0.2522,0,0,27,14,18,16,2
1775350937,16,83,0,0,0,0,no_volume,0,0,0,0,no_volume,0,0,0,0,no_volume,0,0,0,0,0,0,17901,8542,-0.3539,248,248,26,14,17,16,1
1775350938,16,83,0,0,0,0,no_volume,0,0,0,0,no_volume,0,0,0,0,no_volume,0,0,0,0,0,0,17901,8542,-0.3539,248,248,26,14,17,16,1
1775350939,15,83,0,0,0,0,no_volume,0,0,0,0,no_volume,0,0,0,0,no_volume,0,0,0,0,0,0,17811,8490,-0.3544,158,-144,26,13,17,15,2
1775350940,15,83,0,0,0,0,no_volume,0,0,0,0,no_volume,0,0,0,0,no_volume,0,0,0,0,0,0,18692,8580,-0.3708,791,1039,27,13,17,15,2
1775350941,15,83,0,0,0,0,no_volume,0,0,0,0,no_volume,0,0,0,0,no_volume,0,0,0,0,0,0,17811,8580,-0.3498,-90,158,26,13,17,15,2
1775350942,15,83,0,0,0,0,no_volume,0,0,0,0,no_volume,0,0,0,0,no_volume,0,0,0,0,0,0,18374,8963,-0.3443,563,721,27,13,17,15,2
1775350943,15,83,0,0,0,0,no_volume,0,0,0,0,no_volume,0,0,0,0,no_volume,0,0,0,0,0,0,18364,8965,-0.3439,-328,711,27,13,17,15,2
1775350944,15,83,0,0,0,0,no_volume,0,0,0,0,no_volume,0,0,0,0,no_volume,0,0,0,0,0,0,18076,8534,-0.3586,265,423,27,13,17,15,2
1775350945,15,83,0,0,0,0,no_volume,0,0,0,0,no_volume,0,0,0,0,no_volume,0,0,0,0,0,0,18569,8942,-0.3499,195,916,28,13,17,15,2
1775350946,15,83,0,0,0,0,no_volume,0,0,0,0,no_volume,0,0,0,0,no_volume,0,0,0,0,0,0,18294,8942,-0.3434,-70,641,27,13,17,15,2
1775350947,15,83,0,0,0,0,no_volume,0,0,0,0,no_volume,0,0,0,0,no_volume,0,0,0,0,0,0,17801,8534,-0.3519,-275,-100,26,13,17,15,2
1775350948,15,83,0,0,0,0,no_volume,0,0,0,0,no_volume,0,0,0,0,no_volume,0,0,0,0,0,0,18307,8917,-0.3449,-262,406,27,13,17,15,2
1775350949,15,83,0,0,0,0,no_volume,0,0,0,0,no_volume,0,0,0,0,no_volume,0,0,0,0,0,0,18307,8910,-0.3453,13,496,27,13,17,15,2
1775350950,15,83,0,0,0,0,no_volume,0,0,0,0,no_volume,0,0,0,0,no_volume,0,0,0,0,0,0,18601,9188,-0.3387,800,-91,27,13,17,15,2
1775350951,14,83,0,0,0,0,no_volume,0,0,0,0,no_volume,0,0,0,0,no_volume,0,0,0,0,0,0,17295,8414,-0.3454,-1012,-516,26,12,17,14,3
1775350952,14,84,0,0,0,0,no_volume,0,0,0,0,no_volume,0,0,0,0,no_volume,0,0,0,0,0,0,12497,4055,-0.51,-5810,-5877,26,13,16,14,2
1775350953,15,84,0,0,0,0,no_volume,0,0,0,0,no_volume,0,0,0,0,no_volume,0,0,0,0,0,0,16972,8165,-0.3504,-1629,-1392,26,14,16,15,1
1775350954,15,84,0,0,0,0,no_volume,0,0,0,0,no_volume,0,0,0,0,no_volume,0,0,0,0,0,0,16942,8179,-0.3488,-353,-1134,26,14,16,15,1
1775350955,15,84,0,0,0,0,no_volume,0,0,0,0,no_volume,0,0,0,0,no_volume,0,0,0,0,0,0,16453,7930,-0.3495,3956,-2116,26,14,16,15,1
1775350956,14,84,0,0,0,0,no_volume,0,0,0,0,no_volume,0,0,0,0,no_volume,0,0,0,0,0,0,17312,8724,-0.3299,340,-982,26,13,16,14,2
1775350957,14,84,0,0,0,0,no_volume,0,0,0,0,no_volume,0,0,0,0,no_volume,0,0,0,0,0,0,17374,8634,-0.3361,432,-427,26,13,16,14,2
1775350958,14,84,0,0,0,0,no_volume,0,0,0,0,no_volume,0,0,0,0,no_volume,0,0,0,0,0,0,16558,7930,-0.3523,105,-1749,26,13,16,14,2
1775350959,14,84,0,0,0,0,no_volume,0,0,0,0,no_volume,0,0,0,0,no_volume,0,0,0,0,0,0,17119,8342,-0.3447,-193,-1188,26,13,16,14,2
1775350960,14,84,0,0,0,0,no_volume,0,0,0,0,no_volume,0,0,0,0,no_volume,0,0,0,0,0,0,17119,8342,-0.3447,-255,-1482,26,13,16,14,2
1775350961,14,84,0,0,0,0,no_volume,0,0,0,0,no_volume,0,0,0,0,no_volume,0,0,0,0,0,0,16557,7680,-0.3663,-1,-738,26,12,16,14,2
1775350962,14,84,0,0,0,0,no_volume,0,0,0,0,no_volume,0,0,0,0,no_volume,0,0,0,0,0,0,17363,8342,-0.3509,244,4866,26,12,16,14,2
1775350963,14,84,0,0,0,0,no_volume,0,0,0,0,no_volume,0,0,0,0,no_volume,0,0,0,0,0,0,17363,8342,-0.3509,244,391,26,12,16,14,2
1775350964,14,84,0,0,0,0,no_volume,0,0,0,0,no_volume,0,0,0,0,no_volume,0,0,0,0,0,0,17363,8342,-0.3509,806,421,26,12,16,14,2
1775350965,15,84,0,0,0,0,no_volume,0,0,0,0,no_volume,0,0,0,0,no_volume,0,0,0,0,0,0,17861,10937,-0.2404,498,1408,27,14,16,15,1
1775350966,15,84,0,0,0,0,no_volume,0,0,0,0,no_volume,0,0,0,0,no_volume,0,0,0,0,0,0,18855,10762,-0.2733,1492,1543,28,14,16,15,1
1775350967,15,84,0,0,0,0,no_volume,0,0,0,0,no_volume,0,0,0,0,no_volume,0,0,0,0,0,0,19597,10751,-0.2915,2234,2223,29,13,16,15,1
1775350968,15,83,0,0,0,0,no_volume,0,0,0,0,no_volume,0,0,0,0,no_volume,0,0,0,0,0,0,20649,11123,-0.2998,2788,4091,29,13,17,15,2
1775350969,15,83,0,0,0,0,no_volume,0,0,0,0,no_volume,0,0,0,0,no_volume,0,0,0,0,0,0,19834,10480,-0.3086,979,2715,28,13,17,15,2
1775350970,15,83,0,0,0,0,no_volume,0,0,0,0,no_volume,0,0,0,0,no_volume,0,0,0,0,0,0,19834,10480,-0.3086,237,2715,28,13,17,15,2
1775350971,15,83,0,0,0,0,no_volume,0,0,0,0,no_volume,0,0,0,0,no_volume,0,0,0,0,0,0,20409,10880,-0.3045,-240,3852,28,13,17,15,2
1775350972,15,83,0,0,0,0,no_volume,0,0,0,0,no_volume,0,0,0,0,no_volume,0,0,0,0,0,0,17974,11597,-0.2157,-1860,611,28,13,17,15,2
1775350973,15,83,0,0,0,0,no_volume,0,0,0,0,no_volume,0,0,0,0,no_volume,0,0,0,0,0,0,18486,11166,-0.2469,-1348,1123,28,14,17,15,2
1775350974,15,83,0,0,0,0,no_volume,0,0,0,0,no_volume,0,0,0,0,no_volume,0,0,0,0,0,0,18227,10860,-0.2533,-2182,864,28,14,17,15,2
1775350975,15,83,0,0,0,0,no_volume,0,0,0,0,no_volume,0,0,0,0,no_volume,0,0,0,0,0,0,18270,10893,-0.253,296,409,28,13,17,15,2
1775350976,15,83,0,0,0,0,no_volume,0,0,0,0,no_volume,0,0,0,0,no_volume,0,0,0,0,0,0,18270,10893,-0.253,-216,-585,28,13,17,15,2
1775350977,16,83,0,0,0,0,no_volume,0,0,0,0,no_volume,0,0,0,0,no_volume,0,0,0,0,0,0,15663,11722,-0.1439,-2564,-3934,27,14,17,16,1
1775350978,16,83,0,0,0,0,no_volume,0,0,0,0,no_volume,0,0,0,0,no_volume,0,0,0,0,0,0,16412,12113,-0.1507,-1858,-4237,26,14,17,16,1
1775350979,15,82,0,0,0,0,no_volume,0,0,0,0,no_volume,0,0,0,0,no_volume,0,0,0,0,0,0,9638,5982,-0.2341,-8632,-10196,24,13,18,15,3
1775350980,16,80,0,0,0,0,no_volume,0,0,0,0,no_volume,0,0,0,0,no_volume,0,0,0,0,0,0,9334,5918,-0.224,-6329,-10500,22,14,20,16,4
1775350981,17,80,0,0,0,0,no_volume,0,0,0,0,no_volume,0,0,0,0,no_volume,0,0,0,0,0,0,9888,7269,-0.1526,-6524,-10521,23,15,20,17,3
1775350982,17,80,0,0,0,0,no_volume,0,0,0,0,no_volume,0,0,0,0,no_volume,0,0,0,0,0,0,9617,6943,-0.1615,-21,-8357,22,15,20,17,3
1775350983,17,80,0,0,0,0,no_volume,0,0,0,0,no_volume,0,0,0,0,no_volume,0,0,0,0,0,0,9617,6943,-0.1615,283,-8869,22,15,20,17,3
1775350984,17,80,0,0,0,0,no_volume,0,0,0,0,no_volume,0,0,0,0,no_volume,0,0,0,0,0,0,9091,5724,-0.2273,-797,-9136,20,15,20,17,3
1775350985,16,81,0,0,0,0,no_volume,0,0,0,0,no_volume,0,0,0,0,no_volume,0,0,0,0,0,0,9083,5701,-0.2288,-534,-9187,21,14,19,16,3
1775350986,16,82,0,0,0,0,no_volume,0,0,0,0,no_volume,0,0,0,0,no_volume,0,0,0,0,0,0,9083,5761,-0.2238,-534,-9187,22,14,18,16,2
1775350987,16,82,0,0,0,0,no_volume,0,0,0,0,no_volume,0,0,0,0,no_volume,0,0,0,0,0,0,14392,10087,-0.1759,5301,-1271,25,14,18,16,2
1775350988,16,82,0,0,0,0,no_volume,0,0,0,0,no_volume,0,0,0,0,no_volume,0,0,0,0,0,0,14723,10087,-0.1869,5640,-1689,25,14,18,16,2
1775350989,16,82,0,0,0,0,no_volume,0,0,0,0,no_volume,0,0,0,0,no_volume,0,0,0,0,0,0,14435,9760,-0.1932,5352,4797,24,14,18,16,2
1775350990,16,82,0,0,0,0,no_volume,0,0,0,0,no_volume,0,0,0,0,no_volume,0,0,0,0,0,0,14914,10179,-0.1887,522,5580,24,14,18,16,2
1775350991,16,82,0,0,0,0,no_volume,0,0,0,0,no_volume,0,0,0,0,no_volume,0,0,0,0,0,0,15322,10179,-0.2017,599,5434,25,14,18,16,2
1775350992,16,82,0,0,0,0,no_volume,0,0,0,0,no_volume,0,0,0,0,no_volume,0,0,0,0,0,0,15822,10991,-0.1802,1387,6205,25,14,18,16,2
1775350993,16,82,0,0,0,0,no_volume,0,0,0,0,no_volume,0,0,0,0,no_volume,0,0,0,0,0,0,15633,11314,-0.1603,719,6016,26,14,18,16,2
1775350994,16,82,0,0,0,0,no_volume,0,0,0,0,no_volume,0,0,0,0,no_volume,0,0,0,0,0,0,16445,11374,-0.1823,1123,7354,26,14,18,16,2
1775350995,16,82,0,0,0,0,no_volume,0,0,0,0,no_volume,0,0,0,0,no_volume,0,0,0,0,0,0,16074,11051,-0.1852,252,6991,25,14,18,16,2
1775350996,16,82,0,0,0,0,no_volume,0,0,0,0,no_volume,0,0,0,0,no_volume,0,0,0,0,0,0,16074,11052,-0.1851,441,6991,25,14,18,16,2
1775350997,16,82,0,0,0,0,no_volume,0,0,0,0,no_volume,0,0,0,0,no_volume,0,0,0,0,0,0,16473,11451,-0.1798,28,2081,25,14,18,16,2
1775350998,16,82,0,0,0,0,no_volume,0,0,0,0,no_volume,0,0,0,0,no_volume,0,0,0,0,0,0,16973,11450,-0.1943,899,2250,25,14,18,16,2
1775350999,16,83,0,0,0,0,no_volume,0,0,0,0,no_volume,0,0,0,0,no_volume,0,0,0,0,0,0,19010,11443,-0.2485,2936,4575,26,14,17,16,1
1775351000,16,83,0,0,0,0,no_volume,0,0,0,0,no_volume,0,0,0,0,no_volume,0,0,0,0,0,0,19010,11443,-0.2485,2537,4096,26,14,17,16,1
1775351001,16,83,0,0,0,0,no_volume,0,0,0,0,no_volume,0,0,0,0,no_volume,0,0,0,0,0,0,19010,11443,-0.2485,2037,3688,26,14,17,16,1
1775351002,16,83,0,0,0,0,no_volume,0,0,0,0,no_volume,0,0,0,0,no_volume,0,0,0,0,0,0,18920,11443,-0.2463,-90,3098,26,14,17,16,1
1775351003,16,83,0,0,0,0,no_volume,0,0,0,0,no_volume,0,0,0,0,no_volume,0,0,0,0,0,0,18619,11044,-0.2554,-391,2986,26,14,17,16,1
1775351004,16,83,0,0,0,0,no_volume,0,0,0,0,no_volume,0,0,0,0,no_volume,0,0,0,0,0,0,18619,11044,-0.2554,-391,2174,26,14,17,16,1
1775351005,16,83,0,0,0,0,no_volume,0,0,0,0,no_volume,0,0,0,0,no_volume,0,0,0,0,0,0,18619,11044,-0.2554,-301,2545,26,14,17,16,1
1775351006,16,83,0,0,0,0,no_volume,0,0,0,0,no_volume,0,0,0,0,no_volume,0,0,0,0,0,0,18619,11044,-0.2554,0,2545,26,14,17,16,1
1775351007,16,83,0,0,0,0,no_volume,0,0,0,0,no_volume,0,0,0,0,no_volume,0,0,0,0,0,0,18619,11044,-0.2554,0,2146,26,14,17,16,1
1775351008,16,83,0,0,0,0,no_volume,0,0,0,0,no_volume,0,0,0,0,no_volume,0,0,0,0,0,0,18500,11074,-0.2511,-119,1527,24,15,17,16,1
1775351009,16,83,0,0,0,0,no_volume,0,0,0,0,no_volume,0,0,0,0,no_volume,0,0,0,0,0,0,18500,11074,-0.2511,-119,-510,24,15,17,16,1
1775351010,16,83,0,0,0,0,no_volume,0,0,0,0,no_volume,0,0,0,0,no_volume,0,0,0,0,0,0,18480,11044,-0.2519,-139,-530,24,15,17,16,1
1775351011,16,83,0,0,0,0,no_volume,0,0,0,0,no_volume,0,0,0,0,no_volume,0,0,0,0,0,0,18480,11044,-0.2519,-20,-530,24,15,17,16,1
1775351012,16,83,0,0,0,0,no_volume,0,0,0,0,no_volume,0,0,0,0,no_volume,0,0,0,0,0,0,18480,11044,-0.2519,-20,-440,24,15,17,16,1
1775351013,16,83,0,0,0,0,no_volume,0,0,0,0,no_volume,0,0,0,0,no_volume,0,0,0,0,0,0,18490,11044,-0.2521,10,-129,24,15,17,16,1
1775351014,15,83,0,0,0,0,no_volume,0,0,0,0,no_volume,0,0,0,0,no_volume,0,0,0,0,0,0,18490,10565,-0.2728,10,-129,24,14,17,15,2
1775351015,15,83,0,0,0,0,no_volume,0,0,0,0,no_volume,0,0,0,0,no_volume,0,0,0,0,0,0,18490,10565,-0.2728,10,-129,24,14,17,15,2
1775351016,15,83,0,0,0,0,no_volume,0,0,0,0,no_volume,0,0,0,0,no_volume,0,0,0,0,0,0,18490,10565,-0.2728,0,-129,24,14,17,15,2
1775351017,15,83,0,0,0,0,no_volume,0,0,0,0,no_volume,0,0,0,0,no_volume,0,0,0,0,0,0,18510,10565,-0.2733,20,-109,24,14,17,15,2
1775351018,15,83,0,0,0,0,no_volume,0,0,0,0,no_volume,0,0,0,0,no_volume,0,0,0,0,0,0,18510,10565,-0.2733,20,10,24,14,17,15,2
1775351019,15,83,0,0,0,0,no_volume,0,0,0,0,no_volume,0,0,0,0,no_volume,0,0,0,0,0,0,18510,10565,-0.2733,20,10,24,14,17,15,2
1775351020,15,83,0,0,0,0,no_volume,0,0,0,0,no_volume,0,0,0,0,no_volume,0,0,0,0,0,0,18510,10565,-0.2733,0,30,24,14,17,15,2
1775351021,15,83,0,0,0,0,no_volume,0,0,0,0,no_volume,0,0,0,0,no_volume,0,0,0,0,0,0,17198,9753,-0.2762,-1312,-1282,24,14,17,15,2
1775351022,15,83,0,0,0,0,no_volume,0,0,0,0,no_volume,0,0,0,0,no_volume,0,0,0,0,0,0,17198,9753,-0.2762,-1312,-1282,24,14,17,15,2
1775351023,16,83,0,0,0,0,no_volume,0,0,0,0,no_volume,0,0,0,0,no_volume,0,0,0,0,0,0,17198,10232,-0.254,-1312,-1292,24,15,17,16,1
1775351024,15,83,0,0,0,0,no_volume,0,0,0,0,no_volume,0,0,0,0,no_volume,0,0,0,0,0,0,17198,10232,-0.254,0,-1292,24,14,17,15,2
1775351025,15,83,0,27,0,27,low_activity,0,27,0,27,low_activity,0,27,0,27,low_activity,27,0,27,27,0,27,17171,11048,-0.217,-27,-1319,24,14,17,15,2
1775351026,15,83,0,27,0,27,low_activity,0,27,0,27,low_activity,0,27,0,27,low_activity,0,0,0,27,0,27,17171,11048,-0.217,-27,-1319,24,14,17,15,2
1775351027,15,83,0,27,0,27,low_activity,0,27,0,27,low_activity,0,27,0,27,low_activity,0,0,0,27,0,27,18487,11048,-0.2519,1289,-23,24,14,17,15,2
1775351028,15,83,0,0,0,0,no_volume,0,27,0,27,low_activity,0,27,0,27,low_activity,0,0,0,27,0,27,18487,11048,-0.2519,1316,-23,24,14,17,15,2
1775351029,15,83,0,0,0,0,no_volume,0,27,0,27,low_activity,0,27,0,27,low_activity,0,0,0,27,0,27,18487,11048,-0.2519,1316,-23,24,14,17,15,2
1775351030,15,83,0,0,0,0,no_volume,0,0,0,0,no_volume,0,27,0,27,low_activity,0,0,0,27,0,27,18487,11048,-0.2519,0,-23,24,14,17,15,2
1775351031,15,83,0,0,0,0,no_volume,0,0,0,0,no_volume,0,27,0,27,low_activity,0,0,0,27,0,27,18487,11048,-0.2519,0,1289,24,14,17,15,2
1775351032,15,83,0,0,0,0,no_volume,0,0,0,0,no_volume,0,27,0,27,low_activity,0,0,0,27,0,27,18487,11048,-0.2519,0,1289,24,14,17,15,2
1775351033,15,83,0,0,0,0,no_volume,0,0,0,0,no_volume,0,27,0,27,low_activity,0,0,0,27,0,27,18487,11138,-0.2481,0,1289,24,14,17,15,2
1775351034,15,83,0,0,0,0,no_volume,0,0,0,0,no_volume,0,27,0,27,low_activity,0,0,0,27,0,27,18487,11138,-0.2481,0,1289,24,14,17,15,2
1775351035,15,83,0,0,0,0,no_volume,0,0,0,0,no_volume,0,27,0,27,low_activity,0,0,0,27,0,27,18487,11138,-0.2481,0,1316,24,14,17,15,2
1775351036,15,83,0,0,0,0,no_volume,0,0,0,0,no_volume,0,27,0,27,low_activity,0,0,0,27,0,27,18487,11138,-0.2481,0,1316,24,14,17,15,2
1775351037,15,83,0,0,0,0,no_volume,0,0,0,0,no_volume,0,27,0,27,low_activity,0,0,0,27,0,27,18487,11138,-0.2481,0,0,24,14,17,15,2
1775351038,15,83,0,0,0,0,no_volume,0,0,0,0,no_volume,0,27,0,27,low_activity,0,0,0,27,0,27,18487,11138,-0.2481,0,0,24,14,17,15,2
1775351039,15,83,0,0,0,0,no_volume,0,0,0,0,no_volume,0,27,0,27,low_activity,0,0,0,27,0,27,18487,11138,-0.2481,0,0,24,14,17,15,2
1775351040,15,83,0,0,0,0,no_volume,0,0,0,0,no_volume,0,27,0,27,low_activity,0,0,0,27,0,27,18487,11138,-0.2481,0,0,24,14,17,15,2
1775351041,15,83,0,0,0,0,no_volume,0,0,0,0,no_volume,0,27,0,27,low_activity,0,0,0,27,0,27,18487,11108,-0.2493,0,0,24,14,17,15,2
1775351042,15,83,0,0,0,0,no_volume,0,0,0,0,no_volume,0,27,0,27,low_activity,0,0,0,27,0,27,18487,11048,-0.2519,0,0,24,14,17,15,2
1775351043,15,83,0,0,0,0,no_volume,0,0,0,0,no_volume,0,27,0,27,low_activity,0,0,0,27,0,27,18487,11048,-0.2519,0,0,24,14,17,15,2
1775351044,15,83,0,0,0,0,no_volume,0,0,0,0,no_volume,0,27,0,27,low_activity,0,0,0,27,0,27,16487,9040,-0.2917,-2000,-2000,22,14,17,15,2
1775351045,15,83,0,0,0,0,no_volume,0,0,0,0,no_volume,0,27,0,27,low_activity,0,0,0,27,0,27,16573,9040,-0.2941,-1914,-1914,23,14,17,15,2
1775351046,15,83,0,0,0,0,no_volume,0,0,0,0,no_volume,0,27,0,27,low_activity,0,0,0,27,0,27,16573,9040,-0.2941,-1914,-1914,23,14,17,15,2
1775351047,15,83,0,0,0,0,no_volume,0,0,0,0,no_volume,0,27,0,27,low_activity,0,0,0,27,0,27,17122,9040,-0.3089,635,-1365,24,14,17,15,2
1775351048,15,83,0,0,0,0,no_volume,0,0,0,0,no_volume,0,27,0,27,low_activity,0,0,0,27,0,27,17122,9040,-0.3089,549,-1365,24,14,17,15,2
1775351049,15,83,0,0,0,0,no_volume,0,0,0,0,no_volume,0,27,0,27,low_activity,0,0,0,27,0,27,17122,9040,-0.3089,549,-1365,24,14,17,15,2
1775351050,15,83,0,0,0,0,no_volume,0,0,0,0,no_volume,0,27,0,27,low_activity,0,0,0,27,0,27,17122,9040,-0.3089,0,-1365,24,14,17,15,2
1775351051,15,83,0,0,0,0,no_volume,0,0,0,0,no_volume,0,27,0,27,low_activity,0,0,0,27,0,27,17122,9040,-0.3089,0,-1365,24,14,17,15,2
1775351052,15,84,0,0,0,0,low_activity,0,0,0,0,low_activity,0,27,0,27,low_activity,5,0,5,32,0,32,16321,9040,-0.2871,-801,-2166,25,14,16,15,1
1775351053,15,84,0,0,0,0,low_activity,0,0,0,0,low_activity,0,27,0,27,low_activity,0,0,0,32,0,32,11842,4501,-0.4492,-5280,-6645,25,13,16,15,1
1775351054,15,84,0,0,0,0,low_activity,0,0,0,0,low_activity,0,27,0,27,low_activity,0,0,0,32,0,32,11346,4691,-0.415,-5776,-5141,25,13,16,15,1
1775351055,15,84,0,0,0,0,no_volume,0,0,0,0,low_activity,0,0,0,0,low_activity,0,0,0,32,0,32,11365,4691,-0.4157,-4956,-5208,25,13,16,15,1
1775351056,15,84,0,0,0,0,no_volume,0,0,0,0,low_activity,0,0,0,0,low_activity,0,0,0,32,0,32,11460,4352,-0.4495,-382,-5113,25,13,16,15,1
1775351057,15,84,0,0,0,0,no_volume,0,0,0,0,no_volume,0,0,0,0,low_activity,0,0,0,32,0,32,10911,4352,-0.4297,-435,-6211,24,13,16,15,1
1775351058,15,84,0,0,0,0,no_volume,0,0,0,0,no_volume,0,0,0,0,low_activity,0,0,0,32,0,32,12321,4678,-0.4496,956,-4801,25,13,16,15,1
1775351059,15,84,0,0,0,0,no_volume,0,0,0,0,no_volume,0,0,0,0,low_activity,0,0,0,32,0,32,12263,6696,-0.2936,803,-4859,25,13,16,15,1
1775351060,15,84,0,0,0,0,no_volume,0,0,0,0,no_volume,0,0,0,0,low_activity,0,0,0,32,0,32,13632,6673,-0.3427,2721,-3490,25,13,16,15,1
1775351061,15,84,0,0,0,0,no_volume,0,0,0,0,no_volume,0,0,0,0,low_activity,0,0,0,32,0,32,13592,6696,-0.3399,1271,-3530,26,13,16,15,1
1775351062,15,84,0,0,0,0,no_volume,0,0,0,0,no_volume,0,0,0,0,low_activity,0,0,0,32,0,32,13592,6696,-0.3399,1329,-2729,26,13,16,15,1
1775351063,15,83,0,0,0,0,no_volume,0,0,0,0,no_volume,0,0,0,0,low_activity,0,0,0,32,0,32,13092,4588,-0.481,-540,1250,25,13,17,15,2
1775351064,15,83,0,0,0,0,no_volume,0,0,0,0,no_volume,0,0,0,0,low_activity,0,0,0,32,0,32,13092,4588,-0.481,-500,1746,25,13,17,15,2
1775351065,15,83,0,0,0,0,no_volume,0,0,0,0,no_volume,0,0,0,0,low_activity,0,0,0,32,0,32,13092,4588,-0.481,-500,1727,25,13,17,15,2
1775351066,15,83,0,0,0,0,no_volume,0,0,0,0,no_volume,0,0,0,0,low_activity,0,0,0,32,0,32,13092,4588,-0.481,0,1632,25,13,17,15,2
1775351067,15,83,0,0,0,0,no_volume,0,0,0,0,no_volume,0,0,0,0,low_activity,0,0,0,32,0,32,13068,4588,-0.4803,-24,2157,25,13,17,15,2
1775351068,15,83,0,0,0,0,no_volume,0,0,0,0,no_volume,0,0,0,0,low_activity,0,0,0,32,0,32,13092,4588,-0.481,0,771,25,13,17,15,2
1775351069,15,83,0,0,0,0,no_volume,0,0,0,0,no_volume,0,0,0,0,low_activity,0,0,0,32,0,32,13092,4588,-0.481,0,829,25,13,17,15,2
1775351070,15,83,0,0,0,0,no_volume,0,0,0,0,no_volume,0,0,0,0,low_activity,0,0,0,32,0,32,13092,4738,-0.4685,24,-540,25,13,17,15,2
1775351071,15,83,0,0,0,0,no_volume,0,0,0,0,no_volume,0,0,0,0,low_activity,0,0,0,32,0,32,13092,4678,-0.4735,0,-500,25,13,17,15,2
1775351072,15,83,0,0,0,0,no_volume,0,0,0,0,no_volume,0,0,0,0,low_activity,0,0,0,32,0,32,12994,4678,-0.4706,-98,-598,25,13,17,15,2
1775351073,15,83,0,0,0,0,no_volume,0,0,0,0,no_volume,0,0,0,0,low_activity,0,0,0,32,0,32,12994,4678,-0.4706,-98,-98,25,13,17,15,2
1775351074,15,83,0,0,0,0,no_volume,0,0,0,0,no_volume,0,0,0,0,low_activity,0,0,0,32,0,32,12994,4678,-0.4706,-98,-98,25,13,17,15,2
1775351075,15,83,0,0,0,0,no_volume,0,0,0,0,no_volume,0,0,0,0,low_activity,0,0,0,32,0,32,12994,4678,-0.4706,0,-98,25,13,17,15,2
1775351076,15,83,0,0,0,0,no_volume,0,0,0,0,no_volume,0,0,0,0,low_activity,0,0,0,32,0,32,12994,6782,-0.3141,0,-98,25,13,17,15,2
1775351077,15,83,0,0,0,0,no_volume,0,0,0,0,no_volume,0,0,0,0,low_activity,0,0,0,32,0,32,12675,5909,-0.3641,-319,-393,25,13,17,15,2
1775351078,15,83,0,0,0,0,no_volume,0,0,0,0,no_volume,0,0,0,0,low_activity,0,0,0,32,0,32,11675,5909,-0.3279,-1319,-1417,24,13,17,15,2
1775351079,15,83,0,0,0,0,no_volume,0,0,0,0,no_volume,0,0,0,0,low_activity,0,0,0,32,0,32,11675,5909,-0.3279,-1319,-1417,24,13,17,15,2
1775351080,15,83,0,0,0,0,no_volume,0,0,0,0,no_volume,0,0,0,0,low_activity,0,0,0,32,0,32,16094,10388,-0.2155,3419,3002,24,14,17,15,2
1775351081,15,83,0,0,0,0,no_volume,0,0,0,0,no_volume,0,0,0,0,low_activity,0,0,0,32,0,32,15967,8134,-0.325,4292,2875,23,14,17,15,2
1775351082,15,83,0,0,0,0,no_volume,0,0,0,0,no_volume,0,0,0,0,no_volume,0,0,0,32,0,32,15967,8134,-0.325,4292,2973,23,14,17,15,2
1775351083,15,83,0,0,0,0,no_volume,0,0,0,0,no_volume,0,0,0,0,no_volume,0,0,0,32,0,32,15967,8134,-0.325,-127,2973,23,14,17,15,2
1775351084,15,83,0,0,0,0,no_volume,0,0,0,0,no_volume,0,0,0,0,no_volume,0,0,0,32,0,32,15967,8134,-0.325,0,2973,23,14,17,15,2
1775351085,15,83,0,0,0,0,no_volume,0,0,0,0,no_volume,0,0,0,0,no_volume,0,0,0,5,0,5,15967,8134,-0.325,0,2973,23,14,17,15,2
1775351086,15,83,0,0,0,0,no_volume,0,0,0,0,no_volume,0,0,0,0,no_volume,0,0,0,5,0,5,15967,8134,-0.325,0,2973,23,14,17,15,2
1775351087,15,83,0,0,0,0,no_volume,0,0,0,0,no_volume,0,0,0,0,no_volume,0,0,0,5,0,5,16994,7943,-0.363,1027,4319,25,14,17,15,2
1775351088,15,83,0,0,0,0,no_volume,0,0,0,0,no_volume,0,0,0,0,no_volume,0,0,0,5,0,5,17994,8827,-0.3418,2027,6319,26,14,17,15,2
1775351089,15,83,0,0,0,0,no_volume,0,0,0,0,no_volume,0,0,0,0,no_volume,0,0,0,5,0,5,17994,8827,-0.3418,2027,6319,26,14,17,15,2
1775351090,15,83,0,0,0,0,no_volume,0,0,0,0,no_volume,0,0,0,0,no_volume,0,0,0,5,0,5,17994,8827,-0.3418,1000,1900,26,14,17,15,2
1775351091,15,83,0,0,0,0,no_volume,0,0,0,0,no_volume,0,0,0,0,no_volume,0,0,0,5,0,5,17994,8827,-0.3418,0,2027,26,14,17,15,2
1775351092,15,83,0,0,0,0,no_volume,0,0,0,0,no_volume,0,0,0,0,no_volume,0,0,0,5,0,5,17994,8827,-0.3418,0,2027,26,14,17,15,2
1775351093,15,83,0,0,0,0,no_volume,0,0,0,0,no_volume,0,0,0,0,no_volume,0,0,0,5,0,5,17994,10875,-0.2466,0,2027,26,14,17,15,2
1775351094,15,83,0,0,0,0,no_volume,0,0,0,0,no_volume,0,0,0,0,no_volume,0,0,0,5,0,5,18994,10875,-0.2718,1000,3027,27,14,17,15,2
1775351095,15,83,0,0,0,0,no_volume,0,0,0,0,no_volume,0,0,0,0,no_volume,0,0,0,5,0,5,19818,10875,-0.2914,1824,3851,27,14,17,15,2
1775351096,15,83,0,0,0,0,no_volume,0,0,0,0,no_volume,0,0,0,0,no_volume,0,0,0,5,0,5,19994,10815,-0.2979,2000,4027,28,14,17,15,2
1775351097,15,83,0,0,0,0,no_volume,0,0,0,0,no_volume,0,0,0,0,no_volume,0,0,0,5,0,5,19934,10815,-0.2966,940,2940,27,14,17,15,2
1775351098,15,83,0,0,0,0,no_volume,0,0,0,0,no_volume,0,0,0,0,no_volume,0,0,0,5,0,5,19934,10815,-0.2966,116,1940,27,14,17,15,2
1775351099,15,83,0,0,0,0,no_volume,0,0,0,0,no_volume,0,0,0,0,no_volume,0,0,0,5,0,5,19934,10815,-0.2966,-60,1940,27,14,17,15,2
1775351100,15,83,0,0,0,0,no_volume,0,0,0,0,no_volume,0,0,0,0,no_volume,0,0,0,5,0,5,19934,10815,-0.2966,0,1940,27,14,17,15,2
1775351101,15,83,0,0,0,0,no_volume,0,0,0,0,no_volume,0,0,0,0,no_volume,0,0,0,5,0,5,19934,10815,-0.2966,0,1940,27,14,17,15,2
1775351102,15,83,0,0,0,0,no_volume,0,0,0,0,no_volume,0,0,0,0,no_volume,0,0,0,5,0,5,19934,10815,-0.2966,0,1940,27,14,17,15,2
1775351103,15,83,0,0,0,0,no_volume,0,0,0,0,no_volume,0,0,0,0,no_volume,0,0,0,5,0,5,19934,10815,-0.2966,0,1940,27,14,17,15,2
1775351104,15,83,0,0,0,0,no_volume,0,0,0,0,no_volume,0,0,0,0,no_volume,0,0,0,5,0,5,19110,10815,-0.2772,-824,116,27,14,17,15,2
1775351105,15,83,0,0,0,0,no_volume,0,0,0,0,no_volume,0,0,0,0,no_volume,0,0,0,5,0,5,19110,10815,-0.2772,-824,-708,27,14,17,15,2
1775351106,15,83,0,0,0,0,no_volume,0,0,0,0,no_volume,0,0,0,0,no_volume,0,0,0,5,0,5,19110,10815,-0.2772,-824,-884,27,14,17,15,2
1775351107,15,83,0,0,0,0,no_volume,0,0,0,0,no_volume,0,0,0,0,no_volume,0,0,0,5,0,5,18110,9941,-0.2912,-1000,-1824,26,14,17,15,2
1775351108,15,83,0,0,0,0,no_volume,0,0,0,0,no_volume,0,0,0,0,no_volume,0,0,0,5,0,5,18110,10793,-0.2532,-1000,-1824,26,14,17,15,2
1775351109,15,83,0,0,0,0,no_volume,0,0,0,0,no_volume,0,0,0,0,no_volume,0,0,0,5,0,5,19110,10793,-0.2781,0,-824,27,14,17,15,2
1775351110,15,83,0,0,0,0,no_volume,0,0,0,0,no_volume,0,0,0,0,no_volume,0,0,0,5,0,5,19110,10793,-0.2781,1000,-824,27,14,17,15,2
1775351111,15,83,0,0,0,0,no_volume,0,0,0,0,no_volume,0,0,0,0,no_volume,0,0,0,5,0,5,19110,10793,-0.2781,1000,-824,27,14,17,15,2
1775351112,15,83,0,0,0,0,no_volume,0,0,0,0,no_volume,0,0,0,0,no_volume,0,0,0,0,0,0,19110,10793,-0.2781,0,-824,27,14,17,15,2
1775351113,15,83,0,0,0,0,no_volume,0,0,0,0,no_volume,0,0,0,0,no_volume,0,0,0,0,0,0,19937,10793,-0.2976,827,3,27,14,17,15,2
1775351114,15,83,0,0,0,0,no_volume,0,0,0,0,no_volume,0,0,0,0,no_volume,0,0,0,0,0,0,17937,8745,-0.3445,-1173,-1173,25,14,17,15,2
1775351115,15,83,0,0,0,0,no_volume,0,0,0,0,no_volume,0,0,0,0,no_volume,0,0,0,0,0,0,17937,8745,-0.3445,-1173,-1173,25,14,17,15,2
1775351116,15,83,0,0,0,0,no_volume,0,0,0,0,no_volume,0,0,0,0,no_volume,0,0,0,0,0,0,17937,8745,-0.3445,-2000,-1173,25,14,17,15,2
1775351117,15,83,0,0,0,0,no_volume,0,0,0,0,no_volume,0,0,0,0,no_volume,0,0,0,0,0,0,17937,8745,-0.3445,0,-173,25,14,17,15,2
1775351118,15,83,0,0,0,0,no_volume,0,0,0,0,no_volume,0,0,0,0,no_volume,0,0,0,0,0,0,17937,8745,-0.3445,0,-173,25,14,17,15,2
1775351119,15,83,0,0,0,0,no_volume,0,0,0,0,no_volume,0,0,0,0,no_volume,0,0,0,0,0,0,17937,10826,-0.2472,0,-1173,25,14,17,15,2
1775351120,15,83,0,0,0,0,no_volume,0,0,0,0,no_volume,0,0,0,0,no_volume,0,0,0,0,0,0,18937,10826,-0.2725,1000,-173,26,14,17,15,2
1775351121,15,83,0,0,0,0,no_volume,0,0,0,0,no_volume,0,0,0,0,no_volume,0,0,0,0,0,0,19937,10826,-0.2962,2000,827,27,14,17,15,2
1775351122,15,83,0,0,0,0,no_volume,0,0,0,0,no_volume,0,0,0,0,no_volume,0,0,0,0,0,0,19937,10826,-0.2962,2000,827,27,14,17,15,2
1775351123,15,83,0,0,0,0,no_volume,0,0,0,0,no_volume,0,0,0,0,no_volume,0,0,0,0,0,0,19937,10826,-0.2962,1000,0,27,14,17,15,2
1775351124,15,83,0,0,0,0,no_volume,0,0,0,0,no_volume,0,0,0,0,no_volume,0,0,0,0,0,0,19937,10826,-0.2962,0,2000,27,14,17,15,2
1775351125,15,83,0,138,0,138,low_activity,0,138,0,138,low_activity,0,138,0,138,low_activity,138,0,138,138,0,138,19799,10826,-0.293,-138,1862,27,14,17,15,2
1775351126,15,83,0,138,0,138,low_activity,0,138,0,138,low_activity,0,138,0,138,low_activity,0,0,0,138,0,138,19799,10801,-0.2941,-138,1862,27,14,17,15,2
1775351127,15,83,0,138,0,138,low_activity,0,138,0,138,low_activity,0,138,0,138,low_activity,0,0,0,138,0,138,18472,9665,-0.313,-1465,535,27,14,17,15,2
1775351128,15,83,0,0,0,0,no_volume,0,138,0,138,low_activity,0,138,0,138,low_activity,0,0,0,138,0,138,18472,9665,-0.313,-1327,535,27,14,17,15,2
1775351129,15,83,0,0,0,0,no_volume,0,138,0,138,low_activity,0,138,0,138,low_activity,0,0,0,138,0,138,16472,9665,-0.2604,-3327,-1465,25,14,17,15,2
1775351130,15,83,0,0,0,0,no_volume,0,0,0,0,no_volume,0,138,0,138,low_activity,0,0,0,138,0,138,16948,9665,-0.2737,-1524,-1989,25,14,17,15,2
1775351131,15,83,0,0,0,0,no_volume,0,0,0,0,no_volume,0,138,0,138,low_activity,0,0,0,138,0,138,17948,9665,-0.3,-524,-1989,26,14,17,15,2
1775351132,15,83,0,0,0,0,no_volume,0,0,0,0,no_volume,0,138,0,138,low_activity,0,0,0,138,0,138,18448,9691,-0.3112,1976,-1489,27,14,17,15,2
1775351133,15,83,0,0,0,0,no_volume,0,0,0,0,no_volume,0,138,0,138,low_activity,0,0,0,138,0,138,18448,9691,-0.3112,1500,-1489,27,14,17,15,2
1775351134,15,83,0,0,0,0,no_volume,0,0,0,0,no_volume,0,138,0,138,low_activity,0,0,0,138,0,138,19809,10528,-0.3059,1861,-128,27,14,17,15,2
1775351135,15,83,0,0,0,0,no_volume,0,0,0,0,no_volume,0,138,0,138,low_activity,0,0,0,138,0,138,19809,10528,-0.3059,1361,10,27,14,17,15,2
1775351136,15,83,0,0,0,0,no_volume,0,0,0,0,no_volume,0,138,0,138,low_activity,0,0,0,138,0,138,19809,10528,-0.3059,1361,10,27,14,17,15,2
1775351137,15,83,0,0,0,0,no_volume,0,0,0,0,no_volume,0,138,0,138,low_activity,0,0,0,138,0,138,19809,10528,-0.3059,0,1337,27,14,17,15,2
1775351138,15,83,0,0,0,0,no_volume,0,0,0,0,no_volume,0,138,0,138,low_activity,0,0,0,138,0,138,19809,10528,-0.3059,0,1337,27,14,17,15,2
1775351139,15,83,0,0,0,0,no_volume,0,0,0,0,no_volume,0,138,0,138,low_activity,0,0,0,138,0,138,19809,10528,-0.3059,0,3337,27,14,17,15,2
1775351140,15,83,0,0,0,0,no_volume,0,0,0,0,no_volume,0,138,0,138,low_activity,0,0,0,138,0,138,19809,10528,-0.3059,0,2861,27,14,17,15,2
1775351141,15,83,0,0,0,0,no_volume,0,0,0,0,no_volume,0,138,0,138,low_activity,0,0,0,138,0,138,19809,10528,-0.3059,0,1861,27,14,17,15,2
1775351142,15,83,0,0,0,0,no_volume,0,0,0,0,no_volume,0,138,0,138,low_activity,0,0,0,138,0,138,19809,10528,-0.3059,0,1361,27,14,17,15,2
1775351143,15,83,0,0,0,0,no_volume,0,0,0,0,no_volume,0,138,0,138,low_activity,0,0,0,138,0,138,19809,10528,-0.3059,0,1361,27,14,17,15,2
1775351144,15,83,0,0,0,0,no_volume,0,0,0,0,no_volume,0,138,0,138,low_activity,0,0,0,138,0,138,19816,10528,-0.3061,7,7,27,14,17,15,2
1775351145,15,83,0,0,0,0,no_volume,0,0,0,0,no_volume,0,138,0,138,low_activity,0,0,0,138,0,138,19816,10528,-0.3061,7,7,27,14,17,15,2
1775351146,15,83,0,0,0,0,no_volume,0,0,0,0,no_volume,0,138,0,138,low_activity,0,0,0,138,0,138,19816,10528,-0.3061,7,7,27,14,17,15,2
1775351147,15,83,0,0,0,0,no_volume,0,0,0,0,no_volume,0,138,0,138,low_activity,0,0,0,138,0,138,19816,10528,-0.3061,0,7,27,14,17,15,2
1775351148,15,83,0,0,0,0,no_volume,0,0,0,0,no_volume,0,138,0,138,low_activity,0,0,0,138,0,138,19816,10528,-0.3061,0,7,27,14,17,15,2
1775351149,15,83,0,0,0,0,no_volume,0,0,0,0,no_volume,0,138,0,138,low_activity,0,0,0,138,0,138,18979,10528,-0.2864,-837,-830,27,14,17,15,2
1775351150,15,83,0,0,0,0,no_volume,0,0,0,0,no_volume,0,138,0,138,low_activity,0,0,0,138,0,138,18922,9691,-0.3226,-894,-887,27,14,17,15,2
1775351151,15,83,0,0,0,0,no_volume,0,0,0,0,no_volume,0,138,0,138,low_activity,0,0,0,138,0,138,18422,9805,-0.3053,-1394,-1387,27,14,17,15,2
1775351152,15,83,0,0,0,0,no_volume,0,0,0,0,no_volume,0,138,0,138,low_activity,0,0,0,138,0,138,18422,9805,-0.3053,-557,-1387,27,14,17,15,2
1775351153,15,83,0,0,0,0,no_volume,0,0,0,0,no_volume,0,138,0,138,low_activity,0,0,0,138,0,138,18422,9805,-0.3053,-500,-1387,27,14,17,15,2
1775351154,15,83,0,0,0,0,no_volume,0,0,0,0,no_volume,0,138,0,138,low_activity,0,0,0,138,0,138,18441,9805,-0.3057,19,-1375,27,14,17,15,2
1775351155,15,83,0,0,0,0,no_volume,0,0,0,0,no_volume,0,0,0,0,no_volume,0,0,0,138,0,138,18441,9715,-0.3099,19,-1375,27,14,17,15,2
1775351156,15,83,0,0,0,0,no_volume,0,0,0,0,no_volume,0,0,0,0,no_volume,0,0,0,138,0,138,18441,9715,-0.3099,19,-1375,27,14,17,15,2
1775351157,15,83,0,0,0,0,no_volume,0,0,0,0,no_volume,0,0,0,0,no_volume,0,0,0,138,0,138,18422,9715,-0.3095,-19,-1394,27,14,17,15,2
1775351158,15,83,0,0,0,0,no_volume,0,0,0,0,no_volume,0,0,0,0,no_volume,0,0,0,138,0,138,18422,9715,-0.3095,-19,-1394,27,14,17,15,2
1775351159,15,83,0,0,0,0,no_volume,0,0,0,0,no_volume,0,0,0,0,no_volume,0,0,0,138,0,138,17002,9715,-0.2727,-1439,-1977,26,14,17,15,2
1775351160,15,83,0,0,0,0,no_volume,0,0,0,0,no_volume,0,0,0,0,no_volume,0,0,0,138,0,138,17002,9715,-0.2727,-1420,-1920,26,14,17,15,2
1775351161,15,83,0,0,0,0,no_volume,0,0,0,0,no_volume,0,0,0,0,no_volume,0,0,0,138,0,138,17002,9715,-0.2727,-1420,-1420,26,14,17,15,2
1775351162,15,83,0,0,0,0,no_volume,0,0,0,0,no_volume,0,0,0,0,no_volume,0,0,0,138,0,138,17002,9715,-0.2727,0,-1420,26,14,17,15,2
1775351163,15,83,0,0,0,0,no_volume,0,0,0,0,no_volume,0,0,0,0,no_volume,0,0,0,138,0,138,17002,9715,-0.2727,0,-1420,26,14,17,15,2
1775351164,15,83,0,0,0,0,no_volume,0,0,0,0,no_volume,0,0,0,0,no_volume,0,0,0,138,0,138,17002,9715,-0.2727,0,-1439,26,14,17,15,2
1775351165,15,83,0,0,0,0,no_volume,0,0,0,0,no_volume,0,0,0,0,no_volume,0,0,0,138,0,138,17002,9715,-0.2727,0,-1439,26,14,17,15,2
1775351166,15,83,0,0,0,0,no_volume,0,0,0,0,no_volume,0,0,0,0,no_volume,0,0,0,138,0,138,17002,9715,-0.2727,0,-1439,26,14,17,15,2
1775351167,15,83,0,0,0,0,no_volume,0,0,0,0,no_volume,0,0,0,0,no_volume,0,0,0,138,0,138,17002,9715,-0.2727,0,-1420,26,14,17,15,2
1775351168,15,83,0,0,0,0,no_volume,0,0,0,0,no_volume,0,0,0,0,no_volume,0,0,0,138,0,138,17002,9715,-0.2727,0,-1420,26,14,17,15,2
1775351169,15,83,0,0,0,0,no_volume,0,0,0,0,no_volume,0,0,0,0,no_volume,0,0,0,138,0,138,17002,9715,-0.2727,0,0,26,14,17,15,2
1775351170,15,83,0,0,0,0,no_volume,0,0,0,0,no_volume,0,0,0,0,no_volume,0,0,0,138,0,138,17002,9715,-0.2727,0,0,26,14,17,15,2
1775351171,15,83,0,0,0,0,no_volume,0,0,0,0,no_volume,0,0,0,0,no_volume,0,0,0,138,0,138,17002,9715,-0.2727,0,0,26,14,17,15,2
1775351172,15,83,0,0,0,0,no_volume,0,0,0,0,no_volume,0,0,0,0,no_volume,0,0,0,138,0,138,17002,9715,-0.2727,0,0,26,14,17,15,2
1775351173,15,83,0,0,0,0,no_volume,0,0,0,0,no_volume,0,0,0,0,no_volume,0,0,0,138,0,138,17002,9715,-0.2727,0,0,26,14,17,15,2
1775351174,15,83,0,0,0,0,no_volume,0,0,0,0,no_volume,0,0,0,0,no_volume,0,0,0,138,0,138,17002,9715,-0.2727,0,0,26,14,17,15,2
1775351175,15,83,0,0,0,0,no_volume,0,0,0,0,no_volume,0,0,0,0,no_volume,0,0,0,138,0,138,17002,9715,-0.2727,0,0,26,14,17,15,2
1775351176,15,83,0,0,0,0,no_volume,0,0,0,0,no_volume,0,0,0,0,no_volume,0,0,0,138,0,138,17002,9715,-0.2727,0,0,26,14,17,15,2
1775351177,15,83,0,0,0,0,no_volume,0,0,0,0,no_volume,0,0,0,0,no_volume,0,0,0,138,0,138,17002,9715,-0.2727,0,0,26,14,17,15,2
1775351178,15,83,0,0,0,0,no_volume,0,0,0,0,no_volume,0,0,0,0,no_volume,0,0,0,138,0,138,17002,9715,-0.2727,0,0,26,14,17,15,2
1775351179,15,83,0,0,0,0,no_volume,0,0,0,0,no_volume,0,0,0,0,no_volume,0,0,0,138,0,138,17002,9715,-0.2727,0,0,26,14,17,15,2
1775351180,15,83,0,0,0,0,no_volume,0,0,0,0,no_volume,0,0,0,0,no_volume,0,0,0,138,0,138,17002,9715,-0.2727,0,0,26,14,17,15,2
1775351181,15,83,0,0,0,0,no_volume,0,0,0,0,no_volume,0,0,0,0,no_volume,0,0,0,138,0,138,17002,9715,-0.2727,0,0,26,14,17,15,2
1775351182,15,83,0,0,0,0,no_volume,0,0,0,0,no_volume,0,0,0,0,no_volume,0,0,0,138,0,138,17002,9715,-0.2727,0,0,26,14,17,15,2
1775351183,15,83,0,0,0,0,no_volume,0,0,0,0,no_volume,0,0,0,0,no_volume,0,0,0,138,0,138,17002,9715,-0.2727,0,0,26,14,17,15,2
1775351184,15,83,0,0,0,0,no_volume,0,0,0,0,no_volume,0,0,0,0,no_volume,0,0,0,138,0,138,17002,11764,-0.1821,0,0,26,14,17,15,2
1775351185,15,83,0,0,0,0,no_volume,0,0,0,0,no_volume,0,0,0,0,no_volume,0,0,0,0,0,0,17002,11764,-0.1821,0,0,26,14,17,15,2
1775351186,15,83,0,0,0,0,no_volume,0,0,0,0,no_volume,0,0,0,0,no_volume,0,0,0,0,0,0,17002,11764,-0.1821,0,0,26,14,17,15,2
1775351187,15,83,0,0,0,0,no_volume,0,0,0,0,no_volume,0,0,0,0,no_volume,0,0,0,0,0,0,17002,11764,-0.1821,0,0,26,14,17,15,2
1775351188,15,83,0,0,0,0,no_volume,0,0,0,0,no_volume,0,0,0,0,no_volume,0,0,0,0,0,0,17002,11764,-0.1821,0,0,26,14,17,15,2
1775351189,15,83,0,0,0,0,no_volume,0,0,0,0,no_volume,0,0,0,0,no_volume,0,0,0,0,0,0,17002,11764,-0.1821,0,0,26,14,17,15,2
1775351190,15,83,0,0,0,0,no_volume,0,0,0,0,no_volume,0,0,0,0,no_volume,0,0,0,0,0,0,17002,11764,-0.1821,0,0,26,14,17,15,2
1775351191,15,83,0,0,0,0,no_volume,0,0,0,0,no_volume,0,0,0,0,no_volume,0,0,0,0,0,0,17002,11764,-0.1821,0,0,26,14,17,15,2
1775351192,15,83,0,0,0,0,no_volume,0,0,0,0,no_volume,0,0,0,0,no_volume,0,0,0,0,0,0,17002,11764,-0.1821,0,0,26,14,17,15,2
1775351193,15,83,0,0,0,0,no_volume,0,0,0,0,no_volume,0,0,0,0,no_volume,0,0,0,0,0,0,17002,11764,-0.1821,0,0,26,14,17,15,2
1775351194,15,83,0,0,0,0,no_volume,0,0,0,0,no_volume,0,0,0,0,no_volume,0,0,0,0,0,0,17002,11764,-0.1821,0,0,26,14,17,15,2
1775351195,15,83,0,0,0,0,no_volume,0,0,0,0,no_volume,0,0,0,0,no_volume,0,0,0,0,0,0,17002,11764,-0.1821,0,0,26,14,17,15,2
1775351196,15,83,0,0,0,0,no_volume,0,0,0,0,no_volume,0,0,0,0,no_volume,0,0,0,0,0,0,17002,11764,-0.1821,0,0,26,14,17,15,2
1775351197,15,83,0,0,0,0,no_volume,0,0,0,0,no_volume,0,0,0,0,no_volume,0,0,0,0,0,0,17002,11764,-0.1821,0,0,26,14,17,15,2
1775351198,15,83,0,0,0,0,no_volume,0,0,0,0,no_volume,0,0,0,0,no_volume,0,0,0,0,0,0,17002,11764,-0.1821,0,0,26,14,17,15,2
1775351199,15,83,0,0,0,0,no_volume,0,0,0,0,no_volume,0,0,0,0,no_volume,0,0,0,0,0,0,17002,11764,-0.1821,0,0,26,14,17,15,2
1775351200,15,83,0,0,0,0,no_volume,0,0,0,0,no_volume,0,0,0,0,no_volume,0,0,0,0,0,0,17002,11764,-0.1821,0,0,26,14,17,15,2
1775351201,15,83,0,0,0,0,no_volume,0,0,0,0,no_volume,0,0,0,0,no_volume,0,0,0,0,0,0,17002,11764,-0.1821,0,0,26,14,17,15,2
1775351202,15,83,0,0,0,0,no_volume,0,0,0,0,no_volume,0,0,0,0,no_volume,0,0,0,0,0,0,17002,11764,-0.1821,0,0,26,14,17,15,2
1775351203,15,83,0,0,0,0,no_volume,0,0,0,0,no_volume,0,0,0,0,no_volume,0,0,0,0,0,0,17002,11764,-0.1821,0,0,26,14,17,15,2
1775351204,15,83,0,0,0,0,no_volume,0,0,0,0,no_volume,0,0,0,0,no_volume,0,0,0,0,0,0,17002,11764,-0.1821,0,0,26,14,17,15,2
1775351205,15,83,0,0,0,0,no_volume,0,0,0,0,no_volume,0,0,0,0,no_volume,0,0,0,0,0,0,15150,11764,-0.1258,-1852,-1852,26,14,17,15,2
1775351206,15,83,0,0,0,0,no_volume,0,0,0,0,no_volume,0,0,0,0,no_volume,0,0,0,0,0,0,17255,11764,-0.1892,253,253,27,14,17,15,2
1775351207,15,83,0,0,0,0,no_volume,0,0,0,0,no_volume,0,0,0,0,no_volume,0,0,0,0,0,0,17255,11764,-0.1892,253,253,27,14,17,15,2
1775351208,15,83,0,0,0,0,no_volume,0,0,0,0,no_volume,0,0,0,0,no_volume,0,0,0,0,0,0,17155,11764,-0.1864,2005,153,26,14,17,15,2
1775351209,15,83,0,0,0,0,no_volume,0,0,0,0,no_volume,0,0,0,0,no_volume,0,0,0,0,0,0,17155,11764,-0.1864,-100,153,26,14,17,15,2
1775351210,15,83,0,50,0,50,low_activity,0,50,0,50,low_activity,0,50,0,50,low_activity,55,0,55,55,0,55,17105,11764,-0.185,-150,103,26,14,17,15,2
1775351211,15,83,0,50,0,50,low_activity,0,50,0,50,low_activity,0,50,0,50,low_activity,0,0,0,55,0,55,16605,11764,-0.1706,-550,-397,25,14,17,15,2
1775351212,15,83,0,50,0,50,low_activity,0,50,0,50,low_activity,0,50,0,50,low_activity,0,0,0,55,0,55,16605,9683,-0.2633,-550,-397,25,14,17,15,2
1775351213,15,83,0,0,0,0,no_volume,0,50,0,50,low_activity,0,50,0,50,low_activity,0,0,0,55,0,55,16608,9683,-0.2634,-497,-394,24,14,17,15,2
1775351214,15,83,0,0,0,0,no_volume,0,50,0,50,low_activity,0,50,0,50,low_activity,0,0,0,55,0,55,16608,9683,-0.2634,3,-394,24,14,17,15,2
1775351215,15,83,0,0,0,0,no_volume,0,0,0,0,no_volume,0,50,0,50,low_activity,0,0,0,55,0,55,16608,9683,-0.2634,3,1458,24,14,17,15,2
1775351216,15,83,0,0,0,0,no_volume,0,0,0,0,no_volume,0,50,0,50,low_activity,0,0,0,55,0,55,16608,9683,-0.2634,0,-647,24,14,17,15,2
1775351217,15,83,0,0,0,0,no_volume,0,0,0,0,no_volume,0,50,0,50,low_activity,0,0,0,55,0,55,16627,9683,-0.2639,19,-628,25,14,17,15,2
1775351218,15,83,0,0,0,0,no_volume,0,0,0,0,no_volume,0,50,0,50,low_activity,0,0,0,55,0,55,16608,9683,-0.2634,0,-547,24,14,17,15,2
1775351219,15,83,0,0,0,0,no_volume,0,0,0,0,no_volume,0,50,0,50,low_activity,0,0,0,55,0,55,16608,9683,-0.2634,0,-547,24,14,17,15,2
1775351220,15,83,0,0,0,0,no_volume,0,0,0,0,no_volume,0,50,0,50,low_activity,0,0,0,55,0,55,16608,9683,-0.2634,-19,-497,24,14,17,15,2
1775351221,15,83,0,0,0,0,no_volume,0,0,0,0,no_volume,0,50,0,50,low_activity,0,0,0,55,0,55,16608,9683,-0.2634,0,3,24,14,17,15,2
1775351222,15,83,0,0,0,0,no_volume,0,0,0,0,no_volume,0,50,0,50,low_activity,0,0,0,55,0,55,16608,9683,-0.2634,0,3,24,14,17,15,2
1775351223,15,83,0,0,0,0,no_volume,0,0,0,0,no_volume,0,50,0,50,low_activity,0,0,0,55,0,55,16608,9683,-0.2634,0,0,24,14,17,15,2
1775351224,15,83,0,0,0,0,no_volume,0,0,0,0,no_volume,0,50,0,50,low_activity,0,0,0,55,0,55,16608,9683,-0.2634,0,0,24,14,17,15,2
1775351225,15,83,0,0,0,0,no_volume,0,0,0,0,no_volume,0,50,0,50,low_activity,0,0,0,55,0,55,16608,9683,-0.2634,0,0,24,14,17,15,2
1775351226,15,83,0,0,0,0,no_volume,0,0,0,0,no_volume,0,50,0,50,low_activity,0,0,0,55,0,55,16608,9683,-0.2634,0,0,24,14,17,15,2
1775351227,15,83,0,0,0,0,no_volume,0,0,0,0,no_volume,0,50,0,50,low_activity,0,0,0,55,0,55,16608,9683,-0.2634,0,-19,24,14,17,15,2
1775351228,15,83,0,0,0,0,no_volume,0,0,0,0,no_volume,0,50,0,50,low_activity,0,0,0,55,0,55,16608,9683,-0.2634,0,0,24,14,17,15,2
1775351229,15,83,0,0,0,0,no_volume,0,0,0,0,no_volume,0,50,0,50,low_activity,0,0,0,55,0,55,10173,5763,-0.2767,-6435,-6435,21,13,17,15,2
1775351230,15,84,0,0,0,0,no_volume,0,0,0,0,no_volume,0,50,0,50,low_activity,0,0,0,55,0,55,14912,6233,-0.4105,-1696,-1696,24,13,16,15,1
1775351231,15,84,0,0,0,0,no_volume,0,0,0,0,no_volume,0,50,0,50,low_activity,0,0,0,55,0,55,15762,10233,-0.2127,-846,-846,24,14,16,15,1
1775351232,15,84,0,0,0,0,no_volume,0,0,0,0,no_volume,0,50,0,50,low_activity,0,0,0,55,0,55,16762,10233,-0.2419,6589,154,25,14,16,15,1
1775351233,15,84,0,0,0,0,no_volume,0,0,0,0,no_volume,0,50,0,50,low_activity,0,0,0,55,0,55,16762,10233,-0.2419,1850,154,25,14,16,15,1
1775351234,15,84,0,0,0,0,no_volume,0,0,0,0,no_volume,0,50,0,50,low_activity,0,0,0,55,0,55,16762,10233,-0.2419,1000,154,25,14,16,15,1
1775351235,15,84,0,0,0,0,no_volume,0,0,0,0,no_volume,0,50,0,50,low_activity,0,0,0,55,0,55,16762,10233,-0.2419,0,154,25,14,16,15,1
1775351236,15,84,0,0,0,0,no_volume,0,0,0,0,no_volume,0,50,0,50,low_activity,0,0,0,55,0,55,16762,10233,-0.2419,0,154,25,14,16,15,1
1775351237,15,84,0,0,0,0,no_volume,0,0,0,0,no_volume,0,50,0,50,low_activity,0,0,0,55,0,55,16781,10234,-0.2423,19,173,26,15,16,15,1
1775351238,15,84,0,0,0,0,no_volume,0,0,0,0,no_volume,0,50,0,50,low_activity,0,0,0,55,0,55,16781,10234,-0.2423,19,173,26,15,16,15,1
1775351239,15,84,0,0,0,0,no_volume,0,0,0,0,no_volume,0,50,0,50,low_activity,0,0,0,55,0,55,16781,10234,-0.2423,19,6608,26,15,16,15,1
1775351240,15,84,0,0,0,0,no_volume,0,0,0,0,no_volume,0,0,0,0,no_volume,0,0,0,55,0,55,16781,10234,-0.2423,0,1869,26,15,16,15,1
1775351241,15,84,0,0,0,0,no_volume,0,0,0,0,no_volume,0,0,0,0,no_volume,0,0,0,55,0,55,16781,10234,-0.2423,0,1019,26,15,16,15,1
1775351242,15,84,0,0,0,0,no_volume,0,0,0,0,no_volume,0,0,0,0,no_volume,0,0,0,55,0,55,16781,10234,-0.2423,0,19,26,15,16,15,1
1775351243,15,84,0,0,0,0,no_volume,0,0,0,0,no_volume,0,0,0,0,no_volume,0,0,0,55,0,55,16771,10234,-0.2421,-10,9,26,15,16,15,1
1775351244,15,84,0,0,0,0,no_volume,0,0,0,0,no_volume,0,0,0,0,no_volume,0,0,0,55,0,55,16781,10234,-0.2423,0,19,26,15,16,15,1
1775351245,15,84,0,0,0,0,no_volume,0,0,0,0,no_volume,0,0,0,0,no_volume,0,0,0,55,0,55,16781,10234,-0.2423,0,19,26,15,16,15,1
1775351246,15,84,0,0,0,0,no_volume,0,0,0,0,no_volume,0,0,0,0,no_volume,0,0,0,55,0,55,16781,10234,-0.2423,10,19,26,15,16,15,1
1775351247,15,84,0,0,0,0,no_volume,0,0,0,0,no_volume,0,0,0,0,no_volume,0,0,0,55,0,55,16781,10234,-0.2423,0,0,26,15,16,15,1
1775351248,15,84,0,0,0,0,no_volume,0,0,0,0,no_volume,0,0,0,0,no_volume,0,0,0,55,0,55,16791,12235,-0.157,10,10,26,15,16,15,1
1775351249,15,84,0,0,0,0,no_volume,0,0,0,0,no_volume,0,0,0,0,no_volume,0,0,0,55,0,55,16681,12235,-0.1538,-100,-100,26,15,16,15,1
1775351250,15,84,0,0,0,0,no_volume,0,0,0,0,no_volume,0,0,0,0,no_volume,0,0,0,55,0,55,16681,12235,-0.1538,-100,-100,26,15,16,15,1
1775351251,15,84,0,0,0,0,no_volume,0,0,0,0,no_volume,0,0,0,0,no_volume,0,0,0,55,0,55,16681,12235,-0.1538,-110,-100,26,15,16,15,1
1775351252,15,83,0,0,0,0,no_volume,0,0,0,0,no_volume,0,0,0,0,no_volume,0,0,0,55,0,55,16641,12235,-0.1526,-40,-140,25,15,17,15,2
1775351253,15,83,0,0,0,0,no_volume,0,0,0,0,no_volume,0,0,0,0,no_volume,0,0,0,55,0,55,16681,12235,-0.1538,0,-90,25,15,17,15,2
1775351254,15,83,0,0,0,0,no_volume,0,0,0,0,no_volume,0,0,0,0,no_volume,0,0,0,55,0,55,16681,12235,-0.1538,0,-100,25,15,17,15,2
1775351255,15,83,0,0,0,0,no_volume,0,0,0,0,no_volume,0,0,0,0,no_volume,0,0,0,55,0,55,16681,12235,-0.1538,40,-100,25,15,17,15,2
1775351256,15,83,0,0,0,0,no_volume,0,0,0,0,no_volume,0,0,0,0,no_volume,0,0,0,55,0,55,16681,12235,-0.1538,0,-100,25,15,17,15,2
1775351257,15,83,0,0,0,0,no_volume,0,0,0,0,no_volume,0,0,0,0,no_volume,0,0,0,55,0,55,16681,12235,-0.1538,0,-100,25,15,17,15,2
1775351258,15,83,0,0,0,0,no_volume,0,0,0,0,no_volume,0,0,0,0,no_volume,0,0,0,55,0,55,16681,12235,-0.1538,0,-110,25,15,17,15,2
1775351259,15,83,0,0,0,0,no_volume,0,0,0,0,no_volume,0,0,0,0,no_volume,0,0,0,55,0,55,16681,12235,-0.1538,0,0,25,15,17,15,2
1775351260,15,83,0,0,0,0,no_volume,0,0,0,0,no_volume,0,0,0,0,no_volume,0,0,0,55,0,55,16681,12235,-0.1538,0,0,25,15,17,15,2
1775351261,15,83,0,0,0,0,no_volume,0,0,0,0,no_volume,0,0,0,0,no_volume,0,0,0,55,0,55,16681,12235,-0.1538,0,0,25,15,17,15,2
1775351262,15,83,0,0,0,0,no_volume,0,0,0,0,no_volume,0,0,0,0,no_volume,0,0,0,55,0,55,16681,12235,-0.1538,0,40,25,15,17,15,2
1775351263,15,83,0,0,0,0,no_volume,0,0,0,0,no_volume,0,0,0,0,no_volume,0,0,0,55,0,55,16681,12235,-0.1538,0,0,25,15,17,15,2
1775351264,15,83,0,0,0,0,no_volume,0,0,0,0,no_volume,0,0,0,0,no_volume,0,0,0,55,0,55,16681,12235,-0.1538,0,0,25,15,17,15,2
1775351265,15,83,0,0,0,0,no_volume,0,0,0,0,no_volume,0,0,0,0,no_volume,0,0,0,55,0,55,16681,12334,-0.1498,0,0,25,15,17,15,2
1775351266,15,83,0,0,0,0,no_volume,0,0,0,0,no_volume,0,0,0,0,no_volume,0,0,0,55,0,55,16681,12334,-0.1498,0,0,25,15,17,15,2
1775351267,15,83,0,0,0,0,no_volume,0,0,0,0,no_volume,0,0,0,0,no_volume,0,0,0,55,0,55,16681,12244,-0.1534,0,0,25,15,17,15,2
1775351268,15,83,0,0,0,0,no_volume,0,0,0,0,no_volume,0,0,0,0,no_volume,0,0,0,55,0,55,16681,12244,-0.1534,0,0,25,15,17,15,2
1775351269,15,83,0,0,0,0,no_volume,0,0,0,0,no_volume,0,0,0,0,no_volume,0,0,0,55,0,55,16681,12244,-0.1534,0,0,25,15,17,15,2
1775351270,15,83,0,0,0,0,no_volume,0,0,0,0,no_volume,0,0,0,0,no_volume,0,0,0,0,0,0,16681,12244,-0.1534,0,0,25,15,17,15,2
1775351271,15,83,0,0,0,0,no_volume,0,0,0,0,no_volume,0,0,0,0,no_volume,0,0,0,0,0,0,16681,12244,-0.1534,0,0,25,15,17,15,2
1775351272,15,83,0,0,0,0,no_volume,0,0,0,0,no_volume,0,0,0,0,no_volume,0,0,0,0,0,0,16681,12244,-0.1534,0,0,25,15,17,15,2
1775351273,15,83,0,0,0,0,no_volume,0,0,0,0,no_volume,0,0,0,0,no_volume,0,0,0,0,0,0,16681,12244,-0.1534,0,0,25,15,17,15,2
1775351274,15,83,0,0,0,0,no_volume,0,0,0,0,no_volume,0,0,0,0,no_volume,0,0,0,0,0,0,16681,12244,-0.1534,0,0,25,15,17,15,2
1775351275,15,83,0,0,0,0,no_volume,0,0,0,0,no_volume,0,0,0,0,no_volume,0,0,0,0,0,0,16681,12244,-0.1534,0,0,25,15,17,15,2
1775351276,15,83,0,0,0,0,no_volume,0,0,0,0,no_volume,0,0,0,0,no_volume,0,0,0,0,0,0,16681,12244,-0.1534,0,0,25,15,17,15,2
1775351277,15,83,0,0,0,0,no_volume,0,0,0,0,no_volume,0,0,0,0,no_volume,0,0,0,0,0,0,16681,12244,-0.1534,0,0,25,15,17,15,2
1775351278,15,83,0,0,0,0,no_volume,0,0,0,0,no_volume,0,0,0,0,no_volume,0,0,0,0,0,0,16681,12244,-0.1534,0,0,25,15,17,15,2
1775351279,15,83,0,0,0,0,no_volume,0,0,0,0,no_volume,0,0,0,0,no_volume,0,0,0,0,0,0,16681,12244,-0.1534,0,0,25,15,17,15,2
1775351280,15,83,0,0,0,0,no_volume,0,0,0,0,no_volume,0,0,0,0,no_volume,0,0,0,0,0,0,14681,8194,-0.2836,-2000,-2000,23,15,17,15,2
1775351281,15,83,0,0,0,0,no_volume,0,0,0,0,no_volume,0,0,0,0,no_volume,0,0,0,0,0,0,14681,8144,-0.2864,-2000,-2000,23,15,17,15,2
1775351282,15,83,0,0,0,0,no_volume,0,0,0,0,no_volume,0,0,0,0,no_volume,0,0,0,0,0,0,14681,8144,-0.2864,-2000,-2000,23,15,17,15,2
1775351283,15,83,0,0,0,0,no_volume,0,0,0,0,no_volume,0,0,0,0,no_volume,0,0,0,0,0,0,14681,8144,-0.2864,0,-2000,23,15,17,15,2
1775351284,15,83,0,0,0,0,no_volume,0,0,0,0,no_volume,0,0,0,0,no_volume,0,0,0,0,0,0,14681,8144,-0.2864,0,-2000,23,15,17,15,2
1775351285,15,83,0,0,0,0,no_volume,0,0,0,0,no_volume,0,0,0,0,no_volume,0,0,0,0,0,0,14681,8171,-0.2849,0,-2000,23,15,17,15,2
1775351286,15,83,0,0,0,0,no_volume,0,0,0,0,no_volume,0,0,0,0,no_volume,0,0,0,0,0,0,14681,8171,-0.2849,0,-2000,23,15,17,15,2
1775351287,15,83,0,0,0,0,no_volume,0,0,0,0,no_volume,0,0,0,0,no_volume,0,0,0,0,0,0,14681,8144,-0.2864,0,-2000,23,15,17,15,2
1775351288,13,83,0,0,0,0,no_volume,0,0,0,0,no_volume,0,0,0,0,no_volume,0,0,0,0,0,0,10190,4141,-0.4221,-4491,-6491,22,13,17,13,4
1775351289,13,84,0,0,0,0,no_volume,0,0,0,0,no_volume,0,0,0,0,no_volume,0,0,0,0,0,0,10190,4181,-0.4181,-4491,-6491,23,13,16,13,3
1775351290,13,84,0,0,0,0,no_volume,0,0,0,0,no_volume,0,0,0,0,no_volume,0,0,0,0,0,0,10190,4206,-0.4157,-4491,-4491,23,13,16,13,3
1775351291,14,84,0,0,0,0,no_volume,0,0,0,0,no_volume,0,0,0,0,no_volume,0,0,0,0,0,0,10190,4207,-0.4156,0,-4491,23,14,16,14,2
1775351292,15,83,0,0,0,0,no_volume,0,0,0,0,no_volume,0,0,0,0,no_volume,0,0,0,0,0,0,10280,4202,-0.4197,90,-4401,22,15,17,15,2
1775351293,15,83,0,0,0,0,no_volume,0,0,0,0,no_volume,0,0,0,0,no_volume,0,0,0,0,0,0,10280,4202,-0.4197,90,-4401,22,15,17,15,2
1775351294,15,83,0,0,0,0,no_volume,0,0,0,0,no_volume,0,0,0,0,no_volume,0,0,0,0,0,0,10280,4202,-0.4197,90,-4401,22,15,17,15,2
1775351295,15,83,0,222,0,222,low_activity,0,222,0,222,low_activity,0,222,0,222,low_activity,222,0,222,222,0,222,9968,4202,-0.4069,-312,-4713,22,15,17,15,2
1775351296,15,83,0,222,0,222,low_activity,0,222,0,222,low_activity,0,222,0,222,low_activity,0,0,0,222,0,222,10058,4202,-0.4107,-222,-4623,22,15,17,15,2
1775351297,13,85,0,222,0,222,low_activity,0,222,0,222,low_activity,0,222,0,222,low_activity,0,0,0,222,0,222,11936,3998,-0.4982,1656,-2745,23,12,15,13,2
1775351298,14,85,0,0,0,0,no_volume,0,222,0,222,low_activity,0,222,0,222,low_activity,0,0,0,222,0,222,11936,6083,-0.3248,1968,1746,23,14,15,14,1
1775351299,14,85,0,0,0,0,no_volume,0,222,0,222,low_activity,0,222,0,222,low_activity,0,0,0,222,0,222,11959,5733,-0.3519,1901,1769,23,13,15,14,1
1775351300,14,85,0,0,0,0,no_volume,0,0,0,0,no_volume,0,222,0,222,low_activity,0,0,0,222,0,222,11959,5733,-0.3519,23,1769,23,13,15,14,1
1775351301,14,85,0,0,0,0,no_volume,0,0,0,0,no_volume,0,222,0,222,low_activity,0,0,0,222,0,222,11959,5733,-0.3519,23,1769,23,13,15,14,1
1775351302,14,85,0,0,0,0,no_volume,0,0,0,0,no_volume,0,222,0,222,low_activity,0,0,0,222,0,222,11959,5758,-0.35,0,1679,23,13,15,14,1
1775351303,14,84,0,0,0,0,no_volume,0,0,0,0,no_volume,0,222,0,222,low_activity,0,0,0,222,0,222,11960,5757,-0.3501,1,1680,23,13,16,14,2
1775351304,14,84,0,0,0,0,no_volume,0,0,0,0,no_volume,0,222,0,222,low_activity,0,0,0,222,0,222,11960,5757,-0.3501,1,1680,23,13,16,14,2
1775351305,14,84,0,0,0,0,no_volume,0,0,0,0,no_volume,0,222,0,222,low_activity,0,0,0,222,0,222,11960,5757,-0.3501,1,1992,23,13,16,14,2
1775351306,14,84,0,0,0,0,no_volume,0,0,0,0,no_volume,0,222,0,222,low_activity,0,0,0,222,0,222,11960,5757,-0.3501,0,1902,23,13,16,14,2
1775351307,14,84,0,0,0,0,no_volume,0,0,0,0,no_volume,0,222,0,222,low_activity,0,0,0,222,0,222,11960,5757,-0.3501,0,24,23,13,16,14,2
1775351308,14,84,0,0,0,0,no_volume,0,0,0,0,no_volume,0,222,0,222,low_activity,0,0,0,222,0,222,11960,5757,-0.3501,0,24,23,13,16,14,2
1775351309,14,84,0,0,0,0,no_volume,0,0,0,0,no_volume,0,222,0,222,low_activity,0,0,0,222,0,222,11960,5757,-0.3501,0,1,23,13,16,14,2
1775351310,14,84,0,0,0,0,no_volume,0,0,0,0,no_volume,0,222,0,222,low_activity,0,0,0,222,0,222,11960,5757,-0.3501,0,1,23,13,16,14,2
1775351311,14,84,0,0,0,0,no_volume,0,0,0,0,no_volume,0,222,0,222,low_activity,0,0,0,222,0,222,11960,5757,-0.3501,0,1,23,13,16,14,2
1775351312,14,84,0,0,0,0,no_volume,0,0,0,0,no_volume,0,222,0,222,low_activity,0,0,0,222,0,222,11960,5757,-0.3501,0,1,23,13,16,14,2
1775351313,14,84,0,0,0,0,no_volume,0,0,0,0,no_volume,0,222,0,222,low_activity,0,0,0,222,0,222,11960,5757,-0.3501,0,0,23,13,16,14,2
1775351314,14,84,0,0,0,0,no_volume,0,0,0,0,no_volume,0,222,0,222,low_activity,0,0,0,222,0,222,11972,5757,-0.3506,12,12,22,13,16,14,2
1775351315,14,84,0,0,0,0,no_volume,0,0,0,0,no_volume,0,222,0,222,low_activity,0,0,0,222,0,222,11972,5757,-0.3506,12,12,22,13,16,14,2
1775351316,14,84,0,0,0,0,no_volume,0,0,0,0,no_volume,0,222,0,222,low_activity,0,0,0,222,0,222,11972,5757,-0.3506,12,12,22,13,16,14,2
1775351317,14,84,0,0,0,0,no_volume,0,0,0,0,no_volume,0,222,0,222,low_activity,0,0,0,222,0,222,11972,5757,-0.3506,0,12,22,13,16,14,2
1775351318,14,84,0,0,0,0,no_volume,0,0,0,0,no_volume,0,222,0,222,low_activity,0,0,0,222,0,222,11972,5757,-0.3506,0,12,22,13,16,14,2
1775351319,14,84,0,0,0,0,no_volume,0,0,0,0,no_volume,0,222,0,222,low_activity,0,0,0,222,0,222,11972,5757,-0.3506,0,12,22,13,16,14,2
1775351320,14,84,0,0,0,0,no_volume,0,0,0,0,no_volume,0,222,0,222,low_activity,0,0,0,222,0,222,11972,5757,-0.3506,0,12,22,13,16,14,2
1775351321,14,84,0,0,0,0,no_volume,0,0,0,0,no_volume,0,222,0,222,low_activity,0,0,0,222,0,222,11972,5757,-0.3506,0,12,22,13,16,14,2
1775351322,14,84,0,0,0,0,no_volume,0,0,0,0,no_volume,0,222,0,222,low_activity,0,0,0,222,0,222,11972,5757,-0.3506,0,12,22,13,16,14,2
1775351323,14,84,0,0,0,0,no_volume,0,0,0,0,no_volume,0,222,0,222,low_activity,0,0,0,222,0,222,11972,5757,-0.3506,0,12,22,13,16,14,2
1775351324,14,84,0,0,0,0,no_volume,0,0,0,0,no_volume,0,222,0,222,low_activity,0,0,0,222,0,222,11972,5757,-0.3506,0,0,22,13,16,14,2
1775351325,14,84,0,0,0,0,no_volume,0,0,0,0,no_volume,0,0,0,0,no_volume,0,0,0,222,0,222,11972,5757,-0.3506,0,0,22,13,16,14,2
1775351326,14,84,0,0,0,0,no_volume,0,0,0,0,no_volume,0,0,0,0,no_volume,0,0,0,222,0,222,11972,5757,-0.3506,0,0,22,13,16,14,2
1775351327,14,84,0,0,0,0,no_volume,0,0,0,0,no_volume,0,0,0,0,no_volume,0,0,0,222,0,222,11972,5757,-0.3506,0,0,22,13,16,14,2
1775351328,14,84,0,0,0,0,no_volume,0,0,0,0,no_volume,0,0,0,0,no_volume,0,0,0,222,0,222,11972,5757,-0.3506,0,0,22,13,16,14,2
1775351329,14,84,0,0,0,0,no_volume,0,0,0,0,no_volume,0,0,0,0,no_volume,0,0,0,222,0,222,11972,5757,-0.3506,0,0,22,13,16,14,2
1775351330,14,84,0,0,0,0,no_volume,0,0,0,0,no_volume,0,0,0,0,no_volume,0,0,0,222,0,222,11972,5757,-0.3506,0,0,22,13,16,14,2
1775351331,14,84,0,0,0,0,no_volume,0,0,0,0,no_volume,0,0,0,0,no_volume,0,0,0,222,0,222,11972,5757,-0.3506,0,0,22,13,16,14,2
1775351332,14,84,0,59,0,59,low_activity,0,59,0,59,low_activity,0,59,0,59,low_activity,59,0,59,281,0,281,11913,5757,-0.3484,-59,-59,22,13,16,14,2
1775351333,14,84,0,59,0,59,low_activity,0,59,0,59,low_activity,0,59,0,59,low_activity,0,0,0,281,0,281,11913,5757,-0.3484,-59,-59,22,13,16,14,2
1775351334,14,84,0,59,0,59,low_activity,0,59,0,59,low_activity,0,59,0,59,low_activity,0,0,0,281,0,281,11913,5757,-0.3484,-59,-59,22,13,16,14,2
1775351335,14,84,0,0,0,0,no_volume,0,59,0,59,low_activity,0,59,0,59,low_activity,0,0,0,281,0,281,11913,5757,-0.3484,0,-59,22,13,16,14,2
1775351336,14,84,0,0,0,0,no_volume,0,59,0,59,low_activity,0,59,0,59,low_activity,0,0,0,281,0,281,11913,5757,-0.3484,0,-59,22,13,16,14,2
1775351337,14,85,0,0,0,0,no_volume,0,0,0,0,no_volume,0,59,0,59,low_activity,0,0,0,281,0,281,12033,5757,-0.3528,120,61,23,13,15,14,1
1775351338,14,85,0,0,0,0,no_volume,0,0,0,0,no_volume,0,59,0,59,low_activity,0,0,0,281,0,281,12006,5715,-0.355,93,34,22,14,15,14,1
1775351339,14,85,0,0,0,0,no_volume,0,0,0,0,no_volume,0,59,0,59,low_activity,0,0,0,281,0,281,12006,5715,-0.355,93,34,22,14,15,14,1
1775351340,14,85,0,0,0,0,no_volume,0,0,0,0,no_volume,0,59,0,59,low_activity,0,0,0,281,0,281,12006,5715,-0.355,-27,34,22,14,15,14,1
1775351341,14,85,0,0,0,0,no_volume,0,0,0,0,no_volume,0,59,0,59,low_activity,0,0,0,281,0,281,12006,5715,-0.355,0,34,22,14,15,14,1
1775351342,14,85,0,0,0,0,no_volume,0,0,0,0,no_volume,0,59,0,59,low_activity,0,0,0,281,0,281,12006,5715,-0.355,0,93,22,14,15,14,1
1775351343,14,85,0,0,0,0,no_volume,0,0,0,0,no_volume,0,59,0,59,low_activity,0,0,0,281,0,281,12006,5715,-0.355,0,93,22,14,15,14,1
1775351344,14,85,0,0,0,0,no_volume,0,0,0,0,no_volume,0,59,0,59,low_activity,0,0,0,281,0,281,12006,5715,-0.355,0,93,22,14,15,14,1
1775351345,14,85,0,0,0,0,no_volume,0,0,0,0,no_volume,0,59,0,59,low_activity,0,0,0,281,0,281,12006,5715,-0.355,0,93,22,14,15,14,1
1775351346,14,85,0,0,0,0,no_volume,0,0,0,0,no_volume,0,59,0,59,low_activity,0,0,0,281,0,281,12006,5715,-0.355,0,93,22,14,15,14,1
1775351347,14,85,0,0,0,0,no_volume,0,0,0,0,no_volume,0,59,0,59,low_activity,0,0,0,281,0,281,12006,5715,-0.355,0,-27,22,14,15,14,1
1775351348,14,85,0,0,0,0,no_volume,0,0,0,0,no_volume,0,59,0,59,low_activity,0,0,0,281,0,281,12006,5715,-0.355,0,0,22,14,15,14,1
1775351349,14,85,0,0,0,0,no_volume,0,0,0,0,no_volume,0,59,0,59,low_activity,0,0,0,281,0,281,12006,5715,-0.355,0,0,22,14,15,14,1
1775351350,14,85,0,0,0,0,no_volume,0,0,0,0,no_volume,0,59,0,59,low_activity,0,0,0,281,0,281,12006,5715,-0.355,0,0,22,14,15,14,1
1775351351,14,85,0,0,0,0,no_volume,0,0,0,0,no_volume,0,59,0,59,low_activity,0,0,0,281,0,281,12006,5715,-0.355,0,0,22,14,15,14,1
1775351352,14,85,0,0,0,0,no_volume,0,0,0,0,no_volume,0,59,0,59,low_activity,0,0,0,281,0,281,12006,5715,-0.355,0,0,22,14,15,14,1
1775351353,14,85,0,0,0,0,no_volume,0,0,0,0,no_volume,0,59,0,59,low_activity,0,0,0,281,0,281,11997,5715,-0.3547,-9,-9,23,14,15,14,1
1775351354,14,85,0,0,0,0,no_volume,0,0,0,0,no_volume,0,59,0,59,low_activity,0,0,0,281,0,281,11997,5715,-0.3547,-9,-9,23,14,15,14,1
1775351355,14,85,0,0,0,0,no_volume,0,0,0,0,no_volume,0,59,0,59,low_activity,0,0,0,59,0,59,11997,5715,-0.3547,-9,-9,23,14,15,14,1
1775351356,14,85,0,0,0,0,no_volume,0,0,0,0,no_volume,0,59,0,59,low_activity,0,0,0,59,0,59,11997,5715,-0.3547,0,-9,23,14,15,14,1
1775351357,14,85,0,31,0,31,low_activity,0,31,0,31,low_activity,0,90,0,90,low_activity,31,0,31,90,0,90,11966,5715,-0.3535,-31,-40,23,14,15,14,1
1775351358,14,85,0,31,0,31,low_activity,0,31,0,31,low_activity,0,90,0,90,low_activity,0,0,0,90,0,90,11957,5715,-0.3532,-40,-49,23,14,15,14,1
1775351359,14,85,0,31,0,31,low_activity,0,31,0,31,low_activity,0,90,0,90,low_activity,0,0,0,90,0,90,11957,5715,-0.3532,-40,-49,23,14,15,14,1
1775351360,14,85,0,0,0,0,no_volume,0,31,0,31,low_activity,0,90,0,90,low_activity,0,0,0,90,0,90,11957,5715,-0.3532,-9,-49,23,14,15,14,1
1775351361,14,85,0,0,0,0,no_volume,0,31,0,31,low_activity,0,90,0,90,low_activity,0,0,0,90,0,90,11957,5715,-0.3532,0,-49,23,14,15,14,1
1775351362,14,85,0,0,0,0,no_volume,0,0,0,0,no_volume,0,31,0,31,low_activity,0,0,0,90,0,90,11957,5715,-0.3532,0,-49,23,14,15,14,1
1775351363,14,85,0,0,0,0,no_volume,0,0,0,0,no_volume,0,31,0,31,low_activity,0,0,0,90,0,90,11957,5715,-0.3532,0,-40,23,14,15,14,1
1775351364,14,85,0,0,0,0,no_volume,0,0,0,0,no_volume,0,31,0,31,low_activity,0,0,0,90,0,90,11957,5715,-0.3532,0,-40,23,14,15,14,1
1775351365,14,85,0,0,0,0,no_volume,0,0,0,0,no_volume,0,31,0,31,low_activity,0,0,0,90,0,90,11957,5715,-0.3532,0,-40,23,14,15,14,1
1775351366,14,85,0,0,0,0,no_volume,0,0,0,0,no_volume,0,31,0,31,low_activity,0,0,0,90,0,90,11957,5715,-0.3532,0,-40,23,14,15,14,1
1775351367,14,85,0,0,0,0,no_volume,0,0,0,0,no_volume,0,31,0,31,low_activity,0,0,0,90,0,90,11957,5715,-0.3532,0,-9,23,14,15,14,1
1775351368,14,85,0,0,0,0,no_volume,0,0,0,0,no_volume,0,31,0,31,low_activity,0,0,0,90,0,90,11957,7753,-0.2133,0,0,23,14,15,14,1
1775351369,14,85,0,0,0,0,no_volume,0,0,0,0,no_volume,0,31,0,31,low_activity,0,0,0,90,0,90,11957,7753,-0.2133,0,0,23,14,15,14,1
1775351370,14,85,0,0,0,0,no_volume,0,0,0,0,no_volume,0,31,0,31,low_activity,0,0,0,90,0,90,11957,7753,-0.2133,0,0,23,14,15,14,1
1775351371,14,85,0,0,0,0,no_volume,0,0,0,0,no_volume,0,31,0,31,low_activity,0,0,0,90,0,90,11957,7753,-0.2133,0,0,23,14,15,14,1
1775351372,14,85,0,0,0,0,no_volume,0,0,0,0,no_volume,0,31,0,31,low_activity,0,0,0,90,0,90,11957,7753,-0.2133,0,0,23,14,15,14,1
1775351373,14,85,0,0,0,0,no_volume,0,0,0,0,no_volume,0,31,0,31,low_activity,0,0,0,90,0,90,11957,7753,-0.2133,0,0,23,14,15,14,1
1775351374,14,85,0,0,0,0,no_volume,0,0,0,0,no_volume,0,31,0,31,low_activity,0,0,0,90,0,90,11957,7753,-0.2133,0,0,23,14,15,14,1
1775351375,14,85,0,0,0,0,no_volume,0,0,0,0,no_volume,0,31,0,31,low_activity,0,0,0,90,0,90,11957,7753,-0.2133,0,0,23,14,15,14,1
1775351376,14,85,0,0,0,0,no_volume,0,0,0,0,no_volume,0,31,0,31,low_activity,0,0,0,90,0,90,11957,7753,-0.2133,0,0,23,14,15,14,1
1775351377,14,85,0,0,0,0,no_volume,0,0,0,0,no_volume,0,31,0,31,low_activity,0,0,0,90,0,90,11957,7753,-0.2133,0,0,23,14,15,14,1
1775351378,14,85,0,0,0,0,no_volume,0,0,0,0,no_volume,0,31,0,31,low_activity,0,0,0,90,0,90,11957,7753,-0.2133,0,0,23,14,15,14,1
1775351379,14,85,0,0,0,0,no_volume,0,0,0,0,no_volume,0,31,0,31,low_activity,0,0,0,90,0,90,11957,7753,-0.2133,0,0,23,14,15,14,1
1775351380,14,85,0,18,0,18,low_activity,0,18,0,18,low_activity,0,49,0,49,low_activity,18,0,18,108,0,108,11939,7753,-0.2126,-18,-18,23,14,15,14,1
1775351381,14,85,0,18,0,18,low_activity,0,18,0,18,low_activity,0,49,0,49,low_activity,0,0,0,108,0,108,11947,7753,-0.2129,-10,-10,23,14,15,14,1
1775351382,14,85,0,18,0,18,low_activity,0,18,0,18,low_activity,0,49,0,49,low_activity,0,0,0,108,0,108,11947,7753,-0.2129,-10,-10,23,14,15,14,1
1775351383,14,85,0,0,0,0,no_volume,0,18,0,18,low_activity,0,49,0,49,low_activity,0,0,0,108,0,108,11947,7753,-0.2129,8,-10,23,14,15,14,1
1775351384,14,85,0,0,0,0,no_volume,0,18,0,18,low_activity,0,49,0,49,low_activity,0,0,0,108,0,108,11947,7753,-0.2129,0,-10,23,14,15,14,1
1775351385,14,85,0,0,0,0,no_volume,0,0,0,0,no_volume,0,49,0,49,low_activity,0,0,0,108,0,108,11947,7753,-0.2129,0,-10,23,14,15,14,1
1775351386,14,85,0,0,0,0,no_volume,0,0,0,0,no_volume,0,49,0,49,low_activity,0,0,0,108,0,108,11947,7753,-0.2129,0,-10,23,14,15,14,1
1775351387,14,85,0,0,0,0,no_volume,0,0,0,0,no_volume,0,18,0,18,low_activity,0,0,0,108,0,108,11947,7753,-0.2129,0,-10,23,14,15,14,1
1775351388,14,85,0,0,0,0,no_volume,0,0,0,0,no_volume,0,18,0,18,low_activity,0,0,0,108,0,108,11947,7753,-0.2129,0,-10,23,14,15,14,1
1775351389,14,85,0,0,0,0,no_volume,0,0,0,0,no_volume,0,18,0,18,low_activity,0,0,0,108,0,108,11947,7753,-0.2129,0,-10,23,14,15,14,1
1775351390,14,85,0,0,0,0,no_volume,0,0,0,0,no_volume,0,18,0,18,low_activity,0,0,0,108,0,108,11947,7753,-0.2129,0,8,23,14,15,14,1
1775351391,14,85,0,0,0,0,no_volume,0,0,0,0,no_volume,0,18,0,18,low_activity,0,0,0,108,0,108,11947,7753,-0.2129,0,0,23,14,15,14,1
1775351392,14,85,0,0,0,0,no_volume,0,0,0,0,no_volume,0,18,0,18,low_activity,0,0,0,49,0,49,11947,7753,-0.2129,0,0,23,14,15,14,1
1775351393,14,85,0,0,0,0,no_volume,0,0,0,0,no_volume,0,18,0,18,low_activity,0,0,0,49,0,49,11947,7753,-0.2129,0,0,23,14,15,14,1
1775351394,14,85,0,0,0,0,no_volume,0,0,0,0,no_volume,0,18,0,18,low_activity,0,0,0,49,0,49,11947,7753,-0.2129,0,0,23,14,15,14,1
1775351395,14,85,0,0,0,0,no_volume,0,0,0,0,no_volume,0,18,0,18,low_activity,0,0,0,49,0,49,11947,7753,-0.2129,0,0,23,14,15,14,1
1775351396,14,85,0,0,0,0,no_volume,0,0,0,0,no_volume,0,18,0,18,low_activity,0,0,0,49,0,49,11947,7753,-0.2129,0,0,23,14,15,14,1
1775351397,14,85,0,0,0,0,no_volume,0,0,0,0,no_volume,0,18,0,18,low_activity,0,0,0,49,0,49,11947,7753,-0.2129,0,0,23,14,15,14,1
1775351398,14,85,0,0,0,0,no_volume,0,0,0,0,no_volume,0,18,0,18,low_activity,0,0,0,49,0,49,11947,7753,-0.2129,0,0,23,14,15,14,1
1775351399,14,85,0,0,0,0,no_volume,0,0,0,0,no_volume,0,18,0,18,low_activity,0,0,0,49,0,49,11947,7753,-0.2129,0,0,23,14,15,14,1
1775351400,14,85,0,0,0,0,no_volume,0,0,0,0,no_volume,0,18,0,18,low_activity,0,0,0,49,0,49,11922,7753,-0.2119,-25,-25,23,14,15,14,1
1775351401,14,85,0,0,0,0,no_volume,0,0,0,0,no_volume,0,18,0,18,low_activity,0,0,0,49,0,49,11922,7753,-0.2119,-25,-25,23,14,15,14,1
1775351402,14,85,0,0,0,0,no_volume,0,0,0,0,no_volume,0,18,0,18,low_activity,0,0,0,49,0,49,11922,7753,-0.2119,-25,-25,23,14,15,14,1
1775351403,14,85,0,0,0,0,no_volume,0,0,0,0,no_volume,0,18,0,18,low_activity,0,0,0,49,0,49,11922,7753,-0.2119,0,-25,23,14,15,14,1
1775351404,14,85,0,0,0,0,no_volume,0,0,0,0,no_volume,0,18,0,18,low_activity,0,0,0,49,0,49,11922,7753,-0.2119,0,-25,23,14,15,14,1
1775351405,14,85,0,0,0,0,no_volume,0,0,0,0,no_volume,0,18,0,18,low_activity,0,0,0,49,0,49,11922,7753,-0.2119,0,-25,23,14,15,14,1
1775351406,14,85,0,0,0,0,no_volume,0,0,0,0,no_volume,0,18,0,18,low_activity,0,0,0,49,0,49,11922,7753,-0.2119,0,-25,23,14,15,14,1
1775351407,14,85,0,0,0,0,no_volume,0,0,0,0,no_volume,0,18,0,18,low_activity,0,0,0,49,0,49,11922,7753,-0.2119,0,-25,23,14,15,14,1
1775351408,14,85,0,0,0,0,no_volume,0,0,0,0,no_volume,0,18,0,18,low_activity,0,0,0,49,0,49,11922,7753,-0.2119,0,-25,23,14,15,14,1
1775351409,14,85,0,0,0,0,no_volume,0,0,0,0,no_volume,0,18,0,18,low_activity,0,0,0,49,0,49,11922,7753,-0.2119,0,-25,23,14,15,14,1
1775351410,14,85,0,0,0,0,no_volume,0,0,0,0,no_volume,0,0,0,0,no_volume,0,0,0,49,0,49,11931,5668,-0.3559,9,9,23,14,15,14,1
1775351411,14,85,0,0,0,0,no_volume,0,0,0,0,no_volume,0,0,0,0,no_volume,0,0,0,49,0,49,11921,5668,-0.3555,-1,-1,23,14,15,14,1
1775351412,14,85,0,0,0,0,no_volume,0,0,0,0,no_volume,0,0,0,0,no_volume,0,0,0,49,0,49,11921,5668,-0.3555,-1,-1,23,14,15,14,1
1775351413,14,85,0,0,0,0,no_volume,0,0,0,0,no_volume,0,0,0,0,no_volume,0,0,0,49,0,49,11921,5668,-0.3555,-10,-1,23,14,15,14,1
1775351414,14,85,0,0,0,0,no_volume,0,0,0,0,no_volume,0,0,0,0,no_volume,0,0,0,49,0,49,11921,5668,-0.3555,0,-1,23,14,15,14,1
1775351415,14,85,0,0,0,0,no_volume,0,0,0,0,no_volume,0,0,0,0,no_volume,0,0,0,49,0,49,11940,5668,-0.3562,19,18,23,14,15,14,1
1775351416,14,85,0,0,0,0,no_volume,0,0,0,0,no_volume,0,0,0,0,no_volume,0,0,0,49,0,49,11940,5668,-0.3562,19,18,23,14,15,14,1
1775351417,14,85,0,0,0,0,no_volume,0,0,0,0,no_volume,0,0,0,0,no_volume,0,0,0,18,0,18,11940,5668,-0.3562,19,18,23,14,15,14,1
1775351418,14,85,0,0,0,0,no_volume,0,0,0,0,no_volume,0,0,0,0,no_volume,0,0,0,18,0,18,11940,5668,-0.3562,0,18,23,14,15,14,1
1775351419,14,85,0,0,0,0,no_volume,0,0,0,0,no_volume,0,0,0,0,no_volume,0,0,0,18,0,18,11940,5668,-0.3562,0,18,23,14,15,14,1
1775351420,14,85,0,0,0,0,no_volume,0,0,0,0,no_volume,0,0,0,0,no_volume,0,0,0,18,0,18,11940,5668,-0.3562,0,9,23,14,15,14,1
1775351421,14,85,0,0,0,0,no_volume,0,0,0,0,no_volume,0,0,0,0,no_volume,0,0,0,18,0,18,11940,5668,-0.3562,0,19,23,14,15,14,1
1775351422,14,85,0,0,0,0,no_volume,0,0,0,0,no_volume,0,0,0,0,no_volume,0,0,0,18,0,18,11940,5668,-0.3562,0,19,23,14,15,14,1
1775351423,14,85,0,0,0,0,no_volume,0,0,0,0,no_volume,0,0,0,0,no_volume,0,0,0,18,0,18,11940,5668,-0.3562,0,19,23,14,15,14,1
1775351424,14,85,0,0,0,0,no_volume,0,0,0,0,no_volume,0,0,0,0,no_volume,0,0,0,18,0,18,11940,5694,-0.3542,0,19,23,14,15,14,1
1775351425,14,85,0,0,0,0,no_volume,0,0,0,0,no_volume,0,0,0,0,no_volume,0,0,0,18,0,18,11940,5694,-0.3542,0,0,23,14,15,14,1
1775351426,14,85,0,0,0,0,no_volume,0,0,0,0,no_volume,0,0,0,0,no_volume,0,0,0,18,0,18,11940,5694,-0.3542,0,0,23,14,15,14,1
1775351427,14,85,0,0,0,0,no_volume,0,0,0,0,no_volume,0,0,0,0,no_volume,0,0,0,18,0,18,11940,5694,-0.3542,0,0,23,14,15,14,1
1775351428,14,85,0,0,0,0,no_volume,0,0,0,0,no_volume,0,0,0,0,no_volume,0,0,0,18,0,18,11940,5694,-0.3542,0,0,23,14,15,14,1
1775351429,14,85,0,0,0,0,no_volume,0,0,0,0,no_volume,0,0,0,0,no_volume,0,0,0,18,0,18,11940,5694,-0.3542,0,0,23,14,15,14,1
1775351430,14,85,0,0,0,0,no_volume,0,0,0,0,no_volume,0,0,0,0,no_volume,0,0,0,18,0,18,11940,5694,-0.3542,0,0,23,14,15,14,1
1775351431,14,85,0,31,0,31,low_activity,0,31,0,31,low_activity,0,31,0,31,low_activity,31,0,31,49,0,49,11910,5694,-0.3531,-30,-30,23,14,15,14,1
1775351432,14,85,0,31,0,31,low_activity,0,31,0,31,low_activity,0,31,0,31,low_activity,0,0,0,49,0,49,11910,5694,-0.3531,-30,-30,23,14,15,14,1
1775351433,14,85,0,31,0,31,low_activity,0,31,0,31,low_activity,0,31,0,31,low_activity,0,0,0,49,0,49,11910,5694,-0.3531,-30,-30,23,14,15,14,1
1775351434,14,85,0,0,0,0,no_volume,0,31,0,31,low_activity,0,31,0,31,low_activity,0,0,0,49,0,49,11910,5694,-0.3531,0,-30,23,14,15,14,1
1775351435,14,85,0,0,0,0,no_volume,0,31,0,31,low_activity,0,31,0,31,low_activity,0,0,0,49,0,49,11900,5694,-0.3527,-10,-40,23,14,15,14,1
1775351436,14,85,0,0,0,0,no_volume,0,0,0,0,no_volume,0,31,0,31,low_activity,0,0,0,49,0,49,13901,5694,-0.4188,1991,1961,23,14,15,14,1
1775351437,14,85,0,0,0,0,no_volume,0,0,0,0,no_volume,0,31,0,31,low_activity,0,0,0,49,0,49,13888,5694,-0.4184,1978,1948,23,14,15,14,1
1775351438,14,85,0,0,0,0,no_volume,0,0,0,0,no_volume,0,31,0,31,low_activity,0,0,0,49,0,49,13888,5694,-0.4184,1988,1948,23,14,15,14,1
1775351439,14,85,0,0,0,0,no_volume,0,0,0,0,no_volume,0,31,0,31,low_activity,0,0,0,49,0,49,13888,5694,-0.4184,-13,1948,23,14,15,14,1
1775351440,14,85,0,0,0,0,no_volume,0,0,0,0,no_volume,0,31,0,31,low_activity,0,0,0,31,0,31,13888,5694,-0.4184,0,1948,23,14,15,14,1
1775351441,14,85,0,0,0,0,no_volume,0,0,0,0,no_volume,0,31,0,31,low_activity,0,0,0,31,0,31,13888,5694,-0.4184,0,1978,23,14,15,14,1
1775351442,14,85,0,0,0,0,no_volume,0,0,0,0,no_volume,0,31,0,31,low_activity,0,0,0,31,0,31,13888,5694,-0.4184,0,1978,23,14,15,14,1
1775351443,14,85,0,0,0,0,no_volume,0,0,0,0,no_volume,0,31,0,31,low_activity,0,0,0,31,0,31,13888,5694,-0.4184,0,1978,23,14,15,14,1
1775351444,14,85,0,0,0,0,no_volume,0,0,0,0,no_volume,0,31,0,31,low_activity,0,0,0,31,0,31,13888,5694,-0.4184,0,1978,23,14,15,14,1
1775351445,14,85,0,0,0,0,no_volume,0,0,0,0,no_volume,0,31,0,31,low_activity,0,0,0,31,0,31,13888,5694,-0.4184,0,1988,23,14,15,14,1
1775351446,14,85,0,0,0,0,low_activity,0,0,0,0,low_activity,0,31,0,31,low_activity,1,0,1,32,0,32,13925,5694,-0.4195,37,24,23,14,15,14,1
1775351447,14,85,0,0,0,0,low_activity,0,0,0,0,low_activity,0,31,0,31,low_activity,0,0,0,32,0,32,13925,5694,-0.4195,37,37,23,14,15,14,1
1775351448,14,85,0,0,0,0,low_activity,0,0,0,0,low_activity,0,31,0,31,low_activity,0,0,0,32,0,32,13925,5694,-0.4195,37,37,23,14,15,14,1
1775351449,14,85,0,0,0,0,no_volume,0,0,0,0,low_activity,0,31,0,31,low_activity,0,0,0,32,0,32,13925,5694,-0.4195,0,37,23,14,15,14,1
1775351450,14,85,0,57,0,57,low_activity,0,57,0,57,low_activity,0,88,0,88,low_activity,62,0,62,94,0,94,13868,5694,-0.4179,-57,-20,23,14,15,14,1
1775351451,14,85,0,57,0,57,low_activity,0,57,0,57,low_activity,0,88,0,88,low_activity,0,0,0,94,0,94,13868,5694,-0.4179,-57,-20,23,14,15,14,1
1775351452,14,85,0,57,0,57,low_activity,0,57,0,57,low_activity,0,88,0,88,low_activity,0,0,0,94,0,94,13868,5694,-0.4179,-57,-20,23,14,15,14,1
1775351453,14,85,0,0,0,0,no_volume,0,57,0,57,low_activity,0,88,0,88,low_activity,0,0,0,94,0,94,13878,5694,-0.4181,10,-10,23,14,15,14,1
1775351454,14,85,0,0,0,0,no_volume,0,57,0,57,low_activity,0,88,0,88,low_activity,0,0,0,94,0,94,13878,5694,-0.4181,10,-10,23,14,15,14,1
1775351455,14,85,0,0,0,0,no_volume,0,0,0,0,no_volume,0,88,0,88,low_activity,0,0,0,94,0,94,13878,5694,-0.4181,10,-10,23,14,15,14,1
1775351456,14,85,0,0,0,0,no_volume,0,0,0,0,no_volume,0,88,0,88,low_activity,0,0,0,94,0,94,13878,5694,-0.4181,0,-47,23,14,15,14,1
1775351457,14,85,0,0,0,0,no_volume,0,0,0,0,no_volume,0,88,0,88,low_activity,0,0,0,94,0,94,13878,5694,-0.4181,0,-47,23,14,15,14,1
1775351458,14,85,0,0,0,0,no_volume,0,0,0,0,no_volume,0,88,0,88,low_activity,0,0,0,94,0,94,13878,5694,-0.4181,0,-47,23,14,15,14,1
1775351459,14,85,0,0,0,0,no_volume,0,0,0,0,no_volume,0,88,0,88,low_activity,0,0,0,94,0,94,13878,5694,-0.4181,0,-47,23,14,15,14,1
1775351460,14,85,0,0,0,0,no_volume,0,0,0,0,no_volume,0,88,0,88,low_activity,0,0,0,94,0,94,13878,5694,-0.4181,0,10,23,14,15,14,1
1775351461,14,85,0,0,0,0,no_volume,0,0,0,0,no_volume,0,57,0,57,low_activity,0,0,0,94,0,94,13878,5694,-0.4181,0,10,23,14,15,14,1
1775351462,14,85,0,0,0,0,no_volume,0,0,0,0,no_volume,0,57,0,57,low_activity,0,0,0,94,0,94,13878,5694,-0.4181,0,10,23,14,15,14,1
1775351463,14,85,0,0,0,0,no_volume,0,0,0,0,no_volume,0,57,0,57,low_activity,0,0,0,94,0,94,13878,5694,-0.4181,0,0,23,14,15,14,1
1775351464,14,85,0,0,0,0,no_volume,0,0,0,0,no_volume,0,57,0,57,low_activity,0,0,0,94,0,94,13878,5694,-0.4181,0,0,23,14,15,14,1
1775351465,14,85,0,0,0,0,no_volume,0,0,0,0,no_volume,0,57,0,57,low_activity,0,0,0,94,0,94,13878,5694,-0.4181,0,0,23,14,15,14,1
1775351466,14,85,0,0,0,0,no_volume,0,0,0,0,no_volume,0,57,0,57,low_activity,0,0,0,94,0,94,13887,5694,-0.4184,9,9,22,14,15,14,1
1775351467,14,85,0,0,0,0,low_activity,0,0,0,0,low_activity,0,57,0,57,low_activity,0,9,9,94,9,103,13887,5685,-0.4191,9,9,22,14,15,14,1
1775351468,14,85,0,0,0,0,low_activity,0,0,0,0,low_activity,0,57,0,57,low_activity,0,0,0,94,9,103,13927,5685,-0.4203,49,49,22,14,15,14,1
1775351469,14,85,0,0,0,0,low_activity,0,0,0,0,low_activity,0,57,0,57,low_activity,0,0,0,94,9,103,13927,5685,-0.4203,40,49,22,14,15,14,1
1775351470,14,85,0,0,0,0,no_volume,0,0,0,0,low_activity,0,57,0,57,low_activity,0,0,0,94,9,103,13927,5685,-0.4203,40,49,22,14,15,14,1
1775351471,14,85,0,0,0,0,no_volume,0,0,0,0,low_activity,0,57,0,57,low_activity,0,0,0,94,9,103,13927,5685,-0.4203,0,49,22,14,15,14,1
1775351472,14,85,0,0,0,0,no_volume,0,0,0,0,no_volume,0,57,0,57,low_activity,0,0,0,94,9,103,13927,5685,-0.4203,0,49,22,14,15,14,1
1775351473,14,85,0,0,0,0,no_volume,0,0,0,0,no_volume,0,57,0,57,low_activity,0,0,0,94,9,103,8546,7791,-0.0462,-5381,-5332,22,14,15,14,1
1775351474,14,85,0,0,0,0,no_volume,0,0,0,0,no_volume,0,57,0,57,low_activity,0,0,0,94,9,103,8546,7785,-0.0466,-5381,-5332,21,13,15,14,1
1775351475,14,85,0,0,0,0,no_volume,0,0,0,0,no_volume,0,57,0,57,low_activity,0,0,0,94,9,103,8556,7785,-0.0472,-5371,-5322,24,13,15,14,1
1775351476,14,85,0,0,0,0,no_volume,0,0,0,0,no_volume,0,57,0,57,low_activity,0,0,0,94,9,103,8591,7785,-0.0492,45,-5296,24,13,15,14,1
1775351477,14,85,0,0,0,0,no_volume,0,0,0,0,no_volume,0,57,0,57,low_activity,0,0,0,94,9,103,8591,7785,-0.0492,45,-5296,24,13,15,14,1
1775351478,14,82,0,0,0,0,no_volume,0,0,0,0,no_volume,0,57,0,57,low_activity,0,0,0,94,9,103,8563,7785,-0.0476,7,-5364,22,13,18,14,4
1775351479,14,82,0,0,0,0,no_volume,0,0,0,0,no_volume,0,57,0,57,low_activity,0,0,0,94,9,103,8563,7785,-0.0476,-28,-5364,22,13,18,14,4
1775351480,14,83,0,0,0,0,no_volume,0,0,0,0,no_volume,0,0,0,0,low_activity,0,0,0,94,9,103,8962,7875,-0.0646,371,-4965,23,13,17,14,3
1775351481,14,83,0,0,0,0,no_volume,0,0,0,0,no_volume,0,0,0,0,low_activity,0,0,0,94,9,103,8962,7875,-0.0646,399,-4965,23,13,17,14,3
1775351482,14,83,0,0,0,0,no_volume,0,0,0,0,no_volume,0,0,0,0,low_activity,0,0,0,94,9,103,8962,7785,-0.0703,399,-4965,23,13,17,14,3
1775351483,14,82,0,0,0,0,no_volume,0,0,0,0,no_volume,0,0,0,0,low_activity,0,0,0,94,9,103,8568,7785,-0.0479,-394,22,22,13,18,14,4
1775351484,15,82,0,0,0,0,no_volume,0,0,0,0,no_volume,0,0,0,0,low_activity,0,0,0,94,9,103,8568,7819,-0.0457,-394,22,22,14,18,15,3
1775351485,15,82,0,0,0,0,no_volume,0,0,0,0,no_volume,0,0,0,0,low_activity,0,0,0,94,9,103,8601,7819,-0.0476,-361,45,21,14,18,15,3
1775351486,15,83,0,0,0,0,no_volume,0,0,0,0,no_volume,0,0,0,0,low_activity,0,0,0,94,9,103,8646,7909,-0.0445,78,55,24,14,17,15,2
1775351487,15,81,0,0,0,0,no_volume,0,0,0,0,no_volume,0,0,0,0,low_activity,0,0,0,94,9,103,8652,7909,-0.0449,84,61,23,14,19,15,4
1775351488,15,82,0,0,0,0,no_volume,0,0,0,0,no_volume,0,0,0,0,low_activity,0,0,0,94,9,103,8569,7909,-0.0401,-32,6,22,14,18,15,3
1775351489,15,82,0,0,0,0,no_volume,0,0,0,0,no_volume,0,0,0,0,low_activity,0,0,0,94,9,103,8578,7909,-0.0406,-68,15,23,14,18,15,3
1775351490,15,82,0,0,0,0,no_volume,0,0,0,0,no_volume,0,0,0,0,low_activity,0,0,0,94,9,103,8676,5802,-0.1985,24,-286,25,14,18,15,3
1775351491,15,82,0,0,0,0,no_volume,0,0,0,0,no_volume,0,0,0,0,low_activity,0,0,0,63,9,72,8592,5795,-0.1944,23,-370,22,14,18,15,3
1775351492,15,82,0,0,0,0,no_volume,0,0,0,0,no_volume,0,0,0,0,low_activity,0,0,0,63,9,72,8562,5795,-0.1927,-16,-400,22,14,18,15,3
1775351493,15,83,0,0,0,0,no_volume,0,0,0,0,no_volume,0,0,0,0,low_activity,0,0,0,63,9,72,8586,5795,-0.1941,-90,18,24,14,17,15,2
1775351494,15,82,0,0,0,0,no_volume,0,0,0,0,no_volume,0,0,0,0,low_activity,0,0,0,63,9,72,8586,5802,-0.1935,-6,18,24,14,18,15,3
1775351495,15,82,0,0,0,0,no_volume,0,0,0,0,no_volume,0,0,0,0,low_activity,0,0,0,63,9,72,8625,5802,-0.1957,63,24,24,14,18,15,3
1775351496,15,82,0,0,0,0,low_activity,0,0,0,0,low_activity,0,0,0,0,low_activity,3,0,3,66,9,75,8682,5802,-0.1988,96,36,24,14,18,15,3
1775351497,15,82,0,0,0,0,low_activity,0,0,0,0,low_activity,0,0,0,0,low_activity,0,0,0,66,9,75,8633,5802,-0.1961,47,-19,25,14,18,15,3
1775351498,15,81,0,0,0,0,low_activity,0,0,0,0,low_activity,0,0,0,0,low_activity,0,0,0,66,9,75,8633,5802,-0.1961,8,64,25,14,19,15,4
1775351499,15,81,0,0,0,0,no_volume,0,0,0,0,low_activity,0,0,0,0,low_activity,0,0,0,66,9,75,8633,5802,-0.1961,-49,55,25,14,19,15,4
1775351500,14,85,0,0,0,0,no_volume,0,0,0,0,low_activity,0,0,0,0,low_activity,0,0,0,66,9,75,12752,5654,-0.3856,4119,4076,23,14,15,14,1
1775351501,14,85,0,0,0,0,no_volume,0,0,0,0,no_volume,0,0,0,0,low_activity,0,0,0,66,9,75,12752,6079,-0.3544,4119,4160,23,14,15,14,1
1775351502,14,85,0,0,0,0,no_volume,0,0,0,0,no_volume,0,0,0,0,low_activity,0,0,0,66,9,75,12352,5679,-0.3701,3719,3790,22,14,15,14,1
1775351503,14,85,0,0,0,0,no_volume,0,0,0,0,no_volume,0,0,0,0,low_activity,0,0,0,66,9,75,12352,5679,-0.3701,-400,3766,21,14,15,14,1
1775351504,14,85,0,0,0,0,no_volume,0,0,0,0,no_volume,0,0,0,0,low_activity,0,0,0,66,9,75,12352,5679,-0.3701,-400,3766,21,14,15,14,1
1775351505,14,85,0,0,0,0,no_volume,0,0,0,0,no_volume,0,0,0,0,low_activity,0,0,0,66,9,75,12445,5679,-0.3733,93,3820,23,14,15,14,1
1775351506,14,85,0,0,0,0,no_volume,0,0,0,0,no_volume,0,0,0,0,low_activity,0,0,0,65,9,74,12445,5679,-0.3733,93,3763,23,14,15,14,1
1775351507,14,85,0,0,0,0,no_volume,0,0,0,0,no_volume,0,0,0,0,low_activity,0,0,0,65,9,74,12445,5679,-0.3733,93,3812,23,14,15,14,1
1775351508,14,85,0,0,0,0,no_volume,0,0,0,0,no_volume,0,0,0,0,low_activity,0,0,0,65,9,74,12445,5679,-0.3733,0,3812,23,14,15,14,1
1775351509,14,85,0,0,0,0,no_volume,0,0,0,0,no_volume,0,0,0,0,low_activity,0,0,0,65,9,74,12465,5679,-0.374,20,3832,23,14,15,14,1
1775351510,14,85,0,62,0,62,low_activity,0,62,0,62,low_activity,0,62,0,62,low_activity,62,0,62,65,9,74,12369,5679,-0.3707,-76,-383,22,14,15,14,1
1775351511,14,85,0,62,0,62,low_activity,0,62,0,62,low_activity,0,62,0,62,low_activity,0,0,0,65,9,74,12369,5679,-0.3707,-76,-383,22,14,15,14,1
1775351512,14,85,0,62,0,62,low_activity,0,62,0,62,low_activity,0,62,0,62,low_activity,0,0,0,65,9,74,12369,5679,-0.3707,-96,17,22,14,15,14,1
1775351513,14,85,0,0,0,0,no_volume,0,62,0,62,low_activity,0,62,0,62,low_activity,0,0,0,65,9,74,12369,5679,-0.3707,0,17,22,14,15,14,1
1775351514,14,85,0,0,0,0,no_volume,0,62,0,62,low_activity,0,62,0,62,low_activity,0,0,0,65,9,74,12379,5679,-0.371,10,27,22,14,15,14,1
1775351515,14,85,0,0,0,0,no_volume,0,0,0,0,no_volume,0,62,0,62,low_activity,0,0,0,65,9,74,12379,5679,-0.371,10,-66,22,14,15,14,1
1775351516,14,85,0,0,0,0,no_volume,0,0,0,0,no_volume,0,62,0,62,low_activity,0,0,0,65,9,74,12431,5679,-0.3728,62,-14,22,14,15,14,1
1775351517,14,85,0,0,0,0,no_volume,0,0,0,0,no_volume,0,62,0,62,low_activity,0,0,0,65,9,74,12431,5679,-0.3728,52,-14,22,14,15,14,1
1775351518,14,85,0,0,0,0,no_volume,0,0,0,0,no_volume,0,62,0,62,low_activity,0,0,0,65,9,74,12431,5679,-0.3728,52,-14,22,14,15,14,1
1775351519,14,85,0,0,0,0,no_volume,0,0,0,0,no_volume,0,62,0,62,low_activity,0,0,0,65,9,74,12431,5679,-0.3728,0,-34,22,14,15,14,1
1775351520,14,85,0,0,0,0,no_volume,0,0,0,0,no_volume,0,62,0,62,low_activity,0,0,0,65,9,74,12431,5679,-0.3728,0,62,22,14,15,14,1
1775351521,14,85,0,0,0,0,no_volume,0,0,0,0,no_volume,0,62,0,62,low_activity,0,0,0,65,9,74,12431,5679,-0.3728,0,62,22,14,15,14,1
1775351522,14,85,0,0,0,0,no_volume,0,0,0,0,no_volume,0,62,0,62,low_activity,0,0,0,65,9,74,12431,5679,-0.3728,0,62,22,14,15,14,1
1775351523,14,85,0,0,0,0,no_volume,0,0,0,0,no_volume,0,62,0,62,low_activity,0,0,0,65,9,74,12431,5679,-0.3728,0,62,22,14,15,14,1
1775351524,14,85,0,0,0,0,no_volume,0,0,0,0,no_volume,0,62,0,62,low_activity,0,0,0,65,9,74,12431,5679,-0.3728,0,52,22,14,15,14,1
1775351525,14,85,0,0,0,0,no_volume,0,0,0,0,no_volume,0,62,0,62,low_activity,0,0,0,65,9,74,12431,5679,-0.3728,0,52,22,14,15,14,1
1775351526,14,85,0,0,0,0,no_volume,0,0,0,0,no_volume,0,62,0,62,low_activity,0,0,0,65,9,74,12431,5679,-0.3728,0,0,22,14,15,14,1
1775351527,14,85,0,0,0,0,no_volume,0,0,0,0,no_volume,0,62,0,62,low_activity,0,0,0,65,0,65,12431,5679,-0.3728,0,0,22,14,15,14,1
1775351528,14,85,0,0,0,0,no_volume,0,0,0,0,no_volume,0,62,0,62,low_activity,0,0,0,65,0,65,12431,5679,-0.3728,0,0,22,14,15,14,1
1775351529,14,85,0,0,0,0,no_volume,0,0,0,0,no_volume,0,62,0,62,low_activity,0,0,0,65,0,65,12445,5679,-0.3733,14,14,22,14,15,14,1
1775351530,14,85,0,0,0,0,no_volume,0,0,0,0,no_volume,0,62,0,62,low_activity,0,0,0,65,0,65,12445,5679,-0.3733,14,14,22,14,15,14,1
1775351531,14,85,0,0,0,0,no_volume,0,0,0,0,no_volume,0,62,0,62,low_activity,0,0,0,65,0,65,12445,5679,-0.3733,14,14,22,14,15,14,1
1775351532,14,85,0,0,0,0,no_volume,0,0,0,0,no_volume,0,62,0,62,low_activity,0,0,0,65,0,65,12445,5679,-0.3733,0,14,22,14,15,14,1
1775351533,14,85,0,0,0,0,no_volume,0,0,0,0,no_volume,0,62,0,62,low_activity,0,0,0,65,0,65,12445,5679,-0.3733,0,14,22,14,15,14,1
1775351534,14,85,0,0,0,0,no_volume,0,0,0,0,no_volume,0,62,0,62,low_activity,0,0,0,65,0,65,12445,5679,-0.3733,0,14,22,14,15,14,1
1775351535,14,85,0,0,0,0,no_volume,0,0,0,0,no_volume,0,62,0,62,low_activity,0,0,0,65,0,65,12445,5679,-0.3733,0,14,22,14,15,14,1
1775351536,14,85,0,0,0,0,no_volume,0,0,0,0,no_volume,0,62,0,62,low_activity,0,0,0,65,0,65,12445,5679,-0.3733,0,14,22,14,15,14,1
1775351537,14,85,0,0,0,0,no_volume,0,0,0,0,no_volume,0,62,0,62,low_activity,0,0,0,65,0,65,12445,5679,-0.3733,0,14,22,14,15,14,1
1775351538,14,85,0,0,0,0,no_volume,0,0,0,0,no_volume,0,62,0,62,low_activity,0,0,0,65,0,65,12445,5679,-0.3733,0,14,22,14,15,14,1
1775351539,14,85,0,0,0,0,no_volume,0,0,0,0,no_volume,0,62,0,62,low_activity,0,0,0,65,0,65,12445,5679,-0.3733,0,0,22,14,15,14,1
1775351540,14,85,0,0,0,0,no_volume,0,0,0,0,no_volume,0,0,0,0,no_volume,0,0,0,65,0,65,12445,5679,-0.3733,0,0,22,14,15,14,1
1775351541,14,85,0,0,0,0,no_volume,0,0,0,0,no_volume,0,0,0,0,no_volume,0,0,0,65,0,65,12445,5679,-0.3733,0,0,22,14,15,14,1
1775351542,14,85,0,0,0,0,no_volume,0,0,0,0,no_volume,0,0,0,0,no_volume,0,0,0,65,0,65,12445,5679,-0.3733,0,0,22,14,15,14,1
1775351543,14,85,0,0,0,0,no_volume,0,0,0,0,no_volume,0,0,0,0,no_volume,0,0,0,65,0,65,12445,5679,-0.3733,0,0,22,14,15,14,1
1775351544,14,85,0,62,0,62,low_activity,0,62,0,62,low_activity,0,62,0,62,low_activity,62,0,62,127,0,127,12383,5679,-0.3712,-62,-62,22,14,15,14,1
1775351545,14,85,0,62,0,62,low_activity,0,62,0,62,low_activity,0,62,0,62,low_activity,0,0,0,127,0,127,12383,5679,-0.3712,-62,-62,22,14,15,14,1
1775351546,14,85,0,376,0,376,low_activity,0,376,0,376,low_activity,0,376,0,376,low_activity,314,0,314,441,0,441,12070,5679,-0.3601,-375,-375,22,14,15,14,1
1775351547,14,85,0,314,0,314,low_activity,0,376,0,376,low_activity,0,376,0,376,low_activity,0,0,0,441,0,441,12070,5679,-0.3601,-313,-375,22,14,15,14,1
1775351548,14,85,0,314,0,314,low_activity,0,376,0,376,low_activity,0,376,0,376,low_activity,0,0,0,441,0,441,12070,5679,-0.3601,-313,-375,22,14,15,14,1
1775351549,14,85,0,0,0,0,no_volume,0,314,0,314,low_activity,0,376,0,376,low_activity,0,0,0,441,0,441,12070,5679,-0.3601,0,-375,22,14,15,14,1
1775351550,14,85,0,0,0,0,no_volume,0,314,0,314,low_activity,0,376,0,376,low_activity,0,0,0,441,0,441,12070,5679,-0.3601,0,-375,22,14,15,14,1
1775351551,14,85,0,0,0,0,no_volume,0,0,0,0,no_volume,0,376,0,376,low_activity,0,0,0,441,0,441,12070,5679,-0.3601,0,-375,22,14,15,14,1
1775351552,14,85,0,0,0,0,no_volume,0,0,0,0,no_volume,0,376,0,376,low_activity,0,0,0,441,0,441,8584,5679,-0.2037,-3486,-3861,23,13,15,14,1
1775351553,14,84,0,0,0,0,no_volume,0,0,0,0,no_volume,0,376,0,376,low_activity,0,0,0,441,0,441,8584,5679,-0.2037,-3486,-3861,22,13,16,14,2
1775351554,14,84,0,0,0,0,no_volume,0,0,0,0,no_volume,0,376,0,376,low_activity,0,0,0,441,0,441,8584,5679,-0.2037,-3486,-3799,21,13,16,14,2
1775351555,14,84,0,0,0,0,no_volume,0,0,0,0,no_volume,0,376,0,376,low_activity,0,0,0,441,0,441,8585,5679,-0.2037,1,-3798,23,13,16,14,2
1775351556,14,84,0,0,0,0,no_volume,0,0,0,0,no_volume,0,376,0,376,low_activity,0,0,0,438,0,438,8585,5679,-0.2037,1,-3485,23,13,16,14,2
1775351557,14,84,0,0,0,0,no_volume,0,0,0,0,no_volume,0,376,0,376,low_activity,0,0,0,438,0,438,8585,5679,-0.2037,1,-3485,22,13,16,14,2
1775351558,14,84,0,0,0,0,no_volume,0,0,0,0,no_volume,0,376,0,376,low_activity,0,0,0,438,0,438,8585,5672,-0.2043,0,-3485,22,14,16,14,2
1775351559,14,85,0,0,0,0,no_volume,0,0,0,0,no_volume,0,376,0,376,low_activity,0,0,0,438,0,438,12320,5679,-0.369,3735,250,22,14,15,14,1
1775351560,14,85,0,0,0,0,no_volume,0,0,0,0,no_volume,0,376,0,376,low_activity,0,0,0,438,0,438,12319,5679,-0.3689,3734,249,21,14,15,14,1
1775351561,14,85,0,0,0,0,no_volume,0,0,0,0,no_volume,0,376,0,376,low_activity,0,0,0,438,0,438,12319,5679,-0.3689,3734,249,21,14,15,14,1
1775351562,14,85,0,0,0,0,no_volume,0,0,0,0,no_volume,0,376,0,376,low_activity,0,0,0,438,0,438,12369,5679,-0.3707,49,3785,22,14,15,14,1
1775351563,14,85,0,0,0,0,no_volume,0,0,0,0,no_volume,0,376,0,376,low_activity,0,0,0,438,0,438,12369,5679,-0.3707,50,3785,22,14,15,14,1
1775351564,14,85,0,0,0,0,no_volume,0,0,0,0,no_volume,0,376,0,376,low_activity,0,0,0,438,0,438,12369,5679,-0.3707,50,3785,22,14,15,14,1
1775351565,13,85,0,0,0,0,no_volume,0,0,0,0,no_volume,0,376,0,376,low_activity,0,0,0,438,0,438,12300,3420,-0.5649,-69,3715,21,12,15,13,2
1775351566,13,85,0,0,0,0,no_volume,0,0,0,0,no_volume,0,376,0,376,low_activity,0,0,0,438,0,438,12352,4073,-0.504,-17,3767,21,13,15,13,2
1775351567,13,85,0,0,0,0,no_volume,0,0,0,0,no_volume,0,376,0,376,low_activity,0,0,0,438,0,438,12402,4073,-0.5056,33,3817,21,13,15,13,2
1775351568,13,85,0,188,0,188,low_activity,0,188,0,188,low_activity,0,564,0,564,low_activity,188,0,188,626,0,626,12154,4073,-0.498,-146,3569,20,13,15,13,2
1775351569,13,85,0,188,0,188,low_activity,0,188,0,188,low_activity,0,564,0,564,low_activity,0,0,0,626,0,626,12182,4073,-0.4989,-170,-138,20,13,15,13,2
1775351570,13,85,0,188,0,188,low_activity,0,188,0,188,low_activity,0,564,0,564,low_activity,0,0,0,564,0,564,12210,4101,-0.4971,-192,-109,20,13,15,13,2
1775351571,13,86,0,31,0,31,low_activity,0,219,0,219,low_activity,0,595,0,595,low_activity,31,0,31,595,0,595,12198,4101,-0.4968,44,-121,21,13,14,13,1
1775351572,13,86,0,31,0,31,low_activity,0,219,0,219,low_activity,0,595,0,595,low_activity,0,0,0,595,0,595,12085,4101,-0.4933,-97,-284,21,13,14,13,1
1775351573,13,86,0,31,0,31,low_activity,0,31,0,31,low_activity,0,595,0,595,low_activity,0,0,0,595,0,595,12085,4101,-0.4933,-125,-284,21,13,14,13,1
1775351574,13,86,0,0,0,0,no_volume,0,31,0,31,low_activity,0,533,0,533,low_activity,0,0,0,595,0,595,12095,4101,-0.4936,-103,-274,21,13,14,13,1
1775351575,13,86,0,0,0,0,no_volume,0,31,0,31,low_activity,0,533,0,533,low_activity,0,0,0,595,0,595,12095,4126,-0.4913,10,-205,21,13,14,13,1
1775351576,13,86,0,0,0,0,no_volume,0,0,0,0,no_volume,0,219,0,219,low_activity,0,0,0,595,0,595,12095,4126,-0.4913,10,-257,21,13,14,13,1
1775351577,13,86,0,0,0,0,no_volume,0,0,0,0,no_volume,0,219,0,219,low_activity,0,0,0,595,0,595,12095,4126,-0.4913,0,-307,21,13,14,13,1
1775351578,13,86,0,0,0,0,no_volume,0,0,0,0,no_volume,0,219,0,219,low_activity,0,0,0,595,0,595,12095,4126,-0.4913,0,-59,21,13,14,13,1
1775351579,13,86,0,0,0,0,no_volume,0,0,0,0,no_volume,0,219,0,219,low_activity,0,0,0,595,0,595,12095,4126,-0.4913,0,-87,21,13,14,13,1
1775351580,13,86,0,0,0,0,no_volume,0,0,0,0,no_volume,0,219,0,219,low_activity,0,0,0,595,0,595,12095,4126,-0.4913,0,-115,21,13,14,13,1
1775351581,13,86,0,0,0,0,no_volume,0,0,0,0,no_volume,0,219,0,219,low_activity,0,0,0,595,0,595,12095,4073,-0.4962,0,-103,21,13,14,13,1
1775351582,13,86,0,0,0,0,no_volume,0,0,0,0,no_volume,0,219,0,219,low_activity,0,0,0,595,0,595,12095,4073,-0.4962,0,10,21,13,14,13,1
1775351583,13,86,0,0,0,0,no_volume,0,0,0,0,no_volume,0,219,0,219,low_activity,0,0,0,595,0,595,12095,4073,-0.4962,0,10,21,13,14,13,1
1775351584,13,86,0,0,0,0,no_volume,0,0,0,0,no_volume,0,219,0,219,low_activity,0,0,0,595,0,595,12095,4098,-0.4939,0,0,21,13,14,13,1
1775351585,13,86,0,0,0,0,no_volume,0,0,0,0,no_volume,0,219,0,219,low_activity,0,0,0,595,0,595,12095,4098,-0.4939,0,0,21,13,14,13,1
1775351586,13,86,0,0,0,0,no_volume,0,0,0,0,no_volume,0,219,0,219,low_activity,0,0,0,595,0,595,12095,4098,-0.4939,0,0,21,13,14,13,1
1775351587,13,86,0,0,0,0,no_volume,0,0,0,0,no_volume,0,219,0,219,low_activity,0,0,0,595,0,595,12095,4098,-0.4939,0,0,21,13,14,13,1
1775351588,13,86,0,0,0,0,no_volume,0,0,0,0,no_volume,0,219,0,219,low_activity,0,0,0,595,0,595,12095,4098,-0.4939,0,0,21,13,14,13,1
1775351589,13,86,0,0,0,0,no_volume,0,0,0,0,no_volume,0,219,0,219,low_activity,0,0,0,595,0,595,12095,4098,-0.4939,0,0,21,13,14,13,1
1775351590,13,86,0,0,0,0,no_volume,0,0,0,0,no_volume,0,219,0,219,low_activity,0,0,0,595,0,595,12095,4098,-0.4939,0,0,21,13,14,13,1
1775351591,13,86,0,0,0,0,no_volume,0,0,0,0,no_volume,0,219,0,219,low_activity,0,0,0,595,0,595,12095,4098,-0.4939,0,0,21,13,14,13,1
1775351592,13,86,0,0,0,0,no_volume,0,0,0,0,no_volume,0,219,0,219,low_activity,0,0,0,595,0,595,12095,4098,-0.4939,0,0,21,13,14,13,1
1775351593,13,86,0,0,0,0,no_volume,0,0,0,0,no_volume,0,219,0,219,low_activity,0,0,0,595,0,595,12095,4098,-0.4939,0,0,21,13,14,13,1
1775351594,13,86,0,0,0,0,no_volume,0,0,0,0,no_volume,0,219,0,219,low_activity,0,0,0,595,0,595,12095,6139,-0.3266,0,0,21,13,14,13,1
1775351595,13,86,0,0,0,0,no_volume,0,0,0,0,no_volume,0,219,0,219,low_activity,0,0,0,595,0,595,12095,5692,-0.36,0,0,21,13,14,13,1
1775351596,13,86,0,0,0,0,no_volume,0,0,0,0,no_volume,0,219,0,219,low_activity,0,0,0,595,0,595,12095,5692,-0.36,0,0,21,13,14,13,1
1775351597,13,86,0,0,0,0,no_volume,0,0,0,0,no_volume,0,219,0,219,low_activity,0,0,0,595,0,595,12095,5692,-0.36,0,0,21,13,14,13,1
1775351598,13,86,0,0,0,0,no_volume,0,0,0,0,no_volume,0,31,0,31,low_activity,0,0,0,595,0,595,12095,5692,-0.36,0,0,21,13,14,13,1
1775351599,13,86,0,0,0,0,no_volume,0,0,0,0,no_volume,0,31,0,31,low_activity,0,0,0,595,0,595,12095,5716,-0.3581,0,0,21,13,14,13,1
1775351600,13,86,0,0,0,0,no_volume,0,0,0,0,no_volume,0,31,0,31,low_activity,0,0,0,595,0,595,12213,7723,-0.2252,118,118,23,13,14,13,1
1775351601,13,86,0,0,0,0,no_volume,0,0,0,0,no_volume,0,0,0,0,no_volume,0,0,0,595,0,595,12213,7723,-0.2252,118,118,23,13,14,13,1
1775351602,13,86,0,0,0,0,no_volume,0,0,0,0,no_volume,0,0,0,0,no_volume,0,0,0,595,0,595,12213,7723,-0.2252,118,118,23,13,14,13,1
1775351603,13,86,0,0,0,0,no_volume,0,0,0,0,no_volume,0,0,0,0,no_volume,0,0,0,595,0,595,12196,7741,-0.2235,-17,101,22,13,14,13,1
1775351604,13,86,0,0,0,0,no_volume,0,0,0,0,no_volume,0,0,0,0,no_volume,0,0,0,533,0,533,12176,7698,-0.2253,-37,81,22,13,14,13,1
1775351605,13,86,0,20,0,20,low_activity,0,20,0,20,low_activity,0,20,0,20,low_activity,20,0,20,553,0,553,12156,7698,-0.2245,-57,61,22,13,14,13,1
1775351606,13,86,0,20,0,20,low_activity,0,20,0,20,low_activity,0,20,0,20,low_activity,0,0,0,239,0,239,12156,7698,-0.2245,-40,61,22,13,14,13,1
1775351607,13,86,0,20,0,20,low_activity,0,20,0,20,low_activity,0,20,0,20,low_activity,0,0,0,239,0,239,12156,7698,-0.2245,-20,61,22,13,14,13,1
1775351608,13,86,0,0,450,450,low_activity,0,20,450,470,low_activity,0,20,450,470,low_activity,0,450,450,239,450,689,8640,7248,-0.0876,-3516,-3455,24,13,14,13,1
1775351609,13,86,0,0,450,450,low_activity,0,20,450,470,low_activity,0,20,450,470,low_activity,0,0,0,239,450,689,8577,7273,-0.0823,-3579,-3518,25,13,14,13,1
1775351610,13,86,0,0,450,450,low_activity,0,0,450,450,low_activity,0,20,450,470,low_activity,0,0,0,239,450,689,8521,7282,-0.0784,-3635,-3692,24,13,14,13,1
1775351611,13,86,0,0,0,0,no_volume,0,0,450,450,low_activity,0,20,450,470,low_activity,0,0,0,239,450,689,8531,7406,-0.0706,-109,-3682,25,13,14,13,1
1775351612,13,86,0,0,0,0,no_volume,0,0,450,450,low_activity,0,20,450,470,low_activity,0,0,0,239,450,689,8512,7406,-0.0695,-65,-3701,24,13,14,13,1
1775351613,13,78,0,0,0,0,no_volume,0,0,0,0,no_volume,0,20,450,470,low_activity,0,0,0,239,450,689,8530,7343,-0.0748,9,-3666,23,13,22,13,9
1775351614,14,82,0,0,0,0,no_volume,0,0,0,0,no_volume,0,20,450,470,low_activity,0,0,0,239,450,689,8586,7364,-0.0766,55,-3590,26,14,18,14,4
1775351615,16,81,0,0,0,0,no_volume,0,0,0,0,no_volume,0,20,450,470,low_activity,0,0,0,239,450,689,8682,7402,-0.0796,170,-3474,24,16,19,16,3
1775351616,16,81,0,0,0,0,no_volume,0,0,0,0,no_volume,0,20,450,470,low_activity,0,0,0,239,450,689,8767,7529,-0.076,237,-3389,26,16,19,16,3
1775351617,16,82,0,0,0,0,no_volume,0,0,0,0,no_volume,0,20,450,470,low_activity,0,0,0,239,450,689,8748,7579,-0.0716,162,-3408,27,16,18,16,2
1775351618,16,81,0,0,0,0,no_volume,0,0,0,0,no_volume,0,20,450,470,low_activity,0,0,0,239,450,689,8811,7619,-0.0726,129,171,24,16,19,16,3
1775351619,16,81,0,0,0,0,no_volume,0,0,0,0,no_volume,0,20,450,470,low_activity,0,0,0,239,450,689,8797,7639,-0.0705,30,220,23,16,19,16,3
1775351620,16,81,0,0,0,0,no_volume,0,0,0,0,no_volume,0,20,450,470,low_activity,0,0,0,239,450,689,8777,7639,-0.0693,29,256,23,16,19,16,3
1775351621,16,81,0,0,0,0,no_volume,0,0,0,0,no_volume,0,20,450,470,low_activity,0,0,0,239,450,689,8807,7669,-0.0691,-4,276,23,16,19,16,3
1775351622,16,81,0,0,0,0,no_volume,0,0,0,0,no_volume,0,20,450,470,low_activity,0,0,0,239,450,689,8740,7579,-0.0711,-57,228,23,16,19,16,3
1775351623,16,81,0,0,0,0,no_volume,0,0,0,0,no_volume,0,20,450,470,low_activity,0,0,0,239,450,689,8762,7579,-0.0724,-15,232,22,16,19,16,3
1775351624,16,81,0,0,0,0,no_volume,0,0,0,0,no_volume,0,20,450,470,low_activity,0,0,0,239,450,689,8752,7659,-0.0666,-55,166,23,16,19,16,3
1775351625,16,81,0,0,0,0,no_volume,0,0,0,0,no_volume,0,20,450,470,low_activity,0,0,0,239,450,689,8752,7659,-0.0666,12,70,23,16,19,16,3
1775351626,16,81,0,0,0,0,no_volume,0,0,0,0,no_volume,0,20,450,470,low_activity,0,0,0,239,450,689,8752,7659,-0.0666,-10,-15,21,16,19,16,3
1775351627,16,81,0,0,0,0,no_volume,0,0,0,0,no_volume,0,20,450,470,low_activity,0,0,0,239,450,689,8812,7659,-0.07,60,64,22,16,19,16,3
1775351628,16,81,0,0,0,0,no_volume,0,0,0,0,no_volume,0,20,450,470,low_activity,0,0,0,51,450,501,8812,7659,-0.07,60,1,22,16,19,16,3
1775351629,16,81,0,0,0,0,no_volume,0,0,0,0,no_volume,0,20,450,470,low_activity,0,0,0,51,450,501,8812,7659,-0.07,60,15,22,16,19,16,3
1775351630,16,81,0,0,0,0,no_volume,0,0,0,0,no_volume,0,20,450,470,low_activity,0,0,0,51,450,501,8812,7659,-0.07,0,35,22,16,19,16,3
1775351631,16,81,0,0,0,0,no_volume,0,0,0,0,no_volume,0,20,450,470,low_activity,0,0,0,20,450,470,8812,7659,-0.07,0,5,22,16,19,16,3
1775351632,16,81,0,0,0,0,no_volume,0,0,0,0,no_volume,0,20,450,470,low_activity,0,0,0,20,450,470,8812,7659,-0.07,0,72,22,16,19,16,3
1775351633,16,81,0,0,0,0,no_volume,0,0,0,0,no_volume,0,20,450,470,low_activity,0,0,0,20,450,470,8812,7659,-0.07,0,50,22,16,19,16,3
1775351634,16,81,0,0,0,0,no_volume,0,0,0,0,no_volume,0,20,450,470,low_activity,0,0,0,20,450,470,8752,7524,-0.0754,-60,0,23,16,19,16,3
1775351635,16,81,0,0,0,0,no_volume,0,0,0,0,no_volume,0,0,450,450,low_activity,0,0,0,20,450,470,8752,7524,-0.0754,-60,0,23,16,19,16,3
1775351636,16,81,0,0,0,0,no_volume,0,0,0,0,no_volume,0,0,450,450,low_activity,0,0,0,20,450,470,8752,7524,-0.0754,-60,0,23,16,19,16,3
1775351637,16,81,0,0,0,0,no_volume,0,0,0,0,no_volume,0,0,450,450,low_activity,0,0,0,20,450,470,8752,7524,-0.0754,0,-60,23,16,19,16,3
1775351638,16,81,0,0,0,0,no_volume,0,0,0,0,no_volume,0,0,0,0,no_volume,0,0,0,20,450,470,8752,7524,-0.0754,0,-60,23,16,19,16,3
1775351639,16,81,0,0,0,0,no_volume,0,0,0,0,no_volume,0,0,0,0,no_volume,0,0,0,20,450,470,8752,7524,-0.0754,0,-60,23,16,19,16,3
1775351640,16,81,0,0,0,0,no_volume,0,0,0,0,no_volume,0,0,0,0,no_volume,0,0,0,20,450,470,8752,7524,-0.0754,0,-60,23,16,19,16,3
1775351641,16,81,0,0,0,0,no_volume,0,0,0,0,no_volume,0,0,0,0,no_volume,0,0,0,20,450,470,8752,7524,-0.0754,0,-60,23,16,19,16,3
1775351642,16,81,0,0,0,0,no_volume,0,0,0,0,no_volume,0,0,0,0,no_volume,0,0,0,20,450,470,8752,7524,-0.0754,0,-60,23,16,19,16,3
1775351643,16,81,0,0,0,0,no_volume,0,0,0,0,no_volume,0,0,0,0,no_volume,0,0,0,20,450,470,8752,7604,-0.0702,0,-60,23,16,19,16,3
1775351644,16,81,0,0,0,0,no_volume,0,0,0,0,no_volume,0,0,0,0,no_volume,0,0,0,20,450,470,8752,7524,-0.0754,0,0,23,16,19,16,3
1775351645,16,81,0,0,0,0,no_volume,0,0,0,0,no_volume,0,0,0,0,no_volume,0,0,0,20,450,470,8752,7524,-0.0754,0,0,23,16,19,16,3
1775351646,16,81,0,0,0,0,no_volume,0,0,0,0,no_volume,0,0,0,0,no_volume,0,0,0,20,450,470,8752,7524,-0.0754,0,0,23,16,19,16,3
1775351647,16,81,0,0,0,0,no_volume,0,0,0,0,no_volume,0,0,0,0,no_volume,0,0,0,20,450,470,8752,7524,-0.0754,0,0,23,16,19,16,3
1775351648,16,81,0,0,0,0,no_volume,0,0,0,0,no_volume,0,0,0,0,no_volume,0,0,0,20,450,470,8752,7524,-0.0754,0,0,23,16,19,16,3
1775351649,15,81,0,0,0,0,no_volume,0,0,0,0,no_volume,0,0,0,0,no_volume,0,0,0,20,450,470,8737,7582,-0.0708,-15,-15,24,15,19,15,4
1775351650,15,81,0,0,0,0,no_volume,0,0,0,0,no_volume,0,0,0,0,no_volume,0,0,0,20,450,470,8689,7443,-0.0772,-63,-63,22,15,19,15,4
1775351651,14,85,0,198,150,348,low_activity,0,198,150,348,low_activity,0,198,150,348,low_activity,198,155,353,218,605,823,10167,5634,-0.2869,1415,1415,22,14,15,14,1
1775351652,14,85,0,198,150,348,low_activity,0,198,150,348,low_activity,0,198,150,348,low_activity,0,0,0,218,605,823,10039,5800,-0.2676,1302,1287,22,14,15,14,1
1775351653,13,85,0,198,150,348,low_activity,0,198,150,348,low_activity,0,198,150,348,low_activity,0,0,0,218,605,823,10119,5742,-0.276,1430,1367,22,13,15,13,2
1775351654,13,86,0,0,0,0,no_volume,0,198,150,348,low_activity,0,198,150,348,low_activity,0,0,0,218,605,823,12100,5717,-0.3583,1933,3348,21,13,14,13,1
1775351655,12,86,0,0,0,0,no_volume,0,198,150,348,low_activity,0,198,150,348,low_activity,0,0,0,218,605,823,11860,5653,-0.3544,1821,3108,20,12,14,12,2
1775351656,12,86,0,0,0,0,no_volume,0,0,0,0,no_volume,0,198,150,348,low_activity,0,0,0,218,605,823,11860,5653,-0.3544,1741,3108,20,12,14,12,2
1775351657,12,86,0,0,0,0,no_volume,0,0,0,0,no_volume,0,198,150,348,low_activity,0,0,0,218,605,823,11860,5653,-0.3544,-240,3108,20,12,14,12,2
1775351658,12,86,0,0,0,0,no_volume,0,0,0,0,no_volume,0,198,150,348,low_activity,0,0,0,218,605,823,11891,5678,-0.3536,31,3139,21,12,14,12,2
1775351659,12,86,0,0,0,0,no_volume,0,0,0,0,no_volume,0,198,150,348,low_activity,0,0,0,218,605,823,11891,5678,-0.3536,31,3154,21,12,14,12,2
1775351660,12,86,0,0,0,0,no_volume,0,0,0,0,no_volume,0,198,150,348,low_activity,0,0,0,218,605,823,11891,5678,-0.3536,31,3202,21,12,14,12,2
1775351661,12,86,0,0,0,0,no_volume,0,0,0,0,no_volume,0,198,150,348,low_activity,0,0,0,218,605,823,11891,5678,-0.3536,0,1724,21,12,14,12,2
1775351662,12,86,0,0,0,0,no_volume,0,0,0,0,no_volume,0,198,150,348,low_activity,0,0,0,218,605,823,11891,5678,-0.3536,0,1852,21,12,14,12,2
1775351663,12,86,0,0,0,0,no_volume,0,0,0,0,no_volume,0,198,150,348,low_activity,0,0,0,218,605,823,11966,5588,-0.3633,75,1847,22,12,14,12,2
1775351664,12,86,0,336,0,336,low_activity,0,336,0,336,low_activity,0,534,150,684,low_activity,336,0,336,554,605,1159,11630,5588,-0.3509,-261,-470,22,12,14,12,2
1775351665,12,86,0,336,0,336,low_activity,0,336,0,336,low_activity,0,534,150,684,low_activity,0,0,0,534,605,1139,11780,5588,-0.3565,-111,-80,22,12,14,12,2
1775351666,12,86,0,336,0,336,low_activity,0,336,0,336,low_activity,0,534,150,684,low_activity,0,0,0,534,605,1139,11795,5588,-0.3571,-171,-65,22,12,14,12,2
1775351667,12,86,0,0,0,0,no_volume,0,336,0,336,low_activity,0,534,150,684,low_activity,0,0,0,534,605,1139,11795,5588,-0.3571,165,-65,22,12,14,12,2
1775351668,12,86,0,0,0,0,no_volume,0,336,0,336,low_activity,0,534,150,684,low_activity,0,0,0,534,155,689,11795,5588,-0.3571,15,-96,22,12,14,12,2
1775351669,12,86,0,0,0,0,no_volume,0,0,0,0,no_volume,0,534,150,684,low_activity,0,0,0,534,155,689,11795,5588,-0.3571,0,-96,22,12,14,12,2
1775351670,12,86,0,0,0,0,no_volume,0,0,0,0,no_volume,0,534,150,684,low_activity,0,0,0,534,155,689,11795,5588,-0.3571,0,-96,22,12,14,12,2
1775351671,12,86,0,0,0,0,no_volume,0,0,0,0,no_volume,0,534,150,684,low_activity,0,0,0,534,155,689,11795,5588,-0.3571,0,-96,22,12,14,12,2
1775351672,12,86,0,0,0,0,no_volume,0,0,0,0,no_volume,0,534,150,684,low_activity,0,0,0,534,155,689,11795,5588,-0.3571,0,-96,22,12,14,12,2
1775351673,12,86,0,0,0,0,no_volume,0,0,0,0,no_volume,0,534,150,684,low_activity,0,0,0,534,155,689,11795,5588,-0.3571,0,-171,22,12,14,12,2
1775351674,12,86,0,0,0,0,no_volume,0,0,0,0,no_volume,0,534,150,684,low_activity,0,0,0,534,155,689,11795,5588,-0.3571,0,165,22,12,14,12,2
1775351675,12,86,0,0,0,0,no_volume,0,0,0,0,no_volume,0,534,150,684,low_activity,0,0,0,534,155,689,11795,5588,-0.3571,0,15,22,12,14,12,2
1775351676,12,86,0,0,0,0,no_volume,0,0,0,0,no_volume,0,534,150,684,low_activity,0,0,0,534,155,689,11795,5588,-0.3571,0,0,22,12,14,12,2
1775351677,12,86,0,0,0,0,no_volume,0,0,0,0,no_volume,0,534,150,684,low_activity,0,0,0,534,155,689,11823,5588,-0.3581,28,28,22,12,14,12,2
1775351678,12,86,0,0,0,0,no_volume,0,0,0,0,no_volume,0,534,150,684,low_activity,0,0,0,534,155,689,11823,5588,-0.3581,28,28,22,12,14,12,2
1775351679,12,86,0,0,0,0,no_volume,0,0,0,0,no_volume,0,534,150,684,low_activity,0,0,0,534,155,689,11846,5648,-0.3543,51,51,22,12,14,12,2
1775351680,12,86,0,0,0,0,no_volume,0,0,0,0,no_volume,0,534,150,684,low_activity,0,0,0,534,155,689,11846,5648,-0.3543,23,51,22,12,14,12,2
1775351681,12,86,0,0,0,0,no_volume,0,0,0,0,no_volume,0,336,0,336,low_activity,0,0,0,534,155,689,11846,5648,-0.3543,23,51,22,12,14,12,2
1775351682,12,86,0,0,0,0,no_volume,0,0,0,0,no_volume,0,336,0,336,low_activity,0,0,0,534,155,689,11906,5648,-0.3565,60,111,22,12,14,12,2
1775351683,12,86,0,0,0,0,no_volume,0,0,0,0,no_volume,0,336,0,336,low_activity,0,0,0,534,155,689,11906,5648,-0.3565,60,111,22,12,14,12,2
1775351684,12,86,0,0,0,0,no_volume,0,0,0,0,no_volume,0,336,0,336,low_activity,0,0,0,534,155,689,11906,5648,-0.3565,60,111,22,12,14,12,2
1775351685,12,86,0,0,0,0,no_volume,0,0,0,0,no_volume,0,336,0,336,low_activity,0,0,0,534,155,689,11906,5648,-0.3565,0,111,22,12,14,12,2
1775351686,12,86,0,0,0,0,no_volume,0,0,0,0,no_volume,0,336,0,336,low_activity,0,0,0,534,155,689,11906,5648,-0.3565,0,111,22,12,14,12,2
1775351687,12,86,0,0,0,0,no_volume,0,0,0,0,no_volume,0,336,0,336,low_activity,0,0,0,534,155,689,11906,5648,-0.3565,0,83,22,12,14,12,2
1775351688,12,86,0,0,0,0,no_volume,0,0,0,0,no_volume,0,336,0,336,low_activity,0,0,0,534,155,689,11906,5648,-0.3565,0,83,22,12,14,12,2
1775351689,12,86,0,0,0,0,no_volume,0,0,0,0,no_volume,0,336,0,336,low_activity,0,0,0,534,155,689,11906,5648,-0.3565,0,60,22,12,14,12,2
1775351690,12,86,0,0,0,0,no_volume,0,0,0,0,no_volume,0,336,0,336,low_activity,0,0,0,534,155,689,11906,5648,-0.3565,0,60,22,12,14,12,2
1775351691,12,86,0,0,0,0,no_volume,0,0,0,0,no_volume,0,336,0,336,low_activity,0,0,0,534,155,689,11906,5648,-0.3565,0,60,22,12,14,12,2
1775351692,12,86,0,0,0,0,no_volume,0,0,0,0,no_volume,0,336,0,336,low_activity,0,0,0,534,155,689,11906,5648,-0.3565,0,0,22,12,14,12,2
1775351693,12,86,0,0,0,0,no_volume,0,0,0,0,no_volume,0,336,0,336,low_activity,0,0,0,534,155,689,11906,5648,-0.3565,0,0,22,12,14,12,2
1775351694,12,86,0,0,0,0,no_volume,0,0,0,0,no_volume,0,0,0,0,no_volume,0,0,0,534,155,689,11906,5648,-0.3565,0,0,22,12,14,12,2
1775351695,12,86,0,0,0,0,no_volume,0,0,0,0,no_volume,0,0,0,0,no_volume,0,0,0,534,155,689,11906,5648,-0.3565,0,0,22,12,14,12,2
1775351696,12,86,0,0,0,0,no_volume,0,0,0,0,no_volume,0,0,0,0,no_volume,0,0,0,534,155,689,11906,5648,-0.3565,0,0,22,12,14,12,2
1775351697,12,86,0,0,0,0,no_volume,0,0,0,0,no_volume,0,0,0,0,no_volume,0,0,0,534,155,689,11906,5648,-0.3565,0,0,22,12,14,12,2
1775351698,12,86,0,0,0,0,no_volume,0,0,0,0,no_volume,0,0,0,0,no_volume,0,0,0,534,155,689,11906,5648,-0.3565,0,0,22,12,14,12,2
1775351699,12,86,0,0,0,0,no_volume,0,0,0,0,no_volume,0,0,0,0,no_volume,0,0,0,534,155,689,11906,5648,-0.3565,0,0,22,12,14,12,2
1775351700,12,86,0,0,0,0,no_volume,0,0,0,0,no_volume,0,0,0,0,no_volume,0,0,0,534,155,689,11906,5648,-0.3565,0,0,22,12,14,12,2
1775351701,12,86,0,0,0,0,no_volume,0,0,0,0,no_volume,0,0,0,0,no_volume,0,0,0,534,155,689,11906,5648,-0.3565,0,0,22,12,14,12,2
1775351702,12,86,0,0,0,0,no_volume,0,0,0,0,no_volume,0,0,0,0,no_volume,0,0,0,534,155,689,11906,5648,-0.3565,0,0,22,12,14,12,2
1775351703,12,86,0,0,0,0,no_volume,0,0,0,0,no_volume,0,0,0,0,no_volume,0,0,0,534,155,689,11906,5648,-0.3565,0,0,22,12,14,12,2
1775351704,12,86,0,0,0,0,no_volume,0,0,0,0,no_volume,0,0,0,0,no_volume,0,0,0,534,155,689,11906,5648,-0.3565,0,0,22,12,14,12,2
1775351705,12,86,0,0,0,0,no_volume,0,0,0,0,no_volume,0,0,0,0,no_volume,0,0,0,534,155,689,11906,5648,-0.3565,0,0,22,12,14,12,2
1775351706,12,86,0,0,0,0,no_volume,0,0,0,0,no_volume,0,0,0,0,no_volume,0,0,0,534,155,689,11906,5648,-0.3565,0,0,22,12,14,12,2
1775351707,12,86,0,0,0,0,no_volume,0,0,0,0,no_volume,0,0,0,0,no_volume,0,0,0,534,155,689,11906,5648,-0.3565,0,0,22,12,14,12,2
1775351708,12,86,0,0,0,0,no_volume,0,0,0,0,no_volume,0,0,0,0,no_volume,0,0,0,534,155,689,11906,5648,-0.3565,0,0,22,12,14,12,2
1775351709,12,86,0,0,0,0,no_volume,0,0,0,0,no_volume,0,0,0,0,no_volume,0,0,0,534,155,689,11906,5648,-0.3565,0,0,22,12,14,12,2
1775351710,12,86,0,0,0,0,no_volume,0,0,0,0,no_volume,0,0,0,0,no_volume,0,0,0,534,155,689,11906,5648,-0.3565,0,0,22,12,14,12,2
1775351711,12,86,0,0,0,0,no_volume,0,0,0,0,no_volume,0,0,0,0,no_volume,0,0,0,336,0,336,11906,5648,-0.3565,0,0,22,12,14,12,2
1775351712,12,86,0,0,0,0,no_volume,0,0,0,0,no_volume,0,0,0,0,no_volume,0,0,0,336,0,336,11906,5648,-0.3565,0,0,22,12,14,12,2
1775351713,12,86,0,0,0,0,no_volume,0,0,0,0,no_volume,0,0,0,0,no_volume,0,0,0,336,0,336,11906,5648,-0.3565,0,0,22,12,14,12,2
1775351714,12,86,0,0,0,0,no_volume,0,0,0,0,no_volume,0,0,0,0,no_volume,0,0,0,336,0,336,11906,5648,-0.3565,0,0,22,12,14,12,2
1775351715,12,86,0,0,0,0,no_volume,0,0,0,0,no_volume,0,0,0,0,no_volume,0,0,0,336,0,336,11906,5648,-0.3565,0,0,22,12,14,12,2
1775351716,12,86,0,0,0,0,no_volume,0,0,0,0,no_volume,0,0,0,0,no_volume,0,0,0,336,0,336,11906,5648,-0.3565,0,0,22,12,14,12,2
1775351717,12,86,0,0,0,0,no_volume,0,0,0,0,no_volume,0,0,0,0,no_volume,0,0,0,336,0,336,11906,5648,-0.3565,0,0,22,12,14,12,2
1775351718,12,86,0,0,0,0,no_volume,0,0,0,0,no_volume,0,0,0,0,no_volume,0,0,0,336,0,336,11906,5648,-0.3565,0,0,22,12,14,12,2
1775351719,12,86,0,0,0,0,no_volume,0,0,0,0,no_volume,0,0,0,0,no_volume,0,0,0,336,0,336,11906,5648,-0.3565,0,0,22,12,14,12,2
1775351720,12,86,0,0,0,0,no_volume,0,0,0,0,no_volume,0,0,0,0,no_volume,0,0,0,336,0,336,11906,5648,-0.3565,0,0,22,12,14,12,2
1775351721,12,86,0,0,0,0,no_volume,0,0,0,0,no_volume,0,0,0,0,no_volume,0,0,0,336,0,336,11906,5648,-0.3565,0,0,22,12,14,12,2
1775351722,12,86,0,0,0,0,no_volume,0,0,0,0,no_volume,0,0,0,0,no_volume,0,0,0,336,0,336,11906,5648,-0.3565,0,0,22,12,14,12,2
1775351723,12,86,0,0,0,0,no_volume,0,0,0,0,no_volume,0,0,0,0,no_volume,0,0,0,336,0,336,11906,5648,-0.3565,0,0,22,12,14,12,2
1775351724,12,86,0,0,0,0,no_volume,0,0,0,0,no_volume,0,0,0,0,no_volume,0,0,0,0,0,0,11906,5648,-0.3565,0,0,22,12,14,12,2
1775351725,12,86,0,100,0,100,low_activity,0,100,0,100,low_activity,0,100,0,100,low_activity,0,0,0,100,0,100,11806,5648,-0.3528,-100,-100,22,12,14,12,2
1775351726,12,86,0,100,0,100,low_activity,0,100,0,100,low_activity,0,100,0,100,low_activity,0,0,0,100,0,100,11806,5648,-0.3528,-100,-100,22,12,14,12,2
1775351727,12,86,0,0,0,0,no_volume,0,100,0,100,low_activity,0,100,0,100,low_activity,0,0,0,100,0,100,11806,5648,-0.3528,-100,-100,22,12,14,12,2
1775351728,12,86,0,0,0,0,no_volume,0,100,0,100,low_activity,0,100,0,100,low_activity,0,0,0,100,0,100,11806,5648,-0.3528,0,-100,22,12,14,12,2
1775351729,12,86,0,0,0,0,no_volume,0,0,0,0,no_volume,0,100,0,100,low_activity,0,0,0,100,0,100,11806,5649,-0.3527,0,-100,22,12,14,12,2
1775351730,12,86,0,0,0,0,no_volume,0,0,0,0,no_volume,0,100,0,100,low_activity,0,0,0,100,0,100,11806,5649,-0.3527,0,-100,22,12,14,12,2
1775351731,12,86,0,0,0,0,no_volume,0,0,0,0,no_volume,0,100,0,100,low_activity,0,0,0,100,0,100,11806,5648,-0.3528,0,-100,22,12,14,12,2
1775351732,12,86,0,0,0,0,no_volume,0,0,0,0,no_volume,0,100,0,100,low_activity,0,0,0,100,0,100,11806,5648,-0.3528,0,-100,22,12,14,12,2
1775351733,12,86,0,0,0,0,no_volume,0,0,0,0,no_volume,0,100,0,100,low_activity,0,0,0,100,0,100,11806,5648,-0.3528,0,-100,22,12,14,12,2
1775351734,12,86,0,0,0,0,no_volume,0,0,0,0,no_volume,0,100,0,100,low_activity,0,0,0,100,0,100,11806,5648,-0.3528,0,-100,22,12,14,12,2
1775351735,12,86,0,0,0,0,no_volume,0,0,0,0,no_volume,0,100,0,100,low_activity,0,0,0,100,0,100,11806,5648,-0.3528,0,0,22,12,14,12,2
1775351736,12,86,0,0,0,0,no_volume,0,0,0,0,no_volume,0,100,0,100,low_activity,0,0,0,100,0,100,11806,5648,-0.3528,0,0,22,12,14,12,2
1775351737,12,86,0,0,0,0,no_volume,0,0,0,0,no_volume,0,100,0,100,low_activity,0,0,0,100,0,100,11806,5648,-0.3528,0,0,22,12,14,12,2
1775351738,12,86,0,0,0,0,no_volume,0,0,0,0,no_volume,0,100,0,100,low_activity,0,0,0,100,0,100,11806,5648,-0.3528,0,0,22,12,14,12,2
1775351739,12,86,0,0,0,0,no_volume,0,0,0,0,no_volume,0,100,0,100,low_activity,0,0,0,100,0,100,11806,5648,-0.3528,0,0,22,12,14,12,2
1775351740,12,86,0,0,0,0,no_volume,0,0,0,0,no_volume,0,100,0,100,low_activity,0,0,0,100,0,100,11806,5648,-0.3528,0,0,22,12,14,12,2
1775351741,12,86,0,0,0,0,no_volume,0,0,0,0,no_volume,0,100,0,100,low_activity,0,0,0,100,0,100,11806,5648,-0.3528,0,0,22,12,14,12,2
1775351742,12,86,0,0,0,0,no_volume,0,0,0,0,no_volume,0,100,0,100,low_activity,0,0,0,100,0,100,11806,5648,-0.3528,0,0,22,12,14,12,2
1775351743,12,86,0,0,0,0,no_volume,0,0,0,0,no_volume,0,100,0,100,low_activity,0,0,0,100,0,100,11806,5648,-0.3528,0,0,22,12,14,12,2
1775351744,12,86,0,0,0,0,no_volume,0,0,0,0,no_volume,0,100,0,100,low_activity,0,0,0,100,0,100,11806,5648,-0.3528,0,0,22,12,14,12,2
1775351745,12,86,0,0,0,0,no_volume,0,0,0,0,no_volume,0,100,0,100,low_activity,0,0,0,100,0,100,11806,5648,-0.3528,0,0,22,12,14,12,2
1775351746,12,86,0,0,0,0,no_volume,0,0,0,0,no_volume,0,100,0,100,low_activity,0,0,0,100,0,100,11806,5648,-0.3528,0,0,22,12,14,12,2
1775351747,12,86,0,0,0,0,no_volume,0,0,0,0,no_volume,0,100,0,100,low_activity,0,0,0,100,0,100,11806,5648,-0.3528,0,0,22,12,14,12,2
1775351748,12,86,0,0,0,0,no_volume,0,0,0,0,no_volume,0,100,0,100,low_activity,0,0,0,100,0,100,11806,5648,-0.3528,0,0,22,12,14,12,2
1775351749,12,86,0,0,0,0,no_volume,0,0,0,0,no_volume,0,100,0,100,low_activity,0,0,0,100,0,100,11806,5648,-0.3528,0,0,22,12,14,12,2
1775351750,12,86,0,0,0,0,no_volume,0,0,0,0,no_volume,0,100,0,100,low_activity,0,0,0,100,0,100,11806,5648,-0.3528,0,0,22,12,14,12,2
1775351751,12,86,0,0,0,0,no_volume,0,0,0,0,no_volume,0,100,0,100,low_activity,0,0,0,100,0,100,11806,5648,-0.3528,0,0,22,12,14,12,2
1775351752,12,86,0,0,0,0,no_volume,0,0,0,0,no_volume,0,100,0,100,low_activity,0,0,0,100,0,100,11806,5648,-0.3528,0,0,22,12,14,12,2
1775351753,12,86,0,0,0,0,no_volume,0,0,0,0,no_volume,0,100,0,100,low_activity,0,0,0,100,0,100,11806,5648,-0.3528,0,0,22,12,14,12,2
1775351754,12,86,0,0,0,0,no_volume,0,0,0,0,no_volume,0,0,0,0,no_volume,0,0,0,100,0,100,11806,5648,-0.3528,0,0,22,12,14,12,2
1775351755,12,86,0,0,0,0,no_volume,0,0,0,0,no_volume,0,0,0,0,no_volume,0,0,0,100,0,100,11806,5648,-0.3528,0,0,22,12,14,12,2
1775351756,12,86,0,0,0,0,no_volume,0,0,0,0,no_volume,0,0,0,0,no_volume,0,0,0,100,0,100,11806,5648,-0.3528,0,0,22,12,14,12,2
1775351757,12,86,0,0,0,0,no_volume,0,0,0,0,no_volume,0,0,0,0,no_volume,0,0,0,100,0,100,11685,5648,-0.3483,-121,-121,22,12,14,12,2
1775351758,12,86,0,0,0,0,no_volume,0,0,0,0,no_volume,0,0,0,0,no_volume,0,0,0,100,0,100,11685,5648,-0.3483,-121,-121,22,12,14,12,2
1775351759,12,86,0,0,0,0,no_volume,0,0,0,0,no_volume,0,0,0,0,no_volume,0,0,0,100,0,100,11685,5648,-0.3483,-121,-121,22,12,14,12,2
1775351760,12,86,0,0,0,0,no_volume,0,0,0,0,no_volume,0,0,0,0,no_volume,0,0,0,100,0,100,11685,5648,-0.3483,0,-121,22,12,14,12,2
1775351761,12,86,0,0,0,0,no_volume,0,0,0,0,no_volume,0,0,0,0,no_volume,0,0,0,100,0,100,11685,5648,-0.3483,0,-121,22,12,14,12,2
1775351762,12,86,0,0,0,0,no_volume,0,0,0,0,no_volume,0,0,0,0,no_volume,0,0,0,100,0,100,11685,5648,-0.3483,0,-121,22,12,14,12,2
1775351763,12,86,0,0,0,0,no_volume,0,0,0,0,no_volume,0,0,0,0,no_volume,0,0,0,100,0,100,11685,5648,-0.3483,0,-121,22,12,14,12,2
1775351764,12,86,0,0,0,0,no_volume,0,0,0,0,no_volume,0,0,0,0,no_volume,0,0,0,100,0,100,11685,5648,-0.3483,0,-121,22,12,14,12,2
1775351765,12,86,0,0,0,0,no_volume,0,0,0,0,no_volume,0,0,0,0,no_volume,0,0,0,100,0,100,11685,5648,-0.3483,0,-121,22,12,14,12,2
1775351766,12,86,0,0,0,0,no_volume,0,0,0,0,no_volume,0,0,0,0,no_volume,0,0,0,100,0,100,11685,5648,-0.3483,0,-121,22,12,14,12,2
1775351767,12,86,0,0,0,0,no_volume,0,0,0,0,no_volume,0,0,0,0,no_volume,0,0,0,100,0,100,11685,5648,-0.3483,0,0,22,12,14,12,2
1775351768,12,86,0,0,0,0,no_volume,0,0,0,0,no_volume,0,0,0,0,no_volume,0,0,0,100,0,100,11685,5648,-0.3483,0,0,22,12,14,12,2
1775351769,12,86,0,0,0,0,no_volume,0,0,0,0,no_volume,0,0,0,0,no_volume,0,0,0,100,0,100,11685,5648,-0.3483,0,0,22,12,14,12,2
1775351770,12,86,0,0,0,0,no_volume,0,0,0,0,no_volume,0,0,0,0,no_volume,0,0,0,100,0,100,11685,5648,-0.3483,0,0,22,12,14,12,2
1775351771,12,86,0,0,0,0,no_volume,0,0,0,0,no_volume,0,0,0,0,no_volume,0,0,0,100,0,100,11685,5648,-0.3483,0,0,22,12,14,12,2
1775351772,12,86,0,0,0,0,no_volume,0,0,0,0,no_volume,0,0,0,0,no_volume,0,0,0,100,0,100,11685,5648,-0.3483,0,0,22,12,14,12,2
1775351773,12,86,0,0,0,0,no_volume,0,0,0,0,no_volume,0,0,0,0,no_volume,0,0,0,100,0,100,11685,5648,-0.3483,0,0,22,12,14,12,2
1775351774,12,86,0,0,0,0,no_volume,0,0,0,0,no_volume,0,0,0,0,no_volume,0,0,0,100,0,100,11685,5648,-0.3483,0,0,22,12,14,12,2
1775351775,12,86,0,0,0,0,no_volume,0,0,0,0,no_volume,0,0,0,0,no_volume,0,0,0,100,0,100,11685,5648,-0.3483,0,0,22,12,14,12,2
1775351776,12,86,0,0,0,0,no_volume,0,0,0,0,no_volume,0,0,0,0,no_volume,0,0,0,100,0,100,11685,5648,-0.3483,0,0,22,12,14,12,2
1775351777,12,86,0,0,0,0,no_volume,0,0,0,0,no_volume,0,0,0,0,no_volume,0,0,0,100,0,100,11685,5648,-0.3483,0,0,22,12,14,12,2
1775351778,12,86,0,0,0,0,no_volume,0,0,0,0,no_volume,0,0,0,0,no_volume,0,0,0,100,0,100,11685,5648,-0.3483,0,0,22,12,14,12,2
1775351779,12,86,0,0,0,0,no_volume,0,0,0,0,no_volume,0,0,0,0,no_volume,0,0,0,100,0,100,11685,5648,-0.3483,0,0,22,12,14,12,2
1775351780,12,86,0,0,0,0,no_volume,0,0,0,0,no_volume,0,0,0,0,no_volume,0,0,0,100,0,100,11685,5648,-0.3483,0,0,22,12,14,12,2
1775351781,12,86,0,0,0,0,no_volume,0,0,0,0,no_volume,0,0,0,0,no_volume,0,0,0,100,0,100,11685,5648,-0.3483,0,0,22,12,14,12,2
1775351782,12,86,0,0,0,0,no_volume,0,0,0,0,no_volume,0,0,0,0,no_volume,0,0,0,100,0,100,11685,5648,-0.3483,0,0,22,12,14,12,2
1775351783,12,86,0,0,0,0,no_volume,0,0,0,0,no_volume,0,0,0,0,no_volume,0,0,0,100,0,100,11685,5648,-0.3483,0,0,22,12,14,12,2
1775351784,12,86,0,0,0,0,no_volume,0,0,0,0,no_volume,0,0,0,0,no_volume,0,0,0,0,0,0,11685,5648,-0.3483,0,0,22,12,14,12,2
1775351785,12,86,0,0,0,0,no_volume,0,0,0,0,no_volume,0,0,0,0,no_volume,0,0,0,0,0,0,11685,5648,-0.3483,0,0,22,12,14,12,2
1775351786,12,86,0,0,0,0,no_volume,0,0,0,0,no_volume,0,0,0,0,no_volume,0,0,0,0,0,0,11647,5648,-0.3469,-38,-38,22,12,14,12,2
1775351787,12,86,0,0,0,0,no_volume,0,0,0,0,no_volume,0,0,0,0,no_volume,0,0,0,0,0,0,11647,5648,-0.3469,-38,-38,22,12,14,12,2
1775351788,12,86,0,0,0,0,no_volume,0,0,0,0,no_volume,0,0,0,0,no_volume,0,0,0,0,0,0,11647,5648,-0.3469,-38,-38,22,12,14,12,2
1775351789,12,86,0,0,0,0,no_volume,0,0,0,0,no_volume,0,0,0,0,no_volume,0,0,0,0,0,0,11647,5648,-0.3469,0,-38,22,12,14,12,2
1775351790,12,86,0,0,0,0,no_volume,0,0,0,0,no_volume,0,0,0,0,no_volume,0,0,0,0,0,0,11647,5648,-0.3469,0,-38,22,12,14,12,2
1775351791,12,86,0,0,0,0,no_volume,0,0,0,0,no_volume,0,0,0,0,no_volume,0,0,0,0,0,0,11659,5649,-0.3472,12,-26,22,12,14,12,2
1775351792,12,86,0,0,0,0,no_volume,0,0,0,0,no_volume,0,0,0,0,no_volume,0,0,0,0,0,0,11659,5649,-0.3472,12,-26,22,12,14,12,2
1775351793,12,86,0,0,0,0,no_volume,0,0,0,0,no_volume,0,0,0,0,no_volume,0,0,0,0,0,0,11659,5649,-0.3472,12,-26,22,12,14,12,2
1775351794,12,86,0,0,0,0,no_volume,0,0,0,0,no_volume,0,0,0,0,no_volume,0,0,0,0,0,0,11659,5649,-0.3472,0,-26,22,12,14,12,2
1775351795,12,86,0,0,0,0,no_volume,0,0,0,0,no_volume,0,0,0,0,no_volume,0,0,0,0,0,0,11659,5649,-0.3472,0,-26,22,12,14,12,2
1775351796,12,87,0,0,0,0,no_volume,0,0,0,0,no_volume,0,0,0,0,no_volume,0,0,0,0,0,0,11845,5756,-0.3459,186,198,22,12,13,12,1
1775351797,12,87,0,0,0,0,no_volume,0,0,0,0,no_volume,0,0,0,0,no_volume,0,0,0,0,0,0,11845,5756,-0.3459,186,198,22,12,13,12,1
1775351798,12,87,0,0,0,0,no_volume,0,0,0,0,no_volume,0,0,0,0,no_volume,0,0,0,0,0,0,11845,5756,-0.3459,186,198,22,12,13,12,1
1775351799,12,87,0,0,0,0,no_volume,0,0,0,0,no_volume,0,0,0,0,no_volume,0,0,0,0,0,0,11845,5756,-0.3459,0,198,22,12,13,12,1
1775351800,12,87,0,0,0,0,no_volume,0,0,0,0,no_volume,0,0,0,0,no_volume,0,0,0,0,0,0,11845,5756,-0.3459,0,198,22,12,13,12,1
1775351801,12,87,0,14,0,14,low_activity,0,14,0,14,low_activity,0,14,0,14,low_activity,14,0,14,14,0,14,11825,5756,-0.3452,-20,166,22,12,13,12,1
1775351802,12,87,0,14,0,14,low_activity,0,14,0,14,low_activity,0,14,0,14,low_activity,0,0,0,14,0,14,11825,5756,-0.3452,-20,166,22,12,13,12,1
1775351803,12,87,0,14,0,14,low_activity,0,14,0,14,low_activity,0,14,0,14,low_activity,0,0,0,14,0,14,11830,5756,-0.3454,-15,171,22,12,13,12,1
1775351804,12,87,0,0,0,0,no_volume,0,14,0,14,low_activity,0,14,0,14,low_activity,0,0,0,14,0,14,11830,5756,-0.3454,5,171,22,12,13,12,1
1775351805,12,87,0,0,0,0,no_volume,0,14,0,14,low_activity,0,14,0,14,low_activity,0,0,0,14,0,14,11830,7705,-0.2112,5,171,22,12,13,12,1
1775351806,12,87,0,0,0,0,no_volume,0,0,0,0,no_volume,0,14,0,14,low_activity,0,0,0,14,0,14,11830,7705,-0.2112,0,-15,22,12,13,12,1
1775351807,12,87,0,0,0,0,no_volume,0,0,0,0,no_volume,0,14,0,14,low_activity,0,0,0,14,0,14,11830,7705,-0.2112,0,-15,22,12,13,12,1
1775351808,12,87,0,140,0,140,low_activity,0,140,0,140,low_activity,0,154,0,154,low_activity,145,0,145,159,0,159,11696,7705,-0.2057,-134,-149,22,12,13,12,1
1775351809,12,87,0,140,0,140,low_activity,0,140,0,140,low_activity,0,154,0,154,low_activity,0,0,0,159,0,159,11706,7705,-0.2061,-124,-139,22,12,13,12,1
1775351810,12,87,0,140,0,140,low_activity,0,140,0,140,low_activity,0,154,0,154,low_activity,0,0,0,159,0,159,11706,7705,-0.2061,-124,-139,22,12,13,12,1
1775351811,12,87,0,0,0,0,no_volume,0,140,0,140,low_activity,0,154,0,154,low_activity,0,0,0,159,0,159,11706,7705,-0.2061,10,-119,22,12,13,12,1
1775351812,12,87,0,0,0,0,no_volume,0,140,0,140,low_activity,0,154,0,154,low_activity,0,0,0,159,0,159,11706,7705,-0.2061,0,-119,22,12,13,12,1
1775351813,12,87,0,0,0,0,no_volume,0,0,0,0,no_volume,0,154,0,154,low_activity,0,0,0,159,0,159,11706,7705,-0.2061,0,-124,22,12,13,12,1
1775351814,12,87,0,0,0,0,no_volume,0,0,0,0,no_volume,0,154,0,154,low_activity,0,0,0,159,0,159,11706,7705,-0.2061,0,-124,22,12,13,12,1
1775351815,12,87,0,0,0,0,no_volume,0,0,0,0,no_volume,0,154,0,154,low_activity,0,0,0,159,0,159,11706,7705,-0.2061,0,-124,22,12,13,12,1
1775351816,12,87,0,0,0,0,no_volume,0,0,0,0,no_volume,0,154,0,154,low_activity,0,0,0,159,0,159,11707,7705,-0.2062,1,-123,22,12,13,12,1
1775351817,12,87,0,0,0,0,no_volume,0,0,0,0,no_volume,0,154,0,154,low_activity,0,0,0,159,0,159,11707,7705,-0.2062,1,-123,22,12,13,12,1
1775351818,12,87,0,0,0,0,no_volume,0,0,0,0,no_volume,0,154,0,154,low_activity,0,0,0,159,0,159,11707,7705,-0.2062,1,11,22,12,13,12,1
1775351819,12,87,0,0,0,0,no_volume,0,0,0,0,no_volume,0,154,0,154,low_activity,0,0,0,159,0,159,11707,7705,-0.2062,0,1,22,12,13,12,1
1775351820,12,87,0,0,0,0,no_volume,0,0,0,0,no_volume,0,154,0,154,low_activity,0,0,0,159,0,159,11707,7705,-0.2062,0,1,22,12,13,12,1
1775351821,12,87,0,0,0,0,no_volume,0,0,0,0,no_volume,0,154,0,154,low_activity,0,0,0,159,0,159,11592,7740,-0.1993,-115,-114,21,12,13,12,1
1775351822,12,87,0,0,0,0,no_volume,0,0,0,0,no_volume,0,154,0,154,low_activity,0,0,0,159,0,159,11592,7765,-0.1977,-115,-114,21,12,13,12,1
1775351823,11,87,0,0,0,0,no_volume,0,0,0,0,no_volume,0,154,0,154,low_activity,0,0,0,159,0,159,11592,5699,-0.3408,-115,-114,21,11,13,11,2
1775351824,11,87,0,0,0,0,no_volume,0,0,0,0,no_volume,0,154,0,154,low_activity,0,0,0,159,0,159,11592,5699,-0.3408,0,-114,21,11,13,11,2
1775351825,11,87,0,0,0,0,no_volume,0,0,0,0,no_volume,0,154,0,154,low_activity,0,0,0,159,0,159,11592,5699,-0.3408,0,-114,21,11,13,11,2
1775351826,11,87,0,0,0,0,no_volume,0,0,0,0,no_volume,0,154,0,154,low_activity,0,0,0,159,0,159,11592,5699,-0.3408,0,-115,21,11,13,11,2
1775351827,11,87,0,0,0,0,no_volume,0,0,0,0,no_volume,0,154,0,154,low_activity,0,0,0,159,0,159,11592,5699,-0.3408,0,-115,21,11,13,11,2
1775351828,11,87,0,0,0,0,no_volume,0,0,0,0,no_volume,0,154,0,154,low_activity,0,0,0,159,0,159,11592,5699,-0.3408,0,-115,21,11,13,11,2
1775351829,11,87,0,0,0,0,no_volume,0,0,0,0,no_volume,0,154,0,154,low_activity,0,0,0,159,0,159,11617,5699,-0.3418,25,-90,21,11,13,11,2
1775351830,11,87,0,0,0,0,no_volume,0,0,0,0,no_volume,0,154,0,154,low_activity,0,0,0,159,0,159,11617,5699,-0.3418,25,-90,21,11,13,11,2
1775351831,11,87,0,0,0,0,no_volume,0,0,0,0,no_volume,0,140,0,140,low_activity,0,0,0,159,0,159,11617,5699,-0.3418,25,25,21,11,13,11,2
1775351832,11,87,0,0,0,0,no_volume,0,0,0,0,no_volume,0,140,0,140,low_activity,0,0,0,159,0,159,11617,5699,-0.3418,0,25,21,11,13,11,2
1775351833,11,87,0,0,0,0,no_volume,0,0,0,0,no_volume,0,140,0,140,low_activity,0,0,0,159,0,159,11617,5699,-0.3418,0,25,21,11,13,11,2
1775351834,11,87,0,0,0,0,no_volume,0,0,0,0,no_volume,0,140,0,140,low_activity,0,0,0,159,0,159,11617,5699,-0.3418,0,25,21,11,13,11,2
1775351835,11,87,0,0,0,0,no_volume,0,0,0,0,no_volume,0,140,0,140,low_activity,0,0,0,159,0,159,11617,5699,-0.3418,0,25,21,11,13,11,2
1775351836,11,87,0,0,0,0,no_volume,0,0,0,0,no_volume,0,140,0,140,low_activity,0,0,0,159,0,159,11617,5699,-0.3418,0,25,21,11,13,11,2
1775351837,11,87,0,0,0,0,no_volume,0,0,0,0,no_volume,0,140,0,140,low_activity,0,0,0,159,0,159,11617,5699,-0.3418,0,25,21,11,13,11,2
1775351838,11,87,0,0,0,0,no_volume,0,0,0,0,no_volume,0,0,0,0,no_volume,0,0,0,159,0,159,11617,5699,-0.3418,0,25,21,11,13,11,2
1775351839,11,87,0,0,0,0,no_volume,0,0,0,0,no_volume,0,0,0,0,no_volume,0,0,0,159,0,159,8249,5699,-0.1828,-3368,-3368,20,11,13,11,2
1775351840,12,87,0,0,0,0,no_volume,0,0,0,0,no_volume,0,0,0,0,no_volume,0,0,0,159,0,159,8545,7895,-0.0395,-3072,-3072,20,12,13,12,1
1775351841,12,87,0,0,0,0,no_volume,0,0,0,0,no_volume,0,0,0,0,no_volume,0,0,0,159,0,159,8573,7762,-0.0496,-3044,-3044,22,12,13,12,1
1775351842,12,87,0,0,0,0,no_volume,0,0,0,0,no_volume,0,0,0,0,no_volume,0,0,0,159,0,159,8681,7895,-0.0474,432,-2936,23,12,13,12,1
1775351843,12,87,0,0,0,0,no_volume,0,0,0,0,no_volume,0,0,0,0,no_volume,0,0,0,159,0,159,8681,7895,-0.0474,136,-2936,23,12,13,12,1
1775351844,12,87,0,0,0,0,no_volume,0,0,0,0,no_volume,0,0,0,0,no_volume,0,0,0,159,0,159,8681,7895,-0.0474,108,-2936,23,12,13,12,1
1775351845,12,87,0,0,0,0,no_volume,0,0,0,0,no_volume,0,0,0,0,no_volume,0,0,0,159,0,159,8625,5729,-0.2018,-56,-2992,25,12,13,12,1
1775351846,12,87,0,0,0,0,no_volume,0,0,0,0,no_volume,0,0,0,0,no_volume,0,0,0,159,0,159,8684,5729,-0.205,3,-2933,26,12,13,12,1
1775351847,12,87,0,0,0,0,no_volume,0,0,0,0,no_volume,0,0,0,0,no_volume,0,0,0,159,0,159,8684,5729,-0.205,3,-2933,25,12,13,12,1
1775351848,12,87,0,0,0,0,no_volume,0,0,0,0,no_volume,0,0,0,0,no_volume,0,0,0,159,0,159,8614,5729,-0.2011,-11,-3003,24,12,13,12,1
1775351849,12,87,0,0,0,0,no_volume,0,0,0,0,no_volume,0,0,0,0,no_volume,0,0,0,159,0,159,8612,5729,-0.201,-72,363,24,12,13,12,1
1775351850,12,87,0,0,0,0,no_volume,0,0,0,0,no_volume,0,0,0,0,no_volume,0,0,0,159,0,159,8607,5729,-0.2008,-77,62,23,12,13,12,1
1775351851,12,87,0,0,0,0,no_volume,0,0,0,0,no_volume,0,0,0,0,no_volume,0,0,0,159,0,159,8557,5639,-0.2056,-57,-16,23,12,13,12,1
1775351852,12,87,0,0,0,0,no_volume,0,0,0,0,no_volume,0,0,0,0,no_volume,0,0,0,159,0,159,8552,5639,-0.2053,-60,-129,22,12,13,12,1
1775351853,11,87,0,0,0,0,no_volume,0,0,0,0,no_volume,0,0,0,0,no_volume,0,0,0,159,0,159,8557,5692,-0.2011,-50,-124,23,11,13,11,2
1775351854,11,87,0,0,0,0,no_volume,0,0,0,0,no_volume,0,0,0,0,no_volume,0,0,0,159,0,159,8509,5699,-0.1978,-48,-172,22,11,13,11,2
1775351855,11,87,0,0,0,0,no_volume,0,0,0,0,no_volume,0,0,0,0,no_volume,0,0,0,159,0,159,8974,5699,-0.2232,422,349,25,11,13,11,2
1775351856,11,87,0,0,0,0,no_volume,0,0,0,0,no_volume,0,0,0,0,no_volume,0,0,0,159,0,159,8557,5699,-0.2005,0,-127,23,11,13,11,2
1775351857,11,87,0,0,0,0,no_volume,0,0,0,0,no_volume,0,0,0,0,no_volume,0,0,0,159,0,159,8957,5699,-0.2223,448,273,25,11,13,11,2
1775351858,11,87,0,0,0,0,no_volume,0,0,0,0,no_volume,0,0,0,0,no_volume,0,0,0,159,0,159,8967,5699,-0.2228,-7,353,23,11,13,11,2
1775351859,11,87,0,0,0,0,no_volume,0,0,0,0,no_volume,0,0,0,0,no_volume,0,0,0,159,0,159,8567,5699,-0.201,10,-45,23,11,13,11,2
1775351860,11,87,0,0,0,0,no_volume,0,0,0,0,no_volume,0,0,0,0,no_volume,0,0,0,159,0,159,8567,5699,-0.201,-390,-40,23,11,13,11,2
1775351861,11,87,0,0,0,0,no_volume,0,0,0,0,no_volume,0,0,0,0,no_volume,0,0,0,145,0,145,8567,5699,-0.201,-400,10,23,11,13,11,2
1775351862,11,87,0,0,0,0,no_volume,0,0,0,0,no_volume,0,0,0,0,no_volume,0,0,0,145,0,145,8567,5699,-0.201,0,15,23,11,13,11,2
1775351863,11,87,0,0,0,0,no_volume,0,0,0,0,no_volume,0,0,0,0,no_volume,0,0,0,145,0,145,8567,5699,-0.201,0,10,23,11,13,11,2
1775351864,11,87,0,0,44,44,low_activity,0,0,44,44,low_activity,0,0,44,44,low_activity,0,44,44,145,44,189,8610,5655,-0.2072,43,101,25,11,13,11,2
1775351865,11,87,0,0,44,44,low_activity,0,0,44,44,low_activity,0,0,44,44,low_activity,0,0,0,145,44,189,8574,5362,-0.2305,7,-400,24,11,13,11,2
1775351866,11,87,0,0,44,44,low_activity,0,0,44,44,low_activity,0,0,44,44,low_activity,0,0,0,145,44,189,8554,5626,-0.2065,-13,-3,24,11,13,11,2
1775351867,11,87,0,0,0,0,no_volume,0,0,44,44,low_activity,0,0,44,44,low_activity,0,0,0,145,44,189,8554,5626,-0.2065,-56,-403,24,11,13,11,2
1775351868,11,87,0,0,0,0,no_volume,0,0,44,44,low_activity,0,0,44,44,low_activity,0,0,0,0,44,44,10655,5626,-0.3089,2081,1688,24,11,13,11,2
1775351869,11,87,0,0,0,0,no_volume,0,0,0,0,no_volume,0,0,44,44,low_activity,0,0,0,0,44,44,10315,5626,-0.2941,1761,1748,24,11,13,11,2
1775351870,11,87,0,0,0,0,no_volume,0,0,0,0,no_volume,0,0,44,44,low_activity,0,0,0,0,44,44,10315,5626,-0.2941,1761,1748,24,11,13,11,2
1775351871,11,87,0,0,0,0,no_volume,0,0,0,0,no_volume,0,0,44,44,low_activity,0,0,0,0,44,44,10318,5661,-0.2914,-337,1751,22,11,13,11,2
1775351872,11,87,0,0,0,0,low_activity,0,0,0,0,low_activity,0,0,44,44,low_activity,7,0,7,7,44,51,10311,5686,-0.2891,-4,1744,22,11,13,11,2
1775351873,11,87,0,0,0,0,low_activity,0,0,0,0,low_activity,0,0,44,44,low_activity,0,0,0,7,44,51,10321,5686,-0.2896,6,1754,22,11,13,11,2
1775351874,11,87,0,0,0,0,low_activity,0,0,0,0,low_activity,0,0,44,44,low_activity,0,0,0,7,44,51,10321,5686,-0.2896,3,1711,22,11,13,11,2
1775351875,11,87,0,0,0,0,no_volume,0,0,0,0,low_activity,0,0,44,44,low_activity,0,0,0,7,44,51,10321,5686,-0.2896,10,1747,22,11,13,11,2
1775351876,11,87,0,0,0,0,no_volume,0,0,0,0,low_activity,0,0,44,44,low_activity,0,0,0,7,44,51,10321,5686,-0.2896,0,1767,22,11,13,11,2
1775351877,11,87,0,0,0,0,no_volume,0,0,0,0,no_volume,0,0,44,44,low_activity,0,0,0,7,44,51,10321,5686,-0.2896,0,1767,22,11,13,11,2
1775351878,11,87,0,0,0,0,no_volume,0,0,0,0,no_volume,0,0,44,44,low_activity,0,0,0,7,44,51,10321,5686,-0.2896,0,-334,22,11,13,11,2
1775351879,11,87,0,0,0,0,no_volume,0,0,0,0,no_volume,0,0,44,44,low_activity,0,0,0,7,44,51,10321,5686,-0.2896,0,6,22,11,13,11,2
1775351880,11,87,0,0,0,0,no_volume,0,0,0,0,no_volume,0,0,44,44,low_activity,0,0,0,7,44,51,10321,5686,-0.2896,0,6,22,11,13,11,2
1775351881,11,87,0,0,0,0,no_volume,0,0,0,0,no_volume,0,0,44,44,low_activity,0,0,0,7,44,51,10321,5686,-0.2896,0,3,22,11,13,11,2
1775351882,11,87,0,0,0,0,no_volume,0,0,0,0,no_volume,0,0,44,44,low_activity,0,0,0,7,44,51,10321,5686,-0.2896,0,10,22,11,13,11,2
1775351883,11,87,0,0,0,0,no_volume,0,0,0,0,no_volume,0,0,44,44,low_activity,0,0,0,7,44,51,11448,5686,-0.3363,1127,1127,22,11,13,11,2
1775351884,11,87,0,0,0,0,no_volume,0,0,0,0,no_volume,0,0,44,44,low_activity,0,0,0,7,44,51,11441,5686,-0.336,1120,1120,22,11,13,11,2
1775351885,11,87,0,0,0,0,no_volume,0,0,0,0,no_volume,0,0,44,44,low_activity,0,0,0,7,44,51,11441,5686,-0.336,1120,1120,22,11,13,11,2
1775351886,11,87,0,0,0,0,no_volume,0,0,0,0,no_volume,0,0,44,44,low_activity,0,0,0,7,44,51,11441,5686,-0.336,-7,1120,22,11,13,11,2
1775351887,11,87,0,0,0,0,no_volume,0,0,0,0,no_volume,0,0,44,44,low_activity,0,0,0,7,44,51,11441,5686,-0.336,0,1120,22,11,13,11,2
1775351888,11,87,0,0,0,0,no_volume,0,0,0,0,no_volume,0,0,44,44,low_activity,0,0,0,7,44,51,11441,5686,-0.336,0,1120,22,11,13,11,2
1775351889,11,87,0,0,0,0,no_volume,0,0,0,0,no_volume,0,0,44,44,low_activity,0,0,0,7,44,51,11441,5686,-0.336,0,1120,22,11,13,11,2
1775351890,11,87,0,0,0,0,no_volume,0,0,0,0,no_volume,0,0,44,44,low_activity,0,0,0,7,44,51,11441,5686,-0.336,0,1120,22,11,13,11,2
1775351891,11,87,0,0,0,0,no_volume,0,0,0,0,no_volume,0,0,44,44,low_activity,0,0,0,7,44,51,11441,5686,-0.336,0,1120,22,11,13,11,2
1775351892,11,87,0,0,0,0,no_volume,0,0,0,0,no_volume,0,0,44,44,low_activity,0,0,0,7,44,51,10342,5686,-0.2905,-1099,21,22,11,13,11,2
1775351893,11,87,0,0,0,0,no_volume,0,0,0,0,no_volume,0,0,44,44,low_activity,0,0,0,7,44,51,11762,5686,-0.3482,321,314,23,11,13,11,2
1775351894,11,87,0,0,0,0,no_volume,0,0,0,0,no_volume,0,0,0,0,low_activity,0,0,0,7,44,51,11762,5686,-0.3482,321,321,23,11,13,11,2
1775351895,11,87,0,0,0,0,no_volume,0,0,0,0,no_volume,0,0,0,0,low_activity,0,0,0,7,44,51,11762,5686,-0.3482,1420,321,23,11,13,11,2
1775351896,11,87,0,0,0,0,no_volume,0,0,0,0,no_volume,0,0,0,0,low_activity,0,0,0,7,44,51,11762,5686,-0.3482,0,321,23,11,13,11,2
1775351897,11,87,0,0,0,0,no_volume,0,0,0,0,no_volume,0,0,0,0,low_activity,0,0,0,7,44,51,11750,5672,-0.3489,-12,309,24,11,13,11,2
1775351898,11,87,0,0,0,0,no_volume,0,0,0,0,no_volume,0,0,0,0,low_activity,0,0,0,7,44,51,11750,5672,-0.3489,-12,309,24,11,13,11,2
1775351899,11,87,0,0,0,0,no_volume,0,0,0,0,no_volume,0,0,0,0,low_activity,0,0,0,7,44,51,11750,5672,-0.3489,-12,309,24,11,13,11,2
1775351900,11,87,0,0,0,0,no_volume,0,0,0,0,no_volume,0,0,0,0,low_activity,0,0,0,7,44,51,11750,5672,-0.3489,0,309,24,11,13,11,2
1775351901,11,87,0,0,0,0,no_volume,0,0,0,0,no_volume,0,0,0,0,low_activity,0,0,0,7,44,51,11750,5672,-0.3489,0,309,24,11,13,11,2
1775351902,11,87,0,0,0,0,no_volume,0,0,0,0,no_volume,0,0,0,0,no_volume,0,0,0,7,44,51,11750,5672,-0.3489,0,1408,24,11,13,11,2
1775351903,11,87,0,0,0,0,no_volume,0,0,0,0,no_volume,0,0,0,0,no_volume,0,0,0,7,44,51,11750,5672,-0.3489,0,-12,24,11,13,11,2
1775351904,11,87,0,0,0,0,no_volume,0,0,0,0,no_volume,0,0,0,0,no_volume,0,0,0,7,44,51,11750,5672,-0.3489,0,-12,24,11,13,11,2
1775351905,11,87,0,0,0,0,no_volume,0,0,0,0,no_volume,0,0,0,0,no_volume,0,0,0,7,44,51,11750,5672,-0.3489,0,-12,24,11,13,11,2
1775351906,11,87,0,0,0,0,no_volume,0,0,0,0,no_volume,0,0,0,0,no_volume,0,0,0,7,44,51,11750,5672,-0.3489,0,-12,24,11,13,11,2
1775351907,11,87,0,0,0,0,no_volume,0,0,0,0,no_volume,0,0,0,0,no_volume,0,0,0,7,44,51,11750,5672,-0.3489,0,0,24,11,13,11,2
1775351908,11,87,0,0,0,0,no_volume,0,0,0,0,no_volume,0,0,0,0,no_volume,0,0,0,7,44,51,11750,5672,-0.3489,0,0,24,11,13,11,2
1775351909,11,87,0,0,0,0,no_volume,0,0,0,0,no_volume,0,0,0,0,no_volume,0,0,0,7,44,51,11750,5672,-0.3489,0,0,24,11,13,11,2
1775351910,11,87,0,0,0,0,no_volume,0,0,0,0,no_volume,0,0,0,0,no_volume,0,0,0,7,44,51,11750,5672,-0.3489,0,0,24,11,13,11,2
1775351911,11,87,0,0,0,0,no_volume,0,0,0,0,no_volume,0,0,0,0,no_volume,0,0,0,7,44,51,11750,5672,-0.3489,0,0,24,11,13,11,2
1775351912,11,87,0,0,0,0,no_volume,0,0,0,0,no_volume,0,0,0,0,no_volume,0,0,0,7,44,51,11750,5672,-0.3489,0,0,24,11,13,11,2
1775351913,11,87,0,0,0,0,no_volume,0,0,0,0,no_volume,0,0,0,0,no_volume,0,0,0,7,44,51,11750,5672,-0.3489,0,0,24,11,13,11,2
1775351914,11,87,0,0,0,0,no_volume,0,0,0,0,no_volume,0,0,0,0,no_volume,0,0,0,7,44,51,11750,5672,-0.3489,0,0,24,11,13,11,2
1775351915,11,87,0,0,0,0,no_volume,0,0,0,0,no_volume,0,0,0,0,no_volume,0,0,0,7,44,51,11750,5672,-0.3489,0,0,24,11,13,11,2
1775351916,11,87,0,0,0,0,no_volume,0,0,0,0,no_volume,0,0,0,0,no_volume,0,0,0,7,44,51,11750,5672,-0.3489,0,0,24,11,13,11,2
1775351917,11,87,0,0,0,0,no_volume,0,0,0,0,no_volume,0,0,0,0,no_volume,0,0,0,7,44,51,11750,5672,-0.3489,0,0,24,11,13,11,2
1775351918,11,87,0,0,0,0,no_volume,0,0,0,0,no_volume,0,0,0,0,no_volume,0,0,0,7,44,51,11750,5672,-0.3489,0,0,24,11,13,11,2
1775351919,11,87,0,0,0,0,no_volume,0,0,0,0,no_volume,0,0,0,0,no_volume,0,0,0,7,44,51,11750,5672,-0.3489,0,0,24,11,13,11,2
1775351920,11,87,0,0,0,0,no_volume,0,0,0,0,no_volume,0,0,0,0,no_volume,0,0,0,7,44,51,11750,5672,-0.3489,0,0,24,11,13,11,2
1775351921,11,87,0,0,0,0,no_volume,0,0,0,0,no_volume,0,0,0,0,no_volume,0,0,0,7,44,51,11750,5672,-0.3489,0,0,24,11,13,11,2
1775351922,11,87,0,0,0,0,no_volume,0,0,0,0,no_volume,0,0,0,0,no_volume,0,0,0,7,44,51,11750,5672,-0.3489,0,0,24,11,13,11,2
1775351923,11,87,0,0,0,0,no_volume,0,0,0,0,no_volume,0,0,0,0,no_volume,0,0,0,7,44,51,11750,5672,-0.3489,0,0,24,11,13,11,2
1775351924,11,87,0,20,0,20,low_activity,0,20,0,20,low_activity,0,20,0,20,low_activity,35,0,35,42,0,42,12152,5619,-0.3676,402,402,23,11,13,11,2
1775351925,11,87,0,20,0,20,low_activity,0,20,0,20,low_activity,0,20,0,20,low_activity,0,0,0,42,0,42,12152,5619,-0.3676,402,402,23,11,13,11,2
1775351926,11,87,0,20,0,20,low_activity,0,20,0,20,low_activity,0,20,0,20,low_activity,0,0,0,42,0,42,12152,5619,-0.3676,402,402,23,11,13,11,2
1775351927,11,87,0,0,0,0,no_volume,0,20,0,20,low_activity,0,20,0,20,low_activity,0,0,0,42,0,42,12152,5619,-0.3676,0,402,23,11,13,11,2
1775351928,11,87,0,0,0,0,no_volume,0,20,0,20,low_activity,0,20,0,20,low_activity,0,0,0,42,0,42,12152,5619,-0.3676,0,402,23,11,13,11,2
1775351929,11,87,0,0,0,0,no_volume,0,0,0,0,no_volume,0,20,0,20,low_activity,0,0,0,42,0,42,12152,5619,-0.3676,0,402,23,11,13,11,2
1775351930,11,87,0,0,0,0,no_volume,0,0,0,0,no_volume,0,20,0,20,low_activity,0,0,0,42,0,42,12152,5619,-0.3676,0,402,23,11,13,11,2
1775351931,11,87,0,0,0,0,no_volume,0,0,0,0,no_volume,0,20,0,20,low_activity,0,0,0,42,0,42,12152,5619,-0.3676,0,402,23,11,13,11,2
1775351932,11,87,0,0,0,0,no_volume,0,0,0,0,no_volume,0,20,0,20,low_activity,0,0,0,35,0,35,12152,5619,-0.3676,0,402,23,11,13,11,2
1775351933,11,87,0,0,0,0,no_volume,0,0,0,0,no_volume,0,20,0,20,low_activity,0,0,0,35,0,35,12152,5619,-0.3676,0,402,23,11,13,11,2
1775351934,11,87,0,0,0,0,no_volume,0,0,0,0,no_volume,0,20,0,20,low_activity,0,0,0,35,0,35,12152,5619,-0.3676,0,0,23,11,13,11,2
1775351935,11,87,0,0,0,0,no_volume,0,0,0,0,no_volume,0,20,0,20,low_activity,0,0,0,35,0,35,12152,5619,-0.3676,0,0,23,11,13,11,2
1775351936,11,87,0,0,0,0,no_volume,0,0,0,0,no_volume,0,20,0,20,low_activity,0,0,0,35,0,35,12152,5619,-0.3676,0,0,23,11,13,11,2
1775351937,11,87,0,0,0,0,no_volume,0,0,0,0,no_volume,0,20,0,20,low_activity,0,0,0,35,0,35,12152,5619,-0.3676,0,0,23,11,13,11,2
1775351938,11,87,0,0,0,0,no_volume,0,0,0,0,no_volume,0,20,0,20,low_activity,0,0,0,35,0,35,12152,5619,-0.3676,0,0,23,11,13,11,2
1775351939,11,87,0,0,0,0,no_volume,0,0,0,0,no_volume,0,20,0,20,low_activity,0,0,0,35,0,35,12152,5619,-0.3676,0,0,23,11,13,11,2
1775351940,11,87,0,0,0,0,no_volume,0,0,0,0,no_volume,0,20,0,20,low_activity,0,0,0,35,0,35,12152,5619,-0.3676,0,0,23,11,13,11,2
1775351941,11,87,0,0,0,0,no_volume,0,0,0,0,no_volume,0,20,0,20,low_activity,0,0,0,35,0,35,12152,5619,-0.3676,0,0,23,11,13,11,2
1775351942,11,87,0,0,0,0,no_volume,0,0,0,0,no_volume,0,20,0,20,low_activity,0,0,0,35,0,35,12152,5619,-0.3676,0,0,23,11,13,11,2
1775351943,11,87,0,0,0,0,no_volume,0,0,0,0,no_volume,0,20,0,20,low_activity,0,0,0,35,0,35,11728,7859,-0.1975,-424,-424,21,11,13,11,2
1775351944,11,87,0,0,0,0,no_volume,0,0,0,0,no_volume,0,20,0,20,low_activity,0,0,0,35,0,35,11735,7859,-0.1978,-417,-417,21,11,13,11,2
1775351945,11,87,0,0,0,0,no_volume,0,0,0,0,no_volume,0,20,0,20,low_activity,0,0,0,35,0,35,11735,7859,-0.1978,-417,-417,21,11,13,11,2
1775351946,11,87,0,0,0,0,no_volume,0,0,0,0,no_volume,0,20,0,20,low_activity,0,0,0,35,0,35,11735,7859,-0.1978,7,-417,21,11,13,11,2
1775351947,11,87,0,0,0,0,no_volume,0,0,0,0,no_volume,0,20,0,20,low_activity,0,0,0,35,0,35,13700,5790,-0.4058,1965,1548,20,11,13,11,2
1775351948,11,87,0,0,0,0,no_volume,0,0,0,0,no_volume,0,20,0,20,low_activity,0,0,0,35,0,35,13705,5794,-0.4057,1970,1553,20,11,13,11,2
1775351949,11,87,0,0,0,0,no_volume,0,0,0,0,no_volume,0,20,0,20,low_activity,0,0,0,35,0,35,13705,5794,-0.4057,1970,1553,20,11,13,11,2
1775351950,11,87,0,0,0,0,no_volume,0,0,0,0,no_volume,0,20,0,20,low_activity,0,0,0,35,0,35,13705,5794,-0.4057,5,1553,20,11,13,11,2
1775351951,11,87,0,0,0,0,no_volume,0,0,0,0,no_volume,0,20,0,20,low_activity,0,0,0,35,0,35,13715,5794,-0.406,10,1563,20,11,13,11,2
1775351952,11,87,0,0,0,0,no_volume,0,0,0,0,no_volume,0,20,0,20,low_activity,0,0,0,35,0,35,13785,5794,-0.4081,80,1633,20,11,13,11,2
1775351953,11,87,0,0,0,0,no_volume,0,0,0,0,no_volume,0,20,0,20,low_activity,0,0,0,35,0,35,13744,5794,-0.4069,39,2016,20,11,13,11,2
1775351954,11,87,0,0,0,0,no_volume,0,0,0,0,no_volume,0,0,0,0,no_volume,0,0,0,35,0,35,13744,5794,-0.4069,29,2009,20,11,13,11,2
1775351955,11,87,0,0,0,0,no_volume,0,0,0,0,no_volume,0,0,0,0,no_volume,0,0,0,35,0,35,13744,5794,-0.4069,-41,2009,20,11,13,11,2
1775351956,11,87,0,0,0,0,no_volume,0,0,0,0,no_volume,0,0,0,0,no_volume,0,0,0,35,0,35,13744,5794,-0.4069,0,2009,20,11,13,11,2
1775351957,11,87,0,0,0,0,no_volume,0,0,0,0,no_volume,0,0,0,0,no_volume,0,0,0,35,0,35,13744,5790,-0.4072,0,44,20,11,13,11,2
1775351958,11,87,0,0,0,0,no_volume,0,0,0,0,no_volume,0,0,0,0,no_volume,0,0,0,35,0,35,13744,5790,-0.4072,0,39,20,11,13,11,2
1775351959,11,87,0,0,0,0,no_volume,0,0,0,0,no_volume,0,0,0,0,no_volume,0,0,0,35,0,35,13744,5790,-0.4072,0,39,20,11,13,11,2
1775351960,11,87,0,0,0,0,no_volume,0,0,0,0,no_volume,0,0,0,0,no_volume,0,0,0,35,0,35,13744,5790,-0.4072,0,39,20,11,13,11,2
1775351961,11,87,0,0,0,0,no_volume,0,0,0,0,no_volume,0,0,0,0,no_volume,0,0,0,35,0,35,11627,5790,-0.3351,-2117,-2088,22,11,13,11,2
1775351962,11,87,0,0,0,0,no_volume,0,0,0,0,no_volume,0,0,0,0,no_volume,0,0,0,35,0,35,11627,5790,-0.3351,-2117,-2158,22,11,13,11,2
1775351963,11,87,0,0,0,0,no_volume,0,0,0,0,no_volume,0,0,0,0,no_volume,0,0,0,35,0,35,11627,5790,-0.3351,-2117,-2117,22,11,13,11,2
1775351964,11,87,0,0,0,0,no_volume,0,0,0,0,no_volume,0,0,0,0,no_volume,0,0,0,35,0,35,11627,5790,-0.3351,0,-2117,22,11,13,11,2
1775351965,11,87,0,0,0,0,no_volume,0,0,0,0,no_volume,0,0,0,0,no_volume,0,0,0,35,0,35,11627,5790,-0.3351,0,-2117,22,11,13,11,2
1775351966,11,87,0,0,0,0,no_volume,0,0,0,0,no_volume,0,0,0,0,no_volume,0,0,0,35,0,35,11627,5790,-0.3351,0,-2117,22,11,13,11,2
1775351967,11,87,0,0,0,0,no_volume,0,0,0,0,no_volume,0,0,0,0,no_volume,0,0,0,35,0,35,11627,5790,-0.3351,0,-2117,22,11,13,11,2
1775351968,11,87,0,0,0,0,no_volume,0,0,0,0,no_volume,0,0,0,0,no_volume,0,0,0,35,0,35,11627,5790,-0.3351,0,-2117,22,11,13,11,2
1775351969,11,87,0,0,0,0,no_volume,0,0,0,0,no_volume,0,0,0,0,no_volume,0,0,0,35,0,35,11627,5790,-0.3351,0,-2117,22,11,13,11,2
1775351970,11,87,0,0,0,0,no_volume,0,0,0,0,no_volume,0,0,0,0,no_volume,0,0,0,35,0,35,11627,5790,-0.3351,0,-2117,22,11,13,11,2
1775351971,11,87,0,0,0,0,no_volume,0,0,0,0,no_volume,0,0,0,0,no_volume,0,0,0,35,0,35,11627,5790,-0.3351,0,0,22,11,13,11,2
1775351972,11,87,0,0,0,0,no_volume,0,0,0,0,no_volume,0,0,0,0,no_volume,0,0,0,35,0,35,11627,5790,-0.3351,0,0,22,11,13,11,2
1775351973,11,87,0,0,0,0,no_volume,0,0,0,0,no_volume,0,0,0,0,no_volume,0,0,0,35,0,35,11627,5790,-0.3351,0,0,22,11,13,11,2
1775351974,11,87,0,0,0,0,no_volume,0,0,0,0,no_volume,0,0,0,0,no_volume,0,0,0,35,0,35,11627,5790,-0.3351,0,0,22,11,13,11,2
1775351975,11,87,0,0,0,0,no_volume,0,0,0,0,no_volume,0,0,0,0,no_volume,0,0,0,35,0,35,11627,5790,-0.3351,0,0,22,11,13,11,2
1775351976,11,87,0,0,0,0,no_volume,0,0,0,0,no_volume,0,0,0,0,no_volume,0,0,0,35,0,35,8558,7913,-0.0392,-3069,-3069,22,11,13,11,2
1775351977,12,50,0,0,0,0,no_volume,0,0,0,0,no_volume,0,0,0,0,no_volume,0,0,0,35,0,35,8632,7505,-0.0698,-2995,-2995,25,12,50,12,38
1775351978,12,60,0,0,0,0,no_volume,0,0,0,0,no_volume,0,0,0,0,no_volume,0,0,0,35,0,35,9139,7842,-0.0764,-2488,-2488,31,12,40,12,28
1775351979,11,72,0,0,0,0,no_volume,0,0,0,0,no_volume,0,0,0,0,no_volume,0,0,0,35,0,35,9296,5777,-0.2335,738,-2331,33,11,28,11,17
1775351980,11,78,0,0,0,0,no_volume,0,0,0,0,no_volume,0,0,0,0,no_volume,0,0,0,35,0,35,8962,5777,-0.2161,330,-2665,30,11,22,11,11
1775351981,12,83,0,0,0,0,no_volume,0,0,0,0,no_volume,0,0,0,0,no_volume,0,0,0,35,0,35,9012,5842,-0.2134,-127,-2615,31,12,17,12,5
1775351982,12,83,0,0,0,0,no_volume,0,0,0,0,no_volume,0,0,0,0,no_volume,0,0,0,35,0,35,8900,5842,-0.2074,-396,-2727,30,12,17,12,5
1775351983,12,83,0,0,0,0,no_volume,0,0,0,0,no_volume,0,0,0,0,no_volume,0,0,0,35,0,35,8900,5842,-0.2074,-62,-2727,30,12,17,12,5
1775351984,12,86,0,0,0,0,no_volume,0,0,0,0,no_volume,0,0,0,0,no_volume,0,0,0,0,0,0,8912,5759,-0.2149,-100,-2715,32,12,14,12,2
1775351985,11,86,0,0,0,0,no_volume,0,0,0,0,no_volume,0,0,0,0,no_volume,0,0,0,0,0,0,8780,5771,-0.2068,-120,-2847,31,11,14,11,3
1775351986,11,86,0,0,0,0,no_volume,0,0,0,0,no_volume,0,0,0,0,no_volume,0,0,0,0,0,0,8780,5771,-0.2068,-120,222,31,11,14,11,3
1775351987,11,86,0,0,0,0,no_volume,0,0,0,0,no_volume,0,0,0,0,no_volume,0,0,0,0,0,0,8780,5771,-0.2068,-132,148,31,11,14,11,3
1775351988,12,80,0,0,0,0,no_volume,0,0,0,0,no_volume,0,0,0,0,no_volume,0,0,0,0,0,0,8488,5824,-0.1861,-292,-651,20,12,20,12,8
1775351989,12,77,0,0,0,0,no_volume,0,0,0,0,no_volume,0,0,0,0,no_volume,0,0,0,0,0,0,8492,5764,-0.1914,-288,-804,22,12,23,12,11
1775351990,12,81,0,0,0,0,no_volume,0,0,0,0,no_volume,0,0,0,0,no_volume,0,0,0,0,0,0,8573,5768,-0.1956,-207,-389,23,12,19,12,7
1775351991,12,83,0,0,0,0,no_volume,0,0,0,0,no_volume,0,0,0,0,no_volume,0,0,0,0,0,0,8193,5766,-0.1739,-295,-819,23,12,17,12,5
1775351992,12,85,0,0,0,0,no_volume,0,0,0,0,no_volume,0,0,0,0,no_volume,0,0,0,0,0,0,8297,5759,-0.1806,-195,-603,27,12,15,12,3
1775351993,12,85,0,0,0,0,no_volume,0,0,0,0,no_volume,0,0,0,0,no_volume,0,0,0,0,0,0,8297,5752,-0.1812,-276,-603,27,12,15,12,3
1775351994,12,86,0,0,0,0,no_volume,0,0,0,0,no_volume,0,0,0,0,no_volume,0,0,0,0,0,0,8323,5847,-0.1747,130,-589,27,12,14,12,2
1775351995,12,86,0,0,0,0,no_volume,0,0,0,0,no_volume,0,0,0,0,no_volume,0,0,0,0,0,0,8325,5782,-0.1803,28,-455,27,12,14,12,2
1775351996,11,85,0,0,0,0,no_volume,0,0,0,0,no_volume,0,0,0,0,no_volume,0,0,0,0,0,0,8283,5688,-0.1857,-14,-497,26,11,15,11,4
1775351997,11,86,0,0,0,0,no_volume,0,0,0,0,no_volume,0,0,0,0,no_volume,0,0,0,0,0,0,8394,5816,-0.1814,71,-386,28,11,14,11,3
1775351998,11,87,0,0,0,0,no_volume,0,0,0,0,no_volume,0,0,0,0,no_volume,0,0,0,0,0,0,8423,5730,-0.1903,98,-65,29,11,13,11,2
1775351999,11,87,0,0,0,0,no_volume,0,0,0,0,no_volume,0,0,0,0,no_volume,0,0,0,0,0,0,8423,5730,-0.1903,140,-69,29,11,13,11,2
1775352000,11,87,0,0,0,0,no_volume,0,0,0,0,no_volume,0,0,0,0,no_volume,0,0,0,0,0,0,8423,5730,-0.1903,29,-150,29,11,13,11,2
1775352001,11,87,0,0,0,0,no_volume,0,0,0,0,no_volume,0,0,0,0,no_volume,0,0,0,0,0,0,8423,5730,-0.1903,0,230,29,11,13,11,2
1775352002,11,87,0,0,0,0,no_volume,0,0,0,0,no_volume,0,0,0,0,no_volume,0,0,0,0,0,0,8423,5730,-0.1903,0,126,29,11,13,11,2
1775352003,11,87,0,0,0,0,no_volume,0,0,0,0,no_volume,0,0,0,0,no_volume,0,0,0,0,0,0,8423,5730,-0.1903,0,126,29,11,13,11,2
1775352004,11,87,0,0,0,0,no_volume,0,0,0,0,no_volume,0,0,0,0,no_volume,0,0,0,0,0,0,8423,5730,-0.1903,0,100,29,11,13,11,2
1775352005,11,87,0,0,0,0,no_volume,0,0,0,0,no_volume,0,0,0,0,no_volume,0,0,0,0,0,0,8423,5730,-0.1903,0,98,29,11,13,11,2
1775352006,11,87,0,0,0,0,no_volume,0,0,0,0,no_volume,0,0,0,0,no_volume,0,0,0,0,0,0,8423,5730,-0.1903,0,140,29,11,13,11,2
1775352007,11,87,0,0,0,0,no_volume,0,0,0,0,no_volume,0,0,0,0,no_volume,0,0,0,0,0,0,8443,5697,-0.1942,20,49,30,11,13,11,2
1775352008,11,87,0,0,0,0,no_volume,0,0,0,0,no_volume,0,0,0,0,no_volume,0,0,0,0,0,0,8451,5697,-0.1947,28,28,30,11,13,11,2
1775352009,11,87,0,50,0,50,low_activity,0,50,0,50,low_activity,0,50,0,50,low_activity,55,0,55,55,0,55,8420,5747,-0.1887,-3,-3,30,11,13,11,2
1775352010,11,87,0,50,0,50,low_activity,0,50,0,50,low_activity,0,50,0,50,low_activity,0,0,0,55,0,55,8380,5747,-0.1864,-63,-43,28,11,13,11,2
1775352011,11,87,0,50,0,50,low_activity,0,50,0,50,low_activity,0,50,0,50,low_activity,0,0,0,55,0,55,8400,5835,-0.1802,-51,-23,30,11,13,11,2
1775352012,11,85,0,0,0,0,no_volume,0,50,0,50,low_activity,0,50,0,50,low_activity,0,0,0,55,0,55,8338,5771,-0.1819,-82,-85,28,11,15,11,4
1775352013,12,84,0,0,0,0,no_volume,0,50,0,50,low_activity,0,50,0,50,low_activity,0,0,0,55,0,55,8298,5809,-0.1764,-82,-125,26,12,16,12,4
1775352014,12,86,0,0,0,0,no_volume,0,0,0,0,no_volume,0,50,0,50,low_activity,0,0,0,55,0,55,8418,5812,-0.1831,18,-5,27,12,14,12,2
1775352015,11,87,0,0,0,0,no_volume,0,0,0,0,no_volume,0,50,0,50,low_activity,0,0,0,55,0,55,8427,5765,-0.1876,89,4,28,11,13,11,2
1775352016,11,87,0,0,0,0,no_volume,0,0,0,0,no_volume,0,50,0,50,low_activity,0,0,0,55,0,55,8442,5781,-0.1871,144,19,28,11,13,11,2
1775352017,11,87,0,0,0,0,no_volume,0,0,0,0,no_volume,0,50,0,50,low_activity,0,0,0,55,0,55,8469,5771,-0.1895,51,26,28,11,13,11,2
1775352018,11,87,0,0,0,0,no_volume,0,0,0,0,no_volume,0,50,0,50,low_activity,0,0,0,55,0,55,8469,5771,-0.1895,42,18,28,11,13,11,2
1775352019,11,87,0,0,0,0,no_volume,0,0,0,0,no_volume,0,50,0,50,low_activity,0,0,0,55,0,55,8469,5771,-0.1895,27,49,29,11,13,11,2
1775352020,11,87,0,0,0,0,no_volume,0,0,0,0,no_volume,0,50,0,50,low_activity,0,0,0,55,0,55,8469,5728,-0.1931,0,89,29,11,13,11,2
1775352021,11,87,0,0,0,0,no_volume,0,0,0,0,no_volume,0,50,0,50,low_activity,0,0,0,55,0,55,8469,5728,-0.1931,0,69,29,11,13,11,2
1775352022,11,87,0,0,0,0,no_volume,0,0,0,0,no_volume,0,50,0,50,low_activity,0,0,0,55,0,55,8469,5771,-0.1895,0,131,29,11,13,11,2
1775352023,11,87,0,0,0,0,no_volume,0,0,0,0,no_volume,0,50,0,50,low_activity,0,0,0,55,0,55,8469,5771,-0.1895,0,171,28,11,13,11,2
1775352024,11,87,0,0,0,0,no_volume,0,0,0,0,no_volume,0,50,0,50,low_activity,0,0,0,55,0,55,8469,5771,-0.1895,0,51,28,11,13,11,2
1775352025,11,87,0,0,0,0,no_volume,0,0,0,0,no_volume,0,50,0,50,low_activity,0,0,0,55,0,55,8469,5771,-0.1895,0,42,28,11,13,11,2
1775352026,11,87,0,0,0,0,no_volume,0,0,0,0,no_volume,0,50,0,50,low_activity,0,0,0,55,0,55,8469,5771,-0.1895,0,27,28,11,13,11,2
1775352027,11,87,0,0,0,0,no_volume,0,0,0,0,no_volume,0,50,0,50,low_activity,0,0,0,55,0,55,8469,5771,-0.1895,0,0,28,11,13,11,2
1775352028,11,87,0,0,0,0,no_volume,0,0,0,0,no_volume,0,50,0,50,low_activity,0,0,0,55,0,55,8421,5771,-0.1867,-48,-48,28,11,13,11,2
1775352029,11,87,0,0,0,0,no_volume,0,0,0,0,no_volume,0,50,0,50,low_activity,0,0,0,55,0,55,8421,5771,-0.1867,-48,-48,28,11,13,11,2
1775352030,11,87,0,0,0,0,no_volume,0,0,0,0,no_volume,0,50,0,50,low_activity,0,0,0,55,0,55,8421,5771,-0.1867,-48,-48,28,11,13,11,2
1775352031,11,87,0,0,0,0,no_volume,0,0,0,0,no_volume,0,50,0,50,low_activity,0,0,0,55,0,55,8421,5771,-0.1867,0,-48,28,11,13,11,2
1775352032,11,87,0,0,0,0,no_volume,0,0,0,0,no_volume,0,50,0,50,low_activity,0,0,0,55,0,55,8421,5771,-0.1867,0,-48,28,11,13,11,2
1775352033,11,87,0,60,0,60,low_activity,0,60,0,60,low_activity,0,110,0,110,low_total_volume,70,0,70,125,0,125,8377,5801,-0.1817,-44,-92,28,11,13,11,2
1775352034,11,87,0,60,0,60,low_activity,0,60,0,60,low_activity,0,110,0,110,low_total_volume,0,0,0,125,0,125,8377,5831,-0.1792,-44,-92,28,11,13,11,2
1775352035,11,87,0,60,0,60,low_activity,0,60,0,60,low_activity,0,110,0,110,low_total_volume,0,0,0,125,0,125,8377,5831,-0.1792,-44,-92,28,11,13,11,2
1775352036,11,87,0,0,0,0,no_volume,0,60,0,60,low_activity,0,110,0,110,low_total_volume,0,0,0,125,0,125,10482,5801,-0.2875,2105,2013,28,11,13,11,2
1775352037,11,87,0,0,0,0,no_volume,0,60,0,60,low_activity,0,110,0,110,low_total_volume,0,0,0,125,0,125,10498,5751,-0.2921,2121,2029,28,11,13,11,2
1775352038,11,87,0,0,0,0,no_volume,0,0,0,0,no_volume,0,110,0,110,low_total_volume,0,0,0,125,0,125,10498,5751,-0.2921,2121,2077,28,11,13,11,2
1775352039,11,87,0,0,0,0,no_volume,0,0,0,0,no_volume,0,60,0,60,low_activity,0,0,0,125,0,125,10498,5751,-0.2921,16,2077,28,11,13,11,2
1775352040,11,87,0,0,0,0,no_volume,0,0,0,0,no_volume,0,60,0,60,low_activity,0,0,0,125,0,125,10498,5751,-0.2921,0,2077,28,11,13,11,2
1775352041,11,87,0,0,0,0,no_volume,0,0,0,0,no_volume,0,60,0,60,low_activity,0,0,0,125,0,125,10498,5751,-0.2921,0,2077,28,11,13,11,2
1775352042,11,88,0,0,0,0,no_volume,0,0,0,0,no_volume,0,60,0,60,low_activity,0,0,0,125,0,125,10528,5751,-0.2934,30,2107,29,11,12,11,1
1775352043,11,88,0,0,0,0,no_volume,0,0,0,0,no_volume,0,60,0,60,low_activity,0,0,0,125,0,125,10528,5751,-0.2934,30,2151,29,11,12,11,1
1775352044,11,88,0,0,0,0,no_volume,0,0,0,0,no_volume,0,60,0,60,low_activity,0,0,0,125,0,125,10528,5751,-0.2934,30,2151,29,11,12,11,1
1775352045,11,88,0,0,0,0,no_volume,0,0,0,0,no_volume,0,60,0,60,low_activity,0,0,0,125,0,125,10528,5751,-0.2934,0,2151,29,11,12,11,1
1775352046,11,88,0,0,0,0,no_volume,0,0,0,0,no_volume,0,60,0,60,low_activity,0,0,0,125,0,125,10528,5751,-0.2934,0,46,29,11,12,11,1
1775352047,11,88,0,0,0,0,no_volume,0,0,0,0,no_volume,0,60,0,60,low_activity,0,0,0,125,0,125,10528,5751,-0.2934,0,30,29,11,12,11,1
1775352048,11,88,0,0,0,0,no_volume,0,0,0,0,no_volume,0,60,0,60,low_activity,0,0,0,125,0,125,10528,5751,-0.2934,0,30,29,11,12,11,1
1775352049,11,87,0,0,0,0,no_volume,0,0,0,0,no_volume,0,60,0,60,low_activity,0,0,0,125,0,125,10525,5758,-0.2928,-3,27,28,11,13,11,2
1775352050,11,87,0,0,0,0,no_volume,0,0,0,0,no_volume,0,60,0,60,low_activity,0,0,0,125,0,125,10525,5758,-0.2928,-3,27,28,11,13,11,2
1775352051,11,87,0,0,0,0,no_volume,0,0,0,0,no_volume,0,60,0,60,low_activity,0,0,0,125,0,125,10566,5758,-0.2945,38,68,28,11,13,11,2
1775352052,11,87,0,0,0,0,no_volume,0,0,0,0,no_volume,0,60,0,60,low_activity,0,0,0,125,0,125,10566,5758,-0.2945,41,38,28,11,13,11,2
1775352053,11,87,0,0,0,0,no_volume,0,0,0,0,no_volume,0,60,0,60,low_activity,0,0,0,125,0,125,10566,5758,-0.2945,41,38,28,11,13,11,2
1775352054,11,87,0,0,0,0,no_volume,0,0,0,0,no_volume,0,60,0,60,low_activity,0,0,0,125,0,125,10566,5758,-0.2945,0,38,28,11,13,11,2
1775352055,11,87,0,0,0,0,no_volume,0,0,0,0,no_volume,0,60,0,60,low_activity,0,0,0,125,0,125,10566,5758,-0.2945,0,38,28,11,13,11,2
1775352056,11,87,0,0,0,0,no_volume,0,0,0,0,no_volume,0,60,0,60,low_activity,0,0,0,125,0,125,12601,5758,-0.3727,2035,2073,28,11,13,11,2
1775352057,11,87,0,0,0,0,no_volume,0,0,0,0,no_volume,0,60,0,60,low_activity,0,0,0,125,0,125,12601,5758,-0.3727,2035,2073,28,11,13,11,2
1775352058,11,88,0,0,0,0,no_volume,0,0,0,0,no_volume,0,60,0,60,low_activity,0,0,0,125,0,125,12586,5758,-0.3722,2020,2058,28,11,12,11,1
1775352059,11,88,0,0,0,0,no_volume,0,0,0,0,no_volume,0,60,0,60,low_activity,0,0,0,125,0,125,12586,5758,-0.3722,-15,2061,28,11,12,11,1
1775352060,11,88,0,0,0,0,no_volume,0,0,0,0,no_volume,0,60,0,60,low_activity,0,0,0,125,0,125,12586,5758,-0.3722,-15,2061,28,11,12,11,1
1775352061,11,88,0,0,0,0,no_volume,0,0,0,0,no_volume,0,60,0,60,low_activity,0,0,0,125,0,125,12586,5758,-0.3722,0,2020,28,11,12,11,1
1775352062,11,88,0,0,0,0,no_volume,0,0,0,0,no_volume,0,60,0,60,low_activity,0,0,0,125,0,125,12586,5758,-0.3722,0,2020,28,11,12,11,1
1775352063,11,88,0,0,0,0,no_volume,0,0,0,0,no_volume,0,0,0,0,no_volume,0,0,0,125,0,125,12586,5758,-0.3722,0,2020,28,11,12,11,1
1775352064,11,88,0,0,0,0,no_volume,0,0,0,0,no_volume,0,0,0,0,no_volume,0,0,0,125,0,125,12586,5758,-0.3722,0,2020,28,11,12,11,1
1775352065,11,88,0,0,0,0,no_volume,0,0,0,0,no_volume,0,0,0,0,no_volume,0,0,0,125,0,125,12586,5758,-0.3722,0,2020,28,11,12,11,1
1775352066,11,88,0,0,0,0,no_volume,0,0,0,0,no_volume,0,0,0,0,no_volume,0,0,0,125,0,125,12586,5778,-0.3707,0,-15,28,11,12,11,1
1775352067,11,88,0,0,0,0,no_volume,0,0,0,0,no_volume,0,0,0,0,no_volume,0,0,0,125,0,125,12586,5778,-0.3707,0,-15,28,11,12,11,1
1775352068,11,88,0,0,0,0,no_volume,0,0,0,0,no_volume,0,0,0,0,no_volume,0,0,0,125,0,125,12586,5778,-0.3707,0,0,28,11,12,11,1
1775352069,11,88,0,0,0,0,no_volume,0,0,0,0,no_volume,0,0,0,0,no_volume,0,0,0,70,0,70,12586,5778,-0.3707,0,0,28,11,12,11,1
1775352070,11,88,0,0,0,0,no_volume,0,0,0,0,no_volume,0,0,0,0,no_volume,0,0,0,70,0,70,12586,5778,-0.3707,0,0,28,11,12,11,1
1775352071,11,88,0,0,0,0,no_volume,0,0,0,0,no_volume,0,0,0,0,no_volume,0,0,0,70,0,70,12586,5758,-0.3722,0,0,28,11,12,11,1
1775352072,11,88,0,0,0,0,no_volume,0,0,0,0,no_volume,0,0,0,0,no_volume,0,0,0,70,0,70,12670,5758,-0.3751,84,84,27,11,12,11,1
1775352073,11,88,0,0,0,0,no_volume,0,0,0,0,no_volume,0,0,0,0,no_volume,0,0,0,70,0,70,12670,5758,-0.3751,84,84,27,11,12,11,1
1775352074,11,88,0,0,0,0,no_volume,0,0,0,0,no_volume,0,0,0,0,no_volume,0,0,0,70,0,70,12670,5758,-0.3751,84,84,27,11,12,11,1
1775352075,11,88,0,0,0,0,no_volume,0,0,0,0,no_volume,0,0,0,0,no_volume,0,0,0,70,0,70,12670,6057,-0.3531,0,84,27,11,12,11,1
1775352076,11,88,0,0,0,0,no_volume,0,0,0,0,no_volume,0,0,0,0,no_volume,0,0,0,70,0,70,12650,5797,-0.3715,-20,64,27,11,12,11,1
1775352077,11,88,0,0,0,0,no_volume,0,0,0,0,no_volume,0,0,0,0,no_volume,0,0,0,70,0,70,12650,5797,-0.3715,-20,64,27,11,12,11,1
1775352078,11,88,0,0,0,0,no_volume,0,0,0,0,no_volume,0,0,0,0,no_volume,0,0,0,70,0,70,12650,5797,-0.3715,-20,64,27,11,12,11,1
1775352079,11,88,0,0,0,0,no_volume,0,0,0,0,no_volume,0,0,0,0,no_volume,0,0,0,70,0,70,12650,5797,-0.3715,0,64,27,11,12,11,1
1775352080,11,88,0,0,0,0,no_volume,0,0,0,0,no_volume,0,0,0,0,no_volume,0,0,0,70,0,70,12650,5797,-0.3715,0,64,27,11,12,11,1
1775352081,11,88,0,0,0,0,no_volume,0,0,0,0,no_volume,0,0,0,0,no_volume,0,0,0,70,0,70,12650,5797,-0.3715,0,64,27,11,12,11,1
1775352082,11,88,0,39,0,39,low_activity,0,39,0,39,low_activity,0,39,0,39,low_activity,39,0,39,109,0,109,12611,5797,-0.3702,-39,-59,27,11,12,11,1
1775352083,11,88,0,39,0,39,low_activity,0,39,0,39,low_activity,0,39,0,39,low_activity,0,0,0,109,0,109,12611,5797,-0.3702,-39,-59,27,11,12,11,1
1775352084,11,88,0,39,0,39,low_activity,0,39,0,39,low_activity,0,39,0,39,low_activity,0,0,0,109,0,109,12611,5797,-0.3702,-39,-59,27,11,12,11,1
1775352085,11,88,0,0,0,0,no_volume,0,39,0,39,low_activity,0,39,0,39,low_activity,0,0,0,109,0,109,12613,5797,-0.3702,2,-57,27,11,12,11,1
1775352086,11,88,0,0,0,0,no_volume,0,39,0,39,low_activity,0,39,0,39,low_activity,0,0,0,109,0,109,12713,5857,-0.3692,102,63,27,11,12,11,1
1775352087,11,88,0,0,0,0,no_volume,0,0,0,0,no_volume,0,39,0,39,low_activity,0,0,0,109,0,109,12713,5857,-0.3692,102,63,27,11,12,11,1
1775352088,11,88,0,0,0,0,no_volume,0,0,0,0,no_volume,0,39,0,39,low_activity,0,0,0,109,0,109,12713,5857,-0.3692,100,63,27,11,12,11,1
1775352089,11,88,0,0,0,0,no_volume,0,0,0,0,no_volume,0,39,0,39,low_activity,0,0,0,109,0,109,12713,5857,-0.3692,0,63,27,11,12,11,1
1775352090,11,88,0,0,0,0,no_volume,0,0,0,0,no_volume,0,39,0,39,low_activity,0,0,0,109,0,109,12713,5857,-0.3692,0,63,27,11,12,11,1
1775352091,11,88,0,0,0,0,no_volume,0,0,0,0,no_volume,0,39,0,39,low_activity,0,0,0,109,0,109,12713,5857,-0.3692,0,63,27,11,12,11,1
1775352092,11,88,0,0,0,0,no_volume,0,0,0,0,no_volume,0,39,0,39,low_activity,0,0,0,109,0,109,12713,5857,-0.3692,0,102,27,11,12,11,1
1775352093,11,88,0,156,0,156,low_activity,0,156,0,156,low_activity,0,195,0,195,low_activity,156,0,156,195,0,195,12576,5946,-0.358,-137,-35,27,11,12,11,1
1775352094,11,88,0,156,0,156,low_activity,0,156,0,156,low_activity,0,195,0,195,low_activity,0,0,0,195,0,195,12576,5946,-0.358,-137,-35,27,11,12,11,1
1775352095,11,88,0,156,0,156,low_activity,0,156,0,156,low_activity,0,195,0,195,low_activity,0,0,0,195,0,195,12586,5946,-0.3583,-127,-27,27,11,12,11,1
1775352096,11,88,0,0,0,0,no_volume,0,156,0,156,low_activity,0,195,0,195,low_activity,0,0,0,195,0,195,12674,5996,-0.3577,98,-39,27,11,12,11,1
1775352097,11,88,0,0,0,0,no_volume,0,156,0,156,low_activity,0,195,0,195,low_activity,0,0,0,195,0,195,8470,8176,-0.0177,-4106,-4243,27,11,12,11,1
1775352098,11,88,0,0,0,0,no_volume,0,0,0,0,no_volume,0,195,0,195,low_activity,0,0,0,195,0,195,8280,8036,-0.015,-4306,-4433,27,11,12,11,1
1775352099,11,88,0,0,0,0,no_volume,0,0,0,0,no_volume,0,195,0,195,low_activity,0,0,0,195,0,195,8290,7926,-0.0224,-4384,-4423,28,11,12,11,1
1775352100,11,88,0,0,0,0,no_volume,0,0,0,0,no_volume,0,195,0,195,low_activity,0,0,0,195,0,195,8290,7926,-0.0224,-180,-4423,28,11,12,11,1
1775352101,11,88,0,0,0,0,no_volume,0,0,0,0,no_volume,0,195,0,195,low_activity,0,0,0,195,0,195,10447,5746,-0.2903,2167,-2266,28,11,12,11,1
1775352102,11,88,0,0,0,0,no_volume,0,0,0,0,no_volume,0,195,0,195,low_activity,0,0,0,195,0,195,10447,5996,-0.2707,2157,-2266,28,11,12,11,1
1775352103,11,88,0,0,0,0,no_volume,0,0,0,0,no_volume,0,195,0,195,low_activity,0,0,0,195,0,195,10447,5996,-0.2707,2157,-2129,28,11,12,11,1
1775352104,11,88,0,0,0,0,no_volume,0,0,0,0,no_volume,0,195,0,195,low_activity,0,0,0,195,0,195,10447,5996,-0.2707,0,-2129,28,11,12,11,1
1775352105,11,88,0,0,0,0,no_volume,0,0,0,0,no_volume,0,195,0,195,low_activity,0,0,0,195,0,195,10447,5996,-0.2707,0,-2139,28,11,12,11,1
1775352106,11,88,0,0,0,0,no_volume,0,0,0,0,no_volume,0,195,0,195,low_activity,0,0,0,195,0,195,10357,5946,-0.2706,-90,-2317,28,11,12,11,1
1775352107,11,88,0,0,0,0,no_volume,0,0,0,0,no_volume,0,195,0,195,low_activity,0,0,0,195,0,195,10375,5946,-0.2714,-72,1905,28,11,12,11,1
1775352108,11,88,0,0,0,0,no_volume,0,0,0,0,no_volume,0,195,0,195,low_activity,0,0,0,195,0,195,10465,5996,-0.2715,18,2185,28,11,12,11,1
1775352109,11,88,0,0,0,0,no_volume,0,0,0,0,no_volume,0,195,0,195,low_activity,0,0,0,195,0,195,10249,5996,-0.2618,-108,1959,22,11,12,11,1
1775352110,11,88,0,0,0,0,no_volume,0,0,0,0,no_volume,0,195,0,195,low_activity,0,0,0,195,0,195,8247,8066,-0.0111,-2128,-43,20,11,12,11,1
1775352111,11,88,0,0,0,0,no_volume,0,0,0,0,no_volume,0,195,0,195,low_activity,0,0,0,195,0,195,8304,7816,-0.0303,-2161,-2143,20,11,12,11,1
1775352112,11,88,0,0,0,0,no_volume,0,0,0,0,no_volume,0,156,0,156,low_activity,0,0,0,195,0,195,8174,7816,-0.0224,-2075,-2273,20,11,12,11,1
1775352113,11,88,0,0,0,0,no_volume,0,0,0,0,no_volume,0,156,0,156,low_activity,0,0,0,195,0,195,8180,8066,-0.007,-67,-2267,21,11,12,11,1
1775352114,11,88,0,0,0,0,no_volume,0,0,0,0,no_volume,0,156,0,156,low_activity,0,0,0,195,0,195,8160,8126,-0.0021,-144,-2287,21,11,12,11,1
1775352115,11,88,0,0,0,0,no_volume,0,0,0,0,no_volume,0,156,0,156,low_activity,0,0,0,195,0,195,8230,7876,-0.022,56,-2217,21,11,12,11,1
1775352116,11,87,0,0,0,0,no_volume,0,0,0,0,no_volume,0,156,0,156,low_activity,0,0,0,195,0,195,8046,6927,-0.0747,-134,-2311,20,11,13,11,2
1775352117,11,45,0,0,0,0,no_volume,0,0,0,0,no_volume,0,156,0,156,low_activity,0,0,0,195,0,195,8046,6927,-0.0747,-114,-2329,20,11,55,11,44
1775352118,12,47,0,0,0,0,no_volume,0,0,0,0,no_volume,0,156,0,156,low_activity,0,0,0,195,0,195,8239,6940,-0.0856,9,-2226,22,12,53,12,41
1775352119,12,48,0,0,0,0,no_volume,0,0,0,0,no_volume,0,156,0,156,low_activity,0,0,0,195,0,195,8302,6940,-0.0894,256,-1947,23,12,52,12,40
1775352120,12,50,0,0,0,0,no_volume,0,0,0,0,no_volume,0,156,0,156,low_activity,0,0,0,195,0,195,8360,7000,-0.0885,314,113,25,12,50,12,38
1775352121,12,52,0,0,0,0,no_volume,0,0,0,0,no_volume,0,156,0,156,low_activity,0,0,0,195,0,195,8360,7340,-0.065,121,56,25,12,48,12,36
1775352122,12,55,0,0,0,0,no_volume,0,0,0,0,no_volume,0,156,0,156,low_activity,0,0,0,195,0,195,8322,7344,-0.0624,20,148,24,12,45,12,33
1775352123,12,59,0,0,25,25,low_activity,0,0,25,25,low_activity,0,0,25,25,low_activity,0,25,25,195,25,220,8254,7255,-0.0644,-106,74,23,12,41,12,29
1775352124,12,65,0,0,25,25,low_activity,0,0,25,25,low_activity,0,0,25,25,low_activity,0,0,0,195,25,220,8354,7212,-0.0734,-6,194,25,12,35,12,23
1775352125,11,70,0,0,25,25,low_activity,0,0,25,25,low_activity,0,0,25,25,low_activity,0,0,0,195,25,220,8423,7583,-0.0525,101,193,27,11,30,11,19
1775352126,11,73,0,0,0,0,no_volume,0,0,25,25,low_activity,0,0,25,25,low_activity,0,0,0,195,25,220,8415,7583,-0.052,161,369,26,11,27,11,16
1775352127,11,75,0,0,0,0,no_volume,0,0,25,25,low_activity,0,0,25,25,low_activity,0,0,0,195,25,220,8419,7583,-0.0522,65,373,25,11,25,11,14
1775352128,11,78,0,0,0,0,no_volume,0,0,0,0,no_volume,0,0,25,25,low_activity,0,0,0,195,25,220,8349,7583,-0.0481,-74,110,24,11,22,11,11
1775352129,11,80,0,0,0,0,no_volume,0,0,0,0,no_volume,0,0,25,25,low_activity,0,0,0,195,25,220,8326,7583,-0.0467,-89,24,25,11,20,11,9
1775352130,11,88,0,0,12,12,low_activity,0,0,12,12,low_activity,0,0,37,37,low_activity,0,12,12,195,37,232,8396,7830,-0.0349,-23,36,27,11,12,11,1
1775352131,11,88,0,0,12,12,low_activity,0,0,12,12,low_activity,0,0,37,37,low_activity,0,0,0,195,37,232,8454,7784,-0.0413,105,94,25,11,12,11,1
1775352132,11,88,0,0,12,12,low_activity,0,0,12,12,low_activity,0,0,37,37,low_activity,0,0,0,195,37,232,8354,7784,-0.0353,28,32,24,11,12,11,1
1775352133,11,88,0,0,0,0,no_volume,0,0,12,12,low_activity,0,0,37,37,low_activity,0,0,0,195,37,232,10536,5725,-0.2959,2140,2282,23,11,12,11,1
1775352134,11,88,0,0,0,0,no_volume,0,0,12,12,low_activity,0,0,37,37,low_activity,0,0,0,195,37,232,10536,5725,-0.2959,2082,2182,22,11,12,11,1
1775352135,11,88,0,0,0,0,no_volume,0,0,0,0,no_volume,0,0,37,37,low_activity,0,0,0,195,37,232,10536,5725,-0.2959,2182,2113,22,11,12,11,1
1775352136,11,88,0,0,0,0,no_volume,0,0,0,0,no_volume,0,0,37,37,low_activity,0,0,0,195,37,232,10256,5725,-0.2835,-280,1841,21,11,12,11,1
1775352137,11,88,0,0,0,0,no_volume,0,0,0,0,no_volume,0,0,37,37,low_activity,0,0,0,195,37,232,10256,5725,-0.2835,-280,1837,21,11,12,11,1
1775352138,11,88,0,0,0,0,no_volume,0,0,0,0,no_volume,0,0,37,37,low_activity,0,0,0,195,37,232,10256,5725,-0.2835,-280,1907,21,11,12,11,1
1775352139,11,88,0,0,0,0,no_volume,0,0,0,0,no_volume,0,0,37,37,low_activity,0,0,0,195,37,232,10256,5725,-0.2835,0,1930,21,11,12,11,1
1775352140,10,88,0,0,156,156,low_activity,0,0,156,156,low_activity,0,0,193,193,low_activity,0,156,156,195,193,388,10328,5544,-0.3014,72,1932,20,10,12,10,2
1775352141,10,88,0,19,156,175,low_activity,0,19,156,175,low_activity,0,19,193,212,low_activity,30,0,30,225,193,418,10303,5544,-0.3003,47,1849,20,10,12,10,2
1775352142,10,88,0,19,156,175,low_activity,0,19,156,175,low_activity,0,19,193,212,low_activity,0,0,0,186,193,379,12445,5559,-0.3825,2189,4091,21,10,12,10,2
1775352143,10,88,0,19,0,19,low_activity,0,19,156,175,low_activity,0,19,193,212,low_activity,0,2,2,186,195,381,12445,5557,-0.3826,2117,1909,21,10,12,10,2
1775352144,10,88,0,0,0,0,low_activity,0,19,156,175,low_activity,0,19,193,212,low_activity,0,0,0,186,195,381,12445,5557,-0.3826,2142,1909,21,10,12,10,2
1775352145,10,88,0,0,0,0,low_activity,0,19,0,19,low_activity,0,19,193,212,low_activity,0,0,0,186,195,381,12469,5557,-0.3834,24,1933,21,10,12,10,2
1775352146,10,88,0,0,0,0,no_volume,0,0,0,0,low_activity,0,19,193,212,low_activity,0,0,0,186,195,381,8186,5557,-0.1913,-4259,-2070,21,10,12,10,2
1775352147,10,88,0,0,0,0,no_volume,0,0,0,0,low_activity,0,19,193,212,low_activity,0,0,0,186,195,381,8586,5557,-0.2142,-3859,-1670,22,10,12,10,2
1775352148,10,89,0,0,0,0,no_volume,0,0,0,0,no_volume,0,19,193,212,low_activity,0,0,0,186,195,381,8592,5557,-0.2145,-3877,-1664,23,10,11,10,1
1775352149,10,89,0,0,0,0,no_volume,0,0,0,0,no_volume,0,19,193,212,low_activity,0,0,0,186,195,381,8592,5557,-0.2145,406,-1664,23,10,11,10,1
1775352150,10,89,0,0,0,0,no_volume,0,0,0,0,no_volume,0,19,193,212,low_activity,0,0,0,186,195,381,8592,5557,-0.2145,6,-1736,23,10,11,10,1
1775352151,10,89,0,0,0,0,no_volume,0,0,0,0,no_volume,0,19,193,212,low_activity,0,0,0,186,195,381,8582,5557,-0.2139,-10,-1721,22,10,11,10,1
1775352152,10,89,0,0,0,0,no_volume,0,0,0,0,no_volume,0,19,193,212,low_activity,0,0,0,186,195,381,8582,5557,-0.2139,-10,-3863,22,10,11,10,1
1775352153,10,89,0,0,0,0,no_volume,0,0,0,0,no_volume,0,19,168,187,low_activity,0,0,0,30,195,225,8582,5557,-0.2139,-10,-3863,22,10,11,10,1
1775352154,10,89,0,0,0,0,no_volume,0,0,0,0,no_volume,0,19,168,187,low_activity,0,0,0,30,195,225,8592,5557,-0.2145,10,-3853,22,10,11,10,1
1775352155,10,89,0,0,0,0,no_volume,0,0,0,0,no_volume,0,19,168,187,low_activity,0,0,0,30,195,225,8592,5557,-0.2145,10,-3877,22,10,11,10,1
1775352156,10,89,0,0,0,0,no_volume,0,0,0,0,no_volume,0,19,168,187,low_activity,0,0,0,30,195,225,8592,5557,-0.2145,10,406,22,10,11,10,1
1775352157,10,89,0,0,0,0,no_volume,0,0,0,0,no_volume,0,19,168,187,low_activity,0,0,0,30,195,225,8469,5557,-0.2076,-123,-117,21,10,11,10,1
1775352158,10,89,0,0,0,0,no_volume,0,0,0,0,no_volume,0,19,168,187,low_activity,0,0,0,30,195,225,8469,5557,-0.2076,-123,-123,21,10,11,10,1
1775352159,10,89,0,0,0,0,no_volume,0,0,0,0,no_volume,0,19,168,187,low_activity,0,0,0,30,195,225,8459,5557,-0.207,-133,-133,21,10,11,10,1
1775352160,10,89,0,0,0,0,no_volume,0,0,0,0,no_volume,0,19,156,175,low_activity,0,0,0,30,195,225,8469,5557,-0.2076,0,-123,21,10,11,10,1
1775352161,10,89,0,0,0,0,no_volume,0,0,0,0,no_volume,0,19,156,175,low_activity,0,0,0,30,195,225,8469,5557,-0.2076,0,-113,21,10,11,10,1
1775352162,10,89,0,0,0,0,no_volume,0,0,0,0,no_volume,0,19,156,175,low_activity,0,0,0,30,195,225,8469,5557,-0.2076,10,-113,21,10,11,10,1
1775352163,10,89,0,0,0,0,no_volume,0,0,0,0,no_volume,0,19,156,175,low_activity,0,0,0,30,195,225,8469,5557,-0.2076,0,-113,21,10,11,10,1
1775352164,10,89,0,0,0,0,no_volume,0,0,0,0,no_volume,0,19,156,175,low_activity,0,0,0,30,195,225,8469,5557,-0.2076,0,-123,21,10,11,10,1
1775352165,10,89,0,0,0,0,no_volume,0,0,0,0,no_volume,0,19,156,175,low_activity,0,0,0,30,195,225,8469,5557,-0.2076,0,-123,21,10,11,10,1
1775352166,10,89,0,0,0,0,no_volume,0,0,0,0,no_volume,0,19,156,175,low_activity,0,0,0,30,195,225,8469,5557,-0.2076,0,-123,21,10,11,10,1
1775352167,10,89,0,0,0,0,no_volume,0,0,0,0,no_volume,0,19,156,175,low_activity,0,0,0,30,195,225,8469,5557,-0.2076,0,0,21,10,11,10,1
1775352168,10,89,0,0,0,0,no_volume,0,0,0,0,no_volume,0,19,156,175,low_activity,0,0,0,30,195,225,8450,5557,-0.2065,-19,-19,21,10,11,10,1
1775352169,10,89,0,0,0,0,no_volume,0,0,0,0,no_volume,0,19,156,175,low_activity,0,0,0,30,195,225,8450,5557,-0.2065,-19,-9,21,10,11,10,1
1775352170,10,89,0,0,0,0,no_volume,0,0,0,0,no_volume,0,19,0,19,low_activity,0,0,0,30,195,225,8450,5557,-0.2065,-19,-19,21,10,11,10,1
1775352171,10,89,0,0,0,0,no_volume,0,0,0,0,no_volume,0,0,0,0,low_activity,0,0,0,30,195,225,8450,5557,-0.2065,0,-19,21,10,11,10,1
1775352172,10,89,0,0,0,0,no_volume,0,0,0,0,no_volume,0,0,0,0,low_activity,0,0,0,30,195,225,8450,5557,-0.2065,0,-19,21,10,11,10,1
1775352173,10,89,0,0,0,0,no_volume,0,0,0,0,no_volume,0,0,0,0,no_volume,0,0,0,30,195,225,8450,5557,-0.2065,0,-19,21,10,11,10,1
1775352174,10,89,0,0,0,0,no_volume,0,0,0,0,no_volume,0,0,0,0,no_volume,0,0,0,30,195,225,8450,5557,-0.2065,0,-19,21,10,11,10,1
1775352175,10,89,0,0,0,0,no_volume,0,0,0,0,no_volume,0,0,0,0,no_volume,0,0,0,30,195,225,8420,5557,-0.2048,-30,-49,21,10,11,10,1
1775352176,10,89,0,0,0,0,no_volume,0,0,0,0,no_volume,0,0,0,0,no_volume,0,0,0,30,195,225,8420,5627,-0.1988,-30,-49,21,10,11,10,1
1775352177,10,89,0,0,0,0,no_volume,0,0,0,0,no_volume,0,0,0,0,no_volume,0,0,0,30,195,225,8420,5627,-0.1988,-30,-49,21,10,11,10,1
1775352178,10,89,0,0,0,0,no_volume,0,0,0,0,no_volume,0,0,0,0,no_volume,0,0,0,30,195,225,8420,5627,-0.1988,0,-30,21,10,11,10,1
1775352179,10,89,0,0,0,0,no_volume,0,0,0,0,no_volume,0,0,0,0,no_volume,0,0,0,30,195,225,8420,5627,-0.1988,0,-30,21,10,11,10,1
1775352180,10,89,0,0,0,0,no_volume,0,0,0,0,no_volume,0,0,0,0,no_volume,0,0,0,30,195,225,8420,5627,-0.1988,0,-30,21,10,11,10,1
1775352181,10,89,0,0,0,0,no_volume,0,0,0,0,no_volume,0,0,0,0,no_volume,0,0,0,30,195,225,8420,5627,-0.1988,0,-30,21,10,11,10,1
1775352182,10,89,0,0,0,0,no_volume,0,0,0,0,no_volume,0,0,0,0,no_volume,0,0,0,30,195,225,8480,5557,-0.2082,60,30,22,10,11,10,1
1775352183,10,89,0,0,0,0,no_volume,0,0,0,0,no_volume,0,0,0,0,no_volume,0,0,0,30,170,200,8480,5557,-0.2082,60,30,22,10,11,10,1
1775352184,10,89,0,0,0,0,no_volume,0,0,0,0,no_volume,0,0,0,0,no_volume,0,0,0,30,170,200,8445,5645,-0.1987,25,-5,23,10,11,10,1
1775352185,10,89,0,0,0,0,no_volume,0,0,0,0,no_volume,0,0,0,0,no_volume,0,0,0,30,170,200,8445,5645,-0.1987,-35,25,23,10,11,10,1
1775352186,10,89,0,0,0,0,no_volume,0,0,0,0,no_volume,0,0,0,0,no_volume,0,0,0,30,170,200,8545,5585,-0.2095,65,125,24,10,11,10,1
1775352187,10,89,0,0,0,0,no_volume,0,0,0,0,no_volume,0,0,0,0,no_volume,0,0,0,30,170,200,8545,5585,-0.2095,100,125,24,10,11,10,1
1775352188,10,89,0,0,0,0,no_volume,0,0,0,0,no_volume,0,0,0,0,no_volume,0,0,0,30,170,200,8545,5585,-0.2095,100,125,24,10,11,10,1
1775352189,10,89,0,0,0,0,no_volume,0,0,0,0,no_volume,0,0,0,0,no_volume,0,0,0,30,170,200,8545,5585,-0.2095,0,125,24,10,11,10,1
1775352190,10,89,0,0,0,0,no_volume,0,0,0,0,no_volume,0,0,0,0,no_volume,0,0,0,30,158,188,8545,5585,-0.2095,0,125,24,10,11,10,1
1775352191,10,89,0,0,0,0,no_volume,0,0,0,0,no_volume,0,0,0,0,no_volume,0,0,0,30,158,188,8545,5585,-0.2095,0,125,24,10,11,10,1
1775352192,10,89,0,0,0,0,no_volume,0,0,0,0,no_volume,0,0,0,0,no_volume,0,0,0,30,158,188,8545,5585,-0.2095,0,65,24,10,11,10,1
1775352193,10,89,0,0,0,0,no_volume,0,0,0,0,no_volume,0,0,0,0,no_volume,0,0,0,30,158,188,8545,5585,-0.2095,0,65,24,10,11,10,1
1775352194,10,89,0,0,0,0,no_volume,0,0,0,0,no_volume,0,0,0,0,no_volume,0,0,0,30,158,188,8515,5585,-0.2078,-30,70,23,10,11,10,1
1775352195,10,89,0,0,0,0,no_volume,0,0,0,0,no_volume,0,0,0,0,no_volume,0,0,0,30,158,188,8515,5585,-0.2078,-30,70,23,10,11,10,1
1775352196,10,89,0,0,0,0,no_volume,0,0,0,0,no_volume,0,0,0,0,no_volume,0,0,0,30,158,188,10614,7673,-0.1608,2069,2069,23,10,11,10,1
1775352197,10,89,0,0,0,0,no_volume,0,0,0,0,no_volume,0,0,0,0,no_volume,0,0,0,30,158,188,10244,7673,-0.1435,1729,1699,22,10,11,10,1
1775352198,10,89,0,0,0,0,no_volume,0,0,0,0,no_volume,0,0,0,0,no_volume,0,0,0,30,158,188,10624,7673,-0.1613,2109,2079,22,10,11,10,1
1775352199,10,89,0,0,0,0,no_volume,0,0,0,0,no_volume,0,0,0,0,no_volume,0,0,0,30,158,188,10644,5640,-0.3073,30,2099,22,10,11,10,1
1775352200,10,89,0,0,0,0,no_volume,0,0,0,0,no_volume,0,0,0,0,no_volume,0,0,0,30,2,32,10644,5640,-0.3073,400,2099,22,10,11,10,1
1775352201,10,89,0,0,0,0,no_volume,0,0,0,0,no_volume,0,0,0,0,no_volume,0,0,0,0,2,2,10644,5640,-0.3073,20,2099,22,10,11,10,1
1775352202,10,89,0,0,14,14,low_activity,0,0,14,14,low_activity,0,0,14,14,low_activity,0,14,14,0,16,16,10584,5626,-0.3059,-60,2039,21,10,11,10,1
1775352203,10,89,0,0,14,14,low_activity,0,0,14,14,low_activity,0,0,14,14,low_activity,0,0,0,0,14,14,10584,5626,-0.3059,-60,2039,21,10,11,10,1
1775352204,9,89,0,0,14,14,low_activity,0,0,14,14,low_activity,0,0,14,14,low_activity,0,0,0,0,14,14,10584,5637,-0.305,-60,2069,21,9,11,9,2
1775352205,10,89,0,0,0,0,no_volume,0,0,14,14,low_activity,0,0,14,14,low_activity,0,0,0,0,14,14,12724,5824,-0.372,2140,4209,21,10,11,10,1
1775352206,10,89,0,0,0,0,no_volume,0,0,14,14,low_activity,0,0,14,14,low_activity,0,0,0,0,14,14,12324,5789,-0.3608,1740,1710,21,10,11,10,1
1775352207,10,89,0,0,0,0,no_volume,0,0,0,0,no_volume,0,0,14,14,low_activity,0,0,0,0,14,14,12327,4167,-0.4947,1743,2083,21,10,11,10,1
1775352208,10,89,0,0,0,0,no_volume,0,0,0,0,no_volume,0,0,14,14,low_activity,0,0,0,0,14,14,12336,4114,-0.4998,-388,1712,20,10,11,10,1
1775352209,10,89,0,0,0,0,no_volume,0,0,0,0,no_volume,0,0,14,14,low_activity,0,0,0,0,14,14,8014,4149,-0.3178,-4310,-2630,21,10,11,10,1
1775352210,10,89,0,0,0,0,no_volume,0,0,0,0,no_volume,0,0,14,14,low_activity,0,0,0,0,14,14,8224,4127,-0.3317,-4103,-2420,22,10,11,10,1
1775352211,10,89,0,0,0,0,no_volume,0,0,0,0,no_volume,0,0,14,14,low_activity,0,0,0,0,14,14,8226,3874,-0.3597,-4110,-2418,22,10,11,10,1
1775352212,10,89,0,0,0,0,no_volume,0,0,0,0,no_volume,0,0,14,14,low_activity,0,0,0,0,14,14,8226,3724,-0.3767,212,-2358,22,10,11,10,1
1775352213,10,89,0,0,0,0,no_volume,0,0,0,0,no_volume,0,0,14,14,low_activity,0,0,0,0,14,14,12473,3973,-0.5168,4249,1889,22,10,11,10,1
1775352214,10,89,0,0,0,0,no_volume,0,0,0,0,no_volume,0,0,14,14,low_activity,0,0,0,0,14,14,12473,3973,-0.5168,4247,1889,22,10,11,10,1
1775352215,10,89,0,0,0,0,no_volume,0,0,0,0,no_volume,0,0,14,14,low_activity,0,0,0,0,14,14,12263,6098,-0.3358,4037,-461,21,10,11,10,1
1775352216,10,89,0,0,0,0,no_volume,0,0,0,0,no_volume,0,0,14,14,low_activity,0,0,0,0,14,14,12263,6098,-0.3358,-210,-61,21,10,11,10,1
1775352217,10,89,0,0,0,0,no_volume,0,0,0,0,no_volume,0,0,14,14,low_activity,0,0,0,0,14,14,12263,6098,-0.3358,-210,-64,21,10,11,10,1
1775352218,10,89,0,0,0,0,no_volume,0,0,0,0,no_volume,0,0,14,14,low_activity,0,0,0,0,14,14,12323,5848,-0.3563,60,-13,20,10,11,10,1
1775352219,9,89,0,0,255,255,low_activity,0,0,255,255,low_activity,0,0,269,269,low_activity,0,255,255,0,269,269,12323,5593,-0.3756,60,4309,20,9,11,9,2
1775352220,9,89,0,0,255,255,low_activity,0,0,255,255,low_activity,0,0,269,269,low_activity,0,0,0,0,269,269,12323,5593,-0.3756,60,4099,20,9,11,9,2
1775352221,9,89,0,0,255,255,low_activity,0,0,255,255,low_activity,0,0,269,269,low_activity,0,0,0,0,269,269,12323,5593,-0.3756,0,4097,20,9,11,9,2
1775352222,9,89,0,0,0,0,no_volume,0,0,255,255,low_activity,0,0,269,269,low_activity,0,0,0,0,269,269,10132,5576,-0.29,-2191,1906,19,9,11,9,2
1775352223,9,89,0,0,0,0,no_volume,0,0,255,255,low_activity,0,0,269,269,low_activity,0,0,0,0,269,269,10353,5609,-0.2972,-1970,-2120,19,9,11,9,2
1775352224,9,89,0,0,0,0,no_volume,0,0,0,0,no_volume,0,0,269,269,low_activity,0,0,0,0,269,269,10653,5609,-0.3102,-1670,-1820,19,9,11,9,2
1775352225,9,89,0,0,0,0,no_volume,0,0,0,0,no_volume,0,0,269,269,low_activity,0,0,0,0,269,269,10653,5609,-0.3102,521,-1610,19,9,11,9,2
1775352226,9,89,0,0,0,0,no_volume,0,0,0,0,no_volume,0,0,269,269,low_activity,0,0,0,0,269,269,10653,5609,-0.3102,300,-1610,19,9,11,9,2
1775352227,9,89,0,0,0,0,no_volume,0,0,0,0,no_volume,0,0,269,269,low_activity,0,0,0,0,269,269,10653,5609,-0.3102,0,-1610,19,9,11,9,2
1775352228,9,89,0,0,0,0,no_volume,0,0,0,0,no_volume,0,0,269,269,low_activity,0,0,0,0,269,269,10653,5609,-0.3102,0,-1670,19,9,11,9,2
1775352229,9,89,0,0,0,0,no_volume,0,0,0,0,no_volume,0,0,269,269,low_activity,0,0,0,0,269,269,10653,5609,-0.3102,0,-1670,19,9,11,9,2
1775352230,9,89,0,0,0,0,no_volume,0,0,0,0,no_volume,0,0,269,269,low_activity,0,0,0,0,269,269,10653,5609,-0.3102,0,-1670,19,9,11,9,2
1775352231,9,89,0,0,0,0,no_volume,0,0,0,0,no_volume,0,0,269,269,low_activity,0,0,0,0,269,269,10653,5609,-0.3102,0,-1670,19,9,11,9,2
1775352232,9,89,0,0,0,0,no_volume,0,0,0,0,no_volume,0,0,255,255,low_activity,0,0,0,0,269,269,10653,5609,-0.3102,0,521,19,9,11,9,2
1775352233,9,89,0,0,0,0,no_volume,0,0,0,0,no_volume,0,0,255,255,low_activity,0,0,0,0,269,269,10653,5609,-0.3102,0,300,19,9,11,9,2
1775352234,9,89,0,0,0,0,no_volume,0,0,0,0,no_volume,0,0,255,255,low_activity,0,0,0,0,269,269,10677,5633,-0.3093,24,24,19,9,11,9,2
1775352235,9,89,0,0,0,0,no_volume,0,0,0,0,no_volume,0,0,255,255,low_activity,0,0,0,0,269,269,10677,5633,-0.3093,24,24,19,9,11,9,2
1775352236,9,89,0,0,0,0,no_volume,0,0,0,0,no_volume,0,0,255,255,low_activity,0,0,0,0,269,269,10677,5633,-0.3093,24,24,19,9,11,9,2
1775352237,9,89,0,0,0,0,no_volume,0,0,0,0,no_volume,0,0,255,255,low_activity,0,0,0,0,269,269,10737,5633,-0.3118,60,84,20,9,11,9,2
1775352238,9,89,0,0,0,0,no_volume,0,0,0,0,no_volume,0,0,255,255,low_activity,0,0,0,0,269,269,10737,5633,-0.3118,60,84,20,9,11,9,2
1775352239,9,89,0,0,0,0,no_volume,0,0,0,0,no_volume,0,0,255,255,low_activity,0,0,0,0,269,269,10737,5633,-0.3118,60,84,20,9,11,9,2
1775352240,9,89,0,0,0,0,no_volume,0,0,0,0,no_volume,0,0,255,255,low_activity,0,0,0,0,269,269,10737,5633,-0.3118,0,84,20,9,11,9,2
1775352241,9,89,0,0,0,0,no_volume,0,0,0,0,no_volume,0,0,255,255,low_activity,0,0,0,0,269,269,10737,5633,-0.3118,0,84,20,9,11,9,2
1775352242,9,89,0,0,0,0,no_volume,0,0,0,0,no_volume,0,0,255,255,low_activity,0,0,0,0,269,269,10737,5633,-0.3118,0,84,20,9,11,9,2
1775352243,9,89,0,0,0,0,no_volume,0,0,0,0,no_volume,0,0,255,255,low_activity,0,0,0,0,269,269,12791,5633,-0.3885,2054,2138,20,9,11,9,2
1775352244,9,89,0,0,0,0,no_volume,0,0,0,0,no_volume,0,0,255,255,low_activity,0,0,0,0,269,269,12791,5633,-0.3885,2054,2114,20,9,11,9,2
1775352245,9,89,0,0,0,0,no_volume,0,0,0,0,no_volume,0,0,255,255,low_activity,0,0,0,0,269,269,12641,5633,-0.3835,1904,1964,20,9,11,9,2
1775352246,9,89,0,0,0,0,no_volume,0,0,0,0,no_volume,0,0,255,255,low_activity,0,0,0,0,269,269,12581,5693,-0.3769,-210,1904,20,9,11,9,2
1775352247,9,89,0,0,0,0,no_volume,0,0,0,0,no_volume,0,0,255,255,low_activity,0,0,0,0,269,269,12581,5693,-0.3769,-210,1844,20,9,11,9,2
1775352248,9,89,0,0,0,0,no_volume,0,0,0,0,no_volume,0,0,255,255,low_activity,0,0,0,0,269,269,12581,5693,-0.3769,-60,1844,20,9,11,9,2
1775352249,9,89,0,0,0,0,no_volume,0,0,0,0,no_volume,0,0,0,0,no_volume,0,0,0,0,269,269,12581,5693,-0.3769,0,1844,20,9,11,9,2
1775352250,9,89,0,0,0,0,no_volume,0,0,0,0,no_volume,0,0,0,0,no_volume,0,0,0,0,269,269,12581,5693,-0.3769,0,1844,20,9,11,9,2
1775352251,9,89,0,0,0,0,no_volume,0,0,0,0,no_volume,0,0,0,0,no_volume,0,0,0,0,269,269,12581,7749,-0.2377,0,1844,20,9,11,9,2
1775352252,9,89,0,0,0,0,no_volume,0,0,0,0,no_volume,0,0,0,0,no_volume,0,0,0,0,269,269,12581,7720,-0.2394,0,1844,20,9,11,9,2
1775352253,9,89,0,0,0,0,no_volume,0,0,0,0,no_volume,0,0,0,0,no_volume,0,0,0,0,269,269,12581,5511,-0.3908,0,-210,20,9,11,9,2
1775352254,9,89,0,0,0,0,no_volume,0,0,0,0,no_volume,0,0,0,0,no_volume,0,0,0,0,269,269,12581,5539,-0.3886,0,-210,20,9,11,9,2
1775352255,9,89,0,0,0,0,no_volume,0,0,0,0,no_volume,0,0,0,0,no_volume,0,0,0,0,269,269,12575,5539,-0.3884,-6,-66,20,9,11,9,2
1775352256,9,89,0,0,0,0,no_volume,0,0,0,0,no_volume,0,0,0,0,no_volume,0,0,0,0,269,269,12575,5539,-0.3884,-6,-6,20,9,11,9,2
1775352257,9,89,0,0,0,0,no_volume,0,0,0,0,no_volume,0,0,0,0,no_volume,0,0,0,0,269,269,12575,5539,-0.3884,-6,-6,20,9,11,9,2
1775352258,9,89,0,0,0,0,no_volume,0,0,0,0,no_volume,0,0,0,0,no_volume,0,0,0,0,269,269,12575,5539,-0.3884,0,-6,20,9,11,9,2
1775352259,9,89,0,0,0,0,no_volume,0,0,0,0,no_volume,0,0,0,0,no_volume,0,0,0,0,269,269,12575,3286,-0.5857,0,-6,20,9,11,9,2
1775352260,9,90,0,0,0,0,no_volume,0,0,0,0,no_volume,0,0,0,0,no_volume,0,0,0,0,269,269,12501,3286,-0.5837,-74,-80,20,9,10,9,1
1775352261,9,90,0,0,0,0,no_volume,0,0,0,0,no_volume,0,0,0,0,no_volume,0,0,0,0,269,269,12545,3688,-0.5456,-30,-36,20,9,10,9,1
1775352262,9,90,0,0,0,0,no_volume,0,0,0,0,no_volume,0,0,0,0,no_volume,0,0,0,0,255,255,12764,3688,-0.5517,189,183,20,9,10,9,1
1775352263,9,90,0,0,0,0,no_volume,0,0,0,0,no_volume,0,0,0,0,no_volume,0,0,0,0,255,255,12764,3688,-0.5517,263,183,20,9,10,9,1
1775352264,9,90,0,0,0,0,no_volume,0,0,0,0,no_volume,0,0,0,0,no_volume,0,0,0,0,255,255,12792,3990,-0.5245,247,211,20,9,10,9,1
1775352265,9,90,0,0,0,0,no_volume,0,0,0,0,no_volume,0,0,0,0,no_volume,0,0,0,0,255,255,12792,3990,-0.5245,28,217,20,9,10,9,1
1775352266,9,90,0,0,0,0,no_volume,0,0,0,0,no_volume,0,0,0,0,no_volume,0,0,0,0,255,255,12792,3990,-0.5245,28,217,20,9,10,9,1
1775352267,9,90,0,0,0,0,no_volume,0,0,0,0,no_volume,0,0,0,0,no_volume,0,0,0,0,255,255,12792,3990,-0.5245,0,217,20,9,10,9,1
1775352268,9,90,0,0,0,0,no_volume,0,0,0,0,no_volume,0,0,0,0,no_volume,0,0,0,0,255,255,12820,3990,-0.5253,28,245,20,9,10,9,1
1775352269,9,90,0,0,0,0,no_volume,0,0,0,0,no_volume,0,0,0,0,no_volume,0,0,0,0,255,255,12820,6033,-0.36,28,245,20,9,10,9,1
1775352270,9,90,0,0,0,0,no_volume,0,0,0,0,no_volume,0,0,0,0,no_volume,0,0,0,0,255,255,12820,5553,-0.3955,28,319,20,9,10,9,1
1775352271,9,90,0,0,0,0,no_volume,0,0,0,0,no_volume,0,0,0,0,no_volume,0,0,0,0,255,255,12810,5553,-0.3952,-10,265,20,9,10,9,1
1775352272,9,90,0,0,0,0,no_volume,0,0,0,0,no_volume,0,0,0,0,no_volume,0,0,0,0,255,255,12880,5553,-0.3975,60,116,20,9,10,9,1
1775352273,9,90,0,0,0,0,no_volume,0,0,0,0,no_volume,0,0,0,0,no_volume,0,0,0,0,255,255,12880,5581,-0.3954,60,116,20,9,10,9,1
1775352274,9,90,0,0,0,0,no_volume,0,0,0,0,no_volume,0,0,0,0,no_volume,0,0,0,0,255,255,12880,5581,-0.3954,70,88,20,9,10,9,1
1775352275,9,90,0,0,0,0,no_volume,0,0,0,0,no_volume,0,0,0,0,no_volume,0,0,0,0,255,255,12880,5581,-0.3954,0,88,20,9,10,9,1
1775352276,9,90,0,0,0,0,no_volume,0,0,0,0,no_volume,0,0,0,0,no_volume,0,0,0,0,255,255,12880,5581,-0.3954,0,88,20,9,10,9,1
1775352277,9,90,0,0,0,0,no_volume,0,0,0,0,no_volume,0,0,0,0,no_volume,0,0,0,0,255,255,12880,5581,-0.3954,0,88,20,9,10,9,1
1775352278,9,90,0,0,0,0,no_volume,0,0,0,0,no_volume,0,0,0,0,no_volume,0,0,0,0,255,255,12890,5581,-0.3957,10,70,20,9,10,9,1
1775352279,9,90,0,0,0,0,no_volume,0,0,0,0,no_volume,0,0,0,0,no_volume,0,0,0,0,0,0,12890,5581,-0.3957,10,70,20,9,10,9,1
1775352280,9,90,0,0,0,0,no_volume,0,0,0,0,no_volume,0,0,0,0,no_volume,0,0,0,0,0,0,12890,5581,-0.3957,10,70,20,9,10,9,1
1775352281,8,91,0,0,12,12,low_activity,0,0,12,12,low_activity,0,0,12,12,low_activity,0,12,12,0,12,12,12918,5569,-0.3975,28,108,21,8,9,8,1
1775352282,8,91,0,0,12,12,low_activity,0,0,12,12,low_activity,0,0,12,12,low_activity,0,0,0,0,12,12,12918,5569,-0.3975,28,38,21,8,9,8,1
1775352283,8,91,0,0,12,12,low_activity,0,0,12,12,low_activity,0,0,12,12,low_activity,0,0,0,0,12,12,12896,5541,-0.3989,6,16,20,8,9,8,1
1775352284,8,91,0,0,0,0,no_volume,0,0,12,12,low_activity,0,0,12,12,low_activity,0,0,0,0,12,12,12942,5548,-0.3999,24,62,20,8,9,8,1
1775352285,8,91,0,0,0,0,no_volume,0,0,12,12,low_activity,0,0,12,12,low_activity,0,0,0,0,12,12,12932,5548,-0.3996,14,52,20,8,9,8,1
1775352286,8,91,0,0,0,0,no_volume,0,0,0,0,no_volume,0,0,12,12,low_activity,0,0,0,0,12,12,12932,5548,-0.3996,36,52,20,8,9,8,1
1775352287,8,91,0,0,0,0,no_volume,0,0,0,0,no_volume,0,0,12,12,low_activity,0,0,0,0,12,12,12932,5548,-0.3996,-10,52,20,8,9,8,1
1775352288,8,91,0,0,0,0,no_volume,0,0,0,0,no_volume,0,0,12,12,low_activity,0,0,0,0,12,12,12932,5548,-0.3996,0,42,20,8,9,8,1
1775352289,8,91,0,0,0,0,no_volume,0,0,0,0,no_volume,0,0,12,12,low_activity,0,0,0,0,12,12,12922,5548,-0.3992,-10,32,20,8,9,8,1
1775352290,8,91,0,0,0,0,no_volume,0,0,0,0,no_volume,0,0,12,12,low_activity,0,0,0,0,12,12,12922,5548,-0.3992,-10,32,20,8,9,8,1
1775352291,8,91,0,0,0,0,no_volume,0,0,0,0,no_volume,0,0,12,12,low_activity,0,0,0,0,12,12,12922,5548,-0.3992,-10,4,20,8,9,8,1
1775352292,8,91,0,0,0,0,no_volume,0,0,0,0,no_volume,0,0,12,12,low_activity,0,0,0,0,12,12,8673,7548,-0.0694,-4249,-4245,19,8,9,8,1
1775352293,8,91,0,0,0,0,no_volume,0,0,0,0,no_volume,0,0,12,12,low_activity,0,0,0,0,12,12,8673,7573,-0.0677,-4249,-4223,19,8,9,8,1
1775352294,8,91,0,0,0,0,no_volume,0,0,0,0,no_volume,0,0,12,12,low_activity,0,0,0,0,12,12,8673,7583,-0.0671,-4249,-4269,19,8,9,8,1
1775352295,8,91,0,0,0,0,no_volume,0,0,0,0,no_volume,0,0,12,12,low_activity,0,0,0,0,12,12,8673,7583,-0.0671,0,-4259,19,8,9,8,1
1775352296,8,91,0,0,0,0,no_volume,0,0,0,0,no_volume,0,0,12,12,low_activity,0,0,0,0,12,12,8673,7583,-0.0671,0,-4259,19,8,9,8,1
1775352297,8,91,0,0,0,0,no_volume,0,0,0,0,no_volume,0,0,12,12,low_activity,0,0,0,0,12,12,8741,7609,-0.0692,68,-4191,20,8,9,8,1
1775352298,8,91,0,0,0,0,no_volume,0,0,0,0,no_volume,0,0,12,12,low_activity,0,0,0,0,12,12,8746,3943,-0.3785,73,-4186,21,8,9,8,1
1775352299,8,91,0,0,0,0,no_volume,0,0,0,0,no_volume,0,0,12,12,low_activity,0,0,0,0,12,12,8621,2959,-0.4889,-52,-4301,20,8,9,8,1
1775352300,8,91,0,0,0,0,no_volume,0,0,0,0,no_volume,0,0,12,12,low_activity,0,0,0,0,12,12,8621,2959,-0.4889,-120,-4301,20,8,9,8,1
1775352301,8,91,0,0,0,0,no_volume,0,0,0,0,no_volume,0,0,12,12,low_activity,0,0,0,0,12,12,8621,2959,-0.4889,-125,-4301,20,8,9,8,1
1775352302,8,91,0,0,0,0,no_volume,0,0,0,0,no_volume,0,0,12,12,low_activity,0,0,0,0,12,12,8621,2959,-0.4889,0,-52,20,8,9,8,1
1775352303,8,91,0,0,0,0,no_volume,0,0,0,0,no_volume,0,0,12,12,low_activity,0,0,0,0,12,12,8650,3280,-0.4501,29,-23,20,8,9,8,1
1775352304,7,91,0,0,0,0,low_activity,0,0,0,0,low_activity,0,0,12,12,low_activity,0,17,17,0,29,29,8667,3275,-0.4515,46,-6,20,7,9,7,2
1775352305,7,91,0,264,0,264,low_activity,0,264,0,264,low_activity,0,264,12,276,low_activity,264,0,264,264,29,293,8477,3300,-0.4396,-144,-196,20,7,9,7,2
1775352306,7,90,0,281,0,281,low_activity,0,281,0,281,low_activity,0,281,12,293,low_activity,25,0,25,289,29,318,8470,3653,-0.3973,-180,-203,19,7,10,7,3
1775352307,7,90,0,281,0,281,low_activity,0,281,0,281,low_activity,0,281,12,293,low_activity,0,0,0,289,29,318,8485,3653,-0.3981,-182,-256,19,7,10,7,3
1775352308,7,90,0,17,0,17,low_activity,0,281,0,281,low_activity,0,281,12,293,low_activity,0,0,0,289,29,318,8485,3653,-0.3981,8,-261,19,7,10,7,3
1775352309,7,90,0,0,0,0,no_volume,0,281,0,281,low_activity,0,281,12,293,low_activity,0,0,0,289,29,318,8495,3653,-0.3986,25,-126,19,7,10,7,3
1775352310,7,90,0,0,0,0,no_volume,0,17,0,17,low_activity,0,281,12,293,low_activity,0,0,0,289,29,318,8495,3596,-0.4052,10,-126,19,7,10,7,3
1775352311,7,90,0,0,0,0,no_volume,0,0,0,0,no_volume,0,281,0,281,low_activity,0,0,0,289,29,318,8495,3596,-0.4052,10,-126,19,7,10,7,3
1775352312,7,90,0,0,0,0,low_activity,0,0,0,0,low_activity,0,281,0,281,low_activity,9,0,9,298,29,327,8485,3596,-0.4047,-10,-136,19,7,10,7,3
1775352313,7,91,0,0,0,0,low_activity,0,0,0,0,low_activity,0,281,0,281,low_activity,0,0,0,298,29,327,8488,3596,-0.4048,-7,-162,20,7,9,7,2
1775352314,7,91,0,0,0,0,low_activity,0,0,0,0,low_activity,0,281,0,281,low_activity,0,0,0,298,29,327,8488,3596,-0.4048,-7,-179,20,7,9,7,2
1775352315,7,91,0,0,0,0,no_volume,0,0,0,0,low_activity,0,281,0,281,low_activity,0,0,0,298,29,327,8488,3596,-0.4048,3,11,20,7,9,7,2
1775352316,7,91,0,0,0,0,no_volume,0,0,0,0,low_activity,0,281,0,281,low_activity,0,0,0,298,29,327,8488,3596,-0.4048,0,18,20,7,9,7,2
1775352317,7,91,0,0,0,0,no_volume,0,0,0,0,no_volume,0,281,0,281,low_activity,0,0,0,298,29,327,8488,3596,-0.4048,0,3,20,7,9,7,2
1775352318,7,91,0,0,0,0,no_volume,0,0,0,0,no_volume,0,281,0,281,low_activity,0,0,0,298,29,327,8488,3596,-0.4048,0,3,20,7,9,7,2
1775352319,7,91,0,0,0,0,no_volume,0,0,0,0,no_volume,0,281,0,281,low_activity,0,0,0,298,29,327,8488,3596,-0.4048,0,-7,20,7,9,7,2
1775352320,7,91,0,0,0,0,no_volume,0,0,0,0,no_volume,0,281,0,281,low_activity,0,0,0,298,29,327,8488,3596,-0.4048,0,-7,20,7,9,7,2
1775352321,7,90,0,19,0,19,low_activity,0,19,0,19,low_activity,0,300,0,300,low_activity,22,0,22,320,29,349,8433,3596,-0.4021,-55,-62,19,7,10,7,3
1775352322,7,90,0,19,0,19,low_activity,0,19,0,19,low_activity,0,300,0,300,low_activity,0,0,0,320,29,349,8433,3596,-0.4021,-55,-52,19,7,10,7,3
1775352323,7,90,0,19,0,19,low_activity,0,19,0,19,low_activity,0,300,0,300,low_activity,0,0,0,320,29,349,8472,3596,-0.404,-16,-16,19,7,10,7,3
1775352324,7,90,0,0,0,0,no_volume,0,19,0,19,low_activity,0,300,0,300,low_activity,0,0,0,320,29,349,8472,3596,-0.404,39,-16,19,7,10,7,3
1775352325,7,90,0,0,0,0,no_volume,0,19,0,19,low_activity,0,300,0,300,low_activity,0,0,0,320,29,349,8472,3656,-0.3971,39,-16,19,7,10,7,3
1775352326,7,90,0,0,0,0,no_volume,0,0,0,0,no_volume,0,300,0,300,low_activity,0,0,0,320,29,349,8472,3656,-0.3971,0,-16,19,7,10,7,3
1775352327,7,90,0,0,0,0,no_volume,0,0,0,0,no_volume,0,300,0,300,low_activity,0,0,0,320,29,349,8472,3656,-0.3971,0,-16,19,7,10,7,3
1775352328,7,90,0,0,0,0,no_volume,0,0,0,0,no_volume,0,300,0,300,low_activity,0,0,0,320,29,349,8472,3656,-0.3971,0,-16,19,7,10,7,3
1775352329,7,90,0,0,0,0,low_activity,0,0,0,0,low_activity,0,300,0,300,low_activity,8,0,8,328,29,357,8464,3656,-0.3967,-8,-24,19,7,10,7,3
1775352330,7,90,0,0,0,0,low_activity,0,0,0,0,low_activity,0,300,0,300,low_activity,0,0,0,328,29,357,8462,3656,-0.3966,-10,-26,19,7,10,7,3
1775352331,7,90,0,0,0,0,low_activity,0,0,0,0,low_activity,0,300,0,300,low_activity,0,0,0,328,29,357,8488,3656,-0.3979,16,55,20,7,10,7,3
1775352332,7,90,0,0,0,0,no_volume,0,0,0,0,low_activity,0,300,0,300,low_activity,0,0,0,328,29,357,8488,3656,-0.3979,24,55,20,7,10,7,3
1775352333,7,90,0,0,0,0,no_volume,0,0,0,0,low_activity,0,300,0,300,low_activity,0,0,0,328,29,357,8488,3656,-0.3979,26,16,20,7,10,7,3
1775352334,7,90,0,0,0,0,no_volume,0,0,0,0,no_volume,0,300,0,300,low_activity,0,0,0,328,29,357,8508,3656,-0.3989,20,36,21,7,10,7,3
1775352335,7,90,0,0,0,0,no_volume,0,0,0,0,no_volume,0,36,0,36,low_activity,0,0,0,328,29,357,8492,3406,-0.4275,4,20,22,7,10,7,3
1775352336,7,91,0,0,0,0,no_volume,0,0,0,0,no_volume,0,19,0,19,low_activity,0,0,0,328,29,357,8444,3406,-0.4251,-44,-28,23,7,9,7,2
1775352337,7,91,0,0,0,0,no_volume,0,0,0,0,no_volume,0,19,0,19,low_activity,0,0,0,328,29,357,8444,3053,-0.4689,-64,-28,23,7,9,7,2
1775352338,7,91,0,0,0,0,low_activity,0,0,0,0,low_activity,0,19,0,19,low_activity,0,8,8,328,37,365,8425,3045,-0.469,-67,-47,23,7,9,7,2
1775352339,7,91,0,0,0,0,low_activity,0,0,0,0,low_activity,0,19,0,19,low_activity,0,0,0,328,37,365,8425,3045,-0.469,-19,-39,23,7,9,7,2
1775352340,7,91,0,0,0,0,low_activity,0,0,0,0,low_activity,0,19,0,19,low_activity,0,0,0,328,37,365,8425,3045,-0.469,-19,-37,23,7,9,7,2
1775352341,7,91,0,0,0,0,no_volume,0,0,0,0,low_activity,0,19,0,19,low_activity,0,0,0,328,25,353,8425,3045,-0.469,0,-63,23,7,9,7,2
1775352342,7,91,0,0,0,0,no_volume,0,0,0,0,low_activity,0,19,0,19,low_activity,0,0,0,328,25,353,8425,3045,-0.469,0,-63,23,7,9,7,2
1775352343,7,91,0,0,0,0,no_volume,0,0,0,0,no_volume,0,19,0,19,low_activity,0,0,0,328,25,353,8425,3045,-0.469,0,-63,23,7,9,7,2
1775352344,7,91,0,0,0,0,no_volume,0,0,0,0,no_volume,0,19,0,19,low_activity,0,0,0,328,25,353,8435,3045,-0.4695,10,-73,23,7,9,7,2
1775352345,7,91,0,0,0,0,no_volume,0,0,0,0,no_volume,0,19,0,19,low_activity,0,0,0,328,25,353,8435,3045,-0.4695,10,-57,23,7,9,7,2
1775352346,7,91,0,0,0,0,no_volume,0,0,0,0,no_volume,0,19,0,19,low_activity,0,0,0,328,25,353,8435,3045,-0.4695,10,-9,23,7,9,7,2
1775352347,7,91,0,0,0,0,no_volume,0,0,0,0,no_volume,0,19,0,19,low_activity,0,0,0,328,25,353,8435,3045,-0.4695,0,-9,23,7,9,7,2
1775352348,7,91,0,10,0,10,low_activity,0,10,0,10,low_activity,0,29,0,29,low_activity,12,0,12,340,25,365,8444,3045,-0.4699,9,19,23,7,9,7,2
1775352349,7,91,0,10,0,10,low_activity,0,10,0,10,low_activity,0,29,0,29,low_activity,0,0,0,340,25,365,8444,3045,-0.4699,9,19,23,7,9,7,2
1775352350,7,91,0,10,0,10,low_activity,0,10,0,10,low_activity,0,29,0,29,low_activity,0,0,0,340,25,365,8444,3045,-0.4699,9,19,23,7,9,7,2
1775352351,7,91,0,0,0,0,no_volume,0,10,0,10,low_activity,0,10,0,10,low_activity,0,0,0,340,25,365,8444,3045,-0.4699,0,19,23,7,9,7,2
1775352352,7,91,0,0,0,0,no_volume,0,10,0,10,low_activity,0,10,0,10,low_activity,0,0,0,340,25,365,8418,3045,-0.4687,-26,-7,22,7,9,7,2
1775352353,7,91,0,0,0,0,no_volume,0,0,0,0,no_volume,0,10,0,10,low_activity,0,0,0,340,25,365,8418,3045,-0.4687,-26,-7,22,7,9,7,2
1775352354,7,91,0,0,0,0,no_volume,0,0,0,0,no_volume,0,10,0,10,low_activity,0,0,0,340,25,365,8418,3045,-0.4687,-26,-17,22,7,9,7,2
1775352355,7,91,0,0,0,0,no_volume,0,0,0,0,no_volume,0,10,0,10,low_activity,0,0,0,340,25,365,8418,3045,-0.4687,0,-17,22,7,9,7,2
1775352356,7,91,0,0,0,0,no_volume,0,0,0,0,no_volume,0,10,0,10,low_activity,0,0,0,340,25,365,8418,3045,-0.4687,0,-17,22,7,9,7,2
1775352357,7,91,0,0,0,0,no_volume,0,0,0,0,no_volume,0,10,0,10,low_activity,0,0,0,340,25,365,8418,3045,-0.4687,0,-17,22,7,9,7,2
1775352358,7,91,0,0,0,0,no_volume,0,0,0,0,no_volume,0,10,0,10,low_activity,0,0,0,340,25,365,8317,3045,-0.464,-101,-127,20,7,9,7,2
1775352359,7,91,0,0,0,0,no_volume,0,0,0,0,no_volume,0,10,0,10,low_activity,0,0,0,340,25,365,8317,3045,-0.464,-101,-127,20,7,9,7,2
1775352360,7,91,0,0,0,0,no_volume,0,0,0,0,no_volume,0,10,0,10,low_activity,0,0,0,340,25,365,8317,3045,-0.464,-101,-127,20,7,9,7,2
1775352361,7,91,0,0,0,0,no_volume,0,0,0,0,no_volume,0,10,0,10,low_activity,0,0,0,340,25,365,8317,3045,-0.464,0,-127,20,7,9,7,2
1775352362,7,91,0,0,0,0,no_volume,0,0,0,0,no_volume,0,10,0,10,low_activity,0,0,0,340,25,365,8575,2724,-0.5178,258,157,21,7,9,7,2
1775352363,7,91,0,0,0,0,no_volume,0,0,0,0,no_volume,0,10,0,10,low_activity,0,0,0,340,25,365,8398,3034,-0.4692,81,-20,21,7,9,7,2
1775352364,7,91,0,0,0,0,no_volume,0,0,0,0,no_volume,0,10,0,10,low_activity,0,0,0,340,8,348,8575,3034,-0.4773,258,157,21,7,9,7,2
1775352365,7,91,0,0,0,0,no_volume,0,0,0,0,no_volume,0,10,0,10,low_activity,0,0,0,76,8,84,8575,3034,-0.4773,0,157,21,7,9,7,2
1775352366,7,91,0,10,0,10,low_activity,0,10,0,10,low_activity,0,20,0,20,low_activity,10,0,10,61,8,69,8565,3034,-0.4769,167,147,21,7,9,7,2
1775352367,7,91,0,10,0,10,low_activity,0,10,0,10,low_activity,0,20,0,20,low_activity,0,0,0,61,8,69,8565,3034,-0.4769,-10,147,21,7,9,7,2
1775352368,7,91,0,10,0,10,low_activity,0,10,0,10,low_activity,0,20,0,20,low_activity,0,0,0,61,8,69,8587,3034,-0.4778,12,270,21,7,9,7,2
1775352369,7,91,0,0,0,0,no_volume,0,10,0,10,low_activity,0,20,0,20,low_activity,0,0,0,61,8,69,8599,3034,-0.4784,34,282,21,7,9,7,2
1775352370,7,91,0,0,0,0,no_volume,0,10,0,10,low_activity,0,20,0,20,low_activity,0,0,0,61,8,69,8599,3034,-0.4784,34,282,21,7,9,7,2
1775352371,7,91,0,0,0,0,no_volume,0,0,0,0,no_volume,0,20,0,20,low_activity,0,0,0,61,8,69,8599,3034,-0.4784,12,282,21,7,9,7,2
1775352372,7,91,0,0,0,0,no_volume,0,0,0,0,no_volume,0,20,0,20,low_activity,0,0,0,52,8,60,8599,3034,-0.4784,0,24,21,7,9,7,2
1775352373,7,91,0,0,0,0,no_volume,0,0,0,0,no_volume,0,20,0,20,low_activity,0,0,0,52,8,60,8529,3034,-0.4752,-70,131,21,7,9,7,2
1775352374,7,91,0,0,0,0,no_volume,0,0,0,0,no_volume,0,20,0,20,low_activity,0,0,0,52,8,60,8529,3034,-0.4752,-70,-46,21,7,9,7,2
1775352375,7,91,0,0,0,0,no_volume,0,0,0,0,no_volume,0,20,0,20,low_activity,0,0,0,52,8,60,8529,3034,-0.4752,-70,-46,21,7,9,7,2
1775352376,7,91,0,0,0,0,no_volume,0,0,0,0,no_volume,0,20,0,20,low_activity,0,0,0,52,8,60,8529,3034,-0.4752,0,-36,21,7,9,7,2
1775352377,7,91,0,0,0,0,no_volume,0,0,0,0,no_volume,0,20,0,20,low_activity,0,0,0,52,8,60,8529,3034,-0.4752,0,-36,21,7,9,7,2
1775352378,7,91,0,0,0,0,no_volume,0,0,0,0,no_volume,0,10,0,10,low_activity,0,0,0,52,8,60,8529,3034,-0.4752,0,-58,21,7,9,7,2
1775352379,7,91,0,0,0,0,no_volume,0,0,0,0,no_volume,0,10,0,10,low_activity,0,0,0,52,8,60,8529,3034,-0.4752,0,-70,21,7,9,7,2
1775352380,7,90,0,45,0,45,low_activity,0,45,0,45,low_activity,0,55,0,55,low_total_volume,45,0,45,97,8,105,8501,3034,-0.4739,-28,-98,20,7,10,7,3
1775352381,7,91,0,76,0,76,low_total_volume,0,76,0,76,low_total_volume,0,86,0,86,low_total_volume,31,0,31,106,8,114,8400,3034,-0.4693,-129,-199,21,7,9,7,2
1775352382,7,91,0,76,0,76,low_total_volume,0,76,0,76,low_total_volume,0,86,0,86,low_total_volume,0,0,0,106,8,114,8400,3034,-0.4693,-129,-199,21,7,9,7,2
1775352383,7,91,0,31,0,31,low_activity,0,76,0,76,low_total_volume,0,86,0,86,low_total_volume,0,0,0,106,8,114,8400,3034,-0.4693,-101,-129,21,7,9,7,2
1775352384,7,91,0,0,0,0,no_volume,0,76,0,76,low_total_volume,0,86,0,86,low_total_volume,0,0,0,106,8,114,8400,3009,-0.4725,0,-129,21,7,9,7,2
1775352385,7,91,0,0,0,0,no_volume,0,31,0,31,low_activity,0,86,0,86,low_total_volume,0,0,0,106,8,114,8400,3009,-0.4725,0,-129,21,7,9,7,2
1775352386,7,91,0,0,0,0,no_volume,0,0,0,0,no_volume,0,86,0,86,low_total_volume,0,0,0,106,8,114,8429,3018,-0.4727,29,-100,22,7,9,7,2
1775352387,7,91,0,0,0,0,no_volume,0,0,0,0,no_volume,0,86,0,86,low_total_volume,0,0,0,106,8,114,8428,3018,-0.4727,28,-101,22,7,9,7,2
1775352388,7,91,0,0,0,0,no_volume,0,0,0,0,no_volume,0,86,0,86,low_total_volume,0,0,0,106,8,114,8438,3018,-0.4731,38,-91,22,7,9,7,2
1775352389,7,90,0,0,0,0,no_volume,0,0,0,0,no_volume,0,86,0,86,low_total_volume,0,0,0,98,8,106,8437,3018,-0.4731,8,-92,21,7,10,7,3
1775352390,7,90,0,0,0,0,low_activity,0,0,0,0,low_activity,0,86,0,86,low_total_volume,0,7,7,98,15,113,8557,3025,-0.4776,129,56,21,7,10,7,3
1775352391,7,90,0,0,0,0,low_activity,0,0,0,0,low_activity,0,86,0,86,low_total_volume,0,0,0,98,15,113,8557,3025,-0.4776,119,157,21,7,10,7,3
1775352392,7,90,0,0,0,0,low_activity,0,0,0,0,low_activity,0,86,0,86,low_total_volume,0,0,0,98,15,113,8557,3025,-0.4776,120,157,21,7,10,7,3
1775352393,7,90,0,0,0,0,no_volume,0,0,0,0,low_activity,0,86,0,86,low_total_volume,0,0,0,98,15,113,8680,3025,-0.4831,123,280,21,7,10,7,3
1775352394,7,90,0,0,0,0,no_volume,0,0,0,0,low_activity,0,86,0,86,low_total_volume,0,0,0,98,15,113,8570,3025,-0.4782,13,170,21,7,10,7,3
1775352395,7,90,0,0,0,0,no_volume,0,0,0,0,no_volume,0,86,0,86,low_total_volume,0,0,0,98,15,113,8570,3025,-0.4782,13,170,21,7,10,7,3
1775352396,7,90,0,0,0,0,no_volume,0,0,0,0,no_volume,0,76,0,76,low_total_volume,0,0,0,98,15,113,8570,3025,-0.4782,-110,141,21,7,10,7,3
1775352397,7,90,0,0,0,0,no_volume,0,0,0,0,no_volume,0,76,0,76,low_total_volume,0,0,0,98,15,113,8570,3025,-0.4782,0,142,21,7,10,7,3
1775352398,7,90,0,0,0,0,no_volume,0,0,0,0,no_volume,0,76,0,76,low_total_volume,0,0,0,98,7,105,8570,3025,-0.4782,0,132,21,7,10,7,3
1775352399,7,90,0,0,0,0,no_volume,0,0,0,0,no_volume,0,76,0,76,low_total_volume,0,0,0,98,7,105,8619,3025,-0.4804,49,182,20,7,10,7,3
1775352400,7,90,0,0,0,0,no_volume,0,0,0,0,no_volume,0,76,0,76,low_total_volume,0,0,0,98,7,105,8619,3025,-0.4804,49,62,20,7,10,7,3
1775352401,7,90,0,0,0,0,no_volume,0,0,0,0,no_volume,0,76,0,76,low_total_volume,0,0,0,98,7,105,8619,3025,-0.4804,49,62,20,7,10,7,3
1775352402,7,90,0,0,0,0,no_volume,0,0,0,0,no_volume,0,76,0,76,low_total_volume,0,0,0,98,7,105,8619,3025,-0.4804,0,62,20,7,10,7,3
1775352403,7,90,0,0,0,0,no_volume,0,0,0,0,no_volume,0,76,0,76,low_total_volume,0,0,0,98,7,105,8653,2715,-0.5223,34,-27,20,7,10,7,3
1775352404,7,90,0,0,0,0,no_volume,0,0,0,0,no_volume,0,76,0,76,low_total_volume,0,0,0,98,7,105,8653,2715,-0.5223,34,83,20,7,10,7,3
1775352405,7,90,0,0,0,0,no_volume,0,0,0,0,no_volume,0,76,0,76,low_total_volume,0,0,0,98,7,105,8653,2715,-0.5223,34,83,20,7,10,7,3
1775352406,7,90,0,0,0,0,no_volume,0,0,0,0,no_volume,0,76,0,76,low_total_volume,0,0,0,98,7,105,8653,2715,-0.5223,0,83,20,7,10,7,3
1775352407,7,90,0,0,0,0,no_volume,0,0,0,0,no_volume,0,76,0,76,low_total_volume,0,0,0,98,7,105,8653,2715,-0.5223,0,83,20,7,10,7,3
1775352408,7,90,0,0,0,0,no_volume,0,0,0,0,no_volume,0,76,0,76,low_total_volume,0,0,0,86,7,93,8653,2715,-0.5223,0,83,20,7,10,7,3
1775352409,7,90,0,0,0,0,no_volume,0,0,0,0,no_volume,0,76,0,76,low_total_volume,0,0,0,86,7,93,8653,2715,-0.5223,0,34,20,7,10,7,3
1775352410,7,90,0,94,0,94,low_activity,0,94,0,94,low_activity,0,125,0,125,low_activity,94,0,94,180,7,187,8559,2715,-0.5184,-94,-60,20,7,10,7,3
1775352411,7,90,0,94,0,94,low_activity,0,94,0,94,low_activity,0,94,0,94,low_activity,0,0,0,180,7,187,8344,2993,-0.472,-309,-275,20,7,10,7,3
1775352412,7,90,0,94,0,94,low_activity,0,94,0,94,low_activity,0,94,0,94,low_activity,0,0,0,180,7,187,8344,2993,-0.472,-309,-275,21,7,10,7,3
1775352413,7,89,0,0,0,0,no_volume,0,94,0,94,low_activity,0,94,0,94,low_activity,0,0,0,180,7,187,8344,3081,-0.4607,-215,-309,20,7,11,7,4
1775352414,7,90,0,0,0,0,no_volume,0,94,0,94,low_activity,0,94,0,94,low_activity,0,0,0,180,7,187,8371,3141,-0.4543,27,-282,21,7,10,7,3
1775352415,7,90,0,0,0,0,no_volume,0,0,0,0,no_volume,0,94,0,94,low_activity,0,0,0,180,7,187,8352,3141,-0.4534,8,-301,20,7,10,7,3
1775352416,7,90,0,0,0,0,no_volume,0,0,0,0,no_volume,0,94,0,94,low_activity,0,0,0,180,7,187,8462,3041,-0.4713,118,-191,20,7,10,7,3
1775352417,7,90,0,0,0,0,low_activity,0,0,0,0,low_activity,0,94,0,94,low_activity,0,5,5,180,12,192,8442,3468,-0.4176,71,-211,19,7,10,7,3
1775352418,7,90,0,0,0,0,low_activity,0,0,0,0,low_activity,0,94,0,94,low_activity,0,0,0,180,12,192,8442,3468,-0.4176,90,-211,19,7,10,7,3
1775352419,7,90,0,0,0,0,low_activity,0,0,0,0,low_activity,0,94,0,94,low_activity,0,0,0,180,12,192,8472,3418,-0.4251,10,-181,19,7,10,7,3
1775352420,7,90,0,0,0,0,no_volume,0,0,0,0,low_activity,0,94,0,94,low_activity,0,0,0,180,12,192,8472,3418,-0.4251,30,-87,19,7,10,7,3
1775352421,7,90,0,0,0,0,no_volume,0,0,0,0,low_activity,0,94,0,94,low_activity,0,0,0,180,12,192,8472,3418,-0.4251,30,128,19,7,10,7,3
1775352422,7,90,0,0,0,0,no_volume,0,0,0,0,no_volume,0,94,0,94,low_activity,0,0,0,180,12,192,8472,3418,-0.4251,0,128,19,7,10,7,3
1775352423,7,90,0,0,0,0,no_volume,0,0,0,0,no_volume,0,94,0,94,low_activity,0,0,0,180,12,192,8422,3368,-0.4287,-50,78,19,7,10,7,3
1775352424,7,90,0,0,0,0,no_volume,0,0,0,0,no_volume,0,94,0,94,low_activity,0,0,0,180,12,192,8422,3368,-0.4287,-50,51,19,7,10,7,3
1775352425,7,90,0,41,0,41,low_activity,0,41,0,41,low_activity,0,135,0,135,low_activity,41,0,41,221,12,233,8531,3418,-0.4279,59,179,19,7,10,7,3
1775352426,7,90,0,41,0,41,low_activity,0,41,0,41,low_activity,0,135,0,135,low_activity,0,0,0,211,12,223,8281,3418,-0.4157,-141,-181,19,7,10,7,3
1775352427,7,90,0,41,0,41,low_activity,0,41,0,41,low_activity,0,135,0,135,low_activity,0,0,0,211,12,223,8522,3468,-0.4215,100,80,19,7,10,7,3
1775352428,7,90,0,0,0,0,no_volume,0,41,0,41,low_activity,0,135,0,135,low_activity,0,0,0,211,12,223,8522,3468,-0.4215,-9,80,19,7,10,7,3
1775352429,7,90,0,0,0,0,no_volume,0,41,0,41,low_activity,0,135,0,135,low_activity,0,0,0,211,12,223,8572,3518,-0.418,291,100,19,7,10,7,3
1775352430,7,90,0,0,0,0,no_volume,0,0,0,0,no_volume,0,135,0,135,low_activity,0,0,0,211,12,223,8572,3518,-0.418,50,100,19,7,10,7,3
1775352431,7,90,0,0,0,0,no_volume,0,0,0,0,no_volume,0,135,0,135,low_activity,0,0,0,211,12,223,8572,3518,-0.418,50,100,19,7,10,7,3
1775352432,7,90,0,0,0,0,no_volume,0,0,0,0,no_volume,0,135,0,135,low_activity,0,0,0,211,12,223,8572,3518,-0.418,0,100,19,7,10,7,3
1775352433,7,90,0,0,0,0,no_volume,0,0,0,0,no_volume,0,135,0,135,low_activity,0,0,0,211,12,223,8572,3518,-0.418,0,150,19,7,10,7,3
1775352434,7,90,0,0,0,0,no_volume,0,0,0,0,no_volume,0,135,0,135,low_activity,0,0,0,211,12,223,8562,3518,-0.4175,-10,140,19,7,10,7,3
1775352435,7,90,0,0,0,0,no_volume,0,0,0,0,no_volume,0,135,0,135,low_activity,0,0,0,211,12,223,8562,3518,-0.4175,-10,31,19,7,10,7,3
1775352436,7,90,0,0,0,0,no_volume,0,0,0,0,no_volume,0,135,0,135,low_activity,0,0,0,211,12,223,8562,3518,-0.4175,-10,281,19,7,10,7,3
1775352437,7,90,0,0,0,0,no_volume,0,0,0,0,no_volume,0,135,0,135,low_activity,0,0,0,211,12,223,8562,3518,-0.4175,0,40,19,7,10,7,3
1775352438,7,91,0,0,0,0,no_volume,0,0,0,0,no_volume,0,135,0,135,low_activity,0,0,0,211,12,223,8564,3518,-0.4176,2,42,20,7,9,7,2
1775352439,7,91,0,0,0,0,no_volume,0,0,0,0,no_volume,0,135,0,135,low_activity,0,0,0,211,12,223,8564,3518,-0.4176,2,-8,20,7,9,7,2
1775352440,7,91,0,0,0,0,no_volume,0,0,0,0,no_volume,0,41,0,41,low_activity,0,0,0,166,12,178,8564,3518,-0.4176,2,-8,20,7,9,7,2
1775352441,7,91,0,0,0,0,no_volume,0,0,0,0,no_volume,0,41,0,41,low_activity,0,0,0,135,12,147,8665,3618,-0.4109,101,93,20,7,9,7,2
1775352442,7,91,0,0,0,0,no_volume,0,0,0,0,no_volume,0,41,0,41,low_activity,0,0,0,135,12,147,8675,3236,-0.4566,111,103,21,7,9,7,2
1775352443,7,91,0,0,0,0,no_volume,0,0,0,0,no_volume,0,41,0,41,low_activity,0,0,0,135,12,147,8673,3236,-0.4565,109,101,21,7,9,7,2
1775352444,7,90,0,0,0,0,no_volume,0,0,0,0,no_volume,0,41,0,41,low_activity,0,0,0,135,12,147,8672,3236,-0.4565,7,110,20,7,10,7,3
1775352445,7,90,0,0,0,0,no_volume,0,0,0,0,no_volume,0,41,0,41,low_activity,0,0,0,135,12,147,8672,3236,-0.4565,-3,110,20,7,10,7,3
1775352446,7,90,0,0,31,31,low_activity,0,0,31,31,low_activity,0,41,31,72,low_activity,0,31,31,135,43,178,8674,3205,-0.4604,1,112,20,7,10,7,3
1775352447,7,90,0,0,31,31,low_activity,0,0,31,31,low_activity,0,41,31,72,low_activity,0,0,0,135,43,178,8674,3205,-0.4604,2,112,20,7,10,7,3
1775352448,7,90,0,0,31,31,low_activity,0,0,31,31,low_activity,0,41,31,72,low_activity,0,0,0,135,43,178,8674,3205,-0.4604,2,110,20,7,10,7,3
1775352449,7,90,0,0,0,0,no_volume,0,0,31,31,low_activity,0,41,31,72,low_activity,0,0,0,135,43,178,8674,3205,-0.4604,0,110,20,7,10,7,3
1775352450,7,90,0,0,0,0,no_volume,0,0,31,31,low_activity,0,41,31,72,low_activity,0,0,0,135,36,171,8674,3205,-0.4604,0,110,20,7,10,7,3
1775352451,7,90,0,0,0,0,no_volume,0,0,0,0,no_volume,0,41,31,72,low_activity,0,0,0,135,36,171,8674,3205,-0.4604,0,9,20,7,10,7,3
1775352452,7,90,0,0,0,0,no_volume,0,0,0,0,no_volume,0,41,31,72,low_activity,0,0,0,135,36,171,8674,3205,-0.4604,0,-1,20,7,10,7,3
1775352453,7,90,0,0,0,0,no_volume,0,0,0,0,no_volume,0,41,31,72,low_activity,0,0,0,135,36,171,8674,3205,-0.4604,0,1,20,7,10,7,3
1775352454,7,90,0,0,0,0,no_volume,0,0,0,0,no_volume,0,41,31,72,low_activity,0,0,0,135,36,171,8669,3205,-0.4602,-5,-3,21,7,10,7,3
1775352455,7,90,0,0,0,0,no_volume,0,0,0,0,no_volume,0,0,31,31,low_activity,0,0,0,135,36,171,8680,3205,-0.4607,6,8,20,7,10,7,3
1775352456,7,90,0,0,0,0,no_volume,0,0,0,0,no_volume,0,0,31,31,low_activity,0,0,0,135,36,171,8689,3205,-0.4611,15,15,22,7,10,7,3
1775352457,7,90,0,0,0,0,no_volume,0,0,0,0,no_volume,0,0,31,31,low_activity,0,0,0,135,36,171,8689,3205,-0.4611,20,15,22,7,10,7,3
1775352458,7,90,0,0,0,0,no_volume,0,0,0,0,no_volume,0,0,31,31,low_activity,0,0,0,135,36,171,8689,3205,-0.4611,9,15,22,7,10,7,3
1775352459,7,90,0,0,0,0,no_volume,0,0,0,0,no_volume,0,0,31,31,low_activity,0,0,0,135,36,171,8689,3205,-0.4611,0,15,22,7,10,7,3
1775352460,7,90,0,0,0,0,no_volume,0,0,0,0,no_volume,0,0,31,31,low_activity,0,0,0,135,36,171,8689,3205,-0.4611,0,15,22,7,10,7,3
1775352461,7,90,0,0,0,0,no_volume,0,0,0,0,no_volume,0,0,31,31,low_activity,0,0,0,135,36,171,8689,3205,-0.4611,0,15,22,7,10,7,3
1775352462,7,90,0,0,0,0,no_volume,0,0,0,0,no_volume,0,0,31,31,low_activity,0,0,0,135,36,171,8611,3205,-0.4575,-78,-63,21,7,10,7,3
1775352463,7,90,0,0,0,0,no_volume,0,0,0,0,no_volume,0,0,31,31,low_activity,0,0,0,135,36,171,8653,3205,-0.4594,-36,-21,21,7,10,7,3
1775352464,7,90,0,0,0,0,no_volume,0,0,0,0,no_volume,0,0,31,31,low_activity,0,0,0,135,36,171,8653,3205,-0.4594,-36,-16,21,7,10,7,3
1775352465,7,90,0,0,0,0,no_volume,0,0,0,0,no_volume,0,0,31,31,low_activity,0,0,0,135,36,171,8653,3205,-0.4594,42,-27,21,7,10,7,3
1775352466,7,90,0,0,0,0,no_volume,0,0,0,0,no_volume,0,0,31,31,low_activity,0,0,0,135,36,171,8653,3205,-0.4594,0,-36,21,7,10,7,3
1775352467,7,90,0,0,0,0,no_volume,0,0,0,0,no_volume,0,0,31,31,low_activity,0,0,0,135,36,171,8653,3205,-0.4594,0,-36,21,7,10,7,3
1775352468,7,90,0,0,0,0,no_volume,0,0,0,0,no_volume,0,0,31,31,low_activity,0,0,0,135,36,171,8641,3205,-0.4589,-12,-48,20,7,10,7,3
1775352469,6,91,0,0,234,234,low_activity,0,0,234,234,low_activity,0,0,265,265,low_total_volume,0,234,234,135,270,405,8689,2845,-0.5067,36,0,21,6,9,6,3
1775352470,6,91,0,0,234,234,low_activity,0,0,234,234,low_activity,0,0,265,265,low_total_volume,0,0,0,41,270,311,8757,2945,-0.4967,104,68,21,6,9,6,3
1775352471,6,91,0,0,234,234,low_activity,0,0,234,234,low_activity,0,0,265,265,low_total_volume,0,0,0,41,270,311,8757,2959,-0.4949,116,68,21,6,9,6,3
1775352472,7,91,0,0,0,0,no_volume,0,0,234,234,low_activity,0,0,265,265,low_total_volume,0,0,0,41,270,311,8697,3623,-0.4119,8,86,21,7,9,7,2
1775352473,7,91,0,0,0,0,no_volume,0,0,234,234,low_activity,0,0,265,265,low_total_volume,0,0,0,41,270,311,8697,3958,-0.3745,-60,44,21,7,9,7,2
1775352474,6,91,0,0,0,0,no_volume,0,0,0,0,no_volume,0,0,265,265,low_total_volume,0,0,0,41,270,311,8658,3760,-0.3944,-99,5,21,6,9,6,3
1775352475,6,91,0,0,0,0,no_volume,0,0,0,0,no_volume,0,0,265,265,low_total_volume,0,0,0,41,270,311,8664,3753,-0.3955,-33,11,21,6,9,6,3
1775352476,6,91,0,0,0,0,no_volume,0,0,0,0,no_volume,0,0,234,234,low_activity,0,0,0,41,270,311,8701,3813,-0.3906,4,48,21,6,9,6,3
1775352477,6,91,0,0,0,0,no_volume,0,0,0,0,no_volume,0,0,234,234,low_activity,0,0,0,41,265,306,8701,3813,-0.3906,43,48,21,6,9,6,3
1775352478,6,91,0,0,0,0,no_volume,0,0,0,0,no_volume,0,0,234,234,low_activity,0,0,0,41,265,306,8701,3813,-0.3906,37,60,21,6,9,6,3
1775352479,6,91,0,0,0,0,no_volume,0,0,0,0,no_volume,0,0,234,234,low_activity,0,0,0,41,265,306,8701,3813,-0.3906,0,12,21,6,9,6,3
1775352480,6,91,0,0,0,0,no_volume,0,0,0,0,no_volume,0,0,234,234,low_activity,0,0,0,41,265,306,8701,3813,-0.3906,0,-56,21,6,9,6,3
1775352481,6,91,0,0,0,0,no_volume,0,0,0,0,no_volume,0,0,234,234,low_activity,0,0,0,41,265,306,8701,3813,-0.3906,0,-56,21,6,9,6,3
1775352482,6,91,0,0,0,0,no_volume,0,0,0,0,no_volume,0,0,234,234,low_activity,0,0,0,41,265,306,8701,3813,-0.3906,0,4,21,6,9,6,3
1775352483,6,91,0,0,0,0,no_volume,0,0,0,0,no_volume,0,0,234,234,low_activity,0,0,0,41,265,306,8701,3773,-0.3951,0,4,21,6,9,6,3
1775352484,6,91,0,0,0,0,no_volume,0,0,0,0,no_volume,0,0,234,234,low_activity,0,0,0,41,265,306,8701,3773,-0.3951,0,43,21,6,9,6,3
1775352485,6,91,0,0,0,0,no_volume,0,0,0,0,no_volume,0,0,234,234,low_activity,0,0,0,0,265,265,8701,3773,-0.3951,0,37,21,6,9,6,3
1775352486,6,91,0,0,0,0,no_volume,0,0,0,0,no_volume,0,0,234,234,low_activity,0,0,0,0,265,265,8751,3773,-0.3975,50,50,20,6,9,6,3
1775352487,6,91,0,0,0,0,no_volume,0,0,0,0,no_volume,0,0,234,234,low_activity,0,0,0,0,265,265,8751,3773,-0.3975,50,50,20,6,9,6,3
1775352488,6,91,0,0,0,0,no_volume,0,0,0,0,no_volume,0,0,234,234,low_activity,0,0,0,0,265,265,8751,3773,-0.3975,50,50,20,6,9,6,3
1775352489,6,91,0,0,0,0,no_volume,0,0,0,0,no_volume,0,0,234,234,low_activity,0,0,0,0,265,265,8751,3773,-0.3975,0,50,20,6,9,6,3
1775352490,6,91,0,20,0,20,low_activity,0,20,0,20,low_activity,0,20,234,254,low_total_volume,20,0,20,20,265,285,8731,3773,-0.3965,-20,30,20,6,9,6,3
1775352491,6,91,0,20,0,20,low_activity,0,20,0,20,low_activity,0,20,234,254,low_total_volume,0,0,0,20,265,285,8731,3773,-0.3965,-20,30,20,6,9,6,3
1775352492,6,91,0,20,0,20,low_activity,0,20,0,20,low_activity,0,20,234,254,low_total_volume,0,0,0,20,265,285,8731,3773,-0.3965,-20,30,20,6,9,6,3
1775352493,6,91,0,0,0,0,no_volume,0,20,0,20,low_activity,0,20,234,254,low_total_volume,0,0,0,20,265,285,8706,3046,-0.4816,-25,5,20,6,9,6,3
1775352494,6,91,0,0,0,0,no_volume,0,20,0,20,low_activity,0,20,234,254,low_total_volume,0,0,0,20,265,285,8706,3346,-0.4447,-25,5,20,6,9,6,3
1775352495,6,91,0,0,0,0,no_volume,0,0,0,0,no_volume,0,20,234,254,low_total_volume,0,0,0,20,265,285,8706,3346,-0.4447,-25,5,20,6,9,6,3
1775352496,6,91,0,0,0,0,no_volume,0,0,0,0,no_volume,0,20,234,254,low_total_volume,0,0,0,20,265,285,8706,3346,-0.4447,0,-45,20,6,9,6,3
1775352497,6,91,0,0,0,0,no_volume,0,0,0,0,no_volume,0,20,234,254,low_total_volume,0,0,0,20,265,285,8706,3346,-0.4447,0,-45,20,6,9,6,3
1775352498,6,91,0,0,0,0,no_volume,0,0,0,0,no_volume,0,20,234,254,low_total_volume,0,0,0,20,265,285,8706,3346,-0.4447,0,-45,20,6,9,6,3
1775352499,6,91,0,0,0,0,no_volume,0,0,0,0,no_volume,0,20,0,20,low_activity,0,0,0,20,265,285,8706,3346,-0.4447,0,-45,20,6,9,6,3
1775352500,6,91,0,0,0,0,no_volume,0,0,0,0,no_volume,0,20,0,20,low_activity,0,0,0,20,265,285,8706,3346,-0.4447,0,-25,20,6,9,6,3
1775352501,6,91,0,0,0,0,no_volume,0,0,0,0,no_volume,0,20,0,20,low_activity,0,0,0,20,265,285,8706,3346,-0.4447,0,-25,20,6,9,6,3
1775352502,6,91,0,0,0,0,no_volume,0,0,0,0,no_volume,0,20,0,20,low_activity,0,0,0,20,265,285,8706,3346,-0.4447,0,-25,20,6,9,6,3
1775352503,6,91,0,0,0,0,no_volume,0,0,0,0,no_volume,0,20,0,20,low_activity,0,0,0,20,265,285,8706,3346,-0.4447,0,0,20,6,9,6,3
1775352504,6,91,0,0,0,0,no_volume,0,0,0,0,no_volume,0,20,0,20,low_activity,0,0,0,20,265,285,8706,3346,-0.4447,0,0,20,6,9,6,3
1775352505,6,91,0,0,0,0,no_volume,0,0,0,0,no_volume,0,20,0,20,low_activity,0,0,0,20,265,285,8697,3375,-0.4409,-9,-9,21,6,9,6,3
1775352506,6,91,0,0,0,0,no_volume,0,0,0,0,no_volume,0,20,0,20,low_activity,0,0,0,20,234,254,8697,3375,-0.4409,-9,-9,21,6,9,6,3
1775352507,6,91,0,0,0,0,no_volume,0,0,0,0,no_volume,0,20,0,20,low_activity,0,0,0,20,234,254,8697,3375,-0.4409,-9,-9,21,6,9,6,3
1775352508,6,91,0,0,0,0,no_volume,0,0,0,0,no_volume,0,20,0,20,low_activity,0,0,0,20,234,254,8697,3375,-0.4409,0,-9,21,6,9,6,3
1775352509,6,91,0,0,0,0,no_volume,0,0,0,0,no_volume,0,20,0,20,low_activity,0,0,0,20,234,254,8697,3375,-0.4409,0,-9,21,6,9,6,3
1775352510,6,91,0,0,0,0,no_volume,0,0,0,0,no_volume,0,20,0,20,low_activity,0,0,0,20,234,254,8697,3375,-0.4409,0,-9,21,6,9,6,3
1775352511,6,91,0,0,0,0,no_volume,0,0,0,0,no_volume,0,20,0,20,low_activity,0,0,0,20,234,254,8697,3375,-0.4409,0,-9,21,6,9,6,3
1775352512,6,91,0,0,0,0,no_volume,0,0,0,0,no_volume,0,20,0,20,low_activity,0,0,0,20,234,254,8697,3375,-0.4409,0,-9,21,6,9,6,3
1775352513,6,91,0,0,0,0,no_volume,0,0,0,0,no_volume,0,20,0,20,low_activity,0,0,0,20,234,254,8697,3375,-0.4409,0,-9,21,6,9,6,3
1775352514,6,91,0,0,0,0,no_volume,0,0,0,0,no_volume,0,20,0,20,low_activity,0,0,0,20,234,254,8697,3375,-0.4409,0,-9,21,6,9,6,3
1775352515,6,93,0,0,0,0,no_volume,0,0,0,0,no_volume,0,20,0,20,low_activity,0,0,0,20,234,254,8633,2789,-0.5116,-64,-64,22,6,7,6,1
1775352516,6,92,0,0,0,0,no_volume,0,0,0,0,no_volume,0,20,0,20,low_activity,0,0,0,20,234,254,8699,2709,-0.5251,2,2,22,6,8,6,2
1775352517,6,91,0,24,0,24,low_activity,0,24,0,24,low_activity,0,44,0,44,low_activity,24,0,24,44,234,278,8712,2649,-0.5337,15,15,21,6,9,6,3
1775352518,6,92,0,24,0,24,low_activity,0,24,0,24,low_activity,0,44,0,44,low_activity,0,0,0,44,234,278,8662,2658,-0.5304,29,-35,22,6,8,6,2
1775352519,6,92,0,24,0,24,low_activity,0,24,0,24,low_activity,0,44,0,44,low_activity,0,0,0,44,234,278,8662,2658,-0.5304,-37,-35,22,6,8,6,2
1775352520,6,92,0,0,0,0,no_volume,0,24,0,24,low_activity,0,24,0,24,low_activity,0,0,0,44,234,278,8662,2658,-0.5304,-50,-35,22,6,8,6,2
1775352521,6,92,0,0,0,0,no_volume,0,24,0,24,low_activity,0,24,0,24,low_activity,0,0,0,44,234,278,8662,2658,-0.5304,0,-35,22,6,8,6,2
1775352522,6,92,0,0,0,0,no_volume,0,0,0,0,no_volume,0,24,0,24,low_activity,0,0,0,44,234,278,8713,2649,-0.5337,51,16,22,6,8,6,2
1775352523,6,92,0,0,0,0,no_volume,0,0,0,0,no_volume,0,24,0,24,low_activity,0,0,0,44,234,278,8713,2649,-0.5337,51,16,22,6,8,6,2
1775352524,6,93,0,0,0,0,no_volume,0,0,0,0,no_volume,0,24,0,24,low_activity,0,0,0,44,234,278,8743,2649,-0.5349,81,46,23,6,7,6,1
1775352525,6,93,0,0,0,0,no_volume,0,0,0,0,no_volume,0,24,0,24,low_activity,0,0,0,44,234,278,8743,2649,-0.5349,30,110,23,6,7,6,1
1775352526,6,90,0,88,0,88,low_activity,0,88,0,88,low_activity,0,112,0,112,low_total_volume,100,0,100,144,234,378,8600,2649,-0.529,-113,-99,20,6,10,6,4
1775352527,6,90,0,88,0,88,low_activity,0,88,0,88,low_activity,0,112,0,112,low_total_volume,0,0,0,144,234,378,8588,2699,-0.5218,-155,-124,20,6,10,6,4
1775352528,6,90,0,88,0,88,low_activity,0,88,0,88,low_activity,0,112,0,112,low_total_volume,0,0,0,144,234,378,8588,2699,-0.5218,-155,-74,20,6,10,6,4
1775352529,6,90,0,0,0,0,no_volume,0,88,0,88,low_activity,0,112,0,112,low_total_volume,0,0,0,144,0,144,8631,2699,-0.5236,31,-31,20,6,10,6,4
1775352530,6,90,0,0,0,0,no_volume,0,88,0,88,low_activity,0,112,0,112,low_total_volume,0,0,0,144,0,144,8631,2699,-0.5236,43,-31,20,6,10,6,4
1775352531,6,90,0,0,0,0,no_volume,0,0,0,0,no_volume,0,112,0,112,low_total_volume,0,0,0,144,0,144,8682,2639,-0.5338,94,20,20,6,10,6,4
1775352532,6,90,0,0,0,0,no_volume,0,0,0,0,no_volume,0,112,0,112,low_total_volume,0,0,0,144,0,144,8682,2639,-0.5338,51,-31,21,6,10,6,4
1775352533,6,90,0,0,0,0,no_volume,0,0,0,0,no_volume,0,112,0,112,low_total_volume,0,0,0,144,0,144,8676,2640,-0.5334,45,-37,21,6,10,6,4
1775352534,6,90,0,0,0,0,no_volume,0,0,0,0,no_volume,0,112,0,112,low_total_volume,0,0,0,144,0,144,8676,2640,-0.5334,-6,-67,21,6,10,6,4
1775352535,6,90,0,0,0,0,no_volume,0,0,0,0,no_volume,0,112,0,112,low_total_volume,0,0,0,144,0,144,8676,2640,-0.5334,-6,-67,21,6,10,6,4
1775352536,6,90,0,0,0,0,no_volume,0,0,0,0,no_volume,0,112,0,112,low_total_volume,0,0,0,144,0,144,8676,2640,-0.5334,0,76,21,6,10,6,4
1775352537,6,90,0,0,0,0,no_volume,0,0,0,0,no_volume,0,112,0,112,low_total_volume,0,0,0,144,0,144,8676,2640,-0.5334,0,88,21,6,10,6,4
1775352538,6,90,0,0,0,0,no_volume,0,0,0,0,no_volume,0,112,0,112,low_total_volume,0,0,0,144,0,144,8676,2640,-0.5334,0,88,21,6,10,6,4
1775352539,6,90,0,0,0,0,no_volume,0,0,0,0,no_volume,0,112,0,112,low_total_volume,0,0,0,144,0,144,8676,2640,-0.5334,0,45,21,6,10,6,4
1775352540,6,90,0,0,0,0,no_volume,0,0,0,0,no_volume,0,112,0,112,low_total_volume,0,0,0,144,0,144,8676,2640,-0.5334,0,45,21,6,10,6,4
1775352541,6,90,0,0,0,0,no_volume,0,0,0,0,no_volume,0,112,0,112,low_total_volume,0,0,0,144,0,144,8670,2640,-0.5332,-6,-12,21,6,10,6,4
1775352542,6,90,0,0,0,0,no_volume,0,0,0,0,no_volume,0,112,0,112,low_total_volume,0,0,0,144,0,144,8670,2640,-0.5332,-6,-12,21,6,10,6,4
1775352543,6,90,0,0,0,0,no_volume,0,0,0,0,no_volume,0,112,0,112,low_total_volume,0,0,0,144,0,144,8670,2640,-0.5332,-6,-6,21,6,10,6,4
1775352544,6,90,0,0,0,0,no_volume,0,0,0,0,no_volume,0,112,0,112,low_total_volume,0,0,0,144,0,144,8670,2640,-0.5332,0,-6,21,6,10,6,4
1775352545,6,90,0,0,0,0,no_volume,0,0,0,0,no_volume,0,112,0,112,low_total_volume,0,0,0,144,0,144,8670,2640,-0.5332,0,-6,21,6,10,6,4
1775352546,6,90,0,0,0,0,no_volume,0,0,0,0,no_volume,0,112,0,112,low_total_volume,0,0,0,144,0,144,8675,2589,-0.5403,5,-1,20,6,10,6,4
1775352547,6,91,0,0,0,0,no_volume,0,0,0,0,no_volume,0,88,0,88,low_activity,0,0,0,144,0,144,8639,2560,-0.5428,-31,-37,21,6,9,6,3
1775352548,6,91,0,0,0,0,no_volume,0,0,0,0,no_volume,0,88,0,88,low_activity,0,0,0,144,0,144,8681,2560,-0.5445,11,5,21,6,9,6,3
1775352549,6,91,0,0,0,0,no_volume,0,0,0,0,no_volume,0,88,0,88,low_activity,0,0,0,144,0,144,8681,2560,-0.5445,6,5,21,6,9,6,3
1775352550,6,91,0,0,0,0,no_volume,0,0,0,0,no_volume,0,88,0,88,low_activity,0,0,0,124,0,124,8681,2560,-0.5445,42,5,21,6,9,6,3
1775352551,6,91,0,0,0,0,no_volume,0,0,0,0,no_volume,0,88,0,88,low_activity,0,0,0,124,0,124,8681,2560,-0.5445,0,11,21,6,9,6,3
1775352552,6,91,0,0,0,0,no_volume,0,0,0,0,no_volume,0,88,0,88,low_activity,0,0,0,124,0,124,8681,2410,-0.5654,0,11,21,6,9,6,3
1775352553,6,90,0,0,0,0,no_volume,0,0,0,0,no_volume,0,88,0,88,low_activity,0,0,0,124,0,124,8675,2560,-0.5443,-6,5,20,6,10,6,4
1775352554,6,90,0,0,0,0,no_volume,0,0,0,0,no_volume,0,88,0,88,low_activity,0,0,0,124,0,124,8675,2550,-0.5457,-6,5,20,6,10,6,4
1775352555,6,90,0,0,0,0,no_volume,0,0,0,0,no_volume,0,88,0,88,low_activity,0,0,0,124,0,124,8705,2550,-0.5469,24,35,20,6,10,6,4
1775352556,6,90,0,0,0,0,no_volume,0,0,0,0,no_volume,0,0,0,0,no_volume,0,0,0,124,0,124,8675,2560,-0.5443,0,0,20,6,10,6,4
1775352557,6,90,0,0,0,0,no_volume,0,0,0,0,no_volume,0,0,0,0,no_volume,0,0,0,124,0,124,8675,2560,-0.5443,0,36,20,6,10,6,4
1775352558,6,90,0,0,0,0,no_volume,0,0,0,0,no_volume,0,0,0,0,no_volume,0,0,0,124,0,124,8685,2560,-0.5447,-20,4,20,6,10,6,4
1775352559,6,90,0,0,0,0,no_volume,0,0,0,0,no_volume,0,0,0,0,no_volume,0,0,0,124,0,124,8685,2560,-0.5447,10,4,20,6,10,6,4
1775352560,6,90,0,0,0,0,no_volume,0,0,0,0,no_volume,0,0,0,0,no_volume,0,0,0,124,0,124,8685,2560,-0.5447,10,4,20,6,10,6,4
1775352561,6,90,0,0,0,0,no_volume,0,0,0,0,no_volume,0,0,0,0,no_volume,0,0,0,124,0,124,8685,2473,-0.5567,0,4,20,6,10,6,4
1775352562,6,90,0,0,0,0,no_volume,0,0,0,0,no_volume,0,0,0,0,no_volume,0,0,0,124,0,124,8685,2473,-0.5567,0,4,20,6,10,6,4
1775352563,6,90,0,0,0,0,no_volume,0,0,0,0,no_volume,0,0,0,0,no_volume,0,0,0,124,0,124,8685,2473,-0.5567,0,10,20,6,10,6,4
1775352564,6,90,0,0,0,0,no_volume,0,0,0,0,no_volume,0,0,0,0,no_volume,0,0,0,124,0,124,8685,2473,-0.5567,0,10,20,6,10,6,4
1775352565,6,90,0,0,0,0,no_volume,0,0,0,0,no_volume,0,0,0,0,no_volume,0,0,0,124,0,124,8685,2473,-0.5567,0,-20,20,6,10,6,4
1775352566,6,90,0,0,0,0,no_volume,0,0,0,0,no_volume,0,0,0,0,no_volume,0,0,0,124,0,124,8685,2500,-0.553,0,10,20,6,10,6,4
1775352567,6,90,0,0,0,0,no_volume,0,0,0,0,no_volume,0,0,0,0,no_volume,0,0,0,124,0,124,8685,2500,-0.553,0,10,20,6,10,6,4
1775352568,6,90,0,0,0,0,no_volume,0,0,0,0,no_volume,0,0,0,0,no_volume,0,0,0,124,0,124,8685,2500,-0.553,0,0,20,6,10,6,4
1775352569,6,90,0,0,0,0,no_volume,0,0,0,0,no_volume,0,0,0,0,no_volume,0,0,0,124,0,124,8685,2350,-0.5741,0,0,20,6,10,6,4
1775352570,6,90,0,0,0,0,no_volume,0,0,0,0,no_volume,0,0,0,0,no_volume,0,0,0,124,0,124,8602,2357,-0.5699,-83,-83,20,6,10,6,4
1775352571,6,90,0,0,0,0,no_volume,0,0,0,0,no_volume,0,0,0,0,no_volume,0,0,0,124,0,124,8685,2330,-0.5769,0,0,20,6,10,6,4
1775352572,6,90,0,15,0,15,low_activity,0,15,0,15,low_activity,0,15,0,15,low_activity,15,0,15,139,0,139,8670,2330,-0.5764,-15,-15,20,6,10,6,4
1775352573,6,90,0,15,0,15,low_activity,0,15,0,15,low_activity,0,15,0,15,low_activity,0,0,0,139,0,139,8553,2330,-0.5718,-49,-132,19,6,10,6,4
1775352574,6,90,0,15,0,15,low_activity,0,15,0,15,low_activity,0,15,0,15,low_activity,0,0,0,139,0,139,8568,2510,-0.5468,-117,-117,19,6,10,6,4
1775352575,6,90,0,0,0,0,no_volume,0,15,0,15,low_activity,0,15,0,15,low_activity,0,0,0,139,0,139,8568,2520,-0.5455,-102,-117,19,6,10,6,4
1775352576,6,90,0,0,0,0,no_volume,0,15,0,15,low_activity,0,15,0,15,low_activity,0,0,0,139,0,139,8568,2520,-0.5455,15,-117,19,6,10,6,4
1775352577,6,90,0,0,0,0,no_volume,0,0,0,0,no_volume,0,15,0,15,low_activity,0,0,0,115,0,115,8568,2480,-0.551,0,-117,19,6,10,6,4
1775352578,6,90,0,0,0,0,no_volume,0,0,0,0,no_volume,0,15,0,15,low_activity,0,0,0,115,0,115,8578,2480,-0.5515,10,-107,19,6,10,6,4
1775352579,6,90,0,0,0,0,no_volume,0,0,0,0,no_volume,0,15,0,15,low_activity,0,0,0,115,0,115,8578,2480,-0.5515,10,-107,19,6,10,6,4
1775352580,6,90,0,0,0,0,no_volume,0,0,0,0,no_volume,0,15,0,15,low_activity,0,0,0,115,0,115,8578,2480,-0.5515,10,-24,19,6,10,6,4
1775352581,6,90,0,0,0,0,no_volume,0,0,0,0,no_volume,0,15,0,15,low_activity,0,0,0,115,0,115,8578,2480,-0.5515,0,-107,19,6,10,6,4
1775352582,6,90,0,0,0,0,no_volume,0,0,0,0,no_volume,0,15,0,15,low_activity,0,0,0,115,0,115,8578,2480,-0.5515,0,-92,19,6,10,6,4
1775352583,6,90,0,0,0,0,no_volume,0,0,0,0,no_volume,0,15,0,15,low_activity,0,0,0,115,0,115,8712,2480,-0.5568,134,159,20,6,10,6,4
1775352584,6,90,0,0,0,0,no_volume,0,0,0,0,no_volume,0,15,0,15,low_activity,0,0,0,115,0,115,8673,2480,-0.5553,95,105,20,6,10,6,4
1775352585,6,90,0,0,0,0,no_volume,0,0,0,0,no_volume,0,15,0,15,low_activity,0,0,0,115,0,115,8733,2490,-0.5563,155,165,21,6,10,6,4
1775352586,6,90,0,0,0,0,no_volume,0,0,0,0,no_volume,0,15,0,15,low_activity,0,0,0,15,0,15,8733,2490,-0.5563,21,165,21,6,10,6,4
1775352587,6,90,0,0,0,0,no_volume,0,0,0,0,no_volume,0,15,0,15,low_activity,0,0,0,15,0,15,8733,2490,-0.5563,60,165,21,6,10,6,4
1775352588,6,90,0,84,0,84,low_activity,0,84,0,84,low_activity,0,99,0,99,low_activity,84,0,84,99,0,99,8658,2490,-0.5533,-75,80,21,6,10,6,4
1775352589,6,90,0,84,0,84,low_activity,0,84,0,84,low_activity,0,99,0,99,low_activity,0,0,0,99,0,99,8733,2580,-0.5439,0,155,21,6,10,6,4
1775352590,6,90,0,84,0,84,low_activity,0,84,0,84,low_activity,0,99,0,99,low_activity,0,0,0,99,0,99,8733,2580,-0.5439,0,155,21,6,10,6,4
1775352591,6,90,0,0,0,0,no_volume,0,84,0,84,low_activity,0,99,0,99,low_activity,0,0,0,99,0,99,8733,2580,-0.5439,75,155,21,6,10,6,4
1775352592,6,90,0,0,0,0,no_volume,0,84,0,84,low_activity,0,99,0,99,low_activity,0,0,0,99,0,99,8733,2570,-0.5453,0,155,21,6,10,6,4
1775352593,6,90,0,0,0,0,no_volume,0,0,0,0,no_volume,0,99,0,99,low_activity,0,0,0,99,0,99,8733,2570,-0.5453,0,21,21,6,10,6,4
1775352594,6,90,0,0,0,0,no_volume,0,0,0,0,no_volume,0,99,0,99,low_activity,0,0,0,99,0,99,8793,2570,-0.5477,60,120,21,6,10,6,4
1775352595,6,91,0,0,0,0,no_volume,0,0,0,0,no_volume,0,99,0,99,low_activity,0,0,0,99,0,99,8726,2600,-0.5409,-7,-7,22,6,9,6,3
1775352596,6,91,0,0,0,0,no_volume,0,0,0,0,no_volume,0,99,0,99,low_activity,0,0,0,99,0,99,8705,2600,-0.54,-28,-28,21,6,9,6,3
1775352597,6,91,0,0,0,0,no_volume,0,0,0,0,no_volume,0,99,0,99,low_activity,0,0,0,99,0,99,8726,2600,-0.5409,-67,-7,21,6,9,6,3
1775352598,6,92,0,0,0,0,no_volume,0,0,0,0,no_volume,0,99,0,99,low_activity,0,0,0,99,0,99,8726,2600,-0.5409,0,68,22,6,8,6,2
1775352599,6,91,0,0,0,0,no_volume,0,0,0,0,no_volume,0,99,0,99,low_activity,0,0,0,99,0,99,8676,2580,-0.5416,-29,-57,21,6,9,6,3
1775352600,6,91,0,0,0,0,no_volume,0,0,0,0,no_volume,0,99,0,99,low_activity,0,0,0,99,0,99,8676,2580,-0.5416,-50,-57,21,6,9,6,3
1775352601,6,91,0,0,0,0,no_volume,0,0,0,0,no_volume,0,99,0,99,low_activity,0,0,0,99,0,99,8676,2580,-0.5416,-50,-57,21,6,9,6,3
1775352602,6,91,0,0,0,0,no_volume,0,0,0,0,no_volume,0,84,0,84,low_activity,0,0,0,99,0,99,8676,2580,-0.5416,0,-57,21,6,9,6,3
1775352603,6,91,0,0,0,0,no_volume,0,0,0,0,no_volume,0,84,0,84,low_activity,0,0,0,99,0,99,8670,2580,-0.5413,-6,-63,21,6,9,6,3
1775352604,6,91,0,0,0,0,no_volume,0,0,0,0,no_volume,0,84,0,84,low_activity,0,0,0,99,0,99,8670,2473,-0.5561,-6,-123,21,6,9,6,3
1775352605,6,91,0,0,0,0,no_volume,0,0,0,0,no_volume,0,84,0,84,low_activity,0,0,0,99,0,99,8670,2473,-0.5561,-6,-56,21,6,9,6,3
1775352606,6,91,0,0,0,0,no_volume,0,0,0,0,no_volume,0,84,0,84,low_activity,0,0,0,99,0,99,8664,2473,-0.5559,-6,-41,21,6,9,6,3
1775352607,6,91,0,0,0,0,no_volume,0,0,0,0,no_volume,0,84,0,84,low_activity,0,0,0,99,0,99,8664,2473,-0.5559,-6,-62,21,6,9,6,3
1775352608,6,91,0,0,0,0,no_volume,0,0,0,0,no_volume,0,84,0,84,low_activity,0,0,0,99,0,99,8664,2473,-0.5559,-6,-62,21,6,9,6,3
1775352609,6,91,0,0,0,0,no_volume,0,0,0,0,no_volume,0,84,0,84,low_activity,0,0,0,99,0,99,8664,2473,-0.5559,0,-12,21,6,9,6,3
1775352610,6,91,0,0,0,0,no_volume,0,0,0,0,no_volume,0,84,0,84,low_activity,0,0,0,99,0,99,8664,2473,-0.5559,0,-12,21,6,9,6,3
1775352611,6,91,0,0,0,0,no_volume,0,0,0,0,no_volume,0,84,0,84,low_activity,0,0,0,99,0,99,8664,2473,-0.5559,0,-12,21,6,9,6,3
1775352612,6,91,0,0,0,0,no_volume,0,0,0,0,no_volume,0,84,0,84,low_activity,0,0,0,99,0,99,8664,2473,-0.5559,0,-12,21,6,9,6,3
1775352613,6,91,0,0,0,0,no_volume,0,0,0,0,no_volume,0,84,0,84,low_activity,0,0,0,99,0,99,8664,2590,-0.5397,0,-6,21,6,9,6,3
1775352614,6,91,0,0,0,0,no_volume,0,0,0,0,no_volume,0,84,0,84,low_activity,0,0,0,99,0,99,8664,2590,-0.5397,0,-6,21,6,9,6,3
1775352615,6,91,0,0,0,0,no_volume,0,0,0,0,no_volume,0,84,0,84,low_activity,0,0,0,99,0,99,8664,2590,-0.5397,0,-6,21,6,9,6,3
1775352616,6,91,0,0,0,0,no_volume,0,0,0,0,no_volume,0,84,0,84,low_activity,0,0,0,99,0,99,8664,2590,-0.5397,0,0,21,6,9,6,3
1775352617,6,91,0,0,0,0,no_volume,0,0,0,0,no_volume,0,84,0,84,low_activity,0,0,0,99,0,99,8664,2590,-0.5397,0,0,21,6,9,6,3
1775352618,6,91,0,0,0,0,no_volume,0,0,0,0,no_volume,0,0,0,0,no_volume,0,0,0,99,0,99,8664,2590,-0.5397,0,0,21,6,9,6,3
1775352619,6,91,0,0,0,0,no_volume,0,0,0,0,no_volume,0,0,0,0,no_volume,0,0,0,99,0,99,8664,2590,-0.5397,0,0,21,6,9,6,3
1775352620,6,91,0,0,0,0,no_volume,0,0,0,0,no_volume,0,0,0,0,no_volume,0,0,0,99,0,99,8664,2590,-0.5397,0,0,21,6,9,6,3
1775352621,6,91,0,0,0,0,no_volume,0,0,0,0,no_volume,0,0,0,0,no_volume,0,0,0,99,0,99,8664,2590,-0.5397,0,0,21,6,9,6,3
1775352622,6,91,0,0,0,0,no_volume,0,0,0,0,no_volume,0,0,0,0,no_volume,0,0,0,99,0,99,8664,2590,-0.5397,0,0,21,6,9,6,3
1775352623,6,91,0,0,0,0,no_volume,0,0,0,0,no_volume,0,0,0,0,no_volume,0,0,0,99,0,99,8664,2590,-0.5397,0,0,21,6,9,6,3
1775352624,6,91,0,0,0,0,no_volume,0,0,0,0,no_volume,0,0,0,0,no_volume,0,0,0,99,0,99,8664,2590,-0.5397,0,0,21,6,9,6,3
1775352625,6,91,0,0,0,0,no_volume,0,0,0,0,no_volume,0,0,0,0,no_volume,0,0,0,99,0,99,8664,2590,-0.5397,0,0,21,6,9,6,3
1775352626,6,91,0,0,0,0,no_volume,0,0,0,0,no_volume,0,0,0,0,no_volume,0,0,0,99,0,99,8664,2590,-0.5397,0,0,21,6,9,6,3
1775352627,6,91,0,0,0,0,no_volume,0,0,0,0,no_volume,0,0,0,0,no_volume,0,0,0,99,0,99,8664,2590,-0.5397,0,0,21,6,9,6,3
1775352628,6,91,0,0,0,0,no_volume,0,0,0,0,no_volume,0,0,0,0,no_volume,0,0,0,99,0,99,8664,2640,-0.5329,0,0,21,6,9,6,3
1775352629,6,91,0,0,0,0,no_volume,0,0,0,0,no_volume,0,0,0,0,no_volume,0,0,0,99,0,99,8664,2640,-0.5329,0,0,21,6,9,6,3
1775352630,6,91,0,0,0,0,no_volume,0,0,0,0,no_volume,0,0,0,0,no_volume,0,0,0,99,0,99,8664,2640,-0.5329,0,0,21,6,9,6,3
1775352631,6,91,0,0,0,0,no_volume,0,0,0,0,no_volume,0,0,0,0,no_volume,0,0,0,99,0,99,8664,2640,-0.5329,0,0,21,6,9,6,3
1775352632,6,91,0,0,0,0,no_volume,0,0,0,0,no_volume,0,0,0,0,no_volume,0,0,0,84,0,84,8664,2640,-0.5329,0,0,21,6,9,6,3
1775352633,6,91,0,0,0,0,no_volume,0,0,0,0,no_volume,0,0,0,0,no_volume,0,0,0,84,0,84,8664,2640,-0.5329,0,0,21,6,9,6,3
1775352634,6,91,0,0,0,0,no_volume,0,0,0,0,no_volume,0,0,0,0,no_volume,0,0,0,84,0,84,8664,2640,-0.5329,0,0,21,6,9,6,3
1775352635,6,91,0,0,0,0,no_volume,0,0,0,0,no_volume,0,0,0,0,no_volume,0,0,0,84,0,84,8664,2640,-0.5329,0,0,21,6,9,6,3
1775352636,6,91,0,0,0,0,no_volume,0,0,0,0,no_volume,0,0,0,0,no_volume,0,0,0,84,0,84,8664,2640,-0.5329,0,0,21,6,9,6,3
1775352637,6,91,0,0,0,0,no_volume,0,0,0,0,no_volume,0,0,0,0,no_volume,0,0,0,84,0,84,8664,2640,-0.5329,0,0,21,6,9,6,3
1775352638,6,91,0,0,0,0,no_volume,0,0,0,0,no_volume,0,0,0,0,no_volume,0,0,0,84,0,84,8664,2640,-0.5329,0,0,21,6,9,6,3
1775352639,6,91,0,0,0,0,no_volume,0,0,0,0,no_volume,0,0,0,0,no_volume,0,0,0,84,0,84,8664,2640,-0.5329,0,0,21,6,9,6,3
1775352640,6,91,0,0,0,0,no_volume,0,0,0,0,no_volume,0,0,0,0,no_volume,0,0,0,84,0,84,8664,2640,-0.5329,0,0,21,6,9,6,3
1775352641,6,91,0,0,0,0,no_volume,0,0,0,0,no_volume,0,0,0,0,no_volume,0,0,0,84,0,84,8664,2640,-0.5329,0,0,21,6,9,6,3
1775352642,6,91,0,0,0,0,no_volume,0,0,0,0,no_volume,0,0,0,0,no_volume,0,0,0,84,0,84,8664,2640,-0.5329,0,0,21,6,9,6,3
1775352643,6,91,0,0,0,0,no_volume,0,0,0,0,no_volume,0,0,0,0,no_volume,0,0,0,84,0,84,8664,2807,-0.5106,0,0,21,6,9,6,3
1775352644,6,91,0,0,0,0,no_volume,0,0,0,0,no_volume,0,0,0,0,no_volume,0,0,0,84,0,84,8664,2640,-0.5329,0,0,21,6,9,6,3
1775352645,6,91,0,0,0,0,no_volume,0,0,0,0,no_volume,0,0,0,0,no_volume,0,0,0,84,0,84,8664,2640,-0.5329,0,0,21,6,9,6,3
1775352646,6,91,0,0,0,0,no_volume,0,0,0,0,no_volume,0,0,0,0,no_volume,0,0,0,84,0,84,8664,2640,-0.5329,0,0,21,6,9,6,3
1775352647,6,91,0,0,0,0,no_volume,0,0,0,0,no_volume,0,0,0,0,no_volume,0,0,0,84,0,84,8664,2320,-0.5776,0,0,21,6,9,6,3
1775352648,6,91,0,0,0,0,no_volume,0,0,0,0,no_volume,0,0,0,0,no_volume,0,0,0,0,0,0,8664,2320,-0.5776,0,0,21,6,9,6,3
1775352649,6,91,0,0,0,0,no_volume,0,0,0,0,no_volume,0,0,0,0,no_volume,0,0,0,0,0,0,8664,2320,-0.5776,0,0,21,6,9,6,3
1775352650,6,91,0,0,0,0,no_volume,0,0,0,0,no_volume,0,0,0,0,no_volume,0,0,0,0,0,0,8664,2320,-0.5776,0,0,21,6,9,6,3
1775352651,6,91,0,0,0,0,no_volume,0,0,0,0,no_volume,0,0,0,0,no_volume,0,0,0,0,0,0,8664,2320,-0.5776,0,0,21,6,9,6,3
1775352652,6,91,0,0,0,0,no_volume,0,0,0,0,no_volume,0,0,0,0,no_volume,0,0,0,0,0,0,8664,2620,-0.5356,0,0,21,6,9,6,3
1775352653,6,91,0,0,0,0,no_volume,0,0,0,0,no_volume,0,0,0,0,no_volume,0,0,0,0,0,0,8664,2620,-0.5356,0,0,21,6,9,6,3
1775352654,6,91,0,0,0,0,no_volume,0,0,0,0,no_volume,0,0,0,0,no_volume,0,0,0,0,0,0,8664,2620,-0.5356,0,0,21,6,9,6,3
1775352655,20,44,-0.154,780,1065,1845,ok_volume,-0.154,780,1065,1845,ok_volume,-0.154,780,1065,1845,ok_volume,789,1112,1901,789,1112,1901,7951,4183,-0.3105,-713,-713,20,8,56,20,36
1775352656,8,46,-0.225,780,1234,2014,ok_volume,-0.225,780,1234,2014,ok_volume,-0.225,780,1234,2014,ok_volume,0,169,169,789,1281,2070,7991,3480,-0.3933,-673,-673,22,8,54,8,46
1775352657,61,27,-0.135,941,1234,2175,ok_volume,-0.135,941,1234,2175,ok_volume,-0.135,941,1234,2175,ok_volume,174,0,174,963,1281,2244,7843,3945,-0.3307,-821,-821,16,11,73,61,12
1775352658,62,29,0.101,207,169,376,ok_volume,-0.111,987,1234,2221,ok_volume,-0.111,987,1234,2221,ok_volume,49,0,49,1012,1281,2293,7799,5151,-0.2045,-152,-865,17,13,71,62,9
1775352659,65,28,0,207,0,207,low_total_volume,-0.111,987,1234,2221,ok_volume,-0.111,987,1234,2221,ok_volume,0,0,0,1012,1281,2293,7799,5848,-0.143,-192,-865,17,16,72,65,7
1775352660,65,29,0,114,0,114,low_activity,0.239,275,169,444,ok_volume,-0.078,1055,1234,2289,ok_volume,85,0,85,1097,1281,2378,7676,5061,-0.2053,-167,-988,15,13,71,65,6
1775352661,67,19,0,82,0,82,low_activity,0,289,0,289,low_total_volume,-0.072,1069,1234,2303,ok_volume,27,0,27,1124,1281,2405,7710,5297,-0.1855,-89,-954,13,15,81,67,14
1775352662,67,19,0,82,0,82,low_activity,0,128,0,128,low_activity,-0.072,1069,1234,2303,ok_volume,0,0,0,1124,1281,2405,7770,7295,-0.0315,-29,-894,13,15,81,67,14
1775352663,67,19,0,14,0,14,low_activity,0,82,0,82,low_activity,-0.072,1069,1234,2303,ok_volume,0,0,0,1124,1281,2405,7770,7295,-0.0315,94,-894,13,15,81,67,14
1775352664,67,19,0,0,0,0,no_volume,0,82,0,82,low_activity,-0.072,1069,1234,2303,ok_volume,0,0,0,1124,1281,2405,7710,5295,-0.1857,0,-954,13,14,81,67,14
1775352665,61,19,0,0,0,0,no_volume,0,14,0,14,low_activity,-0.072,1069,1234,2303,ok_volume,0,0,0,1124,1281,2405,7705,5153,-0.1985,-65,-246,12,13,81,61,20
1775352666,65,19,0,0,0,0,no_volume,0,0,0,0,no_volume,-0.072,1069,1234,2303,ok_volume,0,0,0,1124,1281,2405,7705,5262,-0.1884,-65,-286,12,15,81,65,16
1775352667,71,19,0,0,0,0,no_volume,0,0,0,0,no_volume,-0.072,1069,1234,2303,ok_volume,0,0,0,1124,1281,2405,7705,4861,-0.2263,-5,-138,12,13,81,71,10
1775352668,72,19,0,0,0,0,no_volume,0,0,0,0,no_volume,-0.072,1069,1234,2303,ok_volume,0,0,0,1124,1281,2405,7705,4881,-0.2244,0,-94,12,13,81,72,9
1775352669,72,19,0,0,0,0,no_volume,0,0,0,0,no_volume,-0.072,1069,1234,2303,ok_volume,0,0,0,1124,1281,2405,7705,4881,-0.2244,0,-94,12,13,81,72,9
1775352670,77,19,0,0,0,0,no_volume,0,0,0,0,no_volume,-0.072,1069,1234,2303,ok_volume,0,0,0,1124,1281,2405,7705,4876,-0.2249,0,29,12,14,81,77,4
1775352671,77,19,0,61,0,61,low_activity,0,61,0,61,low_activity,-0.044,1130,1234,2364,ok_volume,61,0,61,1185,1281,2466,9619,4452,-0.3672,1914,1909,12,15,81,77,4
1775352672,77,19,0,61,0,61,low_activity,0,61,0,61,low_activity,-0.044,1130,1234,2364,ok_volume,0,0,0,1185,1281,2466,9559,4493,-0.3605,1854,1789,12,15,81,77,4
1775352673,77,19,0,61,0,61,low_activity,0,61,0,61,low_activity,-0.044,1130,1234,2364,ok_volume,0,0,0,1185,1281,2466,9559,4493,-0.3605,1854,1789,12,15,81,77,4
1775352674,79,20,0,0,0,0,no_volume,0,61,0,61,low_activity,-0.044,1130,1234,2364,ok_volume,0,0,0,1185,1281,2466,9571,4000,-0.4105,-48,1861,13,16,80,79,1
1775352675,79,19,0,25,0,25,low_activity,0,86,0,86,low_activity,-0.033,1155,1234,2389,ok_volume,25,0,25,1210,1281,2491,9546,4000,-0.4094,-13,1841,12,16,81,79,2
1775352676,79,19,0,25,0,25,low_activity,0,25,0,25,low_activity,-0.033,1155,1234,2389,ok_volume,0,0,0,1210,1281,2491,9546,3932,-0.4165,-13,1841,12,13,81,79,2
1775352677,80,19,0,39,0,39,low_activity,0,39,0,39,low_activity,-0.027,1169,1234,2403,ok_volume,14,0,14,1224,1281,2505,9532,3932,-0.4159,-39,1827,12,13,81,80,1
1775352678,80,19,0,14,0,14,low_activity,0,39,0,39,low_activity,-0.027,1169,1234,2403,ok_volume,0,0,0,1224,1281,2505,9532,3882,-0.4212,-14,1827,12,15,81,80,1
1775352679,80,19,0,14,0,14,low_activity,0,39,0,39,low_activity,-0.027,1169,1234,2403,ok_volume,0,0,0,1224,1281,2505,9532,3878,-0.4216,-14,1827,12,15,81,80,1
1775352680,80,19,0,0,0,0,no_volume,0,14,0,14,low_activity,-0.027,1169,1234,2403,ok_volume,0,0,0,1224,1281,2505,9557,3896,-0.4208,25,1852,13,15,81,80,1
1775352681,80,19,0,0,0,0,no_volume,0,14,0,14,low_activity,-0.027,1169,1234,2403,ok_volume,0,0,0,1224,1281,2505,9917,4156,-0.4094,385,298,14,15,81,80,1
1775352682,80,19,0,0,0,0,no_volume,0,0,0,0,no_volume,-0.027,1169,1234,2403,ok_volume,0,0,0,1224,1281,2505,9917,4156,-0.4094,385,358,14,16,81,80,1
1775352683,80,19,0,0,0,0,no_volume,0,0,0,0,no_volume,-0.027,1169,1234,2403,ok_volume,0,0,0,1224,1281,2505,9917,4056,-0.4195,360,358,14,16,81,80,1
1775352684,81,16,0,320,0,320,low_activity,0,320,0,320,low_activity,0.094,1489,1234,2723,ok_volume,322,0,322,1546,1281,2827,9540,4026,-0.4065,-377,-31,12,17,84,81,3
1775352685,82,16,0,320,0,320,low_activity,0,320,0,320,low_activity,0.615,709,169,878,ok_volume,0,0,0,1546,1281,2827,9562,4046,-0.4053,-355,16,12,17,84,82,2
1775352686,83,12,1.0,380,0,380,ok_volume,1.0,380,0,380,ok_volume,1.0,769,0,769,ok_volume,65,0,65,1611,1281,2892,9497,4171,-0.3897,-420,-49,11,18,88,83,5
1775352687,85,12,0,70,0,70,low_activity,1.0,390,0,390,ok_volume,1.0,618,0,618,ok_volume,16,0,16,1627,1281,2908,9241,3821,-0.4149,-299,-291,10,17,88,85,3
1775352688,85,12,0,70,0,70,low_activity,1.0,390,0,390,ok_volume,1.0,572,0,572,ok_volume,0,0,0,1627,1281,2908,9250,3770,-0.4209,-312,-282,11,16,88,85,3
1775352689,85,11,0,10,0,10,low_activity,0,70,0,70,low_activity,1.0,572,0,572,ok_volume,5,0,5,1632,1281,2913,9250,3770,-0.4209,-247,-282,11,16,89,85,4
1775352690,84,10,0.696,496,89,585,ok_volume,0.728,566,89,655,ok_volume,0.837,1000,89,1089,ok_volume,482,94,576,2133,1375,3508,8705,3826,-0.3894,-536,-852,9,15,90,84,6
1775352691,88,11,0.696,496,89,585,ok_volume,0.701,506,89,595,ok_volume,0.834,986,89,1075,ok_volume,0,0,0,2133,1375,3508,8833,3946,-0.3824,-417,-1084,11,17,89,88,1
1775352692,88,11,0.688,482,89,571,ok_volume,0.696,496,89,585,ok_volume,0.834,986,89,1075,ok_volume,0,0,0,2133,1375,3508,8833,3911,-0.3862,-417,-1084,11,15,89,88,1
1775352693,88,11,0,0,0,0,no_volume,0.696,496,89,585,ok_volume,0.834,986,89,1075,ok_volume,0,0,0,2133,1375,3508,8833,3911,-0.3862,128,-1084,11,15,89,88,1
1775352694,87,8,0.974,4026,53,4079,ok_volume,0.939,4508,142,4650,ok_volume,0.945,5012,142,5154,ok_volume,4026,62,4088,6159,1437,7596,5222,3880,-0.1474,-3611,-4318,8,14,92,87,5
1775352695,87,8,0.974,4026,53,4079,ok_volume,0.974,4026,53,4079,ok_volume,0.945,5012,142,5154,ok_volume,0,0,0,6167,1437,7604,5279,5630,0.0322,-3554,-4283,8,16,92,87,5
1775352696,87,8,0.974,4026,53,4079,ok_volume,0.974,4026,53,4079,ok_volume,0.945,5012,142,5154,ok_volume,0,0,0,6167,1437,7604,5282,5505,0.0207,-3551,-4215,8,15,92,87,5
1775352697,87,8,0,0,0,0,no_volume,0.974,4026,53,4079,ok_volume,0.945,5012,142,5154,ok_volume,0,0,0,6167,1437,7604,4872,5505,0.061,-350,-4369,7,15,92,87,5
1775352698,89,8,0,0,0,0,low_activity,0.974,4026,53,4079,ok_volume,0.945,5012,142,5154,ok_volume,0,8,8,6167,1445,7612,6562,5620,-0.0773,1283,-2688,7,14,92,89,3
1775352699,90,8,0,0,0,0,low_activity,0,0,0,0,low_activity,0.945,5012,142,5154,ok_volume,0,0,0,6167,1445,7612,6562,5640,-0.0756,1280,-2688,7,15,92,90,2
1775352700,91,7,0,0,0,0,low_activity,0,0,0,0,low_activity,0.945,5012,142,5154,ok_volume,0,0,0,6167,1445,7612,6575,5650,-0.0757,1703,-2130,7,15,93,91,2
1775352701,89,6,0,13,15,28,low_activity,0,13,15,28,low_activity,0.939,4964,157,5121,ok_volume,18,20,38,6190,1465,7655,6557,5937,-0.0496,-5,-2276,6,14,94,89,5
1775352702,92,6,0,13,349,362,low_activity,0,13,349,362,low_activity,0.82,4964,491,5455,ok_volume,0,336,336,6190,1801,7991,6562,5576,-0.0812,0,-2271,6,15,94,92,2
1775352703,92,6,0,13,349,362,low_activity,0,13,349,362,low_activity,0.82,4964,491,5455,ok_volume,0,0,0,6190,1801,7991,6562,5953,-0.0487,-13,-2271,6,15,94,92,2
1775352704,93,6,0,0,334,334,low_activity,0,13,349,362,low_activity,0.82,4964,491,5455,ok_volume,0,0,0,6190,1801,7991,6625,5785,-0.0677,68,1403,6,14,94,93,1
1775352705,93,6,0,0,41,41,low_activity,-0.935,13,390,403,ok_volume,0.806,4939,532,5471,ok_volume,0,46,46,6190,1847,8037,6630,5972,-0.0522,68,1351,6,13,94,93,1
1775352706,93,6,0,0,41,41,low_activity,0,0,375,375,low_activity,0.806,4939,532,5471,ok_volume,0,0,0,6190,1847,8037,6625,5973,-0.0518,63,1343,6,14,94,93,1
1775352707,93,6,0,0,53,53,low_activity,0,0,53,53,low_activity,0.801,4925,544,5469,ok_volume,0,12,12,6190,1859,8049,6630,5979,-0.0516,5,1758,6,14,94,93,1
1775352708,93,6,0,27,12,39,low_activity,0,27,53,80,low_activity,0.802,4952,544,5496,ok_volume,27,0,27,6217,1859,8076,6598,5984,-0.0488,-32,36,6,14,94,93,1
1775352709,93,6,0,27,96,123,low_activity,0,27,137,164,low_total_volume,0.775,4952,628,5580,ok_volume,0,84,84,6217,1943,8160,6898,5541,-0.1091,273,336,6,13,94,93,1
1775352710,93,6,0,57,84,141,low_activity,0,57,96,153,low_activity,0.776,4982,628,5610,ok_volume,30,0,30,6247,1943,8190,6868,3711,-0.2984,238,293,6,13,94,93,1
1775352711,93,6,0,30,84,114,low_activity,0,57,96,153,low_activity,0.776,4982,628,5610,ok_volume,0,0,0,6247,1943,8190,6868,3711,-0.2984,270,311,6,13,94,93,1
1775352712,93,6,-0.614,65,272,337,ok_volume,-0.589,92,356,448,ok_volume,0.696,5017,900,5917,ok_volume,35,277,312,6282,2220,8502,6833,3266,-0.3532,-65,271,6,12,94,93,1
1775352713,93,6,0,35,272,307,low_activity,-0.691,65,356,421,ok_volume,0.696,5017,900,5917,ok_volume,3,0,3,6285,2220,8505,6805,3306,-0.3461,-63,243,6,13,94,93,1
1775352714,93,6,0,35,272,307,low_activity,-0.614,65,272,337,ok_volume,0.678,4697,900,5597,ok_volume,0,0,0,6285,2220,8505,6805,3311,-0.3454,-63,180,6,14,94,93,1
1775352715,92,5,0.492,308,105,413,ok_volume,-0.047,343,377,720,ok_volume,0.666,5005,1005,6010,ok_volume,313,105,418,5809,1213,7022,6472,3327,-0.321,-361,-158,5,14,95,92,3
1775352716,94,5,0.387,308,136,444,ok_volume,-0.087,343,408,751,ok_volume,0.654,4945,1036,5981,ok_volume,0,31,31,5809,1075,6884,6497,3435,-0.3083,-308,-128,5,15,95,94,1
1775352717,94,5,0.387,308,136,444,ok_volume,0.387,308,136,444,ok_volume,0.653,4935,1036,5971,ok_volume,0,0,0,5635,1075,6710,6497,3435,-0.3083,-308,-133,5,15,95,94,1
1775352718,93,5,0,0,219,219,low_activity,-0.025,308,324,632,ok_volume,0.603,4935,1224,6159,ok_volume,0,193,193,5586,1268,6854,6507,3474,-0.3039,35,-91,5,15,95,93,2
1775352719,91,6,0,0,188,188,low_activity,-0.025,308,324,632,ok_volume,0.602,4921,1224,6145,ok_volume,0,0,0,5586,1268,6854,6207,3461,-0.284,-290,-691,6,14,94,91,3
1775352720,92,5,0,50,188,238,low_activity,0,50,219,269,low_total_volume,0.596,4489,1135,5624,ok_volume,55,0,55,5556,1268,6824,6157,3474,-0.2786,-340,-711,5,13,95,92,3
1775352721,92,4,0,50,0,50,low_activity,0,50,188,238,low_activity,0.596,4489,1135,5624,ok_volume,0,0,0,5529,1268,6797,6178,3474,-0.2801,-329,-690,4,13,96,92,4
1775352722,92,4,0,50,0,50,low_activity,0,50,188,238,low_activity,0.596,4489,1135,5624,ok_volume,0,0,0,5529,1268,6797,6178,3474,-0.2801,-29,-655,4,13,96,92,4
1775352723,92,4,0,0,0,0,no_volume,0,50,0,50,low_activity,0.596,4489,1135,5624,ok_volume,0,0,0,5529,1268,6797,6178,3474,-0.2801,21,-627,4,13,96,92,4
1775352724,92,4,0,0,0,0,no_volume,0,50,0,50,low_activity,-0.401,463,1082,1545,ok_volume,0,0,0,5529,1268,6797,6185,3494,-0.278,7,-620,4,14,96,92,4
1775352725,92,4,0,0,0,0,no_volume,0,0,0,0,no_volume,-0.401,463,1082,1545,ok_volume,0,0,0,5529,1268,6797,6180,3994,-0.2149,2,-292,4,14,96,92,4
1775352726,94,4,0,0,0,0,no_volume,0,0,0,0,no_volume,-0.401,463,1082,1545,ok_volume,0,0,0,5529,1268,6797,6180,3967,-0.2181,2,-317,4,15,96,94,2
1775352727,94,4,0,0,0,0,no_volume,0,0,0,0,no_volume,-0.401,463,1082,1545,ok_volume,0,0,0,5529,1268,6797,6180,3967,-0.2181,-5,-317,4,15,96,94,2
1775352728,94,4,0,0,0,0,low_activity,0,0,0,0,low_activity,-0.401,463,1082,1545,ok_volume,0,0,0,5530,1268,6798,6189,3974,-0.2179,9,-318,4,15,96,94,2
1775352729,94,4,0,0,11,11,low_activity,0,0,11,11,low_activity,-0.405,463,1093,1556,ok_volume,0,16,16,5530,1284,6814,6194,3964,-0.2195,14,-13,4,16,96,94,2
1775352730,93,5,0,0,119,119,low_activity,0,0,119,119,low_activity,-0.444,463,1201,1664,ok_volume,0,113,113,5530,1397,6927,6149,3812,-0.2346,-31,-8,5,14,95,93,2
1775352731,94,4,0,40,119,159,low_total_volume,0,40,119,159,low_total_volume,-0.415,490,1186,1676,ok_volume,54,0,54,5523,1397,6920,6100,3812,-0.2308,-89,-78,4,14,96,94,2
1775352732,94,4,0,40,108,148,low_activity,0,40,119,159,low_total_volume,-0.27,490,852,1342,ok_volume,0,0,0,5523,1397,6920,6160,3830,-0.2332,-34,-18,4,14,96,94,2
1775352733,94,4,0,40,0,40,low_activity,0,40,119,159,low_total_volume,-0.27,490,852,1342,ok_volume,0,0,0,5523,1397,6920,6100,3850,-0.2261,-49,-78,4,14,96,94,2
1775352734,94,3,0,0,0,0,low_activity,0,40,108,148,low_activity,-0.27,490,852,1342,ok_volume,5,0,5,5528,1397,6925,6095,3926,-0.2164,-5,-90,3,14,97,94,3
1775352735,86,6,0,0,52,52,low_activity,0,40,52,92,low_activity,-0.276,490,863,1353,ok_volume,0,55,55,5503,1452,6955,6174,3968,-0.2175,14,-6,5,13,94,86,8
1775352736,86,4,0,0,52,52,low_activity,0,0,52,52,low_activity,-0.276,490,863,1353,ok_volume,0,0,0,5503,1452,6955,6147,3858,-0.2288,47,-33,4,14,96,86,10
1775352737,88,4,0,0,52,52,low_activity,0,0,52,52,low_activity,-0.269,490,851,1341,ok_volume,0,0,0,5489,1452,6941,6124,4312,-0.1736,29,-56,4,15,96,88,8
1775352738,88,4,0,45,0,45,low_activity,0,45,52,97,low_activity,-0.252,508,851,1359,ok_volume,55,0,55,5544,1452,6996,6094,4282,-0.1746,-80,-95,4,16,96,88,8
1775352739,89,4,0,45,0,45,low_activity,0,45,52,97,low_activity,-0.203,508,767,1275,ok_volume,0,0,0,5544,1452,6996,6104,4168,-0.1885,-43,-90,4,16,96,89,7
1775352740,89,4,0,45,0,45,low_activity,0,45,0,45,low_activity,-0.232,478,767,1245,ok_volume,0,0,0,5544,1452,6996,6128,4193,-0.1875,4,-21,4,15,96,89,7
1775352741,89,4,0,0,0,0,no_volume,0,45,0,45,low_activity,-0.232,478,767,1245,ok_volume,0,0,0,5544,1452,6996,6158,4283,-0.1796,64,58,4,16,96,89,7
1775352742,90,4,0,0,0,0,no_volume,0,45,0,45,low_activity,-0.055,443,495,938,ok_volume,0,0,0,5544,1452,6996,6158,4040,-0.2077,54,-2,4,17,96,90,6
1775352743,90,3,0,48,0,48,low_activity,0,48,0,48,low_activity,-0.004,491,495,986,ok_volume,55,0,55,5599,1452,7051,6159,4062,-0.2052,31,59,3,17,97,90,7
1775352744,90,4,0,48,0,48,low_activity,0,48,0,48,low_activity,-0.004,491,495,986,ok_volume,0,0,0,5277,1452,6729,6166,4322,-0.1758,8,71,4,18,96,90,6
1775352745,89,4,0,48,0,48,low_activity,0,48,0,48,low_activity,-0.361,183,390,573,ok_volume,0,0,0,5277,1452,6729,6192,4257,-0.1852,34,18,4,17,96,89,7
1775352746,89,4,0,0,0,0,low_activity,0,48,0,48,low_activity,-0.325,183,359,542,ok_volume,0,8,8,5217,1460,6677,6194,4282,-0.1825,35,47,4,17,96,89,7
1775352747,89,4,0,0,0,0,low_activity,0,48,0,48,low_activity,-0.325,183,359,542,ok_volume,2,0,2,5203,1460,6663,6330,4084,-0.2157,164,206,4,16,96,89,7
1775352748,89,4,0,40,0,40,low_activity,0,40,0,40,low_activity,0.132,223,171,394,ok_volume,55,0,55,5258,1460,6718,6320,4084,-0.2149,128,226,4,16,96,89,7
1775352749,89,4,0,40,0,40,low_activity,0,40,0,40,low_activity,0.132,223,171,394,ok_volume,0,0,0,5234,1460,6694,6320,4084,-0.2149,126,216,4,16,96,89,7
1775352750,89,4,0,40,0,40,low_activity,0,40,0,40,low_activity,0.006,173,171,344,ok_volume,0,0,0,4752,1366,6118,6298,4164,-0.204,-32,170,4,16,96,89,7
1775352751,89,4,0,80,45,125,low_total_volume,0,120,45,165,low_total_volume,0.079,253,216,469,ok_volume,82,45,127,4834,1411,6245,6253,4045,-0.2144,-67,95,4,16,96,89,7
1775352752,90,5,0,80,45,125,low_total_volume,0,120,45,165,low_total_volume,0.079,253,216,469,ok_volume,0,0,0,4834,1411,6245,6296,4047,-0.2174,-24,138,5,17,95,90,5
1775352753,90,5,0,80,45,125,low_total_volume,0,80,45,125,low_total_volume,0.079,253,216,469,ok_volume,0,0,0,4834,1411,6245,6296,4177,-0.2023,-2,137,5,17,95,90,5
1775352754,90,4,0,50,0,50,low_activity,0,130,45,175,low_total_volume,0.168,303,216,519,ok_volume,55,0,55,855,1349,2204,6235,4177,-0.1977,-18,69,4,17,96,90,6
1775352755,90,5,0,50,0,50,low_activity,0,130,45,175,low_total_volume,0.168,303,216,519,ok_volume,0,0,0,855,1349,2204,6292,4177,-0.202,-4,100,5,17,95,90,5
1775352756,90,5,0,50,0,50,low_activity,0,50,0,50,low_activity,0.168,303,216,519,ok_volume,0,0,0,855,1349,2204,6292,4177,-0.202,-4,98,5,17,95,90,5
1775352757,90,5,0,0,0,0,no_volume,0,50,0,50,low_activity,0.168,303,216,519,ok_volume,0,0,0,855,1349,2204,6292,4177,-0.202,57,-38,5,17,95,90,5
1775352758,90,5,0,0,0,0,no_volume,0,50,0,50,low_activity,0.168,303,216,519,ok_volume,0,0,0,855,1341,2196,6293,4177,-0.2021,1,-27,5,17,95,90,5
1775352759,90,5,0,0,0,0,no_volume,0,0,0,0,no_volume,0.193,303,205,508,ok_volume,0,0,0,855,1341,2196,6293,4177,-0.2021,1,-27,5,17,95,90,5
1775352760,90,5,0,111,0,111,low_activity,0,111,0,111,low_activity,0.62,414,97,511,ok_volume,119,0,119,969,1341,2310,6277,4237,-0.194,-15,-21,5,15,95,90,5
1775352761,91,5,0,131,0,131,low_activity,0,131,0,131,low_activity,0.605,394,97,491,ok_volume,20,0,20,971,1321,2292,6365,4286,-0.1952,72,112,5,16,95,91,4
1775352762,91,6,0,131,0,131,low_activity,0,131,0,131,low_activity,0.605,394,97,491,ok_volume,0,0,0,971,985,1956,6370,4439,-0.1786,77,74,6,18,94,91,3
1775352763,91,6,0,20,0,20,low_activity,0,131,0,131,low_activity,0.605,394,97,491,ok_volume,0,0,0,971,985,1956,6153,4399,-0.1662,-124,-143,4,15,94,91,3
1775352764,91,6,0,0,0,0,no_volume,0,131,0,131,low_activity,0.605,394,97,491,ok_volume,0,0,0,971,985,1956,6153,4274,-0.1802,-212,-82,4,16,94,91,3
1775352765,92,5,0,49,0,49,low_activity,0,69,0,69,low_activity,0.816,443,45,488,ok_volume,0,0,0,1027,939,1966,6103,4292,-0.1742,-267,-189,4,16,95,92,3
1775352766,91,5,0,49,0,49,low_activity,0,49,0,49,low_activity,0.816,443,45,488,ok_volume,0,0,0,1027,939,1966,6103,4093,-0.1971,-50,-189,4,15,95,91,4
1775352767,91,4,0,0,0,0,no_volume,0,49,0,49,low_activity,0.816,443,45,488,ok_volume,0,0,0,1027,927,1954,6133,4093,-0.1995,-20,-159,4,15,96,91,5
1775352768,94,4,0,0,0,0,no_volume,0,49,0,49,low_activity,0.797,398,45,443,ok_volume,0,0,0,1000,927,1927,6186,4094,-0.2035,83,-107,4,16,96,94,2
1775352769,94,4,0,0,0,0,no_volume,0,0,0,0,no_volume,0.797,398,45,443,ok_volume,0,0,0,1000,843,1843,6197,4094,-0.2044,94,-96,4,16,96,94,2
1775352770,92,4,0,0,0,0,low_activity,0,0,0,0,low_activity,0.797,398,45,443,ok_volume,0,1,1,970,844,1814,6154,4124,-0.1975,21,-123,4,14,96,92,4
1775352771,92,4,0,0,0,0,low_activity,0,0,0,0,low_activity,0.797,398,45,443,ok_volume,0,0,0,970,844,1814,6143,4142,-0.1946,-43,-222,4,14,96,92,4
1775352772,91,5,0,0,0,0,low_activity,0,0,0,0,low_activity,0.797,398,45,443,ok_volume,0,0,0,935,567,1502,6281,4117,-0.2081,84,-89,5,13,95,91,4
1775352773,91,5,0,0,0,0,no_volume,0,0,0,0,low_activity,0.772,350,45,395,ok_volume,0,0,0,932,567,1499,6221,4142,-0.2006,67,68,5,13,95,91,4
1775352774,91,5,0,0,0,0,no_volume,0,0,0,0,low_activity,0.772,350,45,395,ok_volume,0,0,0,932,567,1499,6221,4142,-0.2006,78,68,5,13,95,91,4
1775352775,91,5,0,0,0,0,no_volume,0,0,0,0,no_volume,0.772,350,45,395,ok_volume,0,0,0,619,462,1081,6221,4216,-0.1921,-60,118,5,14,95,91,4
1775352776,91,3,0,88,0,88,low_activity,0,88,0,88,low_activity,0.814,438,45,483,ok_volume,94,0,94,713,431,1144,6187,4242,-0.1865,-34,84,3,14,97,91,6
1775352777,91,4,0,88,0,88,low_activity,0,88,0,88,low_activity,0.814,438,45,483,ok_volume,0,0,0,713,431,1144,6196,4242,-0.1872,-25,63,4,14,96,91,5
1775352778,91,3,0,88,0,88,low_activity,0,88,0,88,low_activity,0.797,398,45,443,ok_volume,0,0,0,713,238,951,6157,4174,-0.1919,-64,-29,3,14,97,91,6
1775352779,92,4,0,0,0,0,no_volume,0,88,0,88,low_activity,0.797,398,45,443,ok_volume,0,0,0,713,238,951,6128,4199,-0.1868,-59,-69,4,15,96,92,4
1775352780,96,3,0,0,0,0,no_volume,0,88,0,88,low_activity,0.797,398,45,443,ok_volume,0,0,0,658,238,896,6127,4202,-0.1864,-69,-27,3,17,97,96,1
1775352781,96,3,0,0,0,0,no_volume,0,0,0,0,no_volume,1.0,318,0,318,ok_volume,0,0,0,658,238,896,6157,4177,-0.1916,0,14,3,16,97,96,1
1775352782,96,3,0,55,18,73,low_activity,0,55,18,73,low_activity,0.908,373,18,391,ok_volume,0,19,19,713,257,970,6142,4253,-0.1817,14,-139,3,18,97,96,1
1775352783,94,3,0,75,18,93,low_activity,0,75,18,93,low_activity,0.912,393,18,411,ok_volume,20,0,20,733,257,990,6153,4461,-0.1594,26,-68,3,19,97,94,3
1775352784,93,3,0,20,30,50,low_activity,0,75,30,105,low_total_volume,0.839,343,30,373,ok_volume,0,14,14,733,271,1004,7061,5063,-0.1648,904,840,3,21,97,93,4
1775352785,93,3,0,20,12,32,low_activity,0,75,30,105,low_total_volume,0.839,343,30,373,ok_volume,0,0,0,733,271,1004,7121,5063,-0.1689,979,900,3,21,97,93,4
1775352786,94,4,0,0,12,12,low_activity,0,20,30,50,low_activity,0.839,343,30,373,ok_volume,0,0,0,733,271,1004,6199,4849,-0.1222,46,12,4,21,96,94,2
1775352787,94,3,0,0,0,0,no_volume,0,20,12,32,low_activity,0.839,343,30,373,ok_volume,0,0,0,732,271,1003,7057,5125,-0.1586,-4,861,3,22,97,94,3
1775352788,94,3,0,14,0,14,low_activity,0,14,12,26,low_activity,0.845,357,30,387,ok_volume,20,0,20,752,271,1023,7043,5100,-0.16,-78,886,3,22,97,94,3
1775352789,94,3,0,14,0,14,low_activity,0,14,0,14,low_activity,0.845,357,30,387,ok_volume,0,0,0,752,255,1007,6140,4686,-0.1343,-59,12,3,21,97,94,3
1775352790,94,3,0,14,0,14,low_activity,0,14,0,14,low_activity,0,246,30,276,low_total_volume,0,0,0,752,142,894,6140,4836,-0.1188,-917,13,3,21,97,94,3
1775352791,94,4,0,0,0,0,no_volume,0,14,0,14,low_activity,0,226,30,256,low_total_volume,0,0,0,698,142,840,7059,5060,-0.1649,16,902,4,22,96,94,2
1775352792,93,4,0,0,0,0,no_volume,0,14,0,14,low_activity,0,226,30,256,low_total_volume,0,0,0,698,142,840,7093,5077,-0.1657,953,951,4,21,96,93,3
1775352793,93,3,0,0,0,0,no_volume,0,0,0,0,no_volume,0,226,30,256,low_total_volume,0,0,0,698,142,840,6154,4694,-0.1346,14,1,3,21,97,93,4
1775352794,93,4,0,0,0,0,no_volume,0,0,0,0,no_volume,0,177,30,207,low_total_volume,0,0,0,693,142,835,6186,4699,-0.1366,-873,-875,4,19,96,93,3
1775352795,96,3,0,43,0,43,low_activity,0,43,0,43,low_activity,0,220,30,250,low_total_volume,50,0,50,743,87,830,6136,4664,-0.1363,-957,-985,3,20,97,96,1
1775352796,96,3,0,43,0,43,low_activity,0,43,0,43,low_activity,0,220,30,250,low_total_volume,0,0,0,743,87,830,6996,5077,-0.1589,842,797,3,20,97,96,1
1775352797,96,3,0,43,0,43,low_activity,0,43,0,43,low_activity,0,220,30,250,low_total_volume,0,0,0,743,87,830,7046,5077,-0.1624,860,-11,3,20,97,96,1
1775352798,93,3,0,0,114,114,low_total_volume,0,43,114,157,low_total_volume,0.209,220,144,364,ok_volume,0,114,114,688,201,889,6186,4608,-0.1462,50,-857,3,19,97,93,4
1775352799,91,3,0,0,114,114,low_total_volume,0,43,114,157,low_total_volume,0.209,220,144,364,ok_volume,0,0,0,688,201,889,6136,4375,-0.1675,-860,-4,3,16,97,91,6
1775352800,91,4,0,0,114,114,low_total_volume,0,0,114,114,low_total_volume,0.209,220,144,364,ok_volume,0,0,0,688,201,889,6117,4431,-0.1598,-929,-23,4,17,96,91,5
1775352801,91,3,0,16,0,16,low_activity,0,16,114,130,low_total_volume,0.242,236,144,380,ok_volume,25,0,25,713,201,914,7079,5304,-0.1433,893,20,3,19,97,91,6
1775352802,91,3,0,16,0,16,low_activity,0,16,114,130,low_total_volume,0.242,236,144,380,ok_volume,0,0,0,713,201,914,7079,5064,-0.1659,943,-14,3,19,97,91,6
1775352803,91,4,0,16,0,16,low_activity,0,16,0,16,low_activity,0.242,236,144,380,ok_volume,0,0,0,658,201,859,6163,4413,-0.1655,46,9,4,18,96,91,5
1775352804,91,4,0,0,0,0,no_volume,0,16,0,16,low_activity,0.242,236,144,380,ok_volume,0,0,0,658,201,859,6203,4815,-0.126,-876,17,4,19,96,91,5
1775352805,91,4,0,0,0,0,no_volume,0,16,0,16,low_activity,0.242,236,144,380,ok_volume,0,0,0,653,201,854,6203,4815,-0.126,-876,67,4,19,96,91,5
1775352806,91,4,0,0,0,0,no_volume,0,0,0,0,no_volume,0,148,144,292,low_total_volume,0,0,0,653,193,846,6203,4443,-0.1653,40,-793,4,18,96,91,5
1775352807,91,4,0,0,0,0,no_volume,0,0,0,0,no_volume,0,148,144,292,low_total_volume,0,0,0,651,193,844,6203,4443,-0.1653,0,-843,4,18,96,91,5
1775352808,91,4,0,0,0,0,no_volume,0,0,0,0,no_volume,0,148,144,292,low_total_volume,0,0,0,596,193,789,6193,4840,-0.1226,-10,7,4,19,96,91,5
1775352809,91,5,0,0,0,0,no_volume,0,0,0,0,no_volume,0,148,144,292,low_total_volume,0,0,0,596,193,789,6203,4840,-0.1234,0,67,5,19,95,91,4
1775352810,93,3,0,55,0,55,low_activity,0,55,0,55,low_activity,0.17,203,144,347,ok_volume,55,0,55,651,193,844,6492,4689,-0.1613,289,375,3,19,97,93,4
1775352811,93,3,0,55,0,55,low_activity,0,55,0,55,low_activity,0,148,144,292,low_total_volume,0,0,0,569,148,717,6522,5136,-0.1189,329,-557,3,20,97,93,4
1775352812,93,3,0,55,0,55,low_activity,0,55,0,55,low_activity,0,148,126,274,low_total_volume,0,0,0,569,148,717,6223,4856,-0.1234,20,-856,3,20,97,93,4
1775352813,93,3,0,0,0,0,no_volume,0,55,0,55,low_activity,0,128,126,254,low_total_volume,0,0,0,569,148,717,6223,4469,-0.164,-269,60,3,18,97,93,4
1775352814,93,3,0,0,0,0,no_volume,0,55,0,55,low_activity,0,128,114,242,low_total_volume,0,0,0,514,148,662,6223,4469,-0.164,-299,20,3,18,97,93,4
1775352815,93,3,0,0,0,0,no_volume,0,0,0,0,no_volume,0,128,114,242,low_total_volume,0,0,0,514,148,662,6223,4884,-0.1206,0,20,3,19,97,93,4
1775352816,93,3,0,0,0,0,no_volume,0,0,0,0,no_volume,0,128,114,242,low_total_volume,0,0,0,514,148,662,6223,4469,-0.164,0,20,3,18,97,93,4
1775352817,93,3,0,0,0,0,no_volume,0,0,0,0,no_volume,0,128,114,242,low_total_volume,0,0,0,514,148,662,6225,4606,-0.1495,2,22,3,17,97,93,4
1775352818,93,4,0,0,0,0,no_volume,0,0,0,0,no_volume,0,114,114,228,low_total_volume,0,0,0,514,148,662,6501,4903,-0.1401,278,308,4,18,96,93,3
1775352819,88,4,0,0,27,27,low_activity,0,0,27,27,low_activity,0,114,141,255,low_total_volume,0,27,27,514,175,689,6493,4668,-0.1635,270,290,4,16,96,88,8
1775352820,88,4,0,0,27,27,low_activity,0,0,27,27,low_activity,0,114,141,255,low_total_volume,0,0,0,395,175,570,6208,4590,-0.1498,-17,-284,4,15,96,88,8
1775352821,89,4,0,0,27,27,low_activity,0,0,27,27,low_activity,0,114,141,255,low_total_volume,0,0,0,375,175,550,6197,4780,-0.1291,-304,-325,4,17,96,89,7
1775352822,88,4,0,0,0,0,no_volume,0,0,27,27,low_activity,0,114,141,255,low_total_volume,0,0,0,375,175,550,6197,4389,-0.1708,-296,-26,4,15,96,88,8
1775352823,88,4,0,0,0,0,low_activity,0,0,27,27,low_activity,0,114,141,255,low_total_volume,0,1,1,375,176,551,6197,4747,-0.1325,-11,-26,4,16,96,88,8
1775352824,89,4,0,45,0,45,low_activity,0,45,0,45,low_activity,0.06,159,141,300,ok_volume,45,0,45,364,176,540,6505,5034,-0.1275,308,282,4,18,96,89,7
1775352825,89,4,0,45,0,45,low_activity,0,45,0,45,low_activity,0,116,141,257,low_total_volume,0,0,0,364,176,540,6505,4675,-0.1637,308,282,4,18,96,89,7
1775352826,88,4,0,45,0,45,low_activity,0,45,0,45,low_activity,0,116,141,257,low_total_volume,0,0,0,364,176,540,6186,4803,-0.1259,-11,-37,4,17,96,88,8
1775352827,88,2,1.0,671,0,671,ok_volume,1.0,716,0,716,ok_volume,0.696,787,141,928,ok_volume,673,0,673,1037,176,1213,5513,4803,-0.0688,-992,-712,2,17,98,88,10
1775352828,88,4,1.0,671,0,671,ok_volume,1.0,716,0,716,ok_volume,0.934,787,27,814,ok_volume,0,0,0,1037,176,1213,5562,4385,-0.1183,-943,-939,4,16,96,88,8
1775352829,91,4,1.0,671,0,671,ok_volume,1.0,671,0,671,ok_volume,0.934,787,27,814,ok_volume,0,0,0,1037,176,1213,5875,5047,-0.0758,-311,-618,4,19,96,91,5
1775352830,91,5,0,0,0,0,no_volume,1.0,671,0,671,ok_volume,0.934,787,27,814,ok_volume,0,0,0,1037,175,1212,5879,5043,-0.0765,366,-329,5,20,95,91,4
1775352831,91,4,0,23,0,23,low_activity,1.0,694,0,694,ok_volume,0.934,794,27,821,ok_volume,27,0,27,1064,175,1239,5555,4391,-0.117,-7,-642,4,18,96,91,5
1775352832,91,4,0,23,0,23,low_activity,0,23,0,23,low_activity,0.934,794,27,821,ok_volume,0,0,0,1064,175,1239,5555,4786,-0.0744,-320,-642,4,18,96,91,5
1775352833,91,4,0,23,0,23,low_activity,0,23,0,23,low_activity,0.934,794,27,821,ok_volume,0,0,0,1064,175,1239,5555,4809,-0.072,-324,-642,4,17,96,91,5
1775352834,91,3,0,0,0,0,no_volume,0,23,0,23,low_activity,0.934,794,27,821,ok_volume,0,0,0,1064,175,1239,5538,4573,-0.0954,-17,-967,3,18,97,91,6
1775352835,91,3,0,0,0,0,no_volume,0,23,0,23,low_activity,0.934,794,27,821,ok_volume,0,0,0,1064,175,1239,5548,5089,-0.0432,-7,-957,3,16,97,91,6
1775352836,91,4,0,0,100,100,low_activity,0,0,100,100,low_activity,0.724,794,127,921,ok_volume,0,100,100,970,275,1245,5617,4811,-0.0773,62,-569,4,16,96,91,5
1775352837,91,4,0,0,100,100,low_activity,0,0,100,100,low_activity,0.724,794,127,921,ok_volume,0,0,0,970,275,1245,5617,4165,-0.1484,79,104,4,15,96,91,5
1775352838,91,4,0,0,100,100,low_activity,0,0,100,100,low_activity,0.724,794,127,921,ok_volume,0,0,0,970,275,1245,5625,4871,-0.0718,77,63,4,16,96,91,5
1775352839,91,4,0,0,0,0,no_volume,0,0,100,100,low_activity,0.724,794,127,921,ok_volume,0,0,0,970,275,1245,5625,4621,-0.098,8,-250,4,15,96,91,5
1775352840,91,4,0,0,0,0,no_volume,0,0,100,100,low_activity,0.707,739,127,866,ok_volume,0,0,0,970,275,1245,5625,4571,-0.1034,8,-254,4,14,96,91,5
1775352841,91,4,0,0,0,0,no_volume,0,0,0,0,no_volume,0.707,739,127,866,ok_volume,0,0,0,915,275,1190,5625,4857,-0.0733,0,70,4,14,96,91,5
1775352842,91,4,0,0,0,0,no_volume,0,0,0,0,no_volume,0.707,739,127,866,ok_volume,0,0,0,915,256,1171,5625,4956,-0.0632,0,70,4,13,96,91,5
1775352843,92,4,0,42,0,42,low_activity,0,42,0,42,low_activity,0.72,781,127,908,ok_volume,50,0,50,945,256,1201,5532,5410,-0.0111,-93,-23,4,14,96,92,4
1775352844,92,4,0,42,314,356,low_activity,0,42,314,356,low_activity,0.278,781,441,1222,ok_volume,0,314,314,945,556,1501,5532,5096,-0.041,-93,-6,4,14,96,92,4
1775352845,92,4,0,42,314,356,low_activity,0,42,314,356,low_activity,0.278,781,441,1222,ok_volume,0,0,0,945,556,1501,5571,5195,-0.0349,-54,23,4,13,96,92,4
1775352846,92,4,0,0,314,314,low_activity,0,42,314,356,low_activity,0.278,781,441,1222,ok_volume,0,0,0,945,556,1501,5571,5195,-0.0349,39,-46,4,13,96,92,4
1775352847,92,4,0,0,0,0,no_volume,0,42,314,356,low_activity,0.278,781,441,1222,ok_volume,0,0,0,945,556,1501,5587,5100,-0.0456,55,-30,4,14,96,92,4
1775352848,92,4,0,0,0,0,no_volume,0,0,314,314,low_activity,0.278,781,441,1222,ok_volume,0,0,0,925,556,1481,5630,5525,-0.0094,59,5,4,16,96,92,4
1775352849,95,4,0,0,0,0,no_volume,0,0,0,0,no_volume,0.307,781,414,1195,ok_volume,0,0,0,925,556,1481,5640,5256,-0.0352,69,15,4,17,96,95,1
1775352850,95,4,0,0,0,0,no_volume,0,0,0,0,no_volume,0.307,781,414,1195,ok_volume,0,0,0,925,556,1481,5770,4764,-0.0955,183,145,4,15,96,95,1
1775352851,95,4,0,181,0,181,low_activity,0,181,0,181,low_activity,0.398,962,414,1376,ok_volume,0,0,0,1117,556,1673,5793,5197,-0.0542,163,168,4,16,96,95,1
1775352852,95,4,0,181,0,181,low_activity,0,181,0,181,low_activity,0.398,962,414,1376,ok_volume,0,0,0,1117,556,1673,5831,5996,0.014,191,206,4,17,96,95,1
1775352853,95,4,0,0,0,0,no_volume,0,181,0,181,low_activity,0.398,962,414,1376,ok_volume,0,0,0,1117,556,1673,5831,5929,0.0083,61,299,4,20,96,95,1
1775352854,95,4,0,0,0,0,no_volume,0,181,0,181,low_activity,0.378,917,414,1331,ok_volume,0,0,0,1117,556,1673,5831,5929,0.0083,38,299,4,20,96,95,1
1775352855,95,4,0,0,0,0,no_volume,0,0,0,0,no_volume,0.378,917,414,1331,ok_volume,0,0,0,1067,556,1623,5831,5929,0.0083,0,260,4,20,96,95,1
1775352856,93,5,0,0,28,28,low_activity,0,0,28,28,low_activity,0.35,917,442,1359,ok_volume,0,0,0,1067,589,1656,6696,5567,-0.0921,865,1125,5,16,95,93,2
1775352857,93,5,0,0,28,28,low_activity,0,0,28,28,low_activity,-0.285,246,442,688,ok_volume,0,0,0,1067,589,1656,6696,5567,-0.0921,865,1109,5,16,95,93,2
1775352858,93,5,0,0,0,0,no_volume,0,0,28,28,low_activity,-0.285,246,442,688,ok_volume,0,0,0,1067,475,1542,5734,5149,-0.0538,-97,104,5,16,95,93,2
1775352859,93,4,0,0,0,0,no_volume,0,0,28,28,low_activity,-0.285,246,442,688,ok_volume,0,0,0,1067,475,1542,6517,5913,-0.0486,-179,877,4,17,96,93,3
1775352860,93,4,0,0,0,0,no_volume,0,0,0,0,no_volume,-0.285,246,442,688,ok_volume,0,0,0,1067,475,1542,6521,5913,-0.0489,-175,751,4,17,96,93,3
1775352861,93,4,0,0,0,0,no_volume,0,0,0,0,no_volume,-0.329,223,442,665,ok_volume,0,0,0,1042,475,1517,6476,5564,-0.0757,742,683,4,16,96,93,3
1775352862,93,4,0,0,0,0,no_volume,0,0,0,0,no_volume,-0.329,223,442,665,ok_volume,0,0,0,1042,475,1517,6476,5564,-0.0757,-41,645,4,16,96,93,3
1775352863,93,4,0,0,0,0,no_volume,0,0,0,0,no_volume,-0.329,223,442,665,ok_volume,0,0,0,1042,475,1517,5615,5201,-0.0383,-906,-216,4,16,96,93,3
1775352864,93,4,0,0,0,0,no_volume,0,0,0,0,no_volume,-0.329,223,442,665,ok_volume,0,0,0,1042,475,1517,6552,5596,-0.0787,76,721,4,16,96,93,3
1775352865,93,4,0,0,0,0,no_volume,0,0,0,0,no_volume,-0.329,223,442,665,ok_volume,0,0,0,1042,475,1517,6552,5596,-0.0787,76,721,4,16,96,93,3
1775352866,99,,0.919,5610,236,5846,ok_volume,0.919,5610,236,5846,ok_volume,0.82,5833,578,6411,ok_volume,5615,236,5851,6657,711,7368,0,8760,1.0,-5615,-6696,0,14,,99,
1775352867,99,,0.871,5610,386,5996,ok_volume,0.871,5610,386,5996,ok_volume,0.778,5833,728,6561,ok_volume,0,150,150,6657,861,7518,0,8538,1.0,-6552,-6696,0,14,,99,
1775352868,99,,0.841,5610,486,6096,ok_volume,0.841,5610,486,6096,ok_volume,0.751,5833,828,6661,ok_volume,0,100,100,6657,961,7618,0,38900,1.0,-6552,-5734,0,16,,99,
1775352869,99,,0,0,250,250,low_total_volume,0.841,5610,486,6096,ok_volume,0.751,5833,828,6661,ok_volume,0,0,0,6657,961,7618,0,79044,1.0,0,-6517,0,16,,99,
1775352870,99,,0,0,100,100,low_activity,0.841,5610,486,6096,ok_volume,0.751,5833,828,6661,ok_volume,0,0,0,6602,961,7563,0,80772,1.0,0,-6521,0,19,,99,
1775352871,99,,0,0,0,0,no_volume,0,0,250,250,low_total_volume,0.751,5833,828,6661,ok_volume,0,0,0,6602,961,7563,0,86361,1.0,0,-6476,0,20,,99,
1775352872,99,,0,0,0,0,no_volume,0,0,100,100,low_activity,0.751,5833,828,6661,ok_volume,0,0,0,6602,961,7563,0,86441,1.0,0,-6476,0,19,,99,
1775352873,99,,0,0,0,0,no_volume,0,0,0,0,no_volume,0.75,5791,828,6619,ok_volume,0,0,0,6602,961,7563,0,86441,1.0,0,-5615,0,19,,99,
1775352874,99,,0,0,0,0,no_volume,0,0,0,0,no_volume,0.837,5791,514,6305,ok_volume,0,0,0,6602,961,7563,0,86044,1.0,0,-6552,0,19,,99,
1775352875,99,,0,0,0,0,no_volume,0,0,0,0,no_volume,0.837,5791,514,6305,ok_volume,0,0,0,6602,961,7563,0,86455,1.0,0,-6552,0,19,,99,
1775352876,99,,0,0,0,0,no_volume,0,0,0,0,no_volume,0.837,5791,514,6305,ok_volume,0,0,0,6602,961,7563,0,86455,1.0,0,0,0,19,,99,
1775352877,99,,0,0,156,156,low_activity,0,0,156,156,low_activity,0.793,5791,670,6461,ok_volume,0,156,156,6602,1117,7719,0,85888,1.0,0,0,0,18,,99,
1775352878,99,,0,0,156,156,low_activity,0,0,156,156,low_activity,0.793,5791,670,6461,ok_volume,0,0,0,6602,1117,7719,0,86258,1.0,0,0,0,18,,99,
1775352879,99,,0,0,156,156,low_activity,0,0,156,156,low_activity,0.793,5791,670,6461,ok_volume,0,0,0,6602,1090,7692,0,86576,1.0,0,0,0,19,,99,
1775352880,99,,0,0,0,0,no_volume,0,0,156,156,low_activity,0.787,5610,670,6280,ok_volume,0,0,0,6602,1090,7692,0,86614,1.0,0,0,0,19,,99,
1775352881,99,,0,0,0,0,no_volume,0,0,156,156,low_activity,0.787,5610,670,6280,ok_volume,0,0,0,6602,1090,7692,0,86296,1.0,0,0,0,19,,99,
1775352882,99,,0,0,0,0,no_volume,0,0,0,0,no_volume,0.787,5610,670,6280,ok_volume,0,0,0,6602,1090,7692,0,85888,1.0,0,0,0,18,,99,
1775352883,99,,0,0,0,0,no_volume,0,0,0,0,no_volume,0.787,5610,670,6280,ok_volume,0,0,0,6602,1089,7691,0,86278,1.0,0,0,0,18,,99,
1775352884,99,,0,0,0,0,no_volume,0,0,0,0,no_volume,0.787,5610,670,6280,ok_volume,0,0,0,6557,1089,7646,0,86278,1.0,0,0,0,18,,99,
1775352885,99,,0,0,0,0,no_volume,0,0,0,0,no_volume,0.795,5610,642,6252,ok_volume,0,0,0,6557,1089,7646,0,86199,1.0,0,0,0,18,,99,
1775352886,99,,0,0,315,315,low_activity,0,0,315,315,low_activity,0.709,5610,957,6567,ok_volume,0,315,315,6557,1404,7961,0,81264,1.0,0,0,0,18,,99,
1775352887,99,,0,0,315,315,low_activity,0,0,315,315,low_activity,0.709,5610,957,6567,ok_volume,0,0,0,5884,1404,7288,0,80953,1.0,0,0,0,18,,99,
1775352888,99,,0,0,315,315,low_activity,0,0,315,315,low_activity,0.709,5610,957,6567,ok_volume,0,0,0,5884,1404,7288,0,80983,1.0,0,0,0,17,,99,
1775352889,99,,0,0,0,0,no_volume,0,0,315,315,low_activity,0.709,5610,957,6567,ok_volume,0,0,0,5884,1404,7288,0,80983,1.0,0,0,0,17,,99,
1775352890,99,,0,0,0,0,no_volume,0,0,315,315,low_activity,0.709,5610,957,6567,ok_volume,0,0,0,5884,1404,7288,0,80563,1.0,0,0,0,17,,99,
1775352891,99,,0,0,0,0,no_volume,0,0,0,0,no_volume,0.709,5610,957,6567,ok_volume,0,0,0,5857,1404,7261,0,81258,1.0,0,0,0,18,,99,
1775352892,99,,0,0,0,0,no_volume,0,0,0,0,no_volume,0.709,5610,957,6567,ok_volume,0,0,0,5857,1404,7261,0,81258,1.0,0,0,0,18,,99,
1775352893,99,,0,0,0,0,no_volume,0,0,0,0,no_volume,0.709,5610,957,6567,ok_volume,0,0,0,5857,1404,7261,0,80563,1.0,0,0,0,17,,99,
1775352894,99,,0,0,0,0,no_volume,0,0,0,0,no_volume,0.709,5610,957,6567,ok_volume,0,0,0,5857,1404,7261,0,80967,1.0,0,0,0,17,,99,
1775352895,99,,0,0,0,0,no_volume,0,0,0,0,no_volume,0.709,5610,957,6567,ok_volume,0,0,0,5857,1404,7261,0,80967,1.0,0,0,0,17,,99,
1775352896,99,,0,0,0,0,no_volume,0,0,0,0,no_volume,-1.0,0,721,721,ok_volume,0,0,0,5857,1304,7161,0,80971,1.0,0,0,0,17,,99,
1775352897,99,,0,0,0,0,no_volume,0,0,0,0,no_volume,0,0,571,571,low_activity,0,0,0,5857,1304,7161,0,80971,1.0,0,0,0,17,,99,
1775352898,99,,0,0,0,0,no_volume,0,0,0,0,no_volume,0,0,471,471,low_activity,0,0,0,5857,1304,7161,0,80563,1.0,0,0,0,17,,99,
1775352899,99,,0,0,0,0,no_volume,0,0,0,0,no_volume,0,0,471,471,low_activity,0,0,0,5857,1304,7161,0,80990,1.0,0,0,0,17,,99,
1775352900,99,,0,0,0,0,no_volume,0,0,0,0,no_volume,0,0,471,471,low_activity,0,0,0,5857,1304,7161,0,80990,1.0,0,0,0,17,,99,
1775352901,99,,0,0,0,0,no_volume,0,0,0,0,no_volume,0,0,471,471,low_activity,0,0,0,5857,1304,7161,0,80563,1.0,0,0,0,17,,99,
1775352902,99,,0,0,0,0,no_volume,0,0,0,0,no_volume,0,0,471,471,low_activity,0,0,0,5857,1304,7161,0,80865,1.0,0,0,0,17,,99,
1775352903,99,,0,0,0,0,no_volume,0,0,0,0,no_volume,0,0,471,471,low_activity,0,0,0,5807,1304,7111,0,80865,1.0,0,0,0,17,,99,
1775352904,99,,0,0,0,0,no_volume,0,0,0,0,no_volume,0,0,471,471,low_activity,0,0,0,5807,990,6797,0,80563,1.0,0,0,0,17,,99,
1775352905,99,,0,0,0,0,no_volume,0,0,0,0,no_volume,0,0,471,471,low_activity,0,0,0,5807,990,6797,0,80563,1.0,0,0,0,17,,99,
1775352906,99,,0,0,0,0,no_volume,0,0,0,0,no_volume,0,0,471,471,low_activity,0,0,0,5807,990,6797,0,80563,1.0,0,0,0,17,,99,
1775352907,99,,0,0,0,0,no_volume,0,0,0,0,no_volume,0,0,315,315,low_activity,0,0,0,5807,990,6797,0,82881,1.0,0,0,0,18,,99,
1775352908,99,,0,0,0,0,no_volume,0,0,0,0,no_volume,0,0,315,315,low_activity,0,0,0,5807,990,6797,0,82881,1.0,0,0,0,18,,99,
1775352909,99,,0,0,0,0,no_volume,0,0,0,0,no_volume,0,0,315,315,low_activity,0,0,0,5807,990,6797,0,82563,1.0,0,0,0,18,,99,
1775352910,99,,0,0,0,0,no_volume,0,0,0,0,no_volume,0,0,315,315,low_activity,0,0,0,5615,990,6605,0,82563,1.0,0,0,0,18,,99,
1775352911,99,,0,0,0,0,no_volume,0,0,0,0,no_volume,0,0,315,315,low_activity,0,0,0,5615,990,6605,0,82563,1.0,0,0,0,18,,99,
1775352912,99,,0,0,0,0,no_volume,0,0,0,0,no_volume,0,0,315,315,low_activity,0,0,0,5615,990,6605,0,82563,1.0,0,0,0,18,,99,
1775352913,99,,0,0,138,138,low_activity,0,0,138,138,low_activity,0,0,453,453,low_activity,0,0,0,5615,1128,6743,0,82425,1.0,0,0,0,18,,99,
1775352914,99,,0,0,138,138,low_activity,0,0,138,138,low_activity,0,0,453,453,low_activity,0,0,0,5615,1128,6743,0,82425,1.0,0,0,0,18,,99,
1775352915,99,,0,0,0,0,no_volume,0,0,138,138,low_activity,0,0,453,453,low_activity,0,0,0,5615,1095,6710,0,80878,1.0,0,0,0,18,,99,
1775352916,99,,0,0,367,367,low_activity,0,0,505,505,low_activity,0,0,505,505,low_activity,0,367,367,5615,1462,7077,0,80511,1.0,0,0,0,18,,99,
1775352917,99,,0,0,367,367,low_activity,0,0,367,367,low_activity,0,0,505,505,low_activity,0,0,0,5615,1462,7077,0,80208,1.0,0,0,0,18,,99,
1775352918,99,,0,0,367,367,low_activity,0,0,367,367,low_activity,0,0,505,505,low_activity,0,0,0,5615,1462,7077,0,80208,1.0,0,0,0,18,,99,
1775352919,99,,0,0,0,0,no_volume,0,0,367,367,low_activity,0,0,505,505,low_activity,0,0,0,5615,1462,7077,0,80208,1.0,0,0,0,18,,99,
1775352920,99,,0,0,0,0,no_volume,0,0,367,367,low_activity,0,0,505,505,low_activity,0,0,0,5615,1462,7077,0,80208,1.0,0,0,0,18,,99,
1775352921,99,,0,0,0,0,no_volume,0,0,0,0,no_volume,0,0,505,505,low_activity,0,0,0,5615,1462,7077,0,80208,1.0,0,0,0,18,,99,
1775352922,99,,0,0,0,0,no_volume,0,0,0,0,no_volume,0,0,505,505,low_activity,0,0,0,5615,1462,7077,0,80208,1.0,0,0,0,18,,99,
1775352923,99,,0,0,0,0,no_volume,0,0,0,0,no_volume,0,0,505,505,low_activity,0,0,0,5615,1462,7077,0,80876,1.0,0,0,0,19,,99,
1775352924,99,,0,0,0,0,no_volume,0,0,0,0,no_volume,0,0,505,505,low_activity,0,0,0,5615,1462,7077,0,80876,1.0,0,0,0,19,,99,
1775352925,99,,0,0,0,0,no_volume,0,0,0,0,no_volume,0,0,505,505,low_activity,0,0,0,5615,1462,7077,0,80208,1.0,0,0,0,18,,99,
1775352926,99,,0,0,0,0,no_volume,0,0,0,0,no_volume,0,0,505,505,low_activity,0,0,0,0,1226,1226,0,80604,1.0,0,0,0,18,,99,
1775352927,99,,0,0,0,0,no_volume,0,0,0,0,no_volume,0,0,505,505,low_activity,0,0,0,0,1076,1076,0,80604,1.0,0,0,0,18,,99,
1775352928,99,,0,0,0,0,no_volume,0,0,0,0,no_volume,0,0,505,505,low_activity,0,0,0,0,976,976,0,80208,1.0,0,0,0,18,,99,
1775352929,99,,0,0,0,0,no_volume,0,0,0,0,no_volume,0,0,505,505,low_activity,0,0,0,0,976,976,0,80935,1.0,0,0,0,19,,99,
1775352930,99,,0,0,0,0,no_volume,0,0,0,0,no_volume,0,0,505,505,low_activity,0,0,0,0,976,976,0,80935,1.0,0,0,0,19,,99,
1775352931,99,,0,0,0,0,no_volume,0,0,0,0,no_volume,0,0,505,505,low_activity,0,0,0,0,976,976,0,80569,1.0,0,0,0,18,,99,
1775352932,99,,0,0,39,39,low_activity,0,0,39,39,low_activity,0,0,544,544,low_activity,0,39,39,0,1015,1015,0,80530,1.0,0,0,0,18,,99,
1775352933,99,,0,0,39,39,low_activity,0,0,39,39,low_activity,0,0,544,544,low_activity,0,0,0,0,1015,1015,0,80169,1.0,0,0,0,18,,99,
1775352934,99,,0,0,39,39,low_activity,0,0,39,39,low_activity,0,0,544,544,low_activity,0,0,0,0,1015,1015,0,80547,1.0,0,0,0,18,,99,
1775352935,99,,0,0,0,0,no_volume,0,0,39,39,low_activity,0,0,544,544,low_activity,0,0,0,0,1015,1015,0,80853,1.0,0,0,0,19,,99,
1775352936,99,,0,0,0,0,no_volume,0,0,39,39,low_activity,0,0,544,544,low_activity,0,0,0,0,1015,1015,0,80475,1.0,0,0,0,19,,99,
1775352937,99,,0,0,0,0,no_volume,0,0,0,0,no_volume,0,0,544,544,low_activity,0,0,0,0,859,859,0,80569,1.0,0,0,0,18,,99,
1775352938,99,,0,0,0,0,no_volume,0,0,0,0,no_volume,0,0,544,544,low_activity,0,0,0,0,859,859,0,80569,1.0,0,0,0,18,,99,
1775352939,99,,0,0,0,0,no_volume,0,0,0,0,no_volume,0,0,544,544,low_activity,0,0,0,0,859,859,0,80467,1.0,0,0,0,18,,99,
1775352940,99,,0,0,0,0,no_volume,0,0,0,0,no_volume,0,0,544,544,low_activity,0,0,0,0,859,859,0,80885,1.0,0,0,0,19,,99,
1775352941,99,,0,0,0,0,no_volume,0,0,0,0,no_volume,0,0,544,544,low_activity,0,0,0,0,859,859,0,80587,1.0,0,0,0,19,,99,
1775352942,99,,0,0,0,0,no_volume,0,0,0,0,no_volume,0,0,406,406,low_activity,0,0,0,0,859,859,0,80541,1.0,0,0,0,18,,99,
1775352943,99,,0,0,0,0,no_volume,0,0,0,0,no_volume,0,0,406,406,low_activity,0,0,0,0,859,859,0,80541,1.0,0,0,0,18,,99,
1775352944,99,,0,0,0,0,no_volume,0,0,0,0,no_volume,0,0,406,406,low_activity,0,0,0,0,859,859,0,80169,1.0,0,0,0,18,,99,
1775352945,99,,0,0,0,0,no_volume,0,0,0,0,no_volume,0,0,406,406,low_activity,0,0,0,0,859,859,0,80882,1.0,0,0,0,19,,99,
1775352946,99,,0,0,0,0,no_volume,0,0,0,0,no_volume,0,0,39,39,low_activity,0,0,0,0,544,544,0,80882,1.0,0,0,0,19,,99,
1775352947,99,,0,0,0,0,no_volume,0,0,0,0,no_volume,0,0,39,39,low_activity,0,0,0,0,544,544,0,80169,1.0,0,0,0,18,,99,
1775352948,99,,0,0,0,0,no_volume,0,0,0,0,no_volume,0,0,39,39,low_activity,0,0,0,0,544,544,0,80552,1.0,0,0,0,18,,99,
1775352949,99,,0,0,0,0,no_volume,0,0,0,0,no_volume,0,0,39,39,low_activity,0,0,0,0,544,544,0,80552,1.0,0,0,0,18,,99,
1775352950,99,,0,0,0,0,no_volume,0,0,0,0,no_volume,0,0,39,39,low_activity,0,0,0,0,544,544,0,80169,1.0,0,0,0,18,,99,
1775352951,99,,0,0,0,0,no_volume,0,0,0,0,no_volume,0,0,39,39,low_activity,0,0,0,0,544,544,0,80834,1.0,0,0,0,18,,99,
1775352952,99,,0,0,0,0,no_volume,0,0,0,0,no_volume,0,0,39,39,low_activity,0,0,0,0,544,544,0,80834,1.0,0,0,0,18,,99,
1775352953,99,,0,0,0,0,no_volume,0,0,0,0,no_volume,0,0,39,39,low_activity,0,0,0,0,544,544,0,80595,1.0,0,0,0,18,,99,
1775352954,99,,0,0,0,0,no_volume,0,0,0,0,no_volume,0,0,39,39,low_activity,0,0,0,0,544,544,0,80595,1.0,0,0,0,18,,99,
1775352955,99,,0,0,0,0,no_volume,0,0,0,0,no_volume,0,0,39,39,low_activity,0,0,0,0,544,544,0,80498,1.0,0,0,0,18,,99,
1775352956,99,,0,0,0,0,no_volume,0,0,0,0,no_volume,0,0,39,39,low_activity,0,0,0,0,544,544,0,80911,1.0,0,0,0,19,,99,
1775352957,99,,0,0,0,0,no_volume,0,0,0,0,no_volume,0,0,39,39,low_activity,0,0,0,0,544,544,0,80582,1.0,0,0,0,19,,99,
1775352958,99,,0,0,0,0,no_volume,0,0,0,0,no_volume,0,0,39,39,low_activity,0,0,0,0,544,544,0,80169,1.0,0,0,0,18,,99,
1775352959,99,,0,0,0,0,no_volume,0,0,0,0,no_volume,0,0,39,39,low_activity,0,0,0,0,544,544,0,80554,1.0,0,0,0,18,,99,
1775352960,99,,0,0,0,0,no_volume,0,0,0,0,no_volume,0,0,39,39,low_activity,0,0,0,0,544,544,0,80554,1.0,0,0,0,18,,99,
1775352961,99,,0,0,0,0,no_volume,0,0,0,0,no_volume,0,0,39,39,low_activity,0,0,0,0,544,544,0,80590,1.0,0,0,0,18,,99,
1775352962,99,,0,0,0,0,no_volume,0,0,0,0,no_volume,0,0,0,0,no_volume,0,0,0,0,544,544,0,80590,1.0,0,0,0,18,,99,
1775352963,99,,0,0,0,0,no_volume,0,0,0,0,no_volume,0,0,0,0,no_volume,0,0,0,0,544,544,0,80483,1.0,0,0,0,18,,99,
1775352964,99,,0,0,0,0,no_volume,0,0,0,0,no_volume,0,0,0,0,no_volume,0,0,0,0,544,544,0,80878,1.0,0,0,0,19,,99,
1775352965,99,,0,0,0,0,no_volume,0,0,0,0,no_volume,0,0,0,0,no_volume,0,0,0,0,544,544,0,80564,1.0,0,0,0,19,,99,
1775352966,99,,0,0,0,0,no_volume,0,0,0,0,no_volume,0,0,0,0,no_volume,0,0,0,0,544,544,0,80169,1.0,0,0,0,18,,99,
1775352967,99,,0,0,0,0,no_volume,0,0,0,0,no_volume,0,0,0,0,no_volume,0,0,0,0,544,544,0,80565,1.0,0,0,0,18,,99,
1775352968,99,,0,0,0,0,no_volume,0,0,0,0,no_volume,0,0,0,0,no_volume,0,0,0,0,544,544,0,80565,1.0,0,0,0,18,,99,
1775352969,99,,0,0,0,0,no_volume,0,0,0,0,no_volume,0,0,0,0,no_volume,0,0,0,0,544,544,0,80564,1.0,0,0,0,18,,99,
1775352970,99,,0,0,0,0,no_volume,0,0,0,0,no_volume,0,0,0,0,no_volume,0,0,0,0,544,544,0,80867,1.0,0,0,0,19,,99,
1775352971,99,,0,0,0,0,no_volume,0,0,0,0,no_volume,0,0,0,0,no_volume,0,0,0,0,544,544,0,80472,1.0,0,0,0,19,,99,
1775352972,99,,0,0,0,0,no_volume,0,0,0,0,no_volume,0,0,0,0,no_volume,0,0,0,0,406,406,0,80591,1.0,0,0,0,18,,99,
1775352973,99,,0,0,0,0,no_volume,0,0,0,0,no_volume,0,0,0,0,no_volume,0,0,0,0,406,406,0,80591,1.0,0,0,0,18,,99,
1775352974,99,,0,0,0,0,no_volume,0,0,0,0,no_volume,0,0,0,0,no_volume,0,0,0,0,406,406,0,80169,1.0,0,0,0,18,,99,
1775352975,99,,0,0,0,0,no_volume,0,0,0,0,no_volume,0,0,0,0,no_volume,0,0,0,0,406,406,0,80862,1.0,0,0,0,19,,99,
1775352976,99,,0,0,0,0,no_volume,0,0,0,0,no_volume,0,0,0,0,no_volume,0,0,0,0,39,39,0,80862,1.0,0,0,0,19,,99,
1775352977,99,,0,0,0,0,no_volume,0,0,0,0,no_volume,0,0,0,0,no_volume,0,0,0,0,39,39,0,80169,1.0,0,0,0,18,,99,
1775352978,99,,0,0,0,0,no_volume,0,0,0,0,no_volume,0,0,0,0,no_volume,0,0,0,0,39,39,0,80169,1.0,0,0,0,18,,99,
1775352979,99,,0,0,0,0,no_volume,0,0,0,0,no_volume,0,0,0,0,no_volume,0,0,0,0,39,39,0,80562,1.0,0,0,0,18,,99,
1775352980,99,,0,0,0,0,no_volume,0,0,0,0,no_volume,0,0,0,0,no_volume,0,0,0,0,39,39,0,80562,1.0,0,0,0,18,,99,
1775352981,99,,0,0,0,0,no_volume,0,0,0,0,no_volume,0,0,0,0,no_volume,0,0,0,0,39,39,0,80169,1.0,0,0,0,18,,99,
1775352982,99,,0,0,0,0,no_volume,0,0,0,0,no_volume,0,0,0,0,no_volume,0,0,0,0,39,39,0,80169,1.0,0,0,0,18,,99,
1775352983,99,,0,0,0,0,no_volume,0,0,0,0,no_volume,0,0,0,0,no_volume,0,0,0,0,39,39,0,80169,1.0,0,0,0,17,,99,
1775352984,99,,0,0,0,0,no_volume,0,0,0,0,no_volume,0,0,0,0,no_volume,0,0,0,0,39,39,0,80459,1.0,0,0,0,18,,99,
1775352985,99,,0,0,0,0,no_volume,0,0,0,0,no_volume,0,0,0,0,no_volume,0,0,0,0,39,39,0,80459,1.0,0,0,0,18,,99,
1775352986,99,,0,0,0,0,no_volume,0,0,0,0,no_volume,0,0,0,0,no_volume,0,0,0,0,39,39,0,80169,1.0,0,0,0,18,,99,
1775352987,99,,0,0,0,0,no_volume,0,0,0,0,no_volume,0,0,0,0,no_volume,0,0,0,0,39,39,0,80169,1.0,0,0,0,18,,99,
1775352988,99,,0,0,0,0,no_volume,0,0,0,0,no_volume,0,0,0,0,no_volume,0,0,0,0,39,39,0,80169,1.0,0,0,0,18,,99,
1775352989,99,,0,0,0,0,no_volume,0,0,0,0,no_volume,0,0,0,0,no_volume,0,0,0,0,39,39,0,80169,1.0,0,0,0,18,,99,
1775352990,99,,0,0,0,0,no_volume,0,0,0,0,no_volume,0,0,0,0,no_volume,0,0,0,0,39,39,0,80169,1.0,0,0,0,18,,99,
1775352991,99,,0,0,0,0,no_volume,0,0,0,0,no_volume,0,0,0,0,no_volume,0,0,0,0,39,39,0,80169,1.0,0,0,0,18,,99,
1775352992,99,,0,0,0,0,no_volume,0,0,0,0,no_volume,0,0,0,0,no_volume,0,0,0,0,0,0,0,80866,1.0,0,0,0,19,,99,
1775352993,99,,0,0,0,0,no_volume,0,0,0,0,no_volume,0,0,0,0,no_volume,0,0,0,0,0,0,0,80905,1.0,0,0,0,19,,99,
1775352994,99,,0,0,0,0,no_volume,0,0,0,0,no_volume,0,0,0,0,no_volume,0,0,0,0,0,0,0,80246,1.0,0,0,0,18,,99,
1775352995,99,,0,0,0,0,no_volume,0,0,0,0,no_volume,0,0,0,0,no_volume,0,0,0,0,0,0,0,80324,1.0,0,0,0,18,,99,
1775352996,99,,0,0,0,0,no_volume,0,0,0,0,no_volume,0,0,0,0,no_volume,0,0,0,0,0,0,0,80782,1.0,0,0,0,18,,99,
1775352997,99,,0,0,0,0,no_volume,0,0,0,0,no_volume,0,0,0,0,no_volume,0,0,0,0,0,0,0,80782,1.0,0,0,0,18,,99,
1775352998,99,,0,0,0,0,no_volume,0,0,0,0,no_volume,0,0,0,0,no_volume,0,0,0,0,0,0,0,80673,1.0,0,0,0,18,,99,
1775352999,99,,0,0,0,0,no_volume,0,0,0,0,no_volume,0,0,0,0,no_volume,0,0,0,0,0,0,0,80673,1.0,0,0,0,18,,99,
1775353000,99,,0,0,0,0,no_volume,0,0,0,0,no_volume,0,0,0,0,no_volume,0,0,0,0,0,0,0,80780,1.0,0,0,0,19,,99,
1775353001,99,,0,0,0,0,no_volume,0,0,0,0,no_volume,0,0,0,0,no_volume,0,0,0,0,0,0,0,80363,1.0,0,0,0,18,,99,
1775353002,99,,0,0,0,0,no_volume,0,0,0,0,no_volume,0,0,0,0,no_volume,0,0,0,0,0,0,0,80363,1.0,0,0,0,18,,99,
1775353003,99,,0,0,0,0,no_volume,0,0,0,0,no_volume,0,0,0,0,no_volume,0,0,0,0,0,0,0,80775,1.0,0,0,0,18,,99,
1775353004,99,,0,0,0,0,no_volume,0,0,0,0,no_volume,0,0,0,0,no_volume,0,0,0,0,0,0,0,80775,1.0,0,0,0,18,,99,
1775353005,99,,0,0,0,0,no_volume,0,0,0,0,no_volume,0,0,0,0,no_volume,0,0,0,0,0,0,0,80669,1.0,0,0,0,18,,99,
1775353006,99,,0,0,0,0,no_volume,0,0,0,0,no_volume,0,0,0,0,no_volume,0,0,0,0,0,0,0,81045,1.0,0,0,0,19,,99,
1775353007,99,,0,0,0,0,no_volume,0,0,0,0,no_volume,0,0,0,0,no_volume,0,0,0,0,0,0,0,80739,1.0,0,0,0,19,,99,
1775353008,99,,0,0,0,0,no_volume,0,0,0,0,no_volume,0,0,0,0,no_volume,0,0,0,0,0,0,0,80363,1.0,0,0,0,18,,99,
1775353009,99,,0,0,0,0,no_volume,0,0,0,0,no_volume,0,0,0,0,no_volume,0,0,0,0,0,0,0,80363,1.0,0,0,0,18,,99,
1775353010,99,,0,0,0,0,no_volume,0,0,0,0,no_volume,0,0,0,0,no_volume,0,0,0,0,0,0,0,80720,1.0,0,0,0,18,,99,
1775353011,99,,0,0,0,0,no_volume,0,0,0,0,no_volume,0,0,0,0,no_volume,0,0,0,0,0,0,0,80720,1.0,0,0,0,18,,99,
1775353012,99,,0,0,0,0,no_volume,0,0,0,0,no_volume,0,0,0,0,no_volume,0,0,0,0,0,0,0,80669,1.0,0,0,0,18,,99,
1775353013,99,,0,0,0,0,no_volume,0,0,0,0,no_volume,0,0,0,0,no_volume,0,0,0,0,0,0,0,80669,1.0,0,0,0,18,,99,
1775353014,99,,0,0,0,0,no_volume,0,0,0,0,no_volume,0,0,0,0,no_volume,0,0,0,0,0,0,0,80762,1.0,0,0,0,19,,99,
1775353015,99,,0,0,0,0,no_volume,0,0,0,0,no_volume,0,0,0,0,no_volume,0,0,0,0,0,0,0,80363,1.0,0,0,0,18,,99,
1775353016,99,,0,0,0,0,no_volume,0,0,0,0,no_volume,0,0,0,0,no_volume,0,0,0,0,0,0,0,80363,1.0,0,0,0,18,,99,
1775353017,99,,0,0,0,0,no_volume,0,0,0,0,no_volume,0,0,0,0,no_volume,0,0,0,0,0,0,0,80796,1.0,0,0,0,18,,99,
1775353018,99,,0,0,0,0,no_volume,0,0,0,0,no_volume,0,0,0,0,no_volume,0,0,0,0,0,0,0,81113,1.0,0,0,0,19,,99,
1775353019,99,,0,0,0,0,no_volume,0,0,0,0,no_volume,0,0,0,0,no_volume,0,0,0,0,0,0,0,80680,1.0,0,0,0,19,,99,
1775353020,99,,0,0,0,0,no_volume,0,0,0,0,no_volume,0,0,0,0,no_volume,0,0,0,0,0,0,0,80758,1.0,0,0,0,18,,99,
1775353021,99,,0,0,0,0,no_volume,0,0,0,0,no_volume,0,0,0,0,no_volume,0,0,0,0,0,0,0,80758,1.0,0,0,0,18,,99,
1775353022,99,,0,0,0,0,no_volume,0,0,0,0,no_volume,0,0,0,0,no_volume,0,0,0,0,0,0,0,80363,1.0,0,0,0,18,,99,
1775353023,99,,0,0,0,0,no_volume,0,0,0,0,no_volume,0,0,0,0,no_volume,0,0,0,0,0,0,0,80363,1.0,0,0,0,18,,99,
1775353024,99,,0,0,0,0,no_volume,0,0,0,0,no_volume,0,0,0,0,no_volume,0,0,0,0,0,0,0,80363,1.0,0,0,0,18,,99,
1775353025,99,,0,0,0,0,no_volume,0,0,0,0,no_volume,0,0,0,0,no_volume,0,0,0,0,0,0,0,81070,1.0,0,0,0,19,,99,
1775353026,99,,0,0,0,0,no_volume,0,0,0,0,no_volume,0,0,0,0,no_volume,0,0,0,0,0,0,0,81070,1.0,0,0,0,19,,99,
1775353027,99,,0,0,0,0,no_volume,0,0,0,0,no_volume,0,0,0,0,no_volume,0,0,0,0,0,0,0,80363,1.0,0,0,0,18,,99,
1775353028,99,,0,0,0,0,no_volume,0,0,0,0,no_volume,0,0,0,0,no_volume,0,0,0,0,0,0,0,80363,1.0,0,0,0,18,,99,
1775353029,99,,0,0,0,0,no_volume,0,0,0,0,no_volume,0,0,0,0,no_volume,0,0,0,0,0,0,0,80213,1.0,0,0,0,17,,99,
1775353030,99,,0,0,0,0,no_volume,0,0,0,0,no_volume,0,0,0,0,no_volume,0,0,0,0,0,0,0,80584,1.0,0,0,0,17,,99,
1775353031,99,,0,0,0,0,no_volume,0,0,0,0,no_volume,0,0,0,0,no_volume,0,0,0,0,0,0,0,80856,1.0,0,0,0,18,,99,
1775353032,99,,0,0,0,0,no_volume,0,0,0,0,no_volume,0,0,0,0,no_volume,0,0,0,0,0,0,0,80485,1.0,0,0,0,18,,99,
1775353033,99,,0,0,0,0,no_volume,0,0,0,0,no_volume,0,0,0,0,no_volume,0,0,0,0,0,0,0,80213,1.0,0,0,0,17,,99,
1775353034,99,,0,0,0,0,no_volume,0,0,0,0,no_volume,0,0,0,0,no_volume,0,0,0,0,0,0,0,80598,1.0,0,0,0,17,,99,
1775353035,99,,0,0,0,0,no_volume,0,0,0,0,no_volume,0,0,0,0,no_volume,0,0,0,0,0,0,0,80598,1.0,0,0,0,17,,99,
1775353036,99,,0,0,0,0,no_volume,0,0,0,0,no_volume,0,0,0,0,no_volume,0,0,0,0,0,0,0,80213,1.0,0,0,0,17,,99,
1775353037,99,,0,0,0,0,no_volume,0,0,0,0,no_volume,0,0,0,0,no_volume,0,0,0,0,0,0,0,80213,1.0,0,0,0,17,,99,
1775353038,99,,0,0,0,0,no_volume,0,0,0,0,no_volume,0,0,0,0,no_volume,0,0,0,0,0,0,0,80899,1.0,0,0,0,17,,99,
1775353039,99,,0,0,0,0,no_volume,0,0,0,0,no_volume,0,0,0,0,no_volume,0,0,0,0,0,0,0,80899,1.0,0,0,0,17,,99,
1775353040,99,,0,0,0,0,no_volume,0,0,0,0,no_volume,0,0,0,0,no_volume,0,0,0,0,0,0,0,80213,1.0,0,0,0,17,,99,
1775353041,99,,0,0,0,0,no_volume,0,0,0,0,no_volume,0,0,0,0,no_volume,0,0,0,0,0,0,0,80594,1.0,0,0,0,17,,99,
1775353042,99,,0,0,0,0,no_volume,0,0,0,0,no_volume,0,0,0,0,no_volume,0,0,0,0,0,0,0,80594,1.0,0,0,0,17,,99,
1775353043,99,,0,0,0,0,no_volume,0,0,0,0,no_volume,0,0,0,0,no_volume,0,0,0,0,0,0,0,80213,1.0,0,0,0,17,,99,
1775353044,99,,0,0,0,0,no_volume,0,0,0,0,no_volume,0,0,0,0,no_volume,0,0,0,0,0,0,0,80509,1.0,0,0,0,17,,99,
1775353045,99,,0,0,0,0,no_volume,0,0,0,0,no_volume,0,0,0,0,no_volume,0,0,0,0,0,0,0,80919,1.0,0,0,0,18,,99,
1775353046,99,,0,0,0,0,no_volume,0,0,0,0,no_volume,0,0,0,0,no_volume,0,0,0,0,0,0,0,80213,1.0,0,0,0,17,,99,
1775353047,99,,0,0,0,0,no_volume,0,0,0,0,no_volume,0,0,0,0,no_volume,0,0,0,0,0,0,0,80213,1.0,0,0,0,17,,99,
1775353048,99,,0,0,0,0,no_volume,0,0,0,0,no_volume,0,0,0,0,no_volume,0,0,0,0,0,0,0,80596,1.0,0,0,0,17,,99,
1775353049,99,,0,0,0,0,no_volume,0,0,0,0,no_volume,0,0,0,0,no_volume,0,0,0,0,0,0,0,80596,1.0,0,0,0,17,,99,
1775353050,99,,0,0,0,0,no_volume,0,0,0,0,no_volume,0,0,0,0,no_volume,0,0,0,0,0,0,0,80529,1.0,0,0,0,17,,99,
1775353051,99,,0,0,0,0,no_volume,0,0,0,0,no_volume,0,0,0,0,no_volume,0,0,0,0,0,0,0,80529,1.0,0,0,0,17,,99,
1775353052,99,,0,0,0,0,no_volume,0,0,0,0,no_volume,0,0,0,0,no_volume,0,0,0,0,0,0,0,80596,1.0,0,0,0,17,,99,
1775353053,99,,0,0,0,0,no_volume,0,0,0,0,no_volume,0,0,0,0,no_volume,0,0,0,0,0,0,0,80596,1.0,0,0,0,17,,99,
1775353054,99,,0,0,0,0,no_volume,0,0,0,0,no_volume,0,0,0,0,no_volume,0,0,0,0,0,0,0,80213,1.0,0,0,0,17,,99,
1775353055,99,,0,0,0,0,no_volume,0,0,0,0,no_volume,0,0,0,0,no_volume,0,0,0,0,0,0,0,80213,1.0,0,0,0,17,,99,
1775353056,99,,0,0,0,0,no_volume,0,0,0,0,no_volume,0,0,0,0,no_volume,0,0,0,0,0,0,0,80623,1.0,0,0,0,17,,99,
1775353057,99,,0,0,0,0,no_volume,0,0,0,0,no_volume,0,0,0,0,no_volume,0,0,0,0,0,0,0,80623,1.0,0,0,0,17,,99,
1775353058,99,,0,0,0,0,no_volume,0,0,0,0,no_volume,0,0,0,0,no_volume,0,0,0,0,0,0,0,80534,1.0,0,0,0,17,,99,
1775353059,99,,0,0,0,0,no_volume,0,0,0,0,no_volume,0,0,0,0,no_volume,0,0,0,0,0,0,0,80968,1.0,0,0,0,18,,99,
1775353060,99,,0,0,0,0,no_volume,0,0,0,0,no_volume,0,0,0,0,no_volume,0,0,0,0,0,0,0,80647,1.0,0,0,0,18,,99,
1775353061,99,,0,0,0,0,no_volume,0,0,0,0,no_volume,0,0,0,0,no_volume,0,0,0,0,0,0,0,80213,1.0,0,0,0,17,,99,
1775353062,99,,0,0,0,0,no_volume,0,0,0,0,no_volume,0,0,0,0,no_volume,0,0,0,0,0,0,0,82365,1.0,0,0,0,17,,99,
1775353063,99,,0,0,0,0,no_volume,0,0,0,0,no_volume,0,0,0,0,no_volume,0,0,0,0,0,0,0,82365,1.0,0,0,0,17,,99,
1775353064,99,,0,0,0,0,no_volume,0,0,0,0,no_volume,0,0,0,0,no_volume,0,0,0,0,0,0,0,81963,1.0,0,0,0,17,,99,
1775353065,99,,0,0,0,0,no_volume,0,0,0,0,no_volume,0,0,0,0,no_volume,0,0,0,0,0,0,0,82676,1.0,0,0,0,18,,99,
1775353066,99,,0,0,0,0,no_volume,0,0,0,0,no_volume,0,0,0,0,no_volume,0,0,0,0,0,0,0,82247,1.0,0,0,0,18,,99,
1775353067,99,,0,0,0,0,no_volume,0,0,0,0,no_volume,0,0,0,0,no_volume,0,0,0,0,0,0,0,81963,1.0,0,0,0,17,,99,
1775353068,99,,0,0,0,0,no_volume,0,0,0,0,no_volume,0,0,0,0,no_volume,0,0,0,0,0,0,0,82343,1.0,0,0,0,17,,99,
1775353069,99,,0,0,0,0,no_volume,0,0,0,0,no_volume,0,0,0,0,no_volume,0,0,0,0,0,0,0,82343,1.0,0,0,0,17,,99,
1775353070,99,,0,0,0,0,no_volume,0,0,0,0,no_volume,0,0,0,0,no_volume,0,0,0,0,0,0,0,81963,1.0,0,0,0,17,,99,
1775353071,99,,0,0,0,0,no_volume,0,0,0,0,no_volume,0,0,0,0,no_volume,0,0,0,0,0,0,0,82681,1.0,0,0,0,18,,99,
1775353072,99,,0,0,0,0,no_volume,0,0,0,0,no_volume,0,0,0,0,no_volume,0,0,0,0,0,0,0,82681,1.0,0,0,0,18,,99,
1775353073,99,,0,0,0,0,no_volume,0,0,0,0,no_volume,0,0,0,0,no_volume,0,0,0,0,0,0,0,81963,1.0,0,0,0,17,,99,
1775353074,99,,0,0,0,0,no_volume,0,0,0,0,no_volume,0,0,0,0,no_volume,0,0,0,0,0,0,0,81963,1.0,0,0,0,17,,99,
1775353075,99,,0,0,0,0,no_volume,0,0,0,0,no_volume,0,0,0,0,no_volume,0,0,0,0,0,0,0,82379,1.0,0,0,0,17,,99,
1775353076,99,,0,0,0,0,no_volume,0,0,0,0,no_volume,0,0,0,0,no_volume,0,0,0,0,0,0,0,82379,1.0,0,0,0,17,,99,
1775353077,99,,0,0,0,0,no_volume,0,0,0,0,no_volume,0,0,0,0,no_volume,0,0,0,0,0,0,0,82270,1.0,0,0,0,17,,99,
1775353078,99,,0,0,0,0,no_volume,0,0,0,0,no_volume,0,0,0,0,no_volume,0,0,0,0,0,0,0,82700,1.0,0,0,0,18,,99,
1775353079,99,,0,0,0,0,no_volume,0,0,0,0,no_volume,0,0,0,0,no_volume,0,0,0,0,0,0,0,82393,1.0,0,0,0,18,,99,
1775353080,99,,0,0,0,0,no_volume,0,0,0,0,no_volume,0,0,0,0,no_volume,0,0,0,0,0,0,0,82370,1.0,0,0,0,17,,99,
1775353081,99,,0,0,0,0,no_volume,0,0,0,0,no_volume,0,0,0,0,no_volume,0,0,0,0,0,0,0,82370,1.0,0,0,0,17,,99,
1775353082,99,,0,0,0,0,no_volume,0,0,0,0,no_volume,0,0,0,0,no_volume,0,0,0,0,0,0,0,81963,1.0,0,0,0,17,,99,
1775353083,99,,0,0,0,0,no_volume,0,0,0,0,no_volume,0,0,0,0,no_volume,0,0,0,0,0,0,0,82640,1.0,0,0,0,18,,99,
1775353084,99,,0,0,0,0,no_volume,0,0,0,0,no_volume,0,0,0,0,no_volume,0,0,0,0,0,0,0,82640,1.0,0,0,0,18,,99,
1775353085,99,,0,0,0,0,no_volume,0,0,0,0,no_volume,0,0,0,0,no_volume,0,0,0,0,0,0,0,81963,1.0,0,0,0,17,,99,
1775353086,99,,0,0,0,0,no_volume,0,0,0,0,no_volume,0,0,0,0,no_volume,0,0,0,0,0,0,0,82347,1.0,0,0,0,17,,99,
1775353087,99,,0,0,0,0,no_volume,0,0,0,0,no_volume,0,0,0,0,no_volume,0,0,0,0,0,0,0,82347,1.0,0,0,0,17,,99,
1775353088,99,,0,0,0,0,no_volume,0,0,0,0,no_volume,0,0,0,0,no_volume,0,0,0,0,0,0,0,81963,1.0,0,0,0,17,,99,
1775353089,99,,0,0,0,0,no_volume,0,0,0,0,no_volume,0,0,0,0,no_volume,0,0,0,0,0,0,0,81963,1.0,0,0,0,17,,99,
1775353090,99,,0,0,0,0,no_volume,0,0,0,0,no_volume,0,0,0,0,no_volume,0,0,0,0,0,0,0,82600,1.0,0,0,0,18,,99,
1775353091,99,,0,0,0,0,no_volume,0,0,0,0,no_volume,0,0,0,0,no_volume,0,0,0,0,0,0,0,82600,1.0,0,0,0,18,,99,
1775353092,99,,0,0,0,0,no_volume,0,0,0,0,no_volume,0,0,0,0,no_volume,0,0,0,0,0,0,0,81963,1.0,0,0,0,17,,99,
1775353093,99,,0,0,0,0,no_volume,0,0,0,0,no_volume,0,0,0,0,no_volume,0,0,0,0,0,0,0,82365,1.0,0,0,0,17,,99,
1775353094,99,,0,0,0,0,no_volume,0,0,0,0,no_volume,0,0,0,0,no_volume,0,0,0,0,0,0,0,82365,1.0,0,0,0,17,,99,
1775353095,99,,0,0,0,0,no_volume,0,0,0,0,no_volume,0,0,0,0,no_volume,0,0,0,0,0,0,0,81963,1.0,0,0,0,17,,99,
1775353096,99,,0,0,0,0,no_volume,0,0,0,0,no_volume,0,0,0,0,no_volume,0,0,0,0,0,0,0,82632,1.0,0,0,0,18,,99,
1775353097,99,,0,0,0,0,no_volume,0,0,0,0,no_volume,0,0,0,0,no_volume,0,0,0,0,0,0,0,82632,1.0,0,0,0,18,,99,
1775353098,99,,0,0,0,0,no_volume,0,0,0,0,no_volume,0,0,0,0,no_volume,0,0,0,0,0,0,0,81963,1.0,0,0,0,17,,99,
1775353099,99,,0,0,0,0,no_volume,0,0,0,0,no_volume,0,0,0,0,no_volume,0,0,0,0,0,0,0,81963,1.0,0,0,0,17,,99,
1775353100,99,,0,0,0,0,no_volume,0,0,0,0,no_volume,0,0,0,0,no_volume,0,0,0,0,0,0,0,82331,1.0,0,0,0,17,,99,
1775353101,99,,0,0,0,0,no_volume,0,0,0,0,no_volume,0,0,0,0,no_volume,0,0,0,0,0,0,0,82331,1.0,0,0,0,17,,99,
1775353102,99,,0,0,0,0,no_volume,0,0,0,0,no_volume,0,0,0,0,no_volume,0,0,0,0,0,0,0,81963,1.0,0,0,0,17,,99,
1775353103,99,,0,0,0,0,no_volume,0,0,0,0,no_volume,0,0,0,0,no_volume,0,0,0,0,0,0,0,81963,1.0,0,0,0,17,,99,
1775353104,99,,0,0,55,55,low_activity,0,0,55,55,low_activity,0,0,55,55,low_activity,0,55,55,0,55,55,0,81908,1.0,0,0,0,17,,99,
1775353105,99,,0,0,55,55,low_activity,0,0,55,55,low_activity,0,0,55,55,low_activity,0,0,0,0,55,55,0,82205,1.0,0,0,0,17,,99,
1775353106,99,,0,0,55,55,low_activity,0,0,55,55,low_activity,0,0,55,55,low_activity,0,0,0,0,55,55,0,82205,1.0,0,0,0,17,,99,
1775353107,99,,0,0,0,0,no_volume,0,0,55,55,low_activity,0,0,55,55,low_activity,0,0,0,0,55,55,0,82292,1.0,0,0,0,18,,99,
1775353108,99,,0,0,0,0,no_volume,0,0,55,55,low_activity,0,0,55,55,low_activity,0,0,0,0,55,55,0,82292,1.0,0,0,0,18,,99,
1775353109,99,,0,0,0,0,no_volume,0,0,0,0,no_volume,0,0,55,55,low_activity,0,0,0,0,55,55,0,81908,1.0,0,0,0,17,,99,
1775353110,99,,0,0,0,0,no_volume,0,0,0,0,no_volume,0,0,55,55,low_activity,0,0,0,0,55,55,0,81908,1.0,0,0,0,17,,99,
1775353111,99,,0,0,0,0,no_volume,0,0,0,0,no_volume,0,0,55,55,low_activity,0,0,0,0,55,55,0,81908,1.0,0,0,0,17,,99,
1775353112,99,,0,0,0,0,no_volume,0,0,0,0,no_volume,0,0,55,55,low_activity,0,0,0,0,55,55,0,82317,1.0,0,0,0,17,,99,
1775353113,99,,0,0,0,0,no_volume,0,0,0,0,no_volume,0,0,55,55,low_activity,0,0,0,0,55,55,0,82637,1.0,0,0,0,18,,99,
1775353114,99,,0,0,0,0,no_volume,0,0,0,0,no_volume,0,0,55,55,low_activity,0,0,0,0,55,55,0,82228,1.0,0,0,0,18,,99,
1775353115,99,,0,0,0,0,no_volume,0,0,0,0,no_volume,0,0,55,55,low_activity,0,0,0,0,55,55,0,81908,1.0,0,0,0,17,,99,
1775353116,99,,0,0,0,0,no_volume,0,0,0,0,no_volume,0,0,55,55,low_activity,0,0,0,0,55,55,0,81908,1.0,0,0,0,17,,99,
1775353117,99,,0,0,0,0,no_volume,0,0,0,0,no_volume,0,0,55,55,low_activity,0,0,0,0,55,55,0,81908,1.0,0,0,0,17,,99,
1775353118,99,,0,0,0,0,no_volume,0,0,0,0,no_volume,0,0,55,55,low_activity,0,0,0,0,55,55,0,82288,1.0,0,0,0,17,,99,
1775353119,99,,0,0,0,0,no_volume,0,0,0,0,no_volume,0,0,55,55,low_activity,0,0,0,0,55,55,0,82576,1.0,0,0,0,18,,99,
1775353120,99,,0,0,0,0,no_volume,0,0,0,0,no_volume,0,0,55,55,low_activity,0,0,0,0,55,55,0,82196,1.0,0,0,0,18,,99,
1775353121,99,,0,0,0,0,no_volume,0,0,0,0,no_volume,0,0,55,55,low_activity,0,0,0,0,55,55,0,81908,1.0,0,0,0,17,,99,
1775353122,99,,0,0,0,0,no_volume,0,0,0,0,no_volume,0,0,55,55,low_activity,0,0,0,0,55,55,0,82307,1.0,0,0,0,17,,99,
1775353123,99,,0,0,0,0,no_volume,0,0,0,0,no_volume,0,0,55,55,low_activity,0,0,0,0,55,55,0,82307,1.0,0,0,0,17,,99,
1775353124,99,,0,0,0,0,no_volume,0,0,0,0,no_volume,0,0,55,55,low_activity,0,0,0,0,55,55,0,81908,1.0,0,0,0,17,,99,
1775353125,99,,0,0,0,0,no_volume,0,0,0,0,no_volume,0,0,55,55,low_activity,0,0,0,0,55,55,0,82230,1.0,0,0,0,17,,99,
1775353126,99,,0,0,0,0,no_volume,0,0,0,0,no_volume,0,0,55,55,low_activity,0,0,0,0,55,55,0,82602,1.0,0,0,0,18,,99,
1775353127,99,,0,0,0,0,no_volume,0,0,0,0,no_volume,0,0,55,55,low_activity,0,0,0,0,55,55,0,82280,1.0,0,0,0,18,,99,
1775353128,99,,0,0,0,0,no_volume,0,0,0,0,no_volume,0,0,55,55,low_activity,0,0,0,0,55,55,0,81908,1.0,0,0,0,17,,99,
1775353129,99,,0,0,0,0,no_volume,0,0,0,0,no_volume,0,0,55,55,low_activity,0,0,0,0,55,55,0,81908,1.0,0,0,0,17,,99,
1775353130,99,,0,0,163,163,low_activity,0,0,163,163,low_activity,0,0,218,218,low_activity,0,0,0,0,218,218,0,82167,1.0,0,0,0,17,,99,
1775353131,99,,0,0,163,163,low_activity,0,0,163,163,low_activity,0,0,218,218,low_activity,0,0,0,0,218,218,0,82478,1.0,0,0,0,18,,99,
1775353132,99,,0,0,0,0,no_volume,0,0,163,163,low_activity,0,0,218,218,low_activity,0,0,0,0,218,218,0,82056,1.0,0,0,0,18,,99,
1775353133,99,,0,0,0,0,no_volume,0,0,163,163,low_activity,0,0,218,218,low_activity,0,0,0,0,218,218,0,82110,1.0,0,0,0,17,,99,
1775353134,99,,0,0,0,0,no_volume,0,0,0,0,no_volume,0,0,163,163,low_activity,0,0,0,0,218,218,0,82110,1.0,0,0,0,17,,99,
1775353135,99,,0,0,0,0,no_volume,0,0,0,0,no_volume,0,0,163,163,low_activity,0,0,0,0,218,218,0,81745,1.0,0,0,0,17,,99,
1775353136,99,,0,0,0,0,no_volume,0,0,0,0,no_volume,0,0,163,163,low_activity,0,0,0,0,218,218,0,81745,1.0,0,0,0,17,,99,
1775353137,99,,0,0,0,0,no_volume,0,0,0,0,no_volume,0,0,163,163,low_activity,0,0,0,0,218,218,0,81745,1.0,0,0,0,17,,99,
1775353138,99,,0,0,0,0,no_volume,0,0,0,0,no_volume,0,0,163,163,low_activity,0,0,0,0,218,218,0,82057,1.0,0,0,0,18,,99,
1775353139,99,,0,0,0,0,no_volume,0,0,0,0,no_volume,0,0,163,163,low_activity,0,0,0,0,218,218,0,82106,1.0,0,0,0,17,,99,
1775353140,99,,0,0,0,0,no_volume,0,0,0,0,no_volume,0,0,163,163,low_activity,0,0,0,0,218,218,0,82106,1.0,0,0,0,17,,99,
1775353141,99,,0,0,0,0,no_volume,0,0,0,0,no_volume,0,0,163,163,low_activity,0,0,0,0,218,218,0,81745,1.0,0,0,0,17,,99,
1775353142,99,,0,0,0,0,no_volume,0,0,0,0,no_volume,0,0,163,163,low_activity,0,0,0,0,218,218,0,81745,1.0,0,0,0,17,,99,
1775353143,99,,0,0,0,0,no_volume,0,0,0,0,no_volume,0,0,163,163,low_activity,0,0,0,0,218,218,0,82071,1.0,0,0,0,17,,99,
1775353144,99,,0,0,0,0,no_volume,0,0,0,0,no_volume,0,0,163,163,low_activity,0,0,0,0,218,218,0,82071,1.0,0,0,0,17,,99,
1775353145,99,,0,0,0,0,no_volume,0,0,0,0,no_volume,0,0,163,163,low_activity,0,0,0,0,218,218,0,81745,1.0,0,0,0,17,,99,
1775353146,99,,0,0,0,0,no_volume,0,0,0,0,no_volume,0,0,163,163,low_activity,0,0,0,0,218,218,0,82122,1.0,0,0,0,17,,99,
1775353147,99,,0,0,0,0,no_volume,0,0,0,0,no_volume,0,0,163,163,low_activity,0,0,0,0,218,218,0,82122,1.0,0,0,0,17,,99,
1775353148,99,,0,0,0,0,no_volume,0,0,0,0,no_volume,0,0,163,163,low_activity,0,0,0,0,218,218,0,82030,1.0,0,0,0,17,,99,
1775353149,99,,0,0,0,0,no_volume,0,0,0,0,no_volume,0,0,163,163,low_activity,0,0,0,0,218,218,0,82030,1.0,0,0,0,17,,99,
1775353150,99,,0,0,0,0,no_volume,0,0,0,0,no_volume,0,0,163,163,low_activity,0,0,0,0,218,218,0,81745,1.0,0,0,0,17,,99,
1775353151,99,,0,0,0,0,no_volume,0,0,0,0,no_volume,0,0,163,163,low_activity,0,0,0,0,218,218,0,81745,1.0,0,0,0,17,,99,
1775353152,99,,0,0,0,0,no_volume,0,0,0,0,no_volume,0,0,163,163,low_activity,0,0,0,0,218,218,0,81745,1.0,0,0,0,17,,99,
1775353153,99,,0,0,0,0,no_volume,0,0,0,0,no_volume,0,0,163,163,low_activity,0,0,0,0,218,218,0,82025,1.0,0,0,0,17,,99,
1775353154,99,,0,0,0,0,no_volume,0,0,0,0,no_volume,0,0,163,163,low_activity,0,0,0,0,218,218,0,82025,1.0,0,0,0,17,,99,
1775353155,99,,0,0,0,0,no_volume,0,0,0,0,no_volume,0,0,163,163,low_activity,0,0,0,0,218,218,0,81745,1.0,0,0,0,17,,99,
1775353156,99,,0,0,0,0,no_volume,0,0,0,0,no_volume,0,0,163,163,low_activity,0,0,0,0,218,218,0,81745,1.0,0,0,0,17,,99,
1775353157,99,,0,0,0,0,no_volume,0,0,0,0,no_volume,0,0,163,163,low_activity,0,0,0,0,218,218,0,81745,1.0,0,0,0,17,,99,
1775353158,99,,0,0,0,0,no_volume,0,0,0,0,no_volume,0,0,163,163,low_activity,0,0,0,0,218,218,0,81745,1.0,0,0,0,17,,99,
1775353159,99,,0,0,0,0,no_volume,0,0,0,0,no_volume,0,0,0,0,no_volume,0,0,0,0,218,218,0,81745,1.0,0,0,0,17,,99,
1775353160,99,,0,0,0,0,no_volume,0,0,0,0,no_volume,0,0,0,0,no_volume,0,0,0,0,218,218,0,81745,1.0,0,0,0,17,,99,
1775353161,99,,0,0,0,0,no_volume,0,0,0,0,no_volume,0,0,0,0,no_volume,0,0,0,0,218,218,0,82432,1.0,0,0,0,18,,99,
1775353162,99,,0,0,0,0,no_volume,0,0,0,0,no_volume,0,0,0,0,no_volume,0,0,0,0,218,218,0,82110,1.0,0,0,0,18,,99,
1775353163,99,,0,0,0,0,no_volume,0,0,0,0,no_volume,0,0,0,0,no_volume,0,0,0,0,218,218,0,81745,1.0,0,0,0,17,,99,
1775353164,99,,0,0,0,0,no_volume,0,0,0,0,no_volume,0,0,0,0,no_volume,0,0,0,0,163,163,0,81745,1.0,0,0,0,17,,99,
1775353165,99,,0,0,0,0,no_volume,0,0,0,0,no_volume,0,0,0,0,no_volume,0,0,0,0,163,163,0,82163,1.0,0,0,0,17,,99,
1775353166,99,,0,0,0,0,no_volume,0,0,0,0,no_volume,0,0,0,0,no_volume,0,0,0,0,163,163,0,82163,1.0,0,0,0,17,,99,
1775353167,99,,0,0,0,0,no_volume,0,0,0,0,no_volume,0,0,0,0,no_volume,0,0,0,0,163,163,0,82036,1.0,0,0,0,17,,99,
1775353168,99,,0,0,0,0,no_volume,0,0,0,0,no_volume,0,0,0,0,no_volume,0,0,0,0,163,163,0,82036,1.0,0,0,0,17,,99,
1775353169,99,,0,0,0,0,no_volume,0,0,0,0,no_volume,0,0,0,0,no_volume,0,0,0,0,163,163,0,81745,1.0,0,0,0,17,,99,
1775353170,99,,0,0,0,0,no_volume,0,0,0,0,no_volume,0,0,0,0,no_volume,0,0,0,0,163,163,0,82177,1.0,0,0,0,17,,99,
1775353171,99,,0,0,0,0,no_volume,0,0,0,0,no_volume,0,0,0,0,no_volume,0,0,0,0,163,163,0,82177,1.0,0,0,0,17,,99,
1775353172,99,,0,0,0,0,no_volume,0,0,0,0,no_volume,0,0,0,0,no_volume,0,0,0,0,163,163,0,81745,1.0,0,0,0,17,,99,
1775353173,99,,0,0,0,0,no_volume,0,0,0,0,no_volume,0,0,0,0,no_volume,0,0,0,0,163,163,0,81745,1.0,0,0,0,17,,99,
1775353174,99,,0,0,0,0,no_volume,0,0,0,0,no_volume,0,0,0,0,no_volume,0,0,0,0,163,163,0,82146,1.0,0,0,0,17,,99,
1775353175,99,,0,0,0,0,no_volume,0,0,0,0,no_volume,0,0,0,0,no_volume,0,0,0,0,163,163,0,82146,1.0,0,0,0,17,,99,
1775353176,99,,0,0,0,0,no_volume,0,0,0,0,no_volume,0,0,0,0,no_volume,0,0,0,0,163,163,0,81745,1.0,0,0,0,17,,99,
1775353177,99,,0,0,0,0,no_volume,0,0,0,0,no_volume,0,0,0,0,no_volume,0,0,0,0,163,163,0,81745,1.0,0,0,0,17,,99,
1775353178,99,,0,0,0,0,no_volume,0,0,0,0,no_volume,0,0,0,0,no_volume,0,0,0,0,163,163,0,82128,1.0,0,0,0,17,,99,
1775353179,99,,0,0,0,0,no_volume,0,0,0,0,no_volume,0,0,0,0,no_volume,0,0,0,0,163,163,0,81745,1.0,0,0,0,17,,99,
1775353180,99,,0,0,0,0,no_volume,0,0,0,0,no_volume,0,0,0,0,no_volume,0,0,0,0,163,163,0,81745,1.0,0,0,0,17,,99,
1775353181,99,,0,0,0,0,no_volume,0,0,0,0,no_volume,0,0,0,0,no_volume,0,0,0,0,163,163,0,82115,1.0,0,0,0,17,,99,
1775353182,99,,0,0,0,0,no_volume,0,0,0,0,no_volume,0,0,0,0,no_volume,0,0,0,0,163,163,0,82115,1.0,0,0,0,17,,99,
1775353183,99,,0,0,0,0,no_volume,0,0,0,0,no_volume,0,0,0,0,no_volume,0,0,0,0,163,163,0,81745,1.0,0,0,0,17,,99,
1775353184,99,,0,0,0,0,no_volume,0,0,0,0,no_volume,0,0,0,0,no_volume,0,0,0,0,163,163,0,81745,1.0,0,0,0,17,,99,
1775353185,99,,0,0,0,0,no_volume,0,0,0,0,no_volume,0,0,0,0,no_volume,0,0,0,0,163,163,0,81745,1.0,0,0,0,17,,99,
1775353186,99,,0,0,0,0,no_volume,0,0,0,0,no_volume,0,0,0,0,no_volume,0,0,0,0,163,163,0,81745,1.0,0,0,0,17,,99,
1775353187,99,,0,0,0,0,no_volume,0,0,0,0,no_volume,0,0,0,0,no_volume,0,0,0,0,163,163,0,81745,1.0,0,0,0,17,,99,
1775353188,99,,0,0,0,0,no_volume,0,0,0,0,no_volume,0,0,0,0,no_volume,0,0,0,0,163,163,0,81745,1.0,0,0,0,17,,99,
1775353189,99,,0,0,15,15,low_activity,0,0,15,15,low_activity,0,0,15,15,low_activity,0,15,15,0,15,15,0,81730,1.0,0,0,0,17,,99,
1775353190,99,,0,0,15,15,low_activity,0,0,15,15,low_activity,0,0,15,15,low_activity,0,0,0,0,15,15,0,81730,1.0,0,0,0,17,,99,
1775353191,99,,0,0,15,15,low_activity,0,0,15,15,low_activity,0,0,15,15,low_activity,0,0,0,0,15,15,0,81730,1.0,0,0,0,17,,99,
1775353192,99,,0,0,0,0,no_volume,0,0,15,15,low_activity,0,0,15,15,low_activity,0,0,0,0,15,15,0,81730,1.0,0,0,0,17,,99,
1775353193,99,,0,0,0,0,no_volume,0,0,15,15,low_activity,0,0,15,15,low_activity,0,0,0,0,15,15,0,81730,1.0,0,0,0,17,,99,
1775353194,99,,0,0,0,0,no_volume,0,0,0,0,no_volume,0,0,15,15,low_activity,0,0,0,0,15,15,0,81730,1.0,0,0,0,17,,99,
1775353195,99,,0,0,0,0,no_volume,0,0,0,0,no_volume,0,0,15,15,low_activity,0,0,0,0,15,15,0,81730,1.0,0,0,0,17,,99,
1775353196,99,,0,0,0,0,no_volume,0,0,0,0,no_volume,0,0,15,15,low_activity,0,0,0,0,15,15,0,81730,1.0,0,0,0,17,,99,
1775353197,99,,0,0,0,0,no_volume,0,0,0,0,no_volume,0,0,15,15,low_activity,0,0,0,0,15,15,0,81730,1.0,0,0,0,17,,99,
1775353198,99,,0,0,0,0,no_volume,0,0,0,0,no_volume,0,0,15,15,low_activity,0,0,0,0,15,15,0,81730,1.0,0,0,0,17,,99,
1775353199,99,,0,0,0,0,no_volume,0,0,0,0,no_volume,0,0,15,15,low_activity,0,0,0,0,15,15,0,81730,1.0,0,0,0,17,,99,
1775353200,99,,0,0,0,0,no_volume,0,0,0,0,no_volume,0,0,15,15,low_activity,0,0,0,0,15,15,0,81730,1.0,0,0,0,17,,99,
1775353201,99,,0,0,0,0,no_volume,0,0,0,0,no_volume,0,0,15,15,low_activity,0,0,0,0,15,15,0,81730,1.0,0,0,0,17,,99,
1775353202,99,,0,0,0,0,no_volume,0,0,0,0,no_volume,0,0,15,15,low_activity,0,0,0,0,15,15,0,81730,1.0,0,0,0,17,,99,
1775353203,99,,0,0,0,0,no_volume,0,0,0,0,no_volume,0,0,15,15,low_activity,0,0,0,0,15,15,0,81730,1.0,0,0,0,17,,99,
1775353204,99,,0,0,0,0,no_volume,0,0,0,0,no_volume,0,0,15,15,low_activity,0,0,0,0,15,15,0,81730,1.0,0,0,0,17,,99,
1775353205,99,,0,0,0,0,no_volume,0,0,0,0,no_volume,0,0,15,15,low_activity,0,0,0,0,15,15,0,81730,1.0,0,0,0,17,,99,
1775353206,99,,0,0,0,0,no_volume,0,0,0,0,no_volume,0,0,15,15,low_activity,0,0,0,0,15,15,0,81730,1.0,0,0,0,17,,99,
1775353207,99,,0,0,0,0,no_volume,0,0,0,0,no_volume,0,0,15,15,low_activity,0,0,0,0,15,15,0,81730,1.0,0,0,0,17,,99,
1775353208,99,,0,0,0,0,no_volume,0,0,0,0,no_volume,0,0,15,15,low_activity,0,0,0,0,15,15,0,81730,1.0,0,0,0,17,,99,
1775353209,99,,0,0,0,0,no_volume,0,0,0,0,no_volume,0,0,15,15,low_activity,0,0,0,0,15,15,0,81730,1.0,0,0,0,17,,99,
1775353210,99,,0,0,0,0,no_volume,0,0,0,0,no_volume,0,0,15,15,low_activity,0,0,0,0,15,15,0,81730,1.0,0,0,0,17,,99,
1775353211,99,,0,0,0,0,no_volume,0,0,0,0,no_volume,0,0,15,15,low_activity,0,0,0,0,15,15,0,81730,1.0,0,0,0,17,,99,
1775353212,99,,0,0,0,0,no_volume,0,0,0,0,no_volume,0,0,15,15,low_activity,0,0,0,0,15,15,0,81730,1.0,0,0,0,17,,99,
1775353213,99,,0,0,0,0,no_volume,0,0,0,0,no_volume,0,0,15,15,low_activity,0,0,0,0,15,15,0,81730,1.0,0,0,0,17,,99,
1775353214,99,,0,0,0,0,no_volume,0,0,0,0,no_volume,0,0,15,15,low_activity,0,0,0,0,15,15,0,81730,1.0,0,0,0,17,,99,
1775353215,99,,0,0,0,0,no_volume,0,0,0,0,no_volume,0,0,15,15,low_activity,0,0,0,0,15,15,0,81730,1.0,0,0,0,17,,99,
1775353216,99,,0,0,0,0,no_volume,0,0,0,0,no_volume,0,0,15,15,low_activity,0,0,0,0,15,15,0,81730,1.0,0,0,0,17,,99,
1775353217,99,,0,0,0,0,no_volume,0,0,0,0,no_volume,0,0,15,15,low_activity,0,0,0,0,15,15,0,81730,1.0,0,0,0,17,,99,
1775353218,99,,0,0,0,0,no_volume,0,0,0,0,no_volume,0,0,15,15,low_activity,0,0,0,0,15,15,0,81730,1.0,0,0,0,17,,99,
1775353219,99,,0,0,0,0,no_volume,0,0,0,0,no_volume,0,0,0,0,no_volume,0,0,0,0,15,15,0,81730,1.0,0,0,0,17,,99,
1775353220,99,,0,0,0,0,no_volume,0,0,0,0,no_volume,0,0,0,0,no_volume,0,0,0,0,15,15,0,81730,1.0,0,0,0,17,,99,
1775353221,99,,0,0,0,0,no_volume,0,0,0,0,no_volume,0,0,0,0,no_volume,0,0,0,0,15,15,0,81730,1.0,0,0,0,17,,99,
1775353222,99,,0,0,0,0,no_volume,0,0,0,0,no_volume,0,0,0,0,no_volume,0,0,0,0,15,15,0,81730,1.0,0,0,0,17,,99,
1775353223,99,,0,0,0,0,no_volume,0,0,0,0,no_volume,0,0,0,0,no_volume,0,0,0,0,15,15,0,81730,1.0,0,0,0,17,,99,
1775353224,99,,0,0,0,0,no_volume,0,0,0,0,no_volume,0,0,0,0,no_volume,0,0,0,0,15,15,0,81730,1.0,0,0,0,17,,99,
1775353225,99,,0,0,0,0,no_volume,0,0,0,0,no_volume,0,0,0,0,no_volume,0,0,0,0,15,15,0,81730,1.0,0,0,0,17,,99,
1775353226,99,,0,0,0,0,no_volume,0,0,0,0,no_volume,0,0,0,0,no_volume,0,0,0,0,15,15,0,81730,1.0,0,0,0,17,,99,
1775353227,99,,0,0,0,0,no_volume,0,0,0,0,no_volume,0,0,0,0,no_volume,0,0,0,0,15,15,0,81730,1.0,0,0,0,17,,99,
1775353228,99,,0,0,0,0,no_volume,0,0,0,0,no_volume,0,0,0,0,no_volume,0,0,0,0,15,15,0,81730,1.0,0,0,0,17,,99,
1775353229,99,,0,0,0,0,no_volume,0,0,0,0,no_volume,0,0,0,0,no_volume,0,0,0,0,15,15,0,81730,1.0,0,0,0,17,,99,
1775353230,99,,0,0,0,0,no_volume,0,0,0,0,no_volume,0,0,0,0,no_volume,0,0,0,0,15,15,0,81730,1.0,0,0,0,17,,99,
1775353231,99,,0,0,0,0,no_volume,0,0,0,0,no_volume,0,0,0,0,no_volume,0,0,0,0,15,15,0,81730,1.0,0,0,0,17,,99,
1775353232,99,,0,0,0,0,no_volume,0,0,0,0,no_volume,0,0,0,0,no_volume,0,0,0,0,15,15,0,81730,1.0,0,0,0,17,,99,
1775353233,99,,0,0,0,0,no_volume,0,0,0,0,no_volume,0,0,0,0,no_volume,0,0,0,0,15,15,0,81730,1.0,0,0,0,17,,99,
1775353234,99,,0,0,0,0,no_volume,0,0,0,0,no_volume,0,0,0,0,no_volume,0,0,0,0,15,15,0,81730,1.0,0,0,0,17,,99,
1775353235,99,,0,0,0,0,no_volume,0,0,0,0,no_volume,0,0,0,0,no_volume,0,0,0,0,15,15,0,81730,1.0,0,0,0,17,,99,
1775353236,99,,0,0,0,0,no_volume,0,0,0,0,no_volume,0,0,0,0,no_volume,0,0,0,0,15,15,0,81730,1.0,0,0,0,17,,99,
1775353237,99,,0,0,0,0,no_volume,0,0,0,0,no_volume,0,0,0,0,no_volume,0,0,0,0,15,15,0,81730,1.0,0,0,0,17,,99,
1775353238,99,,0,0,0,0,no_volume,0,0,0,0,no_volume,0,0,0,0,no_volume,0,0,0,0,15,15,0,81730,1.0,0,0,0,17,,99,
1775353239,99,,0,0,0,0,no_volume,0,0,0,0,no_volume,0,0,0,0,no_volume,0,0,0,0,15,15,0,81730,1.0,0,0,0,17,,99,
1775353240,99,,0,0,0,0,no_volume,0,0,0,0,no_volume,0,0,0,0,no_volume,0,0,0,0,15,15,0,81730,1.0,0,0,0,17,,99,
1775353241,99,,0,0,0,0,no_volume,0,0,0,0,no_volume,0,0,0,0,no_volume,0,0,0,0,15,15,0,81730,1.0,0,0,0,17,,99,
1775353242,99,,0,0,119,119,low_activity,0,0,119,119,low_activity,0,0,119,119,low_activity,0,119,119,0,134,134,0,81611,1.0,0,0,0,17,,99,
1775353243,99,,0,0,119,119,low_activity,0,0,119,119,low_activity,0,0,119,119,low_activity,0,0,0,0,134,134,0,81611,1.0,0,0,0,17,,99,
1775353244,99,,0,0,119,119,low_activity,0,0,119,119,low_activity,0,0,119,119,low_activity,0,0,0,0,134,134,0,81611,1.0,0,0,0,17,,99,
1775353245,99,,0,0,0,0,no_volume,0,0,119,119,low_activity,0,0,119,119,low_activity,0,0,0,0,134,134,0,81611,1.0,0,0,0,17,,99,
1775353246,99,,0,0,0,0,no_volume,0,0,119,119,low_activity,0,0,119,119,low_activity,0,0,0,0,134,134,0,81611,1.0,0,0,0,17,,99,
1775353247,99,,0,0,0,0,no_volume,0,0,0,0,no_volume,0,0,119,119,low_activity,0,0,0,0,134,134,0,81611,1.0,0,0,0,17,,99,
1775353248,99,,0,0,0,0,no_volume,0,0,0,0,no_volume,0,0,119,119,low_activity,0,0,0,0,134,134,0,81611,1.0,0,0,0,17,,99,
1775353249,99,,0,0,0,0,no_volume,0,0,0,0,no_volume,0,0,119,119,low_activity,0,0,0,0,119,119,0,81611,1.0,0,0,0,17,,99,
1775353250,99,,0,0,0,0,no_volume,0,0,0,0,no_volume,0,0,119,119,low_activity,0,0,0,0,119,119,0,81611,1.0,0,0,0,17,,99,
1775353251,99,,0,0,0,0,no_volume,0,0,0,0,no_volume,0,0,119,119,low_activity,0,0,0,0,119,119,0,81611,1.0,0,0,0,17,,99,
1775353252,99,,0,0,0,0,no_volume,0,0,0,0,no_volume,0,0,119,119,low_activity,0,0,0,0,119,119,0,81611,1.0,0,0,0,17,,99,
1775353253,99,,0,0,0,0,no_volume,0,0,0,0,no_volume,0,0,119,119,low_activity,0,0,0,0,119,119,0,81611,1.0,0,0,0,17,,99,
1775353254,99,,0,0,0,0,no_volume,0,0,0,0,no_volume,0,0,119,119,low_activity,0,0,0,0,119,119,0,81611,1.0,0,0,0,17,,99,
1775353255,99,,0,0,0,0,no_volume,0,0,0,0,no_volume,0,0,119,119,low_activity,0,0,0,0,119,119,0,81611,1.0,0,0,0,17,,99,
1775353256,99,,0,0,0,0,no_volume,0,0,0,0,no_volume,0,0,119,119,low_activity,0,0,0,0,119,119,0,81611,1.0,0,0,0,17,,99,
1775353257,99,,0,0,0,0,no_volume,0,0,0,0,no_volume,0,0,119,119,low_activity,0,0,0,0,119,119,0,81611,1.0,0,0,0,17,,99,
1775353258,99,,0,0,24,24,low_activity,0,0,24,24,low_activity,0,0,143,143,low_activity,0,24,24,0,143,143,0,81587,1.0,0,0,0,17,,99,
1775353259,99,,0,0,24,24,low_activity,0,0,24,24,low_activity,0,0,143,143,low_activity,0,0,0,0,143,143,0,81587,1.0,0,0,0,17,,99,
1775353260,99,,0,0,24,24,low_activity,0,0,24,24,low_activity,0,0,143,143,low_activity,0,0,0,0,143,143,0,81587,1.0,0,0,0,17,,99,
1775353261,99,,0,0,0,0,no_volume,0,0,24,24,low_activity,0,0,143,143,low_activity,0,0,0,0,143,143,0,81587,1.0,0,0,0,17,,99,
1775353262,99,,0,0,0,0,no_volume,0,0,24,24,low_activity,0,0,143,143,low_activity,0,0,0,0,143,143,0,81587,1.0,0,0,0,17,,99,
1775353263,99,,0,0,0,0,no_volume,0,0,0,0,no_volume,0,0,143,143,low_activity,0,0,0,0,143,143,0,81587,1.0,0,0,0,17,,99,
1775353264,99,,0,0,0,0,no_volume,0,0,0,0,no_volume,0,0,143,143,low_activity,0,0,0,0,143,143,0,81587,1.0,0,0,0,17,,99,
1775353265,99,,0,0,0,0,no_volume,0,0,0,0,no_volume,0,0,143,143,low_activity,0,0,0,0,143,143,0,81587,1.0,0,0,0,17,,99,
1775353266,99,,0,0,0,0,no_volume,0,0,0,0,no_volume,0,0,143,143,low_activity,0,0,0,0,143,143,0,81587,1.0,0,0,0,17,,99,
1775353267,99,,0,0,0,0,no_volume,0,0,0,0,no_volume,0,0,143,143,low_activity,0,0,0,0,143,143,0,81587,1.0,0,0,0,17,,99,
1775353268,99,,0,0,0,0,no_volume,0,0,0,0,no_volume,0,0,143,143,low_activity,0,0,0,0,143,143,0,81587,1.0,0,0,0,17,,99,
1775353269,99,,0,0,0,0,no_volume,0,0,0,0,no_volume,0,0,143,143,low_activity,0,0,0,0,143,143,0,81587,1.0,0,0,0,17,,99,
1775353270,99,,0,0,0,0,no_volume,0,0,0,0,no_volume,0,0,143,143,low_activity,0,0,0,0,143,143,0,81587,1.0,0,0,0,17,,99,
1775353271,99,,0,0,0,0,no_volume,0,0,0,0,no_volume,0,0,143,143,low_activity,0,0,0,0,143,143,0,81587,1.0,0,0,0,17,,99,
1775353272,99,,0,0,0,0,no_volume,0,0,0,0,no_volume,0,0,24,24,low_activity,0,0,0,0,143,143,0,81587,1.0,0,0,0,17,,99,
1775353273,99,,0,0,0,0,no_volume,0,0,0,0,no_volume,0,0,24,24,low_activity,0,0,0,0,143,143,0,81587,1.0,0,0,0,17,,99,
1775353274,99,,0,0,0,0,no_volume,0,0,0,0,no_volume,0,0,24,24,low_activity,0,0,0,0,143,143,0,81587,1.0,0,0,0,17,,99,
1775353275,99,,0,0,0,0,no_volume,0,0,0,0,no_volume,0,0,24,24,low_activity,0,0,0,0,143,143,0,81587,1.0,0,0,0,17,,99,
1775353276,99,,0,0,0,0,no_volume,0,0,0,0,no_volume,0,0,24,24,low_activity,0,0,0,0,143,143,0,81587,1.0,0,0,0,17,,99,
1775353277,99,,0,0,0,0,no_volume,0,0,0,0,no_volume,0,0,24,24,low_activity,0,0,0,0,143,143,0,81587,1.0,0,0,0,17,,99,
1775353278,99,,0,0,0,0,no_volume,0,0,0,0,no_volume,0,0,24,24,low_activity,0,0,0,0,143,143,0,81587,1.0,0,0,0,17,,99,
1775353279,99,,0,0,0,0,no_volume,0,0,0,0,no_volume,0,0,24,24,low_activity,0,0,0,0,143,143,0,81587,1.0,0,0,0,17,,99,
1775353280,99,,0,0,0,0,no_volume,0,0,0,0,no_volume,0,0,24,24,low_activity,0,0,0,0,143,143,0,81587,1.0,0,0,0,17,,99,
1775353281,99,,0,0,0,0,no_volume,0,0,0,0,no_volume,0,0,24,24,low_activity,0,0,0,0,143,143,0,81587,1.0,0,0,0,17,,99,
1775353282,99,,0,0,0,0,no_volume,0,0,0,0,no_volume,0,0,24,24,low_activity,0,0,0,0,143,143,0,81587,1.0,0,0,0,17,,99,
1775353283,99,,0,0,0,0,no_volume,0,0,0,0,no_volume,0,0,24,24,low_activity,0,0,0,0,143,143,0,81587,1.0,0,0,0,17,,99,
1775353284,99,,0,0,0,0,no_volume,0,0,0,0,no_volume,0,0,24,24,low_activity,0,0,0,0,143,143,0,81587,1.0,0,0,0,17,,99,
1775353285,99,,0,0,0,0,no_volume,0,0,0,0,no_volume,0,0,24,24,low_activity,0,0,0,0,143,143,0,81587,1.0,0,0,0,17,,99,
1775353286,99,,0,0,0,0,no_volume,0,0,0,0,no_volume,0,0,24,24,low_activity,0,0,0,0,143,143,0,81587,1.0,0,0,0,17,,99,
1775353287,99,,0,0,0,0,no_volume,0,0,0,0,no_volume,0,0,24,24,low_activity,0,0,0,0,143,143,0,81587,1.0,0,0,0,17,,99,
1775353288,99,,0,0,0,0,no_volume,0,0,0,0,no_volume,0,0,0,0,no_volume,0,0,0,0,143,143,0,81587,1.0,0,0,0,17,,99,
1775353289,99,,0,0,0,0,no_volume,0,0,0,0,no_volume,0,0,0,0,no_volume,0,0,0,0,143,143,0,81587,1.0,0,0,0,17,,99,
1775353290,99,,0,0,0,0,no_volume,0,0,0,0,no_volume,0,0,0,0,no_volume,0,0,0,0,143,143,0,81587,1.0,0,0,0,17,,99,
1775353291,99,,0,0,0,0,no_volume,0,0,0,0,no_volume,0,0,0,0,no_volume,0,0,0,0,143,143,0,81587,1.0,0,0,0,17,,99,
1775353292,99,,0,0,0,0,no_volume,0,0,0,0,no_volume,0,0,0,0,no_volume,0,0,0,0,143,143,0,81587,1.0,0,0,0,17,,99,
1775353293,99,,0,0,0,0,no_volume,0,0,0,0,no_volume,0,0,0,0,no_volume,0,0,0,0,143,143,0,81587,1.0,0,0,0,17,,99,
1775353294,99,,0,0,0,0,no_volume,0,0,0,0,no_volume,0,0,0,0,no_volume,0,0,0,0,143,143,0,81587,1.0,0,0,0,17,,99,
1775353295,99,,0,0,0,0,no_volume,0,0,0,0,no_volume,0,0,0,0,no_volume,0,0,0,0,143,143,0,81587,1.0,0,0,0,17,,99,
1775353296,99,,0,0,0,0,no_volume,0,0,0,0,no_volume,0,0,0,0,no_volume,0,0,0,0,143,143,0,81587,1.0,0,0,0,17,,99,
1775353297,99,,0,0,0,0,no_volume,0,0,0,0,no_volume,0,0,0,0,no_volume,0,0,0,0,143,143,0,81587,1.0,0,0,0,17,,99,
1775353298,99,,0,0,0,0,no_volume,0,0,0,0,no_volume,0,0,0,0,no_volume,0,0,0,0,143,143,0,81587,1.0,0,0,0,17,,99,
1775353299,99,,0,0,0,0,no_volume,0,0,0,0,no_volume,0,0,0,0,no_volume,0,0,0,0,143,143,0,81587,1.0,0,0,0,17,,99,
1775353300,99,,0,0,0,0,no_volume,0,0,0,0,no_volume,0,0,0,0,no_volume,0,0,0,0,143,143,0,81587,1.0,0,0,0,17,,99,
1775353301,,,0,0,0,0,no_volume,0,0,0,0,no_volume,0,0,0,0,no_volume,0,0,0,0,143,143,0,0,0,0,0,0,0,,,
