ts,best_ask,best_bid,ask_price_0,ask_size_0,ask_price_1,ask_size_1,ask_price_2,ask_size_2,ask_price_3,ask_size_3,ask_price_4,ask_size_4,ask_price_5,ask_size_5,ask_price_6,ask_size_6,ask_price_7,ask_size_7,ask_price_8,ask_size_8,ask_price_9,ask_size_9,ask_price_10,ask_size_10,bid_price_0,bid_size_0,bid_price_1,bid_size_1,bid_price_2,bid_size_2,bid_price_3,bid_size_3,bid_price_4,bid_size_4,bid_price_5,bid_size_5,bid_price_6,bid_size_6,bid_price_7,bid_size_7,bid_price_8,bid_size_8,bid_price_9,bid_size_9,bid_price_10,bid_size_10,ask_depth_10,bid_depth_10
1773707699,54,53,54,597,55,2394,56,3695,57,25,58,2000,59,0,60,451,61,37,62,1891,63,0,64,500,53,2189,52,1017,51,216,50,161,49,5,48,638,47,0,46,558,45,1519,44,537,43,0,11590,6840
1773707700,54,53,54,597,55,2394,56,3695,57,25,58,2000,59,0,60,451,61,37,62,1891,63,0,64,500,53,2189,52,1017,51,216,50,161,49,5,48,638,47,0,46,558,45,1519,44,537,43,0,11590,6840
1773707701,54,53,54,597,55,2394,56,3695,57,25,58,2000,59,0,60,451,61,37,62,1891,63,0,64,500,53,2189,52,1017,51,216,50,161,49,5,48,638,47,0,46,558,45,1519,44,537,43,0,11590,6840
1773707702,54,53,54,597,55,2394,56,3695,57,25,58,2000,59,0,60,451,61,37,62,1891,63,0,64,500,53,2189,52,1017,51,216,50,161,49,5,48,638,47,0,46,558,45,1519,44,537,43,0,11590,6840
1773707703,54,53,54,597,55,2394,56,3695,57,25,58,2000,59,0,60,451,61,37,62,1891,63,0,64,500,53,2189,52,1017,51,216,50,161,49,5,48,638,47,0,46,558,45,1519,44,537,43,0,11590,6840
1773707704,54,53,54,597,55,2394,56,3695,57,25,58,2000,59,0,60,451,61,37,62,1891,63,0,64,500,53,2189,52,1017,51,216,50,161,49,5,48,638,47,0,46,558,45,1519,44,537,43,0,11590,6840
1773707705,54,53,54,597,55,2394,56,3695,57,25,58,2000,59,0,60,451,61,37,62,1891,63,0,64,500,53,2189,52,1017,51,216,50,161,49,5,48,638,47,0,46,558,45,1519,44,537,43,0,11590,6840
1773707706,54,53,54,597,55,2394,56,3695,57,25,58,2000,59,0,60,451,61,37,62,1891,63,0,64,500,53,2189,52,1017,51,216,50,161,49,5,48,638,47,0,46,558,45,1519,44,537,43,0,11590,6840
1773707707,54,53,54,597,55,2394,56,3695,57,25,58,2000,59,0,60,451,61,37,62,1891,63,0,64,500,53,2189,52,662,51,216,50,161,49,5,48,638,47,0,46,558,45,1519,44,537,43,0,11590,6485
1773707708,54,53,54,597,55,2349,56,3695,57,25,58,2000,59,0,60,451,61,37,62,1891,63,0,64,500,53,2189,52,662,51,216,50,161,49,5,48,675,47,0,46,558,45,1715,44,500,43,0,11545,6681
1773707709,54,53,54,597,55,2349,56,3695,57,25,58,2000,59,0,60,451,61,37,62,1891,63,0,64,500,53,2189,52,662,51,216,50,161,49,5,48,675,47,0,46,558,45,1715,44,500,43,0,11545,6681
1773707710,54,53,54,597,55,2349,56,3695,57,25,58,2000,59,0,60,451,61,37,62,1891,63,0,64,500,53,2189,52,662,51,216,50,161,49,5,48,675,47,0,46,558,45,1715,44,500,43,0,11545,6681
1773707711,54,53,54,597,55,2349,56,3695,57,25,58,2000,59,0,60,451,61,37,62,1891,63,0,64,500,53,2189,52,662,51,216,50,161,49,5,48,675,47,0,46,558,45,1715,44,500,43,0,11545,6681
1773707712,54,53,54,597,55,2349,56,3695,57,25,58,2000,59,0,60,451,61,37,62,1891,63,0,64,500,53,2189,52,662,51,216,50,161,49,5,48,675,47,0,46,558,45,1715,44,500,43,0,11545,6681
1773707713,54,53,54,597,55,2349,56,3695,57,25,58,2000,59,0,60,451,61,37,62,1891,63,0,64,500,53,2189,52,662,51,216,50,161,49,5,48,675,47,0,46,558,45,1715,44,500,43,0,11545,6681
1773707714,54,53,54,597,55,2349,56,3695,57,25,58,2000,59,0,60,451,61,37,62,1891,63,0,64,500,53,2189,52,662,51,216,50,161,49,5,48,675,47,0,46,558,45,1715,44,500,43,0,11545,6681
1773707715,54,53,54,597,55,2349,56,3695,57,25,58,2000,59,0,60,451,61,37,62,1891,63,0,64,500,53,2189,52,662,51,216,50,161,49,5,48,675,47,0,46,558,45,1715,44,500,43,0,11545,6681
1773707716,54,53,54,597,55,2349,56,3695,57,25,58,2000,59,0,60,451,61,37,62,1891,63,0,64,500,53,2189,52,662,51,216,50,161,49,5,48,675,47,0,46,558,45,1715,44,500,43,0,11545,6681
1773707717,54,53,54,597,55,2349,56,3695,57,25,58,2000,59,0,60,451,61,37,62,1891,63,0,64,500,53,2189,52,662,51,216,50,161,49,5,48,675,47,0,46,558,45,1715,44,500,43,0,11545,6681
1773707718,54,53,54,739,55,2349,56,5695,57,25,58,0,59,0,60,451,61,37,62,1891,63,0,64,500,53,157,52,662,51,2216,50,161,49,42,48,638,47,0,46,558,45,1663,44,500,43,0,11687,6597
1773707719,54,53,54,739,55,2349,56,5695,57,25,58,0,59,0,60,451,61,37,62,1891,63,0,64,500,53,157,52,662,51,2216,50,161,49,42,48,225,47,0,46,0,45,0,44,1604,43,0,11687,5067
1773707720,54,53,54,739,55,2349,56,5695,57,25,58,0,59,0,60,451,61,37,62,1891,63,0,64,500,53,157,52,662,51,2216,50,161,49,42,48,225,47,0,46,0,45,0,44,1604,43,0,11687,5067
1773707721,54,53,54,739,55,2349,56,5695,57,25,58,0,59,0,60,451,61,37,62,1891,63,0,64,500,53,157,52,662,51,2216,50,161,49,42,48,225,47,0,46,0,45,0,44,1604,43,0,11687,5067
1773707722,54,53,54,739,55,2349,56,5695,57,25,58,0,59,0,60,451,61,37,62,1891,63,0,64,500,53,157,52,662,51,2216,50,161,49,42,48,225,47,0,46,0,45,0,44,1604,43,0,11687,5067
1773707723,54,53,54,739,55,2349,56,5695,57,25,58,0,59,0,60,451,61,37,62,1891,63,0,64,500,53,157,52,662,51,2216,50,161,49,42,48,225,47,0,46,0,45,0,44,1604,43,0,11687,5067
1773707724,54,53,54,739,55,2349,56,5695,57,25,58,0,59,0,60,451,61,37,62,1891,63,0,64,500,53,157,52,662,51,2216,50,161,49,42,48,225,47,0,46,0,45,0,44,1604,43,0,11687,5067
1773707725,54,53,54,739,55,2349,56,5695,57,25,58,0,59,0,60,451,61,37,62,1891,63,0,64,500,53,157,52,662,51,2216,50,161,49,42,48,225,47,0,46,0,45,0,44,1604,43,0,11687,5067
1773707726,54,53,54,739,55,2349,56,5695,57,25,58,0,59,0,60,451,61,37,62,1891,63,0,64,500,53,157,52,662,51,2216,50,161,49,42,48,225,47,0,46,0,45,0,44,1604,43,0,11687,5067
1773707727,54,53,54,739,55,2349,56,5695,57,25,58,0,59,0,60,451,61,37,62,1891,63,0,64,500,53,157,52,662,51,2216,50,161,49,42,48,225,47,0,46,0,45,0,44,1604,43,0,11687,5067
1773707728,54,53,54,739,55,2349,56,5695,57,25,58,0,59,0,60,451,61,37,62,1891,63,0,64,500,53,157,52,662,51,2216,50,161,49,42,48,225,47,0,46,0,45,0,44,1604,43,0,11687,5067
1773707729,54,53,54,739,55,2349,56,5695,57,25,58,0,59,0,60,451,61,37,62,1891,63,0,64,500,53,157,52,662,51,2216,50,161,49,42,48,225,47,0,46,0,45,0,44,1604,43,0,11687,5067
1773707730,54,53,54,739,55,2349,56,5695,57,25,58,0,59,0,60,451,61,37,62,1891,63,0,64,500,53,157,52,662,51,2216,50,161,49,42,48,225,47,0,46,0,45,0,44,1604,43,0,11687,5067
1773707731,54,53,54,739,55,2349,56,5695,57,25,58,0,59,0,60,451,61,37,62,1891,63,0,64,500,53,157,52,662,51,2216,50,161,49,42,48,225,47,0,46,0,45,0,44,1604,43,0,11687,5067
1773707732,54,53,54,739,55,2349,56,5695,57,25,58,0,59,0,60,451,61,37,62,1891,63,0,64,500,53,157,52,662,51,2216,50,161,49,42,48,225,47,0,46,0,45,0,44,1604,43,0,11687,5067
1773707733,54,53,54,739,55,2349,56,5695,57,25,58,0,59,0,60,451,61,37,62,1891,63,0,64,500,53,157,52,662,51,2216,50,161,49,42,48,225,47,0,46,0,45,0,44,1604,43,0,11687,5067
1773707734,54,53,54,739,55,2349,56,5695,57,25,58,0,59,0,60,451,61,37,62,1891,63,0,64,500,53,157,52,662,51,2216,50,161,49,42,48,225,47,0,46,0,45,0,44,1604,43,0,11687,5067
1773707735,54,53,54,739,55,2349,56,5695,57,25,58,0,59,0,60,451,61,37,62,1891,63,0,64,500,53,157,52,662,51,2216,50,161,49,42,48,225,47,0,46,0,45,0,44,1604,43,0,11687,5067
1773707736,54,53,54,739,55,2349,56,5695,57,25,58,0,59,0,60,451,61,37,62,1891,63,0,64,500,53,157,52,662,51,2216,50,161,49,42,48,225,47,0,46,0,45,0,44,1604,43,0,11687,5067
1773707737,54,53,54,739,55,2349,56,5695,57,25,58,0,59,0,60,451,61,37,62,1891,63,0,64,500,53,157,52,662,51,2216,50,161,49,42,48,225,47,0,46,0,45,0,44,1604,43,0,11687,5067
1773707738,54,53,54,739,55,2349,56,5695,57,25,58,0,59,0,60,451,61,37,62,1891,63,0,64,500,53,157,52,662,51,2216,50,161,49,42,48,225,47,0,46,0,45,0,44,1604,43,0,11687,5067
1773707739,54,53,54,739,55,2349,56,5695,57,25,58,0,59,0,60,451,61,37,62,1891,63,0,64,500,53,157,52,662,51,2216,50,161,49,42,48,225,47,0,46,0,45,0,44,1604,43,0,11687,5067
1773707740,54,53,54,739,55,2349,56,5695,57,25,58,0,59,0,60,451,61,37,62,1891,63,0,64,500,53,157,52,662,51,2216,50,161,49,42,48,225,47,0,46,0,45,0,44,1604,43,0,11687,5067
1773707741,54,53,54,739,55,2349,56,5695,57,25,58,0,59,0,60,451,61,37,62,1891,63,0,64,500,53,157,52,662,51,2216,50,161,49,42,48,225,47,0,46,0,45,0,44,1604,43,0,11687,5067
1773707742,54,53,54,739,55,2349,56,5695,57,25,58,0,59,0,60,451,61,37,62,1891,63,0,64,500,53,157,52,662,51,2216,50,161,49,42,48,225,47,0,46,0,45,0,44,1604,43,0,11687,5067
1773707743,54,53,54,739,55,2349,56,5695,57,25,58,0,59,0,60,451,61,37,62,1891,63,0,64,500,53,157,52,662,51,2216,50,161,49,42,48,225,47,0,46,0,45,0,44,1604,43,0,11687,5067
1773707744,54,53,54,739,55,2349,56,5695,57,25,58,0,59,0,60,451,61,37,62,1891,63,0,64,500,53,157,52,662,51,2216,50,161,49,42,48,225,47,0,46,0,45,0,44,1604,43,0,11687,5067
1773707745,54,53,54,739,55,2349,56,5695,57,25,58,0,59,0,60,451,61,37,62,1891,63,0,64,500,53,157,52,662,51,2216,50,161,49,42,48,225,47,0,46,0,45,0,44,1604,43,0,11687,5067
1773707746,54,53,54,739,55,2349,56,5695,57,25,58,0,59,0,60,451,61,37,62,1891,63,0,64,500,53,157,52,662,51,2216,50,161,49,42,48,225,47,0,46,0,45,0,44,1604,43,0,11687,5067
1773707747,54,53,54,739,55,2349,56,5695,57,25,58,0,59,0,60,451,61,37,62,1891,63,0,64,500,53,157,52,662,51,2216,50,161,49,42,48,225,47,0,46,0,45,0,44,1604,43,0,11687,5067
1773707748,54,53,54,739,55,2349,56,5695,57,25,58,0,59,0,60,451,61,37,62,1891,63,0,64,500,53,157,52,662,51,2216,50,161,49,42,48,225,47,0,46,0,45,0,44,1604,43,0,11687,5067
1773707749,54,53,54,739,55,2349,56,5695,57,25,58,0,59,0,60,451,61,37,62,1891,63,0,64,500,53,157,52,662,51,2216,50,161,49,42,48,225,47,0,46,0,45,0,44,1604,43,0,11687,5067
1773707750,54,53,54,739,55,2349,56,5695,57,25,58,0,59,0,60,451,61,37,62,1891,63,0,64,500,53,157,52,662,51,2216,50,161,49,42,48,225,47,0,46,0,45,0,44,1604,43,0,11687,5067
1773707751,54,53,54,739,55,2349,56,5695,57,25,58,0,59,0,60,451,61,37,62,1891,63,0,64,500,53,157,52,662,51,2216,50,161,49,42,48,225,47,0,46,0,45,0,44,1604,43,0,11687,5067
1773707752,54,53,54,739,55,2349,56,5695,57,25,58,0,59,0,60,451,61,37,62,1891,63,0,64,500,53,157,52,662,51,2216,50,161,49,42,48,225,47,0,46,0,45,0,44,1604,43,0,11687,5067
1773707753,54,53,54,739,55,2349,56,5695,57,25,58,0,59,0,60,451,61,37,62,1891,63,0,64,500,53,157,52,662,51,2216,50,161,49,42,48,225,47,0,46,0,45,0,44,1604,43,0,11687,5067
1773707754,54,53,54,739,55,2349,56,5695,57,25,58,0,59,0,60,451,61,37,62,1891,63,0,64,500,53,157,52,662,51,2216,50,161,49,42,48,225,47,0,46,0,45,0,44,1604,43,0,11687,5067
1773707755,54,53,54,739,55,2349,56,5695,57,25,58,0,59,0,60,451,61,37,62,1891,63,0,64,500,53,157,52,662,51,2216,50,161,49,42,48,225,47,0,46,0,45,0,44,1604,43,0,11687,5067
1773707756,54,53,54,739,55,2349,56,5695,57,25,58,0,59,0,60,451,61,37,62,1891,63,0,64,500,53,157,52,662,51,2216,50,161,49,42,48,225,47,0,46,0,45,0,44,1604,43,0,11687,5067
1773707757,54,53,54,739,55,2349,56,5695,57,25,58,0,59,0,60,451,61,37,62,1891,63,0,64,500,53,157,52,662,51,2216,50,161,49,42,48,225,47,0,46,0,45,0,44,1604,43,0,11687,5067
1773707758,54,53,54,739,55,2349,56,5695,57,25,58,0,59,0,60,451,61,37,62,1891,63,0,64,500,53,157,52,662,51,2216,50,161,49,42,48,225,47,0,46,0,45,0,44,1604,43,0,11687,5067
1773707759,54,53,54,739,55,2349,56,5695,57,25,58,0,59,0,60,451,61,37,62,1891,63,0,64,500,53,157,52,662,51,2216,50,161,49,42,48,225,47,0,46,0,45,0,44,1604,43,0,11687,5067
1773707760,54,53,54,739,55,2349,56,5695,57,25,58,0,59,0,60,451,61,37,62,1891,63,0,64,500,53,157,52,662,51,2216,50,161,49,42,48,225,47,0,46,0,45,0,44,1604,43,0,11687,5067
1773707761,54,53,54,739,55,2349,56,5695,57,25,58,0,59,0,60,451,61,37,62,1891,63,0,64,500,53,157,52,662,51,2216,50,161,49,42,48,225,47,0,46,0,45,0,44,1604,43,0,11687,5067
1773707762,54,53,54,739,55,2349,56,5695,57,25,58,0,59,0,60,451,61,37,62,1891,63,0,64,500,53,157,52,662,51,2216,50,161,49,42,48,225,47,0,46,0,45,0,44,1604,43,0,11687,5067
1773707763,54,53,54,739,55,2349,56,5695,57,25,58,0,59,0,60,451,61,37,62,1891,63,0,64,500,53,157,52,662,51,2216,50,161,49,42,48,225,47,0,46,0,45,0,44,1604,43,0,11687,5067
1773707764,54,53,54,739,55,2349,56,5695,57,25,58,0,59,0,60,451,61,37,62,1891,63,0,64,500,53,157,52,662,51,2216,50,161,49,42,48,225,47,0,46,0,45,0,44,1604,43,0,11687,5067
1773707765,54,53,54,739,55,2349,56,5695,57,25,58,0,59,0,60,451,61,37,62,1891,63,0,64,500,53,157,52,662,51,2216,50,161,49,42,48,225,47,0,46,0,45,0,44,1604,43,0,11687,5067
1773707766,54,53,54,739,55,2349,56,5695,57,25,58,0,59,0,60,451,61,37,62,1891,63,0,64,500,53,157,52,662,51,2216,50,161,49,42,48,225,47,0,46,0,45,0,44,1604,43,0,11687,5067
1773707767,54,53,54,739,55,2349,56,5695,57,25,58,0,59,0,60,451,61,37,62,1891,63,0,64,500,53,157,52,662,51,2216,50,161,49,42,48,225,47,0,46,0,45,0,44,1604,43,0,11687,5067
1773707768,54,53,54,739,55,2349,56,5695,57,25,58,0,59,0,60,451,61,37,62,1891,63,0,64,500,53,157,52,662,51,2216,50,161,49,42,48,225,47,0,46,0,45,0,44,1604,43,0,11687,5067
1773707769,54,53,54,739,55,2349,56,5695,57,25,58,0,59,0,60,451,61,37,62,1891,63,0,64,500,53,157,52,662,51,2216,50,161,49,42,48,225,47,0,46,0,45,0,44,1604,43,0,11687,5067
1773707770,54,53,54,739,55,2349,56,5695,57,25,58,0,59,0,60,451,61,37,62,1891,63,0,64,500,53,157,52,662,51,2216,50,161,49,42,48,225,47,0,46,0,45,0,44,1604,43,0,11687,5067
1773707771,54,53,54,739,55,2349,56,5695,57,25,58,0,59,0,60,451,61,37,62,1891,63,0,64,500,53,157,52,662,51,2216,50,161,49,42,48,225,47,0,46,0,45,0,44,1604,43,0,11687,5067
1773707772,54,53,54,739,55,2349,56,5695,57,25,58,0,59,0,60,451,61,37,62,1891,63,0,64,500,53,157,52,662,51,2216,50,161,49,42,48,225,47,0,46,0,45,0,44,1600,43,0,11687,5063
1773707773,54,53,54,869,55,2349,56,5695,57,25,58,0,59,0,60,451,61,37,62,1891,63,0,64,500,53,157,52,662,51,2058,50,270,49,181,48,225,47,0,46,0,45,0,44,1600,43,0,11817,5153
1773707774,54,53,54,869,55,2349,56,5695,57,25,58,0,59,0,60,451,61,37,62,1891,63,0,64,500,53,157,52,662,51,2058,50,270,49,181,48,225,47,0,46,0,45,0,44,1600,43,0,11817,5153
1773707775,54,53,54,869,55,2349,56,5695,57,25,58,0,59,0,60,451,61,37,62,1891,63,0,64,500,53,157,52,662,51,2058,50,270,49,181,48,225,47,0,46,0,45,0,44,1600,43,0,11817,5153
1773707776,54,53,54,869,55,2349,56,5695,57,25,58,0,59,0,60,451,61,37,62,1891,63,0,64,500,53,157,52,662,51,2058,50,270,49,181,48,225,47,0,46,0,45,0,44,1600,43,0,11817,5153
1773707777,54,53,54,869,55,2349,56,5695,57,25,58,0,59,0,60,451,61,37,62,1891,63,0,64,500,53,157,52,662,51,2058,50,270,49,181,48,225,47,0,46,0,45,0,44,1600,43,0,11817,5153
1773707778,54,53,54,869,55,2349,56,5695,57,25,58,0,59,0,60,451,61,37,62,1891,63,0,64,500,53,157,52,662,51,2058,50,270,49,181,48,225,47,0,46,0,45,0,44,1600,43,0,11817,5153
1773707779,54,53,54,869,55,2349,56,5695,57,25,58,0,59,0,60,451,61,37,62,1891,63,0,64,500,53,157,52,662,51,2058,50,270,49,181,48,225,47,0,46,0,45,0,44,1600,43,0,11817,5153
1773707780,54,53,54,869,55,2349,56,5695,57,25,58,0,59,0,60,451,61,37,62,1891,63,0,64,500,53,157,52,662,51,2058,50,270,49,181,48,225,47,0,46,0,45,0,44,1600,43,0,11817,5153
1773707781,54,53,54,869,55,2349,56,5695,57,25,58,0,59,0,60,451,61,37,62,1891,63,0,64,500,53,157,52,662,51,2058,50,270,49,181,48,225,47,0,46,0,45,0,44,1600,43,0,11817,5153
1773707782,54,53,54,869,55,2349,56,5695,57,25,58,0,59,0,60,451,61,37,62,1891,63,0,64,500,53,157,52,662,51,2058,50,270,49,181,48,225,47,0,46,0,45,0,44,1600,43,0,11817,5153
1773707783,54,53,54,869,55,2349,56,5695,57,25,58,0,59,0,60,451,61,37,62,1891,63,0,64,500,53,157,52,662,51,2058,50,270,49,181,48,225,47,0,46,0,45,0,44,1600,43,0,11817,5153
1773707784,54,53,54,869,55,2349,56,5695,57,25,58,0,59,0,60,451,61,37,62,1891,63,0,64,500,53,157,52,662,51,2058,50,270,49,181,48,225,47,0,46,0,45,0,44,1600,43,0,11817,5153
1773707785,54,53,54,869,55,2349,56,5695,57,25,58,0,59,0,60,451,61,37,62,1891,63,0,64,500,53,157,52,662,51,2058,50,270,49,181,48,225,47,0,46,0,45,0,44,1600,43,0,11817,5153
1773707786,54,53,54,869,55,2349,56,5695,57,25,58,0,59,0,60,451,61,37,62,1891,63,0,64,500,53,157,52,662,51,2058,50,270,49,181,48,225,47,0,46,0,45,0,44,1600,43,0,11817,5153
1773707787,54,53,54,869,55,2349,56,5695,57,25,58,0,59,0,60,451,61,37,62,1891,63,0,64,500,53,157,52,662,51,2058,50,270,49,181,48,225,47,0,46,0,45,0,44,1600,43,0,11817,5153
1773707788,54,53,54,869,55,2349,56,5695,57,25,58,0,59,0,60,451,61,37,62,1891,63,0,64,500,53,157,52,662,51,2058,50,270,49,181,48,225,47,0,46,0,45,0,44,1600,43,0,11817,5153
1773707789,54,53,54,869,55,2349,56,5695,57,25,58,0,59,0,60,451,61,37,62,1891,63,0,64,500,53,157,52,662,51,2058,50,270,49,181,48,225,47,0,46,0,45,0,44,1600,43,0,11817,5153
1773707790,54,53,54,869,55,2349,56,5695,57,25,58,0,59,0,60,451,61,37,62,1891,63,0,64,500,53,157,52,662,51,2058,50,270,49,181,48,225,47,0,46,0,45,0,44,1600,43,0,11817,5153
1773707791,54,53,54,869,55,2349,56,5695,57,25,58,0,59,0,60,451,61,37,62,1891,63,0,64,500,53,157,52,662,51,2058,50,270,49,181,48,225,47,0,46,0,45,0,44,1600,43,0,11817,5153
1773707792,54,53,54,869,55,2349,56,5695,57,25,58,0,59,0,60,451,61,37,62,1891,63,0,64,500,53,157,52,662,51,2058,50,270,49,181,48,225,47,0,46,0,45,0,44,1600,43,0,11817,5153
1773707793,54,53,54,869,55,2349,56,5695,57,25,58,0,59,0,60,451,61,37,62,1891,63,0,64,500,53,157,52,662,51,2058,50,270,49,181,48,225,47,0,46,0,45,0,44,1600,43,0,11817,5153
1773707794,54,53,54,869,55,2349,56,5695,57,25,58,0,59,0,60,451,61,37,62,1891,63,0,64,500,53,157,52,662,51,2058,50,270,49,181,48,225,47,0,46,0,45,0,44,1600,43,0,11817,5153
1773707795,54,53,54,869,55,2349,56,5695,57,25,58,0,59,0,60,451,61,37,62,1891,63,0,64,500,53,157,52,662,51,2058,50,270,49,181,48,225,47,0,46,0,45,0,44,1600,43,0,11817,5153
1773707796,54,53,54,869,55,2349,56,5695,57,25,58,0,59,0,60,451,61,37,62,1891,63,0,64,500,53,157,52,662,51,2058,50,270,49,181,48,225,47,0,46,0,45,0,44,1600,43,0,11817,5153
1773707797,54,53,54,869,55,2349,56,5695,57,25,58,0,59,0,60,451,61,37,62,1891,63,0,64,500,53,157,52,662,51,2058,50,270,49,181,48,225,47,0,46,0,45,0,44,1600,43,0,11817,5153
1773707798,54,53,54,869,55,2349,56,5695,57,25,58,0,59,0,60,451,61,37,62,1891,63,0,64,500,53,157,52,662,51,2058,50,270,49,181,48,225,47,0,46,0,45,0,44,1600,43,0,11817,5153
1773707799,54,53,54,869,55,2349,56,5695,57,25,58,0,59,0,60,451,61,37,62,1891,63,0,64,500,53,157,52,662,51,2058,50,270,49,181,48,225,47,0,46,0,45,0,44,1600,43,0,11817,5153
1773707800,54,53,54,869,55,2349,56,5695,57,25,58,0,59,0,60,451,61,37,62,1891,63,0,64,500,53,157,52,662,51,2058,50,270,49,181,48,225,47,0,46,0,45,0,44,1600,43,0,11817,5153
1773707801,54,53,54,869,55,2349,56,5695,57,25,58,0,59,0,60,451,61,37,62,1891,63,0,64,500,53,157,52,662,51,2058,50,270,49,181,48,225,47,0,46,0,45,0,44,1600,43,0,11817,5153
1773707802,54,53,54,869,55,2349,56,5695,57,25,58,0,59,0,60,451,61,37,62,1891,63,0,64,500,53,157,52,662,51,2058,50,270,49,181,48,225,47,0,46,0,45,0,44,1600,43,0,11817,5153
1773707803,54,53,54,869,55,2349,56,5695,57,25,58,0,59,0,60,451,61,37,62,1891,63,0,64,500,53,157,52,662,51,2058,50,270,49,181,48,225,47,0,46,0,45,0,44,1600,43,0,11817,5153
1773707804,54,53,54,869,55,2349,56,5695,57,25,58,0,59,0,60,451,61,37,62,1891,63,0,64,500,53,157,52,662,51,2058,50,270,49,181,48,225,47,0,46,0,45,0,44,1600,43,0,11817,5153
1773707805,54,53,54,869,55,2349,56,5695,57,25,58,0,59,0,60,451,61,37,62,1891,63,0,64,500,53,157,52,662,51,2058,50,270,49,181,48,225,47,0,46,0,45,0,44,1600,43,0,11817,5153
1773707806,54,53,54,869,55,2349,56,5695,57,25,58,0,59,0,60,451,61,37,62,1891,63,0,64,500,53,157,52,662,51,2058,50,270,49,181,48,225,47,0,46,0,45,0,44,1600,43,0,11817,5153
1773707807,54,53,54,869,55,2349,56,5695,57,25,58,0,59,0,60,451,61,37,62,1891,63,0,64,500,53,157,52,662,51,2058,50,270,49,181,48,225,47,0,46,0,45,0,44,1600,43,0,11817,5153
1773707808,54,53,54,869,55,2349,56,5695,57,25,58,0,59,0,60,451,61,37,62,1891,63,0,64,500,53,157,52,662,51,2058,50,270,49,181,48,225,47,0,46,0,45,0,44,1600,43,0,11817,5153
1773707809,54,53,54,869,55,2349,56,5695,57,25,58,0,59,0,60,451,61,37,62,1891,63,0,64,500,53,157,52,662,51,2058,50,270,49,181,48,225,47,0,46,0,45,0,44,1600,43,0,11817,5153
1773707810,54,53,54,869,55,2349,56,5695,57,25,58,0,59,0,60,451,61,37,62,1891,63,0,64,500,53,157,52,662,51,2058,50,270,49,181,48,225,47,0,46,0,45,0,44,1600,43,0,11817,5153
1773707811,54,53,54,869,55,2349,56,5695,57,25,58,0,59,0,60,451,61,37,62,1891,63,0,64,500,53,157,52,662,51,2058,50,270,49,181,48,225,47,0,46,0,45,0,44,1600,43,0,11817,5153
1773707812,54,53,54,869,55,2349,56,5695,57,25,58,0,59,0,60,451,61,37,62,1891,63,0,64,500,53,157,52,662,51,2058,50,270,49,181,48,225,47,0,46,0,45,0,44,1600,43,0,11817,5153
1773707813,54,53,54,869,55,2349,56,5695,57,25,58,0,59,0,60,451,61,37,62,1891,63,0,64,500,53,157,52,662,51,2058,50,270,49,181,48,225,47,0,46,0,45,0,44,1600,43,0,11817,5153
1773707814,54,53,54,869,55,2349,56,5695,57,25,58,0,59,0,60,451,61,37,62,1891,63,0,64,500,53,157,52,662,51,2058,50,270,49,181,48,225,47,0,46,0,45,0,44,1600,43,0,11817,5153
1773707815,54,53,54,869,55,2349,56,5695,57,25,58,0,59,0,60,451,61,37,62,1891,63,0,64,500,53,157,52,662,51,2058,50,270,49,181,48,225,47,0,46,0,45,0,44,1600,43,0,11817,5153
1773707816,54,53,54,869,55,2349,56,5695,57,25,58,0,59,0,60,451,61,37,62,1891,63,0,64,500,53,157,52,662,51,2058,50,270,49,181,48,225,47,0,46,0,45,0,44,1600,43,0,11817,5153
1773707817,54,53,54,869,55,2349,56,5695,57,25,58,0,59,0,60,451,61,37,62,1891,63,0,64,500,53,157,52,662,51,2058,50,270,49,181,48,225,47,0,46,0,45,0,44,1600,43,0,11817,5153
1773707818,54,53,54,869,55,2349,56,5695,57,25,58,0,59,0,60,451,61,37,62,1891,63,0,64,500,53,157,52,662,51,2058,50,270,49,181,48,225,47,0,46,0,45,0,44,1600,43,0,11817,5153
1773707819,54,53,54,869,55,2349,56,5695,57,25,58,0,59,0,60,451,61,37,62,1891,63,0,64,500,53,157,52,662,51,2058,50,270,49,181,48,225,47,0,46,0,45,0,44,1600,43,0,11817,5153
1773707820,54,53,54,869,55,2349,56,5695,57,25,58,0,59,0,60,451,61,37,62,1891,63,0,64,500,53,157,52,662,51,2058,50,270,49,181,48,225,47,0,46,0,45,0,44,1600,43,0,11817,5153
1773707821,54,53,54,869,55,2349,56,5695,57,25,58,0,59,0,60,451,61,37,62,1891,63,0,64,500,53,157,52,662,51,2058,50,270,49,181,48,225,47,0,46,0,45,0,44,1600,43,0,11817,5153
1773707822,54,53,54,869,55,2349,56,5695,57,25,58,0,59,0,60,451,61,37,62,1891,63,0,64,500,53,157,52,662,51,2058,50,270,49,181,48,225,47,0,46,0,45,0,44,1600,43,0,11817,5153
1773707823,54,53,54,869,55,2349,56,5695,57,25,58,0,59,0,60,451,61,37,62,1891,63,0,64,500,53,157,52,662,51,2058,50,270,49,181,48,225,47,0,46,0,45,0,44,1600,43,0,11817,5153
1773707824,54,53,54,869,55,2349,56,5695,57,25,58,0,59,0,60,451,61,37,62,1891,63,0,64,500,53,157,52,662,51,2058,50,270,49,181,48,225,47,0,46,0,45,0,44,1600,43,0,11817,5153
1773707825,54,53,54,869,55,2349,56,5695,57,25,58,0,59,0,60,451,61,0,62,1891,63,0,64,500,53,157,52,662,51,2058,50,270,49,144,48,225,47,0,46,0,45,0,44,1600,43,0,11780,5116
1773707826,54,53,54,869,55,2349,56,5695,57,25,58,0,59,0,60,451,61,0,62,1891,63,0,64,500,53,157,52,662,51,2058,50,270,49,144,48,225,47,0,46,0,45,0,44,1600,43,0,11780,5116
1773707827,54,53,54,869,55,2349,56,5695,57,25,58,0,59,0,60,451,61,0,62,1891,63,0,64,500,53,157,52,662,51,2058,50,270,49,144,48,225,47,0,46,0,45,0,44,1600,43,0,11780,5116
1773707828,54,53,54,869,55,2349,56,5695,57,25,58,0,59,0,60,451,61,0,62,1891,63,0,64,500,53,157,52,662,51,2058,50,270,49,144,48,225,47,0,46,0,45,0,44,1600,43,0,11780,5116
1773707829,54,53,54,869,55,2349,56,5695,57,25,58,0,59,0,60,451,61,0,62,1891,63,0,64,500,53,157,52,662,51,2058,50,270,49,144,48,225,47,0,46,0,45,0,44,1600,43,0,11780,5116
1773707830,54,53,54,869,55,2349,56,5695,57,25,58,0,59,0,60,451,61,0,62,1891,63,0,64,500,53,157,52,662,51,2058,50,270,49,144,48,225,47,0,46,0,45,0,44,1600,43,0,11780,5116
1773707831,54,53,54,869,55,2349,56,5695,57,25,58,0,59,0,60,451,61,0,62,1891,63,0,64,500,53,157,52,662,51,2058,50,270,49,144,48,225,47,0,46,0,45,0,44,1600,43,0,11780,5116
1773707832,54,53,54,869,55,2349,56,5695,57,25,58,0,59,0,60,451,61,0,62,1891,63,0,64,500,53,157,52,662,51,2058,50,270,49,144,48,225,47,0,46,0,45,0,44,1600,43,0,11780,5116
1773707833,54,53,54,869,55,2349,56,5695,57,25,58,0,59,0,60,451,61,0,62,1891,63,0,64,500,53,157,52,662,51,2058,50,270,49,144,48,225,47,0,46,0,45,0,44,1600,43,0,11780,5116
1773707834,54,53,54,869,55,2349,56,5695,57,25,58,0,59,0,60,451,61,0,62,1891,63,0,64,500,53,157,52,662,51,2058,50,270,49,144,48,225,47,0,46,0,45,0,44,1600,43,0,11780,5116
1773707835,54,53,54,869,55,2349,56,5695,57,25,58,0,59,0,60,451,61,0,62,1891,63,0,64,500,53,157,52,662,51,2058,50,270,49,144,48,225,47,0,46,0,45,0,44,1600,43,0,11780,5116
1773707836,54,53,54,869,55,2349,56,5695,57,25,58,0,59,0,60,451,61,0,62,1891,63,0,64,500,53,157,52,662,51,2058,50,270,49,144,48,225,47,0,46,0,45,0,44,1600,43,0,11780,5116
1773707837,54,53,54,869,55,2349,56,5695,57,25,58,0,59,0,60,451,61,0,62,1891,63,0,64,500,53,157,52,662,51,2058,50,270,49,144,48,225,47,0,46,0,45,0,44,1600,43,0,11780,5116
1773707838,54,53,54,869,55,2349,56,5695,57,25,58,0,59,0,60,451,61,0,62,1891,63,0,64,500,53,157,52,662,51,2058,50,270,49,144,48,225,47,0,46,0,45,0,44,1600,43,0,11780,5116
1773707839,54,53,54,869,55,2349,56,5695,57,25,58,0,59,0,60,451,61,0,62,1891,63,0,64,500,53,157,52,662,51,2058,50,270,49,144,48,225,47,0,46,0,45,0,44,1600,43,0,11780,5116
1773707840,54,53,54,869,55,2349,56,5695,57,25,58,0,59,0,60,451,61,0,62,1891,63,0,64,500,53,157,52,662,51,2058,50,270,49,144,48,225,47,0,46,0,45,0,44,1600,43,0,11780,5116
1773707841,54,53,54,869,55,2349,56,5695,57,25,58,0,59,0,60,451,61,0,62,1891,63,0,64,500,53,157,52,662,51,2058,50,270,49,144,48,225,47,0,46,0,45,0,44,1600,43,0,11780,5116
1773707842,54,53,54,869,55,2349,56,5695,57,25,58,0,59,0,60,451,61,0,62,1891,63,0,64,500,53,157,52,662,51,2058,50,270,49,144,48,225,47,0,46,0,45,0,44,1600,43,0,11780,5116
1773707843,54,53,54,869,55,2349,56,5695,57,25,58,0,59,0,60,451,61,0,62,1891,63,0,64,500,53,157,52,662,51,2058,50,270,49,144,48,225,47,0,46,0,45,0,44,1600,43,0,11780,5116
1773707844,54,53,54,869,55,2349,56,5695,57,25,58,0,59,0,60,451,61,0,62,1891,63,0,64,500,53,157,52,662,51,2058,50,270,49,144,48,225,47,0,46,0,45,0,44,1600,43,0,11780,5116
1773707845,54,53,54,869,55,2349,56,5695,57,25,58,0,59,0,60,451,61,0,62,1891,63,0,64,500,53,157,52,662,51,2058,50,270,49,144,48,225,47,0,46,0,45,0,44,1600,43,0,11780,5116
1773707846,54,53,54,869,55,2349,56,5695,57,25,58,0,59,0,60,451,61,0,62,1891,63,0,64,500,53,157,52,662,51,2058,50,270,49,144,48,225,47,0,46,0,45,0,44,1600,43,0,11780,5116
1773707847,54,53,54,869,55,2349,56,5695,57,25,58,0,59,0,60,451,61,0,62,1891,63,0,64,500,53,157,52,662,51,2058,50,270,49,144,48,225,47,0,46,0,45,0,44,1600,43,0,11780,5116
1773707848,54,53,54,869,55,2349,56,5695,57,25,58,0,59,0,60,451,61,0,62,1891,63,0,64,500,53,157,52,662,51,2058,50,270,49,144,48,225,47,0,46,0,45,0,44,1600,43,0,11780,5116
1773707849,54,53,54,869,55,2349,56,5695,57,25,58,0,59,0,60,451,61,0,62,1891,63,0,64,500,53,157,52,662,51,2058,50,270,49,144,48,225,47,0,46,0,45,0,44,1600,43,0,11780,5116
1773707850,54,53,54,869,55,2349,56,5695,57,25,58,0,59,0,60,451,61,0,62,1891,63,0,64,500,53,157,52,662,51,2058,50,270,49,144,48,225,47,0,46,0,45,0,44,1600,43,0,11780,5116
1773707851,54,53,54,869,55,2349,56,5695,57,25,58,0,59,0,60,451,61,0,62,1891,63,0,64,500,53,157,52,662,51,2058,50,270,49,144,48,225,47,0,46,0,45,0,44,1600,43,0,11780,5116
1773707852,54,53,54,869,55,2349,56,5695,57,25,58,0,59,0,60,451,61,0,62,1891,63,0,64,500,53,157,52,662,51,2058,50,270,49,144,48,225,47,0,46,0,45,0,44,1600,43,0,11780,5116
1773707853,54,53,54,869,55,2349,56,5695,57,25,58,0,59,0,60,451,61,0,62,1891,63,0,64,500,53,157,52,662,51,2058,50,270,49,144,48,225,47,0,46,0,45,0,44,1600,43,0,11780,5116
1773707854,54,53,54,869,55,2349,56,5695,57,25,58,0,59,0,60,451,61,0,62,1891,63,0,64,500,53,157,52,662,51,2058,50,270,49,144,48,225,47,0,46,0,45,0,44,1600,43,0,11780,5116
1773707855,54,53,54,869,55,2349,56,5695,57,25,58,0,59,0,60,451,61,0,62,1891,63,0,64,500,53,157,52,662,51,2058,50,270,49,144,48,225,47,0,46,0,45,0,44,1600,43,0,11780,5116
1773707856,54,53,54,869,55,2349,56,5695,57,25,58,0,59,0,60,451,61,0,62,1891,63,0,64,500,53,157,52,662,51,2058,50,270,49,144,48,225,47,0,46,0,45,0,44,1600,43,0,11780,5116
1773707857,54,53,54,869,55,2349,56,5695,57,25,58,0,59,0,60,451,61,0,62,1891,63,0,64,500,53,157,52,662,51,2058,50,270,49,144,48,225,47,0,46,0,45,0,44,1600,43,0,11780,5116
1773707858,54,53,54,869,55,2349,56,5695,57,25,58,0,59,0,60,451,61,0,62,1891,63,0,64,500,53,157,52,662,51,2058,50,270,49,144,48,225,47,0,46,0,45,0,44,1600,43,0,11780,5116
1773707859,54,53,54,889,55,2349,56,5695,57,25,58,0,59,0,60,451,61,0,62,1891,63,0,64,500,53,157,52,662,51,2058,50,270,49,144,48,225,47,0,46,0,45,0,44,1586,43,0,11800,5102
1773707860,54,53,54,889,55,2349,56,5695,57,25,58,0,59,0,60,451,61,0,62,1891,63,0,64,500,53,157,52,662,51,2058,50,270,49,144,48,225,47,0,46,0,45,0,44,1586,43,0,11800,5102
1773707861,54,53,54,889,55,2349,56,5695,57,25,58,0,59,0,60,451,61,0,62,1891,63,0,64,500,53,157,52,662,51,2058,50,270,49,144,48,225,47,0,46,0,45,0,44,1586,43,0,11800,5102
1773707862,54,53,54,889,55,2349,56,5695,57,25,58,0,59,0,60,451,61,0,62,1891,63,0,64,500,53,157,52,662,51,2058,50,270,49,144,48,225,47,0,46,0,45,0,44,1586,43,0,11800,5102
1773707863,54,53,54,889,55,2349,56,5695,57,25,58,0,59,0,60,451,61,0,62,1891,63,0,64,500,53,157,52,662,51,2058,50,270,49,144,48,225,47,0,46,0,45,0,44,1586,43,0,11800,5102
1773707864,54,53,54,889,55,2349,56,5695,57,25,58,0,59,0,60,451,61,0,62,1891,63,0,64,500,53,157,52,662,51,2058,50,270,49,144,48,225,47,0,46,0,45,0,44,1586,43,0,11800,5102
1773707865,54,53,54,889,55,2349,56,5695,57,25,58,0,59,0,60,451,61,0,62,1891,63,0,64,500,53,157,52,662,51,2058,50,270,49,144,48,225,47,0,46,0,45,0,44,1586,43,0,11800,5102
1773707866,54,53,54,889,55,2349,56,5695,57,25,58,0,59,0,60,451,61,0,62,1891,63,0,64,500,53,157,52,662,51,2058,50,270,49,144,48,225,47,0,46,0,45,0,44,1586,43,0,11800,5102
1773707867,54,53,54,889,55,2349,56,5695,57,25,58,0,59,0,60,451,61,0,62,1891,63,0,64,500,53,157,52,662,51,2058,50,270,49,144,48,225,47,0,46,0,45,0,44,1586,43,0,11800,5102
1773707868,54,53,54,889,55,2349,56,5695,57,25,58,0,59,0,60,451,61,0,62,1891,63,0,64,500,53,157,52,662,51,2058,50,270,49,144,48,225,47,0,46,0,45,0,44,1586,43,0,11800,5102
1773707869,54,53,54,889,55,2349,56,5695,57,25,58,0,59,0,60,451,61,0,62,1891,63,0,64,500,53,157,52,662,51,2058,50,270,49,144,48,225,47,0,46,0,45,0,44,1586,43,0,11800,5102
1773707870,54,53,54,889,55,2349,56,5695,57,25,58,0,59,0,60,451,61,0,62,1891,63,0,64,500,53,157,52,662,51,2058,50,270,49,144,48,225,47,0,46,0,45,0,44,1586,43,0,11800,5102
1773707871,54,53,54,889,55,2349,56,5695,57,25,58,0,59,0,60,451,61,0,62,1891,63,0,64,500,53,157,52,662,51,2058,50,270,49,144,48,225,47,0,46,0,45,0,44,1586,43,0,11800,5102
1773707872,54,53,54,889,55,2349,56,5695,57,25,58,0,59,0,60,451,61,0,62,1891,63,0,64,500,53,157,52,662,51,2058,50,270,49,144,48,225,47,0,46,0,45,0,44,1586,43,0,11800,5102
1773707873,54,53,54,889,55,2349,56,5695,57,25,58,0,59,0,60,451,61,0,62,1891,63,0,64,500,53,157,52,662,51,2058,50,270,49,144,48,225,47,0,46,0,45,0,44,1586,43,0,11800,5102
1773707874,54,53,54,889,55,2349,56,5695,57,25,58,0,59,0,60,451,61,0,62,1891,63,0,64,500,53,157,52,662,51,2058,50,270,49,144,48,225,47,0,46,0,45,0,44,1586,43,0,11800,5102
1773707875,54,53,54,889,55,2349,56,5695,57,25,58,0,59,0,60,451,61,0,62,1891,63,0,64,500,53,157,52,662,51,2058,50,270,49,144,48,225,47,0,46,0,45,0,44,1586,43,0,11800,5102
1773707876,54,53,54,889,55,2349,56,5695,57,25,58,0,59,0,60,451,61,0,62,1891,63,0,64,500,53,157,52,662,51,2058,50,270,49,144,48,225,47,0,46,0,45,0,44,1586,43,0,11800,5102
1773707877,54,53,54,889,55,2349,56,5695,57,25,58,0,59,0,60,451,61,0,62,1891,63,0,64,500,53,157,52,662,51,2058,50,270,49,144,48,225,47,0,46,0,45,0,44,1586,43,0,11800,5102
1773707878,54,53,54,889,55,2349,56,5695,57,25,58,0,59,0,60,451,61,0,62,1891,63,0,64,500,53,157,52,662,51,2058,50,270,49,144,48,225,47,0,46,0,45,0,44,1586,43,0,11800,5102
1773707879,54,53,54,889,55,2349,56,5695,57,25,58,0,59,0,60,451,61,0,62,1891,63,0,64,500,53,157,52,662,51,2058,50,270,49,144,48,225,47,0,46,0,45,0,44,1586,43,0,11800,5102
1773707880,54,53,54,889,55,2349,56,5695,57,25,58,0,59,0,60,451,61,0,62,1891,63,0,64,500,53,157,52,662,51,2058,50,270,49,144,48,225,47,0,46,0,45,0,44,1586,43,0,11800,5102
1773707881,54,53,54,889,55,2349,56,5695,57,25,58,0,59,0,60,451,61,0,62,1891,63,0,64,500,53,157,52,662,51,2058,50,270,49,144,48,225,47,0,46,0,45,0,44,1586,43,0,11800,5102
1773707882,54,53,54,889,55,2349,56,5695,57,25,58,0,59,0,60,451,61,0,62,1891,63,0,64,500,53,157,52,662,51,2058,50,270,49,144,48,225,47,0,46,0,45,0,44,1586,43,0,11800,5102
1773707883,54,53,54,889,55,2349,56,5695,57,25,58,0,59,0,60,451,61,0,62,1891,63,0,64,500,53,157,52,662,51,2058,50,270,49,144,48,225,47,0,46,0,45,0,44,1586,43,0,11800,5102
1773707884,54,53,54,889,55,2349,56,5695,57,25,58,0,59,0,60,451,61,0,62,1891,63,0,64,500,53,157,52,662,51,2058,50,270,49,144,48,225,47,0,46,0,45,0,44,1586,43,0,11800,5102
1773707885,54,53,54,889,55,2349,56,5695,57,25,58,0,59,0,60,451,61,0,62,1891,63,0,64,500,53,157,52,662,51,2058,50,270,49,144,48,225,47,0,46,0,45,0,44,1586,43,0,11800,5102
1773707886,54,53,54,889,55,2349,56,5695,57,25,58,0,59,0,60,451,61,0,62,1891,63,0,64,500,53,157,52,662,51,2058,50,270,49,144,48,225,47,0,46,0,45,0,44,1586,43,0,11800,5102
1773707887,54,53,54,889,55,2349,56,5695,57,25,58,0,59,0,60,451,61,0,62,1891,63,0,64,500,53,157,52,662,51,2058,50,270,49,144,48,225,47,0,46,0,45,0,44,1586,43,0,11800,5102
1773707888,54,53,54,889,55,2349,56,5695,57,25,58,0,59,0,60,451,61,0,62,1891,63,0,64,500,53,157,52,662,51,2058,50,270,49,144,48,225,47,0,46,0,45,0,44,1586,43,0,11800,5102
1773707889,54,53,54,889,55,2349,56,5695,57,25,58,0,59,0,60,451,61,0,62,1891,63,0,64,500,53,157,52,662,51,2058,50,270,49,144,48,225,47,0,46,0,45,0,44,1586,43,0,11800,5102
1773707890,54,53,54,889,55,2349,56,5695,57,25,58,0,59,0,60,451,61,0,62,1891,63,0,64,500,53,157,52,662,51,2058,50,270,49,144,48,225,47,0,46,0,45,0,44,1586,43,0,11800,5102
1773707891,54,53,54,889,55,2349,56,5695,57,25,58,0,59,0,60,451,61,0,62,1891,63,0,64,500,53,157,52,662,51,2058,50,270,49,144,48,225,47,0,46,0,45,0,44,1586,43,0,11800,5102
1773707892,54,53,54,889,55,2349,56,5695,57,25,58,0,59,0,60,451,61,0,62,1891,63,0,64,500,53,157,52,662,51,2058,50,270,49,144,48,225,47,0,46,0,45,0,44,1586,43,0,11800,5102
1773707893,54,53,54,889,55,2349,56,5695,57,25,58,0,59,0,60,451,61,0,62,1891,63,0,64,500,53,157,52,662,51,2058,50,270,49,144,48,225,47,0,46,0,45,0,44,1586,43,0,11800,5102
1773707894,54,53,54,889,55,2349,56,5695,57,25,58,0,59,0,60,451,61,0,62,1891,63,0,64,500,53,157,52,662,51,2058,50,270,49,144,48,225,47,0,46,0,45,0,44,1586,43,0,11800,5102
1773707895,54,53,54,889,55,2349,56,5695,57,25,58,0,59,0,60,451,61,0,62,1891,63,0,64,500,53,157,52,662,51,2058,50,270,49,144,48,225,47,0,46,0,45,0,44,1586,43,0,11800,5102
1773707896,54,53,54,889,55,2349,56,5695,57,25,58,0,59,0,60,451,61,0,62,1890,63,0,64,500,53,157,52,662,51,2058,50,270,49,144,48,225,47,0,46,0,45,0,44,1586,43,0,11799,5102
1773707897,54,53,54,889,55,2349,56,5695,57,25,58,0,59,0,60,451,61,0,62,1890,63,0,64,500,53,157,52,662,51,2058,50,270,49,144,48,225,47,0,46,0,45,0,44,1586,43,0,11799,5102
1773707898,54,53,54,889,55,2349,56,5695,57,25,58,0,59,0,60,451,61,0,62,1890,63,0,64,500,53,157,52,662,51,2058,50,270,49,144,48,225,47,0,46,0,45,0,44,1586,43,0,11799,5102
1773707899,54,53,54,889,55,2349,56,5695,57,25,58,0,59,0,60,451,61,0,62,1890,63,0,64,500,53,157,52,662,51,2058,50,270,49,144,48,225,47,0,46,0,45,0,44,1586,43,0,11799,5102
1773707900,54,53,54,889,55,2349,56,5695,57,25,58,0,59,0,60,451,61,0,62,1890,63,0,64,500,53,157,52,662,51,2058,50,270,49,144,48,225,47,0,46,0,45,0,44,1586,43,0,11799,5102
1773707901,54,53,54,889,55,2349,56,5695,57,25,58,0,59,0,60,451,61,0,62,1890,63,0,64,500,53,157,52,662,51,2058,50,270,49,144,48,225,47,0,46,0,45,0,44,1586,43,0,11799,5102
1773707902,54,53,54,889,55,2349,56,5695,57,25,58,0,59,0,60,451,61,0,62,1890,63,0,64,500,53,157,52,662,51,2058,50,270,49,144,48,225,47,0,46,0,45,0,44,1586,43,0,11799,5102
1773707903,54,53,54,889,55,2349,56,5695,57,25,58,0,59,0,60,451,61,0,62,1890,63,0,64,500,53,157,52,662,51,2058,50,270,49,144,48,225,47,0,46,0,45,0,44,1586,43,0,11799,5102
1773707904,54,53,54,889,55,2349,56,5695,57,25,58,0,59,0,60,451,61,0,62,1890,63,0,64,500,53,157,52,662,51,2058,50,270,49,144,48,225,47,0,46,0,45,0,44,1586,43,0,11799,5102
1773707905,54,53,54,889,55,2349,56,5695,57,25,58,0,59,0,60,451,61,0,62,1890,63,0,64,500,53,157,52,662,51,2058,50,270,49,144,48,225,47,0,46,0,45,0,44,1586,43,0,11799,5102
1773707906,54,53,54,889,55,2349,56,5695,57,25,58,0,59,0,60,451,61,0,62,1890,63,0,64,500,53,157,52,662,51,2058,50,270,49,144,48,225,47,0,46,0,45,0,44,1586,43,0,11799,5102
1773707907,54,53,54,889,55,2349,56,5695,57,25,58,0,59,0,60,451,61,0,62,1890,63,0,64,500,53,157,52,662,51,2058,50,270,49,144,48,225,47,0,46,0,45,0,44,1586,43,0,11799,5102
1773707908,54,53,54,889,55,2349,56,5695,57,25,58,0,59,0,60,451,61,0,62,1890,63,0,64,500,53,157,52,662,51,2058,50,270,49,144,48,225,47,0,46,0,45,0,44,1586,43,0,11799,5102
1773707909,54,53,54,889,55,2349,56,5695,57,25,58,0,59,0,60,451,61,0,62,1890,63,0,64,500,53,157,52,662,51,2058,50,270,49,144,48,225,47,0,46,0,45,0,44,1586,43,0,11799,5102
1773707910,54,53,54,889,55,2349,56,5695,57,25,58,0,59,0,60,451,61,0,62,1890,63,0,64,500,53,157,52,662,51,2058,50,270,49,144,48,225,47,0,46,0,45,0,44,1586,43,0,11799,5102
1773707911,54,53,54,889,55,2349,56,5695,57,25,58,0,59,0,60,451,61,0,62,1890,63,0,64,500,53,157,52,662,51,2058,50,270,49,144,48,225,47,0,46,0,45,0,44,1586,43,0,11799,5102
1773707912,54,53,54,889,55,2349,56,5695,57,25,58,0,59,0,60,451,61,0,62,1890,63,0,64,500,53,157,52,662,51,2058,50,270,49,144,48,225,47,0,46,0,45,0,44,1586,43,0,11799,5102
1773707913,54,53,54,889,55,2349,56,5695,57,25,58,0,59,0,60,451,61,0,62,1890,63,0,64,500,53,157,52,662,51,2058,50,270,49,144,48,225,47,0,46,0,45,0,44,1586,43,0,11799,5102
1773707914,54,53,54,889,55,2349,56,5695,57,25,58,0,59,0,60,451,61,0,62,1890,63,0,64,500,53,157,52,662,51,2058,50,270,49,144,48,225,47,0,46,0,45,0,44,1586,43,0,11799,5102
1773707915,54,53,54,889,55,2349,56,5695,57,25,58,0,59,0,60,451,61,0,62,1890,63,0,64,500,53,157,52,662,51,2058,50,270,49,144,48,225,47,0,46,0,45,0,44,1586,43,0,11799,5102
1773707916,54,53,54,889,55,2349,56,5695,57,25,58,0,59,0,60,451,61,0,62,1890,63,0,64,500,53,157,52,662,51,2058,50,270,49,144,48,225,47,0,46,0,45,0,44,1586,43,0,11799,5102
1773707917,54,53,54,889,55,2349,56,5695,57,25,58,0,59,0,60,451,61,0,62,1890,63,0,64,500,53,157,52,662,51,2058,50,270,49,144,48,225,47,0,46,0,45,0,44,1586,43,0,11799,5102
1773707918,54,53,54,889,55,2349,56,5695,57,25,58,0,59,0,60,451,61,0,62,1890,63,0,64,500,53,157,52,662,51,2058,50,270,49,144,48,225,47,0,46,0,45,0,44,1586,43,0,11799,5102
1773707919,54,53,54,889,55,2349,56,5695,57,25,58,0,59,0,60,451,61,0,62,1890,63,0,64,500,53,157,52,662,51,2058,50,270,49,144,48,225,47,0,46,0,45,0,44,1586,43,0,11799,5102
1773707920,54,53,54,889,55,2349,56,5695,57,25,58,0,59,0,60,451,61,0,62,1890,63,0,64,500,53,157,52,662,51,2058,50,270,49,144,48,225,47,0,46,0,45,0,44,1586,43,0,11799,5102
1773707921,54,53,54,889,55,2349,56,5695,57,25,58,0,59,0,60,451,61,0,62,1890,63,0,64,500,53,157,52,662,51,2058,50,270,49,144,48,225,47,0,46,0,45,0,44,1586,43,0,11799,5102
1773707922,54,53,54,889,55,2349,56,5695,57,25,58,0,59,0,60,451,61,0,62,1890,63,0,64,500,53,157,52,662,51,2058,50,270,49,144,48,225,47,0,46,0,45,0,44,1586,43,0,11799,5102
1773707923,54,53,54,889,55,2349,56,5695,57,25,58,0,59,0,60,451,61,0,62,1890,63,0,64,500,53,157,52,662,51,2058,50,270,49,144,48,225,47,0,46,0,45,0,44,1586,43,0,11799,5102
1773707924,54,53,54,889,55,2349,56,5695,57,25,58,0,59,0,60,451,61,0,62,1890,63,0,64,500,53,157,52,662,51,2058,50,270,49,144,48,225,47,0,46,0,45,0,44,1586,43,0,11799,5102
1773707925,54,53,54,889,55,2349,56,5695,57,25,58,0,59,0,60,451,61,0,62,1890,63,0,64,500,53,157,52,662,51,2058,50,270,49,144,48,225,47,0,46,0,45,0,44,1586,43,0,11799,5102
1773707926,54,53,54,889,55,2349,56,5695,57,25,58,0,59,0,60,451,61,0,62,1890,63,0,64,500,53,157,52,662,51,2058,50,270,49,144,48,225,47,0,46,0,45,0,44,1586,43,0,11799,5102
1773707927,54,53,54,889,55,2349,56,5695,57,25,58,0,59,0,60,451,61,0,62,1890,63,0,64,500,53,157,52,662,51,2058,50,270,49,144,48,225,47,0,46,0,45,0,44,1586,43,0,11799,5102
1773707928,54,53,54,889,55,2349,56,5695,57,25,58,0,59,0,60,451,61,0,62,1890,63,0,64,500,53,157,52,662,51,2058,50,270,49,144,48,225,47,0,46,0,45,0,44,1586,43,0,11799,5102
1773707929,54,53,54,889,55,2349,56,5695,57,25,58,0,59,0,60,451,61,0,62,1890,63,0,64,500,53,157,52,662,51,2058,50,270,49,144,48,225,47,0,46,0,45,0,44,1586,43,0,11799,5102
1773707930,54,53,54,889,55,2349,56,5695,57,25,58,0,59,0,60,451,61,0,62,1890,63,0,64,500,53,157,52,662,51,2058,50,270,49,144,48,225,47,0,46,0,45,0,44,1586,43,0,11799,5102
1773707931,54,53,54,889,55,2349,56,5695,57,25,58,0,59,0,60,451,61,0,62,1890,63,0,64,500,53,157,52,662,51,2058,50,270,49,144,48,225,47,0,46,0,45,0,44,1586,43,0,11799,5102
1773707932,54,53,54,889,55,2349,56,5695,57,25,58,0,59,0,60,451,61,0,62,1890,63,0,64,500,53,157,52,662,51,2058,50,270,49,144,48,225,47,0,46,0,45,0,44,1586,43,0,11799,5102
1773707933,54,53,54,889,55,2349,56,5695,57,25,58,0,59,0,60,451,61,0,62,1890,63,0,64,500,53,157,52,662,51,2058,50,270,49,144,48,225,47,0,46,0,45,0,44,1586,43,0,11799,5102
1773707934,54,53,54,889,55,2349,56,5695,57,25,58,0,59,0,60,451,61,0,62,1890,63,0,64,500,53,157,52,662,51,2058,50,270,49,144,48,225,47,0,46,0,45,0,44,1586,43,0,11799,5102
1773707935,54,53,54,889,55,2349,56,5695,57,25,58,0,59,0,60,451,61,0,62,1890,63,0,64,500,53,157,52,662,51,2058,50,270,49,144,48,225,47,0,46,0,45,0,44,1586,43,0,11799,5102
1773707936,54,53,54,889,55,2349,56,5695,57,25,58,0,59,0,60,451,61,0,62,1890,63,0,64,500,53,157,52,662,51,2058,50,270,49,144,48,225,47,0,46,0,45,0,44,1586,43,0,11799,5102
1773707937,54,53,54,889,55,2349,56,5695,57,25,58,0,59,0,60,451,61,0,62,1890,63,0,64,500,53,157,52,662,51,2058,50,270,49,144,48,225,47,0,46,0,45,0,44,1586,43,0,11799,5102
1773707938,54,53,54,889,55,2349,56,5695,57,25,58,0,59,0,60,451,61,0,62,1890,63,0,64,500,53,157,52,662,51,2058,50,270,49,144,48,225,47,0,46,0,45,0,44,1586,43,0,11799,5102
1773707939,54,53,54,889,55,2349,56,5695,57,25,58,0,59,0,60,451,61,0,62,1890,63,0,64,500,53,157,52,662,51,2058,50,270,49,144,48,225,47,0,46,0,45,0,44,1586,43,0,11799,5102
1773707940,54,53,54,889,55,2349,56,5695,57,25,58,0,59,0,60,451,61,0,62,1890,63,0,64,500,53,157,52,662,51,2058,50,270,49,144,48,225,47,0,46,0,45,0,44,1586,43,0,11799,5102
1773707941,54,53,54,889,55,2349,56,5695,57,25,58,0,59,0,60,451,61,0,62,1890,63,0,64,500,53,157,52,662,51,2058,50,270,49,144,48,225,47,0,46,0,45,0,44,1586,43,0,11799,5102
1773707942,54,53,54,889,55,2349,56,5695,57,25,58,0,59,0,60,451,61,0,62,1890,63,0,64,500,53,157,52,662,51,2058,50,270,49,144,48,225,47,0,46,0,45,0,44,1586,43,0,11799,5102
1773707943,54,53,54,889,55,2349,56,5695,57,25,58,0,59,0,60,451,61,0,62,1890,63,0,64,500,53,157,52,662,51,2058,50,270,49,144,48,225,47,0,46,0,45,0,44,1586,43,0,11799,5102
1773707944,54,53,54,889,55,2349,56,5695,57,25,58,0,59,0,60,451,61,0,62,1890,63,0,64,500,53,157,52,662,51,2058,50,270,49,144,48,225,47,0,46,0,45,0,44,1586,43,0,11799,5102
1773707945,54,53,54,889,55,2349,56,5695,57,25,58,0,59,0,60,451,61,0,62,1890,63,0,64,500,53,157,52,662,51,2058,50,270,49,144,48,225,47,0,46,0,45,0,44,1586,43,0,11799,5102
1773707946,54,53,54,889,55,2349,56,5695,57,25,58,0,59,0,60,451,61,0,62,1890,63,0,64,500,53,157,52,662,51,2058,50,270,49,144,48,225,47,0,46,0,45,0,44,1586,43,0,11799,5102
1773707947,54,53,54,889,55,2349,56,5695,57,25,58,0,59,0,60,451,61,0,62,1890,63,0,64,500,53,157,52,662,51,2058,50,270,49,144,48,225,47,0,46,0,45,0,44,1586,43,0,11799,5102
1773707948,54,53,54,889,55,2349,56,5695,57,25,58,0,59,0,60,451,61,0,62,1890,63,0,64,500,53,157,52,662,51,2058,50,270,49,144,48,225,47,0,46,0,45,0,44,1586,43,0,11799,5102
1773707949,54,53,54,889,55,2349,56,5695,57,25,58,0,59,0,60,451,61,0,62,1890,63,0,64,500,53,157,52,662,51,2058,50,270,49,144,48,225,47,0,46,0,45,0,44,1586,43,0,11799,5102
1773707950,54,53,54,889,55,2349,56,5695,57,25,58,0,59,0,60,451,61,0,62,1890,63,0,64,500,53,157,52,662,51,2058,50,270,49,144,48,225,47,0,46,0,45,0,44,1586,43,0,11799,5102
1773707951,54,53,54,889,55,2349,56,5695,57,25,58,0,59,0,60,451,61,0,62,1890,63,0,64,500,53,157,52,662,51,2058,50,270,49,144,48,225,47,0,46,0,45,0,44,1586,43,0,11799,5102
1773707952,54,53,54,889,55,2349,56,5695,57,25,58,0,59,0,60,451,61,0,62,1890,63,0,64,500,53,157,52,662,51,2058,50,270,49,144,48,225,47,0,46,0,45,0,44,1586,43,0,11799,5102
1773707953,54,53,54,889,55,2349,56,5695,57,25,58,0,59,0,60,451,61,0,62,1890,63,0,64,500,53,157,52,662,51,2058,50,270,49,144,48,225,47,0,46,0,45,0,44,1586,43,0,11799,5102
1773707954,54,53,54,889,55,2349,56,5695,57,25,58,0,59,0,60,451,61,0,62,1890,63,0,64,500,53,157,52,662,51,2058,50,270,49,144,48,225,47,0,46,0,45,0,44,1586,43,0,11799,5102
1773707955,54,53,54,889,55,2349,56,5695,57,25,58,0,59,0,60,451,61,0,62,1890,63,0,64,500,53,157,52,662,51,2058,50,270,49,144,48,225,47,0,46,0,45,0,44,1586,43,0,11799,5102
1773707956,54,53,54,889,55,2349,56,5695,57,25,58,0,59,0,60,451,61,0,62,1890,63,0,64,500,53,157,52,662,51,2058,50,270,49,144,48,225,47,0,46,0,45,0,44,1586,43,0,11799,5102
1773707957,54,53,54,889,55,2349,56,5695,57,25,58,0,59,0,60,451,61,0,62,1890,63,0,64,500,53,157,52,662,51,2058,50,270,49,144,48,225,47,0,46,0,45,0,44,1586,43,0,11799,5102
1773707958,54,53,54,889,55,2349,56,5695,57,25,58,0,59,0,60,451,61,0,62,1890,63,0,64,500,53,157,52,662,51,2058,50,270,49,144,48,225,47,0,46,0,45,0,44,1586,43,0,11799,5102
1773707959,54,53,54,889,55,2349,56,5695,57,25,58,0,59,0,60,451,61,0,62,1890,63,0,64,500,53,157,52,662,51,2058,50,270,49,144,48,225,47,0,46,0,45,0,44,1586,43,0,11799,5102
1773707960,54,53,54,889,55,2349,56,5695,57,25,58,0,59,0,60,451,61,0,62,1890,63,0,64,500,53,157,52,662,51,2058,50,270,49,144,48,225,47,0,46,0,45,0,44,1586,43,0,11799,5102
1773707961,54,53,54,889,55,2349,56,5695,57,25,58,0,59,0,60,451,61,0,62,1890,63,0,64,500,53,157,52,662,51,2058,50,270,49,144,48,225,47,0,46,0,45,0,44,1586,43,0,11799,5102
1773707962,54,53,54,889,55,2349,56,5695,57,25,58,0,59,0,60,451,61,0,62,1890,63,0,64,500,53,157,52,662,51,2058,50,270,49,144,48,225,47,0,46,0,45,0,44,1586,43,0,11799,5102
1773707963,54,53,54,889,55,2349,56,5695,57,25,58,0,59,0,60,451,61,0,62,1890,63,0,64,500,53,157,52,662,51,2058,50,270,49,144,48,225,47,0,46,0,45,0,44,1586,43,0,11799,5102
1773707964,54,53,54,889,55,2349,56,5695,57,25,58,0,59,0,60,451,61,0,62,1890,63,0,64,500,53,157,52,662,51,2058,50,270,49,144,48,225,47,0,46,0,45,0,44,1586,43,0,11799,5102
1773707965,54,53,54,889,55,2349,56,5695,57,25,58,0,59,0,60,451,61,0,62,1890,63,0,64,500,53,157,52,662,51,2058,50,270,49,144,48,225,47,0,46,0,45,0,44,1586,43,0,11799,5102
1773707966,54,53,54,889,55,2349,56,5695,57,25,58,0,59,0,60,451,61,0,62,1890,63,0,64,500,53,157,52,662,51,2058,50,270,49,144,48,225,47,0,46,0,45,0,44,1586,43,0,11799,5102
1773707967,54,53,54,889,55,2349,56,5695,57,25,58,0,59,0,60,451,61,0,62,1890,63,0,64,500,53,157,52,662,51,2058,50,270,49,144,48,225,47,0,46,0,45,0,44,1586,43,0,11799,5102
1773707968,54,53,54,889,55,2349,56,5695,57,25,58,0,59,0,60,451,61,0,62,1890,63,0,64,500,53,157,52,662,51,2058,50,270,49,144,48,225,47,0,46,0,45,0,44,1586,43,0,11799,5102
1773707969,54,53,54,889,55,2349,56,5695,57,25,58,0,59,0,60,451,61,0,62,1890,63,0,64,500,53,157,52,662,51,2058,50,270,49,144,48,225,47,0,46,0,45,0,44,1586,43,0,11799,5102
1773707970,54,53,54,889,55,2349,56,5695,57,25,58,0,59,0,60,451,61,0,62,1890,63,0,64,500,53,157,52,662,51,2058,50,270,49,144,48,225,47,0,46,0,45,0,44,1586,43,0,11799,5102
1773707971,54,53,54,889,55,2349,56,5695,57,25,58,0,59,0,60,451,61,0,62,1890,63,0,64,500,53,157,52,662,51,2058,50,270,49,144,48,225,47,0,46,0,45,0,44,1586,43,0,11799,5102
1773707972,54,53,54,889,55,2349,56,5695,57,25,58,0,59,0,60,451,61,0,62,1890,63,0,64,500,53,157,52,662,51,2058,50,270,49,144,48,225,47,0,46,0,45,0,44,1586,43,0,11799,5102
1773707973,54,53,54,889,55,2349,56,5695,57,25,58,0,59,0,60,451,61,0,62,1890,63,0,64,500,53,157,52,662,51,2058,50,270,49,144,48,225,47,0,46,0,45,0,44,1586,43,0,11799,5102
1773707974,54,53,54,889,55,2349,56,5695,57,25,58,0,59,0,60,451,61,0,62,1890,63,0,64,500,53,157,52,662,51,2058,50,270,49,144,48,225,47,0,46,0,45,0,44,1586,43,0,11799,5102
1773707975,54,53,54,889,55,2349,56,5695,57,25,58,0,59,0,60,451,61,0,62,1890,63,0,64,500,53,157,52,662,51,2058,50,270,49,144,48,225,47,0,46,0,45,0,44,1586,43,0,11799,5102
1773707976,54,53,54,889,55,2349,56,5695,57,25,58,0,59,0,60,451,61,0,62,1890,63,0,64,500,53,157,52,662,51,2058,50,270,49,144,48,225,47,0,46,0,45,0,44,1586,43,0,11799,5102
1773707977,54,53,54,889,55,2349,56,5695,57,25,58,0,59,0,60,451,61,0,62,1890,63,0,64,500,53,157,52,662,51,2058,50,270,49,144,48,225,47,0,46,0,45,0,44,1586,43,0,11799,5102
1773707978,54,53,54,889,55,2349,56,5695,57,25,58,0,59,0,60,451,61,0,62,1890,63,0,64,500,53,157,52,662,51,2058,50,270,49,144,48,225,47,0,46,0,45,0,44,1586,43,0,11799,5102
1773707979,54,53,54,889,55,2349,56,5695,57,25,58,0,59,0,60,451,61,0,62,1890,63,0,64,500,53,157,52,662,51,2058,50,270,49,144,48,225,47,0,46,0,45,0,44,1586,43,0,11799,5102
1773707980,54,53,54,889,55,2349,56,5695,57,25,58,0,59,0,60,451,61,0,62,1890,63,0,64,500,53,157,52,662,51,2058,50,270,49,144,48,225,47,0,46,0,45,0,44,1586,43,0,11799,5102
1773707981,54,53,54,889,55,2349,56,5695,57,25,58,0,59,0,60,451,61,0,62,1890,63,0,64,500,53,157,52,662,51,2058,50,270,49,144,48,225,47,0,46,0,45,0,44,1586,43,0,11799,5102
1773707982,54,53,54,889,55,2349,56,5695,57,25,58,0,59,0,60,451,61,0,62,1890,63,0,64,500,53,157,52,662,51,2058,50,270,49,144,48,225,47,0,46,0,45,0,44,1586,43,0,11799,5102
1773707983,54,53,54,889,55,2349,56,5695,57,25,58,0,59,0,60,451,61,0,62,1890,63,0,64,500,53,157,52,662,51,2058,50,270,49,144,48,225,47,0,46,0,45,0,44,1586,43,0,11799,5102
1773707984,54,53,54,889,55,2349,56,5695,57,25,58,0,59,0,60,451,61,0,62,1890,63,0,64,500,53,157,52,662,51,2058,50,270,49,144,48,225,47,0,46,0,45,0,44,1586,43,0,11799,5102
1773707985,54,53,54,889,55,2349,56,5695,57,25,58,0,59,0,60,451,61,0,62,1890,63,0,64,500,53,157,52,662,51,2058,50,270,49,144,48,225,47,0,46,0,45,0,44,1586,43,0,11799,5102
1773707986,54,53,54,889,55,2349,56,5695,57,25,58,0,59,0,60,451,61,0,62,1890,63,0,64,500,53,157,52,662,51,2058,50,270,49,144,48,225,47,0,46,0,45,0,44,1586,43,0,11799,5102
1773707987,54,53,54,889,55,2349,56,5695,57,25,58,0,59,0,60,451,61,0,62,1890,63,0,64,500,53,157,52,662,51,2058,50,270,49,144,48,225,47,0,46,0,45,0,44,1586,43,0,11799,5102
1773707988,54,53,54,889,55,2349,56,5695,57,25,58,0,59,0,60,451,61,0,62,1890,63,0,64,500,53,157,52,662,51,2058,50,270,49,144,48,225,47,0,46,0,45,0,44,1586,43,0,11799,5102
1773707989,54,53,54,889,55,2349,56,5695,57,25,58,0,59,0,60,451,61,0,62,1890,63,0,64,500,53,157,52,662,51,2058,50,270,49,144,48,225,47,0,46,0,45,0,44,1586,43,0,11799,5102
1773707990,54,53,54,889,55,2349,56,5695,57,25,58,0,59,0,60,451,61,0,62,1890,63,0,64,500,53,157,52,662,51,2058,50,270,49,144,48,225,47,0,46,0,45,0,44,1586,43,0,11799,5102
1773707991,54,53,54,889,55,2349,56,5695,57,25,58,0,59,0,60,451,61,0,62,1890,63,0,64,500,53,157,52,662,51,2058,50,270,49,144,48,225,47,0,46,0,45,0,44,1586,43,0,11799,5102
1773707992,54,53,54,889,55,2349,56,5505,57,25,58,0,59,0,60,451,61,0,62,1890,63,0,64,500,53,157,52,662,51,2058,50,270,49,144,48,225,47,0,46,0,45,0,44,1586,43,0,11609,5102
1773707993,54,53,54,889,55,2349,56,5505,57,25,58,0,59,0,60,451,61,0,62,1890,63,0,64,500,53,157,52,662,51,2058,50,270,49,144,48,225,47,0,46,0,45,0,44,1586,43,0,11609,5102
1773707994,54,53,54,889,55,2349,56,5505,57,25,58,0,59,0,60,451,61,0,62,1890,63,0,64,500,53,157,52,662,51,2058,50,270,49,144,48,225,47,0,46,0,45,0,44,1586,43,0,11609,5102
1773707995,54,53,54,889,55,2349,56,5505,57,25,58,0,59,0,60,451,61,0,62,1890,63,0,64,500,53,157,52,662,51,2058,50,270,49,144,48,225,47,0,46,0,45,0,44,1586,43,0,11609,5102
1773707996,54,53,54,889,55,2349,56,5505,57,25,58,0,59,0,60,451,61,0,62,1890,63,0,64,500,53,157,52,662,51,2058,50,270,49,144,48,225,47,0,46,0,45,0,44,1586,43,0,11609,5102
1773707997,54,53,54,889,55,2349,56,5505,57,25,58,0,59,0,60,451,61,0,62,1890,63,0,64,500,53,157,52,662,51,2058,50,270,49,144,48,225,47,0,46,0,45,0,44,1586,43,0,11609,5102
1773707998,54,53,54,889,55,2349,56,5505,57,25,58,0,59,0,60,451,61,0,62,1890,63,0,64,500,53,157,52,662,51,2058,50,270,49,144,48,225,47,0,46,0,45,0,44,1586,43,0,11609,5102
1773707999,54,53,54,889,55,2349,56,5505,57,25,58,0,59,0,60,451,61,0,62,1890,63,0,64,500,53,157,52,662,51,2058,50,270,49,144,48,225,47,0,46,0,45,0,44,1586,43,0,11609,5102
1773708000,54,53,54,889,55,2349,56,5505,57,25,58,0,59,0,60,451,61,0,62,1890,63,0,64,500,53,157,52,662,51,2058,50,270,49,144,48,225,47,0,46,0,45,0,44,1586,43,0,11609,5102
1773708001,54,53,54,889,55,2349,56,5505,57,25,58,0,59,0,60,451,61,0,62,1890,63,0,64,500,53,157,52,662,51,2058,50,270,49,144,48,225,47,0,46,0,45,0,44,1586,43,0,11609,5102
1773708002,54,53,54,889,55,2349,56,5505,57,25,58,0,59,0,60,451,61,0,62,1890,63,0,64,500,53,157,52,662,51,2058,50,270,49,144,48,225,47,0,46,0,45,0,44,1586,43,0,11609,5102
1773708003,54,53,54,889,55,2349,56,5505,57,25,58,0,59,0,60,451,61,0,62,1890,63,0,64,500,53,157,52,662,51,2058,50,270,49,144,48,225,47,0,46,0,45,0,44,1586,43,0,11609,5102
1773708004,54,53,54,889,55,2349,56,5505,57,25,58,0,59,0,60,451,61,0,62,1890,63,0,64,500,53,157,52,662,51,2058,50,270,49,144,48,225,47,0,46,0,45,0,44,1586,43,0,11609,5102
1773708005,54,53,54,889,55,2349,56,5505,57,25,58,0,59,0,60,451,61,0,62,1890,63,0,64,500,53,157,52,662,51,2058,50,270,49,144,48,225,47,0,46,0,45,0,44,1586,43,0,11609,5102
1773708006,54,53,54,889,55,2349,56,5505,57,25,58,0,59,0,60,451,61,0,62,1890,63,0,64,500,53,157,52,662,51,2058,50,270,49,144,48,225,47,0,46,0,45,0,44,1586,43,0,11609,5102
1773708007,54,53,54,889,55,2349,56,5505,57,25,58,0,59,0,60,451,61,0,62,1890,63,0,64,500,53,157,52,662,51,2058,50,270,49,144,48,225,47,0,46,0,45,0,44,1586,43,0,11609,5102
1773708008,54,53,54,889,55,2349,56,5505,57,25,58,0,59,0,60,451,61,0,62,1890,63,0,64,500,53,157,52,662,51,2058,50,270,49,144,48,225,47,0,46,0,45,0,44,1586,43,0,11609,5102
1773708009,54,53,54,889,55,2349,56,5505,57,25,58,0,59,0,60,451,61,0,62,1890,63,0,64,500,53,157,52,662,51,2058,50,270,49,144,48,225,47,0,46,0,45,0,44,1586,43,0,11609,5102
1773708010,54,53,54,889,55,2349,56,5505,57,25,58,0,59,0,60,451,61,0,62,1890,63,0,64,500,53,157,52,662,51,2058,50,270,49,144,48,225,47,0,46,0,45,0,44,1586,43,0,11609,5102
1773708011,54,53,54,889,55,2349,56,5505,57,25,58,0,59,0,60,451,61,0,62,1890,63,0,64,500,53,157,52,662,51,2058,50,270,49,144,48,225,47,0,46,0,45,0,44,1586,43,0,11609,5102
1773708012,54,53,54,889,55,2349,56,5505,57,25,58,0,59,0,60,451,61,0,62,1890,63,0,64,500,53,157,52,662,51,2058,50,270,49,144,48,225,47,0,46,0,45,0,44,1586,43,0,11609,5102
1773708013,54,53,54,889,55,2349,56,5505,57,25,58,0,59,0,60,451,61,0,62,1890,63,0,64,500,53,157,52,662,51,2058,50,270,49,144,48,225,47,0,46,0,45,0,44,1586,43,0,11609,5102
1773708014,54,53,54,889,55,2349,56,5505,57,25,58,0,59,0,60,451,61,0,62,1890,63,0,64,500,53,157,52,662,51,2058,50,270,49,144,48,225,47,0,46,0,45,0,44,1586,43,0,11609,5102
1773708015,54,53,54,889,55,2349,56,5505,57,25,58,0,59,0,60,451,61,0,62,1890,63,0,64,500,53,157,52,662,51,2058,50,270,49,144,48,225,47,0,46,0,45,0,44,1586,43,0,11609,5102
1773708016,54,53,54,889,55,2349,56,5505,57,25,58,0,59,0,60,451,61,0,62,1890,63,0,64,500,53,157,52,662,51,2058,50,270,49,144,48,225,47,0,46,0,45,0,44,1586,43,0,11609,5102
1773708017,54,53,54,889,55,2349,56,5505,57,25,58,0,59,0,60,451,61,0,62,1890,63,0,64,500,53,157,52,662,51,2058,50,270,49,144,48,225,47,0,46,0,45,0,44,1586,43,0,11609,5102
1773708018,54,53,54,889,55,2349,56,5505,57,25,58,0,59,0,60,451,61,0,62,1890,63,0,64,500,53,157,52,662,51,2058,50,270,49,144,48,225,47,0,46,0,45,0,44,1586,43,0,11609,5102
1773708019,54,53,54,889,55,2344,56,5505,57,25,58,0,59,0,60,451,61,0,62,1890,63,0,64,500,53,157,52,662,51,2058,50,270,49,144,48,225,47,0,46,0,45,0,44,1582,43,0,11604,5098
1773708020,54,53,54,889,55,2344,56,5505,57,25,58,0,59,0,60,451,61,0,62,1890,63,0,64,500,53,157,52,662,51,2058,50,270,49,144,48,225,47,0,46,0,45,0,44,1582,43,0,11604,5098
1773708021,54,53,54,889,55,2344,56,5505,57,25,58,0,59,0,60,451,61,0,62,1890,63,0,64,500,53,157,52,662,51,2058,50,270,49,144,48,225,47,0,46,0,45,0,44,1582,43,0,11604,5098
1773708022,54,53,54,889,55,2344,56,5505,57,25,58,0,59,0,60,451,61,0,62,1890,63,0,64,500,53,157,52,662,51,2058,50,270,49,144,48,225,47,0,46,0,45,0,44,1582,43,0,11604,5098
1773708023,54,53,54,889,55,2344,56,5505,57,25,58,0,59,0,60,451,61,0,62,1890,63,0,64,500,53,157,52,662,51,2058,50,270,49,144,48,225,47,0,46,0,45,0,44,1582,43,0,11604,5098
1773708024,54,53,54,889,55,2344,56,5505,57,25,58,0,59,0,60,451,61,0,62,1890,63,0,64,500,53,157,52,662,51,2058,50,270,49,144,48,225,47,0,46,0,45,0,44,1582,43,0,11604,5098
1773708025,54,53,54,889,55,2344,56,5505,57,25,58,0,59,0,60,451,61,0,62,1890,63,0,64,500,53,157,52,662,51,2058,50,270,49,144,48,225,47,0,46,0,45,0,44,1582,43,0,11604,5098
1773708026,54,53,54,889,55,2344,56,5505,57,25,58,0,59,0,60,451,61,0,62,1890,63,0,64,500,53,157,52,662,51,2058,50,270,49,144,48,225,47,0,46,0,45,0,44,1582,43,0,11604,5098
1773708027,54,53,54,889,55,2344,56,5505,57,25,58,0,59,0,60,451,61,0,62,1890,63,0,64,500,53,157,52,662,51,2058,50,270,49,144,48,225,47,0,46,0,45,0,44,1582,43,0,11604,5098
1773708028,54,53,54,889,55,2344,56,5505,57,25,58,0,59,0,60,451,61,0,62,1890,63,0,64,500,53,157,52,662,51,2058,50,270,49,144,48,225,47,0,46,0,45,0,44,1582,43,0,11604,5098
1773708029,54,53,54,889,55,2344,56,5505,57,25,58,0,59,0,60,451,61,0,62,452,63,0,64,500,53,157,52,662,51,2058,50,270,49,144,48,225,47,0,46,0,45,0,44,1582,43,0,10166,5098
1773708030,54,53,54,889,55,2344,56,5505,57,25,58,0,59,0,60,451,61,0,62,452,63,0,64,500,53,157,52,662,51,2058,50,270,49,144,48,225,47,0,46,0,45,0,44,1582,43,0,10166,5098
1773708031,54,53,54,889,55,2344,56,5505,57,25,58,0,59,0,60,451,61,0,62,452,63,0,64,500,53,157,52,662,51,2058,50,270,49,144,48,225,47,0,46,0,45,0,44,1582,43,0,10166,5098
1773708032,54,53,54,889,55,2344,56,5505,57,25,58,0,59,0,60,451,61,0,62,452,63,0,64,500,53,157,52,662,51,2058,50,270,49,144,48,225,47,0,46,0,45,0,44,1582,43,0,10166,5098
1773708033,54,53,54,889,55,2344,56,5505,57,25,58,0,59,0,60,451,61,0,62,452,63,0,64,500,53,157,52,662,51,2058,50,270,49,144,48,225,47,0,46,0,45,0,44,1582,43,0,10166,5098
1773708034,54,53,54,889,55,2344,56,5505,57,25,58,0,59,0,60,451,61,0,62,452,63,0,64,500,53,157,52,662,51,2058,50,270,49,144,48,225,47,0,46,0,45,0,44,1582,43,0,10166,5098
1773708035,54,53,54,889,55,2344,56,5505,57,25,58,0,59,0,60,451,61,0,62,452,63,0,64,500,53,157,52,662,51,2058,50,270,49,144,48,225,47,0,46,0,45,0,44,1582,43,0,10166,5098
1773708036,54,53,54,889,55,2344,56,5505,57,25,58,0,59,0,60,451,61,0,62,452,63,0,64,500,53,157,52,662,51,2058,50,270,49,144,48,225,47,0,46,0,45,0,44,1582,43,0,10166,5098
1773708037,54,53,54,746,55,2344,56,5505,57,25,58,0,59,0,60,451,61,0,62,411,63,0,64,500,53,157,52,662,51,2058,50,270,49,144,48,225,47,0,46,0,45,0,44,1582,43,0,9982,5098
1773708038,54,53,54,821,55,2344,56,5505,57,25,58,0,59,0,60,451,61,0,62,411,63,0,64,500,53,157,52,662,51,2058,50,270,49,144,48,225,47,0,46,0,45,0,44,1582,43,0,10057,5098
1773708039,54,53,54,821,55,2344,56,5505,57,25,58,0,59,0,60,451,61,0,62,411,63,0,64,500,53,157,52,662,51,2058,50,270,49,144,48,225,47,0,46,0,45,0,44,1582,43,0,10057,5098
1773708040,54,53,54,821,55,2344,56,5505,57,25,58,0,59,0,60,451,61,0,62,411,63,0,64,500,53,157,52,662,51,2058,50,270,49,144,48,225,47,0,46,0,45,0,44,1582,43,0,10057,5098
1773708041,54,53,54,821,55,2344,56,5505,57,25,58,0,59,0,60,451,61,0,62,411,63,0,64,500,53,157,52,662,51,2058,50,270,49,144,48,225,47,0,46,0,45,0,44,1582,43,0,10057,5098
1773708042,54,53,54,821,55,2344,56,5505,57,25,58,0,59,0,60,451,61,0,62,411,63,0,64,500,53,157,52,662,51,2058,50,270,49,144,48,225,47,0,46,0,45,0,44,1582,43,0,10057,5098
1773708043,54,53,54,821,55,2344,56,5505,57,25,58,0,59,0,60,451,61,0,62,411,63,0,64,500,53,157,52,662,51,2058,50,270,49,144,48,225,47,0,46,0,45,0,44,1582,43,0,10057,5098
1773708044,54,53,54,821,55,2344,56,5505,57,25,58,0,59,0,60,451,61,0,62,411,63,0,64,500,53,157,52,662,51,2058,50,270,49,144,48,225,47,0,46,0,45,0,44,1582,43,0,10057,5098
1773708045,54,53,54,821,55,2344,56,5505,57,25,58,0,59,0,60,451,61,0,62,411,63,0,64,500,53,157,52,662,51,2058,50,270,49,144,48,225,47,0,46,0,45,0,44,1582,43,0,10057,5098
1773708046,54,53,54,821,55,2344,56,5505,57,25,58,0,59,0,60,451,61,0,62,411,63,0,64,500,53,157,52,662,51,2058,50,270,49,144,48,225,47,0,46,0,45,0,44,1582,43,0,10057,5098
1773708047,54,53,54,821,55,2344,56,5505,57,25,58,0,59,0,60,451,61,0,62,411,63,0,64,500,53,157,52,662,51,2058,50,270,49,144,48,225,47,0,46,0,45,0,44,1582,43,0,10057,5098
1773708048,54,53,54,821,55,2344,56,5505,57,25,58,0,59,0,60,451,61,0,62,411,63,0,64,500,53,157,52,662,51,2058,50,270,49,144,48,225,47,0,46,0,45,0,44,1582,43,0,10057,5098
1773708049,54,53,54,821,55,2344,56,5505,57,25,58,0,59,0,60,451,61,0,62,411,63,0,64,500,53,157,52,662,51,2058,50,270,49,144,48,225,47,0,46,0,45,0,44,1582,43,0,10057,5098
1773708050,54,53,54,821,55,2344,56,5505,57,25,58,0,59,0,60,451,61,0,62,411,63,0,64,500,53,157,52,662,51,2058,50,270,49,144,48,225,47,0,46,0,45,0,44,1582,43,0,10057,5098
1773708051,54,53,54,821,55,2344,56,5505,57,25,58,0,59,0,60,451,61,0,62,411,63,0,64,500,53,157,52,662,51,2058,50,270,49,144,48,225,47,0,46,0,45,0,44,1582,43,0,10057,5098
1773708052,54,53,54,821,55,2344,56,5505,57,25,58,0,59,0,60,451,61,0,62,411,63,0,64,500,53,157,52,662,51,2058,50,270,49,144,48,225,47,0,46,0,45,0,44,1582,43,0,10057,5098
1773708053,54,53,54,821,55,2344,56,5505,57,25,58,0,59,0,60,451,61,0,62,411,63,0,64,500,53,157,52,662,51,2058,50,270,49,144,48,225,47,0,46,0,45,0,44,1582,43,0,10057,5098
1773708054,54,53,54,821,55,2344,56,5505,57,25,58,0,59,0,60,451,61,0,62,411,63,0,64,500,53,157,52,662,51,2058,50,270,49,144,48,225,47,0,46,0,45,0,44,1582,43,0,10057,5098
1773708055,54,53,54,821,55,2344,56,5505,57,25,58,0,59,0,60,451,61,0,62,411,63,0,64,500,53,157,52,662,51,2058,50,270,49,144,48,225,47,0,46,0,45,0,44,1582,43,0,10057,5098
1773708056,54,53,54,821,55,2344,56,5505,57,25,58,0,59,0,60,451,61,0,62,411,63,0,64,500,53,157,52,662,51,2058,50,270,49,144,48,225,47,0,46,0,45,0,44,1582,43,0,10057,5098
1773708057,54,53,54,821,55,2344,56,5505,57,25,58,0,59,0,60,451,61,0,62,411,63,0,64,500,53,157,52,662,51,2058,50,270,49,144,48,225,47,0,46,0,45,0,44,1582,43,0,10057,5098
1773708058,54,53,54,821,55,2344,56,5505,57,25,58,0,59,0,60,451,61,0,62,411,63,0,64,500,53,157,52,662,51,2058,50,270,49,144,48,225,47,0,46,0,45,0,44,1582,43,0,10057,5098
1773708059,54,53,54,821,55,2344,56,5505,57,25,58,0,59,0,60,451,61,0,62,411,63,0,64,500,53,157,52,662,51,2058,50,270,49,144,48,225,47,0,46,0,45,0,44,1582,43,0,10057,5098
1773708060,54,53,54,821,55,2344,56,5505,57,25,58,0,59,0,60,451,61,0,62,411,63,0,64,500,53,157,52,662,51,2058,50,270,49,144,48,225,47,0,46,0,45,0,44,1582,43,0,10057,5098
1773708061,54,53,54,821,55,2344,56,5505,57,25,58,0,59,0,60,451,61,0,62,411,63,0,64,500,53,157,52,662,51,2058,50,270,49,144,48,225,47,0,46,0,45,0,44,1582,43,0,10057,5098
1773708062,54,53,54,821,55,2344,56,5505,57,25,58,0,59,0,60,451,61,0,62,411,63,0,64,500,53,157,52,662,51,2058,50,270,49,144,48,225,47,0,46,0,45,0,44,1582,43,0,10057,5098
1773708063,54,53,54,821,55,2344,56,5505,57,25,58,0,59,0,60,451,61,0,62,411,63,0,64,500,53,157,52,662,51,2058,50,270,49,144,48,225,47,0,46,0,45,0,44,1582,43,0,10057,5098
1773708064,54,53,54,821,55,2344,56,5505,57,25,58,0,59,0,60,451,61,0,62,411,63,0,64,500,53,157,52,662,51,2058,50,270,49,144,48,225,47,0,46,0,45,0,44,1582,43,0,10057,5098
1773708065,54,53,54,821,55,2344,56,5505,57,25,58,0,59,0,60,451,61,0,62,411,63,0,64,500,53,157,52,662,51,2058,50,270,49,144,48,225,47,0,46,0,45,0,44,1582,43,0,10057,5098
1773708066,54,53,54,821,55,2344,56,5505,57,25,58,0,59,0,60,451,61,0,62,411,63,0,64,500,53,157,52,662,51,2058,50,270,49,144,48,225,47,0,46,0,45,0,44,1582,43,0,10057,5098
1773708067,54,53,54,821,55,2344,56,5505,57,25,58,0,59,0,60,451,61,0,62,411,63,0,64,500,53,157,52,662,51,2058,50,270,49,144,48,225,47,0,46,0,45,0,44,1582,43,0,10057,5098
1773708068,54,53,54,821,55,2344,56,5505,57,25,58,0,59,0,60,451,61,0,62,411,63,0,64,500,53,157,52,662,51,2058,50,270,49,144,48,225,47,0,46,0,45,0,44,1582,43,0,10057,5098
1773708069,54,53,54,821,55,2344,56,5505,57,25,58,0,59,0,60,451,61,0,62,411,63,0,64,500,53,157,52,662,51,2058,50,270,49,144,48,225,47,0,46,0,45,0,44,1582,43,0,10057,5098
1773708070,54,53,54,821,55,2344,56,5505,57,25,58,0,59,0,60,451,61,0,62,411,63,0,64,500,53,157,52,662,51,2058,50,270,49,144,48,225,47,0,46,0,45,0,44,1582,43,0,10057,5098
1773708071,54,53,54,821,55,2344,56,5505,57,25,58,0,59,0,60,451,61,0,62,411,63,0,64,500,53,157,52,662,51,2058,50,270,49,144,48,225,47,0,46,0,45,0,44,1582,43,0,10057,5098
1773708072,54,53,54,821,55,2344,56,5505,57,25,58,0,59,0,60,451,61,0,62,411,63,0,64,500,53,157,52,662,51,2058,50,270,49,144,48,225,47,0,46,0,45,0,44,1582,43,0,10057,5098
1773708073,54,53,54,821,55,2344,56,5505,57,25,58,0,59,0,60,451,61,0,62,411,63,0,64,500,53,157,52,662,51,2058,50,270,49,144,48,225,47,0,46,0,45,0,44,1582,43,0,10057,5098
1773708074,54,53,54,821,55,2344,56,5505,57,25,58,0,59,0,60,451,61,0,62,411,63,0,64,500,53,157,52,662,51,2058,50,270,49,144,48,225,47,0,46,0,45,0,44,1582,43,0,10057,5098
1773708075,54,53,54,821,55,2344,56,5505,57,25,58,0,59,0,60,451,61,0,62,411,63,0,64,500,53,157,52,662,51,2058,50,270,49,144,48,225,47,0,46,0,45,0,44,1582,43,0,10057,5098
1773708076,54,53,54,821,55,2344,56,5505,57,25,58,0,59,0,60,451,61,0,62,411,63,0,64,500,53,157,52,662,51,2058,50,270,49,144,48,225,47,0,46,0,45,0,44,1582,43,0,10057,5098
1773708077,54,53,54,821,55,2344,56,5505,57,25,58,0,59,0,60,451,61,0,62,411,63,0,64,500,53,157,52,662,51,2058,50,270,49,144,48,225,47,0,46,0,45,0,44,1582,43,0,10057,5098
1773708078,54,53,54,821,55,2344,56,5505,57,25,58,0,59,0,60,451,61,0,62,411,63,0,64,500,53,157,52,662,51,2058,50,270,49,144,48,225,47,0,46,0,45,0,44,1582,43,0,10057,5098
1773708079,54,53,54,821,55,2344,56,5505,57,25,58,0,59,0,60,451,61,0,62,411,63,0,64,500,53,157,52,662,51,2058,50,270,49,144,48,225,47,0,46,0,45,0,44,1582,43,0,10057,5098
1773708080,54,53,54,821,55,2344,56,5505,57,25,58,0,59,0,60,451,61,0,62,411,63,0,64,500,53,157,52,662,51,2058,50,270,49,144,48,225,47,0,46,0,45,0,44,1582,43,0,10057,5098
1773708081,54,53,54,821,55,2344,56,5505,57,25,58,0,59,0,60,451,61,0,62,411,63,0,64,500,53,157,52,662,51,2058,50,270,49,144,48,225,47,0,46,0,45,0,44,1582,43,0,10057,5098
1773708082,54,53,54,821,55,2344,56,5505,57,25,58,0,59,0,60,451,61,0,62,411,63,0,64,500,53,157,52,662,51,2058,50,270,49,144,48,225,47,0,46,0,45,0,44,1582,43,0,10057,5098
1773708083,54,53,54,821,55,2344,56,5505,57,25,58,0,59,0,60,451,61,0,62,411,63,0,64,500,53,157,52,662,51,2058,50,270,49,144,48,225,47,0,46,0,45,0,44,1582,43,0,10057,5098
1773708084,54,53,54,821,55,2344,56,5505,57,25,58,0,59,0,60,451,61,0,62,411,63,0,64,500,53,157,52,662,51,2058,50,270,49,144,48,225,47,0,46,0,45,0,44,1582,43,0,10057,5098
1773708085,54,53,54,821,55,2344,56,5505,57,25,58,0,59,0,60,451,61,0,62,411,63,0,64,500,53,157,52,662,51,2058,50,270,49,144,48,225,47,0,46,0,45,0,44,1582,43,0,10057,5098
1773708086,54,53,54,821,55,2344,56,5505,57,25,58,0,59,0,60,451,61,0,62,411,63,0,64,500,53,157,52,662,51,2058,50,270,49,144,48,225,47,0,46,0,45,0,44,1582,43,0,10057,5098
1773708087,54,53,54,821,55,2344,56,5505,57,25,58,0,59,0,60,451,61,0,62,411,63,0,64,500,53,157,52,662,51,2058,50,270,49,144,48,225,47,0,46,0,45,0,44,1582,43,0,10057,5098
1773708088,54,53,54,821,55,2344,56,5505,57,25,58,0,59,0,60,451,61,0,62,411,63,0,64,500,53,157,52,662,51,2058,50,270,49,144,48,225,47,0,46,0,45,0,44,1582,43,0,10057,5098
1773708089,54,53,54,821,55,2344,56,5505,57,25,58,0,59,0,60,451,61,0,62,411,63,0,64,500,53,157,52,662,51,2058,50,270,49,144,48,225,47,0,46,0,45,0,44,1582,43,0,10057,5098
1773708090,54,53,54,821,55,2344,56,5505,57,25,58,0,59,0,60,451,61,0,62,411,63,0,64,500,53,157,52,662,51,2058,50,270,49,144,48,225,47,0,46,0,45,0,44,1582,43,0,10057,5098
1773708091,54,53,54,821,55,2344,56,5505,57,25,58,0,59,0,60,451,61,0,62,411,63,0,64,500,53,157,52,662,51,2058,50,270,49,144,48,225,47,0,46,0,45,0,44,1582,43,0,10057,5098
1773708092,54,53,54,821,55,2344,56,5505,57,25,58,0,59,0,60,451,61,0,62,411,63,0,64,500,53,157,52,662,51,2058,50,270,49,144,48,225,47,0,46,0,45,0,44,1582,43,0,10057,5098
1773708093,54,53,54,821,55,2344,56,5505,57,25,58,0,59,0,60,451,61,0,62,411,63,0,64,500,53,157,52,662,51,2058,50,270,49,144,48,225,47,0,46,0,45,0,44,1582,43,0,10057,5098
1773708094,54,53,54,821,55,2344,56,5505,57,25,58,0,59,0,60,451,61,0,62,411,63,0,64,500,53,157,52,662,51,2058,50,270,49,144,48,225,47,0,46,0,45,0,44,1582,43,0,10057,5098
1773708095,54,53,54,821,55,2344,56,5505,57,25,58,0,59,0,60,451,61,0,62,411,63,0,64,500,53,157,52,662,51,2058,50,270,49,144,48,225,47,0,46,0,45,0,44,1582,43,0,10057,5098
1773708096,54,53,54,821,55,2344,56,5505,57,25,58,0,59,0,60,451,61,0,62,411,63,0,64,500,53,157,52,662,51,2058,50,270,49,144,48,225,47,0,46,0,45,0,44,1582,43,0,10057,5098
1773708097,54,53,54,821,55,2344,56,5505,57,25,58,0,59,0,60,451,61,0,62,411,63,0,64,500,53,157,52,662,51,2058,50,270,49,144,48,225,47,0,46,0,45,0,44,1582,43,0,10057,5098
1773708098,54,53,54,821,55,2344,56,5505,57,25,58,0,59,0,60,451,61,0,62,411,63,0,64,500,53,157,52,662,51,2058,50,270,49,144,48,225,47,0,46,0,45,0,44,1582,43,0,10057,5098
1773708099,54,53,54,821,55,2344,56,5505,57,25,58,0,59,0,60,451,61,0,62,411,63,0,64,500,53,157,52,662,51,2058,50,270,49,144,48,225,47,0,46,0,45,0,44,1582,43,0,10057,5098
1773708100,54,53,54,821,55,2344,56,5505,57,25,58,0,59,0,60,451,61,0,62,411,63,0,64,500,53,157,52,662,51,2058,50,270,49,144,48,225,47,0,46,0,45,0,44,1582,43,0,10057,5098
1773708101,54,53,54,821,55,2344,56,5505,57,25,58,0,59,0,60,451,61,0,62,411,63,0,64,500,53,157,52,662,51,2058,50,270,49,144,48,225,47,0,46,0,45,0,44,1582,43,0,10057,5098
1773708102,54,53,54,821,55,2344,56,5505,57,25,58,0,59,0,60,451,61,0,62,411,63,0,64,500,53,157,52,662,51,2058,50,270,49,144,48,225,47,0,46,0,45,0,44,1582,43,0,10057,5098
1773708103,54,53,54,821,55,2354,56,5505,57,25,58,0,59,0,60,451,61,0,62,411,63,0,64,500,53,157,52,662,51,2058,50,270,49,144,48,225,47,0,46,0,45,0,44,1582,43,0,10067,5098
1773708104,54,53,54,821,55,2354,56,5505,57,25,58,0,59,0,60,451,61,0,62,411,63,0,64,500,53,157,52,662,51,2058,50,270,49,144,48,225,47,0,46,0,45,0,44,1582,43,0,10067,5098
1773708105,54,53,54,821,55,2354,56,5505,57,25,58,0,59,0,60,451,61,0,62,411,63,0,64,500,53,157,52,662,51,2058,50,270,49,144,48,225,47,0,46,0,45,0,44,1582,43,0,10067,5098
1773708106,54,53,54,821,55,2354,56,5505,57,25,58,0,59,0,60,451,61,0,62,411,63,0,64,500,53,157,52,662,51,2058,50,270,49,144,48,225,47,0,46,0,45,0,44,1582,43,0,10067,5098
1773708107,54,53,54,821,55,2354,56,5505,57,25,58,0,59,0,60,451,61,0,62,411,63,0,64,500,53,157,52,662,51,2058,50,270,49,144,48,225,47,0,46,0,45,0,44,1582,43,0,10067,5098
1773708108,54,53,54,821,55,2354,56,5505,57,25,58,0,59,0,60,451,61,0,62,411,63,0,64,500,53,157,52,662,51,2058,50,270,49,144,48,225,47,0,46,0,45,0,44,1582,43,0,10067,5098
1773708109,54,53,54,821,55,2354,56,5505,57,25,58,0,59,0,60,451,61,0,62,411,63,0,64,500,53,157,52,662,51,2058,50,270,49,144,48,225,47,0,46,0,45,0,44,1582,43,0,10067,5098
1773708110,54,53,54,821,55,2354,56,5505,57,25,58,0,59,0,60,451,61,0,62,411,63,0,64,500,53,157,52,662,51,2058,50,270,49,144,48,225,47,0,46,0,45,0,44,1582,43,0,10067,5098
1773708111,54,53,54,821,55,2354,56,5505,57,25,58,0,59,0,60,451,61,0,62,411,63,0,64,500,53,157,52,662,51,2058,50,270,49,144,48,225,47,0,46,0,45,0,44,1582,43,0,10067,5098
1773708112,54,53,54,821,55,2354,56,5505,57,25,58,0,59,0,60,451,61,0,62,411,63,0,64,500,53,157,52,662,51,2058,50,270,49,144,48,225,47,0,46,0,45,0,44,1582,43,0,10067,5098
1773708113,54,53,54,821,55,2354,56,5505,57,25,58,0,59,0,60,451,61,0,62,411,63,0,64,500,53,157,52,662,51,2058,50,270,49,144,48,225,47,0,46,0,45,0,44,1582,43,0,10067,5098
1773708114,54,53,54,821,55,2354,56,5505,57,25,58,0,59,0,60,451,61,0,62,411,63,0,64,500,53,157,52,662,51,2058,50,270,49,144,48,225,47,0,46,0,45,0,44,1582,43,0,10067,5098
1773708115,54,53,54,821,55,2354,56,5505,57,25,58,0,59,0,60,451,61,0,62,411,63,0,64,500,53,157,52,662,51,2058,50,270,49,144,48,225,47,0,46,0,45,0,44,1582,43,0,10067,5098
1773708116,54,53,54,821,55,2354,56,5505,57,25,58,0,59,0,60,451,61,0,62,411,63,0,64,500,53,157,52,662,51,2058,50,270,49,144,48,225,47,0,46,0,45,0,44,1582,43,0,10067,5098
1773708117,54,53,54,821,55,2354,56,5505,57,25,58,0,59,0,60,451,61,0,62,411,63,0,64,500,53,157,52,662,51,2058,50,270,49,144,48,225,47,0,46,0,45,0,44,1582,43,0,10067,5098
1773708118,54,53,54,821,55,2354,56,5505,57,25,58,0,59,0,60,451,61,0,62,411,63,0,64,500,53,157,52,662,51,2058,50,270,49,144,48,225,47,0,46,0,45,0,44,1582,43,0,10067,5098
1773708119,54,53,54,821,55,2354,56,5505,57,25,58,0,59,0,60,451,61,0,62,411,63,0,64,500,53,157,52,662,51,2058,50,270,49,144,48,225,47,0,46,0,45,0,44,1582,43,0,10067,5098
1773708120,54,53,54,821,55,2354,56,5505,57,25,58,0,59,0,60,451,61,0,62,411,63,0,64,500,53,157,52,662,51,2058,50,270,49,144,48,225,47,0,46,0,45,0,44,1582,43,0,10067,5098
1773708121,54,53,54,821,55,2354,56,5505,57,25,58,0,59,0,60,451,61,0,62,411,63,0,64,500,53,157,52,662,51,2058,50,270,49,144,48,225,47,0,46,0,45,0,44,1582,43,0,10067,5098
1773708122,54,53,54,821,55,2354,56,5505,57,25,58,0,59,0,60,451,61,0,62,411,63,0,64,500,53,157,52,662,51,2058,50,270,49,144,48,225,47,0,46,0,45,0,44,1582,43,0,10067,5098
1773708123,54,53,54,821,55,2354,56,5505,57,25,58,0,59,0,60,451,61,0,62,411,63,0,64,500,53,157,52,662,51,2058,50,270,49,144,48,225,47,0,46,0,45,0,44,1582,43,0,10067,5098
1773708124,54,53,54,821,55,2354,56,5505,57,25,58,0,59,0,60,451,61,0,62,411,63,0,64,500,53,157,52,662,51,2058,50,270,49,144,48,225,47,0,46,0,45,0,44,1582,43,0,10067,5098
1773708125,54,53,54,821,55,2354,56,5505,57,25,58,0,59,0,60,451,61,0,62,411,63,0,64,500,53,157,52,662,51,2058,50,270,49,144,48,225,47,0,46,0,45,0,44,1582,43,0,10067,5098
1773708126,54,53,54,821,55,2354,56,5505,57,25,58,0,59,0,60,451,61,0,62,411,63,0,64,500,53,157,52,662,51,2058,50,270,49,144,48,225,47,0,46,0,45,0,44,1582,43,0,10067,5098
1773708127,54,53,54,821,55,2354,56,5505,57,25,58,0,59,0,60,451,61,0,62,411,63,0,64,500,53,157,52,662,51,2058,50,270,49,144,48,225,47,0,46,0,45,0,44,1582,43,0,10067,5098
1773708128,54,53,54,821,55,2354,56,5505,57,25,58,0,59,0,60,451,61,0,62,411,63,0,64,500,53,157,52,662,51,2058,50,270,49,144,48,225,47,0,46,0,45,0,44,1582,43,0,10067,5098
1773708129,54,53,54,821,55,2354,56,5505,57,25,58,0,59,0,60,451,61,0,62,411,63,0,64,500,53,157,52,662,51,2058,50,270,49,144,48,225,47,0,46,0,45,0,44,1582,43,0,10067,5098
1773708130,54,53,54,821,55,2354,56,5505,57,25,58,0,59,0,60,451,61,0,62,411,63,0,64,500,53,157,52,662,51,2058,50,270,49,144,48,225,47,0,46,0,45,0,44,1582,43,0,10067,5098
1773708131,54,53,54,821,55,2354,56,5505,57,25,58,0,59,0,60,451,61,0,62,411,63,0,64,500,53,157,52,662,51,2058,50,270,49,144,48,225,47,0,46,0,45,0,44,1582,43,0,10067,5098
1773708132,54,53,54,821,55,2354,56,5505,57,25,58,0,59,0,60,451,61,0,62,411,63,0,64,500,53,157,52,662,51,2058,50,270,49,144,48,225,47,0,46,0,45,0,44,1582,43,0,10067,5098
1773708133,54,53,54,821,55,2354,56,5505,57,25,58,0,59,0,60,451,61,0,62,411,63,0,64,500,53,157,52,662,51,2058,50,270,49,144,48,225,47,0,46,0,45,0,44,1582,43,0,10067,5098
1773708134,54,53,54,821,55,2354,56,5505,57,25,58,0,59,0,60,451,61,0,62,411,63,0,64,500,53,157,52,662,51,2058,50,270,49,144,48,225,47,0,46,0,45,0,44,1582,43,0,10067,5098
1773708135,54,53,54,821,55,2354,56,5505,57,25,58,0,59,0,60,451,61,0,62,411,63,0,64,500,53,157,52,662,51,2058,50,270,49,144,48,225,47,0,46,0,45,0,44,1582,43,0,10067,5098
1773708136,54,53,54,821,55,2354,56,5505,57,25,58,0,59,0,60,451,61,0,62,411,63,0,64,500,53,157,52,662,51,2058,50,270,49,144,48,225,47,0,46,0,45,0,44,1582,43,0,10067,5098
1773708137,54,53,54,821,55,2354,56,5505,57,25,58,0,59,0,60,451,61,0,62,411,63,0,64,500,53,157,52,662,51,2058,50,270,49,144,48,225,47,0,46,0,45,0,44,1582,43,0,10067,5098
1773708138,54,53,54,821,55,2354,56,5505,57,25,58,0,59,0,60,451,61,0,62,411,63,0,64,500,53,157,52,662,51,2058,50,270,49,144,48,225,47,0,46,0,45,0,44,1582,43,0,10067,5098
1773708139,54,53,54,821,55,2354,56,5505,57,25,58,0,59,0,60,451,61,0,62,411,63,0,64,500,53,157,52,662,51,2058,50,270,49,144,48,225,47,0,46,0,45,0,44,1582,43,0,10067,5098
1773708140,54,53,54,821,55,2354,56,5505,57,25,58,0,59,0,60,451,61,0,62,411,63,0,64,500,53,157,52,662,51,2058,50,270,49,144,48,225,47,0,46,0,45,0,44,1582,43,0,10067,5098
1773708141,54,53,54,821,55,2354,56,5505,57,25,58,0,59,0,60,451,61,0,62,411,63,0,64,500,53,157,52,662,51,2058,50,270,49,144,48,225,47,0,46,0,45,0,44,1582,43,0,10067,5098
1773708142,54,53,54,821,55,2354,56,5505,57,25,58,0,59,0,60,451,61,0,62,411,63,0,64,500,53,157,52,662,51,2058,50,270,49,144,48,225,47,0,46,0,45,0,44,1582,43,0,10067,5098
1773708143,54,53,54,821,55,2354,56,5505,57,25,58,0,59,0,60,451,61,0,62,411,63,0,64,500,53,157,52,662,51,2058,50,270,49,144,48,225,47,0,46,0,45,0,44,1582,43,0,10067,5098
1773708144,54,53,54,821,55,2354,56,5505,57,25,58,0,59,0,60,451,61,0,62,411,63,0,64,500,53,157,52,662,51,2058,50,270,49,144,48,225,47,0,46,0,45,0,44,1582,43,0,10067,5098
1773708145,54,53,54,821,55,2354,56,5505,57,25,58,0,59,0,60,451,61,0,62,411,63,0,64,500,53,157,52,662,51,2058,50,270,49,144,48,225,47,0,46,0,45,0,44,1582,43,0,10067,5098
1773708146,54,53,54,821,55,2354,56,5505,57,25,58,0,59,0,60,451,61,0,62,411,63,0,64,500,53,157,52,662,51,2058,50,270,49,144,48,225,47,0,46,0,45,0,44,1582,43,0,10067,5098
1773708147,54,53,54,821,55,2354,56,5505,57,25,58,0,59,0,60,451,61,0,62,411,63,0,64,500,53,157,52,662,51,2058,50,270,49,144,48,225,47,0,46,0,45,0,44,1582,43,0,10067,5098
1773708148,54,53,54,821,55,2354,56,5505,57,25,58,0,59,0,60,451,61,0,62,411,63,0,64,500,53,157,52,662,51,2058,50,270,49,144,48,225,47,0,46,0,45,0,44,1582,43,0,10067,5098
1773708149,54,53,54,821,55,2354,56,5505,57,25,58,0,59,0,60,451,61,0,62,411,63,0,64,500,53,157,52,662,51,2058,50,270,49,144,48,225,47,0,46,0,45,0,44,1582,43,0,10067,5098
1773708150,54,53,54,821,55,2354,56,5505,57,25,58,0,59,0,60,451,61,0,62,411,63,0,64,500,53,157,52,662,51,2058,50,270,49,144,48,225,47,0,46,0,45,0,44,1582,43,0,10067,5098
1773708151,54,53,54,821,55,2354,56,5505,57,25,58,0,59,0,60,451,61,0,62,411,63,0,64,500,53,157,52,662,51,2058,50,270,49,144,48,225,47,0,46,0,45,0,44,1582,43,0,10067,5098
1773708152,54,53,54,821,55,2354,56,5505,57,25,58,0,59,0,60,451,61,0,62,411,63,0,64,500,53,157,52,662,51,2058,50,270,49,144,48,225,47,0,46,0,45,0,44,1582,43,0,10067,5098
1773708153,54,53,54,821,55,2354,56,5505,57,25,58,0,59,0,60,451,61,0,62,411,63,0,64,500,53,157,52,662,51,2058,50,270,49,144,48,225,47,0,46,0,45,0,44,1582,43,0,10067,5098
1773708154,54,53,54,821,55,2354,56,5505,57,25,58,0,59,0,60,451,61,0,62,411,63,0,64,500,53,157,52,662,51,2058,50,270,49,144,48,225,47,0,46,0,45,0,44,1582,43,0,10067,5098
1773708155,54,53,54,821,55,2354,56,5505,57,25,58,0,59,0,60,451,61,0,62,411,63,0,64,500,53,157,52,662,51,2058,50,270,49,144,48,225,47,0,46,0,45,0,44,1582,43,0,10067,5098
1773708156,54,53,54,821,55,2354,56,5505,57,25,58,0,59,0,60,451,61,0,62,411,63,0,64,500,53,157,52,662,51,2058,50,270,49,144,48,225,47,0,46,0,45,0,44,1582,43,0,10067,5098
1773708157,54,53,54,821,55,2354,56,5505,57,25,58,0,59,0,60,451,61,0,62,411,63,0,64,500,53,157,52,662,51,2058,50,270,49,144,48,225,47,0,46,0,45,0,44,1582,43,0,10067,5098
1773708158,54,53,54,821,55,2354,56,5505,57,25,58,0,59,0,60,451,61,0,62,411,63,0,64,500,53,157,52,662,51,2058,50,270,49,144,48,225,47,0,46,0,45,0,44,1582,43,0,10067,5098
1773708159,54,53,54,821,55,2354,56,5505,57,25,58,0,59,0,60,451,61,0,62,411,63,0,64,500,53,157,52,662,51,2058,50,270,49,144,48,225,47,0,46,0,45,0,44,1582,43,0,10067,5098
1773708160,54,53,54,821,55,2354,56,5505,57,25,58,0,59,0,60,451,61,0,62,411,63,0,64,500,53,157,52,662,51,2058,50,270,49,144,48,225,47,0,46,0,45,0,44,1582,43,0,10067,5098
1773708161,54,53,54,821,55,2354,56,5505,57,25,58,0,59,0,60,451,61,0,62,411,63,0,64,500,53,157,52,662,51,2058,50,270,49,144,48,225,47,0,46,0,45,0,44,1582,43,0,10067,5098
1773708162,54,53,54,821,55,2354,56,5505,57,25,58,0,59,0,60,451,61,0,62,411,63,0,64,500,53,157,52,662,51,2058,50,270,49,144,48,225,47,0,46,0,45,0,44,1582,43,0,10067,5098
1773708163,54,53,54,821,55,2354,56,5505,57,25,58,0,59,0,60,451,61,0,62,411,63,0,64,500,53,157,52,662,51,2058,50,270,49,144,48,225,47,0,46,0,45,0,44,1582,43,0,10067,5098
1773708164,54,53,54,821,55,2354,56,5505,57,25,58,0,59,0,60,451,61,0,62,411,63,0,64,500,53,157,52,662,51,2058,50,270,49,144,48,225,47,0,46,0,45,0,44,1582,43,0,10067,5098
1773708165,54,53,54,821,55,2354,56,5505,57,25,58,0,59,0,60,451,61,0,62,411,63,0,64,500,53,157,52,662,51,2058,50,270,49,144,48,225,47,0,46,0,45,0,44,1582,43,0,10067,5098
1773708166,54,53,54,821,55,2354,56,5505,57,25,58,0,59,0,60,451,61,0,62,411,63,0,64,500,53,157,52,662,51,2058,50,270,49,144,48,225,47,0,46,0,45,0,44,1582,43,0,10067,5098
1773708167,54,53,54,821,55,2354,56,5505,57,25,58,0,59,0,60,451,61,0,62,411,63,0,64,500,53,157,52,662,51,2058,50,270,49,144,48,225,47,0,46,0,45,0,44,1582,43,0,10067,5098
1773708168,54,53,54,821,55,2354,56,5505,57,25,58,0,59,0,60,451,61,0,62,411,63,0,64,500,53,157,52,662,51,2058,50,270,49,144,48,225,47,0,46,0,45,0,44,1582,43,0,10067,5098
1773708169,54,53,54,821,55,2354,56,5505,57,25,58,0,59,0,60,451,61,0,62,411,63,0,64,500,53,157,52,662,51,2058,50,270,49,144,48,225,47,0,46,0,45,0,44,1582,43,0,10067,5098
1773708170,54,53,54,821,55,2354,56,5505,57,25,58,0,59,0,60,451,61,0,62,411,63,0,64,500,53,157,52,662,51,2058,50,270,49,144,48,225,47,0,46,0,45,0,44,1582,43,0,10067,5098
1773708171,54,53,54,821,55,2354,56,5505,57,25,58,0,59,0,60,451,61,0,62,411,63,0,64,500,53,157,52,662,51,2058,50,270,49,144,48,225,47,0,46,0,45,0,44,1582,43,0,10067,5098
1773708172,54,53,54,821,55,2354,56,5505,57,25,58,0,59,0,60,451,61,0,62,411,63,0,64,500,53,157,52,662,51,2058,50,270,49,144,48,225,47,0,46,0,45,0,44,1582,43,0,10067,5098
1773708173,54,53,54,821,55,2354,56,5505,57,25,58,0,59,0,60,451,61,0,62,411,63,0,64,500,53,157,52,662,51,2058,50,270,49,144,48,225,47,0,46,0,45,0,44,1582,43,0,10067,5098
1773708174,54,53,54,821,55,2354,56,5505,57,25,58,0,59,0,60,451,61,0,62,411,63,0,64,500,53,157,52,662,51,2058,50,270,49,144,48,225,47,0,46,0,45,0,44,1582,43,0,10067,5098
1773708175,54,53,54,821,55,2354,56,5505,57,25,58,0,59,0,60,451,61,0,62,411,63,0,64,500,53,157,52,662,51,2058,50,270,49,144,48,225,47,0,46,0,45,0,44,1582,43,0,10067,5098
1773708176,54,53,54,821,55,2354,56,5505,57,25,58,0,59,0,60,451,61,0,62,411,63,0,64,500,53,157,52,662,51,2058,50,270,49,144,48,225,47,0,46,0,45,0,44,1582,43,0,10067,5098
1773708177,54,53,54,821,55,2354,56,5505,57,25,58,0,59,0,60,451,61,0,62,411,63,0,64,500,53,157,52,662,51,2058,50,270,49,144,48,225,47,0,46,0,45,0,44,1582,43,0,10067,5098
1773708178,54,53,54,821,55,2354,56,5505,57,25,58,0,59,0,60,451,61,0,62,411,63,0,64,500,53,157,52,662,51,2058,50,270,49,144,48,225,47,0,46,0,45,0,44,1582,43,0,10067,5098
1773708179,54,53,54,821,55,2354,56,5505,57,25,58,0,59,0,60,451,61,0,62,411,63,0,64,500,53,157,52,662,51,2058,50,270,49,144,48,225,47,0,46,0,45,0,44,1582,43,0,10067,5098
1773708180,54,53,54,821,55,2354,56,5505,57,25,58,0,59,0,60,451,61,0,62,411,63,0,64,500,53,157,52,662,51,2058,50,270,49,144,48,225,47,0,46,0,45,0,44,1582,43,0,10067,5098
1773708181,54,53,54,821,55,2354,56,5505,57,25,58,0,59,0,60,451,61,0,62,411,63,0,64,500,53,157,52,662,51,2058,50,270,49,144,48,225,47,0,46,0,45,0,44,1582,43,0,10067,5098
1773708182,54,53,54,821,55,2354,56,5505,57,25,58,0,59,0,60,451,61,0,62,411,63,0,64,500,53,157,52,662,51,2058,50,270,49,144,48,225,47,0,46,0,45,0,44,1582,43,0,10067,5098
1773708183,54,53,54,821,55,2354,56,5505,57,25,58,0,59,0,60,451,61,0,62,411,63,0,64,500,53,157,52,662,51,2058,50,270,49,144,48,225,47,0,46,0,45,0,44,1582,43,0,10067,5098
1773708184,54,53,54,821,55,2354,56,5505,57,25,58,0,59,0,60,451,61,0,62,411,63,0,64,500,53,157,52,662,51,2058,50,270,49,144,48,225,47,0,46,0,45,0,44,1582,43,0,10067,5098
1773708185,54,53,54,821,55,2354,56,5505,57,25,58,0,59,0,60,451,61,0,62,411,63,0,64,500,53,157,52,662,51,2058,50,270,49,144,48,225,47,0,46,0,45,0,44,1582,43,0,10067,5098
1773708186,54,53,54,821,55,2354,56,5505,57,25,58,0,59,0,60,451,61,0,62,411,63,0,64,500,53,157,52,662,51,2058,50,270,49,144,48,225,47,0,46,0,45,0,44,1582,43,0,10067,5098
1773708187,54,53,54,821,55,2354,56,5505,57,25,58,0,59,0,60,451,61,0,62,411,63,0,64,500,53,157,52,662,51,2058,50,270,49,144,48,225,47,0,46,0,45,0,44,1582,43,0,10067,5098
1773708188,54,53,54,821,55,2354,56,5505,57,25,58,0,59,0,60,451,61,0,62,411,63,0,64,500,53,157,52,662,51,2058,50,270,49,144,48,225,47,0,46,0,45,0,44,1582,43,0,10067,5098
1773708189,54,53,54,821,55,2354,56,5505,57,25,58,0,59,0,60,451,61,0,62,411,63,0,64,500,53,157,52,662,51,2058,50,270,49,144,48,225,47,0,46,0,45,0,44,1582,43,0,10067,5098
1773708190,54,53,54,821,55,2354,56,5505,57,25,58,0,59,0,60,451,61,0,62,411,63,0,64,500,53,157,52,662,51,2058,50,270,49,144,48,225,47,0,46,0,45,0,44,1582,43,0,10067,5098
1773708191,54,53,54,821,55,2354,56,5505,57,25,58,0,59,0,60,451,61,0,62,411,63,0,64,500,53,157,52,662,51,2058,50,270,49,144,48,225,47,0,46,0,45,0,44,1582,43,0,10067,5098
1773708192,54,53,54,821,55,2354,56,5505,57,25,58,0,59,0,60,451,61,0,62,411,63,0,64,500,53,157,52,662,51,2058,50,270,49,144,48,225,47,0,46,0,45,0,44,1582,43,0,10067,5098
1773708193,54,53,54,821,55,2354,56,5505,57,25,58,0,59,0,60,451,61,0,62,411,63,0,64,500,53,157,52,662,51,2058,50,270,49,144,48,225,47,0,46,0,45,0,44,1582,43,0,10067,5098
1773708194,54,53,54,821,55,2354,56,5505,57,25,58,0,59,0,60,451,61,0,62,411,63,0,64,500,53,157,52,662,51,2058,50,270,49,144,48,225,47,0,46,0,45,0,44,1582,43,0,10067,5098
1773708195,54,53,54,821,55,2354,56,5505,57,25,58,0,59,0,60,451,61,0,62,411,63,0,64,500,53,157,52,662,51,2058,50,270,49,144,48,225,47,0,46,0,45,0,44,1582,43,0,10067,5098
1773708196,54,53,54,821,55,2354,56,5505,57,25,58,0,59,0,60,451,61,0,62,411,63,0,64,500,53,157,52,662,51,2058,50,270,49,144,48,225,47,0,46,0,45,0,44,1582,43,0,10067,5098
1773708197,54,53,54,821,55,2354,56,5505,57,25,58,0,59,0,60,451,61,0,62,411,63,0,64,500,53,157,52,662,51,2058,50,270,49,144,48,225,47,0,46,0,45,0,44,1582,43,0,10067,5098
1773708198,54,53,54,821,55,2354,56,5505,57,25,58,0,59,0,60,451,61,0,62,411,63,0,64,500,53,157,52,662,51,2058,50,270,49,144,48,225,47,0,46,0,45,0,44,1582,43,0,10067,5098
1773708199,54,53,54,821,55,2354,56,5505,57,25,58,0,59,0,60,451,61,0,62,411,63,0,64,500,53,157,52,662,51,2058,50,270,49,144,48,225,47,0,46,0,45,0,44,1582,43,0,10067,5098
1773708200,54,53,54,821,55,2354,56,5505,57,25,58,0,59,0,60,451,61,0,62,411,63,0,64,500,53,157,52,662,51,2058,50,270,49,144,48,225,47,0,46,0,45,0,44,1582,43,0,10067,5098
1773708201,54,53,54,821,55,2354,56,5505,57,25,58,0,59,0,60,451,61,0,62,411,63,0,64,500,53,157,52,662,51,2058,50,270,49,144,48,225,47,0,46,0,45,0,44,1582,43,0,10067,5098
1773708202,54,53,54,821,55,2354,56,5505,57,25,58,0,59,0,60,451,61,0,62,411,63,0,64,500,53,157,52,662,51,2058,50,270,49,144,48,225,47,0,46,0,45,0,44,1582,43,0,10067,5098
1773708203,54,53,54,821,55,2354,56,5505,57,25,58,0,59,0,60,451,61,0,62,411,63,0,64,500,53,157,52,662,51,2058,50,270,49,144,48,225,47,0,46,0,45,0,44,1582,43,0,10067,5098
1773708204,54,53,54,821,55,2354,56,5505,57,25,58,0,59,0,60,451,61,0,62,411,63,0,64,500,53,157,52,662,51,2058,50,270,49,144,48,225,47,0,46,0,45,0,44,1582,43,0,10067,5098
1773708205,54,53,54,821,55,2354,56,5505,57,25,58,0,59,0,60,451,61,0,62,411,63,0,64,500,53,157,52,662,51,2058,50,270,49,144,48,225,47,0,46,0,45,0,44,1582,43,0,10067,5098
1773708206,54,53,54,821,55,2354,56,5505,57,25,58,0,59,0,60,451,61,0,62,411,63,0,64,500,53,157,52,662,51,2058,50,270,49,144,48,225,47,0,46,0,45,0,44,1582,43,0,10067,5098
1773708207,54,53,54,821,55,2354,56,5505,57,25,58,0,59,0,60,451,61,0,62,411,63,0,64,500,53,157,52,662,51,2058,50,270,49,144,48,225,47,0,46,0,45,0,44,1582,43,0,10067,5098
1773708208,54,53,54,821,55,2354,56,5505,57,25,58,0,59,0,60,451,61,0,62,411,63,0,64,500,53,157,52,662,51,2058,50,270,49,144,48,225,47,0,46,0,45,0,44,1582,43,0,10067,5098
1773708209,54,53,54,821,55,2354,56,5505,57,25,58,0,59,0,60,451,61,0,62,411,63,0,64,500,53,157,52,662,51,2058,50,270,49,144,48,225,47,0,46,0,45,0,44,1582,43,0,10067,5098
1773708210,54,53,54,821,55,2354,56,5505,57,25,58,0,59,0,60,451,61,0,62,411,63,0,64,500,53,157,52,662,51,2058,50,270,49,144,48,225,47,0,46,0,45,0,44,1582,43,0,10067,5098
1773708211,54,53,54,821,55,2354,56,5505,57,25,58,0,59,0,60,451,61,0,62,411,63,0,64,500,53,157,52,662,51,2058,50,270,49,144,48,225,47,0,46,0,45,0,44,1582,43,0,10067,5098
1773708212,54,53,54,821,55,2354,56,5505,57,25,58,0,59,0,60,451,61,0,62,411,63,0,64,500,53,157,52,662,51,2058,50,270,49,144,48,225,47,0,46,0,45,0,44,1582,43,0,10067,5098
1773708213,54,53,54,821,55,2354,56,5505,57,25,58,0,59,0,60,451,61,0,62,411,63,0,64,500,53,157,52,662,51,2058,50,270,49,144,48,225,47,0,46,0,45,0,44,1582,43,0,10067,5098
1773708214,54,53,54,821,55,2354,56,5505,57,25,58,0,59,0,60,451,61,0,62,411,63,0,64,500,53,157,52,662,51,2058,50,270,49,144,48,225,47,0,46,0,45,0,44,1582,43,0,10067,5098
1773708215,54,53,54,821,55,2354,56,5505,57,25,58,0,59,0,60,451,61,0,62,411,63,0,64,500,53,157,52,662,51,2058,50,270,49,144,48,225,47,0,46,0,45,0,44,1582,43,0,10067,5098
1773708216,54,53,54,821,55,2354,56,5505,57,25,58,0,59,0,60,451,61,0,62,411,63,0,64,500,53,157,52,662,51,2058,50,270,49,144,48,225,47,0,46,0,45,0,44,1582,43,0,10067,5098
1773708217,54,53,54,821,55,2354,56,5505,57,25,58,0,59,0,60,451,61,0,62,411,63,0,64,500,53,157,52,662,51,2058,50,270,49,144,48,225,47,0,46,0,45,0,44,1582,43,0,10067,5098
1773708218,54,53,54,821,55,2354,56,5505,57,25,58,0,59,0,60,451,61,0,62,411,63,0,64,500,53,157,52,662,51,2058,50,270,49,144,48,225,47,0,46,0,45,0,44,1582,43,0,10067,5098
1773708219,54,53,54,821,55,2354,56,5505,57,25,58,0,59,0,60,451,61,0,62,411,63,0,64,500,53,157,52,662,51,2058,50,270,49,144,48,225,47,0,46,0,45,0,44,1582,43,0,10067,5098
1773708220,54,53,54,821,55,2354,56,5505,57,25,58,0,59,0,60,451,61,0,62,411,63,0,64,500,53,157,52,662,51,2058,50,270,49,144,48,225,47,0,46,0,45,0,44,1582,43,0,10067,5098
1773708221,54,53,54,821,55,2354,56,5505,57,25,58,0,59,0,60,451,61,0,62,411,63,0,64,500,53,157,52,662,51,2058,50,270,49,144,48,225,47,0,46,0,45,0,44,1582,43,0,10067,5098
1773708222,54,53,54,821,55,2354,56,5505,57,25,58,0,59,0,60,451,61,0,62,411,63,0,64,500,53,157,52,662,51,2058,50,270,49,144,48,225,47,0,46,0,45,0,44,1582,43,0,10067,5098
1773708223,54,53,54,821,55,2354,56,5505,57,25,58,0,59,0,60,451,61,0,62,411,63,0,64,500,53,157,52,662,51,2058,50,270,49,144,48,225,47,0,46,0,45,0,44,1582,43,0,10067,5098
1773708224,54,53,54,821,55,2354,56,5505,57,25,58,0,59,0,60,451,61,0,62,411,63,0,64,500,53,157,52,662,51,2058,50,270,49,144,48,225,47,0,46,0,45,0,44,1582,43,0,10067,5098
1773708225,54,53,54,821,55,2354,56,5505,57,25,58,0,59,0,60,451,61,0,62,411,63,0,64,500,53,157,52,662,51,2058,50,270,49,144,48,225,47,0,46,0,45,0,44,1582,43,0,10067,5098
1773708226,54,53,54,821,55,2354,56,5505,57,25,58,0,59,0,60,451,61,0,62,411,63,0,64,500,53,157,52,662,51,2058,50,270,49,144,48,225,47,0,46,0,45,0,44,1582,43,0,10067,5098
1773708227,54,53,54,821,55,2354,56,5505,57,25,58,0,59,0,60,451,61,0,62,411,63,0,64,500,53,157,52,662,51,2058,50,270,49,144,48,225,47,0,46,0,45,0,44,1582,43,0,10067,5098
1773708228,54,53,54,821,55,2354,56,5505,57,25,58,0,59,0,60,451,61,0,62,411,63,0,64,500,53,157,52,662,51,2058,50,250,49,144,48,225,47,0,46,0,45,0,44,1582,43,0,10067,5078
1773708229,54,53,54,821,55,2354,56,5505,57,25,58,0,59,0,60,451,61,0,62,411,63,0,64,500,53,157,52,662,51,2058,50,250,49,170,48,225,47,0,46,0,45,0,44,1582,43,0,10067,5104
1773708230,54,53,54,821,55,2354,56,5505,57,25,58,0,59,0,60,451,61,0,62,411,63,0,64,500,53,157,52,662,51,2058,50,250,49,170,48,225,47,0,46,0,45,0,44,1582,43,0,10067,5104
1773708231,54,53,54,821,55,2354,56,5505,57,25,58,0,59,0,60,451,61,0,62,411,63,0,64,500,53,157,52,662,51,2058,50,250,49,170,48,225,47,0,46,0,45,0,44,1582,43,0,10067,5104
1773708232,54,53,54,821,55,2354,56,5505,57,25,58,0,59,0,60,451,61,0,62,411,63,0,64,500,53,157,52,662,51,2058,50,250,49,170,48,225,47,0,46,0,45,0,44,1582,43,0,10067,5104
1773708233,54,53,54,821,55,2354,56,5505,57,25,58,0,59,0,60,451,61,0,62,411,63,0,64,500,53,157,52,662,51,2058,50,250,49,170,48,225,47,0,46,0,45,0,44,1582,43,0,10067,5104
1773708234,54,53,54,821,55,2354,56,5505,57,25,58,0,59,0,60,451,61,0,62,411,63,0,64,500,53,157,52,662,51,2058,50,250,49,170,48,225,47,0,46,0,45,0,44,1582,43,0,10067,5104
1773708235,54,53,54,821,55,2354,56,5505,57,25,58,0,59,0,60,451,61,0,62,411,63,0,64,500,53,157,52,662,51,2058,50,250,49,170,48,225,47,0,46,0,45,0,44,1582,43,0,10067,5104
1773708236,54,53,54,821,55,2354,56,5505,57,25,58,0,59,0,60,451,61,0,62,411,63,0,64,500,53,157,52,662,51,2058,50,250,49,170,48,225,47,0,46,0,45,0,44,1582,43,0,10067,5104
1773708237,54,53,54,821,55,2354,56,5505,57,25,58,0,59,0,60,451,61,0,62,411,63,0,64,500,53,157,52,662,51,2058,50,250,49,170,48,225,47,0,46,0,45,0,44,1582,43,0,10067,5104
1773708238,54,53,54,821,55,2354,56,5505,57,25,58,0,59,0,60,451,61,0,62,411,63,0,64,500,53,157,52,662,51,2058,50,250,49,170,48,225,47,0,46,0,45,0,44,1582,43,0,10067,5104
1773708239,54,53,54,821,55,2354,56,5505,57,25,58,0,59,0,60,451,61,0,62,411,63,0,64,500,53,157,52,662,51,2058,50,250,49,170,48,225,47,0,46,0,45,0,44,1582,43,0,10067,5104
1773708240,54,53,54,821,55,2354,56,5505,57,25,58,0,59,0,60,451,61,0,62,411,63,0,64,500,53,157,52,662,51,2058,50,250,49,170,48,225,47,0,46,0,45,0,44,1582,43,0,10067,5104
1773708241,54,53,54,821,55,2354,56,5505,57,25,58,0,59,0,60,451,61,0,62,411,63,0,64,500,53,157,52,662,51,2058,50,250,49,170,48,225,47,0,46,0,45,0,44,1582,43,0,10067,5104
1773708242,54,53,54,821,55,2354,56,5505,57,25,58,0,59,0,60,451,61,0,62,411,63,0,64,500,53,157,52,662,51,2058,50,250,49,170,48,225,47,0,46,0,45,0,44,1582,43,0,10067,5104
1773708243,54,53,54,821,55,2354,56,5505,57,25,58,0,59,0,60,451,61,0,62,0,63,0,64,500,53,157,52,662,51,2058,50,250,49,170,48,225,47,0,46,0,45,0,44,500,43,0,9656,4022
1773708244,54,53,54,821,55,2354,56,5505,57,25,58,0,59,0,60,451,61,0,62,0,63,0,64,500,53,157,52,662,51,2058,50,250,49,170,48,225,47,0,46,0,45,0,44,500,43,0,9656,4022
1773708245,54,53,54,821,55,2354,56,5505,57,25,58,0,59,0,60,451,61,0,62,0,63,0,64,500,53,157,52,662,51,2058,50,250,49,170,48,225,47,0,46,0,45,0,44,500,43,0,9656,4022
1773708246,54,53,54,821,55,2354,56,5505,57,25,58,0,59,0,60,451,61,0,62,0,63,0,64,500,53,157,52,662,51,2058,50,250,49,170,48,225,47,0,46,0,45,0,44,500,43,0,9656,4022
1773708247,54,53,54,821,55,2354,56,5505,57,25,58,0,59,0,60,451,61,0,62,0,63,0,64,500,53,157,52,662,51,2058,50,250,49,170,48,225,47,0,46,0,45,0,44,500,43,0,9656,4022
1773708248,54,53,54,821,55,2354,56,5505,57,25,58,0,59,0,60,451,61,0,62,0,63,0,64,500,53,157,52,662,51,2058,50,250,49,170,48,225,47,0,46,0,45,0,44,500,43,0,9656,4022
1773708249,54,53,54,821,55,2354,56,5505,57,25,58,0,59,0,60,451,61,0,62,0,63,0,64,500,53,157,52,662,51,2058,50,250,49,170,48,225,47,0,46,0,45,0,44,500,43,0,9656,4022
1773708250,54,53,54,821,55,2354,56,5505,57,25,58,0,59,0,60,451,61,0,62,0,63,0,64,500,53,157,52,662,51,2058,50,250,49,170,48,225,47,0,46,0,45,0,44,500,43,0,9656,4022
1773708251,54,53,54,821,55,2354,56,5505,57,25,58,0,59,0,60,451,61,0,62,0,63,0,64,500,53,157,52,662,51,2058,50,250,49,170,48,225,47,0,46,0,45,0,44,500,43,0,9656,4022
1773708252,54,53,54,821,55,2354,56,5505,57,25,58,0,59,0,60,451,61,0,62,0,63,0,64,500,53,157,52,662,51,2058,50,250,49,170,48,225,47,0,46,0,45,0,44,500,43,0,9656,4022
1773708253,54,53,54,821,55,2354,56,5505,57,25,58,0,59,0,60,451,61,0,62,0,63,0,64,500,53,157,52,662,51,2058,50,250,49,170,48,225,47,0,46,0,45,0,44,500,43,0,9656,4022
1773708254,54,53,54,821,55,2354,56,5505,57,25,58,0,59,0,60,1,61,0,62,0,63,0,64,500,53,157,52,662,51,2058,50,250,49,170,48,0,47,0,46,0,45,0,44,500,43,0,9206,3797
1773708255,54,53,54,821,55,2354,56,5505,57,25,58,0,59,0,60,1,61,0,62,0,63,0,64,500,53,157,52,662,51,2058,50,250,49,170,48,0,47,0,46,0,45,0,44,500,43,0,9206,3797
1773708256,54,53,54,821,55,2354,56,5505,57,25,58,0,59,0,60,1,61,0,62,0,63,0,64,500,53,157,52,662,51,2058,50,250,49,170,48,0,47,0,46,0,45,0,44,500,43,0,9206,3797
1773708257,54,53,54,821,55,2354,56,5505,57,25,58,0,59,0,60,1,61,0,62,0,63,0,64,500,53,157,52,662,51,2058,50,250,49,170,48,0,47,0,46,0,45,0,44,500,43,0,9206,3797
1773708258,54,53,54,821,55,2354,56,5505,57,25,58,0,59,0,60,1,61,0,62,0,63,0,64,500,53,157,52,662,51,2058,50,250,49,170,48,0,47,0,46,0,45,0,44,500,43,0,9206,3797
1773708259,54,53,54,821,55,2354,56,5505,57,25,58,0,59,0,60,1,61,0,62,0,63,0,64,500,53,157,52,662,51,2058,50,250,49,170,48,0,47,0,46,0,45,0,44,500,43,0,9206,3797
1773708260,54,53,54,821,55,2354,56,5505,57,25,58,0,59,0,60,1,61,0,62,0,63,0,64,500,53,157,52,662,51,2058,50,250,49,170,48,0,47,0,46,0,45,0,44,500,43,0,9206,3797
1773708261,54,53,54,821,55,2354,56,5505,57,25,58,0,59,0,60,1,61,0,62,0,63,0,64,500,53,157,52,662,51,2058,50,250,49,170,48,0,47,0,46,0,45,0,44,500,43,0,9206,3797
1773708262,54,53,54,821,55,2354,56,5505,57,25,58,0,59,0,60,1,61,0,62,0,63,0,64,500,53,157,52,662,51,2058,50,250,49,170,48,0,47,0,46,0,45,0,44,500,43,0,9206,3797
1773708263,54,53,54,821,55,2354,56,5505,57,25,58,0,59,0,60,1,61,0,62,0,63,0,64,500,53,157,52,662,51,2058,50,250,49,170,48,0,47,0,46,0,45,0,44,500,43,0,9206,3797
1773708264,54,53,54,821,55,2354,56,5505,57,25,58,0,59,0,60,1,61,0,62,0,63,0,64,500,53,157,52,662,51,2058,50,250,49,170,48,0,47,0,46,0,45,0,44,500,43,0,9206,3797
1773708265,54,53,54,821,55,2354,56,5505,57,25,58,0,59,0,60,1,61,0,62,0,63,0,64,500,53,157,52,662,51,2058,50,250,49,170,48,0,47,0,46,0,45,0,44,500,43,0,9206,3797
1773708266,54,53,54,821,55,2354,56,5505,57,25,58,0,59,0,60,1,61,0,62,0,63,0,64,500,53,157,52,662,51,2058,50,250,49,170,48,0,47,0,46,0,45,0,44,500,43,0,9206,3797
1773708267,54,53,54,821,55,2354,56,5505,57,25,58,0,59,0,60,1,61,0,62,0,63,0,64,500,53,157,52,662,51,2058,50,250,49,170,48,0,47,0,46,0,45,0,44,500,43,0,9206,3797
1773708268,54,53,54,821,55,2354,56,5505,57,25,58,0,59,0,60,1,61,0,62,0,63,0,64,500,53,157,52,662,51,2058,50,250,49,170,48,0,47,0,46,0,45,0,44,500,43,0,9206,3797
1773708269,54,53,54,821,55,2354,56,5505,57,25,58,0,59,0,60,1,61,0,62,0,63,0,64,500,53,157,52,662,51,2058,50,250,49,170,48,0,47,0,46,0,45,0,44,500,43,0,9206,3797
1773708270,54,53,54,821,55,2354,56,5505,57,25,58,0,59,0,60,1,61,0,62,0,63,0,64,500,53,157,52,662,51,2058,50,250,49,170,48,0,47,0,46,0,45,0,44,500,43,0,9206,3797
1773708271,54,53,54,821,55,2354,56,5505,57,25,58,0,59,0,60,1,61,0,62,0,63,0,64,500,53,157,52,662,51,2058,50,250,49,170,48,0,47,0,46,0,45,0,44,500,43,0,9206,3797
1773708272,54,53,54,821,55,2354,56,5505,57,25,58,0,59,0,60,1,61,0,62,0,63,0,64,500,53,157,52,662,51,2058,50,250,49,170,48,0,47,0,46,0,45,0,44,500,43,0,9206,3797
1773708273,54,53,54,821,55,2354,56,5505,57,25,58,0,59,0,60,1,61,0,62,0,63,0,64,500,53,157,52,662,51,2058,50,250,49,170,48,0,47,0,46,0,45,0,44,500,43,0,9206,3797
1773708274,54,53,54,821,55,2354,56,5505,57,25,58,0,59,0,60,1,61,0,62,0,63,0,64,500,53,157,52,662,51,2058,50,250,49,170,48,0,47,0,46,0,45,0,44,500,43,0,9206,3797
1773708275,54,53,54,821,55,2354,56,5505,57,25,58,0,59,0,60,1,61,0,62,0,63,0,64,500,53,157,52,662,51,2058,50,250,49,170,48,0,47,0,46,0,45,0,44,500,43,0,9206,3797
1773708276,54,53,54,821,55,2354,56,5505,57,25,58,0,59,0,60,1,61,0,62,0,63,0,64,500,53,157,52,662,51,2058,50,250,49,170,48,0,47,0,46,0,45,0,44,500,43,0,9206,3797
1773708277,54,53,54,821,55,2354,56,5505,57,25,58,0,59,0,60,1,61,0,62,0,63,0,64,500,53,157,52,662,51,2058,50,250,49,170,48,0,47,0,46,0,45,0,44,500,43,0,9206,3797
1773708278,54,53,54,821,55,2354,56,5505,57,25,58,0,59,0,60,1,61,0,62,0,63,0,64,500,53,157,52,662,51,2058,50,250,49,170,48,0,47,0,46,0,45,0,44,500,43,0,9206,3797
1773708279,54,53,54,821,55,2354,56,5505,57,25,58,0,59,0,60,1,61,0,62,0,63,0,64,500,53,157,52,662,51,2058,50,250,49,170,48,0,47,0,46,0,45,0,44,500,43,0,9206,3797
1773708280,54,53,54,821,55,2354,56,5505,57,25,58,0,59,0,60,1,61,0,62,0,63,0,64,500,53,157,52,662,51,2058,50,250,49,170,48,0,47,0,46,0,45,0,44,500,43,0,9206,3797
1773708281,54,53,54,821,55,2354,56,5505,57,25,58,0,59,0,60,1,61,0,62,0,63,0,64,500,53,157,52,662,51,2058,50,250,49,170,48,0,47,0,46,0,45,0,44,500,43,0,9206,3797
1773708282,54,53,54,821,55,2354,56,5505,57,25,58,0,59,0,60,1,61,0,62,0,63,0,64,500,53,157,52,662,51,2058,50,250,49,170,48,0,47,0,46,0,45,0,44,500,43,0,9206,3797
1773708283,54,53,54,821,55,2354,56,5505,57,25,58,0,59,0,60,1,61,0,62,0,63,0,64,500,53,157,52,662,51,2058,50,250,49,170,48,0,47,0,46,0,45,0,44,500,43,0,9206,3797
1773708284,54,53,54,821,55,2354,56,5505,57,25,58,0,59,0,60,1,61,0,62,0,63,0,64,500,53,157,52,662,51,2058,50,250,49,170,48,0,47,0,46,0,45,0,44,500,43,0,9206,3797
1773708285,54,53,54,821,55,2354,56,5505,57,25,58,0,59,0,60,1,61,0,62,0,63,0,64,500,53,157,52,662,51,2058,50,250,49,170,48,0,47,0,46,0,45,0,44,500,43,0,9206,3797
1773708286,54,53,54,821,55,2354,56,5505,57,25,58,0,59,0,60,1,61,0,62,0,63,0,64,500,53,157,52,662,51,2058,50,250,49,170,48,0,47,0,46,0,45,0,44,500,43,0,9206,3797
1773708287,54,53,54,821,55,2354,56,5505,57,25,58,0,59,0,60,1,61,0,62,0,63,0,64,500,53,157,52,662,51,2058,50,250,49,170,48,0,47,0,46,0,45,0,44,500,43,0,9206,3797
1773708288,54,53,54,821,55,2354,56,5505,57,25,58,0,59,0,60,1,61,0,62,0,63,0,64,500,53,157,52,662,51,2058,50,250,49,170,48,0,47,0,46,0,45,0,44,500,43,0,9206,3797
1773708289,54,53,54,821,55,2354,56,5505,57,25,58,0,59,0,60,1,61,0,62,0,63,0,64,500,53,157,52,662,51,2058,50,250,49,170,48,0,47,0,46,0,45,0,44,500,43,0,9206,3797
1773708290,54,53,54,821,55,2354,56,5505,57,25,58,0,59,0,60,1,61,37,62,0,63,0,64,500,53,157,52,662,51,2058,50,287,49,170,48,0,47,0,46,0,45,1125,44,500,43,0,9243,4959
1773708291,54,53,54,821,55,2354,56,5505,57,25,58,0,59,0,60,1,61,37,62,411,63,0,64,500,53,157,52,662,51,2058,50,287,49,170,48,0,47,0,46,0,45,1125,44,500,43,0,9654,4959
1773708292,54,53,54,821,55,2354,56,5505,57,25,58,0,59,0,60,1,61,37,62,411,63,0,64,500,53,157,52,662,51,2058,50,287,49,170,48,0,47,0,46,0,45,1125,44,500,43,0,9654,4959
1773708293,54,53,54,821,55,2354,56,5505,57,25,58,0,59,0,60,1,61,37,62,411,63,0,64,500,53,157,52,662,51,2058,50,287,49,170,48,0,47,0,46,0,45,1125,44,500,43,0,9654,4959
1773708294,54,53,54,821,55,2354,56,5505,57,25,58,0,59,0,60,1,61,37,62,411,63,0,64,500,53,157,52,662,51,2058,50,287,49,170,48,0,47,0,46,0,45,1125,44,500,43,0,9654,4959
1773708295,54,53,54,821,55,2354,56,5505,57,25,58,0,59,0,60,1,61,37,62,411,63,0,64,500,53,157,52,662,51,2058,50,287,49,170,48,0,47,0,46,0,45,1125,44,500,43,0,9654,4959
1773708296,54,53,54,821,55,2354,56,5505,57,25,58,0,59,0,60,1,61,37,62,411,63,0,64,500,53,157,52,662,51,2058,50,287,49,170,48,0,47,0,46,0,45,1125,44,500,43,0,9654,4959
1773708297,54,53,54,821,55,2354,56,5505,57,25,58,0,59,0,60,1,61,37,62,411,63,0,64,500,53,157,52,662,51,2058,50,287,49,170,48,0,47,0,46,0,45,1125,44,500,43,0,9654,4959
1773708298,54,53,54,821,55,2354,56,5505,57,25,58,0,59,0,60,1,61,37,62,411,63,0,64,500,53,157,52,662,51,2058,50,287,49,170,48,0,47,0,46,0,45,1125,44,500,43,0,9654,4959
1773708299,54,53,54,821,55,2354,56,5505,57,25,58,0,59,0,60,451,61,37,62,411,63,0,64,500,53,157,52,662,51,2058,50,287,49,170,48,0,47,0,46,0,45,1125,44,500,43,0,10104,4959
1773708300,54,53,54,821,55,2354,56,5505,57,25,58,0,59,0,60,451,61,37,62,411,63,0,64,500,53,157,52,662,51,2058,50,287,49,170,48,0,47,225,46,0,45,1125,44,500,43,0,10104,5184
1773708301,54,53,54,821,55,2354,56,5505,57,25,58,0,59,0,60,451,61,37,62,411,63,0,64,500,53,157,52,662,51,2058,50,287,49,170,48,0,47,225,46,0,45,1125,44,500,43,0,10104,5184
1773708302,54,53,54,821,55,2354,56,5505,57,25,58,0,59,0,60,451,61,37,62,411,63,0,64,500,53,157,52,662,51,2058,50,287,49,170,48,0,47,225,46,0,45,1125,44,500,43,0,10104,5184
1773708303,54,53,54,821,55,2354,56,5505,57,25,58,0,59,0,60,451,61,37,62,411,63,0,64,500,53,157,52,662,51,2058,50,287,49,170,48,0,47,225,46,0,45,1125,44,500,43,0,10104,5184
1773708304,54,53,54,821,55,2354,56,5505,57,25,58,0,59,0,60,451,61,37,62,411,63,0,64,500,53,157,52,662,51,2058,50,287,49,170,48,0,47,225,46,0,45,1125,44,500,43,0,10104,5184
1773708305,54,53,54,821,55,2354,56,5505,57,25,58,0,59,0,60,451,61,37,62,411,63,0,64,500,53,157,52,662,51,2058,50,287,49,170,48,0,47,225,46,0,45,1125,44,500,43,0,10104,5184
1773708306,54,53,54,821,55,2354,56,5505,57,25,58,0,59,0,60,451,61,37,62,411,63,0,64,500,53,157,52,662,51,2058,50,287,49,170,48,0,47,225,46,0,45,1125,44,500,43,0,10104,5184
1773708307,54,53,54,821,55,2354,56,5505,57,25,58,0,59,0,60,451,61,37,62,411,63,0,64,500,53,157,52,662,51,2058,50,287,49,170,48,0,47,225,46,0,45,1125,44,500,43,0,10104,5184
1773708308,54,53,54,821,55,2354,56,5505,57,25,58,0,59,0,60,451,61,37,62,411,63,0,64,500,53,157,52,662,51,2058,50,287,49,170,48,0,47,225,46,0,45,1125,44,500,43,0,10104,5184
1773708309,54,53,54,821,55,2354,56,5505,57,25,58,0,59,0,60,1,61,37,62,411,63,0,64,500,53,157,52,662,51,2058,50,287,49,170,48,0,47,0,46,0,45,1125,44,500,43,0,9654,4959
1773708310,54,53,54,821,55,2354,56,5505,57,25,58,0,59,0,60,1,61,37,62,411,63,0,64,500,53,157,52,662,51,2058,50,287,49,170,48,0,47,0,46,0,45,1125,44,500,43,0,9654,4959
1773708311,54,53,54,821,55,2354,56,5505,57,25,58,0,59,0,60,1,61,37,62,411,63,0,64,500,53,157,52,662,51,2058,50,287,49,170,48,0,47,0,46,0,45,1125,44,500,43,0,9654,4959
1773708312,54,53,54,821,55,2354,56,5505,57,25,58,0,59,0,60,1,61,37,62,411,63,0,64,500,53,157,52,662,51,2058,50,287,49,170,48,0,47,0,46,0,45,0,44,1618,43,0,9654,4952
1773708313,54,53,54,821,55,2354,56,5505,57,25,58,0,59,0,60,1,61,37,62,411,63,0,64,500,53,157,52,662,51,2058,50,287,49,170,48,0,47,0,46,0,45,0,44,1618,43,0,9654,4952
1773708314,54,53,54,821,55,2354,56,5505,57,25,58,0,59,0,60,1,61,37,62,411,63,0,64,500,53,157,52,662,51,2058,50,287,49,170,48,0,47,0,46,0,45,0,44,1618,43,0,9654,4952
1773708315,54,53,54,821,55,2354,56,5505,57,25,58,0,59,0,60,1,61,37,62,411,63,0,64,500,53,157,52,662,51,2058,50,287,49,170,48,0,47,0,46,0,45,0,44,1618,43,0,9654,4952
1773708316,54,53,54,821,55,2354,56,5505,57,25,58,0,59,0,60,1,61,37,62,411,63,0,64,500,53,157,52,662,51,2058,50,287,49,170,48,0,47,0,46,0,45,0,44,1618,43,0,9654,4952
1773708317,54,53,54,858,55,4354,56,3505,57,25,58,0,59,0,60,1,61,37,62,0,63,1680,64,500,53,157,52,662,51,58,50,2277,49,170,48,0,47,0,46,0,45,0,44,1618,43,0,10960,4942
1773708318,54,53,54,858,55,4354,56,3505,57,25,58,0,59,0,60,1,61,37,62,0,63,1680,64,500,53,157,52,662,51,58,50,2277,49,170,48,0,47,0,46,0,45,0,44,1618,43,0,10960,4942
1773708319,54,53,54,858,55,4354,56,3505,57,25,58,0,59,0,60,1,61,37,62,0,63,1680,64,500,53,157,52,662,51,58,50,2277,49,170,48,0,47,0,46,0,45,0,44,1618,43,0,10960,4942
1773708320,54,53,54,858,55,4354,56,3505,57,25,58,0,59,0,60,1,61,37,62,0,63,1680,64,500,53,157,52,662,51,58,50,2277,49,170,48,0,47,0,46,0,45,0,44,1618,43,0,10960,4942
1773708321,54,53,54,858,55,4354,56,3505,57,25,58,0,59,0,60,1,61,37,62,0,63,1680,64,500,53,157,52,662,51,58,50,2277,49,170,48,0,47,0,46,0,45,0,44,1618,43,0,10960,4942
1773708322,54,53,54,858,55,4354,56,3505,57,25,58,0,59,0,60,1,61,37,62,0,63,1680,64,500,53,157,52,662,51,58,50,2277,49,170,48,0,47,0,46,0,45,0,44,1618,43,0,10960,4942
1773708323,54,53,54,858,55,4354,56,3505,57,25,58,0,59,0,60,1,61,37,62,0,63,1680,64,500,53,157,52,662,51,58,50,2277,49,170,48,0,47,0,46,0,45,0,44,1618,43,0,10960,4942
1773708324,54,53,54,858,55,4354,56,3505,57,25,58,0,59,0,60,1,61,37,62,0,63,1680,64,500,53,157,52,662,51,58,50,2277,49,170,48,0,47,0,46,0,45,0,44,1618,43,0,10960,4942
1773708325,54,53,54,858,55,4354,56,3505,57,25,58,0,59,0,60,1,61,37,62,0,63,1680,64,500,53,157,52,662,51,58,50,2277,49,170,48,0,47,0,46,0,45,0,44,1618,43,0,10960,4942
1773708326,54,53,54,858,55,4354,56,3505,57,25,58,0,59,0,60,1,61,37,62,0,63,1680,64,500,53,157,52,662,51,58,50,2277,49,170,48,0,47,0,46,0,45,0,44,1618,43,0,10960,4942
1773708327,54,53,54,858,55,4354,56,3505,57,25,58,0,59,0,60,1,61,37,62,0,63,1680,64,500,53,157,52,662,51,58,50,2277,49,170,48,0,47,0,46,0,45,0,44,1618,43,0,10960,4942
1773708328,54,53,54,858,55,4354,56,3505,57,25,58,0,59,0,60,1,61,37,62,0,63,1680,64,500,53,157,52,662,51,58,50,2277,49,170,48,0,47,0,46,0,45,0,44,1618,43,0,10960,4942
1773708329,54,53,54,858,55,4354,56,3505,57,25,58,0,59,0,60,1,61,37,62,0,63,1680,64,500,53,157,52,662,51,58,50,2277,49,170,48,0,47,0,46,0,45,0,44,1618,43,0,10960,4942
1773708330,54,53,54,858,55,4354,56,3505,57,25,58,0,59,0,60,1,61,37,62,0,63,1680,64,500,53,157,52,662,51,58,50,2277,49,170,48,0,47,0,46,0,45,0,44,1618,43,0,10960,4942
1773708331,54,53,54,858,55,4354,56,3505,57,25,58,0,59,0,60,1,61,37,62,0,63,1680,64,500,53,157,52,662,51,58,50,2277,49,170,48,0,47,0,46,0,45,0,44,1618,43,0,10960,4942
1773708332,54,53,54,858,55,4354,56,3505,57,25,58,0,59,0,60,1,61,37,62,0,63,1680,64,500,53,157,52,662,51,58,50,2277,49,170,48,0,47,0,46,0,45,0,44,1618,43,0,10960,4942
1773708333,54,53,54,858,55,4354,56,3505,57,25,58,0,59,0,60,1,61,37,62,0,63,1680,64,500,53,157,52,662,51,58,50,2277,49,170,48,0,47,0,46,0,45,0,44,1618,43,0,10960,4942
1773708334,54,53,54,858,55,4354,56,3505,57,25,58,0,59,0,60,1,61,37,62,0,63,1680,64,500,53,157,52,662,51,58,50,2277,49,170,48,0,47,0,46,0,45,0,44,1618,43,0,10960,4942
1773708335,54,53,54,858,55,4354,56,3505,57,25,58,0,59,0,60,1,61,37,62,0,63,1680,64,500,53,157,52,662,51,58,50,2277,49,170,48,0,47,0,46,0,45,0,44,1618,43,0,10960,4942
1773708336,54,53,54,858,55,4354,56,3505,57,25,58,0,59,0,60,1,61,37,62,0,63,1680,64,500,53,157,52,662,51,58,50,2277,49,170,48,0,47,0,46,0,45,0,44,1618,43,0,10960,4942
1773708337,54,53,54,858,55,4354,56,3505,57,25,58,0,59,0,60,1,61,37,62,0,63,1680,64,500,53,157,52,662,51,58,50,2277,49,170,48,0,47,0,46,0,45,0,44,1618,43,0,10960,4942
1773708338,54,53,54,858,55,4354,56,3505,57,25,58,0,59,0,60,1,61,37,62,0,63,1680,64,500,53,157,52,662,51,58,50,2277,49,170,48,0,47,0,46,0,45,0,44,1618,43,0,10960,4942
1773708339,54,53,54,858,55,4354,56,3505,57,25,58,0,59,0,60,1,61,37,62,0,63,1680,64,500,53,157,52,662,51,58,50,2277,49,170,48,0,47,0,46,0,45,0,44,1618,43,0,10960,4942
1773708340,54,53,54,858,55,4354,56,3505,57,25,58,0,59,0,60,1,61,37,62,0,63,1680,64,500,53,157,52,662,51,58,50,2277,49,170,48,0,47,0,46,0,45,0,44,1618,43,0,10960,4942
1773708341,54,53,54,858,55,4354,56,3505,57,25,58,0,59,0,60,1,61,37,62,0,63,1680,64,500,53,157,52,662,51,58,50,2277,49,170,48,0,47,0,46,0,45,0,44,1618,43,0,10960,4942
1773708342,54,53,54,858,55,4354,56,3505,57,25,58,0,59,0,60,1,61,37,62,0,63,1680,64,500,53,157,52,662,51,58,50,2277,49,170,48,0,47,0,46,0,45,0,44,1618,43,0,10960,4942
1773708343,54,53,54,858,55,4354,56,3505,57,25,58,0,59,0,60,1,61,37,62,0,63,1680,64,500,53,157,52,662,51,58,50,2277,49,170,48,0,47,0,46,0,45,0,44,1618,43,0,10960,4942
1773708344,54,53,54,858,55,4354,56,3505,57,25,58,0,59,0,60,1,61,37,62,0,63,1680,64,500,53,157,52,662,51,58,50,2277,49,170,48,0,47,0,46,0,45,0,44,1618,43,0,10960,4942
1773708345,54,53,54,858,55,4354,56,3505,57,25,58,0,59,0,60,1,61,37,62,0,63,1680,64,500,53,157,52,662,51,58,50,2277,49,170,48,0,47,0,46,0,45,0,44,1618,43,0,10960,4942
1773708346,54,53,54,858,55,4354,56,3505,57,25,58,0,59,0,60,1,61,37,62,0,63,1680,64,500,53,157,52,662,51,58,50,2277,49,170,48,0,47,0,46,0,45,0,44,1618,43,0,10960,4942
1773708347,54,53,54,858,55,4354,56,3505,57,25,58,0,59,0,60,1,61,37,62,0,63,1680,64,500,53,157,52,662,51,630,50,2272,49,170,48,0,47,0,46,0,45,0,44,1618,43,0,10960,5509
1773708348,54,53,54,858,55,4354,56,3505,57,25,58,0,59,0,60,1,61,37,62,0,63,1680,64,500,53,157,52,662,51,630,50,2272,49,170,48,0,47,0,46,0,45,0,44,1618,43,0,10960,5509
1773708349,54,53,54,858,55,4354,56,3505,57,25,58,0,59,0,60,1,61,37,62,0,63,1680,64,500,53,157,52,662,51,630,50,2272,49,170,48,0,47,0,46,0,45,0,44,1618,43,0,10960,5509
1773708350,54,53,54,858,55,4354,56,3505,57,25,58,0,59,0,60,1,61,37,62,0,63,1680,64,500,53,157,52,662,51,630,50,2272,49,170,48,0,47,0,46,0,45,0,44,1618,43,0,10960,5509
1773708351,54,53,54,858,55,4354,56,3505,57,25,58,0,59,0,60,1,61,37,62,0,63,1680,64,500,53,157,52,662,51,630,50,2272,49,170,48,0,47,0,46,0,45,0,44,1604,43,0,10960,5495
1773708352,54,53,54,858,55,4354,56,3505,57,25,58,0,59,0,60,1,61,37,62,0,63,1680,64,500,53,157,52,662,51,630,50,2272,49,170,48,0,47,0,46,0,45,0,44,1604,43,0,10960,5495
1773708353,54,53,54,858,55,4354,56,3505,57,25,58,0,59,0,60,451,61,37,62,0,63,1680,64,500,53,157,52,662,51,630,50,2272,49,170,48,0,47,225,46,0,45,0,44,1604,43,0,11410,5720
1773708354,54,53,54,858,55,4354,56,3505,57,25,58,0,59,0,60,451,61,37,62,0,63,1680,64,500,53,157,52,662,51,630,50,2272,49,170,48,0,47,225,46,0,45,0,44,1604,43,0,11410,5720
1773708355,54,53,54,858,55,4354,56,3505,57,25,58,0,59,0,60,451,61,37,62,0,63,1680,64,500,53,157,52,662,51,630,50,2272,49,170,48,0,47,225,46,0,45,0,44,1604,43,0,11410,5720
1773708356,54,53,54,858,55,4354,56,3505,57,25,58,0,59,0,60,451,61,37,62,0,63,1680,64,500,53,157,52,662,51,630,50,2272,49,170,48,0,47,225,46,0,45,0,44,1604,43,0,11410,5720
1773708357,54,53,54,858,55,4354,56,3505,57,25,58,0,59,0,60,451,61,37,62,0,63,1680,64,500,53,157,52,662,51,630,50,2272,49,170,48,0,47,225,46,0,45,0,44,1604,43,0,11410,5720
1773708358,54,53,54,858,55,4354,56,3505,57,25,58,0,59,0,60,451,61,37,62,0,63,1680,64,500,53,157,52,662,51,630,50,2272,49,170,48,0,47,225,46,0,45,0,44,1604,43,0,11410,5720
1773708359,54,53,54,858,55,4354,56,3505,57,25,58,0,59,0,60,451,61,37,62,0,63,1680,64,500,53,157,52,662,51,630,50,2272,49,170,48,0,47,225,46,0,45,0,44,1604,43,0,11410,5720
1773708360,54,53,54,858,55,4354,56,3505,57,25,58,0,59,0,60,451,61,37,62,0,63,1680,64,500,53,157,52,662,51,630,50,2272,49,170,48,0,47,225,46,0,45,0,44,1604,43,0,11410,5720
1773708361,54,53,54,858,55,4354,56,3505,57,25,58,0,59,0,60,451,61,37,62,0,63,1680,64,500,53,157,52,662,51,630,50,2272,49,170,48,0,47,225,46,0,45,0,44,1604,43,0,11410,5720
1773708362,54,53,54,858,55,4354,56,3505,57,25,58,0,59,0,60,451,61,37,62,0,63,1680,64,500,53,157,52,662,51,630,50,2272,49,170,48,0,47,225,46,0,45,0,44,1604,43,0,11410,5720
1773708363,54,53,54,858,55,4354,56,3505,57,25,58,0,59,0,60,451,61,37,62,0,63,1680,64,500,53,157,52,662,51,630,50,2272,49,170,48,0,47,225,46,0,45,0,44,1604,43,0,11410,5720
1773708364,54,53,54,858,55,4354,56,3505,57,25,58,0,59,0,60,451,61,37,62,0,63,1680,64,500,53,157,52,662,51,630,50,2272,49,170,48,0,47,225,46,0,45,0,44,1604,43,0,11410,5720
1773708365,54,53,54,858,55,4354,56,3505,57,25,58,0,59,0,60,451,61,37,62,0,63,1680,64,500,53,157,52,662,51,630,50,2272,49,170,48,0,47,225,46,0,45,0,44,1604,43,0,11410,5720
1773708366,54,53,54,858,55,4354,56,3505,57,25,58,0,59,0,60,451,61,37,62,0,63,1680,64,500,53,157,52,662,51,630,50,2272,49,170,48,0,47,225,46,0,45,0,44,1604,43,0,11410,5720
1773708367,54,53,54,858,55,4354,56,3505,57,25,58,0,59,0,60,451,61,37,62,0,63,1680,64,500,53,157,52,662,51,630,50,2272,49,170,48,0,47,225,46,0,45,0,44,1604,43,0,11410,5720
1773708368,54,53,54,858,55,4354,56,3505,57,25,58,0,59,0,60,451,61,37,62,0,63,1680,64,500,53,157,52,662,51,630,50,2272,49,170,48,0,47,225,46,0,45,0,44,1604,43,0,11410,5720
1773708369,54,53,54,858,55,4354,56,3505,57,25,58,0,59,0,60,451,61,37,62,0,63,1680,64,500,53,157,52,662,51,630,50,2272,49,170,48,0,47,225,46,0,45,0,44,1604,43,0,11410,5720
1773708370,54,53,54,858,55,4354,56,3505,57,25,58,0,59,0,60,451,61,37,62,0,63,1680,64,500,53,157,52,662,51,630,50,2272,49,170,48,0,47,225,46,0,45,0,44,1604,43,0,11410,5720
1773708371,54,53,54,858,55,4354,56,3505,57,25,58,0,59,0,60,451,61,37,62,0,63,1680,64,500,53,157,52,662,51,630,50,2272,49,170,48,0,47,225,46,0,45,0,44,1604,43,0,11410,5720
1773708372,54,53,54,858,55,4354,56,3505,57,25,58,0,59,0,60,451,61,37,62,0,63,1680,64,500,53,157,52,662,51,630,50,2272,49,170,48,0,47,225,46,0,45,0,44,1604,43,0,11410,5720
1773708373,54,53,54,858,55,4354,56,3505,57,25,58,0,59,0,60,451,61,37,62,0,63,1680,64,500,53,157,52,662,51,630,50,2272,49,170,48,0,47,225,46,0,45,0,44,1604,43,0,11410,5720
1773708374,54,53,54,858,55,4354,56,3505,57,25,58,0,59,0,60,451,61,37,62,0,63,1680,64,500,53,157,52,662,51,630,50,2272,49,170,48,0,47,225,46,0,45,0,44,1604,43,0,11410,5720
1773708375,54,53,54,858,55,4354,56,3505,57,25,58,0,59,0,60,451,61,37,62,0,63,1680,64,500,53,157,52,662,51,630,50,2272,49,170,48,0,47,225,46,0,45,0,44,1604,43,0,11410,5720
1773708376,54,53,54,858,55,4354,56,3505,57,25,58,0,59,0,60,451,61,37,62,0,63,1680,64,500,53,157,52,662,51,630,50,2272,49,170,48,0,47,225,46,0,45,0,44,1604,43,0,11410,5720
1773708377,54,53,54,858,55,4354,56,3505,57,25,58,0,59,0,60,451,61,37,62,0,63,1680,64,500,53,157,52,662,51,630,50,2272,49,170,48,0,47,225,46,0,45,0,44,1604,43,0,11410,5720
1773708378,54,53,54,858,55,4354,56,3505,57,25,58,0,59,0,60,451,61,37,62,0,63,1680,64,500,53,157,52,662,51,630,50,2272,49,170,48,0,47,225,46,0,45,0,44,1604,43,0,11410,5720
1773708379,54,53,54,858,55,4354,56,3505,57,25,58,0,59,0,60,451,61,37,62,0,63,1680,64,500,53,157,52,662,51,630,50,2272,49,170,48,0,47,225,46,0,45,0,44,1604,43,0,11410,5720
1773708380,54,53,54,858,55,4354,56,3505,57,25,58,0,59,0,60,451,61,37,62,0,63,1680,64,500,53,157,52,662,51,630,50,2272,49,170,48,0,47,225,46,0,45,0,44,1604,43,0,11410,5720
1773708381,54,53,54,858,55,4354,56,3505,57,25,58,0,59,0,60,451,61,37,62,0,63,1680,64,500,53,157,52,662,51,630,50,2272,49,170,48,0,47,225,46,0,45,0,44,1604,43,0,11410,5720
1773708382,54,53,54,858,55,4354,56,3505,57,25,58,0,59,0,60,451,61,37,62,0,63,1680,64,500,53,157,52,662,51,630,50,2272,49,170,48,0,47,225,46,0,45,0,44,1604,43,0,11410,5720
1773708383,54,53,54,858,55,4354,56,3505,57,25,58,0,59,0,60,451,61,37,62,0,63,1680,64,500,53,157,52,662,51,630,50,2272,49,170,48,0,47,225,46,0,45,0,44,1604,43,0,11410,5720
1773708384,54,53,54,858,55,4354,56,3505,57,25,58,0,59,0,60,451,61,37,62,0,63,1680,64,500,53,157,52,662,51,630,50,2272,49,170,48,0,47,225,46,0,45,0,44,1604,43,0,11410,5720
1773708385,54,53,54,858,55,4354,56,3505,57,25,58,0,59,0,60,451,61,37,62,0,63,1680,64,500,53,157,52,662,51,630,50,2272,49,170,48,0,47,225,46,0,45,0,44,1604,43,0,11410,5720
1773708386,54,53,54,858,55,4354,56,3505,57,25,58,0,59,0,60,451,61,37,62,0,63,1680,64,500,53,157,52,662,51,630,50,2272,49,170,48,0,47,225,46,0,45,0,44,1604,43,0,11410,5720
1773708387,54,53,54,858,55,4354,56,3505,57,25,58,0,59,0,60,451,61,37,62,0,63,1680,64,500,53,157,52,662,51,630,50,2272,49,170,48,0,47,225,46,0,45,0,44,1604,43,0,11410,5720
1773708388,54,53,54,858,55,4354,56,3505,57,25,58,0,59,0,60,451,61,37,62,0,63,1680,64,500,53,157,52,662,51,630,50,2272,49,170,48,0,47,225,46,0,45,0,44,1604,43,0,11410,5720
1773708389,54,53,54,858,55,4354,56,3505,57,25,58,0,59,0,60,451,61,37,62,0,63,1680,64,500,53,157,52,662,51,630,50,2272,49,170,48,0,47,225,46,0,45,0,44,1604,43,0,11410,5720
1773708390,54,53,54,858,55,4354,56,3505,57,25,58,0,59,0,60,451,61,37,62,0,63,1680,64,500,53,157,52,662,51,630,50,2272,49,170,48,0,47,225,46,0,45,0,44,1604,43,0,11410,5720
1773708391,54,53,54,858,55,4354,56,3505,57,25,58,0,59,0,60,451,61,37,62,0,63,1680,64,500,53,157,52,662,51,630,50,2272,49,170,48,0,47,225,46,0,45,0,44,1604,43,0,11410,5720
1773708392,54,53,54,858,55,4354,56,3505,57,25,58,0,59,0,60,451,61,37,62,0,63,1680,64,500,53,157,52,662,51,630,50,2272,49,170,48,0,47,225,46,0,45,0,44,1604,43,0,11410,5720
1773708393,54,53,54,858,55,4354,56,3505,57,25,58,0,59,0,60,451,61,37,62,0,63,1680,64,500,53,157,52,662,51,630,50,2272,49,170,48,0,47,225,46,0,45,0,44,1604,43,0,11410,5720
1773708394,54,53,54,858,55,4354,56,3505,57,25,58,0,59,0,60,451,61,37,62,0,63,1680,64,500,53,157,52,662,51,630,50,2272,49,170,48,0,47,225,46,0,45,0,44,1604,43,0,11410,5720
1773708395,54,53,54,858,55,4354,56,3505,57,25,58,0,59,0,60,451,61,37,62,0,63,1680,64,500,53,157,52,662,51,630,50,2272,49,170,48,0,47,225,46,0,45,0,44,1604,43,0,11410,5720
1773708396,54,53,54,858,55,4354,56,3505,57,25,58,0,59,0,60,451,61,37,62,0,63,1680,64,500,53,157,52,662,51,630,50,2272,49,170,48,0,47,225,46,0,45,0,44,1604,43,0,11410,5720
1773708397,54,53,54,858,55,4354,56,3505,57,25,58,0,59,0,60,451,61,37,62,0,63,1680,64,500,53,157,52,662,51,630,50,2272,49,170,48,0,47,225,46,0,45,0,44,1604,43,0,11410,5720
1773708398,54,53,54,858,55,4354,56,3505,57,25,58,0,59,0,60,451,61,37,62,0,63,1680,64,500,53,157,52,662,51,630,50,2272,49,170,48,0,47,225,46,0,45,0,44,1604,43,0,11410,5720
1773708399,54,53,54,858,55,4354,56,3505,57,25,58,0,59,0,60,451,61,37,62,0,63,1680,64,500,53,157,52,662,51,630,50,2272,49,170,48,0,47,225,46,0,45,0,44,1604,43,0,11410,5720
1773708400,54,53,54,858,55,4354,56,3505,57,25,58,0,59,0,60,451,61,37,62,0,63,1680,64,500,53,157,52,662,51,630,50,2272,49,170,48,0,47,225,46,0,45,0,44,1604,43,0,11410,5720
1773708401,54,53,54,858,55,4354,56,3505,57,25,58,0,59,0,60,451,61,37,62,0,63,1680,64,500,53,157,52,662,51,630,50,2272,49,170,48,0,47,225,46,0,45,0,44,1604,43,0,11410,5720
1773708402,54,53,54,858,55,4354,56,3505,57,25,58,0,59,0,60,451,61,37,62,0,63,1680,64,500,53,157,52,662,51,630,50,2272,49,170,48,0,47,225,46,0,45,0,44,1604,43,0,11410,5720
1773708403,54,53,54,858,55,4354,56,3505,57,25,58,0,59,0,60,451,61,37,62,0,63,1680,64,500,53,157,52,662,51,630,50,2272,49,170,48,0,47,225,46,0,45,0,44,1604,43,0,11410,5720
1773708404,54,53,54,858,55,4354,56,3505,57,25,58,0,59,0,60,451,61,37,62,0,63,1680,64,500,53,157,52,662,51,630,50,2272,49,170,48,0,47,225,46,0,45,0,44,1604,43,0,11410,5720
1773708405,54,53,54,858,55,4354,56,3505,57,25,58,0,59,0,60,451,61,37,62,0,63,1680,64,500,53,157,52,662,51,630,50,2272,49,170,48,0,47,225,46,0,45,0,44,1604,43,0,11410,5720
1773708406,54,53,54,858,55,4354,56,3505,57,25,58,0,59,0,60,451,61,37,62,0,63,1680,64,500,53,157,52,662,51,630,50,2272,49,170,48,0,47,225,46,0,45,0,44,1604,43,0,11410,5720
1773708407,54,53,54,858,55,4354,56,3505,57,25,58,0,59,0,60,451,61,37,62,0,63,1680,64,500,53,157,52,662,51,630,50,2272,49,170,48,0,47,225,46,0,45,0,44,1604,43,0,11410,5720
1773708408,54,53,54,858,55,4354,56,3505,57,25,58,0,59,0,60,451,61,37,62,0,63,1680,64,500,53,157,52,662,51,630,50,2272,49,170,48,0,47,225,46,0,45,0,44,1604,43,0,11410,5720
1773708409,54,53,54,858,55,4354,56,3505,57,25,58,0,59,0,60,451,61,37,62,0,63,1680,64,500,53,157,52,662,51,630,50,2272,49,170,48,0,47,225,46,0,45,0,44,1604,43,0,11410,5720
1773708410,54,53,54,858,55,4354,56,3505,57,25,58,0,59,0,60,451,61,37,62,0,63,1680,64,500,53,157,52,662,51,630,50,2272,49,170,48,0,47,225,46,0,45,0,44,1604,43,0,11410,5720
1773708411,54,53,54,858,55,4354,56,3505,57,25,58,0,59,0,60,451,61,37,62,0,63,1680,64,500,53,157,52,662,51,630,50,2272,49,170,48,0,47,225,46,0,45,0,44,1604,43,0,11410,5720
1773708412,54,53,54,858,55,4354,56,3505,57,25,58,0,59,0,60,451,61,37,62,0,63,1680,64,500,53,157,52,662,51,630,50,2272,49,170,48,0,47,225,46,0,45,0,44,1604,43,0,11410,5720
1773708413,54,53,54,858,55,4354,56,3505,57,25,58,0,59,0,60,451,61,37,62,0,63,1680,64,500,53,157,52,662,51,630,50,2272,49,170,48,0,47,225,46,0,45,0,44,1604,43,0,11410,5720
1773708414,54,53,54,858,55,4354,56,3505,57,25,58,0,59,0,60,451,61,37,62,0,63,1680,64,500,53,157,52,662,51,630,50,2272,49,170,48,0,47,225,46,0,45,0,44,1604,43,0,11410,5720
1773708415,54,53,54,858,55,4354,56,3505,57,25,58,0,59,0,60,451,61,37,62,0,63,1680,64,500,53,157,52,662,51,630,50,2272,49,170,48,0,47,225,46,0,45,0,44,1604,43,0,11410,5720
1773708416,54,53,54,858,55,4354,56,3505,57,25,58,0,59,0,60,451,61,37,62,0,63,1680,64,500,53,157,52,662,51,630,50,2272,49,170,48,0,47,225,46,0,45,0,44,1604,43,0,11410,5720
1773708417,54,53,54,858,55,4354,56,3505,57,25,58,0,59,0,60,451,61,37,62,0,63,1680,64,500,53,157,52,662,51,630,50,2272,49,170,48,0,47,225,46,0,45,0,44,1604,43,0,11410,5720
1773708418,54,53,54,858,55,4354,56,3505,57,25,58,0,59,0,60,451,61,37,62,0,63,1680,64,500,53,157,52,662,51,630,50,2272,49,170,48,0,47,225,46,0,45,0,44,1604,43,0,11410,5720
1773708419,54,53,54,858,55,4354,56,3505,57,25,58,0,59,0,60,451,61,37,62,0,63,1680,64,500,53,157,52,662,51,630,50,2272,49,170,48,0,47,225,46,0,45,0,44,1604,43,0,11410,5720
1773708420,54,53,54,858,55,4354,56,3505,57,25,58,0,59,0,60,451,61,37,62,0,63,1680,64,500,53,157,52,662,51,630,50,2272,49,170,48,0,47,225,46,0,45,0,44,1604,43,0,11410,5720
1773708421,54,53,54,858,55,4354,56,3505,57,25,58,0,59,0,60,451,61,37,62,0,63,1680,64,500,53,157,52,662,51,630,50,2272,49,170,48,0,47,225,46,0,45,0,44,1604,43,0,11410,5720
1773708422,54,53,54,858,55,4354,56,3505,57,25,58,0,59,0,60,451,61,37,62,0,63,1680,64,500,53,157,52,662,51,630,50,2272,49,170,48,0,47,225,46,0,45,0,44,1604,43,0,11410,5720
1773708423,54,53,54,858,55,4354,56,3505,57,25,58,0,59,0,60,451,61,37,62,0,63,1680,64,500,53,157,52,662,51,630,50,2272,49,170,48,0,47,225,46,0,45,0,44,1604,43,0,11410,5720
1773708424,54,53,54,858,55,4354,56,3505,57,25,58,0,59,0,60,451,61,37,62,0,63,1680,64,500,53,157,52,662,51,630,50,2272,49,170,48,0,47,225,46,0,45,0,44,1604,43,0,11410,5720
1773708425,54,53,54,858,55,4354,56,3505,57,25,58,0,59,0,60,451,61,37,62,0,63,1680,64,500,53,157,52,662,51,630,50,2272,49,170,48,0,47,225,46,0,45,0,44,1604,43,0,11410,5720
1773708426,54,53,54,858,55,4354,56,3505,57,25,58,0,59,0,60,451,61,37,62,0,63,1680,64,500,53,157,52,662,51,630,50,2272,49,170,48,0,47,225,46,0,45,0,44,1604,43,0,11410,5720
1773708427,54,53,54,928,55,4354,56,3505,57,25,58,0,59,0,60,451,61,37,62,0,63,1680,64,500,53,157,52,662,51,630,50,2272,49,170,48,0,47,225,46,0,45,0,44,1568,43,0,11480,5684
1773708428,54,53,54,928,55,4354,56,3505,57,25,58,0,59,0,60,451,61,37,62,0,63,1680,64,500,53,157,52,662,51,630,50,2272,49,170,48,0,47,225,46,0,45,0,44,1568,43,0,11480,5684
1773708429,54,53,54,928,55,4354,56,3505,57,25,58,0,59,0,60,451,61,37,62,0,63,1680,64,500,53,157,52,662,51,630,50,2272,49,170,48,0,47,225,46,0,45,0,44,1568,43,0,11480,5684
1773708430,54,53,54,928,55,4354,56,3505,57,25,58,0,59,0,60,451,61,37,62,0,63,1680,64,500,53,157,52,662,51,630,50,2272,49,170,48,0,47,225,46,0,45,0,44,1568,43,0,11480,5684
1773708431,54,53,54,928,55,4354,56,3505,57,25,58,0,59,0,60,451,61,37,62,0,63,1680,64,500,53,157,52,662,51,630,50,2272,49,170,48,0,47,225,46,0,45,0,44,1568,43,0,11480,5684
1773708432,54,53,54,928,55,4354,56,3505,57,25,58,0,59,0,60,451,61,37,62,0,63,1680,64,500,53,157,52,662,51,630,50,2272,49,170,48,0,47,225,46,0,45,0,44,1568,43,0,11480,5684
1773708433,54,53,54,928,55,4354,56,3505,57,25,58,0,59,0,60,451,61,37,62,0,63,1680,64,500,53,157,52,662,51,630,50,2272,49,170,48,0,47,225,46,0,45,0,44,1568,43,0,11480,5684
1773708434,54,53,54,928,55,4354,56,3505,57,25,58,0,59,0,60,451,61,37,62,0,63,1680,64,500,53,157,52,662,51,630,50,2272,49,170,48,0,47,225,46,0,45,0,44,1568,43,0,11480,5684
1773708435,54,53,54,928,55,4354,56,3505,57,25,58,0,59,0,60,451,61,37,62,0,63,1680,64,500,53,157,52,662,51,630,50,2272,49,170,48,0,47,225,46,0,45,0,44,1568,43,0,11480,5684
1773708436,54,53,54,928,55,4354,56,3505,57,25,58,0,59,0,60,451,61,37,62,0,63,1680,64,500,53,157,52,662,51,630,50,2272,49,170,48,0,47,225,46,0,45,0,44,1568,43,0,11480,5684
1773708437,54,53,54,928,55,4354,56,3505,57,25,58,0,59,0,60,451,61,37,62,0,63,1680,64,500,53,157,52,662,51,630,50,2272,49,170,48,0,47,225,46,0,45,0,44,1568,43,0,11480,5684
1773708438,55,54,55,4354,56,3793,57,25,58,0,59,0,60,451,61,37,62,0,63,1680,64,500,65,4,54,2472,53,265,52,162,51,630,50,2272,49,170,48,0,47,225,46,0,45,0,44,1585,10844,7781
1773708439,55,54,55,4364,56,3793,57,25,58,0,59,0,60,451,61,37,62,0,63,1502,64,500,65,4,54,2472,53,265,52,162,51,630,50,2272,49,170,48,0,47,225,46,0,45,924,44,500,10676,7620
1773708440,55,54,55,4364,56,3793,57,25,58,0,59,0,60,451,61,37,62,0,63,1447,64,500,65,4,54,2472,53,265,52,162,51,630,50,2272,49,170,48,0,47,225,46,0,45,924,44,500,10621,7620
1773708441,55,54,55,4864,56,3793,57,25,58,0,59,0,60,451,61,37,62,0,63,1447,64,500,65,4,54,2472,53,765,52,162,51,630,50,2272,49,170,48,0,47,225,46,0,45,789,44,500,11121,7985
1773708442,55,54,55,4864,56,3793,57,25,58,0,59,0,60,451,61,37,62,0,63,1447,64,500,65,4,54,2472,53,765,52,162,51,630,50,2272,49,170,48,0,47,225,46,0,45,789,44,500,11121,7985
1773708443,55,54,55,4864,56,3793,57,25,58,0,59,0,60,451,61,37,62,0,63,1447,64,500,65,4,54,2472,53,765,52,162,51,630,50,2272,49,170,48,0,47,225,46,0,45,789,44,500,11121,7985
1773708444,55,54,55,4864,56,3793,57,25,58,0,59,0,60,451,61,37,62,0,63,1447,64,500,65,4,54,2472,53,765,52,162,51,630,50,2272,49,170,48,0,47,225,46,0,45,789,44,500,11121,7985
1773708445,55,54,55,4864,56,3793,57,25,58,0,59,0,60,451,61,37,62,0,63,1447,64,500,65,4,54,2472,53,765,52,162,51,630,50,2272,49,170,48,0,47,225,46,0,45,789,44,500,11121,7985
1773708446,55,54,55,4864,56,3793,57,25,58,0,59,0,60,451,61,37,62,0,63,1447,64,500,65,4,54,2472,53,765,52,162,51,630,50,2272,49,170,48,0,47,225,46,0,45,789,44,500,11121,7985
1773708447,55,54,55,4864,56,3793,57,25,58,0,59,0,60,451,61,37,62,0,63,1447,64,500,65,4,54,2472,53,765,52,162,51,630,50,2272,49,170,48,0,47,225,46,0,45,789,44,500,11121,7985
1773708448,55,54,55,4864,56,3793,57,25,58,0,59,0,60,451,61,37,62,0,63,1447,64,500,65,4,54,2472,53,765,52,162,51,630,50,2272,49,170,48,0,47,225,46,0,45,789,44,500,11121,7985
1773708449,55,54,55,4864,56,3793,57,25,58,0,59,0,60,451,61,37,62,0,63,1447,64,500,65,4,54,2472,53,765,52,162,51,630,50,2272,49,170,48,0,47,225,46,0,45,789,44,500,11121,7985
1773708450,55,54,55,4864,56,3793,57,25,58,0,59,0,60,451,61,37,62,0,63,1447,64,500,65,4,54,2472,53,765,52,162,51,630,50,2272,49,170,48,0,47,225,46,0,45,789,44,500,11121,7985
1773708451,55,54,55,4864,56,3793,57,25,58,0,59,0,60,451,61,37,62,0,63,1447,64,500,65,4,54,2472,53,765,52,162,51,630,50,2272,49,170,48,0,47,225,46,0,45,789,44,500,11121,7985
1773708452,55,54,55,4864,56,3793,57,25,58,0,59,0,60,451,61,37,62,0,63,1447,64,500,65,4,54,2472,53,765,52,162,51,630,50,2272,49,170,48,0,47,225,46,0,45,789,44,500,11121,7985
1773708453,55,54,55,4864,56,3793,57,25,58,0,59,0,60,451,61,37,62,0,63,1447,64,500,65,4,54,2472,53,765,52,162,51,630,50,2272,49,170,48,0,47,225,46,0,45,789,44,500,11121,7985
1773708454,55,54,55,4864,56,3793,57,25,58,0,59,0,60,451,61,37,62,0,63,1447,64,500,65,4,54,2472,53,765,52,162,51,630,50,2272,49,170,48,0,47,225,46,0,45,789,44,500,11121,7985
1773708455,55,54,55,4864,56,3793,57,25,58,0,59,0,60,451,61,37,62,0,63,1447,64,500,65,4,54,2472,53,765,52,162,51,630,50,2272,49,170,48,0,47,225,46,0,45,789,44,500,11121,7985
1773708456,55,54,55,4864,56,3793,57,25,58,0,59,0,60,451,61,37,62,0,63,1447,64,500,65,4,54,2472,53,765,52,162,51,630,50,2272,49,170,48,0,47,225,46,0,45,789,44,500,11121,7985
1773708457,55,54,55,4864,56,3793,57,25,58,0,59,0,60,451,61,37,62,0,63,1447,64,500,65,4,54,2472,53,765,52,162,51,630,50,2272,49,170,48,0,47,225,46,0,45,789,44,500,11121,7985
1773708458,55,54,55,4864,56,3793,57,25,58,0,59,0,60,451,61,37,62,0,63,1447,64,500,65,4,54,2472,53,765,52,162,51,630,50,2272,49,170,48,0,47,225,46,0,45,789,44,500,11121,7985
1773708459,55,54,55,4864,56,3793,57,25,58,0,59,0,60,451,61,37,62,0,63,1447,64,500,65,4,54,2472,53,765,52,162,51,630,50,2272,49,170,48,0,47,225,46,0,45,789,44,500,11121,7985
1773708460,55,54,55,4864,56,3793,57,25,58,0,59,0,60,451,61,37,62,0,63,1447,64,500,65,4,54,2472,53,765,52,162,51,630,50,2272,49,170,48,0,47,225,46,0,45,789,44,500,11121,7985
1773708461,55,54,55,4864,56,3793,57,25,58,0,59,0,60,451,61,37,62,0,63,1447,64,500,65,4,54,2472,53,765,52,162,51,630,50,2272,49,170,48,0,47,225,46,0,45,789,44,500,11121,7985
1773708462,55,54,55,4864,56,3793,57,25,58,0,59,0,60,451,61,37,62,0,63,1447,64,500,65,4,54,2472,53,765,52,162,51,630,50,2272,49,170,48,0,47,225,46,0,45,789,44,500,11121,7985
1773708463,55,54,55,4864,56,3793,57,25,58,0,59,0,60,451,61,37,62,0,63,1447,64,500,65,4,54,2472,53,765,52,162,51,630,50,2272,49,170,48,0,47,225,46,0,45,789,44,500,11121,7985
1773708464,55,54,55,4864,56,3793,57,25,58,0,59,0,60,451,61,37,62,0,63,1447,64,500,65,4,54,2472,53,765,52,162,51,630,50,2272,49,170,48,0,47,225,46,0,45,789,44,500,11121,7985
1773708465,55,54,55,4864,56,3793,57,25,58,0,59,0,60,451,61,37,62,0,63,1447,64,500,65,4,54,2472,53,765,52,162,51,630,50,2272,49,170,48,0,47,225,46,0,45,789,44,500,11121,7985
1773708466,55,54,55,4864,56,3793,57,25,58,0,59,0,60,451,61,37,62,0,63,1447,64,500,65,4,54,2472,53,765,52,162,51,630,50,2272,49,170,48,0,47,225,46,0,45,789,44,500,11121,7985
1773708467,55,54,55,4864,56,3793,57,25,58,0,59,0,60,451,61,37,62,0,63,1447,64,500,65,4,54,2472,53,765,52,162,51,630,50,2272,49,170,48,0,47,225,46,0,45,789,44,500,11121,7985
1773708468,55,54,55,4864,56,3793,57,25,58,0,59,0,60,451,61,37,62,0,63,1447,64,500,65,4,54,2472,53,765,52,162,51,630,50,2272,49,170,48,0,47,225,46,0,45,789,44,500,11121,7985
1773708469,55,54,55,4864,56,3793,57,25,58,0,59,0,60,451,61,37,62,0,63,1447,64,500,65,4,54,2472,53,765,52,162,51,630,50,2272,49,170,48,0,47,225,46,0,45,789,44,500,11121,7985
1773708470,55,54,55,4864,56,3793,57,25,58,0,59,0,60,451,61,37,62,0,63,1447,64,500,65,4,54,2472,53,765,52,162,51,630,50,2272,49,170,48,0,47,225,46,0,45,789,44,500,11121,7985
1773708471,55,54,55,4864,56,3793,57,25,58,0,59,0,60,451,61,37,62,0,63,1447,64,500,65,4,54,2472,53,765,52,162,51,630,50,2272,49,170,48,0,47,225,46,0,45,789,44,500,11121,7985
1773708472,55,54,55,4864,56,3793,57,25,58,0,59,0,60,451,61,37,62,0,63,1447,64,500,65,4,54,2472,53,765,52,162,51,630,50,2272,49,170,48,0,47,225,46,0,45,789,44,500,11121,7985
1773708473,55,54,55,4864,56,3793,57,25,58,0,59,0,60,451,61,37,62,0,63,1447,64,500,65,4,54,2472,53,765,52,162,51,630,50,2272,49,170,48,0,47,225,46,0,45,789,44,500,11121,7985
1773708474,55,54,55,4864,56,3793,57,25,58,0,59,0,60,451,61,37,62,0,63,1447,64,500,65,4,54,2472,53,765,52,162,51,630,50,2272,49,170,48,0,47,225,46,0,45,789,44,500,11121,7985
1773708475,55,54,55,4864,56,3793,57,25,58,0,59,0,60,451,61,37,62,0,63,1447,64,500,65,4,54,2472,53,765,52,162,51,630,50,2272,49,170,48,0,47,225,46,0,45,789,44,500,11121,7985
1773708476,55,54,55,4864,56,3793,57,25,58,0,59,0,60,451,61,37,62,0,63,1447,64,500,65,4,54,2472,53,765,52,162,51,630,50,2272,49,170,48,0,47,225,46,0,45,789,44,500,11121,7985
1773708477,55,54,55,4864,56,3793,57,25,58,0,59,0,60,451,61,37,62,0,63,1447,64,500,65,4,54,2472,53,765,52,162,51,630,50,2272,49,170,48,0,47,225,46,0,45,789,44,500,11121,7985
1773708478,55,54,55,4864,56,3793,57,25,58,0,59,0,60,451,61,37,62,0,63,1447,64,500,65,4,54,2472,53,765,52,162,51,630,50,2272,49,170,48,0,47,225,46,0,45,789,44,500,11121,7985
1773708479,55,54,55,4864,56,3793,57,25,58,0,59,0,60,451,61,37,62,0,63,1447,64,500,65,4,54,2472,53,765,52,162,51,630,50,2272,49,170,48,0,47,225,46,0,45,789,44,500,11121,7985
1773708480,55,54,55,4864,56,3793,57,25,58,0,59,0,60,451,61,37,62,0,63,1447,64,500,65,4,54,2472,53,765,52,162,51,630,50,2272,49,170,48,0,47,225,46,0,45,789,44,500,11121,7985
1773708481,55,54,55,4864,56,3793,57,25,58,0,59,0,60,451,61,37,62,0,63,1447,64,500,65,4,54,2472,53,765,52,162,51,630,50,2272,49,170,48,0,47,225,46,0,45,789,44,500,11121,7985
1773708482,55,54,55,4864,56,3793,57,25,58,0,59,0,60,451,61,37,62,0,63,1447,64,500,65,4,54,2472,53,765,52,162,51,630,50,2272,49,170,48,0,47,225,46,0,45,789,44,500,11121,7985
1773708483,55,54,55,4864,56,3793,57,25,58,0,59,0,60,451,61,37,62,0,63,1447,64,500,65,4,54,2472,53,765,52,162,51,630,50,2272,49,170,48,0,47,225,46,0,45,789,44,500,11121,7985
1773708484,55,54,55,4864,56,3793,57,25,58,0,59,0,60,451,61,37,62,0,63,1447,64,500,65,4,54,2472,53,765,52,162,51,630,50,2272,49,170,48,0,47,225,46,0,45,789,44,500,11121,7985
1773708485,55,54,55,4864,56,3793,57,25,58,0,59,0,60,451,61,37,62,0,63,1447,64,500,65,4,54,2472,53,765,52,162,51,630,50,2272,49,170,48,0,47,225,46,0,45,789,44,500,11121,7985
1773708486,55,54,55,4864,56,3793,57,25,58,0,59,0,60,451,61,37,62,0,63,1447,64,500,65,4,54,2472,53,765,52,162,51,630,50,2272,49,170,48,0,47,225,46,0,45,789,44,500,11121,7985
1773708487,55,54,55,4864,56,3793,57,25,58,0,59,0,60,451,61,37,62,0,63,1447,64,500,65,4,54,2472,53,765,52,162,51,630,50,2272,49,170,48,0,47,225,46,0,45,789,44,500,11121,7985
1773708488,55,54,55,4864,56,3793,57,25,58,0,59,0,60,451,61,37,62,0,63,1447,64,500,65,4,54,2472,53,765,52,162,51,630,50,2272,49,170,48,0,47,225,46,0,45,789,44,500,11121,7985
1773708489,55,54,55,4864,56,3793,57,25,58,0,59,0,60,451,61,37,62,0,63,1447,64,500,65,4,54,2472,53,765,52,162,51,630,50,2272,49,170,48,0,47,225,46,0,45,789,44,500,11121,7985
1773708490,55,54,55,4864,56,3793,57,25,58,0,59,0,60,451,61,37,62,0,63,1447,64,500,65,4,54,2472,53,765,52,162,51,630,50,2272,49,170,48,0,47,225,46,0,45,789,44,500,11121,7985
1773708491,55,54,55,4864,56,3793,57,25,58,0,59,0,60,451,61,37,62,0,63,1447,64,500,65,4,54,2472,53,765,52,162,51,630,50,2272,49,170,48,0,47,225,46,0,45,789,44,500,11121,7985
1773708492,55,54,55,4864,56,3793,57,25,58,0,59,0,60,451,61,37,62,0,63,1447,64,500,65,4,54,2472,53,765,52,162,51,630,50,2272,49,170,48,0,47,225,46,0,45,789,44,500,11121,7985
1773708493,55,54,55,4864,56,3793,57,25,58,0,59,0,60,451,61,37,62,0,63,1447,64,500,65,4,54,2472,53,765,52,162,51,630,50,2272,49,170,48,0,47,225,46,0,45,789,44,500,11121,7985
1773708494,55,54,55,4864,56,3793,57,25,58,0,59,0,60,451,61,37,62,0,63,1447,64,500,65,4,54,2472,53,765,52,162,51,630,50,2272,49,170,48,0,47,225,46,0,45,789,44,500,11121,7985
1773708495,55,54,55,4864,56,3793,57,25,58,0,59,0,60,451,61,37,62,0,63,1447,64,500,65,4,54,2472,53,765,52,162,51,630,50,2272,49,170,48,0,47,225,46,0,45,789,44,500,11121,7985
1773708496,55,54,55,4864,56,3793,57,25,58,0,59,0,60,451,61,37,62,0,63,1447,64,500,65,4,54,2472,53,765,52,162,51,630,50,2272,49,170,48,0,47,225,46,0,45,789,44,500,11121,7985
1773708497,55,54,55,4864,56,3793,57,25,58,0,59,0,60,451,61,37,62,0,63,1447,64,500,65,4,54,2472,53,765,52,162,51,630,50,2272,49,170,48,0,47,225,46,0,45,789,44,500,11121,7985
1773708498,55,54,55,4864,56,3793,57,25,58,0,59,0,60,451,61,37,62,0,63,1447,64,500,65,4,54,2472,53,765,52,162,51,630,50,2272,49,170,48,0,47,225,46,0,45,789,44,500,11121,7985
1773708499,55,54,55,4864,56,3793,57,25,58,0,59,0,60,451,61,37,62,0,63,1447,64,500,65,4,54,2472,53,765,52,162,51,630,50,2272,49,170,48,0,47,225,46,0,45,789,44,500,11121,7985
1773708500,55,54,55,4864,56,3793,57,25,58,0,59,0,60,451,61,37,62,0,63,1447,64,500,65,4,54,2472,53,765,52,162,51,630,50,2272,49,170,48,0,47,225,46,0,45,789,44,500,11121,7985
1773708501,55,54,55,4864,56,3793,57,25,58,0,59,0,60,451,61,37,62,0,63,1447,64,500,65,4,54,2472,53,765,52,162,51,630,50,2272,49,170,48,0,47,225,46,0,45,789,44,500,11121,7985
1773708502,55,54,55,4864,56,3793,57,25,58,0,59,0,60,451,61,37,62,0,63,1447,64,500,65,4,54,2472,53,765,52,162,51,630,50,2272,49,170,48,0,47,225,46,0,45,789,44,500,11121,7985
1773708503,55,54,55,4878,56,3793,57,25,58,0,59,0,60,451,61,37,62,0,63,1680,64,500,65,4,54,2472,53,765,52,162,51,630,50,2272,49,170,48,0,47,225,46,0,45,789,44,500,11368,7985
1773708504,55,54,55,4878,56,3793,57,25,58,0,59,0,60,451,61,37,62,0,63,1680,64,500,65,4,54,2472,53,765,52,162,51,630,50,2272,49,170,48,0,47,225,46,0,45,789,44,500,11368,7985
1773708505,55,54,55,4878,56,3793,57,25,58,0,59,0,60,451,61,37,62,0,63,1680,64,500,65,4,54,2472,53,765,52,162,51,630,50,2272,49,170,48,0,47,225,46,0,45,789,44,500,11368,7985
1773708506,55,54,55,4878,56,3793,57,25,58,0,59,0,60,451,61,37,62,0,63,1680,64,500,65,4,54,2472,53,765,52,162,51,630,50,2272,49,170,48,0,47,225,46,0,45,789,44,500,11368,7985
1773708507,55,54,55,4878,56,3793,57,25,58,0,59,0,60,451,61,37,62,0,63,1680,64,500,65,4,54,2472,53,765,52,162,51,630,50,2272,49,170,48,0,47,225,46,0,45,789,44,500,11368,7985
1773708508,55,54,55,4878,56,3793,57,25,58,0,59,0,60,451,61,37,62,0,63,1680,64,500,65,4,54,2472,53,765,52,162,51,630,50,2272,49,170,48,0,47,225,46,0,45,789,44,500,11368,7985
1773708509,55,54,55,4878,56,3793,57,25,58,0,59,0,60,451,61,37,62,0,63,1680,64,500,65,4,54,2472,53,765,52,162,51,630,50,2272,49,170,48,0,47,225,46,0,45,789,44,500,11368,7985
1773708510,55,54,55,4877,56,3793,57,25,58,0,59,0,60,451,61,37,62,0,63,1680,64,500,65,4,54,2472,53,765,52,162,51,630,50,2272,49,170,48,0,47,225,46,0,45,789,44,500,11367,7985
1773708511,55,54,55,4877,56,3793,57,25,58,0,59,0,60,451,61,37,62,0,63,1680,64,500,65,4,54,2472,53,765,52,162,51,630,50,2272,49,170,48,0,47,225,46,0,45,789,44,500,11367,7985
1773708512,55,54,55,4877,56,3793,57,25,58,0,59,0,60,451,61,37,62,0,63,1680,64,500,65,4,54,2472,53,765,52,162,51,630,50,2272,49,170,48,0,47,225,46,0,45,789,44,500,11367,7985
1773708513,55,54,55,4877,56,3793,57,25,58,0,59,0,60,451,61,37,62,0,63,1680,64,500,65,4,54,2472,53,765,52,162,51,630,50,2272,49,170,48,0,47,225,46,0,45,789,44,500,11367,7985
1773708514,55,54,55,4877,56,3793,57,25,58,0,59,0,60,451,61,37,62,0,63,1680,64,500,65,4,54,2472,53,765,52,162,51,630,50,2272,49,170,48,0,47,225,46,0,45,789,44,500,11367,7985
1773708515,55,54,55,4877,56,3793,57,25,58,0,59,0,60,451,61,37,62,0,63,1680,64,500,65,4,54,2472,53,765,52,162,51,630,50,2272,49,170,48,0,47,225,46,0,45,789,44,500,11367,7985
1773708516,55,54,55,4877,56,3793,57,25,58,0,59,0,60,451,61,37,62,0,63,1680,64,500,65,4,54,2472,53,765,52,162,51,630,50,2272,49,170,48,0,47,225,46,0,45,789,44,500,11367,7985
1773708517,55,54,55,4877,56,3793,57,25,58,0,59,0,60,451,61,37,62,0,63,1680,64,500,65,4,54,2472,53,765,52,162,51,630,50,2272,49,170,48,0,47,225,46,0,45,789,44,500,11367,7985
1773708518,55,54,55,4877,56,3793,57,25,58,0,59,0,60,451,61,37,62,0,63,1680,64,500,65,4,54,2472,53,765,52,162,51,630,50,2272,49,170,48,0,47,225,46,0,45,789,44,500,11367,7985
1773708519,55,54,55,4877,56,3793,57,25,58,0,59,0,60,451,61,37,62,0,63,1680,64,500,65,4,54,2472,53,765,52,162,51,630,50,2272,49,170,48,0,47,225,46,0,45,789,44,500,11367,7985
1773708520,55,54,55,4877,56,3793,57,25,58,0,59,0,60,451,61,37,62,0,63,1680,64,500,65,4,54,2472,53,765,52,162,51,630,50,2272,49,170,48,0,47,225,46,0,45,789,44,500,11367,7985
1773708521,55,54,55,4877,56,3793,57,25,58,0,59,0,60,451,61,37,62,0,63,1680,64,500,65,4,54,2472,53,765,52,162,51,630,50,2272,49,170,48,0,47,225,46,0,45,789,44,500,11367,7985
1773708522,55,54,55,4877,56,3793,57,25,58,0,59,0,60,451,61,37,62,0,63,1680,64,500,65,4,54,2472,53,765,52,162,51,630,50,2272,49,170,48,0,47,225,46,0,45,789,44,500,11367,7985
1773708523,55,54,55,4877,56,3793,57,25,58,0,59,0,60,451,61,37,62,0,63,1680,64,500,65,4,54,2472,53,765,52,162,51,630,50,2272,49,170,48,0,47,225,46,0,45,789,44,500,11367,7985
1773708524,55,54,55,4882,56,3793,57,25,58,0,59,0,60,451,61,37,62,0,63,1680,64,500,65,4,54,2472,53,765,52,162,51,630,50,2272,49,170,48,0,47,225,46,0,45,789,44,500,11372,7985
1773708525,55,54,55,4882,56,3793,57,25,58,0,59,0,60,451,61,37,62,0,63,1680,64,500,65,4,54,2472,53,765,52,162,51,630,50,2272,49,170,48,0,47,225,46,0,45,789,44,500,11372,7985
1773708526,55,54,55,4882,56,3793,57,25,58,0,59,0,60,451,61,37,62,0,63,1680,64,500,65,4,54,2472,53,765,52,162,51,630,50,2272,49,170,48,0,47,225,46,0,45,789,44,500,11372,7985
1773708527,55,54,55,4882,56,3793,57,25,58,0,59,0,60,451,61,37,62,0,63,1680,64,500,65,4,54,2472,53,765,52,162,51,630,50,2272,49,170,48,0,47,225,46,0,45,789,44,500,11372,7985
1773708528,55,54,55,4882,56,3793,57,25,58,0,59,0,60,451,61,37,62,0,63,1680,64,500,65,4,54,2472,53,765,52,162,51,630,50,2272,49,170,48,0,47,225,46,0,45,789,44,500,11372,7985
1773708529,55,54,55,4882,56,3793,57,25,58,0,59,0,60,451,61,37,62,0,63,1680,64,500,65,4,54,2472,53,765,52,162,51,630,50,2272,49,170,48,0,47,225,46,0,45,789,44,500,11372,7985
1773708530,55,54,55,4882,56,3793,57,25,58,0,59,0,60,451,61,37,62,0,63,1680,64,500,65,4,54,2472,53,765,52,162,51,630,50,2272,49,170,48,0,47,225,46,0,45,789,44,500,11372,7985
1773708531,55,54,55,4882,56,3793,57,25,58,0,59,0,60,451,61,37,62,0,63,1680,64,500,65,4,54,2472,53,765,52,162,51,630,50,2272,49,170,48,0,47,225,46,0,45,789,44,500,11372,7985
1773708532,55,54,55,4882,56,3793,57,25,58,0,59,0,60,451,61,37,62,0,63,1680,64,500,65,4,54,2472,53,765,52,162,51,630,50,2272,49,170,48,0,47,225,46,0,45,789,44,500,11372,7985
1773708533,55,54,55,4882,56,3793,57,25,58,0,59,0,60,451,61,37,62,0,63,1680,64,500,65,4,54,2472,53,765,52,162,51,630,50,2272,49,170,48,0,47,225,46,0,45,789,44,500,11372,7985
1773708534,55,54,55,4882,56,3793,57,25,58,0,59,0,60,451,61,37,62,0,63,1680,64,500,65,4,54,2472,53,765,52,162,51,630,50,2272,49,170,48,0,47,225,46,0,45,789,44,500,11372,7985
1773708535,55,54,55,4882,56,3793,57,25,58,0,59,0,60,451,61,37,62,0,63,1680,64,500,65,4,54,2472,53,765,52,162,51,630,50,2277,49,165,48,0,47,225,46,0,45,789,44,500,11372,7985
1773708536,55,54,55,4882,56,3793,57,25,58,0,59,0,60,451,61,37,62,0,63,1680,64,500,65,4,54,2472,53,765,52,162,51,630,50,2277,49,165,48,0,47,225,46,0,45,789,44,500,11372,7985
1773708537,55,54,55,4882,56,3793,57,25,58,0,59,0,60,451,61,37,62,0,63,1680,64,500,65,4,54,2472,53,765,52,162,51,630,50,2277,49,165,48,0,47,225,46,0,45,789,44,500,11372,7985
1773708538,55,54,55,4882,56,3793,57,25,58,0,59,0,60,451,61,37,62,0,63,1680,64,500,65,4,54,2472,53,765,52,162,51,630,50,2277,49,165,48,0,47,225,46,0,45,789,44,500,11372,7985
1773708539,55,54,55,4882,56,3793,57,25,58,0,59,0,60,451,61,37,62,0,63,1680,64,500,65,4,54,2472,53,765,52,162,51,630,50,2277,49,165,48,0,47,225,46,0,45,789,44,500,11372,7985
1773708540,55,54,55,4882,56,3793,57,25,58,0,59,0,60,451,61,37,62,0,63,1680,64,500,65,4,54,2472,53,765,52,162,51,630,50,2277,49,165,48,0,47,225,46,0,45,789,44,500,11372,7985
1773708541,55,54,55,5134,56,3793,57,25,58,0,59,0,60,451,61,37,62,0,63,1680,64,500,65,4,54,2472,53,694,52,162,51,630,50,2277,49,165,48,0,47,225,46,0,45,618,44,500,11624,7743
1773708542,55,54,55,5134,56,3793,57,25,58,0,59,0,60,451,61,37,62,0,63,1680,64,500,65,4,54,2472,53,694,52,162,51,630,50,2277,49,165,48,0,47,225,46,0,45,618,44,500,11624,7743
1773708543,55,54,55,5134,56,3793,57,25,58,0,59,0,60,451,61,37,62,0,63,1680,64,500,65,4,54,2472,53,694,52,162,51,630,50,2277,49,165,48,0,47,225,46,0,45,618,44,500,11624,7743
1773708544,55,54,55,5134,56,3793,57,25,58,0,59,0,60,451,61,37,62,0,63,1680,64,500,65,4,54,2472,53,694,52,162,51,630,50,2277,49,165,48,0,47,225,46,0,45,618,44,500,11624,7743
1773708545,55,54,55,5134,56,3793,57,25,58,0,59,0,60,451,61,37,62,0,63,1680,64,500,65,4,54,2472,53,694,52,162,51,630,50,2277,49,165,48,0,47,225,46,0,45,618,44,500,11624,7743
1773708546,55,54,55,5134,56,3793,57,25,58,0,59,0,60,451,61,37,62,0,63,1680,64,500,65,4,54,2472,53,694,52,162,51,630,50,2277,49,165,48,0,47,225,46,0,45,618,44,500,11624,7743
1773708547,55,54,55,5134,56,3793,57,25,58,0,59,0,60,451,61,37,62,0,63,1680,64,500,65,4,54,2472,53,694,52,162,51,630,50,2277,49,165,48,0,47,225,46,0,45,618,44,500,11624,7743
1773708548,55,54,55,5134,56,3793,57,25,58,0,59,0,60,451,61,37,62,0,63,1680,64,500,65,4,54,2472,53,694,52,162,51,630,50,2277,49,165,48,0,47,225,46,0,45,618,44,500,11624,7743
1773708549,55,54,55,5134,56,3793,57,25,58,0,59,0,60,451,61,37,62,0,63,1680,64,500,65,4,54,2472,53,694,52,162,51,630,50,2277,49,165,48,0,47,225,46,0,45,618,44,500,11624,7743
1773708550,55,54,55,5134,56,3793,57,25,58,0,59,0,60,451,61,37,62,0,63,1680,64,500,65,4,54,2472,53,694,52,162,51,630,50,2277,49,165,48,0,47,225,46,0,45,618,44,500,11624,7743
1773708551,55,54,55,5134,56,3793,57,25,58,0,59,0,60,451,61,37,62,0,63,1680,64,500,65,4,54,2472,53,694,52,162,51,630,50,2277,49,165,48,0,47,225,46,0,45,618,44,500,11624,7743
1773708552,55,54,55,5134,56,3793,57,25,58,0,59,0,60,451,61,37,62,0,63,1680,64,500,65,4,54,2472,53,694,52,162,51,630,50,2277,49,165,48,0,47,225,46,0,45,618,44,500,11624,7743
1773708553,55,54,55,5134,56,3793,57,25,58,0,59,0,60,451,61,37,62,0,63,1680,64,500,65,4,54,2472,53,694,52,162,51,630,50,2277,49,165,48,0,47,225,46,0,45,618,44,500,11624,7743
1773708554,55,54,55,5134,56,3793,57,25,58,0,59,0,60,451,61,37,62,0,63,1680,64,500,65,4,54,2472,53,694,52,162,51,630,50,2277,49,165,48,0,47,225,46,0,45,618,44,500,11624,7743
1773708555,55,54,55,5134,56,3793,57,25,58,0,59,0,60,451,61,37,62,0,63,1680,64,500,65,4,54,2472,53,694,52,162,51,630,50,2277,49,165,48,0,47,225,46,0,45,618,44,500,11624,7743
1773708556,55,54,55,5134,56,3793,57,25,58,0,59,0,60,451,61,37,62,0,63,1680,64,500,65,4,54,2472,53,694,52,162,51,630,50,2277,49,165,48,0,47,225,46,0,45,618,44,500,11624,7743
1773708557,55,54,55,5134,56,3793,57,25,58,0,59,0,60,451,61,37,62,0,63,1680,64,500,65,4,54,2472,53,694,52,162,51,630,50,2277,49,165,48,0,47,225,46,0,45,618,44,500,11624,7743
1773708558,55,54,55,5134,56,3793,57,25,58,0,59,0,60,451,61,37,62,0,63,1680,64,500,65,4,54,2472,53,694,52,162,51,630,50,2277,49,165,48,0,47,225,46,0,45,618,44,500,11624,7743
1773708559,55,54,55,5134,56,3793,57,25,58,0,59,0,60,451,61,37,62,0,63,1680,64,500,65,4,54,2472,53,694,52,162,51,630,50,2277,49,165,48,0,47,225,46,0,45,618,44,500,11624,7743
1773708560,55,54,55,5134,56,3793,57,25,58,0,59,0,60,451,61,37,62,0,63,1680,64,500,65,4,54,2472,53,694,52,162,51,630,50,2277,49,165,48,0,47,225,46,0,45,618,44,500,11624,7743
1773708561,55,54,55,5134,56,3793,57,25,58,0,59,0,60,451,61,37,62,0,63,1680,64,500,65,4,54,2472,53,694,52,162,51,630,50,2277,49,165,48,0,47,225,46,0,45,618,44,500,11624,7743
1773708562,55,54,55,5134,56,3793,57,25,58,0,59,0,60,451,61,37,62,0,63,1680,64,500,65,4,54,2472,53,694,52,162,51,630,50,2277,49,165,48,0,47,225,46,0,45,618,44,500,11624,7743
1773708563,55,54,55,5134,56,3793,57,25,58,0,59,0,60,451,61,37,62,0,63,1680,64,500,65,4,54,2472,53,694,52,162,51,630,50,2277,49,165,48,0,47,225,46,0,45,618,44,500,11624,7743
1773708564,55,54,55,5134,56,3793,57,25,58,0,59,0,60,451,61,37,62,0,63,1680,64,500,65,4,54,2472,53,694,52,162,51,630,50,2277,49,165,48,0,47,225,46,0,45,618,44,500,11624,7743
1773708565,55,54,55,5134,56,3793,57,25,58,0,59,0,60,451,61,37,62,0,63,1680,64,500,65,4,54,2472,53,694,52,162,51,630,50,2277,49,165,48,0,47,225,46,0,45,618,44,500,11624,7743
1773708566,55,54,55,5134,56,3793,57,25,58,0,59,0,60,451,61,37,62,0,63,1680,64,500,65,4,54,2472,53,694,52,162,51,630,50,2277,49,165,48,0,47,225,46,0,45,618,44,500,11624,7743
1773708567,55,54,55,5134,56,3793,57,25,58,0,59,0,60,451,61,37,62,0,63,1680,64,500,65,4,54,2472,53,694,52,162,51,630,50,2277,49,165,48,0,47,225,46,0,45,618,44,500,11624,7743
1773708568,55,54,55,5134,56,3793,57,25,58,0,59,0,60,451,61,37,62,0,63,1680,64,500,65,4,54,2472,53,694,52,162,51,630,50,2277,49,165,48,0,47,225,46,0,45,618,44,500,11624,7743
1773708569,55,54,55,5134,56,3793,57,25,58,0,59,0,60,451,61,37,62,0,63,1680,64,500,65,4,54,2472,53,694,52,162,51,630,50,2277,49,165,48,0,47,225,46,0,45,618,44,500,11624,7743
1773708570,55,54,55,5134,56,3793,57,25,58,0,59,0,60,451,61,37,62,0,63,1680,64,500,65,4,54,2472,53,694,52,162,51,630,50,2277,49,165,48,0,47,225,46,0,45,618,44,500,11624,7743
1773708571,55,54,55,5134,56,3793,57,25,58,0,59,0,60,451,61,37,62,0,63,1680,64,500,65,4,54,2472,53,694,52,162,51,630,50,2277,49,165,48,0,47,225,46,0,45,618,44,500,11624,7743
1773708572,55,54,55,5134,56,3793,57,25,58,0,59,0,60,451,61,37,62,0,63,1680,64,500,65,4,54,2472,53,694,52,162,51,630,50,2277,49,165,48,0,47,225,46,0,45,618,44,500,11624,7743
1773708573,55,54,55,5134,56,3793,57,25,58,0,59,0,60,451,61,37,62,0,63,1680,64,500,65,4,54,2472,53,694,52,162,51,630,50,2277,49,165,48,0,47,225,46,0,45,618,44,500,11624,7743
1773708574,55,54,55,5134,56,3793,57,25,58,0,59,0,60,451,61,37,62,0,63,1680,64,500,65,4,54,2472,53,694,52,162,51,630,50,2277,49,165,48,0,47,225,46,0,45,618,44,500,11624,7743
1773708575,55,54,55,5134,56,3793,57,25,58,0,59,0,60,451,61,37,62,0,63,1680,64,500,65,4,54,2472,53,694,52,162,51,630,50,2277,49,165,48,0,47,225,46,0,45,618,44,500,11624,7743
1773708576,55,54,55,5134,56,3793,57,25,58,0,59,0,60,451,61,37,62,0,63,1680,64,500,65,4,54,2472,53,694,52,162,51,630,50,2277,49,165,48,0,47,225,46,0,45,618,44,500,11624,7743
1773708577,55,54,55,5134,56,3793,57,25,58,0,59,0,60,451,61,37,62,0,63,1680,64,500,65,4,54,2472,53,694,52,162,51,630,50,2277,49,165,48,0,47,225,46,0,45,618,44,500,11624,7743
1773708578,55,54,55,5134,56,3793,57,25,58,0,59,0,60,451,61,37,62,0,63,1680,64,500,65,4,54,2472,53,694,52,162,51,630,50,2277,49,165,48,0,47,225,46,0,45,618,44,500,11624,7743
1773708579,55,54,55,5134,56,3793,57,25,58,0,59,0,60,451,61,37,62,0,63,1680,64,500,65,4,54,2472,53,694,52,162,51,630,50,2277,49,165,48,0,47,225,46,0,45,618,44,500,11624,7743
1773708580,55,54,55,5134,56,3793,57,25,58,0,59,0,60,451,61,37,62,0,63,1680,64,500,65,4,54,2472,53,694,52,162,51,630,50,2277,49,165,48,0,47,225,46,0,45,618,44,500,11624,7743
1773708581,55,54,55,5134,56,3793,57,25,58,0,59,0,60,451,61,37,62,0,63,1680,64,500,65,4,54,2472,53,694,52,162,51,630,50,2277,49,165,48,0,47,225,46,0,45,618,44,500,11624,7743
1773708582,55,54,55,5134,56,3793,57,25,58,0,59,0,60,451,61,37,62,0,63,1680,64,500,65,4,54,2472,53,694,52,162,51,630,50,2277,49,165,48,0,47,225,46,0,45,618,44,500,11624,7743
1773708583,55,54,55,5134,56,3793,57,25,58,0,59,0,60,451,61,37,62,0,63,1680,64,500,65,4,54,2472,53,694,52,162,51,630,50,2277,49,165,48,0,47,225,46,0,45,618,44,500,11624,7743
1773708584,55,54,55,5134,56,3793,57,25,58,0,59,0,60,451,61,37,62,0,63,1680,64,500,65,4,54,2472,53,694,52,162,51,630,50,2277,49,165,48,0,47,225,46,0,45,618,44,500,11624,7743
1773708585,55,54,55,5134,56,3793,57,25,58,0,59,0,60,451,61,37,62,0,63,1680,64,500,65,4,54,2472,53,694,52,162,51,630,50,2277,49,165,48,0,47,225,46,0,45,618,44,500,11624,7743
1773708586,55,54,55,5134,56,3793,57,25,58,0,59,0,60,451,61,37,62,0,63,1680,64,500,65,4,54,2472,53,694,52,162,51,630,50,2277,49,165,48,0,47,225,46,0,45,618,44,500,11624,7743
1773708587,55,54,55,5134,56,3793,57,25,58,0,59,0,60,451,61,37,62,0,63,1680,64,500,65,4,54,2472,53,694,52,162,51,630,50,2277,49,165,48,0,47,225,46,0,45,618,44,500,11624,7743
1773708588,55,54,55,5134,56,3793,57,25,58,0,59,0,60,451,61,37,62,0,63,1680,64,500,65,4,54,2472,53,694,52,162,51,630,50,2277,49,165,48,0,47,225,46,0,45,618,44,500,11624,7743
1773708589,55,54,55,5134,56,3793,57,25,58,0,59,0,60,451,61,37,62,0,63,1680,64,500,65,4,54,2472,53,694,52,162,51,630,50,2277,49,165,48,0,47,225,46,0,45,618,44,500,11624,7743
1773708590,55,54,55,5134,56,3793,57,25,58,0,59,0,60,451,61,37,62,0,63,1680,64,500,65,4,54,2472,53,694,52,162,51,630,50,2277,49,165,48,0,47,225,46,0,45,618,44,500,11624,7743
1773708591,55,54,55,5134,56,3793,57,25,58,0,59,0,60,451,61,37,62,0,63,1680,64,500,65,4,54,2472,53,694,52,162,51,630,50,2277,49,165,48,0,47,225,46,0,45,618,44,500,11624,7743
1773708592,55,54,55,5134,56,3793,57,25,58,0,59,0,60,451,61,37,62,0,63,1680,64,500,65,4,54,2472,53,694,52,162,51,630,50,2277,49,165,48,0,47,225,46,0,45,618,44,500,11624,7743
1773708593,55,54,55,5134,56,3793,57,25,58,0,59,0,60,451,61,37,62,0,63,1680,64,500,65,4,54,2472,53,694,52,162,51,630,50,2277,49,165,48,0,47,225,46,0,45,618,44,500,11624,7743
1773708594,55,54,55,5134,56,3793,57,25,58,0,59,0,60,451,61,37,62,0,63,1680,64,500,65,4,54,2472,53,694,52,162,51,630,50,2277,49,165,48,0,47,225,46,0,45,618,44,500,11624,7743
1773708595,55,54,55,5134,56,3793,57,25,58,0,59,0,60,451,61,37,62,0,63,1680,64,500,65,4,54,2472,53,694,52,162,51,630,50,2277,49,165,48,0,47,225,46,0,45,618,44,500,11624,7743
1773708596,55,54,55,5134,56,3793,57,25,58,0,59,0,60,451,61,37,62,0,63,1680,64,500,65,4,54,2472,53,694,52,162,51,630,50,2277,49,165,48,0,47,225,46,0,45,618,44,500,11624,7743
1773708597,55,54,55,5134,56,3793,57,25,58,0,59,0,60,451,61,37,62,0,63,1680,64,500,65,4,54,2472,53,694,52,162,51,630,50,2277,49,165,48,0,47,225,46,0,45,618,44,500,11624,7743
1773708598,55,54,55,5134,56,3793,57,25,58,0,59,0,60,451,61,37,62,0,63,1680,64,500,65,4,54,2472,53,694,52,162,51,630,50,2277,49,165,48,0,47,225,46,0,45,618,44,500,11624,7743
1773708599,55,54,55,5134,56,3793,57,25,58,0,59,0,60,451,61,37,62,0,63,1680,64,500,65,4,54,2472,53,694,52,162,51,630,50,2277,49,165,48,0,47,225,46,0,45,618,44,500,11624,7743
1773708600,55,54,55,5134,56,3793,57,25,58,0,59,0,60,451,61,37,62,0,63,1680,64,500,65,4,54,2472,53,694,52,162,51,630,50,2277,49,165,48,0,47,225,46,0,45,618,44,500,11624,7743
1773708601,55,54,55,5134,56,3793,57,25,58,0,59,0,60,451,61,37,62,0,63,1680,64,500,65,4,54,2472,53,694,52,162,51,630,50,2277,49,165,48,0,47,225,46,0,45,618,44,500,11624,7743
1773708602,55,54,55,5134,56,3793,57,25,58,0,59,0,60,451,61,37,62,0,63,1680,64,500,65,4,54,2472,53,694,52,162,51,630,50,2277,49,165,48,0,47,225,46,0,45,618,44,500,11624,7743
1773708603,55,54,55,5134,56,3793,57,25,58,0,59,0,60,451,61,37,62,0,63,1680,64,500,65,4,54,2472,53,694,52,162,51,630,50,2277,49,165,48,0,47,225,46,0,45,618,44,500,11624,7743
1773708604,55,54,55,5129,56,3793,57,25,58,0,59,0,60,451,61,37,62,0,63,1680,64,500,65,4,54,2472,53,694,52,162,51,630,50,2277,49,165,48,0,47,225,46,0,45,618,44,500,11619,7743
1773708605,55,54,55,5129,56,3793,57,25,58,0,59,0,60,451,61,37,62,0,63,1680,64,500,65,4,54,2472,53,694,52,162,51,630,50,2277,49,165,48,0,47,225,46,0,45,618,44,500,11619,7743
1773708606,55,54,55,5129,56,3793,57,25,58,0,59,0,60,451,61,37,62,0,63,1680,64,500,65,4,54,2472,53,694,52,162,51,630,50,2277,49,165,48,0,47,225,46,0,45,618,44,500,11619,7743
1773708607,55,54,55,5129,56,3793,57,25,58,0,59,0,60,451,61,37,62,0,63,1680,64,500,65,4,54,2472,53,694,52,162,51,630,50,2277,49,165,48,0,47,225,46,0,45,618,44,500,11619,7743
1773708608,55,54,55,5129,56,3793,57,25,58,0,59,0,60,451,61,37,62,0,63,1680,64,500,65,4,54,2472,53,694,52,162,51,630,50,2277,49,165,48,0,47,225,46,0,45,618,44,500,11619,7743
1773708609,55,54,55,5129,56,3793,57,25,58,0,59,0,60,451,61,37,62,0,63,1680,64,500,65,4,54,2472,53,694,52,162,51,630,50,2277,49,165,48,0,47,225,46,0,45,618,44,500,11619,7743
1773708610,55,54,55,5129,56,3793,57,25,58,0,59,0,60,451,61,37,62,0,63,1680,64,500,65,4,54,2472,53,694,52,162,51,630,50,2277,49,165,48,0,47,225,46,0,45,618,44,500,11619,7743
1773708611,55,54,55,5129,56,3793,57,25,58,0,59,0,60,451,61,37,62,0,63,1680,64,500,65,4,54,2472,53,694,52,162,51,630,50,2277,49,165,48,0,47,225,46,0,45,618,44,500,11619,7743
1773708612,55,54,55,5129,56,3793,57,25,58,0,59,0,60,451,61,37,62,0,63,1680,64,500,65,4,54,2472,53,694,52,162,51,630,50,2277,49,165,48,0,47,225,46,0,45,618,44,500,11619,7743
1773708613,55,54,55,5129,56,3793,57,25,58,0,59,0,60,451,61,37,62,0,63,1680,64,500,65,4,54,2472,53,694,52,162,51,630,50,2277,49,165,48,0,47,225,46,0,45,618,44,500,11619,7743
1773708614,55,54,55,5129,56,3793,57,25,58,0,59,0,60,451,61,37,62,0,63,1680,64,500,65,4,54,2472,53,694,52,162,51,630,50,2277,49,165,48,0,47,225,46,0,45,618,44,500,11619,7743
1773708615,55,54,55,5129,56,3793,57,25,58,0,59,0,60,451,61,37,62,0,63,1680,64,500,65,4,54,2472,53,694,52,162,51,630,50,2277,49,165,48,0,47,225,46,0,45,618,44,500,11619,7743
1773708616,55,54,55,5129,56,3793,57,25,58,0,59,0,60,451,61,37,62,0,63,1680,64,500,65,4,54,2472,53,694,52,162,51,630,50,2277,49,165,48,0,47,225,46,0,45,618,44,500,11619,7743
1773708617,55,54,55,5129,56,3793,57,25,58,0,59,0,60,451,61,37,62,0,63,1680,64,500,65,4,54,2472,53,694,52,162,51,630,50,2277,49,165,48,0,47,225,46,0,45,618,44,500,11619,7743
1773708618,55,54,55,5129,56,3793,57,25,58,0,59,0,60,451,61,37,62,0,63,1680,64,500,65,4,54,2472,53,694,52,162,51,630,50,2277,49,165,48,0,47,225,46,0,45,618,44,500,11619,7743
1773708619,55,54,55,5129,56,3793,57,25,58,0,59,0,60,451,61,37,62,0,63,1680,64,500,65,4,54,2472,53,694,52,162,51,630,50,2277,49,165,48,0,47,225,46,0,45,618,44,500,11619,7743
1773708620,55,54,55,5129,56,3793,57,25,58,0,59,0,60,451,61,37,62,0,63,1680,64,500,65,4,54,2472,53,694,52,162,51,630,50,2277,49,165,48,0,47,225,46,0,45,618,44,500,11619,7743
1773708621,55,54,55,5129,56,3793,57,25,58,0,59,0,60,451,61,37,62,0,63,1680,64,500,65,4,54,2472,53,694,52,162,51,630,50,2277,49,165,48,0,47,225,46,0,45,618,44,500,11619,7743
1773708622,55,54,55,5129,56,3793,57,25,58,0,59,0,60,451,61,37,62,0,63,1680,64,500,65,4,54,2472,53,694,52,162,51,630,50,2277,49,165,48,0,47,225,46,0,45,618,44,500,11619,7743
1773708623,55,54,55,5129,56,3793,57,25,58,0,59,0,60,451,61,37,62,0,63,1680,64,500,65,4,54,2472,53,694,52,162,51,630,50,2277,49,165,48,0,47,225,46,0,45,618,44,500,11619,7743
1773708624,55,54,55,5129,56,3793,57,25,58,0,59,0,60,451,61,37,62,0,63,1680,64,500,65,4,54,2472,53,694,52,162,51,630,50,2277,49,165,48,0,47,225,46,0,45,618,44,500,11619,7743
1773708625,55,54,55,2808,56,3793,57,25,58,0,59,0,60,451,61,37,62,0,63,1680,64,500,65,4,54,2472,53,836,52,136,51,590,50,2277,49,165,48,0,47,225,46,0,45,674,44,500,9298,7875
1773708626,55,54,55,2808,56,3793,57,25,58,0,59,0,60,451,61,37,62,0,63,1680,64,500,65,4,54,2472,53,836,52,136,51,590,50,2277,49,165,48,0,47,225,46,0,45,674,44,500,9298,7875
1773708627,55,54,55,2808,56,3793,57,25,58,0,59,0,60,451,61,37,62,0,63,1680,64,500,65,4,54,2472,53,836,52,136,51,590,50,2277,49,165,48,0,47,225,46,0,45,674,44,500,9298,7875
1773708628,55,54,55,2808,56,3793,57,25,58,0,59,0,60,451,61,37,62,0,63,1680,64,500,65,4,54,2472,53,836,52,136,51,590,50,2277,49,165,48,0,47,225,46,0,45,674,44,500,9298,7875
1773708629,55,54,55,2808,56,3793,57,25,58,0,59,0,60,451,61,37,62,0,63,1680,64,500,65,4,54,2472,53,836,52,136,51,590,50,2277,49,165,48,0,47,225,46,0,45,674,44,500,9298,7875
1773708630,55,54,55,2808,56,3793,57,25,58,0,59,0,60,451,61,37,62,0,63,1680,64,500,65,4,54,2472,53,836,52,136,51,590,50,2277,49,165,48,0,47,225,46,0,45,674,44,500,9298,7875
1773708631,55,54,55,2808,56,3793,57,25,58,0,59,0,60,451,61,37,62,0,63,1680,64,500,65,4,54,2472,53,836,52,136,51,590,50,2277,49,165,48,0,47,225,46,0,45,674,44,500,9298,7875
1773708632,55,54,55,2808,56,3793,57,25,58,0,59,0,60,451,61,37,62,0,63,1680,64,500,65,4,54,2472,53,836,52,136,51,590,50,2277,49,165,48,0,47,225,46,0,45,674,44,500,9298,7875
1773708633,55,54,55,2808,56,3793,57,25,58,0,59,0,60,451,61,37,62,0,63,1680,64,500,65,4,54,2472,53,836,52,136,51,590,50,2277,49,165,48,0,47,225,46,0,45,674,44,500,9298,7875
1773708634,55,54,55,2808,56,3793,57,25,58,0,59,0,60,451,61,37,62,0,63,1680,64,500,65,4,54,2472,53,836,52,136,51,590,50,2277,49,165,48,0,47,225,46,0,45,674,44,500,9298,7875
1773708635,55,54,55,2808,56,3793,57,25,58,0,59,0,60,451,61,37,62,0,63,1680,64,500,65,4,54,2472,53,836,52,136,51,590,50,2277,49,165,48,0,47,225,46,0,45,674,44,500,9298,7875
1773708636,55,54,55,2808,56,3793,57,25,58,0,59,0,60,451,61,37,62,0,63,1680,64,500,65,4,54,2472,53,836,52,136,51,590,50,2277,49,165,48,0,47,225,46,0,45,674,44,500,9298,7875
1773708637,55,54,55,2808,56,4620,57,25,58,0,59,0,60,451,61,37,62,0,63,1680,64,500,65,4,54,2472,53,836,52,136,51,590,50,2277,49,165,48,0,47,225,46,0,45,674,44,500,10125,7875
1773708638,55,54,55,2808,56,4620,57,25,58,0,59,0,60,451,61,37,62,0,63,1680,64,500,65,4,54,2472,53,836,52,136,51,590,50,2277,49,165,48,0,47,225,46,0,45,674,44,500,10125,7875
1773708639,55,54,55,2808,56,4620,57,25,58,0,59,0,60,451,61,37,62,0,63,1680,64,500,65,4,54,2472,53,836,52,136,51,590,50,2277,49,165,48,0,47,225,46,0,45,674,44,500,10125,7875
1773708640,55,54,55,2808,56,4620,57,25,58,0,59,0,60,451,61,37,62,0,63,1680,64,500,65,4,54,2472,53,836,52,136,51,590,50,2277,49,165,48,0,47,225,46,0,45,674,44,500,10125,7875
1773708641,55,54,55,2808,56,4620,57,25,58,0,59,0,60,451,61,37,62,0,63,1680,64,500,65,4,54,2472,53,836,52,136,51,590,50,2277,49,165,48,0,47,225,46,0,45,674,44,500,10125,7875
1773708642,55,54,55,2808,56,4620,57,25,58,0,59,0,60,451,61,37,62,0,63,1680,64,500,65,4,54,2472,53,836,52,136,51,590,50,2277,49,165,48,0,47,225,46,0,45,674,44,500,10125,7875
1773708643,55,54,55,2808,56,4620,57,25,58,0,59,0,60,451,61,37,62,0,63,1680,64,500,65,4,54,2472,53,836,52,136,51,590,50,2277,49,165,48,0,47,225,46,0,45,674,44,500,10125,7875
1773708644,55,54,55,2808,56,4620,57,25,58,0,59,0,60,451,61,37,62,0,63,1680,64,500,65,4,54,2472,53,836,52,136,51,590,50,2277,49,165,48,0,47,225,46,0,45,674,44,500,10125,7875
1773708645,55,54,55,2808,56,4620,57,25,58,0,59,0,60,451,61,37,62,0,63,1680,64,500,65,4,54,2472,53,836,52,136,51,590,50,2277,49,165,48,0,47,225,46,0,45,674,44,500,10125,7875
1773708646,55,54,55,2808,56,4620,57,25,58,0,59,0,60,451,61,37,62,0,63,1680,64,500,65,4,54,2472,53,836,52,136,51,590,50,2277,49,165,48,0,47,225,46,0,45,674,44,500,10125,7875
1773708647,55,54,55,2808,56,4620,57,25,58,0,59,0,60,451,61,37,62,0,63,1680,64,500,65,4,54,2472,53,836,52,136,51,590,50,2277,49,165,48,0,47,225,46,0,45,674,44,500,10125,7875
1773708648,55,54,55,2808,56,4620,57,25,58,0,59,0,60,451,61,37,62,0,63,1680,64,500,65,4,54,2472,53,836,52,136,51,590,50,2277,49,165,48,0,47,225,46,0,45,674,44,500,10125,7875
1773708649,55,54,55,2808,56,4620,57,25,58,0,59,0,60,451,61,37,62,0,63,1680,64,500,65,4,54,2472,53,836,52,136,51,590,50,2277,49,165,48,0,47,225,46,0,45,674,44,500,10125,7875
1773708650,55,53,55,2808,56,4620,57,25,58,0,59,0,60,451,61,37,62,0,63,1680,64,500,65,4,53,836,52,136,51,590,50,2277,49,165,48,0,47,225,46,498,45,828,44,500,43,0,10125,6055
1773708651,55,53,55,2808,56,4626,57,25,58,0,59,0,60,451,61,37,62,0,63,1680,64,500,65,4,53,836,52,136,51,590,50,2277,49,165,48,0,47,225,46,498,45,828,44,500,43,0,10131,6055
1773708652,55,53,55,2808,56,4626,57,25,58,0,59,0,60,451,61,37,62,0,63,1680,64,500,65,4,53,836,52,136,51,590,50,2277,49,165,48,0,47,225,46,498,45,828,44,500,43,0,10131,6055
1773708653,55,53,55,2808,56,4626,57,25,58,0,59,0,60,451,61,37,62,0,63,1680,64,500,65,4,53,836,52,136,51,590,50,2277,49,165,48,0,47,225,46,498,45,828,44,500,43,0,10131,6055
1773708654,55,53,55,2808,56,4626,57,25,58,0,59,0,60,451,61,37,62,0,63,1680,64,500,65,4,53,836,52,136,51,590,50,2277,49,165,48,0,47,225,46,498,45,828,44,500,43,0,10131,6055
1773708655,55,53,55,2808,56,4626,57,25,58,0,59,0,60,451,61,37,62,0,63,1680,64,500,65,4,53,836,52,136,51,590,50,2277,49,165,48,0,47,225,46,498,45,828,44,500,43,0,10131,6055
1773708656,55,53,55,2808,56,4626,57,25,58,0,59,0,60,451,61,37,62,0,63,1680,64,500,65,4,53,836,52,136,51,590,50,2277,49,165,48,0,47,225,46,498,45,828,44,500,43,0,10131,6055
1773708657,55,53,55,2808,56,4620,57,25,58,0,59,0,60,451,61,37,62,0,63,1680,64,500,65,4,53,836,52,136,51,590,50,2277,49,165,48,0,47,225,46,498,45,828,44,500,43,0,10125,6055
1773708658,55,53,55,2808,56,4620,57,25,58,0,59,0,60,451,61,37,62,0,63,1680,64,500,65,4,53,836,52,136,51,590,50,2277,49,165,48,0,47,225,46,498,45,828,44,500,43,0,10125,6055
1773708659,55,53,55,2808,56,4620,57,25,58,0,59,0,60,451,61,37,62,0,63,1680,64,500,65,4,53,836,52,136,51,590,50,2277,49,165,48,0,47,225,46,498,45,828,44,500,43,0,10125,6055
1773708660,55,53,55,2808,56,4620,57,25,58,0,59,0,60,451,61,37,62,0,63,1680,64,500,65,4,53,836,52,136,51,590,50,2277,49,165,48,0,47,225,46,498,45,828,44,500,43,0,10125,6055
1773708661,55,53,55,2808,56,4620,57,25,58,0,59,0,60,451,61,37,62,0,63,1680,64,500,65,4,53,836,52,136,51,590,50,2277,49,165,48,0,47,225,46,498,45,828,44,500,43,0,10125,6055
1773708662,55,53,55,2808,56,4620,57,25,58,0,59,0,60,451,61,37,62,0,63,1680,64,500,65,4,53,836,52,136,51,590,50,2277,49,165,48,0,47,225,46,498,45,828,44,500,43,0,10125,6055
1773708663,55,53,55,2808,56,4620,57,25,58,0,59,0,60,451,61,37,62,0,63,1680,64,500,65,4,53,836,52,136,51,590,50,2277,49,165,48,0,47,225,46,498,45,828,44,500,43,0,10125,6055
1773708664,55,53,55,2808,56,4620,57,25,58,0,59,0,60,451,61,37,62,0,63,1680,64,500,65,4,53,836,52,136,51,590,50,2277,49,165,48,0,47,225,46,498,45,828,44,500,43,0,10125,6055
1773708665,55,53,55,2808,56,4620,57,25,58,0,59,0,60,451,61,37,62,0,63,1680,64,500,65,4,53,836,52,136,51,590,50,2277,49,165,48,0,47,225,46,498,45,821,44,500,43,0,10125,6048
1773708666,55,53,55,2808,56,4620,57,25,58,0,59,0,60,451,61,37,62,0,63,1680,64,500,65,4,53,836,52,136,51,590,50,2277,49,165,48,0,47,225,46,498,45,821,44,500,43,0,10125,6048
1773708667,55,53,55,2808,56,4620,57,25,58,0,59,0,60,451,61,37,62,0,63,1680,64,500,65,4,53,836,52,136,51,590,50,2277,49,165,48,0,47,225,46,498,45,821,44,500,43,0,10125,6048
1773708668,55,53,55,2808,56,4620,57,25,58,0,59,0,60,451,61,37,62,0,63,1680,64,500,65,4,53,836,52,136,51,590,50,2277,49,165,48,0,47,225,46,498,45,821,44,500,43,0,10125,6048
1773708669,55,53,55,2808,56,4620,57,25,58,0,59,0,60,451,61,37,62,0,63,1680,64,500,65,4,53,836,52,136,51,590,50,2277,49,165,48,0,47,225,46,498,45,821,44,500,43,0,10125,6048
1773708670,55,53,55,2808,56,4620,57,25,58,0,59,0,60,451,61,37,62,0,63,1680,64,500,65,4,53,836,52,136,51,590,50,2277,49,165,48,0,47,225,46,498,45,821,44,500,43,0,10125,6048
1773708671,55,53,55,2808,56,4620,57,25,58,0,59,0,60,451,61,37,62,0,63,1680,64,500,65,4,53,836,52,136,51,590,50,2277,49,165,48,0,47,225,46,498,45,821,44,500,43,0,10125,6048
1773708672,55,53,55,2808,56,4620,57,25,58,0,59,0,60,451,61,37,62,0,63,1680,64,500,65,4,53,836,52,136,51,590,50,2277,49,165,48,0,47,225,46,498,45,821,44,500,43,0,10125,6048
1773708673,55,53,55,2808,56,4620,57,25,58,0,59,0,60,451,61,37,62,0,63,1680,64,500,65,4,53,836,52,136,51,590,50,2277,49,165,48,0,47,225,46,498,45,821,44,500,43,0,10125,6048
1773708674,55,53,55,2808,56,4620,57,25,58,0,59,0,60,451,61,37,62,0,63,1680,64,500,65,4,53,836,52,136,51,590,50,2277,49,165,48,0,47,225,46,498,45,821,44,500,43,0,10125,6048
1773708675,55,53,55,2808,56,4620,57,25,58,0,59,0,60,451,61,37,62,0,63,1680,64,500,65,4,53,836,52,136,51,590,50,2277,49,165,48,0,47,225,46,498,45,821,44,500,43,0,10125,6048
1773708676,55,53,55,2808,56,4620,57,25,58,0,59,0,60,451,61,37,62,0,63,1680,64,500,65,4,53,836,52,136,51,590,50,2277,49,165,48,0,47,225,46,498,45,821,44,500,43,0,10125,6048
1773708677,55,53,55,2808,56,4620,57,25,58,0,59,0,60,451,61,37,62,0,63,1680,64,500,65,4,53,836,52,136,51,590,50,2277,49,165,48,0,47,225,46,498,45,821,44,500,43,0,10125,6048
1773708678,55,53,55,2808,56,4620,57,25,58,0,59,0,60,451,61,37,62,0,63,1680,64,500,65,4,53,836,52,136,51,590,50,2277,49,165,48,0,47,225,46,498,45,821,44,500,43,0,10125,6048
1773708679,55,53,55,2808,56,4620,57,25,58,0,59,0,60,451,61,37,62,0,63,1680,64,500,65,4,53,836,52,136,51,590,50,2277,49,165,48,0,47,225,46,498,45,821,44,500,43,0,10125,6048
1773708680,55,53,55,2808,56,4620,57,25,58,0,59,0,60,451,61,37,62,0,63,1680,64,500,65,4,53,836,52,136,51,590,50,2277,49,165,48,0,47,225,46,498,45,821,44,500,43,0,10125,6048
1773708681,55,53,55,2808,56,4620,57,25,58,0,59,0,60,451,61,37,62,0,63,1680,64,500,65,4,53,836,52,136,51,590,50,2277,49,165,48,0,47,225,46,498,45,821,44,500,43,0,10125,6048
1773708682,55,53,55,2808,56,4620,57,25,58,0,59,0,60,451,61,37,62,0,63,1680,64,500,65,4,53,836,52,136,51,590,50,2277,49,165,48,0,47,225,46,498,45,821,44,500,43,0,10125,6048
1773708683,55,53,55,2808,56,4620,57,25,58,0,59,0,60,451,61,37,62,0,63,1680,64,500,65,4,53,836,52,136,51,590,50,2277,49,165,48,0,47,225,46,498,45,821,44,500,43,0,10125,6048
1773708684,55,53,55,2808,56,4620,57,25,58,0,59,0,60,451,61,37,62,0,63,1680,64,500,65,4,53,836,52,136,51,590,50,2277,49,165,48,0,47,225,46,498,45,821,44,500,43,0,10125,6048
1773708685,55,53,55,2808,56,4620,57,25,58,0,59,0,60,451,61,37,62,0,63,1680,64,500,65,4,53,836,52,136,51,590,50,2277,49,165,48,0,47,225,46,498,45,821,44,500,43,0,10125,6048
1773708686,55,53,55,2746,56,4620,57,25,58,0,59,0,60,451,61,37,62,0,63,1680,64,500,65,4,53,836,52,136,51,590,50,2277,49,165,48,0,47,225,46,498,45,821,44,500,43,0,10063,6048
1773708687,54,53,54,4,55,2732,56,4620,57,25,58,0,59,0,60,451,61,37,62,0,63,1680,64,500,53,836,52,136,51,590,50,2277,49,165,48,0,47,225,46,498,45,821,44,500,43,0,10049,6048
1773708688,54,53,54,4,55,2794,56,4620,57,25,58,0,59,0,60,451,61,37,62,0,63,1680,64,500,53,836,52,136,51,590,50,2277,49,165,48,0,47,225,46,498,45,821,44,500,43,0,10111,6048
1773708689,54,53,54,4,55,2794,56,4620,57,25,58,0,59,0,60,451,61,37,62,0,63,1680,64,500,53,836,52,136,51,590,50,2277,49,165,48,0,47,225,46,498,45,821,44,500,43,0,10111,6048
1773708690,54,53,54,4,55,2794,56,4620,57,25,58,0,59,0,60,451,61,37,62,0,63,1680,64,500,53,836,52,136,51,590,50,2277,49,165,48,0,47,225,46,498,45,821,44,500,43,0,10111,6048
1773708691,54,53,54,4,55,2794,56,4620,57,25,58,0,59,0,60,451,61,37,62,0,63,1680,64,500,53,836,52,136,51,590,50,2277,49,165,48,0,47,225,46,498,45,821,44,500,43,0,10111,6048
1773708692,54,53,54,4,55,2794,56,4620,57,25,58,0,59,0,60,451,61,37,62,0,63,1680,64,500,53,836,52,136,51,590,50,2277,49,165,48,0,47,225,46,498,45,821,44,500,43,0,10111,6048
1773708693,54,53,54,4,55,2794,56,4620,57,25,58,0,59,0,60,451,61,37,62,0,63,1680,64,500,53,836,52,136,51,590,50,2277,49,165,48,0,47,225,46,498,45,821,44,500,43,0,10111,6048
1773708694,54,53,54,4,55,2794,56,4620,57,25,58,0,59,0,60,451,61,37,62,0,63,1680,64,500,53,836,52,136,51,590,50,2277,49,165,48,0,47,225,46,498,45,821,44,500,43,0,10111,6048
1773708695,54,53,54,4,55,2794,56,4620,57,25,58,0,59,0,60,451,61,37,62,0,63,1680,64,500,53,836,52,136,51,590,50,2277,49,165,48,0,47,225,46,498,45,821,44,500,43,0,10111,6048
1773708696,54,53,54,4,55,2794,56,4620,57,25,58,0,59,0,60,451,61,37,62,0,63,1680,64,500,53,836,52,136,51,590,50,2277,49,165,48,0,47,225,46,498,45,821,44,500,43,0,10111,6048
1773708697,54,53,54,4,55,2794,56,4620,57,25,58,0,59,0,60,451,61,37,62,0,63,1680,64,500,53,836,52,136,51,590,50,2277,49,165,48,0,47,225,46,498,45,821,44,500,43,0,10111,6048
1773708698,54,53,54,4,55,2794,56,4620,57,25,58,0,59,0,60,451,61,37,62,0,63,1680,64,500,53,836,52,136,51,590,50,2277,49,165,48,0,47,225,46,498,45,821,44,500,43,0,10111,6048
1773708699,54,53,54,4,55,2794,56,4620,57,25,58,0,59,0,60,451,61,37,62,0,63,1680,64,500,53,836,52,136,51,590,50,2277,49,165,48,0,47,225,46,498,45,821,44,500,43,0,10111,6048
1773708700,54,53,54,4,55,2794,56,4620,57,25,58,0,59,0,60,451,61,37,62,0,63,1680,64,500,53,836,52,136,51,590,50,2277,49,165,48,0,47,225,46,498,45,821,44,500,43,0,10111,6048
1773708701,54,53,54,4,55,2794,56,4620,57,25,58,0,59,0,60,451,61,37,62,0,63,1680,64,500,53,836,52,136,51,590,50,2277,49,165,48,0,47,225,46,498,45,821,44,500,43,0,10111,6048
1773708702,54,53,54,4,55,2794,56,4620,57,25,58,0,59,0,60,451,61,37,62,0,63,1680,64,500,53,836,52,136,51,590,50,2277,49,165,48,0,47,225,46,498,45,821,44,500,43,0,10111,6048
1773708703,54,53,54,4,55,2794,56,4620,57,25,58,0,59,0,60,451,61,37,62,0,63,1680,64,500,53,836,52,136,51,590,50,2277,49,165,48,0,47,225,46,498,45,821,44,500,43,0,10111,6048
1773708704,54,53,54,4,55,2794,56,4620,57,25,58,0,59,0,60,451,61,37,62,0,63,1680,64,500,53,836,52,136,51,590,50,2277,49,165,48,0,47,225,46,498,45,821,44,500,43,0,10111,6048
1773708705,54,53,54,4,55,2794,56,4620,57,25,58,0,59,0,60,451,61,37,62,0,63,1680,64,500,53,836,52,136,51,590,50,2277,49,165,48,0,47,225,46,498,45,821,44,500,43,0,10111,6048
1773708706,54,53,54,4,55,2794,56,4620,57,25,58,0,59,0,60,451,61,37,62,0,63,1680,64,500,53,836,52,136,51,590,50,2277,49,165,48,0,47,225,46,498,45,821,44,500,43,0,10111,6048
1773708707,54,53,54,4,55,2794,56,4620,57,25,58,0,59,0,60,451,61,37,62,0,63,1680,64,500,53,836,52,136,51,590,50,2277,49,165,48,0,47,225,46,498,45,821,44,500,43,0,10111,6048
1773708708,54,53,54,4,55,2794,56,4620,57,25,58,0,59,0,60,451,61,37,62,0,63,1680,64,500,53,836,52,136,51,590,50,2277,49,165,48,0,47,225,46,498,45,821,44,500,43,0,10111,6048
1773708709,54,53,54,4,55,2794,56,4620,57,25,58,0,59,0,60,451,61,37,62,0,63,1680,64,500,53,836,52,136,51,590,50,2277,49,165,48,0,47,225,46,498,45,821,44,500,43,0,10111,6048
1773708710,54,53,54,4,55,2794,56,4620,57,25,58,0,59,0,60,451,61,37,62,0,63,1680,64,500,53,836,52,136,51,590,50,2277,49,165,48,0,47,225,46,498,45,821,44,500,43,0,10111,6048
1773708711,54,53,54,4,55,2794,56,4620,57,25,58,0,59,0,60,451,61,37,62,0,63,1680,64,500,53,836,52,136,51,590,50,2277,49,165,48,0,47,225,46,498,45,821,44,500,43,0,10111,6048
1773708712,54,53,54,4,55,2794,56,4620,57,25,58,0,59,0,60,451,61,37,62,0,63,1680,64,500,53,836,52,136,51,590,50,2277,49,165,48,0,47,225,46,498,45,821,44,500,43,0,10111,6048
1773708713,54,53,54,4,55,2794,56,4620,57,25,58,0,59,0,60,451,61,37,62,0,63,1680,64,500,53,836,52,136,51,590,50,2277,49,165,48,0,47,225,46,498,45,821,44,500,43,0,10111,6048
1773708714,54,53,54,4,55,2794,56,4620,57,25,58,0,59,0,60,451,61,37,62,0,63,1680,64,500,53,836,52,136,51,590,50,2277,49,165,48,0,47,225,46,498,45,821,44,500,43,0,10111,6048
1773708715,54,53,54,4,55,2794,56,4620,57,25,58,0,59,0,60,451,61,37,62,0,63,1680,64,500,53,836,52,136,51,590,50,2277,49,165,48,0,47,225,46,498,45,821,44,500,43,0,10111,6048
1773708716,54,53,54,4,55,2794,56,4620,57,25,58,0,59,0,60,451,61,37,62,0,63,1680,64,500,53,836,52,136,51,590,50,2277,49,165,48,0,47,225,46,498,45,821,44,500,43,0,10111,6048
1773708717,54,53,54,4,55,2794,56,4620,57,25,58,0,59,0,60,451,61,37,62,0,63,1680,64,500,53,836,52,136,51,590,50,2277,49,165,48,0,47,225,46,498,45,821,44,500,43,0,10111,6048
1773708718,54,53,54,4,55,2794,56,4620,57,25,58,0,59,0,60,451,61,37,62,0,63,1680,64,500,53,836,52,136,51,590,50,2277,49,165,48,0,47,225,46,498,45,821,44,500,43,0,10111,6048
1773708719,54,53,54,4,55,2794,56,4620,57,25,58,0,59,0,60,451,61,37,62,0,63,1680,64,500,53,836,52,136,51,590,50,2277,49,165,48,0,47,225,46,498,45,821,44,500,43,0,10111,6048
1773708720,54,53,54,4,55,2794,56,4620,57,25,58,0,59,0,60,451,61,37,62,0,63,1680,64,500,53,836,52,136,51,590,50,2277,49,165,48,0,47,225,46,498,45,821,44,500,43,0,10111,6048
1773708721,54,53,54,4,55,2794,56,4620,57,25,58,0,59,0,60,451,61,37,62,0,63,1680,64,500,53,836,52,136,51,590,50,2277,49,165,48,0,47,225,46,498,45,821,44,500,43,0,10111,6048
1773708722,54,53,54,4,55,2794,56,4620,57,25,58,0,59,0,60,451,61,37,62,0,63,1680,64,500,53,836,52,136,51,590,50,2277,49,165,48,0,47,225,46,498,45,821,44,500,43,0,10111,6048
1773708723,54,53,54,4,55,2794,56,4620,57,25,58,0,59,0,60,451,61,37,62,0,63,1680,64,500,53,836,52,136,51,590,50,2277,49,165,48,0,47,225,46,498,45,821,44,500,43,0,10111,6048
1773708724,54,53,54,4,55,2794,56,4620,57,25,58,0,59,0,60,451,61,37,62,0,63,1680,64,500,53,836,52,136,51,590,50,2277,49,165,48,0,47,225,46,498,45,821,44,500,43,0,10111,6048
1773708725,54,53,54,4,55,2794,56,4620,57,25,58,0,59,0,60,451,61,37,62,0,63,1680,64,500,53,836,52,136,51,590,50,2277,49,165,48,0,47,225,46,498,45,821,44,500,43,0,10111,6048
1773708726,54,53,54,4,55,2794,56,4620,57,25,58,0,59,0,60,451,61,37,62,0,63,1680,64,500,53,836,52,136,51,590,50,2277,49,165,48,0,47,225,46,498,45,821,44,500,43,0,10111,6048
1773708727,54,53,54,4,55,2794,56,4620,57,25,58,0,59,0,60,451,61,37,62,0,63,1680,64,500,53,836,52,136,51,590,50,2277,49,165,48,0,47,225,46,498,45,821,44,500,43,0,10111,6048
1773708728,54,53,54,4,55,2794,56,4620,57,25,58,0,59,0,60,451,61,37,62,0,63,1680,64,500,53,836,52,136,51,590,50,2277,49,165,48,0,47,225,46,498,45,821,44,500,43,0,10111,6048
1773708729,54,53,54,4,55,2794,56,4620,57,25,58,0,59,0,60,451,61,37,62,0,63,1680,64,500,53,836,52,136,51,590,50,2277,49,165,48,0,47,225,46,498,45,821,44,500,43,0,10111,6048
1773708730,54,53,54,4,55,2794,56,4620,57,25,58,0,59,0,60,451,61,37,62,0,63,1680,64,500,53,836,52,136,51,590,50,2277,49,165,48,0,47,225,46,498,45,821,44,500,43,0,10111,6048
1773708731,54,53,54,4,55,2794,56,4620,57,25,58,0,59,0,60,451,61,37,62,0,63,1680,64,500,53,836,52,136,51,590,50,2277,49,165,48,0,47,225,46,498,45,821,44,500,43,0,10111,6048
1773708732,55,53,55,2794,56,4620,57,25,58,0,59,0,60,451,61,37,62,0,63,1680,64,500,65,4,53,836,52,136,51,590,50,2277,49,165,48,0,47,225,46,498,45,821,44,500,43,0,10111,6048
1773708733,55,53,55,2794,56,4620,57,25,58,0,59,0,60,451,61,37,62,0,63,1680,64,500,65,4,53,836,52,136,51,590,50,2277,49,165,48,0,47,225,46,498,45,821,44,500,43,0,10111,6048
1773708734,55,53,55,2794,56,4620,57,25,58,0,59,0,60,451,61,37,62,0,63,1680,64,500,65,4,53,836,52,136,51,590,50,2277,49,165,48,0,47,225,46,498,45,821,44,500,43,0,10111,6048
1773708735,55,53,55,2794,56,4620,57,25,58,0,59,0,60,451,61,37,62,0,63,1680,64,500,65,4,53,836,52,136,51,590,50,2277,49,165,48,0,47,225,46,498,45,821,44,500,43,0,10111,6048
1773708736,55,53,55,2794,56,4620,57,25,58,0,59,0,60,451,61,37,62,0,63,1680,64,500,65,4,53,836,52,136,51,590,50,2277,49,165,48,0,47,225,46,498,45,821,44,500,43,0,10111,6048
1773708737,55,53,55,2794,56,4620,57,25,58,0,59,0,60,451,61,37,62,0,63,1680,64,500,65,4,53,836,52,136,51,590,50,2277,49,165,48,0,47,225,46,498,45,821,44,500,43,0,10111,6048
1773708738,55,53,55,2794,56,4620,57,25,58,0,59,0,60,451,61,37,62,0,63,1680,64,500,65,4,53,836,52,136,51,590,50,2277,49,165,48,0,47,225,46,498,45,821,44,500,43,0,10111,6048
1773708739,55,53,55,2794,56,4620,57,25,58,0,59,0,60,451,61,37,62,0,63,1680,64,500,65,4,53,836,52,136,51,590,50,2277,49,165,48,0,47,225,46,498,45,821,44,500,43,0,10111,6048
1773708740,55,53,55,2794,56,4620,57,25,58,0,59,0,60,451,61,37,62,0,63,1680,64,500,65,4,53,836,52,136,51,590,50,2277,49,165,48,0,47,225,46,498,45,821,44,500,43,0,10111,6048
1773708741,55,53,55,2794,56,4620,57,25,58,0,59,0,60,451,61,37,62,0,63,1680,64,500,65,4,53,836,52,136,51,590,50,2277,49,165,48,0,47,225,46,498,45,821,44,500,43,0,10111,6048
1773708742,55,53,55,2794,56,4620,57,25,58,0,59,0,60,451,61,37,62,0,63,1680,64,500,65,4,53,836,52,136,51,590,50,2277,49,165,48,0,47,225,46,498,45,821,44,500,43,0,10111,6048
1773708743,55,53,55,2794,56,4620,57,25,58,0,59,0,60,451,61,37,62,0,63,1680,64,500,65,4,53,836,52,136,51,590,50,2277,49,165,48,0,47,225,46,498,45,821,44,500,43,0,10111,6048
1773708744,55,53,55,2794,56,4620,57,25,58,0,59,0,60,451,61,37,62,0,63,1680,64,500,65,4,53,836,52,136,51,590,50,2277,49,165,48,0,47,225,46,498,45,821,44,500,43,0,10111,6048
1773708745,55,53,55,2794,56,4620,57,25,58,0,59,0,60,451,61,37,62,0,63,1680,64,500,65,4,53,836,52,136,51,590,50,2277,49,165,48,0,47,225,46,498,45,821,44,500,43,0,10111,6048
1773708746,55,53,55,2794,56,4620,57,25,58,0,59,0,60,451,61,37,62,0,63,1680,64,500,65,4,53,836,52,136,51,590,50,2277,49,165,48,0,47,225,46,498,45,821,44,500,43,0,10111,6048
1773708747,55,53,55,2794,56,4620,57,25,58,0,59,0,60,451,61,37,62,0,63,1680,64,500,65,4,53,836,52,136,51,590,50,2277,49,165,48,0,47,225,46,498,45,821,44,500,43,0,10111,6048
1773708748,55,53,55,2794,56,4620,57,25,58,0,59,0,60,451,61,37,62,0,63,1680,64,500,65,4,53,836,52,136,51,590,50,2277,49,165,48,0,47,225,46,498,45,821,44,500,43,0,10111,6048
1773708749,55,53,55,2794,56,4620,57,25,58,0,59,0,60,451,61,37,62,0,63,1680,64,500,65,4,53,836,52,136,51,590,50,2277,49,165,48,0,47,225,46,498,45,821,44,500,43,0,10111,6048
1773708750,55,53,55,2794,56,4620,57,25,58,0,59,0,60,451,61,37,62,0,63,1680,64,500,65,4,53,836,52,136,51,590,50,2277,49,165,48,0,47,225,46,498,45,821,44,500,43,0,10111,6048
1773708751,55,53,55,2794,56,4620,57,25,58,0,59,0,60,451,61,37,62,0,63,1680,64,500,65,4,53,836,52,136,51,590,50,2277,49,165,48,0,47,225,46,498,45,821,44,500,43,0,10111,6048
1773708752,55,53,55,2794,56,4620,57,25,58,0,59,0,60,451,61,37,62,0,63,1680,64,500,65,4,53,836,52,136,51,590,50,2277,49,165,48,0,47,225,46,498,45,821,44,500,43,0,10111,6048
1773708753,55,53,55,2716,56,4620,57,25,58,0,59,0,60,451,61,37,62,0,63,1680,64,500,65,4,53,836,52,136,51,590,50,2277,49,165,48,0,47,225,46,498,45,821,44,500,43,0,10033,6048
1773708754,55,53,55,2294,56,5120,57,25,58,0,59,0,60,451,61,37,62,0,63,1447,64,500,65,4,53,836,52,136,51,590,50,2277,49,165,48,0,47,225,46,498,45,821,44,500,43,0,9878,6048
1773708755,55,53,55,2294,56,5125,57,25,58,0,59,0,60,451,61,37,62,0,63,1447,64,500,65,4,53,836,52,136,51,590,50,2277,49,165,48,0,47,225,46,498,45,821,44,500,43,0,9883,6048
1773708756,55,53,55,2294,56,5125,57,25,58,0,59,0,60,451,61,37,62,0,63,1447,64,500,65,4,53,836,52,136,51,590,50,2277,49,165,48,0,47,225,46,498,45,821,44,500,43,0,9883,6048
1773708757,55,53,55,2294,56,5125,57,25,58,0,59,0,60,451,61,37,62,0,63,1447,64,500,65,4,53,836,52,136,51,590,50,2277,49,165,48,0,47,225,46,498,45,821,44,500,43,0,9883,6048
1773708758,55,53,55,2294,56,5125,57,25,58,0,59,0,60,451,61,37,62,0,63,1447,64,500,65,4,53,836,52,136,51,590,50,2277,49,165,48,0,47,225,46,498,45,821,44,500,43,0,9883,6048
1773708759,55,53,55,2294,56,5125,57,25,58,0,59,0,60,451,61,37,62,0,63,1447,64,500,65,4,53,836,52,136,51,590,50,2277,49,165,48,0,47,225,46,498,45,821,44,500,43,0,9883,6048
1773708760,55,53,55,2294,56,5125,57,25,58,0,59,0,60,451,61,37,62,0,63,1447,64,500,65,4,53,836,52,136,51,590,50,2277,49,165,48,0,47,225,46,498,45,821,44,500,43,0,9883,6048
1773708761,55,53,55,2294,56,5125,57,25,58,0,59,0,60,451,61,37,62,0,63,1447,64,500,65,4,53,836,52,136,51,590,50,2277,49,165,48,0,47,225,46,498,45,821,44,500,43,0,9883,6048
1773708762,55,53,55,2294,56,5125,57,25,58,0,59,0,60,451,61,37,62,0,63,1447,64,500,65,4,53,836,52,136,51,590,50,2277,49,165,48,0,47,225,46,498,45,821,44,500,43,0,9883,6048
1773708763,55,53,55,2294,56,5125,57,25,58,0,59,0,60,451,61,37,62,0,63,1447,64,500,65,4,53,836,52,136,51,590,50,2277,49,165,48,0,47,225,46,498,45,821,44,500,43,0,9883,6048
1773708764,55,53,55,2294,56,5125,57,25,58,0,59,0,60,451,61,37,62,0,63,1447,64,500,65,4,53,836,52,136,51,590,50,2277,49,165,48,0,47,225,46,498,45,821,44,500,43,0,9883,6048
1773708765,55,53,55,2294,56,5125,57,25,58,0,59,0,60,451,61,37,62,0,63,1447,64,500,65,4,53,836,52,136,51,590,50,2277,49,165,48,0,47,225,46,498,45,821,44,500,43,0,9883,6048
1773708766,55,53,55,2294,56,5125,57,25,58,0,59,0,60,451,61,37,62,0,63,1447,64,500,65,4,53,836,52,136,51,590,50,2277,49,165,48,0,47,225,46,498,45,821,44,500,43,0,9883,6048
1773708767,55,53,55,2294,56,5125,57,25,58,0,59,0,60,451,61,37,62,0,63,1447,64,500,65,4,53,836,52,136,51,590,50,2277,49,165,48,0,47,225,46,498,45,821,44,500,43,0,9883,6048
1773708768,55,53,55,2294,56,5125,57,25,58,0,59,0,60,451,61,37,62,0,63,1447,64,500,65,4,53,836,52,136,51,590,50,2277,49,165,48,0,47,225,46,498,45,821,44,500,43,0,9883,6048
1773708769,55,53,55,2294,56,5125,57,25,58,0,59,0,60,451,61,37,62,0,63,1447,64,500,65,4,53,836,52,136,51,590,50,2277,49,165,48,0,47,225,46,498,45,821,44,500,43,0,9883,6048
1773708770,55,53,55,2294,56,5125,57,25,58,0,59,0,60,451,61,37,62,0,63,1447,64,500,65,4,53,836,52,136,51,590,50,2277,49,165,48,0,47,225,46,498,45,821,44,500,43,0,9883,6048
1773708771,55,53,55,2294,56,5125,57,25,58,0,59,0,60,451,61,37,62,0,63,1447,64,500,65,4,53,836,52,136,51,590,50,2277,49,165,48,0,47,225,46,498,45,821,44,500,43,0,9883,6048
1773708772,55,53,55,2294,56,5125,57,25,58,0,59,0,60,451,61,37,62,0,63,1447,64,500,65,4,53,836,52,136,51,590,50,2277,49,165,48,0,47,225,46,498,45,821,44,500,43,0,9883,6048
1773708773,55,53,55,2294,56,5125,57,25,58,0,59,0,60,451,61,37,62,0,63,1447,64,500,65,4,53,836,52,136,51,590,50,2277,49,165,48,0,47,225,46,498,45,821,44,500,43,0,9883,6048
1773708774,55,53,55,2294,56,5125,57,25,58,0,59,0,60,451,61,37,62,0,63,1447,64,500,65,4,53,836,52,136,51,590,50,2277,49,165,48,0,47,225,46,498,45,821,44,500,43,0,9883,6048
1773708775,55,53,55,2294,56,5125,57,25,58,0,59,0,60,451,61,37,62,0,63,1447,64,500,65,4,53,836,52,136,51,590,50,2277,49,165,48,0,47,1404,46,498,45,821,44,500,43,0,9883,7227
1773708776,55,53,55,2294,56,5125,57,25,58,0,59,0,60,451,61,37,62,0,63,1447,64,500,65,4,53,836,52,136,51,590,50,2277,49,165,48,0,47,1404,46,498,45,821,44,500,43,0,9883,7227
1773708777,55,53,55,2294,56,5125,57,25,58,0,59,0,60,451,61,37,62,0,63,1447,64,500,65,4,53,836,52,136,51,590,50,2277,49,165,48,0,47,1404,46,498,45,821,44,500,43,0,9883,7227
1773708778,55,53,55,2294,56,5125,57,25,58,0,59,0,60,451,61,37,62,0,63,1447,64,500,65,4,53,836,52,136,51,590,50,2277,49,165,48,0,47,1404,46,498,45,821,44,500,43,0,9883,7227
1773708779,55,53,55,2294,56,5125,57,25,58,0,59,0,60,451,61,37,62,0,63,1447,64,500,65,4,53,836,52,136,51,590,50,2277,49,165,48,0,47,1404,46,498,45,821,44,500,43,0,9883,7227
1773708780,55,53,55,2294,56,5125,57,25,58,0,59,0,60,451,61,37,62,0,63,1447,64,500,65,4,53,836,52,136,51,590,50,2277,49,165,48,0,47,1404,46,498,45,821,44,500,43,0,9883,7227
1773708781,55,53,55,2294,56,5125,57,25,58,0,59,0,60,451,61,37,62,0,63,1447,64,500,65,4,53,836,52,136,51,590,50,2277,49,165,48,0,47,1404,46,498,45,821,44,500,43,0,9883,7227
1773708782,55,53,55,2294,56,5125,57,25,58,0,59,0,60,451,61,37,62,0,63,1447,64,500,65,4,53,836,52,136,51,590,50,2277,49,165,48,0,47,1404,46,498,45,821,44,500,43,0,9883,7227
1773708783,55,53,55,2294,56,5125,57,25,58,0,59,0,60,451,61,37,62,0,63,1447,64,500,65,4,53,836,52,136,51,590,50,2277,49,165,48,0,47,1404,46,498,45,821,44,500,43,0,9883,7227
1773708784,55,53,55,2294,56,5125,57,25,58,0,59,0,60,451,61,37,62,0,63,1447,64,500,65,4,53,836,52,136,51,590,50,2277,49,165,48,0,47,1404,46,498,45,821,44,500,43,0,9883,7227
1773708785,55,53,55,2294,56,5125,57,25,58,0,59,0,60,451,61,37,62,0,63,1447,64,500,65,4,53,836,52,136,51,590,50,2277,49,165,48,0,47,225,46,498,45,821,44,500,43,0,9883,6048
1773708786,55,53,55,2294,56,5125,57,25,58,0,59,0,60,451,61,37,62,0,63,1447,64,500,65,4,53,836,52,136,51,590,50,2277,49,165,48,0,47,225,46,498,45,821,44,500,43,0,9883,6048
1773708787,55,53,55,2294,56,5125,57,25,58,0,59,0,60,451,61,37,62,0,63,1447,64,500,65,4,53,836,52,136,51,590,50,2277,49,165,48,0,47,225,46,498,45,821,44,500,43,0,9883,6048
1773708788,55,53,55,2294,56,5125,57,25,58,0,59,0,60,451,61,37,62,0,63,1447,64,500,65,4,53,836,52,136,51,590,50,2277,49,165,48,0,47,225,46,498,45,821,44,500,43,0,9883,6048
1773708789,55,53,55,2294,56,5125,57,25,58,0,59,0,60,451,61,37,62,0,63,1447,64,500,65,4,53,836,52,136,51,590,50,2277,49,165,48,0,47,225,46,498,45,821,44,500,43,0,9883,6048
1773708790,55,53,55,2294,56,5125,57,25,58,0,59,0,60,451,61,37,62,0,63,1447,64,500,65,4,53,836,52,136,51,590,50,2277,49,165,48,0,47,225,46,498,45,821,44,500,43,0,9883,6048
1773708791,55,53,55,2294,56,5125,57,25,58,0,59,0,60,451,61,37,62,0,63,1447,64,500,65,4,53,836,52,136,51,590,50,2277,49,165,48,0,47,225,46,498,45,821,44,500,43,0,9883,6048
1773708792,55,53,55,2294,56,5125,57,25,58,0,59,0,60,451,61,37,62,0,63,1447,64,500,65,4,53,836,52,136,51,590,50,2277,49,165,48,0,47,225,46,498,45,821,44,500,43,0,9883,6048
1773708793,55,53,55,2294,56,5125,57,25,58,0,59,0,60,451,61,37,62,0,63,1447,64,500,65,4,53,836,52,136,51,590,50,2277,49,165,48,0,47,225,46,498,45,821,44,500,43,0,9883,6048
1773708794,55,53,55,2294,56,5125,57,25,58,0,59,0,60,451,61,37,62,0,63,1447,64,500,65,4,53,836,52,136,51,590,50,2277,49,165,48,0,47,225,46,498,45,821,44,500,43,0,9883,6048
1773708795,55,53,55,2294,56,5125,57,25,58,0,59,0,60,451,61,37,62,0,63,1447,64,500,65,4,53,836,52,136,51,590,50,2277,49,165,48,0,47,225,46,498,45,821,44,500,43,0,9883,6048
1773708796,55,53,55,2294,56,5125,57,25,58,0,59,0,60,451,61,37,62,0,63,1447,64,500,65,4,53,836,52,136,51,590,50,2277,49,165,48,0,47,225,46,498,45,821,44,500,43,0,9883,6048
1773708797,55,53,55,2294,56,5125,57,25,58,0,59,0,60,451,61,37,62,0,63,1447,64,500,65,4,53,836,52,136,51,590,50,2277,49,165,48,0,47,225,46,498,45,821,44,500,43,0,9883,6048
1773708798,55,53,55,2294,56,5125,57,25,58,0,59,0,60,451,61,37,62,0,63,1447,64,500,65,4,53,836,52,136,51,590,50,2277,49,165,48,0,47,225,46,498,45,821,44,500,43,0,9883,6048
1773708799,55,53,55,2294,56,5125,57,25,58,0,59,0,60,451,61,37,62,0,63,1447,64,500,65,4,53,836,52,136,51,590,50,2277,49,165,48,0,47,225,46,498,45,821,44,500,43,0,9883,6048
1773708800,55,53,55,2294,56,5125,57,25,58,0,59,0,60,451,61,37,62,0,63,1447,64,500,65,4,53,836,52,136,51,590,50,2277,49,165,48,0,47,225,46,498,45,821,44,500,43,0,9883,6048
1773708801,55,53,55,2294,56,5125,57,25,58,0,59,0,60,451,61,37,62,0,63,1447,64,500,65,4,53,836,52,136,51,590,50,2277,49,165,48,0,47,225,46,498,45,821,44,500,43,0,9883,6048
1773708802,55,53,55,2294,56,5125,57,25,58,0,59,0,60,451,61,37,62,0,63,1447,64,500,65,4,53,836,52,136,51,590,50,2277,49,165,48,0,47,225,46,498,45,821,44,500,43,0,9883,6048
1773708803,55,53,55,2294,56,5125,57,25,58,0,59,0,60,451,61,37,62,0,63,1447,64,500,65,4,53,836,52,136,51,590,50,2277,49,165,48,0,47,225,46,498,45,821,44,500,43,0,9883,6048
1773708804,55,53,55,2294,56,5125,57,25,58,0,59,0,60,451,61,37,62,0,63,1447,64,500,65,4,53,836,52,136,51,590,50,2277,49,165,48,0,47,225,46,498,45,821,44,500,43,0,9883,6048
1773708805,55,53,55,2294,56,5125,57,25,58,0,59,0,60,451,61,37,62,0,63,1447,64,500,65,4,53,836,52,136,51,590,50,2277,49,165,48,0,47,225,46,498,45,821,44,500,43,0,9883,6048
1773708806,55,53,55,2294,56,5125,57,25,58,0,59,0,60,451,61,37,62,0,63,1447,64,500,65,4,53,836,52,136,51,590,50,2277,49,165,48,0,47,225,46,498,45,821,44,500,43,0,9883,6048
1773708807,55,53,55,2294,56,5125,57,25,58,0,59,0,60,451,61,37,62,0,63,1447,64,500,65,4,53,836,52,136,51,590,50,2277,49,165,48,0,47,225,46,498,45,821,44,500,43,0,9883,6048
1773708808,55,53,55,2294,56,5125,57,25,58,0,59,0,60,451,61,37,62,0,63,1447,64,500,65,4,53,836,52,136,51,590,50,2277,49,165,48,0,47,225,46,498,45,821,44,500,43,0,9883,6048
1773708809,55,53,55,2294,56,5125,57,25,58,0,59,0,60,451,61,37,62,0,63,1447,64,500,65,4,53,836,52,136,51,590,50,2277,49,165,48,0,47,225,46,498,45,821,44,500,43,0,9883,6048
1773708810,55,53,55,2216,56,5125,57,25,58,0,59,0,60,451,61,37,62,0,63,1447,64,500,65,4,53,836,52,136,51,590,50,2277,49,165,48,0,47,225,46,498,45,821,44,500,43,0,9805,6048
1773708811,55,53,55,2216,56,5125,57,25,58,0,59,0,60,451,61,37,62,0,63,1447,64,500,65,4,53,836,52,136,51,590,50,2277,49,165,48,0,47,225,46,498,45,821,44,500,43,0,9805,6048
1773708812,55,53,55,2216,56,5125,57,25,58,0,59,0,60,451,61,37,62,0,63,1447,64,500,65,4,53,836,52,136,51,590,50,2277,49,165,48,0,47,225,46,498,45,821,44,500,43,0,9805,6048
1773708813,55,53,55,2216,56,5125,57,25,58,0,59,0,60,451,61,37,62,0,63,1447,64,500,65,4,53,836,52,136,51,590,50,2277,49,165,48,0,47,225,46,498,45,821,44,500,43,0,9805,6048
1773708814,55,53,55,2216,56,5125,57,25,58,0,59,0,60,451,61,37,62,0,63,1447,64,500,65,4,53,836,52,136,51,590,50,2277,49,165,48,0,47,225,46,498,45,821,44,500,43,0,9805,6048
1773708815,55,53,55,2216,56,5125,57,25,58,0,59,0,60,451,61,37,62,0,63,1447,64,500,65,4,53,836,52,136,51,590,50,2277,49,165,48,0,47,225,46,498,45,821,44,500,43,0,9805,6048
1773708816,55,53,55,2216,56,5125,57,25,58,0,59,0,60,451,61,37,62,0,63,1447,64,500,65,4,53,836,52,136,51,590,50,2277,49,165,48,0,47,225,46,498,45,821,44,500,43,0,9805,6048
1773708817,55,53,55,2216,56,5125,57,25,58,0,59,0,60,451,61,37,62,0,63,1447,64,500,65,4,53,836,52,136,51,590,50,2277,49,165,48,0,47,225,46,498,45,821,44,500,43,0,9805,6048
1773708818,55,53,55,2216,56,5125,57,25,58,0,59,0,60,451,61,37,62,0,63,1447,64,500,65,4,53,836,52,136,51,590,50,2277,49,165,48,0,47,225,46,498,45,821,44,500,43,0,9805,6048
1773708819,55,53,55,2216,56,5125,57,25,58,0,59,0,60,451,61,37,62,0,63,1447,64,500,65,4,53,836,52,136,51,590,50,2277,49,165,48,0,47,225,46,498,45,821,44,500,43,0,9805,6048
1773708820,55,53,55,2216,56,5125,57,25,58,0,59,0,60,451,61,37,62,0,63,1447,64,500,65,4,53,836,52,136,51,590,50,2277,49,165,48,0,47,225,46,498,45,821,44,500,43,0,9805,6048
1773708821,55,53,55,2216,56,5125,57,25,58,0,59,0,60,451,61,37,62,0,63,1447,64,500,65,4,53,836,52,136,51,590,50,2277,49,165,48,0,47,225,46,498,45,821,44,500,43,0,9805,6048
1773708822,55,53,55,2216,56,5125,57,25,58,0,59,0,60,451,61,37,62,0,63,1447,64,500,65,4,53,836,52,136,51,590,50,2277,49,165,48,0,47,225,46,498,45,821,44,500,43,0,9805,6048
1773708823,55,53,55,2216,56,5125,57,25,58,0,59,0,60,451,61,37,62,0,63,1447,64,500,65,4,53,836,52,136,51,590,50,2277,49,165,48,0,47,225,46,498,45,821,44,500,43,0,9805,6048
1773708824,55,53,55,2216,56,5125,57,25,58,0,59,0,60,451,61,37,62,0,63,1447,64,500,65,4,53,836,52,136,51,590,50,2277,49,165,48,0,47,225,46,498,45,821,44,500,43,0,9805,6048
1773708825,55,53,55,2216,56,5125,57,25,58,0,59,0,60,451,61,37,62,0,63,1447,64,500,65,4,53,836,52,136,51,590,50,2277,49,165,48,0,47,225,46,498,45,821,44,500,43,0,9805,6048
1773708826,55,53,55,2216,56,5125,57,25,58,0,59,0,60,451,61,37,62,0,63,1447,64,500,65,4,53,836,52,136,51,590,50,2277,49,165,48,0,47,225,46,498,45,821,44,500,43,0,9805,6048
1773708827,55,53,55,2216,56,5125,57,25,58,0,59,0,60,451,61,37,62,0,63,1447,64,500,65,4,53,836,52,136,51,590,50,2277,49,165,48,0,47,225,46,498,45,821,44,500,43,0,9805,6048
1773708828,55,53,55,2242,56,5120,57,25,58,0,59,0,60,451,61,37,62,0,63,1447,64,500,65,4,53,836,52,136,51,590,50,2277,49,165,48,0,47,225,46,498,45,821,44,500,43,0,9826,6048
1773708829,55,53,55,2242,56,5120,57,25,58,0,59,0,60,451,61,37,62,0,63,1447,64,500,65,4,53,836,52,136,51,590,50,2277,49,165,48,0,47,225,46,498,45,821,44,500,43,0,9826,6048
1773708830,55,53,55,2242,56,5120,57,25,58,0,59,0,60,451,61,37,62,0,63,1447,64,500,65,4,53,836,52,136,51,590,50,2277,49,165,48,0,47,225,46,498,45,821,44,500,43,0,9826,6048
1773708831,55,53,55,2242,56,5120,57,25,58,0,59,0,60,451,61,37,62,0,63,1447,64,500,65,4,53,836,52,136,51,590,50,2277,49,165,48,0,47,225,46,498,45,821,44,500,43,0,9826,6048
1773708832,55,53,55,2242,56,5120,57,25,58,0,59,0,60,451,61,37,62,0,63,1447,64,500,65,4,53,836,52,136,51,590,50,2277,49,165,48,0,47,225,46,498,45,821,44,500,43,0,9826,6048
1773708833,55,53,55,2242,56,5120,57,25,58,0,59,0,60,451,61,37,62,0,63,1447,64,500,65,4,53,836,52,136,51,590,50,2277,49,165,48,0,47,225,46,498,45,821,44,500,43,0,9826,6048
1773708834,55,53,55,2242,56,5120,57,25,58,0,59,0,60,451,61,37,62,0,63,1447,64,500,65,4,53,836,52,136,51,590,50,2277,49,165,48,0,47,225,46,498,45,821,44,500,43,0,9826,6048
1773708835,55,53,55,2242,56,5120,57,25,58,0,59,0,60,451,61,37,62,0,63,1447,64,500,65,4,53,836,52,136,51,590,50,2277,49,165,48,0,47,225,46,498,45,821,44,500,43,0,9826,6048
1773708836,55,53,55,2242,56,5120,57,25,58,0,59,0,60,451,61,37,62,0,63,1447,64,500,65,4,53,836,52,136,51,590,50,2277,49,165,48,0,47,225,46,498,45,821,44,500,43,0,9826,6048
1773708837,55,53,55,2242,56,5120,57,25,58,0,59,0,60,451,61,37,62,0,63,1447,64,500,65,4,53,836,52,136,51,590,50,2277,49,165,48,0,47,225,46,498,45,821,44,500,43,0,9826,6048
1773708838,55,53,55,2242,56,5120,57,25,58,0,59,0,60,451,61,37,62,0,63,1447,64,500,65,4,53,836,52,136,51,590,50,2277,49,165,48,0,47,225,46,498,45,821,44,500,43,0,9826,6048
1773708839,55,53,55,2242,56,5120,57,25,58,0,59,0,60,451,61,37,62,0,63,1447,64,500,65,4,53,836,52,136,51,590,50,2272,49,165,48,0,47,225,46,498,45,821,44,500,43,0,9826,6043
1773708840,55,53,55,2242,56,5120,57,25,58,0,59,0,60,451,61,37,62,0,63,1447,64,500,65,4,53,836,52,136,51,590,50,2272,49,170,48,0,47,225,46,498,45,821,44,500,43,0,9826,6048
1773708841,55,53,55,2242,56,5120,57,25,58,0,59,0,60,451,61,37,62,0,63,1447,64,500,65,4,53,836,52,136,51,590,50,2272,49,170,48,0,47,225,46,498,45,821,44,500,43,0,9826,6048
1773708842,55,53,55,2242,56,5120,57,25,58,0,59,0,60,451,61,37,62,0,63,1447,64,500,65,4,53,836,52,136,51,590,50,2272,49,170,48,0,47,225,46,498,45,821,44,500,43,0,9826,6048
1773708843,55,53,55,2242,56,5120,57,25,58,0,59,0,60,451,61,37,62,0,63,1447,64,500,65,4,53,836,52,136,51,590,50,2272,49,170,48,0,47,225,46,498,45,821,44,500,43,0,9826,6048
1773708844,55,53,55,2242,56,5120,57,25,58,0,59,0,60,451,61,37,62,0,63,1447,64,500,65,4,53,836,52,136,51,590,50,2272,49,170,48,0,47,225,46,498,45,821,44,500,43,0,9826,6048
1773708845,55,53,55,2242,56,5120,57,25,58,0,59,0,60,451,61,37,62,0,63,1447,64,500,65,4,53,836,52,136,51,590,50,2272,49,170,48,0,47,225,46,498,45,821,44,500,43,0,9826,6048
1773708846,55,53,55,2242,56,5120,57,25,58,0,59,0,60,451,61,37,62,0,63,1447,64,500,65,4,53,836,52,136,51,590,50,2272,49,170,48,0,47,225,46,498,45,821,44,500,43,0,9826,6048
1773708847,55,53,55,2242,56,5120,57,25,58,0,59,0,60,451,61,37,62,0,63,1447,64,500,65,4,53,836,52,136,51,590,50,2272,49,170,48,0,47,225,46,498,45,821,44,500,43,0,9826,6048
1773708848,55,53,55,2242,56,5120,57,25,58,0,59,0,60,451,61,37,62,0,63,1447,64,500,65,4,53,836,52,136,51,590,50,2272,49,170,48,0,47,225,46,498,45,821,44,500,43,0,9826,6048
1773708849,55,53,55,2242,56,5120,57,25,58,0,59,0,60,451,61,37,62,0,63,1447,64,500,65,4,53,836,52,136,51,590,50,2272,49,170,48,0,47,225,46,498,45,821,44,500,43,0,9826,6048
1773708850,55,53,55,2242,56,5120,57,25,58,0,59,0,60,451,61,37,62,0,63,1447,64,500,65,4,53,836,52,136,51,590,50,2272,49,170,48,0,47,225,46,498,45,821,44,500,43,0,9826,6048
1773708851,55,53,55,2242,56,5120,57,25,58,0,59,0,60,451,61,37,62,0,63,1447,64,500,65,4,53,836,52,136,51,590,50,2272,49,170,48,0,47,225,46,498,45,821,44,500,43,0,9826,6048
1773708852,55,53,55,2242,56,5120,57,25,58,0,59,0,60,451,61,37,62,0,63,1447,64,500,65,4,53,836,52,136,51,590,50,2272,49,170,48,0,47,225,46,498,45,821,44,500,43,0,9826,6048
1773708853,55,53,55,2242,56,5120,57,25,58,0,59,0,60,451,61,37,62,0,63,1447,64,500,65,4,53,836,52,136,51,590,50,2272,49,170,48,0,47,225,46,498,45,821,44,500,43,0,9826,6048
1773708854,55,53,55,2242,56,5120,57,25,58,0,59,0,60,451,61,37,62,0,63,1447,64,500,65,4,53,836,52,136,51,590,50,2272,49,170,48,0,47,225,46,498,45,821,44,500,43,0,9826,6048
1773708855,55,53,55,2242,56,5120,57,25,58,0,59,0,60,451,61,37,62,0,63,1447,64,500,65,4,53,836,52,136,51,590,50,2272,49,170,48,0,47,225,46,498,45,821,44,500,43,0,9826,6048
1773708856,55,53,55,2242,56,5120,57,25,58,0,59,0,60,451,61,37,62,0,63,1447,64,500,65,4,53,836,52,136,51,590,50,2272,49,170,48,0,47,225,46,498,45,821,44,500,43,0,9826,6048
1773708857,55,53,55,2242,56,5120,57,25,58,0,59,0,60,451,61,37,62,0,63,1447,64,500,65,4,53,836,52,136,51,590,50,2272,49,170,48,0,47,225,46,498,45,821,44,500,43,0,9826,6048
1773708858,55,53,55,2242,56,5120,57,25,58,0,59,0,60,451,61,37,62,0,63,1447,64,500,65,4,53,836,52,136,51,590,50,2272,49,170,48,0,47,225,46,498,45,821,44,500,43,0,9826,6048
1773708859,55,53,55,2242,56,5120,57,25,58,0,59,0,60,451,61,37,62,0,63,1447,64,500,65,4,53,836,52,136,51,590,50,2272,49,170,48,0,47,225,46,498,45,821,44,500,43,0,9826,6048
1773708860,55,53,55,2242,56,5120,57,25,58,0,59,0,60,451,61,37,62,0,63,1447,64,500,65,4,53,836,52,136,51,590,50,2272,49,170,48,0,47,225,46,498,45,821,44,500,43,0,9826,6048
1773708861,55,53,55,2242,56,5120,57,25,58,0,59,0,60,451,61,37,62,0,63,1447,64,500,65,4,53,836,52,136,51,590,50,2272,49,170,48,0,47,225,46,498,45,821,44,500,43,0,9826,6048
1773708862,55,53,55,2242,56,5120,57,25,58,0,59,0,60,451,61,37,62,0,63,1447,64,500,65,4,53,836,52,136,51,590,50,2272,49,170,48,0,47,225,46,498,45,821,44,500,43,0,9826,6048
1773708863,55,53,55,2242,56,5120,57,25,58,0,59,0,60,451,61,37,62,0,63,1447,64,500,65,4,53,836,52,136,51,590,50,2272,49,170,48,0,47,225,46,498,45,821,44,500,43,0,9826,6048
1773708864,55,53,55,2242,56,5120,57,25,58,0,59,0,60,451,61,37,62,0,63,1447,64,500,65,4,53,836,52,136,51,590,50,2272,49,170,48,0,47,225,46,498,45,821,44,500,43,0,9826,6048
1773708865,55,53,55,2242,56,5120,57,25,58,0,59,0,60,451,61,37,62,0,63,1447,64,500,65,4,53,836,52,136,51,590,50,2272,49,170,48,0,47,225,46,498,45,821,44,500,43,0,9826,6048
1773708866,55,53,55,2242,56,5120,57,25,58,0,59,0,60,451,61,37,62,0,63,1447,64,500,65,4,53,836,52,136,51,590,50,2272,49,170,48,0,47,225,46,498,45,821,44,500,43,0,9826,6048
1773708867,55,53,55,2242,56,5120,57,25,58,0,59,0,60,451,61,37,62,0,63,1447,64,500,65,4,53,836,52,136,51,590,50,2272,49,170,48,0,47,225,46,498,45,821,44,500,43,0,9826,6048
1773708868,55,53,55,2242,56,5120,57,25,58,0,59,0,60,451,61,37,62,0,63,1447,64,500,65,4,53,836,52,136,51,590,50,2272,49,170,48,0,47,225,46,498,45,821,44,500,43,0,9826,6048
1773708869,55,53,55,2242,56,5120,57,25,58,0,59,0,60,451,61,37,62,0,63,1447,64,500,65,4,53,836,52,136,51,590,50,2272,49,170,48,0,47,225,46,498,45,821,44,500,43,0,9826,6048
1773708870,55,53,55,2242,56,5120,57,25,58,0,59,0,60,451,61,37,62,0,63,1447,64,500,65,4,53,836,52,136,51,590,50,2272,49,170,48,0,47,225,46,498,45,821,44,500,43,0,9826,6048
1773708871,55,53,55,2242,56,5120,57,25,58,0,59,0,60,451,61,37,62,0,63,1447,64,500,65,4,53,836,52,136,51,590,50,2272,49,170,48,0,47,225,46,498,45,821,44,500,43,0,9826,6048
1773708872,55,53,55,2242,56,5120,57,25,58,0,59,0,60,451,61,37,62,0,63,1447,64,500,65,4,53,836,52,136,51,590,50,2272,49,170,48,0,47,225,46,498,45,821,44,500,43,0,9826,6048
1773708873,55,53,55,2242,56,5120,57,25,58,0,59,0,60,451,61,37,62,0,63,1447,64,500,65,4,53,836,52,136,51,590,50,2272,49,170,48,0,47,225,46,498,45,821,44,500,43,0,9826,6048
1773708874,55,53,55,2242,56,5120,57,25,58,0,59,0,60,451,61,37,62,0,63,1447,64,500,65,4,53,836,52,136,51,590,50,2272,49,170,48,0,47,225,46,498,45,821,44,500,43,0,9826,6048
1773708875,55,53,55,2242,56,5120,57,25,58,0,59,0,60,451,61,37,62,0,63,1447,64,500,65,4,53,836,52,136,51,590,50,2272,49,170,48,0,47,225,46,498,45,821,44,500,43,0,9826,6048
1773708876,55,53,55,2242,56,5120,57,25,58,0,59,0,60,451,61,37,62,0,63,1447,64,500,65,4,53,836,52,136,51,590,50,2272,49,170,48,0,47,225,46,498,45,821,44,500,43,0,9826,6048
1773708877,55,53,55,2242,56,5120,57,25,58,0,59,0,60,451,61,37,62,0,63,1447,64,500,65,4,53,836,52,136,51,590,50,2272,49,170,48,0,47,225,46,498,45,821,44,500,43,0,9826,6048
1773708878,55,53,55,2242,56,5120,57,25,58,0,59,0,60,451,61,37,62,0,63,1447,64,500,65,4,53,836,52,136,51,590,50,2272,49,170,48,0,47,225,46,498,45,821,44,500,43,0,9826,6048
1773708879,55,53,55,2242,56,5120,57,25,58,0,59,0,60,451,61,37,62,0,63,1447,64,500,65,4,53,836,52,136,51,590,50,2272,49,170,48,0,47,225,46,498,45,821,44,500,43,0,9826,6048
1773708880,55,53,55,2242,56,5120,57,25,58,0,59,0,60,451,61,37,62,0,63,1447,64,500,65,4,53,836,52,136,51,590,50,2272,49,170,48,0,47,225,46,498,45,821,44,500,43,0,9826,6048
1773708881,55,53,55,2242,56,5120,57,25,58,0,59,0,60,451,61,37,62,0,63,1447,64,500,65,4,53,836,52,136,51,590,50,2272,49,170,48,0,47,225,46,498,45,821,44,500,43,0,9826,6048
1773708882,55,53,55,2242,56,5120,57,25,58,0,59,0,60,451,61,37,62,0,63,1447,64,500,65,4,53,836,52,136,51,590,50,2272,49,170,48,0,47,225,46,498,45,821,44,500,43,0,9826,6048
1773708883,55,53,55,2242,56,5120,57,25,58,0,59,0,60,451,61,37,62,0,63,1447,64,500,65,4,53,836,52,136,51,590,50,2272,49,170,48,0,47,225,46,498,45,821,44,500,43,0,9826,6048
1773708884,55,53,55,2242,56,5120,57,25,58,0,59,0,60,451,61,37,62,0,63,1447,64,500,65,4,53,836,52,136,51,590,50,2272,49,170,48,0,47,225,46,498,45,821,44,500,43,0,9826,6048
1773708885,55,53,55,2242,56,5120,57,25,58,0,59,0,60,451,61,37,62,0,63,1447,64,500,65,4,53,836,52,136,51,590,50,2272,49,170,48,0,47,225,46,498,45,821,44,500,43,0,9826,6048
1773708886,55,53,55,2242,56,5120,57,25,58,0,59,0,60,451,61,37,62,0,63,1440,64,500,65,4,53,836,52,136,51,590,50,2272,49,170,48,0,47,225,46,498,45,849,44,500,43,0,9819,6076
1773708887,55,53,55,2242,56,5120,57,25,58,0,59,0,60,451,61,37,62,0,63,1440,64,500,65,4,53,836,52,136,51,590,50,2272,49,170,48,0,47,225,46,498,45,849,44,500,43,0,9819,6076
1773708888,55,53,55,2242,56,5120,57,25,58,0,59,0,60,451,61,37,62,0,63,1440,64,500,65,4,53,836,52,136,51,590,50,2272,49,170,48,0,47,225,46,498,45,849,44,500,43,0,9819,6076
1773708889,55,53,55,2242,56,5120,57,25,58,0,59,0,60,451,61,37,62,0,63,1440,64,500,65,4,53,836,52,136,51,590,50,2272,49,170,48,0,47,225,46,498,45,849,44,500,43,0,9819,6076
1773708890,55,53,55,2242,56,5120,57,25,58,0,59,0,60,451,61,37,62,0,63,1440,64,500,65,4,53,836,52,136,51,590,50,2272,49,170,48,0,47,225,46,498,45,849,44,500,43,0,9819,6076
1773708891,55,53,55,2242,56,5120,57,25,58,0,59,0,60,451,61,37,62,0,63,1440,64,500,65,4,53,836,52,136,51,590,50,2272,49,170,48,0,47,225,46,498,45,849,44,500,43,0,9819,6076
1773708892,55,53,55,2242,56,5120,57,25,58,0,59,0,60,451,61,37,62,0,63,1440,64,500,65,4,53,836,52,136,51,590,50,2272,49,170,48,0,47,225,46,498,45,849,44,500,43,0,9819,6076
1773708893,55,53,55,2242,56,5120,57,25,58,0,59,0,60,451,61,37,62,0,63,1440,64,500,65,4,53,836,52,136,51,590,50,2272,49,170,48,0,47,225,46,498,45,849,44,500,43,0,9819,6076
1773708894,55,53,55,2242,56,5120,57,25,58,0,59,0,60,451,61,37,62,0,63,1440,64,500,65,4,53,836,52,136,51,590,50,2272,49,170,48,0,47,225,46,498,45,849,44,500,43,0,9819,6076
1773708895,55,53,55,2242,56,5120,57,25,58,0,59,0,60,451,61,37,62,0,63,1440,64,500,65,4,53,836,52,136,51,590,50,2272,49,170,48,0,47,225,46,498,45,849,44,500,43,0,9819,6076
1773708896,55,53,55,2242,56,5120,57,25,58,0,59,0,60,451,61,37,62,0,63,1440,64,500,65,4,53,836,52,136,51,590,50,2272,49,170,48,0,47,225,46,498,45,849,44,500,43,0,9819,6076
1773708897,55,53,55,2242,56,5120,57,25,58,0,59,0,60,451,61,37,62,0,63,1440,64,500,65,4,53,836,52,136,51,590,50,2272,49,170,48,0,47,225,46,498,45,849,44,500,43,0,9819,6076
1773708898,55,53,55,2242,56,5120,57,25,58,0,59,0,60,451,61,37,62,0,63,1440,64,500,65,4,53,836,52,136,51,590,50,2272,49,170,48,0,47,225,46,498,45,849,44,500,43,0,9819,6076
1773708899,55,53,55,2242,56,5120,57,25,58,0,59,0,60,451,61,37,62,0,63,1440,64,500,65,4,53,836,52,136,51,590,50,2272,49,170,48,0,47,225,46,498,45,849,44,500,43,0,9819,6076
1773708900,55,53,55,2242,56,5120,57,25,58,0,59,0,60,451,61,37,62,0,63,1440,64,500,65,4,53,836,52,136,51,590,50,2272,49,170,48,0,47,225,46,498,45,849,44,500,43,0,9819,6076
1773708901,55,53,55,2242,56,5120,57,25,58,0,59,0,60,451,61,37,62,0,63,1440,64,500,65,4,53,836,52,136,51,590,50,2272,49,170,48,0,47,225,46,498,45,849,44,500,43,0,9819,6076
1773708902,55,53,55,2234,56,5120,57,25,58,0,59,0,60,451,61,37,62,0,63,1440,64,500,65,4,53,836,52,136,51,590,50,2272,49,170,48,0,47,225,46,498,45,849,44,500,43,0,9811,6076
1773708903,55,53,55,2266,56,5120,57,25,58,0,59,0,60,451,61,37,62,0,63,1440,64,500,65,4,53,836,52,136,51,590,50,2272,49,170,48,0,47,225,46,498,45,842,44,500,43,0,9843,6069
1773708904,55,53,55,2258,56,5120,57,25,58,0,59,0,60,451,61,37,62,0,63,1440,64,500,65,4,53,836,52,136,51,590,50,2272,49,170,48,0,47,225,46,498,45,842,44,500,43,0,9835,6069
1773708905,55,53,55,2258,56,5120,57,25,58,0,59,0,60,451,61,37,62,0,63,1440,64,500,65,4,53,836,52,136,51,590,50,2272,49,170,48,0,47,225,46,498,45,842,44,500,43,0,9835,6069
1773708906,55,53,55,2258,56,5120,57,25,58,0,59,0,60,451,61,37,62,0,63,1440,64,500,65,4,53,836,52,136,51,590,50,2272,49,170,48,0,47,225,46,498,45,842,44,500,43,0,9835,6069
1773708907,55,53,55,2258,56,5120,57,25,58,0,59,0,60,451,61,37,62,0,63,1440,64,500,65,4,53,836,52,136,51,590,50,2272,49,170,48,0,47,225,46,498,45,842,44,500,43,0,9835,6069
1773708908,55,53,55,2258,56,5120,57,25,58,0,59,0,60,451,61,37,62,0,63,1440,64,500,65,4,53,836,52,136,51,590,50,2272,49,170,48,0,47,225,46,498,45,842,44,500,43,0,9835,6069
1773708909,55,53,55,2258,56,5120,57,25,58,0,59,0,60,451,61,37,62,0,63,1440,64,500,65,4,53,836,52,136,51,590,50,2272,49,170,48,0,47,225,46,498,45,842,44,500,43,0,9835,6069
1773708910,55,53,55,2258,56,5120,57,25,58,0,59,0,60,451,61,37,62,0,63,1440,64,500,65,4,53,836,52,136,51,590,50,2272,49,170,48,0,47,225,46,498,45,842,44,500,43,0,9835,6069
1773708911,55,53,55,2258,56,5120,57,25,58,0,59,0,60,451,61,37,62,0,63,1440,64,500,65,4,53,836,52,136,51,590,50,2272,49,170,48,0,47,225,46,498,45,842,44,500,43,0,9835,6069
1773708912,55,53,55,2258,56,5120,57,25,58,0,59,0,60,451,61,37,62,0,63,1440,64,500,65,4,53,836,52,136,51,590,50,2272,49,170,48,0,47,225,46,498,45,842,44,500,43,0,9835,6069
1773708913,55,53,55,2258,56,5120,57,25,58,0,59,0,60,451,61,37,62,0,63,1440,64,500,65,4,53,836,52,136,51,590,50,2272,49,170,48,0,47,225,46,498,45,842,44,500,43,0,9835,6069
1773708914,55,53,55,2258,56,5120,57,25,58,0,59,0,60,451,61,37,62,0,63,1440,64,500,65,4,53,836,52,136,51,590,50,2272,49,170,48,0,47,225,46,498,45,842,44,500,43,0,9835,6069
1773708915,55,53,55,2258,56,5120,57,25,58,0,59,0,60,451,61,37,62,0,63,1440,64,500,65,4,53,836,52,136,51,590,50,2272,49,170,48,0,47,225,46,498,45,842,44,500,43,0,9835,6069
1773708916,55,53,55,2258,56,5120,57,25,58,0,59,0,60,451,61,37,62,0,63,1440,64,500,65,4,53,836,52,136,51,590,50,2272,49,170,48,0,47,225,46,498,45,842,44,500,43,0,9835,6069
1773708917,55,53,55,2258,56,5120,57,25,58,0,59,0,60,451,61,37,62,0,63,1440,64,500,65,4,53,836,52,136,51,590,50,2272,49,170,48,0,47,225,46,498,45,842,44,500,43,0,9835,6069
1773708918,55,53,55,2258,56,5120,57,25,58,0,59,0,60,451,61,37,62,0,63,1440,64,500,65,4,53,836,52,136,51,590,50,2272,49,170,48,0,47,225,46,498,45,842,44,500,43,0,9835,6069
1773708919,55,53,55,2258,56,5120,57,25,58,0,59,0,60,451,61,37,62,0,63,1440,64,500,65,4,53,836,52,136,51,590,50,2272,49,170,48,0,47,225,46,498,45,842,44,500,43,0,9835,6069
1773708920,55,53,55,2258,56,5120,57,25,58,0,59,0,60,451,61,37,62,0,63,1440,64,500,65,4,53,836,52,136,51,590,50,2272,49,170,48,0,47,225,46,498,45,842,44,500,43,0,9835,6069
1773708921,55,53,55,2258,56,5120,57,25,58,0,59,0,60,451,61,37,62,0,63,1440,64,500,65,4,53,836,52,136,51,590,50,2272,49,170,48,0,47,225,46,498,45,842,44,500,43,0,9835,6069
1773708922,55,53,55,2258,56,5120,57,25,58,0,59,0,60,451,61,37,62,0,63,1440,64,500,65,4,53,836,52,136,51,590,50,2272,49,170,48,0,47,225,46,498,45,842,44,500,43,0,9835,6069
1773708923,55,53,55,2258,56,5120,57,25,58,0,59,0,60,451,61,37,62,0,63,1440,64,500,65,4,53,836,52,136,51,590,50,2272,49,170,48,0,47,225,46,498,45,842,44,500,43,0,9835,6069
1773708924,55,53,55,2258,56,5120,57,25,58,0,59,0,60,451,61,37,62,0,63,1440,64,500,65,4,53,836,52,136,51,590,50,2272,49,170,48,0,47,225,46,498,45,842,44,500,43,0,9835,6069
1773708925,55,53,55,2258,56,5120,57,25,58,0,59,0,60,451,61,37,62,0,63,1440,64,500,65,4,53,836,52,136,51,590,50,2272,49,170,48,0,47,225,46,498,45,842,44,500,43,0,9835,6069
1773708926,55,53,55,2258,56,5120,57,25,58,0,59,0,60,451,61,37,62,0,63,1440,64,500,65,4,53,836,52,136,51,590,50,2272,49,170,48,0,47,225,46,498,45,842,44,500,43,0,9835,6069
1773708927,55,53,55,2258,56,5120,57,25,58,0,59,0,60,451,61,37,62,0,63,1440,64,500,65,4,53,836,52,136,51,590,50,2272,49,170,48,0,47,225,46,498,45,842,44,500,43,0,9835,6069
1773708928,55,53,55,2258,56,5120,57,25,58,0,59,0,60,451,61,37,62,0,63,1440,64,500,65,4,53,836,52,136,51,590,50,2272,49,170,48,0,47,225,46,498,45,842,44,500,43,0,9835,6069
1773708929,55,53,55,2258,56,5120,57,25,58,0,59,0,60,451,61,37,62,0,63,1440,64,500,65,4,53,836,52,136,51,590,50,2272,49,170,48,0,47,225,46,498,45,842,44,500,43,0,9835,6069
1773708930,55,53,55,2258,56,5120,57,25,58,0,59,0,60,451,61,37,62,0,63,1440,64,500,65,4,53,836,52,136,51,590,50,2272,49,170,48,0,47,225,46,498,45,842,44,500,43,0,9835,6069
1773708931,55,53,55,2258,56,5120,57,25,58,0,59,0,60,451,61,37,62,0,63,1440,64,500,65,4,53,836,52,136,51,590,50,2272,49,170,48,0,47,225,46,498,45,842,44,500,43,0,9835,6069
1773708932,55,53,55,2258,56,5120,57,25,58,0,59,0,60,451,61,37,62,0,63,1440,64,500,65,4,53,836,52,136,51,590,50,2272,49,170,48,0,47,225,46,498,45,842,44,500,43,0,9835,6069
1773708933,55,53,55,2258,56,5120,57,25,58,0,59,0,60,451,61,37,62,0,63,1440,64,500,65,4,53,836,52,136,51,590,50,2272,49,170,48,0,47,225,46,498,45,842,44,500,43,0,9835,6069
1773708934,55,53,55,2258,56,5120,57,25,58,0,59,0,60,451,61,37,62,0,63,1440,64,500,65,4,53,836,52,136,51,590,50,2272,49,170,48,0,47,225,46,498,45,842,44,500,43,0,9835,6069
1773708935,55,53,55,2258,56,5120,57,25,58,0,59,0,60,451,61,37,62,0,63,1440,64,500,65,4,53,836,52,136,51,590,50,2272,49,170,48,0,47,225,46,498,45,842,44,500,43,0,9835,6069
1773708936,55,53,55,2258,56,5120,57,25,58,0,59,0,60,451,61,37,62,0,63,1440,64,500,65,4,53,836,52,136,51,590,50,2272,49,170,48,0,47,225,46,498,45,842,44,500,43,0,9835,6069
1773708937,55,53,55,2258,56,5120,57,25,58,0,59,0,60,451,61,37,62,0,63,1440,64,500,65,4,53,836,52,136,51,590,50,2272,49,170,48,0,47,225,46,498,45,842,44,500,43,0,9835,6069
1773708938,55,53,55,2258,56,5120,57,25,58,0,59,0,60,451,61,37,62,0,63,1440,64,500,65,4,53,836,52,136,51,590,50,2272,49,170,48,0,47,225,46,498,45,842,44,500,43,0,9835,6069
1773708939,55,53,55,2258,56,5120,57,25,58,0,59,0,60,451,61,37,62,0,63,1440,64,500,65,4,53,836,52,136,51,590,50,2272,49,170,48,0,47,225,46,498,45,842,44,500,43,0,9835,6069
1773708940,55,53,55,2258,56,5120,57,25,58,0,59,0,60,451,61,37,62,0,63,1440,64,500,65,4,53,836,52,136,51,590,50,2272,49,170,48,0,47,225,46,498,45,842,44,500,43,0,9835,6069
1773708941,55,53,55,2258,56,5120,57,25,58,0,59,0,60,451,61,37,62,0,63,1440,64,500,65,4,53,836,52,136,51,590,50,2272,49,170,48,0,47,225,46,498,45,842,44,500,43,0,9835,6069
1773708942,55,53,55,2258,56,5120,57,25,58,0,59,0,60,451,61,37,62,0,63,1440,64,500,65,4,53,836,52,136,51,590,50,2272,49,170,48,0,47,225,46,498,45,842,44,500,43,0,9835,6069
1773708943,55,53,55,2258,56,5120,57,25,58,0,59,0,60,451,61,37,62,0,63,1440,64,500,65,4,53,836,52,136,51,590,50,2272,49,170,48,0,47,225,46,498,45,842,44,500,43,0,9835,6069
1773708944,55,53,55,2258,56,5120,57,25,58,0,59,0,60,451,61,37,62,0,63,1440,64,500,65,4,53,836,52,136,51,590,50,2272,49,170,48,0,47,225,46,498,45,842,44,500,43,0,9835,6069
1773708945,55,53,55,2258,56,5120,57,25,58,0,59,0,60,451,61,37,62,0,63,1440,64,500,65,4,53,836,52,136,51,590,50,2272,49,170,48,0,47,225,46,498,45,842,44,500,43,0,9835,6069
1773708946,55,53,55,2258,56,5120,57,25,58,0,59,0,60,451,61,37,62,0,63,1440,64,500,65,4,53,836,52,136,51,590,50,2272,49,170,48,0,47,225,46,498,45,842,44,500,43,0,9835,6069
1773708947,55,53,55,2258,56,5120,57,25,58,0,59,0,60,451,61,37,62,0,63,1440,64,500,65,4,53,836,52,136,51,590,50,2272,49,170,48,0,47,225,46,498,45,842,44,500,43,0,9835,6069
1773708948,55,53,55,2258,56,5120,57,25,58,0,59,0,60,451,61,37,62,0,63,1440,64,500,65,4,53,836,52,136,51,590,50,2272,49,170,48,0,47,225,46,498,45,842,44,500,43,0,9835,6069
1773708949,55,53,55,2258,56,5120,57,25,58,0,59,0,60,451,61,37,62,0,63,1440,64,500,65,4,53,836,52,136,51,590,50,2272,49,170,48,0,47,225,46,498,45,842,44,500,43,0,9835,6069
1773708950,55,53,55,2258,56,5120,57,25,58,0,59,0,60,451,61,37,62,0,63,1440,64,500,65,4,53,836,52,136,51,590,50,2272,49,170,48,0,47,225,46,498,45,842,44,500,43,0,9835,6069
1773708951,55,53,55,2258,56,5120,57,25,58,0,59,0,60,451,61,37,62,0,63,1440,64,500,65,4,53,836,52,136,51,590,50,2272,49,170,48,0,47,225,46,498,45,842,44,500,43,0,9835,6069
1773708952,55,53,55,2258,56,5120,57,25,58,0,59,0,60,451,61,37,62,0,63,1440,64,500,65,4,53,836,52,136,51,590,50,2272,49,170,48,0,47,225,46,498,45,842,44,500,43,0,9835,6069
1773708953,55,53,55,2258,56,5120,57,25,58,0,59,0,60,451,61,37,62,0,63,1440,64,500,65,4,53,836,52,136,51,590,50,2272,49,170,48,0,47,225,46,498,45,842,44,500,43,0,9835,6069
1773708954,55,53,55,2258,56,5120,57,25,58,0,59,0,60,451,61,37,62,0,63,1440,64,500,65,4,53,836,52,136,51,590,50,2272,49,170,48,0,47,225,46,498,45,842,44,500,43,0,9835,6069
1773708955,55,53,55,2258,56,5120,57,25,58,0,59,0,60,451,61,37,62,0,63,1440,64,500,65,4,53,836,52,136,51,590,50,2272,49,170,48,0,47,225,46,498,45,842,44,500,43,0,9835,6069
1773708956,55,53,55,2258,56,5120,57,25,58,0,59,0,60,451,61,37,62,0,63,1440,64,500,65,4,53,836,52,136,51,590,50,2272,49,170,48,0,47,225,46,498,45,842,44,500,43,0,9835,6069
1773708957,55,53,55,2258,56,5120,57,25,58,0,59,0,60,451,61,37,62,0,63,1440,64,500,65,4,53,836,52,136,51,590,50,2272,49,170,48,0,47,225,46,498,45,842,44,500,43,0,9835,6069
1773708958,55,53,55,2258,56,5120,57,25,58,0,59,0,60,451,61,37,62,0,63,1440,64,500,65,4,53,836,52,136,51,590,50,2272,49,170,48,0,47,225,46,498,45,842,44,500,43,0,9835,6069
1773708959,55,53,55,2258,56,5120,57,25,58,0,59,0,60,451,61,37,62,0,63,1440,64,500,65,4,53,836,52,136,51,590,50,2272,49,170,48,0,47,225,46,498,45,842,44,500,43,0,9835,6069
1773708960,55,53,55,2258,56,5120,57,25,58,0,59,0,60,451,61,37,62,0,63,1440,64,500,65,4,53,836,52,136,51,590,50,2272,49,170,48,0,47,225,46,498,45,842,44,500,43,0,9835,6069
1773708961,55,53,55,2258,56,5120,57,25,58,0,59,0,60,451,61,37,62,0,63,1440,64,500,65,4,53,836,52,136,51,590,50,2272,49,170,48,0,47,225,46,498,45,842,44,500,43,0,9835,6069
1773708962,55,53,55,2258,56,5120,57,25,58,0,59,0,60,451,61,37,62,0,63,1440,64,500,65,4,53,836,52,136,51,590,50,2272,49,170,48,0,47,225,46,498,45,842,44,500,43,0,9835,6069
1773708963,55,53,55,2258,56,5120,57,25,58,0,59,0,60,451,61,37,62,0,63,1440,64,500,65,4,53,836,52,136,51,590,50,2272,49,170,48,0,47,225,46,498,45,842,44,500,43,0,9835,6069
1773708964,55,53,55,2258,56,5120,57,25,58,0,59,0,60,451,61,37,62,0,63,1440,64,500,65,4,53,836,52,136,51,590,50,2272,49,170,48,0,47,225,46,498,45,842,44,500,43,0,9835,6069
1773708965,55,53,55,2258,56,5120,57,25,58,0,59,0,60,451,61,37,62,0,63,1440,64,500,65,4,53,836,52,136,51,590,50,2272,49,170,48,0,47,225,46,498,45,842,44,500,43,0,9835,6069
1773708966,55,53,55,2258,56,5120,57,25,58,0,59,0,60,451,61,37,62,0,63,1440,64,500,65,4,53,836,52,136,51,590,50,2272,49,170,48,0,47,225,46,498,45,842,44,500,43,0,9835,6069
1773708967,55,53,55,2258,56,5120,57,25,58,0,59,0,60,451,61,37,62,0,63,1440,64,500,65,4,53,836,52,136,51,590,50,2272,49,170,48,0,47,225,46,498,45,842,44,500,43,0,9835,6069
1773708968,55,53,55,2258,56,5120,57,25,58,0,59,0,60,451,61,37,62,0,63,1440,64,500,65,4,53,836,52,136,51,590,50,2272,49,170,48,0,47,225,46,498,45,842,44,500,43,0,9835,6069
1773708969,55,53,55,2258,56,5120,57,25,58,0,59,0,60,451,61,37,62,0,63,1440,64,500,65,4,53,836,52,136,51,590,50,2272,49,170,48,0,47,225,46,498,45,842,44,500,43,0,9835,6069
1773708970,55,53,55,2258,56,5120,57,25,58,0,59,0,60,451,61,37,62,0,63,1440,64,500,65,4,53,836,52,136,51,590,50,2272,49,170,48,0,47,225,46,498,45,842,44,500,43,0,9835,6069
1773708971,55,53,55,2258,56,5120,57,25,58,0,59,0,60,451,61,37,62,0,63,1440,64,500,65,4,53,836,52,136,51,590,50,2272,49,170,48,0,47,225,46,498,45,842,44,500,43,0,9835,6069
1773708972,55,53,55,2258,56,5120,57,25,58,0,59,0,60,451,61,37,62,0,63,1440,64,500,65,4,53,836,52,136,51,590,50,2272,49,170,48,0,47,225,46,498,45,842,44,500,43,0,9835,6069
1773708973,55,53,55,2258,56,5120,57,25,58,0,59,0,60,451,61,37,62,0,63,1440,64,500,65,4,53,836,52,136,51,590,50,2272,49,170,48,0,47,225,46,498,45,842,44,500,43,0,9835,6069
1773708974,55,53,55,2258,56,5120,57,25,58,0,59,0,60,451,61,37,62,0,63,1440,64,500,65,4,53,836,52,136,51,590,50,2272,49,170,48,0,47,225,46,498,45,842,44,500,43,0,9835,6069
1773708975,55,53,55,2258,56,5120,57,25,58,0,59,0,60,451,61,37,62,0,63,1440,64,500,65,4,53,836,52,136,51,590,50,2272,49,170,48,0,47,225,46,498,45,842,44,500,43,0,9835,6069
1773708976,55,53,55,2258,56,5120,57,25,58,0,59,0,60,451,61,37,62,0,63,1440,64,500,65,4,53,836,52,136,51,590,50,2272,49,170,48,0,47,225,46,498,45,842,44,500,43,0,9835,6069
1773708977,55,53,55,2258,56,5120,57,25,58,0,59,0,60,451,61,37,62,0,63,1440,64,500,65,4,53,836,52,136,51,590,50,2272,49,170,48,0,47,225,46,498,45,842,44,500,43,0,9835,6069
1773708978,55,53,55,2258,56,5120,57,25,58,0,59,0,60,451,61,37,62,0,63,1440,64,500,65,4,53,836,52,136,51,590,50,2272,49,170,48,0,47,225,46,498,45,842,44,500,43,0,9835,6069
1773708979,55,53,55,2258,56,5120,57,25,58,0,59,0,60,451,61,37,62,0,63,1440,64,500,65,4,53,836,52,136,51,590,50,2272,49,170,48,0,47,225,46,498,45,842,44,500,43,0,9835,6069
1773708980,55,53,55,2258,56,5120,57,25,58,0,59,0,60,451,61,37,62,0,63,1440,64,500,65,4,53,836,52,136,51,590,50,2272,49,170,48,0,47,225,46,498,45,842,44,500,43,0,9835,6069
1773708981,55,53,55,2258,56,5120,57,25,58,0,59,0,60,451,61,37,62,0,63,1440,64,500,65,4,53,836,52,136,51,590,50,2272,49,170,48,0,47,225,46,498,45,842,44,500,43,0,9835,6069
1773708982,55,53,55,2258,56,5120,57,25,58,0,59,0,60,451,61,37,62,0,63,1440,64,500,65,4,53,836,52,136,51,590,50,2272,49,170,48,0,47,225,46,498,45,842,44,500,43,0,9835,6069
1773708983,55,53,55,2258,56,5120,57,25,58,0,59,0,60,451,61,37,62,0,63,1440,64,500,65,4,53,836,52,136,51,590,50,2272,49,170,48,0,47,225,46,498,45,842,44,500,43,0,9835,6069
1773708984,55,53,55,2258,56,5120,57,25,58,0,59,0,60,451,61,37,62,0,63,1440,64,500,65,4,53,836,52,136,51,590,50,2272,49,170,48,0,47,225,46,498,45,842,44,500,43,0,9835,6069
1773708985,55,53,55,2258,56,5120,57,25,58,0,59,0,60,451,61,37,62,0,63,1440,64,500,65,4,53,836,52,136,51,590,50,2272,49,170,48,0,47,225,46,498,45,842,44,500,43,0,9835,6069
1773708986,55,53,55,2258,56,5120,57,25,58,0,59,0,60,451,61,37,62,0,63,1440,64,500,65,4,53,836,52,136,51,590,50,2272,49,170,48,0,47,225,46,498,45,842,44,500,43,0,9835,6069
1773708987,55,53,55,2258,56,5120,57,25,58,0,59,0,60,451,61,37,62,0,63,1440,64,500,65,4,53,836,52,136,51,590,50,2272,49,170,48,0,47,225,46,498,45,842,44,500,43,0,9835,6069
1773708988,55,53,55,2258,56,5120,57,25,58,0,59,0,60,451,61,37,62,0,63,1440,64,500,65,4,53,836,52,136,51,590,50,2272,49,170,48,0,47,225,46,498,45,842,44,500,43,0,9835,6069
1773708989,55,53,55,2258,56,5120,57,25,58,0,59,0,60,451,61,37,62,0,63,1440,64,500,65,4,53,836,52,136,51,590,50,2272,49,170,48,0,47,225,46,498,45,842,44,500,43,0,9835,6069
1773708990,55,53,55,2258,56,5120,57,25,58,0,59,0,60,451,61,37,62,0,63,1440,64,500,65,4,53,836,52,136,51,590,50,2272,49,170,48,0,47,225,46,498,45,842,44,500,43,0,9835,6069
1773708991,55,53,55,2258,56,5120,57,25,58,0,59,0,60,451,61,37,62,0,63,1440,64,500,65,4,53,836,52,136,51,590,50,2272,49,170,48,0,47,225,46,498,45,842,44,500,43,0,9835,6069
1773708992,55,53,55,2258,56,5120,57,25,58,0,59,0,60,451,61,37,62,0,63,1440,64,500,65,4,53,836,52,136,51,590,50,2272,49,170,48,0,47,225,46,498,45,842,44,500,43,0,9835,6069
1773708993,55,53,55,2258,56,5120,57,25,58,0,59,0,60,451,61,37,62,0,63,1440,64,500,65,4,53,836,52,136,51,590,50,2272,49,170,48,0,47,225,46,498,45,842,44,500,43,0,9835,6069
1773708994,55,53,55,2258,56,5120,57,25,58,0,59,0,60,451,61,37,62,0,63,1440,64,500,65,4,53,836,52,136,51,590,50,2272,49,170,48,0,47,225,46,498,45,842,44,500,43,0,9835,6069
1773708995,55,53,55,2258,56,5120,57,25,58,0,59,0,60,451,61,37,62,0,63,1440,64,500,65,4,53,836,52,136,51,590,50,2272,49,170,48,0,47,225,46,498,45,842,44,500,43,0,9835,6069
1773708996,55,53,55,2258,56,5120,57,25,58,0,59,0,60,451,61,37,62,0,63,1440,64,500,65,4,53,836,52,136,51,590,50,2272,49,170,48,0,47,225,46,498,45,842,44,500,43,0,9835,6069
1773708997,55,53,55,2258,56,5120,57,25,58,0,59,0,60,451,61,37,62,0,63,1440,64,500,65,4,53,836,52,136,51,590,50,2272,49,170,48,0,47,225,46,498,45,842,44,500,43,0,9835,6069
1773708998,55,53,55,2252,56,5120,57,25,58,0,59,0,60,451,61,37,62,0,63,1440,64,500,65,4,53,836,52,136,51,590,50,2272,49,170,48,0,47,225,46,498,45,842,44,500,43,0,9829,6069
1773708999,55,53,55,2252,56,5120,57,25,58,0,59,0,60,451,61,37,62,0,63,1440,64,500,65,4,53,836,52,136,51,590,50,2272,49,170,48,0,47,225,46,498,45,842,44,500,43,0,9829,6069
1773709000,55,53,55,2252,56,5120,57,25,58,0,59,0,60,451,61,37,62,0,63,1440,64,500,65,4,53,836,52,136,51,590,50,2272,49,170,48,0,47,225,46,498,45,842,44,500,43,0,9829,6069
1773709001,55,53,55,2252,56,5120,57,25,58,0,59,0,60,451,61,37,62,0,63,1440,64,500,65,4,53,836,52,136,51,590,50,2272,49,170,48,0,47,225,46,498,45,842,44,500,43,0,9829,6069
1773709002,55,53,55,2252,56,5120,57,25,58,0,59,0,60,451,61,37,62,0,63,1440,64,500,65,4,53,836,52,136,51,590,50,2272,49,170,48,0,47,225,46,498,45,842,44,500,43,0,9829,6069
1773709003,55,53,55,2252,56,5120,57,25,58,0,59,0,60,451,61,37,62,0,63,1440,64,500,65,4,53,836,52,136,51,590,50,2272,49,170,48,0,47,225,46,498,45,842,44,500,43,0,9829,6069
1773709004,55,53,55,2252,56,5120,57,25,58,0,59,0,60,451,61,37,62,0,63,1440,64,500,65,4,53,836,52,136,51,590,50,2272,49,170,48,0,47,225,46,498,45,842,44,500,43,0,9829,6069
1773709005,55,53,55,2252,56,5120,57,25,58,0,59,0,60,451,61,37,62,0,63,1440,64,500,65,4,53,836,52,136,51,590,50,2272,49,170,48,0,47,225,46,498,45,842,44,500,43,0,9829,6069
1773709006,55,53,55,2252,56,5120,57,25,58,0,59,0,60,451,61,37,62,0,63,1440,64,500,65,4,53,836,52,136,51,590,50,2272,49,170,48,0,47,225,46,498,45,842,44,500,43,0,9829,6069
1773709007,55,53,55,2252,56,5120,57,25,58,0,59,0,60,451,61,37,62,0,63,1440,64,500,65,4,53,836,52,136,51,590,50,2272,49,170,48,0,47,225,46,498,45,842,44,500,43,0,9829,6069
1773709008,55,53,55,2252,56,5120,57,25,58,0,59,0,60,451,61,37,62,0,63,1440,64,500,65,4,53,836,52,136,51,590,50,2272,49,170,48,0,47,225,46,498,45,842,44,500,43,0,9829,6069
1773709009,55,53,55,2252,56,5120,57,25,58,0,59,0,60,451,61,37,62,0,63,1440,64,500,65,4,53,836,52,136,51,590,50,2272,49,170,48,0,47,225,46,498,45,842,44,500,43,0,9829,6069
1773709010,55,53,55,2252,56,5120,57,25,58,0,59,0,60,451,61,37,62,0,63,1440,64,500,65,4,53,836,52,136,51,590,50,2272,49,170,48,0,47,225,46,498,45,842,44,500,43,0,9829,6069
1773709011,55,53,55,2252,56,5120,57,25,58,0,59,0,60,451,61,37,62,0,63,1440,64,500,65,4,53,836,52,136,51,590,50,2272,49,170,48,0,47,225,46,498,45,842,44,500,43,0,9829,6069
1773709012,55,53,55,2252,56,5120,57,25,58,0,59,0,60,451,61,37,62,0,63,1440,64,500,65,4,53,836,52,136,51,590,50,2272,49,170,48,0,47,225,46,498,45,842,44,500,43,0,9829,6069
1773709013,55,53,55,2252,56,5120,57,25,58,0,59,0,60,451,61,37,62,0,63,1440,64,500,65,4,53,836,52,136,51,590,50,2272,49,170,48,0,47,225,46,498,45,842,44,500,43,0,9829,6069
1773709014,55,53,55,2252,56,5120,57,25,58,0,59,0,60,451,61,37,62,0,63,1440,64,500,65,4,53,836,52,136,51,590,50,2272,49,170,48,0,47,225,46,498,45,842,44,500,43,0,9829,6069
1773709015,55,53,55,2252,56,5120,57,25,58,0,59,0,60,451,61,37,62,0,63,1440,64,500,65,4,53,836,52,136,51,590,50,2272,49,170,48,0,47,225,46,498,45,842,44,500,43,0,9829,6069
1773709016,55,53,55,2252,56,5120,57,25,58,0,59,0,60,451,61,37,62,0,63,1440,64,500,65,4,53,836,52,136,51,590,50,2272,49,170,48,0,47,225,46,498,45,842,44,500,43,0,9829,6069
1773709017,55,53,55,2252,56,5120,57,25,58,0,59,0,60,451,61,37,62,0,63,1440,64,500,65,4,53,836,52,136,51,590,50,2272,49,170,48,0,47,225,46,498,45,842,44,500,43,0,9829,6069
1773709018,55,53,55,2252,56,5120,57,25,58,0,59,0,60,451,61,37,62,0,63,1440,64,500,65,4,53,836,52,136,51,590,50,2272,49,170,48,0,47,225,46,498,45,842,44,500,43,0,9829,6069
1773709019,55,53,55,2252,56,5120,57,25,58,0,59,0,60,451,61,37,62,0,63,1440,64,500,65,4,53,836,52,136,51,590,50,2272,49,170,48,0,47,225,46,498,45,842,44,500,43,0,9829,6069
1773709020,55,53,55,2252,56,5120,57,25,58,0,59,0,60,451,61,37,62,0,63,1440,64,500,65,4,53,836,52,136,51,590,50,2272,49,170,48,0,47,225,46,498,45,842,44,500,43,0,9829,6069
1773709021,55,53,55,2252,56,5120,57,25,58,0,59,0,60,451,61,37,62,0,63,1440,64,500,65,4,53,836,52,136,51,590,50,2272,49,170,48,0,47,225,46,498,45,842,44,500,43,0,9829,6069
1773709022,55,53,55,2252,56,5120,57,25,58,0,59,0,60,451,61,37,62,0,63,1440,64,500,65,4,53,836,52,136,51,590,50,2272,49,170,48,0,47,225,46,498,45,842,44,500,43,0,9829,6069
1773709023,55,53,55,2252,56,5120,57,25,58,0,59,0,60,451,61,37,62,0,63,1440,64,500,65,4,53,836,52,136,51,590,50,2272,49,170,48,0,47,225,46,498,45,842,44,500,43,0,9829,6069
1773709024,55,53,55,2252,56,5120,57,25,58,0,59,0,60,451,61,37,62,0,63,1440,64,500,65,4,53,836,52,136,51,590,50,2272,49,170,48,0,47,225,46,498,45,842,44,500,43,0,9829,6069
1773709025,55,53,55,2252,56,5120,57,25,58,0,59,0,60,451,61,37,62,0,63,1440,64,500,65,4,53,836,52,136,51,590,50,2272,49,170,48,0,47,225,46,498,45,842,44,500,43,0,9829,6069
1773709026,55,53,55,2252,56,5120,57,25,58,0,59,0,60,451,61,37,62,0,63,1440,64,500,65,4,53,836,52,136,51,590,50,2272,49,170,48,0,47,225,46,498,45,842,44,500,43,0,9829,6069
1773709027,55,53,55,2252,56,5120,57,25,58,0,59,0,60,451,61,37,62,0,63,1440,64,500,65,4,53,836,52,136,51,590,50,2272,49,170,48,0,47,225,46,498,45,842,44,500,43,0,9829,6069
1773709028,55,53,55,2252,56,5120,57,25,58,0,59,0,60,451,61,37,62,0,63,1440,64,500,65,4,53,836,52,136,51,590,50,2272,49,170,48,0,47,225,46,498,45,842,44,500,43,0,9829,6069
1773709029,55,53,55,2252,56,5120,57,25,58,0,59,0,60,451,61,37,62,0,63,1440,64,500,65,4,53,836,52,136,51,590,50,2272,49,170,48,0,47,225,46,498,45,842,44,500,43,0,9829,6069
1773709030,55,53,55,2252,56,5120,57,25,58,0,59,0,60,451,61,37,62,0,63,1440,64,500,65,4,53,836,52,136,51,590,50,2272,49,170,48,0,47,225,46,498,45,842,44,500,43,0,9829,6069
1773709031,55,53,55,2252,56,5120,57,25,58,0,59,0,60,451,61,37,62,0,63,1440,64,500,65,4,53,836,52,136,51,590,50,2272,49,170,48,0,47,225,46,498,45,842,44,500,43,0,9829,6069
1773709032,55,53,55,2252,56,5120,57,25,58,0,59,0,60,451,61,37,62,0,63,1440,64,500,65,4,53,836,52,136,51,590,50,2272,49,170,48,0,47,225,46,498,45,842,44,500,43,0,9829,6069
1773709033,55,53,55,2252,56,5120,57,25,58,0,59,0,60,451,61,37,62,0,63,1440,64,500,65,4,53,836,52,136,51,590,50,2272,49,170,48,0,47,225,46,498,45,842,44,500,43,0,9829,6069
1773709034,55,53,55,2252,56,5120,57,25,58,0,59,0,60,451,61,37,62,0,63,1440,64,500,65,4,53,836,52,136,51,590,50,2272,49,170,48,0,47,225,46,498,45,842,44,500,43,0,9829,6069
1773709035,55,53,55,2252,56,5120,57,25,58,0,59,0,60,451,61,37,62,0,63,1440,64,500,65,4,53,836,52,136,51,590,50,2272,49,170,48,0,47,225,46,498,45,842,44,500,43,0,9829,6069
1773709036,55,53,55,2252,56,5120,57,25,58,0,59,0,60,451,61,37,62,0,63,1440,64,500,65,4,53,836,52,136,51,590,50,2272,49,170,48,0,47,225,46,498,45,842,44,500,43,0,9829,6069
1773709037,55,53,55,2252,56,5120,57,25,58,0,59,0,60,451,61,37,62,0,63,1440,64,500,65,4,53,836,52,136,51,590,50,2272,49,170,48,0,47,225,46,498,45,842,44,500,43,0,9829,6069
1773709038,55,53,55,2252,56,5120,57,25,58,0,59,0,60,451,61,37,62,0,63,1440,64,500,65,4,53,836,52,136,51,590,50,2272,49,170,48,0,47,225,46,498,45,842,44,500,43,0,9829,6069
1773709039,55,53,55,2252,56,5120,57,25,58,0,59,0,60,451,61,37,62,0,63,1440,64,500,65,4,53,836,52,136,51,590,50,2272,49,170,48,0,47,225,46,498,45,842,44,500,43,0,9829,6069
1773709040,55,53,55,2252,56,5120,57,25,58,0,59,0,60,451,61,37,62,0,63,1440,64,500,65,4,53,836,52,136,51,590,50,2272,49,170,48,0,47,225,46,498,45,842,44,500,43,0,9829,6069
1773709041,55,53,55,2252,56,5120,57,25,58,0,59,0,60,451,61,37,62,0,63,1440,64,500,65,4,53,836,52,136,51,590,50,2272,49,170,48,0,47,225,46,498,45,842,44,500,43,0,9829,6069
1773709042,55,53,55,2252,56,5120,57,25,58,0,59,0,60,451,61,37,62,0,63,1440,64,500,65,4,53,836,52,136,51,590,50,2272,49,170,48,0,47,225,46,498,45,842,44,500,43,0,9829,6069
1773709043,55,53,55,2252,56,5120,57,25,58,0,59,0,60,451,61,37,62,0,63,1440,64,500,65,4,53,836,52,136,51,590,50,2272,49,170,48,0,47,225,46,498,45,842,44,500,43,0,9829,6069
1773709044,55,53,55,2252,56,5120,57,25,58,0,59,0,60,451,61,37,62,0,63,1440,64,500,65,4,53,836,52,136,51,590,50,2272,49,170,48,0,47,225,46,498,45,842,44,500,43,0,9829,6069
1773709045,55,53,55,2252,56,5120,57,25,58,0,59,0,60,451,61,37,62,0,63,1440,64,500,65,4,53,836,52,136,51,590,50,2272,49,170,48,0,47,225,46,498,45,842,44,500,43,0,9829,6069
1773709046,55,53,55,2252,56,5120,57,25,58,0,59,0,60,451,61,37,62,0,63,1440,64,500,65,4,53,836,52,136,51,590,50,2272,49,170,48,0,47,225,46,498,45,842,44,500,43,0,9829,6069
1773709047,55,53,55,2252,56,5120,57,25,58,0,59,0,60,451,61,37,62,0,63,1440,64,500,65,4,53,836,52,136,51,590,50,2272,49,170,48,0,47,225,46,498,45,842,44,500,43,0,9829,6069
1773709048,55,53,55,2252,56,5120,57,25,58,0,59,0,60,451,61,37,62,0,63,1440,64,500,65,4,53,836,52,136,51,590,50,2272,49,170,48,0,47,225,46,498,45,842,44,500,43,0,9829,6069
1773709049,55,53,55,2252,56,5120,57,25,58,0,59,0,60,451,61,37,62,0,63,1440,64,500,65,4,53,836,52,136,51,590,50,2272,49,170,48,0,47,225,46,498,45,842,44,500,43,0,9829,6069
1773709050,55,53,55,2252,56,5120,57,25,58,0,59,0,60,451,61,37,62,0,63,1440,64,500,65,4,53,836,52,136,51,590,50,2272,49,170,48,0,47,225,46,498,45,842,44,500,43,0,9829,6069
1773709051,55,53,55,2252,56,5120,57,25,58,0,59,0,60,451,61,37,62,0,63,1440,64,500,65,4,53,836,52,136,51,590,50,2272,49,170,48,0,47,225,46,498,45,842,44,500,43,0,9829,6069
1773709052,55,53,55,2252,56,5120,57,25,58,0,59,0,60,451,61,37,62,0,63,1440,64,500,65,4,53,836,52,136,51,590,50,2272,49,170,48,0,47,225,46,498,45,842,44,500,43,0,9829,6069
1773709053,55,53,55,2252,56,5120,57,25,58,0,59,0,60,451,61,37,62,0,63,1440,64,500,65,4,53,836,52,136,51,590,50,2272,49,170,48,0,47,225,46,498,45,842,44,500,43,0,9829,6069
1773709054,55,53,55,2252,56,5120,57,25,58,0,59,0,60,451,61,37,62,0,63,1440,64,500,65,4,53,836,52,136,51,590,50,2272,49,170,48,0,47,225,46,498,45,842,44,500,43,0,9829,6069
1773709055,55,53,55,2252,56,5120,57,25,58,0,59,0,60,451,61,37,62,0,63,1440,64,500,65,4,53,836,52,136,51,590,50,2272,49,170,48,0,47,225,46,498,45,842,44,500,43,0,9829,6069
1773709056,55,53,55,2252,56,5120,57,25,58,0,59,0,60,451,61,37,62,0,63,1440,64,500,65,4,53,836,52,136,51,590,50,2272,49,170,48,0,47,225,46,498,45,842,44,500,43,0,9829,6069
1773709057,55,53,55,2252,56,5120,57,25,58,0,59,0,60,451,61,37,62,0,63,1440,64,500,65,4,53,836,52,136,51,590,50,2272,49,170,48,0,47,225,46,498,45,842,44,500,43,0,9829,6069
1773709058,55,53,55,2252,56,5120,57,25,58,0,59,0,60,451,61,37,62,0,63,1440,64,500,65,4,53,836,52,136,51,590,50,2272,49,170,48,0,47,225,46,498,45,842,44,500,43,0,9829,6069
1773709059,55,53,55,2252,56,5120,57,25,58,0,59,0,60,451,61,37,62,0,63,1440,64,500,65,4,53,836,52,136,51,590,50,2272,49,170,48,0,47,225,46,498,45,842,44,500,43,0,9829,6069
1773709060,55,53,55,2252,56,5120,57,25,58,0,59,0,60,451,61,37,62,0,63,1440,64,500,65,4,53,836,52,136,51,590,50,2272,49,170,48,0,47,225,46,498,45,842,44,500,43,0,9829,6069
1773709061,55,53,55,2252,56,5120,57,25,58,0,59,0,60,451,61,37,62,0,63,1440,64,500,65,4,53,836,52,136,51,590,50,2272,49,170,48,0,47,225,46,498,45,842,44,500,43,0,9829,6069
1773709062,55,53,55,2252,56,5120,57,25,58,0,59,0,60,451,61,37,62,0,63,1440,64,500,65,4,53,836,52,136,51,590,50,2272,49,170,48,0,47,225,46,498,45,842,44,500,43,0,9829,6069
1773709063,55,53,55,2252,56,5120,57,25,58,0,59,0,60,451,61,37,62,0,63,1440,64,500,65,4,53,836,52,136,51,590,50,2272,49,170,48,0,47,225,46,498,45,842,44,500,43,0,9829,6069
1773709064,55,53,55,2252,56,5120,57,25,58,0,59,0,60,451,61,37,62,0,63,1440,64,500,65,4,53,836,52,136,51,590,50,2272,49,170,48,0,47,225,46,498,45,842,44,500,43,0,9829,6069
1773709065,55,53,55,2252,56,5120,57,25,58,0,59,0,60,451,61,37,62,0,63,1440,64,500,65,4,53,836,52,136,51,590,50,2272,49,170,48,0,47,225,46,498,45,842,44,500,43,0,9829,6069
1773709066,55,53,55,2252,56,5120,57,25,58,0,59,0,60,451,61,37,62,0,63,1440,64,500,65,4,53,836,52,136,51,590,50,2272,49,170,48,0,47,225,46,498,45,842,44,500,43,0,9829,6069
1773709067,55,53,55,2252,56,5120,57,25,58,0,59,0,60,451,61,37,62,0,63,1440,64,500,65,4,53,836,52,136,51,590,50,2272,49,170,48,0,47,225,46,498,45,842,44,500,43,0,9829,6069
1773709068,55,53,55,2252,56,5120,57,25,58,0,59,0,60,451,61,37,62,0,63,1440,64,500,65,4,53,836,52,136,51,590,50,2272,49,170,48,0,47,225,46,498,45,842,44,500,43,0,9829,6069
1773709069,55,53,55,2252,56,5120,57,25,58,0,59,0,60,451,61,37,62,0,63,1440,64,500,65,4,53,836,52,136,51,590,50,2272,49,170,48,0,47,225,46,498,45,842,44,500,43,0,9829,6069
1773709070,55,53,55,2252,56,5120,57,25,58,0,59,0,60,451,61,37,62,0,63,1440,64,500,65,4,53,836,52,136,51,590,50,2272,49,170,48,0,47,225,46,498,45,842,44,500,43,0,9829,6069
1773709071,55,53,55,2252,56,5120,57,25,58,0,59,0,60,451,61,37,62,0,63,1440,64,500,65,4,53,836,52,136,51,590,50,2272,49,170,48,0,47,225,46,498,45,842,44,500,43,0,9829,6069
1773709072,55,53,55,2252,56,5120,57,25,58,0,59,0,60,451,61,37,62,0,63,1440,64,500,65,4,53,836,52,136,51,590,50,2272,49,170,48,0,47,225,46,498,45,842,44,500,43,0,9829,6069
1773709073,55,53,55,2252,56,5120,57,25,58,0,59,0,60,451,61,37,62,0,63,1440,64,500,65,4,53,836,52,136,51,590,50,2272,49,170,48,0,47,225,46,498,45,842,44,500,43,0,9829,6069
1773709074,55,53,55,2252,56,5120,57,25,58,0,59,0,60,451,61,37,62,0,63,1440,64,500,65,4,53,836,52,136,51,590,50,2272,49,170,48,0,47,225,46,498,45,842,44,500,43,0,9829,6069
1773709075,55,53,55,2252,56,5120,57,25,58,0,59,0,60,451,61,37,62,0,63,1440,64,500,65,4,53,836,52,136,51,590,50,2272,49,170,48,0,47,225,46,498,45,842,44,500,43,0,9829,6069
1773709076,55,53,55,2252,56,5120,57,25,58,0,59,0,60,451,61,37,62,0,63,1440,64,500,65,4,53,836,52,136,51,590,50,2272,49,170,48,0,47,225,46,498,45,842,44,500,43,0,9829,6069
1773709077,55,53,55,2252,56,5120,57,25,58,0,59,0,60,451,61,37,62,0,63,1440,64,500,65,4,53,836,52,136,51,590,50,2272,49,170,48,0,47,225,46,498,45,842,44,500,43,0,9829,6069
1773709078,55,53,55,2252,56,5120,57,25,58,0,59,0,60,451,61,37,62,0,63,1440,64,500,65,4,53,836,52,136,51,590,50,2272,49,170,48,0,47,225,46,498,45,842,44,500,43,0,9829,6069
1773709079,55,53,55,2252,56,5120,57,25,58,0,59,0,60,451,61,37,62,0,63,1440,64,500,65,4,53,836,52,136,51,590,50,2272,49,170,48,0,47,225,46,498,45,842,44,500,43,0,9829,6069
1773709080,55,53,55,2252,56,5120,57,25,58,0,59,0,60,451,61,37,62,0,63,1440,64,500,65,4,53,836,52,136,51,590,50,2272,49,170,48,0,47,225,46,498,45,842,44,500,43,0,9829,6069
1773709081,55,53,55,2252,56,5120,57,25,58,0,59,0,60,451,61,37,62,0,63,1440,64,500,65,4,53,836,52,136,51,590,50,2272,49,170,48,0,47,225,46,498,45,842,44,500,43,0,9829,6069
1773709082,55,53,55,2252,56,5120,57,25,58,0,59,0,60,451,61,37,62,0,63,1440,64,500,65,4,53,836,52,136,51,590,50,2272,49,170,48,0,47,225,46,498,45,842,44,500,43,0,9829,6069
1773709083,55,53,55,2252,56,5120,57,25,58,0,59,0,60,451,61,37,62,0,63,1440,64,500,65,4,53,836,52,136,51,590,50,2272,49,170,48,0,47,225,46,498,45,842,44,500,43,0,9829,6069
1773709084,55,53,55,2252,56,5120,57,25,58,0,59,0,60,451,61,37,62,0,63,1440,64,500,65,4,53,836,52,136,51,590,50,2272,49,170,48,0,47,225,46,498,45,842,44,500,43,0,9829,6069
1773709085,55,53,55,2252,56,5120,57,25,58,0,59,0,60,451,61,37,62,0,63,1440,64,500,65,4,53,836,52,136,51,590,50,2272,49,170,48,0,47,225,46,498,45,842,44,500,43,0,9829,6069
1773709086,55,53,55,2252,56,5120,57,25,58,0,59,0,60,451,61,37,62,0,63,1440,64,500,65,4,53,836,52,136,51,590,50,2272,49,170,48,0,47,225,46,498,45,842,44,500,43,0,9829,6069
1773709087,55,53,55,2252,56,5120,57,25,58,0,59,0,60,451,61,37,62,0,63,1440,64,500,65,4,53,836,52,136,51,590,50,2272,49,170,48,0,47,225,46,498,45,842,44,500,43,0,9829,6069
1773709088,55,53,55,2252,56,5120,57,25,58,0,59,0,60,451,61,37,62,0,63,1440,64,500,65,4,53,836,52,136,51,590,50,2272,49,170,48,0,47,225,46,498,45,842,44,500,43,0,9829,6069
1773709089,55,53,55,2252,56,5120,57,25,58,0,59,0,60,451,61,37,62,0,63,1440,64,500,65,4,53,836,52,136,51,590,50,2272,49,170,48,0,47,225,46,498,45,842,44,500,43,0,9829,6069
1773709090,55,53,55,2252,56,5120,57,25,58,0,59,0,60,451,61,37,62,0,63,1440,64,500,65,4,53,836,52,136,51,590,50,2272,49,170,48,0,47,225,46,498,45,842,44,500,43,0,9829,6069
1773709091,55,53,55,2252,56,5120,57,25,58,0,59,0,60,451,61,37,62,0,63,1440,64,500,65,4,53,836,52,136,51,590,50,2272,49,170,48,0,47,225,46,498,45,842,44,500,43,0,9829,6069
1773709092,55,53,55,2311,56,5120,57,25,58,0,59,0,60,451,61,37,62,0,63,1440,64,500,65,4,53,836,52,136,51,590,50,2272,49,170,48,0,47,225,46,498,45,822,44,500,43,0,9888,6049
1773709093,55,53,55,2311,56,5120,57,25,58,0,59,0,60,451,61,37,62,0,63,1440,64,500,65,4,53,836,52,136,51,590,50,2272,49,170,48,0,47,225,46,498,45,822,44,500,43,0,9888,6049
1773709094,55,53,55,2311,56,5120,57,25,58,0,59,0,60,451,61,37,62,0,63,1440,64,500,65,4,53,836,52,136,51,590,50,2272,49,170,48,0,47,225,46,498,45,822,44,500,43,0,9888,6049
1773709095,55,53,55,2311,56,5120,57,25,58,0,59,0,60,451,61,37,62,0,63,1440,64,500,65,4,53,836,52,136,51,590,50,2272,49,170,48,0,47,225,46,498,45,822,44,500,43,0,9888,6049
1773709096,55,53,55,2311,56,5120,57,25,58,0,59,0,60,451,61,37,62,0,63,1440,64,500,65,4,53,836,52,136,51,590,50,2272,49,170,48,0,47,225,46,498,45,822,44,500,43,0,9888,6049
1773709097,55,53,55,2311,56,5120,57,25,58,0,59,0,60,451,61,37,62,0,63,1440,64,500,65,4,53,836,52,136,51,590,50,2272,49,170,48,0,47,225,46,498,45,822,44,500,43,0,9888,6049
1773709098,55,53,55,2311,56,5120,57,25,58,0,59,0,60,451,61,37,62,0,63,1440,64,500,65,4,53,836,52,136,51,590,50,2272,49,170,48,0,47,225,46,498,45,822,44,500,43,0,9888,6049
1773709099,55,53,55,2311,56,5120,57,25,58,0,59,0,60,451,61,37,62,0,63,1440,64,500,65,4,53,836,52,136,51,590,50,2272,49,170,48,0,47,225,46,498,45,822,44,500,43,0,9888,6049
1773709100,55,53,55,2311,56,5120,57,25,58,0,59,0,60,451,61,37,62,0,63,1440,64,500,65,4,53,836,52,136,51,590,50,2272,49,170,48,0,47,225,46,498,45,822,44,500,43,0,9888,6049
1773709101,55,53,55,2311,56,5120,57,25,58,0,59,0,60,451,61,37,62,0,63,1440,64,500,65,4,53,836,52,136,51,590,50,2272,49,170,48,0,47,225,46,498,45,822,44,500,43,0,9888,6049
1773709102,55,53,55,2311,56,5120,57,25,58,0,59,0,60,451,61,37,62,0,63,1440,64,500,65,4,53,836,52,136,51,590,50,2272,49,170,48,0,47,225,46,498,45,822,44,500,43,0,9888,6049
1773709103,55,53,55,2311,56,5120,57,25,58,0,59,0,60,451,61,37,62,0,63,1440,64,500,65,4,53,836,52,136,51,590,50,2272,49,170,48,0,47,225,46,498,45,822,44,500,43,0,9888,6049
1773709104,55,53,55,2311,56,5120,57,25,58,0,59,0,60,451,61,37,62,0,63,1440,64,500,65,4,53,836,52,136,51,590,50,2272,49,170,48,0,47,225,46,498,45,822,44,500,43,0,9888,6049
1773709105,55,53,55,2311,56,5120,57,25,58,0,59,0,60,451,61,37,62,0,63,1440,64,500,65,4,53,836,52,136,51,590,50,2272,49,170,48,0,47,225,46,498,45,822,44,500,43,0,9888,6049
1773709106,54,53,54,154,55,2356,56,4800,57,25,58,0,59,0,60,451,61,37,62,0,63,1443,64,500,53,776,52,136,51,590,50,2272,49,170,48,0,47,225,46,498,45,686,44,500,43,0,9766,5853
1773709107,54,53,54,154,55,2356,56,4800,57,25,58,0,59,0,60,451,61,37,62,0,63,1443,64,500,53,776,52,136,51,590,50,2272,49,170,48,0,47,225,46,498,45,686,44,500,43,0,9766,5853
1773709108,54,53,54,154,55,2356,56,4800,57,25,58,0,59,0,60,451,61,37,62,0,63,1443,64,500,53,776,52,136,51,590,50,2272,49,170,48,0,47,225,46,498,45,686,44,500,43,0,9766,5853
1773709109,54,53,54,154,55,2356,56,4800,57,25,58,0,59,0,60,451,61,37,62,0,63,1443,64,500,53,776,52,136,51,590,50,2272,49,170,48,0,47,225,46,498,45,686,44,500,43,0,9766,5853
1773709110,55,53,55,2366,56,4800,57,25,58,0,59,0,60,451,61,37,62,0,63,1443,64,500,65,4,53,818,52,136,51,590,50,2272,49,170,48,0,47,225,46,498,45,730,44,500,43,0,9626,5939
1773709111,55,53,55,2366,56,4800,57,25,58,0,59,0,60,451,61,37,62,0,63,1443,64,500,65,4,53,818,52,136,51,590,50,2272,49,170,48,0,47,225,46,498,45,730,44,500,43,0,9626,5939
1773709112,55,53,55,2366,56,4800,57,25,58,0,59,0,60,451,61,37,62,0,63,1443,64,500,65,4,53,818,52,136,51,590,50,2272,49,170,48,0,47,225,46,498,45,730,44,500,43,0,9626,5939
1773709113,55,53,55,2366,56,4800,57,25,58,0,59,0,60,451,61,37,62,0,63,1443,64,500,65,4,53,818,52,136,51,590,50,2272,49,170,48,0,47,225,46,498,45,730,44,500,43,0,9626,5939
1773709114,55,53,55,2366,56,4800,57,25,58,0,59,0,60,451,61,37,62,0,63,1443,64,500,65,4,53,818,52,136,51,590,50,2272,49,170,48,0,47,225,46,498,45,730,44,500,43,0,9626,5939
1773709115,55,53,55,2366,56,4800,57,25,58,0,59,0,60,451,61,37,62,0,63,1443,64,500,65,4,53,818,52,136,51,590,50,2272,49,170,48,0,47,225,46,498,45,730,44,500,43,0,9626,5939
1773709116,55,53,55,2366,56,4800,57,25,58,0,59,0,60,451,61,37,62,0,63,1443,64,500,65,4,53,818,52,136,51,590,50,2272,49,170,48,0,47,225,46,498,45,730,44,500,43,0,9626,5939
1773709117,55,53,55,2366,56,4800,57,25,58,0,59,0,60,451,61,37,62,0,63,1443,64,500,65,4,53,818,52,136,51,590,50,2272,49,170,48,0,47,225,46,498,45,730,44,500,43,0,9626,5939
1773709118,55,53,55,2366,56,4800,57,25,58,0,59,0,60,451,61,37,62,0,63,1443,64,500,65,4,53,818,52,136,51,590,50,2272,49,170,48,0,47,225,46,498,45,730,44,500,43,0,9626,5939
1773709119,55,53,55,2366,56,4800,57,25,58,0,59,0,60,451,61,37,62,0,63,1443,64,500,65,4,53,818,52,136,51,590,50,2272,49,170,48,0,47,225,46,498,45,730,44,500,43,0,9626,5939
1773709120,55,53,55,2366,56,4800,57,25,58,0,59,0,60,451,61,37,62,0,63,1443,64,500,65,4,53,818,52,136,51,590,50,2272,49,170,48,0,47,225,46,498,45,730,44,500,43,0,9626,5939
1773709121,55,53,55,2366,56,4800,57,25,58,0,59,0,60,451,61,37,62,0,63,1443,64,500,65,4,53,818,52,136,51,590,50,2272,49,170,48,0,47,225,46,498,45,730,44,500,43,0,9626,5939
1773709122,55,53,55,2366,56,4800,57,25,58,0,59,0,60,451,61,37,62,0,63,1443,64,500,65,4,53,818,52,136,51,590,50,2272,49,170,48,0,47,225,46,498,45,730,44,500,43,0,9626,5939
1773709123,55,53,55,2366,56,4800,57,25,58,0,59,0,60,451,61,37,62,0,63,1443,64,500,65,4,53,818,52,136,51,590,50,2272,49,170,48,0,47,225,46,498,45,730,44,500,43,0,9626,5939
1773709124,55,53,55,2366,56,4800,57,25,58,0,59,0,60,451,61,37,62,0,63,1443,64,500,65,4,53,818,52,136,51,590,50,2272,49,170,48,0,47,225,46,498,45,730,44,500,43,0,9626,5939
1773709125,55,53,55,2366,56,4800,57,25,58,0,59,0,60,451,61,37,62,0,63,1443,64,500,65,4,53,818,52,136,51,590,50,2272,49,170,48,0,47,225,46,498,45,730,44,500,43,0,9626,5939
1773709126,55,53,55,2366,56,4800,57,25,58,0,59,0,60,451,61,37,62,0,63,1443,64,500,65,4,53,818,52,136,51,590,50,2272,49,170,48,0,47,225,46,498,45,730,44,500,43,0,9626,5939
1773709127,55,53,55,2366,56,4800,57,25,58,0,59,0,60,451,61,37,62,0,63,1443,64,500,65,4,53,818,52,136,51,590,50,2272,49,170,48,0,47,225,46,498,45,730,44,500,43,0,9626,5939
1773709128,55,53,55,2366,56,4800,57,25,58,0,59,0,60,451,61,37,62,0,63,1443,64,500,65,4,53,818,52,136,51,590,50,2272,49,170,48,0,47,225,46,498,45,730,44,500,43,0,9626,5939
1773709129,55,53,55,2366,56,4800,57,25,58,0,59,0,60,451,61,37,62,0,63,1443,64,500,65,4,53,818,52,136,51,590,50,2272,49,170,48,0,47,225,46,498,45,730,44,500,43,0,9626,5939
1773709130,55,53,55,2366,56,4800,57,25,58,0,59,0,60,451,61,37,62,0,63,1443,64,500,65,4,53,818,52,136,51,590,50,2272,49,170,48,0,47,225,46,498,45,730,44,500,43,0,9626,5939
1773709131,55,53,55,2366,56,4800,57,25,58,0,59,0,60,451,61,37,62,0,63,1443,64,500,65,4,53,818,52,136,51,590,50,2272,49,170,48,0,47,225,46,498,45,730,44,500,43,0,9626,5939
1773709132,55,53,55,2366,56,4800,57,25,58,0,59,0,60,451,61,37,62,0,63,1443,64,500,65,4,53,818,52,136,51,590,50,2272,49,170,48,0,47,225,46,498,45,730,44,500,43,0,9626,5939
1773709133,55,53,55,2366,56,4800,57,25,58,0,59,0,60,451,61,37,62,0,63,1443,64,500,65,4,53,818,52,136,51,590,50,2272,49,170,48,0,47,225,46,498,45,730,44,500,43,0,9626,5939
1773709134,55,53,55,2366,56,4800,57,25,58,0,59,0,60,451,61,37,62,0,63,1443,64,500,65,4,53,818,52,136,51,590,50,2272,49,170,48,0,47,225,46,498,45,730,44,500,43,0,9626,5939
1773709135,55,53,55,2366,56,4800,57,25,58,0,59,0,60,451,61,37,62,0,63,1443,64,500,65,4,53,818,52,136,51,590,50,2272,49,170,48,0,47,225,46,498,45,730,44,500,43,0,9626,5939
1773709136,55,53,55,2366,56,4800,57,25,58,0,59,0,60,451,61,37,62,0,63,1443,64,500,65,4,53,818,52,136,51,590,50,2272,49,170,48,0,47,225,46,498,45,730,44,500,43,0,9626,5939
1773709137,55,53,55,2366,56,4800,57,25,58,0,59,0,60,451,61,37,62,0,63,1443,64,500,65,4,53,818,52,136,51,590,50,2272,49,170,48,0,47,225,46,498,45,730,44,500,43,0,9626,5939
1773709138,55,53,55,2366,56,4800,57,25,58,0,59,0,60,451,61,37,62,0,63,1443,64,500,65,4,53,818,52,136,51,590,50,2272,49,170,48,0,47,225,46,498,45,730,44,500,43,0,9626,5939
1773709139,55,53,55,2366,56,4800,57,25,58,0,59,0,60,451,61,37,62,0,63,1443,64,500,65,4,53,818,52,136,51,590,50,2272,49,170,48,0,47,225,46,498,45,730,44,500,43,0,9626,5939
1773709140,55,53,55,2366,56,4800,57,25,58,0,59,0,60,451,61,37,62,0,63,1443,64,500,65,4,53,818,52,136,51,590,50,2272,49,170,48,0,47,225,46,498,45,730,44,500,43,0,9626,5939
1773709141,55,53,55,2366,56,4800,57,25,58,0,59,0,60,451,61,37,62,0,63,1443,64,500,65,4,53,818,52,136,51,590,50,2272,49,170,48,0,47,225,46,498,45,730,44,500,43,0,9626,5939
1773709142,55,53,55,2366,56,4800,57,25,58,0,59,0,60,451,61,37,62,0,63,1443,64,500,65,4,53,818,52,136,51,590,50,2272,49,170,48,0,47,225,46,498,45,730,44,500,43,0,9626,5939
1773709143,55,53,55,2366,56,4800,57,25,58,0,59,0,60,451,61,37,62,0,63,1443,64,500,65,4,53,818,52,136,51,590,50,2272,49,165,48,0,47,225,46,498,45,730,44,500,43,0,9626,5934
1773709144,55,53,55,2366,56,4800,57,25,58,0,59,0,60,451,61,37,62,0,63,1443,64,500,65,4,53,818,52,136,51,590,50,2272,49,170,48,0,47,225,46,498,45,730,44,500,43,0,9626,5939
1773709145,55,53,55,2366,56,4800,57,25,58,0,59,0,60,451,61,37,62,0,63,1443,64,500,65,4,53,818,52,136,51,590,50,2272,49,170,48,0,47,225,46,498,45,730,44,500,43,0,9626,5939
1773709146,55,53,55,2366,56,4800,57,25,58,0,59,0,60,451,61,37,62,0,63,1443,64,500,65,4,53,818,52,136,51,590,50,2272,49,170,48,0,47,225,46,498,45,730,44,500,43,0,9626,5939
1773709147,55,53,55,2366,56,4800,57,25,58,0,59,0,60,451,61,37,62,0,63,1443,64,500,65,4,53,818,52,136,51,590,50,2272,49,170,48,0,47,225,46,498,45,730,44,500,43,0,9626,5939
1773709148,55,53,55,2366,56,4800,57,25,58,0,59,0,60,451,61,37,62,0,63,1443,64,500,65,4,53,818,52,136,51,590,50,2272,49,170,48,0,47,225,46,498,45,730,44,500,43,0,9626,5939
1773709149,55,53,55,2366,56,4800,57,25,58,0,59,0,60,451,61,37,62,0,63,1443,64,500,65,4,53,818,52,136,51,590,50,2272,49,170,48,0,47,225,46,498,45,730,44,500,43,0,9626,5939
1773709150,55,53,55,2366,56,4800,57,25,58,0,59,0,60,451,61,37,62,0,63,1443,64,500,65,4,53,818,52,136,51,590,50,2272,49,170,48,0,47,225,46,498,45,730,44,500,43,0,9626,5939
1773709151,54,53,54,1,55,2366,56,4800,57,25,58,0,59,0,60,451,61,37,62,0,63,1443,64,500,53,818,52,136,51,590,50,2272,49,170,48,0,47,225,46,498,45,799,44,500,43,0,9623,6008
1773709152,54,53,54,1,55,2366,56,4800,57,25,58,0,59,0,60,451,61,37,62,0,63,1443,64,500,53,818,52,136,51,590,50,2272,49,170,48,0,47,225,46,498,45,799,44,500,43,0,9623,6008
1773709153,54,53,54,1,55,2366,56,4800,57,25,58,0,59,0,60,451,61,37,62,0,63,1443,64,500,53,818,52,136,51,590,50,2272,49,170,48,0,47,225,46,498,45,799,44,500,43,0,9623,6008
1773709154,54,53,54,1,55,2366,56,4800,57,25,58,0,59,0,60,451,61,37,62,0,63,1443,64,500,53,818,52,136,51,590,50,2272,49,170,48,0,47,225,46,498,45,799,44,500,43,0,9623,6008
1773709155,54,53,54,1,55,2366,56,4800,57,25,58,0,59,0,60,451,61,37,62,0,63,1443,64,500,53,818,52,136,51,590,50,2272,49,170,48,0,47,225,46,498,45,799,44,500,43,0,9623,6008
1773709156,54,53,54,1,55,2366,56,4800,57,25,58,0,59,0,60,451,61,37,62,0,63,1443,64,500,53,818,52,136,51,590,50,2272,49,170,48,0,47,225,46,498,45,799,44,500,43,0,9623,6008
1773709157,54,53,54,1,55,2366,56,4800,57,25,58,0,59,0,60,451,61,37,62,0,63,1443,64,500,53,818,52,136,51,590,50,2272,49,170,48,0,47,225,46,498,45,799,44,500,43,0,9623,6008
1773709158,54,53,54,1,55,2366,56,4800,57,25,58,0,59,0,60,451,61,37,62,0,63,1443,64,500,53,818,52,136,51,590,50,2272,49,170,48,0,47,225,46,498,45,799,44,500,43,0,9623,6008
1773709159,54,53,54,1,55,2366,56,4800,57,25,58,0,59,0,60,451,61,37,62,0,63,1443,64,500,53,818,52,136,51,590,50,2272,49,170,48,0,47,225,46,498,45,799,44,500,43,0,9623,6008
1773709160,54,53,54,1,55,2366,56,4800,57,25,58,0,59,0,60,451,61,37,62,0,63,1443,64,500,53,818,52,136,51,590,50,2272,49,170,48,0,47,225,46,498,45,799,44,500,43,0,9623,6008
1773709161,54,53,54,1,55,2366,56,4800,57,25,58,0,59,0,60,451,61,37,62,0,63,1443,64,500,53,818,52,136,51,590,50,2272,49,170,48,0,47,225,46,498,45,799,44,500,43,0,9623,6008
1773709162,54,53,54,1,55,2366,56,4800,57,25,58,0,59,0,60,451,61,37,62,0,63,1443,64,500,53,818,52,136,51,590,50,2272,49,170,48,0,47,225,46,498,45,799,44,500,43,0,9623,6008
1773709163,54,53,54,1,55,2366,56,4800,57,25,58,0,59,0,60,451,61,37,62,0,63,1443,64,500,53,818,52,136,51,590,50,2272,49,170,48,0,47,225,46,498,45,799,44,500,43,0,9623,6008
1773709164,54,53,54,1,55,2366,56,4800,57,25,58,0,59,0,60,451,61,37,62,0,63,1443,64,500,53,818,52,136,51,590,50,2272,49,170,48,0,47,225,46,498,45,799,44,500,43,0,9623,6008
1773709165,54,53,54,1,55,2366,56,4800,57,25,58,0,59,0,60,451,61,37,62,0,63,1443,64,500,53,818,52,136,51,590,50,2272,49,170,48,0,47,225,46,498,45,799,44,500,43,0,9623,6008
1773709166,54,53,54,1,55,2366,56,4800,57,25,58,0,59,0,60,451,61,37,62,0,63,1443,64,500,53,818,52,136,51,590,50,2272,49,170,48,0,47,225,46,498,45,799,44,500,43,0,9623,6008
1773709167,54,53,54,1,55,2366,56,4800,57,25,58,0,59,0,60,451,61,37,62,0,63,1443,64,500,53,818,52,136,51,590,50,2272,49,170,48,0,47,225,46,498,45,799,44,500,43,0,9623,6008
1773709168,54,53,54,1,55,2366,56,4800,57,25,58,0,59,0,60,451,61,37,62,0,63,1443,64,500,53,818,52,136,51,590,50,2272,49,170,48,0,47,225,46,498,45,799,44,500,43,0,9623,6008
1773709169,55,53,55,2366,56,4800,57,25,58,0,59,0,60,451,61,37,62,0,63,1443,64,500,65,4,53,818,52,136,51,590,50,2272,49,170,48,0,47,225,46,498,45,795,44,500,43,0,9626,6004
1773709170,55,53,55,2366,56,4800,57,25,58,0,59,0,60,451,61,37,62,0,63,1443,64,500,65,4,53,818,52,136,51,590,50,2272,49,170,48,0,47,225,46,498,45,795,44,500,43,0,9626,6004
1773709171,55,53,55,2366,56,4800,57,25,58,0,59,0,60,451,61,37,62,0,63,1443,64,500,65,4,53,818,52,136,51,590,50,2272,49,170,48,0,47,225,46,498,45,795,44,500,43,0,9626,6004
1773709172,55,53,55,2366,56,4800,57,25,58,0,59,0,60,451,61,37,62,0,63,1443,64,500,65,4,53,818,52,136,51,590,50,2272,49,170,48,0,47,225,46,498,45,795,44,500,43,0,9626,6004
1773709173,55,53,55,2366,56,4800,57,25,58,0,59,0,60,451,61,37,62,0,63,1443,64,500,65,4,53,818,52,136,51,590,50,2272,49,170,48,0,47,225,46,498,45,795,44,500,43,0,9626,6004
1773709174,55,53,55,2366,56,4800,57,25,58,0,59,0,60,451,61,37,62,0,63,1443,64,500,65,4,53,818,52,136,51,590,50,2272,49,170,48,0,47,225,46,498,45,795,44,500,43,0,9626,6004
1773709175,55,53,55,2366,56,4800,57,25,58,0,59,0,60,451,61,37,62,0,63,1443,64,500,65,4,53,818,52,136,51,590,50,2272,49,170,48,0,47,225,46,498,45,795,44,500,43,0,9626,6004
1773709176,55,53,55,2366,56,4800,57,25,58,0,59,0,60,451,61,37,62,0,63,1443,64,500,65,4,53,818,52,136,51,590,50,2272,49,170,48,0,47,225,46,498,45,795,44,500,43,0,9626,6004
1773709177,55,53,55,2366,56,4800,57,25,58,0,59,0,60,451,61,37,62,0,63,1443,64,500,65,4,53,818,52,136,51,590,50,2272,49,170,48,0,47,225,46,498,45,795,44,500,43,0,9626,6004
1773709178,55,53,55,2366,56,4800,57,25,58,0,59,0,60,451,61,37,62,0,63,1443,64,500,65,4,53,818,52,136,51,590,50,2272,49,170,48,0,47,225,46,498,45,795,44,500,43,0,9626,6004
1773709179,55,53,55,2366,56,4800,57,25,58,0,59,0,60,451,61,37,62,0,63,1443,64,500,65,4,53,818,52,136,51,590,50,2272,49,170,48,0,47,225,46,498,45,795,44,500,43,0,9626,6004
1773709180,55,53,55,2366,56,4800,57,25,58,0,59,0,60,451,61,37,62,0,63,1443,64,500,65,4,53,818,52,136,51,590,50,2272,49,170,48,0,47,225,46,498,45,795,44,500,43,0,9626,6004
1773709181,55,53,55,2366,56,4800,57,25,58,0,59,0,60,451,61,37,62,0,63,1443,64,500,65,4,53,818,52,136,51,590,50,2272,49,170,48,0,47,225,46,498,45,795,44,500,43,0,9626,6004
1773709182,55,53,55,2366,56,4800,57,25,58,0,59,0,60,451,61,37,62,0,63,1443,64,500,65,4,53,818,52,136,51,590,50,2272,49,170,48,0,47,225,46,498,45,795,44,500,43,0,9626,6004
1773709183,55,53,55,2366,56,4800,57,25,58,0,59,0,60,451,61,37,62,0,63,1443,64,500,65,4,53,818,52,136,51,590,50,2272,49,170,48,0,47,225,46,498,45,795,44,500,43,0,9626,6004
1773709184,55,53,55,2366,56,4800,57,25,58,0,59,0,60,451,61,37,62,0,63,1443,64,500,65,4,53,818,52,136,51,590,50,2272,49,170,48,0,47,225,46,498,45,795,44,500,43,0,9626,6004
1773709185,55,53,55,2366,56,4800,57,25,58,0,59,0,60,451,61,37,62,0,63,1443,64,500,65,4,53,818,52,136,51,590,50,2272,49,170,48,0,47,225,46,498,45,795,44,500,43,0,9626,6004
1773709186,55,53,55,2366,56,4800,57,25,58,0,59,0,60,451,61,37,62,0,63,1443,64,500,65,4,53,818,52,136,51,590,50,2272,49,170,48,0,47,225,46,498,45,795,44,500,43,0,9626,6004
1773709187,55,53,55,2366,56,4800,57,25,58,0,59,0,60,451,61,37,62,0,63,1443,64,500,65,4,53,818,52,136,51,590,50,2272,49,170,48,0,47,225,46,498,45,795,44,500,43,0,9626,6004
1773709188,55,53,55,2366,56,4800,57,25,58,0,59,0,60,451,61,37,62,0,63,1443,64,500,65,4,53,818,52,136,51,590,50,2272,49,170,48,0,47,225,46,498,45,795,44,500,43,0,9626,6004
1773709189,55,53,55,2366,56,4800,57,25,58,0,59,0,60,451,61,37,62,0,63,1443,64,500,65,4,53,818,52,136,51,590,50,2272,49,170,48,0,47,225,46,498,45,795,44,500,43,0,9626,6004
1773709190,55,53,55,2366,56,4800,57,25,58,0,59,0,60,451,61,37,62,0,63,1443,64,500,65,4,53,818,52,136,51,590,50,2272,49,170,48,0,47,225,46,498,45,795,44,500,43,0,9626,6004
1773709191,55,53,55,2366,56,4800,57,25,58,0,59,0,60,451,61,37,62,0,63,1443,64,500,65,4,53,818,52,136,51,590,50,2272,49,170,48,0,47,225,46,498,45,795,44,500,43,0,9626,6004
1773709192,55,53,55,2366,56,4800,57,25,58,0,59,0,60,451,61,37,62,0,63,1443,64,500,65,4,53,818,52,136,51,590,50,2272,49,170,48,0,47,225,46,498,45,795,44,500,43,0,9626,6004
1773709193,55,53,55,2366,56,4610,57,25,58,0,59,0,60,451,61,37,62,0,63,1443,64,500,65,4,53,818,52,136,51,590,50,2272,49,170,48,0,47,225,46,498,45,795,44,500,43,0,9436,6004
1773709194,55,53,55,2366,56,4610,57,25,58,0,59,0,60,451,61,37,62,0,63,1443,64,500,65,4,53,818,52,136,51,590,50,2272,49,170,48,0,47,225,46,498,45,795,44,500,43,0,9436,6004
1773709195,55,53,55,2366,56,4610,57,25,58,0,59,0,60,451,61,37,62,0,63,1443,64,500,65,4,53,818,52,136,51,590,50,2272,49,170,48,0,47,225,46,498,45,795,44,500,43,0,9436,6004
1773709196,55,53,55,2366,56,4610,57,25,58,0,59,0,60,451,61,37,62,0,63,1443,64,500,65,4,53,818,52,136,51,590,50,2272,49,170,48,0,47,225,46,498,45,795,44,500,43,0,9436,6004
1773709197,55,53,55,2366,56,4610,57,25,58,0,59,0,60,451,61,37,62,0,63,1443,64,500,65,4,53,818,52,136,51,590,50,2272,49,170,48,0,47,225,46,498,45,795,44,500,43,0,9436,6004
1773709198,55,53,55,2366,56,4610,57,25,58,0,59,0,60,451,61,37,62,0,63,1443,64,500,65,4,53,818,52,136,51,590,50,2272,49,170,48,0,47,225,46,498,45,795,44,500,43,0,9436,6004
1773709199,55,53,55,2366,56,4610,57,25,58,0,59,0,60,451,61,37,62,0,63,1443,64,500,65,4,53,818,52,136,51,590,50,2272,49,170,48,0,47,225,46,498,45,795,44,500,43,0,9436,6004
1773709200,55,53,55,2366,56,4610,57,25,58,0,59,0,60,451,61,37,62,0,63,1443,64,500,65,4,53,818,52,136,51,590,50,2272,49,170,48,0,47,225,46,498,45,795,44,500,43,0,9436,6004
1773709201,55,53,55,2366,56,4610,57,25,58,0,59,0,60,451,61,37,62,0,63,1443,64,500,65,4,53,818,52,136,51,590,50,2272,49,170,48,0,47,225,46,498,45,795,44,500,43,0,9436,6004
1773709202,55,53,55,2366,56,4610,57,25,58,0,59,0,60,451,61,37,62,0,63,1443,64,500,65,4,53,818,52,136,51,590,50,2272,49,170,48,0,47,225,46,498,45,795,44,500,43,0,9436,6004
1773709203,55,53,55,2366,56,4610,57,25,58,0,59,0,60,451,61,37,62,0,63,1443,64,500,65,4,53,818,52,136,51,590,50,2272,49,170,48,0,47,225,46,498,45,795,44,500,43,0,9436,6004
1773709204,55,53,55,2366,56,4610,57,25,58,0,59,0,60,451,61,37,62,0,63,1443,64,500,65,4,53,818,52,136,51,590,50,2272,49,170,48,0,47,225,46,498,45,795,44,500,43,0,9436,6004
1773709205,55,53,55,2366,56,4610,57,25,58,0,59,0,60,451,61,37,62,0,63,1443,64,500,65,4,53,818,52,136,51,590,50,2272,49,170,48,0,47,225,46,498,45,795,44,500,43,0,9436,6004
1773709206,55,53,55,2366,56,4610,57,25,58,0,59,0,60,451,61,37,62,0,63,1443,64,500,65,4,53,818,52,136,51,590,50,2272,49,170,48,0,47,225,46,498,45,795,44,500,43,0,9436,6004
1773709207,55,53,55,2366,56,4610,57,25,58,0,59,0,60,451,61,37,62,0,63,1443,64,500,65,4,53,818,52,136,51,590,50,2272,49,170,48,0,47,225,46,498,45,795,44,500,43,0,9436,6004
1773709208,55,53,55,2366,56,4610,57,25,58,0,59,0,60,451,61,37,62,0,63,1443,64,500,65,4,53,818,52,136,51,590,50,2272,49,170,48,0,47,225,46,498,45,795,44,500,43,0,9436,6004
1773709209,55,53,55,2366,56,4610,57,25,58,0,59,0,60,451,61,37,62,0,63,1443,64,500,65,4,53,818,52,136,51,590,50,2272,49,170,48,0,47,225,46,498,45,795,44,500,43,0,9436,6004
1773709210,55,53,55,2366,56,4610,57,25,58,0,59,0,60,451,61,37,62,0,63,1443,64,500,65,4,53,818,52,136,51,590,50,2272,49,170,48,0,47,225,46,498,45,795,44,500,43,0,9436,6004
1773709211,55,53,55,2366,56,4610,57,25,58,0,59,0,60,451,61,37,62,0,63,1443,64,500,65,4,53,818,52,136,51,590,50,2272,49,170,48,0,47,225,46,498,45,795,44,500,43,0,9436,6004
1773709212,55,53,55,2366,56,4610,57,25,58,0,59,0,60,451,61,37,62,0,63,1443,64,500,65,4,53,818,52,136,51,590,50,2272,49,170,48,0,47,225,46,498,45,795,44,500,43,0,9436,6004
1773709213,55,53,55,2371,56,4610,57,25,58,0,59,0,60,451,61,37,62,0,63,1443,64,500,65,4,53,818,52,136,51,590,50,2272,49,170,48,0,47,225,46,498,45,795,44,500,43,0,9441,6004
1773709214,55,53,55,2371,56,4610,57,25,58,0,59,0,60,451,61,37,62,0,63,1443,64,500,65,4,53,818,52,136,51,590,50,2272,49,170,48,0,47,225,46,498,45,795,44,500,43,0,9441,6004
1773709215,55,53,55,2371,56,4610,57,25,58,0,59,0,60,451,61,37,62,0,63,1443,64,500,65,4,53,818,52,136,51,590,50,2272,49,170,48,0,47,225,46,498,45,795,44,500,43,0,9441,6004
1773709216,55,53,55,2371,56,4610,57,25,58,0,59,0,60,451,61,37,62,0,63,1443,64,500,65,4,53,818,52,136,51,590,50,2272,49,170,48,0,47,225,46,498,45,795,44,500,43,0,9441,6004
1773709217,55,53,55,2371,56,4610,57,25,58,0,59,0,60,451,61,37,62,0,63,1443,64,500,65,4,53,818,52,136,51,590,50,2272,49,170,48,0,47,225,46,498,45,795,44,500,43,0,9441,6004
1773709218,55,53,55,2371,56,4610,57,25,58,0,59,0,60,451,61,37,62,0,63,1443,64,500,65,4,53,818,52,136,51,590,50,2272,49,170,48,0,47,225,46,498,45,795,44,500,43,0,9441,6004
1773709219,55,53,55,2371,56,4610,57,25,58,0,59,0,60,451,61,37,62,0,63,1443,64,500,65,4,53,818,52,136,51,590,50,2272,49,170,48,0,47,225,46,498,45,795,44,500,43,0,9441,6004
1773709220,55,53,55,2371,56,4610,57,25,58,0,59,0,60,451,61,37,62,0,63,1443,64,500,65,4,53,818,52,136,51,590,50,2272,49,170,48,0,47,225,46,498,45,795,44,500,43,0,9441,6004
1773709221,55,53,55,2371,56,4610,57,25,58,0,59,0,60,451,61,37,62,0,63,1443,64,500,65,4,53,818,52,136,51,590,50,2272,49,170,48,0,47,225,46,498,45,795,44,500,43,0,9441,6004
1773709222,55,53,55,2371,56,4610,57,25,58,0,59,0,60,451,61,37,62,0,63,1443,64,500,65,4,53,818,52,136,51,590,50,2272,49,170,48,0,47,225,46,498,45,795,44,500,43,0,9441,6004
1773709223,55,53,55,2371,56,4610,57,25,58,0,59,0,60,451,61,37,62,0,63,1443,64,500,65,4,53,818,52,136,51,590,50,2272,49,170,48,0,47,225,46,498,45,795,44,500,43,0,9441,6004
1773709224,55,53,55,2371,56,4610,57,25,58,0,59,0,60,451,61,37,62,0,63,1443,64,500,65,4,53,818,52,136,51,590,50,2272,49,170,48,0,47,225,46,498,45,795,44,500,43,0,9441,6004
1773709225,55,53,55,2371,56,4610,57,25,58,0,59,0,60,451,61,37,62,0,63,1443,64,500,65,4,53,818,52,136,51,590,50,2272,49,170,48,0,47,225,46,498,45,795,44,500,43,0,9441,6004
1773709226,55,53,55,2371,56,4610,57,25,58,0,59,0,60,451,61,37,62,0,63,1443,64,500,65,4,53,818,52,136,51,590,50,2272,49,170,48,0,47,225,46,498,45,795,44,500,43,0,9441,6004
1773709227,55,53,55,2371,56,4610,57,25,58,0,59,0,60,451,61,37,62,0,63,1443,64,500,65,4,53,818,52,136,51,590,50,2272,49,170,48,0,47,225,46,498,45,795,44,500,43,0,9441,6004
1773709228,55,53,55,2371,56,4610,57,25,58,0,59,0,60,451,61,37,62,0,63,1443,64,500,65,4,53,818,52,136,51,590,50,2272,49,170,48,0,47,225,46,498,45,795,44,500,43,0,9441,6004
1773709229,55,53,55,2371,56,4610,57,25,58,0,59,0,60,451,61,37,62,0,63,1443,64,500,65,4,53,818,52,136,51,590,50,2272,49,170,48,0,47,225,46,498,45,795,44,500,43,0,9441,6004
1773709230,55,53,55,2371,56,4610,57,25,58,0,59,0,60,451,61,37,62,0,63,1443,64,500,65,4,53,818,52,136,51,590,50,2272,49,170,48,0,47,225,46,498,45,795,44,500,43,0,9441,6004
1773709231,55,53,55,2371,56,4610,57,25,58,0,59,0,60,451,61,37,62,0,63,1443,64,500,65,4,53,818,52,136,51,590,50,2272,49,170,48,0,47,225,46,498,45,795,44,500,43,0,9441,6004
1773709232,55,53,55,2371,56,4610,57,25,58,0,59,0,60,451,61,37,62,0,63,1443,64,500,65,4,53,818,52,136,51,590,50,2272,49,170,48,0,47,225,46,498,45,795,44,500,43,0,9441,6004
1773709233,55,53,55,2371,56,4610,57,25,58,0,59,0,60,451,61,37,62,0,63,1443,64,500,65,4,53,818,52,136,51,590,50,2272,49,170,48,0,47,225,46,498,45,795,44,500,43,0,9441,6004
1773709234,55,53,55,2371,56,4610,57,25,58,0,59,0,60,451,61,37,62,0,63,1443,64,500,65,4,53,818,52,136,51,590,50,2272,49,170,48,0,47,225,46,498,45,795,44,500,43,0,9441,6004
1773709235,55,53,55,2371,56,4610,57,25,58,0,59,0,60,451,61,37,62,0,63,1443,64,500,65,4,53,818,52,136,51,590,50,2272,49,170,48,0,47,225,46,498,45,795,44,500,43,0,9441,6004
1773709236,55,53,55,2371,56,4610,57,25,58,0,59,0,60,451,61,37,62,0,63,1443,64,500,65,4,53,818,52,136,51,590,50,2272,49,170,48,0,47,225,46,498,45,795,44,500,43,0,9441,6004
1773709237,55,53,55,2371,56,4610,57,25,58,0,59,0,60,451,61,37,62,0,63,1443,64,500,65,4,53,818,52,136,51,590,50,2272,49,170,48,0,47,225,46,498,45,795,44,500,43,0,9441,6004
1773709238,55,53,55,2371,56,4610,57,25,58,0,59,0,60,451,61,37,62,0,63,1443,64,500,65,4,53,818,52,136,51,590,50,2272,49,170,48,0,47,225,46,498,45,795,44,500,43,0,9441,6004
1773709239,55,53,55,2371,56,4610,57,25,58,0,59,0,60,451,61,37,62,0,63,1443,64,500,65,4,53,818,52,136,51,590,50,2272,49,170,48,0,47,225,46,498,45,795,44,500,43,0,9441,6004
1773709240,55,53,55,2371,56,4610,57,25,58,0,59,0,60,451,61,37,62,0,63,1443,64,500,65,4,53,818,52,136,51,590,50,2272,49,170,48,0,47,225,46,498,45,795,44,500,43,0,9441,6004
1773709241,55,53,55,2371,56,4610,57,25,58,0,59,0,60,451,61,37,62,0,63,1443,64,500,65,4,53,818,52,136,51,590,50,2272,49,170,48,0,47,225,46,498,45,795,44,500,43,0,9441,6004
1773709242,55,53,55,2371,56,4610,57,25,58,0,59,0,60,451,61,37,62,0,63,1443,64,500,65,4,53,818,52,136,51,590,50,2272,49,170,48,0,47,225,46,498,45,795,44,500,43,0,9441,6004
1773709243,55,53,55,2371,56,4610,57,25,58,0,59,0,60,451,61,37,62,0,63,1443,64,500,65,4,53,818,52,136,51,590,50,2272,49,170,48,0,47,225,46,498,45,795,44,500,43,0,9441,6004
1773709244,55,53,55,2371,56,4610,57,25,58,0,59,0,60,451,61,37,62,0,63,1443,64,500,65,4,53,818,52,136,51,590,50,2272,49,170,48,0,47,225,46,498,45,795,44,500,43,0,9441,6004
1773709245,55,53,55,2371,56,4610,57,25,58,0,59,0,60,451,61,37,62,0,63,1443,64,500,65,4,53,818,52,136,51,590,50,2272,49,170,48,0,47,225,46,498,45,795,44,500,43,0,9441,6004
1773709246,55,53,55,2371,56,4610,57,25,58,0,59,0,60,451,61,37,62,0,63,1443,64,500,65,4,53,818,52,136,51,590,50,2272,49,170,48,0,47,225,46,498,45,795,44,500,43,0,9441,6004
1773709247,55,53,55,2371,56,4610,57,25,58,0,59,0,60,451,61,37,62,0,63,1443,64,500,65,4,53,818,52,136,51,590,50,2272,49,170,48,0,47,225,46,498,45,795,44,500,43,0,9441,6004
1773709248,55,53,55,2371,56,4610,57,25,58,0,59,0,60,451,61,37,62,0,63,1443,64,500,65,4,53,818,52,136,51,590,50,2272,49,170,48,0,47,225,46,498,45,795,44,500,43,0,9441,6004
1773709249,55,53,55,2371,56,4610,57,25,58,0,59,0,60,451,61,37,62,0,63,1443,64,500,65,4,53,818,52,136,51,590,50,2272,49,170,48,0,47,225,46,498,45,795,44,500,43,0,9441,6004
1773709250,55,53,55,2371,56,4610,57,25,58,0,59,0,60,451,61,37,62,0,63,1443,64,500,65,4,53,818,52,136,51,590,50,2272,49,170,48,0,47,225,46,498,45,795,44,500,43,0,9441,6004
1773709251,55,53,55,2371,56,4610,57,25,58,0,59,0,60,451,61,37,62,0,63,1443,64,500,65,4,53,818,52,136,51,590,50,2272,49,170,48,0,47,225,46,498,45,795,44,500,43,0,9441,6004
1773709252,55,53,55,2371,56,4610,57,25,58,0,59,0,60,451,61,37,62,0,63,1443,64,500,65,4,53,818,52,136,51,590,50,2272,49,170,48,0,47,225,46,498,45,795,44,500,43,0,9441,6004
1773709253,55,53,55,2371,56,4610,57,25,58,0,59,0,60,451,61,37,62,0,63,1443,64,500,65,4,53,818,52,136,51,590,50,2272,49,170,48,0,47,225,46,498,45,795,44,500,43,0,9441,6004
1773709254,55,53,55,2371,56,4610,57,25,58,0,59,0,60,451,61,37,62,0,63,1443,64,500,65,4,53,818,52,136,51,590,50,2272,49,170,48,0,47,225,46,498,45,795,44,500,43,0,9441,6004
1773709255,55,53,55,2371,56,4610,57,25,58,0,59,0,60,451,61,37,62,0,63,1443,64,500,65,4,53,818,52,136,51,590,50,2272,49,170,48,0,47,225,46,498,45,795,44,500,43,0,9441,6004
1773709256,55,53,55,2371,56,4610,57,25,58,0,59,0,60,451,61,37,62,0,63,1443,64,500,65,4,53,818,52,136,51,590,50,2272,49,170,48,0,47,225,46,498,45,795,44,500,43,0,9441,6004
1773709257,55,53,55,2371,56,4610,57,25,58,0,59,0,60,451,61,37,62,0,63,1443,64,500,65,4,53,818,52,136,51,590,50,2272,49,170,48,0,47,225,46,498,45,788,44,500,43,0,9441,5997
1773709258,55,53,55,2371,56,4610,57,25,58,0,59,0,60,451,61,37,62,0,63,1443,64,500,65,4,53,818,52,136,51,590,50,2272,49,170,48,0,47,225,46,498,45,788,44,500,43,0,9441,5997
1773709259,55,53,55,2371,56,4610,57,25,58,0,59,0,60,451,61,37,62,0,63,1443,64,500,65,4,53,818,52,136,51,590,50,2272,49,170,48,0,47,225,46,498,45,788,44,500,43,0,9441,5997
1773709260,55,53,55,2371,56,4610,57,25,58,0,59,0,60,451,61,37,62,0,63,1443,64,500,65,4,53,818,52,136,51,590,50,2272,49,170,48,0,47,225,46,498,45,788,44,500,43,0,9441,5997
1773709261,55,53,55,2371,56,4610,57,25,58,0,59,0,60,451,61,37,62,0,63,1443,64,500,65,4,53,818,52,136,51,590,50,2272,49,170,48,0,47,225,46,498,45,788,44,500,43,0,9441,5997
1773709262,55,53,55,2371,56,4610,57,25,58,0,59,0,60,451,61,37,62,0,63,1443,64,500,65,4,53,818,52,136,51,590,50,2272,49,170,48,0,47,225,46,498,45,788,44,500,43,0,9441,5997
1773709263,55,53,55,2371,56,4610,57,25,58,0,59,0,60,451,61,37,62,0,63,1443,64,500,65,4,53,818,52,136,51,590,50,2272,49,170,48,0,47,225,46,498,45,788,44,500,43,0,9441,5997
1773709264,55,53,55,2371,56,4610,57,25,58,0,59,0,60,451,61,37,62,0,63,1443,64,500,65,4,53,818,52,136,51,590,50,2272,49,170,48,0,47,225,46,498,45,788,44,500,43,0,9441,5997
1773709265,55,53,55,2371,56,4610,57,25,58,0,59,0,60,451,61,37,62,0,63,1443,64,500,65,4,53,818,52,136,51,590,50,2272,49,170,48,0,47,225,46,498,45,788,44,500,43,0,9441,5997
1773709266,55,53,55,2371,56,4610,57,25,58,0,59,0,60,451,61,37,62,0,63,1443,64,500,65,4,53,818,52,136,51,590,50,2272,49,170,48,0,47,225,46,498,45,788,44,500,43,0,9441,5997
1773709267,55,53,55,2371,56,4610,57,25,58,0,59,0,60,451,61,37,62,0,63,1443,64,500,65,4,53,818,52,136,51,590,50,2272,49,170,48,0,47,225,46,498,45,788,44,500,43,0,9441,5997
1773709268,55,53,55,2371,56,4610,57,25,58,0,59,0,60,451,61,37,62,0,63,1443,64,500,65,4,53,818,52,136,51,590,50,2272,49,170,48,0,47,225,46,498,45,788,44,500,43,0,9441,5997
1773709269,55,53,55,2371,56,4610,57,25,58,0,59,0,60,451,61,37,62,0,63,1443,64,500,65,4,53,818,52,136,51,590,50,2272,49,170,48,0,47,225,46,498,45,788,44,500,43,0,9441,5997
1773709270,55,53,55,2371,56,4610,57,25,58,0,59,0,60,451,61,37,62,0,63,1443,64,500,65,4,53,818,52,136,51,590,50,2272,49,170,48,0,47,225,46,498,45,788,44,500,43,0,9441,5997
1773709271,55,53,55,2371,56,4610,57,25,58,0,59,0,60,451,61,37,62,0,63,1443,64,500,65,4,53,818,52,136,51,590,50,2272,49,170,48,0,47,225,46,498,45,788,44,500,43,0,9441,5997
1773709272,55,53,55,2371,56,4610,57,25,58,0,59,0,60,451,61,37,62,0,63,1443,64,500,65,4,53,818,52,136,51,590,50,2272,49,170,48,0,47,225,46,498,45,788,44,500,43,0,9441,5997
1773709273,55,53,55,2371,56,4610,57,25,58,0,59,0,60,451,61,37,62,0,63,1443,64,500,65,4,53,818,52,136,51,590,50,2272,49,170,48,0,47,225,46,498,45,788,44,500,43,0,9441,5997
1773709274,55,53,55,2371,56,4610,57,25,58,0,59,0,60,451,61,37,62,0,63,1443,64,500,65,4,53,818,52,136,51,590,50,2272,49,170,48,0,47,225,46,498,45,788,44,500,43,0,9441,5997
1773709275,55,53,55,2371,56,4610,57,25,58,0,59,0,60,451,61,37,62,0,63,1443,64,500,65,4,53,818,52,136,51,590,50,2272,49,170,48,0,47,225,46,498,45,788,44,500,43,0,9441,5997
1773709276,54,53,54,70,55,2371,56,4610,57,25,58,0,59,0,60,451,61,37,62,0,63,1443,64,500,53,798,52,136,51,590,50,2272,49,170,48,0,47,225,46,498,45,702,44,500,43,0,9507,5891
1773709277,54,53,54,80,55,2356,56,4610,57,25,58,0,59,0,60,451,61,37,62,0,63,1443,64,500,53,798,52,136,51,590,50,2272,49,170,48,0,47,225,46,498,45,724,44,500,43,0,9502,5913
1773709278,54,53,54,80,55,2356,56,4610,57,25,58,0,59,0,60,451,61,37,62,0,63,1443,64,500,53,798,52,136,51,590,50,2272,49,170,48,0,47,225,46,498,45,724,44,500,43,0,9502,5913
1773709279,54,53,54,80,55,2856,56,4110,57,25,58,0,59,0,60,451,61,37,62,0,63,1443,64,500,53,798,52,136,51,590,50,2272,49,170,48,0,47,225,46,498,45,724,44,500,43,0,9502,5913
1773709280,54,53,54,80,55,2856,56,4110,57,25,58,0,59,0,60,451,61,37,62,0,63,1443,64,500,53,798,52,136,51,590,50,2272,49,170,48,0,47,225,46,498,45,724,44,500,43,0,9502,5913
1773709281,54,53,54,80,55,2856,56,4110,57,25,58,0,59,0,60,451,61,37,62,0,63,1443,64,500,53,798,52,136,51,590,50,2272,49,170,48,0,47,225,46,498,45,724,44,500,43,0,9502,5913
1773709282,54,53,54,80,55,2856,56,4110,57,25,58,0,59,0,60,451,61,37,62,0,63,1443,64,500,53,798,52,136,51,590,50,2272,49,170,48,0,47,225,46,498,45,724,44,500,43,0,9502,5913
1773709283,54,53,54,80,55,2856,56,4110,57,25,58,0,59,0,60,451,61,37,62,0,63,1443,64,500,53,798,52,136,51,590,50,2272,49,170,48,0,47,225,46,498,45,724,44,500,43,0,9502,5913
1773709284,54,53,54,80,55,2856,56,4110,57,25,58,0,59,0,60,451,61,37,62,0,63,1443,64,500,53,798,52,136,51,590,50,2272,49,170,48,0,47,225,46,498,45,724,44,500,43,0,9502,5913
1773709285,54,53,54,80,55,2856,56,4110,57,25,58,0,59,0,60,451,61,37,62,0,63,1443,64,500,53,798,52,136,51,590,50,2272,49,170,48,0,47,225,46,498,45,724,44,500,43,0,9502,5913
1773709286,54,53,54,80,55,2856,56,4110,57,25,58,0,59,0,60,451,61,37,62,0,63,1443,64,500,53,798,52,136,51,590,50,2272,49,170,48,0,47,225,46,498,45,724,44,500,43,0,9502,5913
1773709287,54,53,54,80,55,2856,56,4110,57,25,58,0,59,0,60,451,61,37,62,0,63,1443,64,500,53,798,52,136,51,590,50,2272,49,170,48,0,47,225,46,498,45,724,44,500,43,0,9502,5913
1773709288,54,53,54,80,55,2856,56,4110,57,25,58,0,59,0,60,451,61,37,62,0,63,1443,64,500,53,798,52,136,51,590,50,2272,49,170,48,0,47,225,46,498,45,724,44,500,43,0,9502,5913
1773709289,54,53,54,80,55,2856,56,4110,57,25,58,0,59,0,60,451,61,37,62,0,63,1443,64,500,53,798,52,136,51,590,50,2272,49,170,48,0,47,225,46,498,45,724,44,500,43,0,9502,5913
1773709290,54,53,54,80,55,2856,56,4110,57,25,58,0,59,0,60,451,61,37,62,0,63,1443,64,500,53,798,52,136,51,590,50,2272,49,170,48,0,47,225,46,498,45,724,44,500,43,0,9502,5913
1773709291,54,53,54,161,55,856,56,4110,57,25,58,0,59,0,60,451,61,37,62,0,63,393,64,500,53,678,52,324,51,18,50,238,49,170,48,0,47,225,46,498,45,1680,44,500,43,0,6533,4331
1773709292,54,53,54,161,55,856,56,4110,57,25,58,0,59,0,60,451,61,37,62,0,63,393,64,500,53,678,52,324,51,18,50,238,49,170,48,0,47,225,46,498,45,1680,44,500,43,0,6533,4331
1773709293,54,53,54,161,55,856,56,4110,57,25,58,0,59,0,60,451,61,37,62,0,63,393,64,500,53,678,52,324,51,18,50,238,49,170,48,0,47,225,46,498,45,1680,44,500,43,0,6533,4331
1773709294,54,53,54,161,55,856,56,4110,57,25,58,0,59,0,60,451,61,37,62,0,63,393,64,500,53,678,52,324,51,18,50,238,49,170,48,0,47,225,46,498,45,1680,44,500,43,0,6533,4331
1773709295,54,53,54,161,55,856,56,4110,57,25,58,0,59,0,60,451,61,37,62,0,63,393,64,500,53,678,52,324,51,18,50,238,49,170,48,0,47,225,46,498,45,1680,44,500,43,0,6533,4331
1773709296,54,53,54,161,55,856,56,4110,57,25,58,0,59,0,60,451,61,37,62,0,63,393,64,500,53,678,52,324,51,18,50,238,49,170,48,0,47,225,46,498,45,1680,44,500,43,0,6533,4331
1773709297,54,53,54,161,55,856,56,4110,57,25,58,0,59,0,60,451,61,37,62,0,63,393,64,500,53,678,52,324,51,18,50,238,49,170,48,0,47,225,46,498,45,1680,44,500,43,0,6533,4331
1773709298,54,53,54,161,55,856,56,4110,57,25,58,0,59,0,60,451,61,37,62,0,63,393,64,500,53,678,52,324,51,18,50,238,49,170,48,0,47,225,46,498,45,1680,44,500,43,0,6533,4331
1773709299,54,53,54,161,55,856,56,4110,57,25,58,0,59,0,60,451,61,37,62,0,63,393,64,500,53,678,52,324,51,18,50,238,49,170,48,0,47,225,46,498,45,1680,44,500,43,0,6533,4331
1773709300,54,53,54,161,55,856,56,4110,57,25,58,0,59,0,60,451,61,37,62,0,63,393,64,500,53,678,52,324,51,18,50,238,49,170,48,0,47,225,46,498,45,1680,44,500,43,0,6533,4331
1773709301,54,53,54,161,55,856,56,4110,57,25,58,0,59,0,60,451,61,37,62,0,63,393,64,500,53,678,52,324,51,18,50,238,49,170,48,0,47,225,46,498,45,1680,44,500,43,0,6533,4331
1773709302,54,53,54,161,55,856,56,4110,57,25,58,0,59,0,60,451,61,37,62,0,63,393,64,500,53,678,52,324,51,18,50,238,49,170,48,0,47,225,46,498,45,1680,44,500,43,0,6533,4331
1773709303,54,53,54,161,55,856,56,4110,57,25,58,0,59,0,60,451,61,37,62,0,63,393,64,500,53,678,52,324,51,18,50,238,49,170,48,0,47,225,46,498,45,1680,44,500,43,0,6533,4331
1773709304,54,53,54,161,55,856,56,4110,57,25,58,0,59,0,60,451,61,37,62,0,63,393,64,500,53,678,52,324,51,18,50,238,49,170,48,0,47,225,46,498,45,1680,44,500,43,0,6533,4331
1773709305,54,53,54,161,55,856,56,4110,57,25,58,0,59,0,60,451,61,37,62,0,63,393,64,500,53,678,52,324,51,18,50,238,49,170,48,0,47,225,46,498,45,1680,44,500,43,0,6533,4331
1773709306,54,53,54,161,55,856,56,4110,57,25,58,0,59,0,60,451,61,37,62,0,63,393,64,500,53,678,52,324,51,18,50,238,49,170,48,0,47,225,46,498,45,1680,44,500,43,0,6533,4331
1773709307,54,53,54,161,55,856,56,4110,57,25,58,0,59,0,60,451,61,37,62,0,63,393,64,500,53,678,52,324,51,18,50,238,49,170,48,0,47,225,46,498,45,1680,44,500,43,0,6533,4331
1773709308,54,53,54,161,55,856,56,4110,57,25,58,0,59,0,60,451,61,37,62,0,63,393,64,500,53,678,52,324,51,18,50,238,49,170,48,0,47,225,46,498,45,1680,44,500,43,0,6533,4331
1773709309,54,53,54,161,55,856,56,4110,57,25,58,0,59,0,60,451,61,37,62,0,63,393,64,500,53,678,52,324,51,18,50,238,49,170,48,0,47,225,46,498,45,1680,44,500,43,0,6533,4331
1773709310,54,53,54,161,55,856,56,4110,57,25,58,0,59,0,60,451,61,37,62,0,63,393,64,500,53,678,52,324,51,18,50,238,49,170,48,0,47,225,46,498,45,1680,44,500,43,0,6533,4331
1773709311,54,53,54,161,55,856,56,4110,57,25,58,0,59,0,60,451,61,37,62,0,63,393,64,500,53,678,52,324,51,18,50,238,49,170,48,0,47,225,46,498,45,1680,44,500,43,0,6533,4331
1773709312,54,53,54,161,55,856,56,4110,57,25,58,0,59,0,60,451,61,37,62,0,63,393,64,500,53,678,52,324,51,18,50,238,49,170,48,0,47,225,46,498,45,1680,44,500,43,0,6533,4331
1773709313,54,53,54,161,55,856,56,4110,57,25,58,0,59,0,60,451,61,37,62,0,63,393,64,500,53,678,52,324,51,18,50,238,49,170,48,0,47,225,46,498,45,1680,44,500,43,0,6533,4331
1773709314,54,53,54,161,55,856,56,4110,57,25,58,0,59,0,60,451,61,37,62,0,63,393,64,500,53,678,52,324,51,18,50,238,49,170,48,0,47,225,46,498,45,1680,44,500,43,0,6533,4331
1773709315,54,53,54,161,55,856,56,4110,57,25,58,0,59,0,60,451,61,37,62,0,63,393,64,500,53,678,52,324,51,18,50,238,49,170,48,0,47,225,46,498,45,1680,44,500,43,0,6533,4331
1773709316,54,53,54,161,55,856,56,4110,57,25,58,0,59,0,60,451,61,37,62,0,63,393,64,500,53,678,52,324,51,18,50,238,49,170,48,0,47,225,46,498,45,1680,44,500,43,0,6533,4331
1773709317,54,53,54,161,55,856,56,4110,57,25,58,0,59,0,60,451,61,37,62,0,63,393,64,500,53,678,52,324,51,18,50,238,49,170,48,0,47,225,46,498,45,1680,44,500,43,0,6533,4331
1773709318,54,53,54,161,55,856,56,4110,57,25,58,0,59,0,60,451,61,37,62,0,63,393,64,500,53,678,52,324,51,18,50,238,49,170,48,0,47,225,46,498,45,1680,44,500,43,0,6533,4331
1773709319,54,53,54,161,55,1435,56,4110,57,25,58,0,59,0,60,451,61,37,62,0,63,393,64,500,53,678,52,324,51,18,50,238,49,170,48,0,47,225,46,498,45,1680,44,500,43,0,7112,4331
1773709320,54,53,54,161,55,1435,56,4110,57,25,58,0,59,0,60,451,61,37,62,0,63,393,64,500,53,678,52,324,51,18,50,238,49,170,48,0,47,225,46,498,45,1680,44,500,43,0,7112,4331
1773709321,54,53,54,161,55,1435,56,4110,57,25,58,0,59,0,60,451,61,37,62,0,63,393,64,500,53,606,52,324,51,18,50,238,49,170,48,0,47,225,46,498,45,1680,44,500,43,0,7112,4259
1773709322,54,53,54,161,55,1435,56,4110,57,25,58,0,59,0,60,451,61,37,62,0,63,393,64,500,53,606,52,324,51,18,50,238,49,170,48,0,47,225,46,498,45,1680,44,500,43,0,7112,4259
1773709323,54,53,54,161,55,1435,56,4110,57,25,58,0,59,0,60,451,61,37,62,0,63,393,64,500,53,606,52,324,51,18,50,238,49,170,48,0,47,225,46,498,45,1680,44,500,43,0,7112,4259
1773709324,54,53,54,161,55,1435,56,4110,57,25,58,0,59,0,60,451,61,37,62,0,63,393,64,500,53,606,52,324,51,18,50,238,49,170,48,0,47,225,46,498,45,1680,44,500,43,0,7112,4259
1773709325,54,53,54,161,55,1435,56,4110,57,25,58,0,59,0,60,451,61,37,62,0,63,393,64,500,53,606,52,324,51,18,50,238,49,170,48,0,47,225,46,498,45,1680,44,500,43,0,7112,4259
1773709326,54,53,54,161,55,1435,56,4110,57,25,58,0,59,0,60,451,61,37,62,0,63,393,64,500,53,606,52,324,51,18,50,238,49,170,48,0,47,225,46,498,45,1680,44,500,43,0,7112,4259
1773709327,54,53,54,161,55,1435,56,4110,57,25,58,0,59,0,60,451,61,37,62,0,63,393,64,500,53,606,52,324,51,18,50,238,49,170,48,0,47,225,46,498,45,1680,44,500,43,0,7112,4259
1773709328,54,53,54,161,55,1435,56,4110,57,25,58,0,59,0,60,451,61,37,62,0,63,393,64,500,53,606,52,324,51,18,50,238,49,170,48,0,47,225,46,498,45,1680,44,500,43,0,7112,4259
1773709329,54,53,54,161,55,1435,56,4110,57,25,58,0,59,0,60,451,61,37,62,0,63,393,64,500,53,606,52,324,51,18,50,238,49,170,48,0,47,225,46,498,45,1680,44,500,43,0,7112,4259
1773709330,54,53,54,161,55,1435,56,4110,57,25,58,0,59,0,60,451,61,37,62,0,63,393,64,500,53,606,52,324,51,18,50,238,49,170,48,0,47,225,46,498,45,1680,44,500,43,0,7112,4259
1773709331,54,53,54,161,55,1435,56,4110,57,25,58,0,59,0,60,451,61,37,62,0,63,393,64,500,53,606,52,324,51,18,50,238,49,170,48,0,47,225,46,498,45,1680,44,500,43,0,7112,4259
1773709332,54,53,54,161,55,1435,56,4110,57,25,58,0,59,0,60,451,61,37,62,0,63,393,64,500,53,606,52,324,51,18,50,238,49,170,48,0,47,225,46,498,45,1680,44,500,43,0,7112,4259
1773709333,54,53,54,161,55,1435,56,4110,57,25,58,0,59,0,60,451,61,37,62,0,63,393,64,500,53,606,52,324,51,18,50,238,49,170,48,0,47,225,46,498,45,1680,44,500,43,0,7112,4259
1773709334,54,53,54,161,55,1435,56,4110,57,25,58,0,59,0,60,451,61,37,62,0,63,393,64,500,53,606,52,324,51,18,50,238,49,170,48,0,47,225,46,498,45,1680,44,500,43,0,7112,4259
1773709335,54,53,54,161,55,1435,56,4110,57,25,58,0,59,0,60,451,61,37,62,0,63,393,64,500,53,606,52,324,51,18,50,238,49,170,48,0,47,225,46,498,45,1680,44,500,43,0,7112,4259
1773709336,54,53,54,161,55,1435,56,4110,57,25,58,0,59,0,60,451,61,37,62,0,63,393,64,500,53,606,52,324,51,18,50,238,49,170,48,0,47,225,46,498,45,1680,44,500,43,0,7112,4259
1773709337,54,53,54,161,55,1435,56,4110,57,25,58,0,59,0,60,451,61,37,62,0,63,393,64,500,53,606,52,324,51,18,50,238,49,170,48,0,47,225,46,498,45,1680,44,500,43,0,7112,4259
1773709338,54,53,54,161,55,1435,56,4110,57,25,58,0,59,0,60,451,61,37,62,0,63,393,64,500,53,606,52,324,51,18,50,238,49,170,48,0,47,225,46,498,45,1680,44,500,43,0,7112,4259
1773709339,54,53,54,161,55,1435,56,4110,57,25,58,0,59,0,60,451,61,37,62,0,63,393,64,500,53,606,52,324,51,18,50,238,49,170,48,0,47,225,46,498,45,1680,44,500,43,0,7112,4259
1773709340,54,53,54,161,55,1435,56,4110,57,25,58,0,59,0,60,451,61,37,62,0,63,393,64,500,53,606,52,324,51,18,50,238,49,170,48,0,47,225,46,498,45,1680,44,500,43,0,7112,4259
1773709341,54,53,54,161,55,1435,56,4110,57,25,58,0,59,0,60,451,61,37,62,0,63,393,64,500,53,606,52,324,51,18,50,238,49,170,48,0,47,225,46,498,45,1680,44,500,43,0,7112,4259
1773709342,54,53,54,161,55,1435,56,4110,57,25,58,0,59,0,60,451,61,37,62,0,63,393,64,500,53,606,52,324,51,18,50,238,49,170,48,0,47,225,46,498,45,1680,44,500,43,0,7112,4259
1773709343,54,53,54,161,55,1435,56,4110,57,25,58,0,59,0,60,451,61,37,62,0,63,393,64,500,53,606,52,324,51,18,50,238,49,170,48,0,47,225,46,498,45,1680,44,500,43,0,7112,4259
1773709344,54,53,54,161,55,1435,56,4110,57,25,58,0,59,0,60,451,61,37,62,0,63,393,64,500,53,606,52,324,51,18,50,238,49,170,48,0,47,225,46,498,45,1680,44,500,43,0,7112,4259
1773709345,54,53,54,161,55,1435,56,4110,57,25,58,0,59,0,60,451,61,37,62,0,63,393,64,500,53,606,52,324,51,18,50,238,49,170,48,0,47,225,46,498,45,1680,44,500,43,0,7112,4259
1773709346,54,53,54,161,55,1435,56,4110,57,25,58,0,59,0,60,451,61,37,62,0,63,393,64,500,53,606,52,324,51,18,50,238,49,170,48,0,47,225,46,498,45,1680,44,500,43,0,7112,4259
1773709347,54,53,54,161,55,1435,56,4110,57,25,58,0,59,0,60,451,61,37,62,0,63,393,64,500,53,606,52,324,51,18,50,238,49,170,48,0,47,225,46,498,45,1680,44,500,43,0,7112,4259
1773709348,54,53,54,161,55,1435,56,4110,57,25,58,0,59,0,60,451,61,37,62,0,63,393,64,500,53,606,52,324,51,18,50,238,49,170,48,0,47,225,46,498,45,1680,44,500,43,0,7112,4259
1773709349,54,53,54,161,55,1435,56,4110,57,25,58,0,59,0,60,451,61,37,62,0,63,393,64,500,53,606,52,324,51,18,50,238,49,170,48,0,47,225,46,498,45,1680,44,500,43,0,7112,4259
1773709350,54,53,54,161,55,1435,56,4110,57,25,58,0,59,0,60,451,61,37,62,0,63,393,64,500,53,606,52,324,51,18,50,238,49,170,48,0,47,225,46,498,45,1680,44,500,43,0,7112,4259
1773709351,54,53,54,161,55,1435,56,4110,57,25,58,0,59,0,60,451,61,37,62,0,63,393,64,500,53,606,52,324,51,18,50,238,49,170,48,0,47,225,46,498,45,1680,44,500,43,0,7112,4259
1773709352,54,53,54,161,55,1435,56,4110,57,30,58,0,59,0,60,451,61,37,62,0,63,393,64,500,53,606,52,324,51,18,50,238,49,170,48,0,47,225,46,498,45,1680,44,500,43,0,7117,4259
1773709353,54,53,54,161,55,1435,56,4110,57,30,58,0,59,0,60,451,61,37,62,0,63,393,64,500,53,606,52,324,51,18,50,238,49,170,48,0,47,225,46,498,45,1680,44,500,43,0,7117,4259
1773709354,54,53,54,161,55,1435,56,4110,57,30,58,0,59,0,60,451,61,37,62,0,63,393,64,500,53,606,52,324,51,18,50,238,49,170,48,0,47,225,46,498,45,1680,44,500,43,0,7117,4259
1773709355,54,53,54,161,55,1435,56,4110,57,30,58,0,59,0,60,451,61,37,62,0,63,393,64,500,53,606,52,324,51,18,50,238,49,170,48,0,47,225,46,498,45,1680,44,500,43,0,7117,4259
1773709356,54,53,54,161,55,1435,56,4110,57,30,58,0,59,0,60,451,61,37,62,0,63,393,64,500,53,606,52,324,51,18,50,238,49,170,48,0,47,225,46,498,45,1680,44,500,43,0,7117,4259
1773709357,54,53,54,161,55,1636,56,4110,57,30,58,0,59,0,60,451,61,37,62,0,63,393,64,500,53,606,52,324,51,18,50,238,49,170,48,0,47,225,46,498,45,1680,44,500,43,0,7318,4259
1773709358,54,53,54,161,55,1636,56,4110,57,30,58,0,59,0,60,451,61,37,62,0,63,393,64,500,53,606,52,324,51,18,50,238,49,170,48,0,47,225,46,498,45,1680,44,500,43,0,7318,4259
1773709359,54,53,54,161,55,1636,56,4110,57,30,58,0,59,0,60,451,61,37,62,0,63,393,64,500,53,606,52,324,51,18,50,238,49,170,48,0,47,225,46,498,45,1680,44,500,43,0,7318,4259
1773709360,54,53,54,65,55,1636,56,4110,57,30,58,0,59,0,60,451,61,37,62,0,63,393,64,500,53,606,52,324,51,18,50,238,49,170,48,0,47,751,46,498,45,1680,44,500,43,0,7222,4785
1773709361,54,53,54,65,55,1636,56,4110,57,30,58,0,59,0,60,451,61,37,62,0,63,393,64,500,53,606,52,324,51,18,50,238,49,170,48,525,47,751,46,0,45,1680,44,500,43,0,7222,4812
1773709362,54,53,54,65,55,1636,56,4110,57,30,58,0,59,0,60,451,61,37,62,0,63,393,64,500,53,606,52,324,51,18,50,238,49,170,48,525,47,751,46,0,45,1680,44,500,43,0,7222,4812
1773709363,54,53,54,65,55,1636,56,4110,57,30,58,0,59,0,60,451,61,37,62,0,63,393,64,500,53,606,52,324,51,18,50,238,49,170,48,525,47,751,46,0,45,1680,44,500,43,0,7222,4812
1773709364,54,53,54,65,55,1636,56,4110,57,30,58,0,59,0,60,451,61,37,62,0,63,393,64,500,53,606,52,324,51,18,50,238,49,170,48,525,47,751,46,0,45,1680,44,500,43,0,7222,4812
1773709365,54,53,54,65,55,1636,56,4110,57,30,58,0,59,0,60,451,61,37,62,0,63,393,64,500,53,606,52,324,51,18,50,238,49,170,48,525,47,751,46,0,45,1680,44,500,43,0,7222,4812
1773709366,54,53,54,65,55,1636,56,4110,57,30,58,0,59,0,60,451,61,37,62,0,63,393,64,500,53,606,52,324,51,18,50,238,49,170,48,525,47,751,46,0,45,1680,44,500,43,0,7222,4812
1773709367,54,53,54,65,55,1636,56,4110,57,30,58,0,59,0,60,451,61,37,62,0,63,393,64,500,53,606,52,324,51,18,50,238,49,170,48,525,47,751,46,0,45,1680,44,500,43,0,7222,4812
1773709368,54,53,54,65,55,1636,56,4110,57,30,58,0,59,0,60,451,61,37,62,0,63,393,64,500,53,606,52,324,51,18,50,238,49,170,48,525,47,751,46,0,45,1680,44,500,43,0,7222,4812
1773709369,54,53,54,65,55,1636,56,4110,57,30,58,0,59,0,60,451,61,37,62,0,63,393,64,500,53,606,52,324,51,18,50,238,49,170,48,525,47,751,46,0,45,1680,44,500,43,0,7222,4812
1773709370,54,53,54,65,55,1636,56,4110,57,30,58,0,59,0,60,451,61,37,62,0,63,393,64,500,53,606,52,324,51,18,50,238,49,170,48,525,47,751,46,0,45,1680,44,500,43,0,7222,4812
1773709371,54,53,54,65,55,1636,56,4110,57,30,58,0,59,0,60,451,61,37,62,0,63,393,64,500,53,606,52,324,51,18,50,238,49,170,48,525,47,751,46,0,45,1680,44,500,43,0,7222,4812
1773709372,54,53,54,65,55,1636,56,4110,57,30,58,0,59,0,60,451,61,37,62,0,63,393,64,500,53,606,52,324,51,18,50,238,49,170,48,525,47,751,46,0,45,1680,44,500,43,0,7222,4812
1773709373,54,53,54,65,55,1636,56,4110,57,30,58,0,59,0,60,451,61,37,62,0,63,393,64,500,53,606,52,324,51,18,50,238,49,170,48,525,47,751,46,0,45,1680,44,500,43,0,7222,4812
1773709374,54,53,54,65,55,1636,56,4110,57,30,58,0,59,0,60,451,61,37,62,0,63,393,64,500,53,606,52,324,51,18,50,238,49,170,48,525,47,751,46,0,45,1680,44,500,43,0,7222,4812
1773709375,54,53,54,65,55,1636,56,4110,57,30,58,0,59,0,60,451,61,37,62,0,63,393,64,500,53,606,52,324,51,18,50,238,49,170,48,525,47,751,46,0,45,1680,44,500,43,0,7222,4812
1773709376,54,53,54,65,55,1636,56,4110,57,30,58,0,59,0,60,451,61,37,62,0,63,393,64,500,53,606,52,324,51,18,50,238,49,170,48,525,47,751,46,0,45,1680,44,500,43,0,7222,4812
1773709377,54,53,54,65,55,1636,56,4110,57,30,58,0,59,0,60,451,61,37,62,0,63,393,64,500,53,606,52,324,51,18,50,238,49,170,48,525,47,751,46,0,45,1680,44,500,43,0,7222,4812
1773709378,54,53,54,65,55,1636,56,4110,57,30,58,0,59,0,60,451,61,37,62,0,63,393,64,500,53,606,52,324,51,18,50,238,49,170,48,525,47,751,46,0,45,1680,44,500,43,0,7222,4812
1773709379,54,53,54,65,55,1636,56,4110,57,30,58,0,59,0,60,451,61,37,62,0,63,393,64,500,53,606,52,324,51,18,50,238,49,170,48,525,47,751,46,0,45,1680,44,500,43,0,7222,4812
1773709380,54,53,54,65,55,1636,56,4110,57,30,58,0,59,0,60,451,61,37,62,0,63,393,64,500,53,606,52,324,51,18,50,238,49,170,48,525,47,751,46,0,45,1680,44,500,43,0,7222,4812
1773709381,54,53,54,65,55,1636,56,4110,57,30,58,0,59,0,60,451,61,37,62,0,63,393,64,500,53,606,52,324,51,18,50,238,49,170,48,525,47,751,46,0,45,1680,44,500,43,0,7222,4812
1773709382,54,53,54,65,55,1636,56,4110,57,30,58,0,59,0,60,451,61,37,62,0,63,393,64,500,53,606,52,324,51,18,50,238,49,170,48,525,47,751,46,0,45,1680,44,500,43,0,7222,4812
1773709383,54,53,54,65,55,1636,56,4110,57,30,58,0,59,0,60,451,61,37,62,0,63,393,64,500,53,606,52,324,51,18,50,238,49,170,48,525,47,751,46,0,45,1680,44,500,43,0,7222,4812
1773709384,54,53,54,65,55,1636,56,4110,57,30,58,0,59,0,60,451,61,37,62,0,63,393,64,500,53,606,52,324,51,18,50,238,49,170,48,525,47,751,46,0,45,1680,44,500,43,0,7222,4812
1773709385,54,53,54,65,55,1636,56,4110,57,30,58,0,59,0,60,451,61,37,62,0,63,393,64,500,53,606,52,324,51,18,50,238,49,170,48,525,47,751,46,0,45,1680,44,500,43,0,7222,4812
1773709386,54,53,54,65,55,1636,56,4110,57,30,58,0,59,0,60,451,61,37,62,0,63,393,64,500,53,606,52,324,51,18,50,238,49,170,48,525,47,751,46,0,45,1680,44,500,43,0,7222,4812
1773709387,54,53,54,65,55,1636,56,4110,57,30,58,0,59,0,60,451,61,37,62,0,63,393,64,500,53,606,52,324,51,18,50,238,49,170,48,525,47,751,46,0,45,1680,44,500,43,0,7222,4812
1773709388,54,53,54,65,55,1636,56,4110,57,30,58,0,59,0,60,451,61,37,62,0,63,393,64,500,53,606,52,324,51,18,50,238,49,170,48,525,47,751,46,0,45,1680,44,500,43,0,7222,4812
1773709389,54,53,54,65,55,1636,56,4110,57,30,58,0,59,0,60,451,61,37,62,0,63,393,64,500,53,606,52,324,51,18,50,238,49,170,48,525,47,751,46,0,45,1680,44,500,43,0,7222,4812
1773709390,54,53,54,65,55,1636,56,4110,57,30,58,0,59,0,60,451,61,37,62,0,63,393,64,500,53,606,52,324,51,18,50,238,49,170,48,525,47,751,46,0,45,1680,44,500,43,0,7222,4812
1773709391,54,53,54,65,55,1636,56,4110,57,30,58,0,59,0,60,451,61,37,62,0,63,393,64,500,53,606,52,324,51,18,50,238,49,170,48,525,47,751,46,0,45,1680,44,500,43,0,7222,4812
1773709392,54,53,54,65,55,1636,56,4110,57,30,58,0,59,0,60,451,61,37,62,0,63,393,64,500,53,606,52,324,51,18,50,238,49,170,48,525,47,751,46,0,45,1680,44,500,43,0,7222,4812
1773709393,54,53,54,65,55,1636,56,4110,57,30,58,0,59,0,60,451,61,37,62,0,63,393,64,500,53,606,52,324,51,18,50,238,49,170,48,525,47,751,46,0,45,1680,44,500,43,0,7222,4812
1773709394,54,53,54,65,55,1636,56,4110,57,30,58,0,59,0,60,451,61,37,62,0,63,393,64,500,53,606,52,324,51,18,50,238,49,170,48,525,47,751,46,0,45,1680,44,500,43,0,7222,4812
1773709395,54,53,54,65,55,1636,56,4110,57,30,58,0,59,0,60,451,61,37,62,0,63,393,64,500,53,606,52,324,51,18,50,238,49,170,48,525,47,751,46,0,45,1680,44,500,43,0,7222,4812
1773709396,54,53,54,65,55,1636,56,4110,57,30,58,0,59,0,60,451,61,37,62,0,63,393,64,500,53,606,52,324,51,18,50,238,49,170,48,525,47,751,46,0,45,1680,44,500,43,0,7222,4812
1773709397,54,53,54,65,55,1636,56,4110,57,30,58,0,59,0,60,451,61,37,62,0,63,393,64,500,53,606,52,324,51,18,50,238,49,170,48,525,47,751,46,0,45,1680,44,500,43,0,7222,4812
1773709398,54,53,54,65,55,1636,56,4110,57,30,58,0,59,0,60,451,61,37,62,0,63,393,64,500,53,606,52,324,51,18,50,238,49,170,48,525,47,751,46,0,45,1680,44,500,43,0,7222,4812
1773709399,54,53,54,65,55,1636,56,4110,57,30,58,0,59,0,60,451,61,37,62,0,63,393,64,500,53,606,52,324,51,18,50,238,49,170,48,525,47,751,46,0,45,1680,44,500,43,0,7222,4812
1773709400,54,53,54,65,55,1636,56,4110,57,30,58,0,59,0,60,451,61,37,62,0,63,393,64,500,53,606,52,324,51,18,50,238,49,170,48,525,47,751,46,0,45,1680,44,500,43,0,7222,4812
1773709401,54,53,54,65,55,1636,56,4110,57,30,58,0,59,0,60,451,61,37,62,0,63,393,64,500,53,606,52,324,51,18,50,238,49,170,48,525,47,751,46,0,45,1680,44,500,43,0,7222,4812
1773709402,54,53,54,65,55,1636,56,4110,57,30,58,0,59,0,60,451,61,37,62,0,63,393,64,500,53,606,52,324,51,18,50,238,49,170,48,525,47,751,46,0,45,1680,44,500,43,0,7222,4812
1773709403,54,53,54,65,55,1636,56,4110,57,30,58,0,59,0,60,451,61,37,62,0,63,393,64,500,53,606,52,324,51,18,50,238,49,170,48,525,47,751,46,0,45,1680,44,500,43,0,7222,4812
1773709404,54,53,54,65,55,1636,56,4110,57,30,58,0,59,0,60,451,61,37,62,0,63,393,64,500,53,606,52,324,51,18,50,238,49,170,48,525,47,751,46,0,45,1680,44,500,43,0,7222,4812
1773709405,54,53,54,65,55,1636,56,4110,57,30,58,0,59,0,60,451,61,37,62,0,63,393,64,500,53,606,52,324,51,18,50,238,49,170,48,525,47,751,46,0,45,1680,44,500,43,0,7222,4812
1773709406,54,53,54,65,55,1636,56,4110,57,30,58,0,59,0,60,451,61,37,62,0,63,393,64,500,53,606,52,324,51,18,50,238,49,170,48,525,47,751,46,0,45,1680,44,500,43,0,7222,4812
1773709407,54,53,54,65,55,1636,56,4110,57,30,58,0,59,0,60,451,61,37,62,0,63,393,64,500,53,606,52,324,51,18,50,238,49,170,48,525,47,751,46,0,45,1680,44,500,43,0,7222,4812
1773709408,54,53,54,65,55,1636,56,4110,57,30,58,0,59,0,60,451,61,37,62,0,63,393,64,500,53,606,52,324,51,18,50,238,49,170,48,525,47,751,46,0,45,1680,44,500,43,0,7222,4812
1773709409,54,53,54,65,55,1636,56,4110,57,30,58,0,59,0,60,451,61,37,62,0,63,393,64,500,53,606,52,324,51,18,50,238,49,170,48,525,47,751,46,0,45,1680,44,500,43,0,7222,4812
1773709410,54,53,54,65,55,1636,56,4110,57,30,58,0,59,0,60,451,61,37,62,0,63,393,64,500,53,606,52,324,51,18,50,238,49,170,48,525,47,751,46,0,45,1680,44,500,43,0,7222,4812
1773709411,54,53,54,65,55,1636,56,4110,57,30,58,0,59,0,60,451,61,37,62,0,63,393,64,500,53,606,52,324,51,18,50,238,49,170,48,525,47,751,46,0,45,1680,44,500,43,0,7222,4812
1773709412,54,53,54,65,55,1636,56,4110,57,30,58,0,59,0,60,451,61,37,62,0,63,393,64,500,53,606,52,324,51,18,50,238,49,170,48,525,47,751,46,0,45,1680,44,500,43,0,7222,4812
1773709413,54,53,54,65,55,1636,56,4110,57,30,58,0,59,0,60,451,61,0,62,0,63,393,64,500,53,606,52,324,51,18,50,201,49,170,48,525,47,751,46,0,45,1680,44,500,43,0,7185,4775
1773709414,54,53,54,65,55,1636,56,4110,57,30,58,0,59,0,60,451,61,0,62,0,63,393,64,500,53,606,52,324,51,18,50,201,49,170,48,525,47,751,46,0,45,1680,44,500,43,0,7185,4775
1773709415,54,53,54,65,55,1636,56,4110,57,30,58,0,59,0,60,451,61,0,62,0,63,393,64,500,53,606,52,324,51,18,50,201,49,170,48,525,47,751,46,0,45,1680,44,500,43,0,7185,4775
1773709416,54,53,54,65,55,1636,56,4110,57,30,58,0,59,0,60,451,61,0,62,0,63,393,64,500,53,606,52,324,51,18,50,201,49,170,48,525,47,751,46,0,45,1680,44,500,43,0,7185,4775
1773709417,54,53,54,65,55,1636,56,4110,57,30,58,0,59,0,60,451,61,0,62,0,63,393,64,500,53,606,52,324,51,18,50,201,49,170,48,525,47,751,46,0,45,1680,44,500,43,0,7185,4775
1773709418,54,53,54,65,55,1636,56,4110,57,30,58,0,59,0,60,451,61,0,62,0,63,393,64,500,53,606,52,324,51,18,50,201,49,170,48,525,47,751,46,0,45,1680,44,500,43,0,7185,4775
1773709419,54,53,54,65,55,1636,56,4110,57,30,58,0,59,0,60,451,61,0,62,0,63,393,64,500,53,606,52,324,51,18,50,201,49,170,48,525,47,751,46,0,45,1680,44,500,43,0,7185,4775
1773709420,54,53,54,65,55,1636,56,4110,57,30,58,0,59,0,60,451,61,0,62,0,63,393,64,500,53,606,52,324,51,18,50,201,49,170,48,525,47,751,46,0,45,1680,44,500,43,0,7185,4775
1773709421,54,53,54,65,55,1636,56,4110,57,30,58,0,59,0,60,451,61,0,62,0,63,393,64,500,53,606,52,324,51,18,50,201,49,170,48,525,47,751,46,0,45,1680,44,500,43,0,7185,4775
1773709422,54,53,54,65,55,1636,56,4110,57,30,58,0,59,0,60,451,61,0,62,0,63,393,64,500,53,606,52,324,51,18,50,201,49,170,48,525,47,751,46,0,45,1680,44,500,43,0,7185,4775
1773709423,54,53,54,65,55,1636,56,4110,57,30,58,0,59,0,60,451,61,0,62,0,63,393,64,500,53,606,52,324,51,18,50,201,49,170,48,525,47,751,46,0,45,1680,44,500,43,0,7185,4775
1773709424,54,53,54,65,55,1636,56,4110,57,30,58,0,59,0,60,451,61,0,62,0,63,393,64,500,53,606,52,324,51,18,50,201,49,170,48,525,47,751,46,0,45,1680,44,500,43,0,7185,4775
1773709425,54,53,54,65,55,1636,56,4110,57,30,58,0,59,0,60,451,61,0,62,0,63,393,64,500,53,606,52,324,51,18,50,201,49,170,48,525,47,751,46,0,45,1680,44,500,43,0,7185,4775
1773709426,54,53,54,65,55,1636,56,4110,57,30,58,0,59,0,60,451,61,0,62,0,63,393,64,500,53,606,52,324,51,18,50,201,49,170,48,525,47,751,46,0,45,1680,44,500,43,0,7185,4775
1773709427,54,53,54,65,55,1636,56,4110,57,30,58,0,59,0,60,451,61,0,62,0,63,393,64,500,53,606,52,324,51,18,50,201,49,170,48,525,47,751,46,0,45,1680,44,500,43,0,7185,4775
1773709428,54,53,54,65,55,1636,56,4110,57,30,58,0,59,0,60,451,61,0,62,0,63,393,64,500,53,606,52,324,51,18,50,201,49,170,48,525,47,751,46,0,45,1680,44,500,43,0,7185,4775
1773709429,54,53,54,65,55,1636,56,4110,57,30,58,0,59,0,60,451,61,0,62,0,63,393,64,500,53,606,52,324,51,18,50,201,49,170,48,525,47,751,46,0,45,1680,44,500,43,0,7185,4775
1773709430,54,53,54,65,55,1636,56,4110,57,30,58,0,59,0,60,451,61,0,62,0,63,393,64,500,53,606,52,324,51,18,50,201,49,170,48,525,47,751,46,0,45,1680,44,500,43,0,7185,4775
1773709431,54,53,54,65,55,1636,56,4110,57,30,58,0,59,0,60,451,61,0,62,0,63,393,64,500,53,606,52,324,51,18,50,201,49,170,48,525,47,751,46,0,45,1680,44,500,43,0,7185,4775
1773709432,54,53,54,65,55,1636,56,4110,57,30,58,0,59,0,60,451,61,0,62,0,63,393,64,500,53,606,52,324,51,18,50,201,49,170,48,525,47,751,46,0,45,1680,44,500,43,0,7185,4775
1773709433,54,53,54,65,55,1636,56,4110,57,30,58,0,59,0,60,451,61,0,62,0,63,393,64,500,53,606,52,324,51,18,50,201,49,170,48,525,47,751,46,0,45,1680,44,500,43,0,7185,4775
1773709434,54,53,54,65,55,1636,56,4110,57,30,58,0,59,0,60,451,61,0,62,0,63,393,64,500,53,606,52,324,51,18,50,201,49,170,48,525,47,751,46,0,45,1680,44,500,43,0,7185,4775
1773709435,54,53,54,65,55,1636,56,4110,57,30,58,0,59,0,60,451,61,0,62,0,63,393,64,500,53,606,52,324,51,18,50,201,49,170,48,525,47,751,46,0,45,1680,44,500,43,0,7185,4775
1773709436,54,53,54,65,55,1636,56,4110,57,30,58,0,59,0,60,451,61,0,62,0,63,393,64,500,53,606,52,324,51,18,50,201,49,170,48,525,47,751,46,0,45,1680,44,500,43,0,7185,4775
1773709437,54,53,54,65,55,1636,56,4110,57,30,58,0,59,0,60,451,61,0,62,0,63,393,64,500,53,606,52,324,51,18,50,201,49,170,48,525,47,751,46,0,45,1680,44,500,43,0,7185,4775
1773709438,54,53,54,65,55,1636,56,4110,57,30,58,0,59,0,60,451,61,0,62,0,63,393,64,500,53,606,52,324,51,18,50,201,49,170,48,525,47,751,46,0,45,1680,44,500,43,0,7185,4775
1773709439,54,53,54,65,55,1636,56,4110,57,30,58,0,59,0,60,451,61,0,62,0,63,393,64,500,53,606,52,324,51,18,50,201,49,170,48,525,47,751,46,0,45,1680,44,500,43,0,7185,4775
1773709440,54,53,54,65,55,1636,56,4110,57,30,58,0,59,0,60,451,61,0,62,0,63,393,64,500,53,606,52,324,51,18,50,201,49,170,48,525,47,751,46,0,45,1680,44,500,43,0,7185,4775
1773709441,54,53,54,65,55,1636,56,4110,57,30,58,0,59,0,60,451,61,0,62,0,63,393,64,500,53,606,52,324,51,18,50,201,49,170,48,525,47,751,46,0,45,1680,44,500,43,0,7185,4775
1773709442,54,53,54,65,55,1636,56,4110,57,30,58,0,59,0,60,451,61,0,62,0,63,393,64,500,53,606,52,324,51,18,50,201,49,170,48,525,47,751,46,0,45,1680,44,500,43,0,7185,4775
1773709443,54,53,54,65,55,1636,56,4110,57,30,58,0,59,0,60,451,61,0,62,0,63,393,64,500,53,606,52,324,51,18,50,201,49,170,48,525,47,751,46,0,45,1680,44,500,43,0,7185,4775
1773709444,54,53,54,65,55,1636,56,4110,57,30,58,0,59,0,60,451,61,0,62,0,63,393,64,500,53,606,52,324,51,18,50,201,49,170,48,525,47,751,46,0,45,1680,44,500,43,0,7185,4775
1773709445,54,53,54,65,55,1636,56,4110,57,30,58,0,59,0,60,451,61,0,62,0,63,393,64,500,53,606,52,324,51,18,50,201,49,170,48,525,47,751,46,0,45,1680,44,500,43,0,7185,4775
1773709446,54,53,54,65,55,1636,56,4110,57,30,58,0,59,0,60,451,61,0,62,0,63,393,64,500,53,606,52,324,51,18,50,201,49,170,48,525,47,751,46,0,45,1680,44,500,43,0,7185,4775
1773709447,54,53,54,65,55,1636,56,4110,57,30,58,0,59,0,60,451,61,0,62,0,63,393,64,500,53,606,52,324,51,18,50,201,49,170,48,525,47,751,46,0,45,1680,44,500,43,0,7185,4775
1773709448,54,53,54,65,55,1636,56,4110,57,30,58,0,59,0,60,451,61,0,62,0,63,393,64,500,53,606,52,324,51,18,50,201,49,170,48,525,47,751,46,0,45,1680,44,500,43,0,7185,4775
1773709449,54,53,54,65,55,1636,56,4110,57,30,58,0,59,0,60,451,61,0,62,0,63,393,64,500,53,606,52,324,51,18,50,201,49,170,48,525,47,751,46,0,45,1680,44,500,43,0,7185,4775
1773709450,54,53,54,65,55,1636,56,4110,57,30,58,0,59,0,60,451,61,0,62,0,63,393,64,500,53,606,52,324,51,18,50,201,49,170,48,525,47,751,46,0,45,1680,44,500,43,0,7185,4775
1773709451,54,53,54,65,55,1636,56,4110,57,30,58,0,59,0,60,451,61,0,62,0,63,393,64,500,53,606,52,324,51,18,50,201,49,170,48,525,47,751,46,0,45,1680,44,500,43,0,7185,4775
1773709452,54,53,54,65,55,1636,56,4110,57,30,58,0,59,0,60,451,61,0,62,0,63,393,64,500,53,606,52,324,51,18,50,201,49,170,48,525,47,751,46,0,45,1680,44,500,43,0,7185,4775
1773709453,54,53,54,65,55,1636,56,4110,57,30,58,0,59,0,60,451,61,0,62,0,63,393,64,500,53,606,52,324,51,18,50,201,49,170,48,525,47,751,46,0,45,1680,44,500,43,0,7185,4775
1773709454,54,53,54,65,55,1636,56,4110,57,30,58,0,59,0,60,451,61,0,62,0,63,393,64,500,53,606,52,324,51,18,50,201,49,170,48,525,47,751,46,0,45,1680,44,500,43,0,7185,4775
1773709455,54,53,54,65,55,1636,56,4110,57,30,58,0,59,0,60,451,61,0,62,0,63,393,64,500,53,606,52,324,51,18,50,201,49,170,48,525,47,751,46,0,45,1680,44,500,43,0,7185,4775
1773709456,54,53,54,65,55,1636,56,4110,57,30,58,0,59,0,60,451,61,0,62,0,63,393,64,500,53,606,52,324,51,18,50,201,49,170,48,525,47,751,46,0,45,1680,44,500,43,0,7185,4775
1773709457,54,53,54,65,55,1636,56,4110,57,30,58,0,59,0,60,451,61,0,62,0,63,393,64,500,53,606,52,324,51,18,50,201,49,170,48,525,47,751,46,0,45,1680,44,500,43,0,7185,4775
1773709458,54,53,54,65,55,1636,56,4110,57,30,58,0,59,0,60,451,61,0,62,0,63,393,64,500,53,606,52,324,51,18,50,201,49,170,48,525,47,751,46,0,45,1680,44,500,43,0,7185,4775
1773709459,54,53,54,65,55,1435,56,4110,57,30,58,0,59,0,60,451,61,0,62,0,63,393,64,500,53,606,52,324,51,18,50,201,49,170,48,525,47,751,46,0,45,1680,44,500,43,0,6984,4775
1773709460,54,53,54,65,55,1435,56,4110,57,30,58,0,59,0,60,451,61,0,62,0,63,393,64,500,53,606,52,324,51,18,50,201,49,170,48,525,47,751,46,0,45,1680,44,500,43,0,6984,4775
1773709461,54,53,54,65,55,1435,56,4110,57,30,58,0,59,0,60,451,61,0,62,0,63,393,64,500,53,606,52,324,51,18,50,201,49,170,48,525,47,751,46,0,45,1680,44,500,43,0,6984,4775
1773709462,54,53,54,65,55,1435,56,4110,57,30,58,0,59,0,60,451,61,0,62,0,63,393,64,500,53,606,52,324,51,18,50,201,49,170,48,525,47,751,46,0,45,1680,44,500,43,0,6984,4775
1773709463,54,53,54,65,55,1435,56,4110,57,30,58,0,59,0,60,451,61,0,62,0,63,393,64,500,53,606,52,324,51,18,50,201,49,170,48,525,47,751,46,0,45,1680,44,500,43,0,6984,4775
1773709464,54,53,54,65,55,1435,56,4110,57,30,58,0,59,0,60,451,61,0,62,0,63,393,64,500,53,606,52,324,51,18,50,201,49,170,48,525,47,751,46,0,45,1680,44,500,43,0,6984,4775
1773709465,54,53,54,39,55,1435,56,4110,57,30,58,0,59,0,60,451,61,0,62,0,63,393,64,500,53,606,52,324,51,18,50,201,49,170,48,525,47,751,46,0,45,1680,44,500,43,0,6958,4775
1773709466,54,53,54,39,55,1435,56,4110,57,30,58,0,59,0,60,451,61,0,62,0,63,393,64,500,53,606,52,347,51,18,50,201,49,170,48,525,47,751,46,0,45,1680,44,500,43,0,6958,4798
1773709467,54,53,54,39,55,1435,56,4110,57,30,58,0,59,0,60,451,61,0,62,0,63,393,64,500,53,606,52,347,51,18,50,201,49,170,48,525,47,751,46,0,45,1680,44,500,43,0,6958,4798
1773709468,54,53,54,39,55,1435,56,4110,57,30,58,0,59,0,60,451,61,0,62,0,63,393,64,500,53,606,52,347,51,18,50,201,49,170,48,525,47,751,46,0,45,1680,44,500,43,0,6958,4798
1773709469,54,53,54,39,55,1435,56,4110,57,30,58,0,59,0,60,451,61,0,62,0,63,393,64,500,53,606,52,347,51,18,50,201,49,170,48,525,47,751,46,0,45,1680,44,500,43,0,6958,4798
1773709470,54,53,54,39,55,1435,56,4110,57,30,58,0,59,0,60,451,61,0,62,0,63,393,64,500,53,606,52,347,51,18,50,201,49,170,48,525,47,751,46,0,45,1680,44,500,43,0,6958,4798
1773709471,54,53,54,39,55,1435,56,4110,57,30,58,0,59,0,60,451,61,0,62,0,63,393,64,500,53,606,52,347,51,18,50,201,49,170,48,525,47,751,46,0,45,1680,44,500,43,0,6958,4798
1773709472,54,53,54,39,55,935,56,4110,57,30,58,0,59,0,60,451,61,0,62,0,63,393,64,0,53,106,52,347,51,218,50,201,49,684,48,525,47,225,46,0,45,0,44,2180,43,0,5958,4486
1773709473,54,53,54,39,55,935,56,4110,57,30,58,0,59,0,60,451,61,0,62,0,63,43,64,0,53,106,52,347,51,218,50,201,49,684,48,525,47,225,46,0,45,0,44,2170,43,0,5608,4476
1773709474,54,53,54,39,55,1435,56,4110,57,30,58,0,59,0,60,451,61,0,62,0,63,43,64,0,53,606,52,347,51,218,50,201,49,684,48,525,47,225,46,0,45,0,44,2170,43,0,6108,4976
1773709475,54,53,54,39,55,1435,56,4110,57,30,58,0,59,0,60,451,61,0,62,0,63,43,64,500,53,606,52,347,51,218,50,201,49,684,48,525,47,225,46,0,45,0,44,2170,43,0,6608,4976
1773709476,54,53,54,39,55,1435,56,4110,57,30,58,0,59,0,60,451,61,0,62,0,63,43,64,500,53,606,52,347,51,218,50,201,49,684,48,525,47,225,46,0,45,0,44,2170,43,0,6608,4976
1773709477,54,53,54,39,55,1435,56,4110,57,30,58,0,59,0,60,451,61,0,62,0,63,43,64,500,53,606,52,347,51,218,50,201,49,684,48,525,47,225,46,0,45,0,44,2170,43,0,6608,4976
1773709478,54,53,54,39,55,1435,56,4110,57,30,58,0,59,0,60,451,61,0,62,0,63,43,64,500,53,606,52,347,51,218,50,201,49,684,48,525,47,225,46,0,45,0,44,2170,43,0,6608,4976
1773709479,54,53,54,39,55,1435,56,4110,57,30,58,0,59,0,60,451,61,0,62,0,63,43,64,500,53,606,52,347,51,218,50,201,49,684,48,525,47,225,46,0,45,0,44,2170,43,0,6608,4976
1773709480,54,53,54,39,55,1435,56,4110,57,30,58,0,59,0,60,451,61,0,62,0,63,43,64,500,53,606,52,347,51,218,50,201,49,684,48,525,47,225,46,0,45,0,44,2170,43,0,6608,4976
1773709481,54,53,54,39,55,1435,56,4110,57,30,58,0,59,0,60,451,61,0,62,0,63,43,64,500,53,606,52,347,51,218,50,201,49,684,48,525,47,225,46,0,45,0,44,2170,43,0,6608,4976
1773709482,54,53,54,39,55,1435,56,4110,57,30,58,0,59,0,60,451,61,0,62,0,63,43,64,500,53,606,52,347,51,218,50,201,49,684,48,525,47,225,46,0,45,0,44,2170,43,0,6608,4976
1773709483,54,53,54,39,55,1435,56,4110,57,30,58,0,59,0,60,451,61,0,62,0,63,43,64,500,53,606,52,347,51,218,50,201,49,684,48,525,47,225,46,0,45,0,44,2170,43,0,6608,4976
1773709484,54,53,54,39,55,1435,56,4110,57,30,58,0,59,0,60,451,61,0,62,0,63,43,64,500,53,606,52,347,51,218,50,201,49,684,48,525,47,225,46,0,45,0,44,2170,43,0,6608,4976
1773709485,54,53,54,39,55,1435,56,4110,57,30,58,0,59,0,60,451,61,0,62,0,63,43,64,500,53,606,52,347,51,218,50,201,49,684,48,525,47,225,46,0,45,0,44,2170,43,0,6608,4976
1773709486,54,53,54,39,55,1435,56,4110,57,30,58,0,59,0,60,451,61,0,62,0,63,43,64,500,53,606,52,347,51,218,50,201,49,684,48,525,47,225,46,0,45,0,44,2170,43,0,6608,4976
1773709487,54,53,54,39,55,1435,56,4110,57,30,58,0,59,0,60,451,61,0,62,0,63,43,64,500,53,606,52,347,51,218,50,201,49,684,48,525,47,225,46,0,45,0,44,2170,43,0,6608,4976
1773709488,54,53,54,39,55,1435,56,4110,57,30,58,0,59,0,60,451,61,0,62,0,63,43,64,500,53,606,52,347,51,218,50,201,49,684,48,525,47,225,46,0,45,0,44,2170,43,0,6608,4976
1773709489,54,53,54,39,55,1435,56,4110,57,30,58,0,59,0,60,451,61,0,62,0,63,43,64,500,53,606,52,347,51,218,50,201,49,684,48,525,47,225,46,0,45,0,44,2170,43,0,6608,4976
1773709490,54,53,54,39,55,1435,56,4110,57,30,58,0,59,0,60,451,61,0,62,0,63,43,64,500,53,606,52,347,51,218,50,201,49,684,48,525,47,225,46,0,45,0,44,2170,43,0,6608,4976
1773709491,54,53,54,39,55,1435,56,4110,57,30,58,0,59,0,60,451,61,0,62,0,63,43,64,500,53,606,52,347,51,218,50,201,49,684,48,525,47,225,46,0,45,0,44,2170,43,0,6608,4976
1773709492,54,53,54,39,55,1435,56,4110,57,30,58,0,59,0,60,451,61,0,62,0,63,43,64,500,53,606,52,347,51,218,50,201,49,684,48,525,47,225,46,0,45,0,44,2170,43,0,6608,4976
1773709493,54,53,54,39,55,1435,56,4110,57,30,58,0,59,0,60,451,61,0,62,0,63,43,64,500,53,606,52,347,51,218,50,201,49,684,48,525,47,225,46,0,45,0,44,2170,43,0,6608,4976
1773709494,54,53,54,39,55,1435,56,4110,57,30,58,0,59,0,60,451,61,0,62,0,63,43,64,500,53,606,52,347,51,218,50,201,49,684,48,525,47,225,46,0,45,0,44,2170,43,0,6608,4976
1773709495,54,53,54,39,55,1435,56,4110,57,30,58,0,59,0,60,451,61,0,62,0,63,43,64,500,53,606,52,347,51,218,50,201,49,684,48,525,47,225,46,0,45,0,44,2170,43,0,6608,4976
1773709496,54,53,54,39,55,1435,56,53,57,30,58,0,59,0,60,451,61,0,62,0,63,43,64,500,53,606,52,347,51,218,50,201,49,684,48,525,47,225,46,0,45,1563,44,500,43,0,2551,4869
1773709497,55,53,55,1440,56,53,57,30,58,0,59,0,60,451,61,0,62,0,63,43,64,500,65,4,53,606,52,347,51,218,50,201,49,684,48,525,47,225,46,0,45,1563,44,500,43,0,2521,4869
1773709498,55,53,55,1440,56,53,57,30,58,0,59,0,60,451,61,0,62,0,63,43,64,500,65,4,53,606,52,347,51,218,50,201,49,684,48,525,47,225,46,0,45,1563,44,500,43,0,2521,4869
1773709499,55,53,55,1440,56,53,57,30,58,0,59,0,60,451,61,0,62,0,63,43,64,500,65,4,53,606,52,347,51,218,50,201,49,684,48,525,47,225,46,0,45,1563,44,500,43,0,2521,4869
1773709500,55,53,55,1440,56,53,57,30,58,0,59,0,60,451,61,0,62,0,63,43,64,0,65,4,53,606,52,347,51,218,50,201,49,684,48,525,47,225,46,0,45,1563,44,500,43,0,2021,4869
1773709501,55,53,55,1084,56,0,57,30,58,0,59,1,60,300,61,0,62,0,63,350,64,0,65,4,53,500,52,97,51,18,50,1,49,519,48,525,47,149,46,0,45,373,44,0,43,0,1769,2182
1773709502,55,53,55,1084,56,0,57,30,58,0,59,1,60,300,61,0,62,0,63,350,64,500,65,4,53,500,52,97,51,18,50,1,49,519,48,525,47,149,46,0,45,373,44,500,43,0,2269,2682
1773709503,55,53,55,1084,56,0,57,30,58,0,59,1,60,300,61,0,62,0,63,350,64,500,65,4,53,500,52,97,51,18,50,1,49,519,48,525,47,149,46,0,45,373,44,500,43,0,2269,2682
1773709504,55,53,55,1079,56,0,57,30,58,0,59,1,60,300,61,0,62,0,63,350,64,500,65,4,53,500,52,97,51,18,50,1,49,519,48,525,47,149,46,0,45,373,44,500,43,0,2264,2682
1773709505,55,53,55,1079,56,0,57,30,58,0,59,1,60,300,61,0,62,0,63,350,64,500,65,4,53,500,52,97,51,18,50,1,49,519,48,525,47,149,46,0,45,373,44,500,43,0,2264,2682
1773709506,55,53,55,1079,56,0,57,30,58,0,59,1,60,300,61,0,62,0,63,350,64,500,65,4,53,500,52,96,51,18,50,2,49,519,48,525,47,149,46,0,45,373,44,500,43,0,2264,2682
1773709507,55,53,55,1079,56,0,57,30,58,0,59,1,60,300,61,0,62,0,63,350,64,500,65,4,53,500,52,96,51,18,50,2,49,519,48,525,47,149,46,0,45,373,44,500,43,0,2264,2682
1773709508,55,52,55,579,56,0,57,30,58,1,59,376,60,300,61,0,62,701,63,0,64,0,65,144,52,96,51,18,50,1,49,6,48,205,47,149,46,0,45,523,44,0,43,0,42,0,2131,998
1773709509,55,52,55,579,56,0,57,30,58,1,59,376,60,300,61,0,62,701,63,0,64,0,65,148,52,96,51,18,50,1,49,6,48,205,47,149,46,0,45,500,44,46,43,0,42,0,2135,1021
1773709510,55,52,55,579,56,0,57,30,58,1,59,376,60,300,61,0,62,701,63,0,64,0,65,176,52,96,51,18,50,1,49,6,48,205,47,149,46,0,45,500,44,46,43,0,42,0,2163,1021
1773709511,55,52,55,579,56,0,57,30,58,1,59,376,60,300,61,0,62,701,63,0,64,0,65,176,52,96,51,18,50,1,49,6,48,205,47,149,46,0,45,500,44,46,43,0,42,0,2163,1021
1773709512,55,52,55,579,56,0,57,30,58,1,59,376,60,300,61,0,62,701,63,0,64,0,65,148,52,96,51,18,50,1,49,6,48,205,47,149,46,0,45,500,44,46,43,0,42,0,2135,1021
1773709513,55,52,55,579,56,0,57,30,58,1,59,376,60,300,61,0,62,701,63,0,64,0,65,148,52,96,51,18,50,1,49,6,48,205,47,149,46,0,45,500,44,46,43,0,42,0,2135,1021
1773709514,55,52,55,579,56,0,57,30,58,1,59,376,60,300,61,0,62,701,63,0,64,0,65,148,52,96,51,18,50,1,49,6,48,200,47,149,46,0,45,500,44,46,43,0,42,0,2135,1016
1773709515,55,52,55,579,56,0,57,30,58,1,59,376,60,300,61,0,62,701,63,0,64,0,65,144,52,96,51,18,50,1,49,6,48,200,47,149,46,0,45,500,44,46,43,0,42,0,2131,1016
1773709516,55,52,55,579,56,0,57,30,58,1,59,376,60,300,61,0,62,701,63,0,64,0,65,144,52,96,51,18,50,1,49,6,48,200,47,149,46,0,45,500,44,46,43,0,42,0,2131,1016
1773709517,55,52,55,579,56,0,57,30,58,1,59,376,60,300,61,0,62,701,63,0,64,0,65,144,52,96,51,18,50,1,49,6,48,200,47,149,46,0,45,500,44,46,43,0,42,0,2131,1016
1773709518,55,52,55,579,56,0,57,30,58,1,59,376,60,300,61,0,62,701,63,0,64,0,65,144,52,96,51,18,50,1,49,6,48,200,47,149,46,0,45,500,44,46,43,0,42,0,2131,1016
1773709519,55,52,55,579,56,0,57,30,58,1,59,376,60,300,61,0,62,701,63,0,64,0,65,144,52,96,51,18,50,1,49,6,48,200,47,149,46,0,45,500,44,46,43,0,42,0,2131,1016
1773709520,55,52,55,579,56,0,57,30,58,1,59,376,60,300,61,0,62,701,63,0,64,0,65,144,52,96,51,18,50,1,49,6,48,200,47,149,46,0,45,500,44,46,43,0,42,0,2131,1016
1773709521,55,52,55,579,56,0,57,30,58,1,59,376,60,300,61,0,62,701,63,0,64,0,65,144,52,96,51,18,50,1,49,6,48,200,47,149,46,0,45,0,44,500,43,39,42,0,2131,1009
1773709522,55,52,55,579,56,0,57,30,58,1,59,376,60,300,61,0,62,701,63,0,64,0,65,144,52,96,51,18,50,1,49,6,48,200,47,149,46,0,45,0,44,500,43,39,42,0,2131,1009
1773709523,55,52,55,579,56,0,57,30,58,1,59,371,60,300,61,0,62,701,63,0,64,0,65,144,52,96,51,18,50,1,49,6,48,205,47,149,46,0,45,0,44,500,43,39,42,0,2126,1014
1773709524,55,52,55,579,56,0,57,30,58,1,59,371,60,300,61,0,62,701,63,0,64,0,65,144,52,96,51,18,50,1,49,6,48,205,47,149,46,0,45,0,44,500,43,39,42,0,2126,1014
1773709525,55,52,55,579,56,0,57,30,58,1,59,371,60,300,61,0,62,701,63,0,64,0,65,144,52,96,51,18,50,1,49,6,48,205,47,149,46,0,45,0,44,500,43,39,42,0,2126,1014
1773709526,55,52,55,579,56,0,57,30,58,1,59,371,60,300,61,0,62,701,63,0,64,0,65,172,52,96,51,18,50,1,49,6,48,205,47,149,46,0,45,0,44,500,43,39,42,0,2154,1014
1773709527,55,52,55,579,56,0,57,25,58,1,59,371,60,300,61,0,62,701,63,0,64,0,65,172,52,96,51,18,50,1,49,5,48,6,47,349,46,0,45,0,44,0,43,535,42,0,2149,1010
1773709528,55,52,55,579,56,0,57,25,58,1,59,371,60,300,61,0,62,701,63,0,64,0,65,144,52,96,51,18,50,1,49,5,48,6,47,349,46,0,45,0,44,500,43,35,42,0,2121,1010
1773709529,55,52,55,579,56,0,57,25,58,1,59,371,60,300,61,0,62,701,63,0,64,0,65,144,52,96,51,18,50,1,49,5,48,6,47,349,46,0,45,0,44,500,43,35,42,0,2121,1010
1773709530,55,52,55,579,56,0,57,25,58,1,59,371,60,300,61,0,62,701,63,0,64,0,65,172,52,96,51,18,50,1,49,5,48,6,47,349,46,0,45,0,44,500,43,35,42,0,2149,1010
1773709531,55,52,55,579,56,0,57,25,58,1,59,376,60,300,61,0,62,701,63,0,64,0,65,148,52,96,51,18,50,1,49,5,48,1,47,354,46,0,45,0,44,500,43,35,42,0,2130,1010
1773709532,55,52,55,579,56,0,57,25,58,1,59,376,60,300,61,0,62,701,63,0,64,0,65,148,52,96,51,18,50,1,49,5,48,1,47,354,46,0,45,0,44,500,43,35,42,0,2130,1010
1773709533,55,52,55,579,56,0,57,25,58,1,59,376,60,300,61,0,62,701,63,0,64,0,65,176,52,96,51,18,50,1,49,5,48,1,47,354,46,0,45,0,44,500,43,35,42,0,2158,1010
1773709534,55,52,55,584,56,0,57,25,58,1,59,376,60,300,61,0,62,701,63,0,64,0,65,172,52,96,51,18,50,1,49,5,48,1,47,354,46,0,45,0,44,500,43,35,42,0,2159,1010
1773709535,55,52,55,584,56,0,57,25,58,1,59,376,60,300,61,0,62,701,63,0,64,0,65,148,52,96,51,18,50,1,49,5,48,1,47,354,46,0,45,0,44,500,43,35,42,0,2135,1010
1773709536,55,52,55,584,56,0,57,25,58,1,59,376,60,300,61,0,62,701,63,0,64,0,65,148,52,96,51,18,50,1,49,5,48,1,47,354,46,0,45,0,44,500,43,35,42,0,2135,1010
1773709537,55,52,55,584,56,0,57,25,58,1,59,376,60,300,61,0,62,701,63,0,64,0,65,172,52,96,51,18,50,1,49,5,48,1,47,354,46,0,45,0,44,500,43,35,42,0,2159,1010
1773709538,55,52,55,584,56,0,57,25,58,1,59,376,60,300,61,0,62,701,63,0,64,0,65,176,52,96,51,18,50,1,49,5,48,1,47,354,46,0,45,0,44,0,43,535,42,0,2163,1010
1773709539,55,52,55,584,56,0,57,25,58,1,59,376,60,300,61,0,62,701,63,0,64,0,65,144,52,96,51,18,50,1,49,5,48,1,47,354,46,0,45,0,44,500,43,35,42,0,2131,1010
1773709540,55,52,55,584,56,0,57,25,58,1,59,376,60,300,61,0,62,701,63,0,64,0,65,148,52,96,51,18,50,1,49,5,48,1,47,354,46,0,45,0,44,500,43,35,42,0,2135,1010
1773709541,55,52,55,584,56,0,57,25,58,1,59,376,60,300,61,0,62,701,63,0,64,0,65,176,52,96,51,18,50,1,49,5,48,1,47,354,46,0,45,0,44,500,43,42,42,0,2163,1017
1773709542,55,52,55,584,56,0,57,25,58,1,59,376,60,300,61,0,62,701,63,0,64,0,65,176,52,96,51,18,50,1,49,5,48,1,47,354,46,0,45,0,44,500,43,35,42,0,2163,1010
1773709543,55,52,55,584,56,0,57,25,58,1,59,376,60,300,61,0,62,701,63,0,64,0,65,144,52,96,51,18,50,1,49,5,48,1,47,354,46,0,45,0,44,500,43,35,42,0,2131,1010
1773709544,55,52,55,584,56,0,57,25,58,1,59,376,60,300,61,0,62,701,63,0,64,0,65,148,52,96,51,18,50,1,49,5,48,1,47,354,46,0,45,0,44,0,43,535,42,0,2135,1010
1773709545,55,52,55,584,56,0,57,25,58,1,59,376,60,300,61,0,62,701,63,0,64,0,65,148,52,96,51,18,50,1,49,5,48,1,47,354,46,0,45,0,44,500,43,35,42,0,2135,1010
1773709546,55,52,55,584,56,0,57,25,58,1,59,376,60,300,61,0,62,701,63,0,64,0,65,176,52,96,51,18,50,1,49,5,48,1,47,354,46,0,45,0,44,500,43,35,42,0,2163,1010
1773709547,55,52,55,584,56,0,57,25,58,1,59,376,60,300,61,0,62,701,63,0,64,0,65,144,52,96,51,18,50,1,49,5,48,1,47,354,46,0,45,0,44,500,43,42,42,0,2131,1017
1773709548,55,52,55,584,56,0,57,25,58,1,59,376,60,300,61,0,62,701,63,0,64,0,65,148,52,96,51,18,50,1,49,5,48,1,47,354,46,0,45,0,44,500,43,35,42,0,2135,1010
1773709549,55,52,55,584,56,0,57,25,58,1,59,376,60,300,61,0,62,701,63,0,64,0,65,148,52,96,51,18,50,1,49,5,48,1,47,354,46,0,45,0,44,500,43,42,42,0,2135,1017
1773709550,55,52,55,5,56,0,57,25,58,50,59,6,60,300,61,0,62,0,63,200,64,31,65,504,52,96,51,18,50,1,49,6,48,386,47,154,46,0,45,0,44,0,43,42,42,0,1121,703
1773709551,55,52,55,5,56,0,57,25,58,50,59,6,60,300,61,0,62,0,63,200,64,31,65,504,52,96,51,18,50,1,49,6,48,386,47,154,46,0,45,0,44,42,43,0,42,0,1121,703
1773709552,55,52,55,5,56,0,57,25,58,50,59,6,60,300,61,0,62,0,63,200,64,31,65,504,52,96,51,18,50,1,49,6,48,386,47,154,46,0,45,0,44,0,43,35,42,0,1121,696
1773709553,55,52,55,5,56,0,57,25,58,50,59,46,60,300,61,0,62,0,63,0,64,200,65,511,52,96,51,18,50,1,49,6,48,586,47,154,46,0,45,0,44,0,43,42,42,0,1137,903
1773709554,55,52,55,5,56,0,57,25,58,50,59,46,60,300,61,0,62,0,63,0,64,200,65,511,52,96,51,18,50,1,49,6,48,386,47,154,46,0,45,0,44,0,43,57,42,0,1137,718
1773709555,55,52,55,5,56,0,57,25,58,50,59,46,60,300,61,0,62,0,63,0,64,200,65,504,52,96,51,18,50,1,49,6,48,386,47,154,46,0,45,0,44,0,43,67,42,0,1130,728
1773709556,55,52,55,5,56,0,57,25,58,50,59,46,60,300,61,0,62,0,63,0,64,200,65,504,52,96,51,18,50,1,49,6,48,386,47,154,46,0,45,0,44,0,43,67,42,0,1130,728
1773709557,55,52,55,5,56,0,57,25,58,50,59,46,60,300,61,0,62,0,63,0,64,200,65,504,52,96,51,18,50,1,49,6,48,386,47,154,46,0,45,0,44,0,43,67,42,0,1130,728
1773709558,55,52,55,5,56,0,57,25,58,50,59,46,60,300,61,0,62,0,63,0,64,200,65,504,52,96,51,18,50,1,49,6,48,386,47,154,46,0,45,0,44,0,43,67,42,0,1130,728
1773709559,55,52,55,5,56,0,57,56,58,200,59,40,60,800,61,0,62,0,63,0,64,703,65,4,52,18,51,18,50,1,49,61,48,386,47,149,46,0,45,0,44,0,43,32,42,0,1808,665
1773709560,56,52,56,15,57,56,58,200,59,40,60,501,61,0,62,299,63,0,64,1203,65,4,66,628,52,18,51,18,50,16,49,61,48,386,47,149,46,0,45,0,44,0,43,57,42,0,2946,705
1773709561,56,52,56,15,57,56,58,200,59,40,60,501,61,0,62,299,63,0,64,1214,65,4,66,628,52,18,51,18,50,16,49,61,48,386,47,149,46,0,45,0,44,0,43,32,42,0,2957,680
1773709562,56,52,56,55,57,56,58,200,59,0,60,501,61,0,62,299,63,0,64,1214,65,4,66,628,52,18,51,18,50,16,49,61,48,386,47,149,46,0,45,0,44,0,43,32,42,0,2957,680
1773709563,56,52,56,55,57,56,58,0,59,200,60,501,61,0,62,299,63,0,64,1214,65,4,66,628,52,18,51,18,50,16,49,61,48,386,47,149,46,0,45,0,44,0,43,32,42,0,2957,680
1773709564,56,52,56,55,57,56,58,0,59,200,60,501,61,0,62,299,63,0,64,1242,65,4,66,628,52,18,51,18,50,16,49,61,48,386,47,149,46,0,45,0,44,0,43,32,42,0,2985,680
1773709565,56,52,56,55,57,55,58,201,59,0,60,501,61,0,62,299,63,0,64,1242,65,4,66,628,52,18,51,18,50,16,49,61,48,386,47,149,46,0,45,0,44,0,43,32,42,0,2985,680
1773709566,56,52,56,40,57,55,58,201,59,0,60,501,61,0,62,299,63,15,64,1214,65,4,66,628,52,18,51,18,50,16,49,61,48,386,47,149,46,0,45,0,44,0,43,32,42,0,2957,680
1773709567,56,52,56,40,57,55,58,201,59,0,60,501,61,0,62,299,63,15,64,1214,65,4,66,628,52,18,51,18,50,16,49,61,48,386,47,149,46,0,45,0,44,0,43,32,42,0,2957,680
1773709568,56,52,56,40,57,56,58,200,59,0,60,501,61,0,62,299,63,15,64,1214,65,4,66,628,52,18,51,18,50,16,49,61,48,386,47,149,46,0,45,0,44,0,43,32,42,0,2957,680
1773709569,56,52,56,40,57,56,58,0,59,200,60,501,61,0,62,299,63,15,64,1214,65,4,66,628,52,18,51,18,50,16,49,61,48,386,47,149,46,0,45,0,44,0,43,32,42,0,2957,680
1773709570,56,52,56,27,57,50,58,201,59,0,60,501,61,0,62,299,63,15,64,1238,65,4,66,628,52,18,51,18,50,16,49,56,48,386,47,149,46,0,45,0,44,0,43,29,42,0,2963,672
1773709571,56,52,56,27,57,51,58,0,59,200,60,501,61,0,62,299,63,15,64,1210,65,4,66,628,52,18,51,18,50,16,49,56,48,386,47,149,46,0,45,0,44,0,43,29,42,0,2935,672
1773709572,56,52,56,32,57,50,58,201,59,0,60,501,61,0,62,299,63,15,64,1210,65,4,66,0,52,18,51,18,50,16,49,55,48,1,47,149,46,0,45,0,44,200,43,841,42,0,2312,1298
1773709573,56,52,56,27,57,51,58,0,59,200,60,501,61,471,62,299,63,573,64,1210,65,4,66,0,52,18,51,18,50,16,49,55,48,1,47,149,46,0,45,200,44,569,43,841,42,0,3336,1867
1773709574,56,52,56,27,57,51,58,0,59,200,60,501,61,471,62,299,63,573,64,1238,65,4,66,0,52,18,51,18,50,16,49,55,48,1,47,149,46,0,45,200,44,569,43,841,42,0,3364,1867
1773709575,56,52,56,27,57,51,58,200,59,0,60,501,61,471,62,299,63,573,64,1210,65,4,66,0,52,18,51,18,50,16,49,55,48,1,47,149,46,0,45,200,44,569,43,841,42,0,3336,1867
1773709576,56,52,56,27,57,50,58,1,59,200,60,516,61,471,62,299,63,558,64,1210,65,4,66,0,52,18,51,18,50,16,49,55,48,1,47,149,46,0,45,200,44,569,43,841,42,0,3336,1867
1773709577,56,52,56,27,57,50,58,1,59,200,60,516,61,471,62,299,63,558,64,1210,65,4,66,0,52,18,51,18,50,16,49,55,48,1,47,149,46,0,45,200,44,569,43,841,42,0,3336,1867
1773709578,56,52,56,27,57,51,58,0,59,200,60,516,61,471,62,299,63,558,64,1238,65,4,66,0,52,18,51,18,50,16,49,55,48,1,47,149,46,0,45,200,44,569,43,841,42,0,3364,1867
1773709579,56,52,56,27,57,51,58,0,59,200,60,516,61,471,62,299,63,558,64,1238,65,4,66,0,52,18,51,18,50,16,49,55,48,1,47,149,46,0,45,200,44,569,43,841,42,0,3364,1867
1773709580,56,52,56,27,57,50,58,201,59,0,60,516,61,471,62,299,63,558,64,1210,65,4,66,0,52,18,51,18,50,16,49,55,48,1,47,149,46,0,45,200,44,569,43,841,42,0,3336,1867
1773709581,56,52,56,27,57,51,58,0,59,200,60,516,61,471,62,299,63,558,64,1210,65,4,66,0,52,18,51,18,50,16,49,55,48,1,47,149,46,0,45,200,44,569,43,841,42,0,3336,1867
1773709582,56,52,56,27,57,50,58,1,59,200,60,516,61,471,62,299,63,558,64,1210,65,4,66,0,52,18,51,18,50,16,49,55,48,1,47,149,46,0,45,200,44,569,43,841,42,0,3336,1867
1773709583,56,52,56,27,57,51,58,0,59,200,60,516,61,471,62,299,63,558,64,1210,65,4,66,0,52,18,51,18,50,16,49,55,48,1,47,149,46,0,45,200,44,569,43,841,42,0,3336,1867
1773709584,56,52,56,27,57,51,58,0,59,200,60,516,61,471,62,299,63,558,64,1238,65,4,66,0,52,18,51,18,50,16,49,55,48,1,47,149,46,0,45,200,44,569,43,841,42,0,3364,1867
1773709585,56,52,56,27,57,50,58,201,59,0,60,516,61,471,62,299,63,558,64,1238,65,4,66,0,52,18,51,18,50,16,49,55,48,1,47,149,46,0,45,200,44,569,43,841,42,0,3364,1867
1773709586,56,52,56,27,57,51,58,0,59,200,60,516,61,471,62,299,63,558,64,1238,65,4,66,0,52,18,51,18,50,16,49,55,48,1,47,149,46,0,45,200,44,569,43,841,42,0,3364,1867
1773709587,56,52,56,27,57,50,58,201,59,0,60,516,61,471,62,299,63,558,64,1210,65,4,66,0,52,18,51,18,50,16,49,55,48,1,47,149,46,0,45,200,44,569,43,841,42,0,3336,1867
1773709588,56,52,56,27,57,51,58,200,59,0,60,516,61,471,62,299,63,558,64,1210,65,4,66,0,52,18,51,18,50,16,49,55,48,1,47,149,46,0,45,200,44,569,43,841,42,0,3336,1867
1773709589,56,52,56,27,57,51,58,0,59,200,60,516,61,471,62,299,63,558,64,1210,65,4,66,0,52,18,51,18,50,16,49,55,48,1,47,149,46,0,45,200,44,569,43,841,42,0,3336,1867
1773709590,56,52,56,27,57,51,58,0,59,200,60,516,61,471,62,299,63,558,64,1238,65,4,66,0,52,18,51,18,50,16,49,55,48,1,47,149,46,0,45,200,44,569,43,841,42,0,3364,1867
1773709591,56,52,56,27,57,51,58,0,59,200,60,516,61,471,62,299,63,558,64,1238,65,4,66,0,52,18,51,18,50,16,49,55,48,1,47,149,46,0,45,200,44,569,43,841,42,0,3364,1867
1773709592,56,52,56,27,57,50,58,1,59,200,60,516,61,471,62,299,63,558,64,1210,65,4,66,0,52,18,51,18,50,16,49,55,48,1,47,149,46,0,45,200,44,569,43,841,42,0,3336,1867
1773709593,56,52,56,27,57,51,58,0,59,200,60,516,61,471,62,299,63,558,64,1210,65,4,66,0,52,18,51,18,50,16,49,55,48,1,47,149,46,0,45,200,44,569,43,841,42,0,3336,1867
1773709594,56,52,56,27,57,51,58,0,59,200,60,516,61,471,62,299,63,558,64,1210,65,4,66,0,52,18,51,18,50,16,49,55,48,1,47,149,46,485,45,0,44,569,43,529,42,0,3336,1840
1773709595,56,52,56,27,57,51,58,200,59,0,60,516,61,471,62,299,63,558,64,1238,65,4,66,0,52,18,51,18,50,16,49,55,48,1,47,149,46,485,45,0,44,569,43,529,42,0,3364,1840
1773709596,56,52,56,27,57,51,58,0,59,200,60,516,61,471,62,299,63,558,64,1238,65,4,66,0,52,18,51,18,50,16,49,55,48,1,47,149,46,485,45,0,44,569,43,529,42,0,3364,1840
1773709597,56,52,56,27,57,51,58,200,59,0,60,516,61,471,62,299,63,558,64,1210,65,4,66,0,52,18,51,18,50,16,49,55,48,1,47,149,46,485,45,0,44,569,43,529,42,0,3336,1840
1773709598,55,52,55,50,56,27,57,250,58,299,59,0,60,551,61,471,62,0,63,558,64,500,65,4,52,18,51,18,50,16,49,55,48,1,47,149,46,485,45,0,44,569,43,529,42,0,2710,1840
1773709599,55,52,55,50,56,27,57,332,58,299,59,0,60,551,61,471,62,0,63,558,64,500,65,4,52,18,51,18,50,16,49,55,48,1,47,149,46,485,45,0,44,569,43,529,42,0,2792,1840
1773709600,55,52,55,50,56,27,57,332,58,299,59,0,60,551,61,471,62,0,63,558,64,500,65,4,52,18,51,18,50,16,49,55,48,1,47,149,46,485,45,0,44,569,43,529,42,0,2792,1840
1773709601,54,52,54,15,55,50,56,27,57,332,58,299,59,500,60,36,61,471,62,0,63,558,64,500,52,18,51,18,50,16,49,55,48,1,47,149,46,485,45,0,44,569,43,518,42,0,2788,1829
1773709602,54,52,54,15,55,50,56,27,57,332,58,299,59,500,60,36,61,471,62,0,63,558,64,500,52,18,51,18,50,16,49,55,48,1,47,149,46,485,45,0,44,569,43,518,42,0,2788,1829
1773709603,54,52,54,15,55,50,56,27,57,332,58,299,59,500,60,36,61,471,62,0,63,558,64,500,52,18,51,18,50,16,49,55,48,1,47,149,46,485,45,0,44,569,43,518,42,0,2788,1829
1773709604,54,52,54,15,55,50,56,27,57,332,58,299,59,500,60,36,61,471,62,0,63,558,64,500,52,18,51,18,50,16,49,55,48,1,47,149,46,485,45,0,44,569,43,518,42,0,2788,1829
1773709605,54,52,54,15,55,50,56,27,57,332,58,299,59,500,60,36,61,471,62,0,63,558,64,500,52,18,51,18,50,16,49,55,48,1,47,149,46,485,45,0,44,569,43,518,42,0,2788,1829
1773709606,54,52,54,15,55,50,56,28,57,332,58,298,59,0,60,536,61,0,62,0,63,0,64,500,52,18,51,18,50,16,49,55,48,1,47,149,46,485,45,0,44,0,43,18,42,0,1759,760
1773709607,54,52,54,15,55,50,56,28,57,332,58,298,59,0,60,536,61,0,62,0,63,0,64,500,52,18,51,18,50,16,49,55,48,1,47,149,46,485,45,0,44,0,43,18,42,0,1759,760
1773709608,54,52,54,15,55,55,56,28,57,332,58,298,59,0,60,536,61,0,62,0,63,0,64,500,52,18,51,18,50,16,49,55,48,1,47,149,46,485,45,0,44,0,43,18,42,0,1764,760
1773709609,54,52,54,15,55,55,56,28,57,332,58,298,59,0,60,536,61,0,62,0,63,0,64,500,52,18,51,18,50,16,49,55,48,1,47,149,46,485,45,0,44,0,43,18,42,0,1764,760
1773709610,54,52,54,15,55,55,56,28,57,332,58,298,59,0,60,536,61,0,62,0,63,0,64,500,52,18,51,18,50,16,49,55,48,1,47,149,46,485,45,0,44,0,43,18,42,0,1764,760
1773709611,54,52,54,15,55,55,56,28,57,332,58,298,59,0,60,536,61,0,62,0,63,0,64,500,52,18,51,18,50,16,49,55,48,1,47,149,46,485,45,0,44,0,43,18,42,0,1764,760
1773709612,54,52,54,15,55,55,56,28,57,332,58,298,59,0,60,536,61,0,62,0,63,0,64,500,52,18,51,18,50,16,49,55,48,1,47,149,46,485,45,0,44,0,43,18,42,0,1764,760
1773709613,54,52,54,15,55,55,56,28,57,332,58,298,59,0,60,536,61,0,62,0,63,0,64,500,52,18,51,18,50,16,49,55,48,1,47,149,46,485,45,0,44,0,43,18,42,0,1764,760
1773709614,54,52,54,15,55,55,56,28,57,332,58,298,59,0,60,536,61,0,62,0,63,0,64,500,52,18,51,18,50,16,49,55,48,1,47,149,46,485,45,0,44,0,43,18,42,0,1764,760
1773709615,54,52,54,15,55,55,56,28,57,332,58,298,59,0,60,536,61,0,62,0,63,0,64,500,52,18,51,18,50,16,49,55,48,1,47,149,46,485,45,0,44,0,43,18,42,0,1764,760
1773709616,54,52,54,15,55,55,56,28,57,332,58,298,59,0,60,536,61,0,62,0,63,0,64,500,52,18,51,18,50,16,49,55,48,1,47,149,46,485,45,0,44,0,43,18,42,0,1764,760
1773709617,54,52,54,15,55,55,56,28,57,332,58,298,59,0,60,536,61,0,62,0,63,0,64,500,52,18,51,18,50,16,49,55,48,1,47,149,46,485,45,0,44,0,43,18,42,0,1764,760
1773709618,54,52,54,15,55,55,56,28,57,332,58,298,59,0,60,536,61,0,62,0,63,0,64,500,52,18,51,18,50,16,49,55,48,1,47,149,46,485,45,0,44,0,43,18,42,0,1764,760
1773709619,54,52,54,26,55,383,56,227,57,50,58,0,59,500,60,36,61,0,62,0,63,0,64,500,52,18,51,18,50,16,49,55,48,0,47,1,46,285,45,0,44,0,43,0,42,12,1722,405
1773709620,54,52,54,26,55,383,56,227,57,50,58,82,59,500,60,36,61,0,62,0,63,0,64,500,52,18,51,18,50,16,49,55,48,0,47,1,46,285,45,0,44,0,43,200,42,12,1804,605
1773709621,54,52,54,53,55,383,56,200,57,50,58,82,59,500,60,36,61,0,62,0,63,0,64,500,52,18,51,18,50,16,49,55,48,0,47,1,46,285,45,0,44,0,43,200,42,12,1804,605
1773709622,53,52,53,1200,54,53,55,828,56,0,57,50,58,82,59,857,60,1,61,0,62,0,63,0,52,18,51,18,50,16,49,55,48,0,47,0,46,0,45,0,44,1,43,200,42,12,3071,320
1773709623,53,52,53,1210,54,43,55,828,56,0,57,50,58,82,59,857,60,501,61,0,62,0,63,0,52,18,51,18,50,16,49,55,48,0,47,0,46,0,45,0,44,201,43,0,42,12,3571,320
1773709624,53,52,53,1210,54,43,55,828,56,0,57,50,58,82,59,857,60,501,61,0,62,0,63,0,52,18,51,18,50,16,49,55,48,0,47,0,46,0,45,0,44,1,43,200,42,12,3571,320
1773709625,53,52,53,1210,54,28,55,828,56,35,57,50,58,37,59,857,60,501,61,0,62,0,63,0,52,18,51,18,50,1,49,55,48,0,47,0,46,0,45,1,44,0,43,200,42,12,3546,305
1773709626,53,52,53,1270,54,28,55,828,56,35,57,50,58,37,59,857,60,501,61,0,62,0,63,0,52,18,51,18,50,1,49,55,48,0,47,0,46,0,45,1,44,0,43,200,42,12,3606,305
1773709627,52,41,52,20,53,1200,54,28,55,828,56,35,57,25,58,37,59,857,60,501,61,0,62,0,41,16,40,1041,39,414,38,0,37,0,36,0,35,0,34,0,33,0,32,500,31,0,3531,1971
1773709628,52,41,52,93,53,1328,54,27,55,0,56,0,57,25,58,0,59,865,60,501,61,0,62,0,41,26,40,1046,39,414,38,0,37,0,36,0,35,0,34,116,33,0,32,500,31,0,2839,2102
1773709629,51,42,51,10,52,83,53,1328,54,27,55,0,56,0,57,25,58,0,59,865,60,501,61,0,42,10,41,31,40,1041,39,414,38,0,37,0,36,18,35,0,34,0,33,0,32,500,2839,2014
1773709630,50,41,50,27,51,65,52,282,53,1328,54,0,55,0,56,0,57,25,58,0,59,900,60,501,41,80,40,1041,39,414,38,0,37,0,36,0,35,49,34,0,33,0,32,500,31,0,3128,2084
1773709631,50,41,50,27,51,140,52,210,53,1328,54,0,55,0,56,0,57,25,58,437,59,928,60,501,41,80,40,1041,39,414,38,0,37,0,36,0,35,49,34,0,33,0,32,500,31,0,3596,2084
1773709632,51,41,51,20,52,70,53,528,54,0,55,0,56,0,57,98,58,472,59,0,60,1,61,0,41,30,40,50,39,614,38,0,37,0,36,0,35,500,34,76,33,0,32,500,31,0,1189,1770
1773709633,51,41,51,25,52,70,53,528,54,0,55,0,56,0,57,98,58,472,59,0,60,1,61,0,41,30,40,50,39,614,38,0,37,0,36,500,35,38,34,0,33,0,32,500,31,0,1194,1732
1773709634,51,41,51,25,52,20,53,328,54,0,55,0,56,200,57,98,58,437,59,84,60,1,61,0,41,80,40,0,39,614,38,0,37,0,36,0,35,70,34,0,33,500,32,500,31,0,1193,1764
1773709635,50,41,50,75,51,20,52,51,53,528,54,0,55,0,56,15,57,525,58,480,59,44,60,1,41,10,40,70,39,614,38,0,37,0,36,500,35,0,34,66,33,0,32,500,31,0,1739,1760
1773709636,49,41,49,19,50,75,51,0,52,117,53,528,54,0,55,0,56,15,57,525,58,469,59,0,41,10,40,65,39,614,38,0,37,0,36,0,35,500,34,66,33,0,32,500,31,0,1748,1755
1773709637,49,42,49,10,50,57,51,328,52,317,53,0,54,0,55,10,56,15,57,525,58,437,59,0,42,5,41,10,40,65,39,614,38,0,37,0,36,0,35,500,34,38,33,0,32,500,1699,1732
1773709638,48,42,48,32,49,372,50,335,51,0,52,0,53,22,54,0,55,0,56,515,57,25,58,437,42,5,41,10,40,65,39,614,38,0,37,0,36,0,35,500,34,38,33,0,32,500,1738,1732
1773709639,49,41,49,54,50,57,51,328,52,0,53,0,54,0,55,200,56,15,57,525,58,471,59,0,41,5,40,65,39,614,38,0,37,0,36,0,35,500,34,38,33,0,32,500,31,0,1650,1722
1773709640,49,39,49,10,50,101,51,406,52,200,53,15,54,0,55,0,56,0,57,525,58,471,59,0,39,355,38,0,37,0,36,500,35,35,34,0,33,15,32,500,31,0,30,0,29,168,1728,1573
1773709641,49,39,49,10,50,101,51,406,52,200,53,15,54,0,55,0,56,0,57,525,58,471,59,0,39,355,38,0,37,0,36,500,35,35,34,0,33,15,32,500,31,0,30,0,29,168,1728,1573
1773709642,49,39,49,10,50,101,51,406,52,200,53,15,54,0,55,0,56,0,57,525,58,471,59,0,39,355,38,0,37,0,36,500,35,35,34,0,33,15,32,500,31,0,30,0,29,168,1728,1573
1773709643,49,41,49,10,50,101,51,406,52,200,53,15,54,0,55,0,56,500,57,108,58,437,59,0,41,10,40,0,39,255,38,0,37,0,36,0,35,0,34,38,33,15,32,0,31,0,1777,318
1773709644,48,41,48,10,49,90,50,135,51,328,52,200,53,15,54,0,55,0,56,0,57,563,58,437,41,19,40,0,39,41,38,0,37,200,36,50,35,0,34,38,33,15,32,0,31,0,1778,363
1773709645,47,41,47,67,48,46,49,44,50,78,51,328,52,0,53,0,54,0,55,200,56,510,57,40,41,19,40,0,39,241,38,0,37,0,36,50,35,73,34,0,33,0,32,0,31,0,1313,383
1773709646,46,41,46,10,47,62,48,80,49,327,50,0,51,0,52,0,53,0,54,0,55,0,56,700,41,10,40,50,39,241,38,0,37,0,36,0,35,42,34,0,33,0,32,0,31,0,1179,343
1773709647,46,41,46,10,47,62,48,80,49,327,50,0,51,0,52,0,53,0,54,0,55,0,56,700,41,10,40,50,39,241,38,0,37,0,36,0,35,42,34,0,33,0,32,0,31,0,1179,343
1773709648,46,41,46,10,47,62,48,80,49,327,50,0,51,0,52,0,53,0,54,0,55,0,56,700,41,10,40,0,39,41,38,0,37,0,36,200,35,49,34,0,33,50,32,0,31,0,1179,350
1773709649,46,41,46,10,47,57,48,80,49,327,50,0,51,0,52,0,53,0,54,0,55,0,56,700,41,10,40,0,39,41,38,0,37,0,36,0,35,250,34,38,33,0,32,0,31,0,1174,339
1773709650,46,42,46,10,47,57,48,80,49,327,50,0,51,0,52,0,53,0,54,0,55,0,56,700,42,5,41,10,40,18,39,36,38,0,37,0,36,50,35,200,34,38,33,0,32,0,1174,357
1773709651,46,40,46,10,47,101,48,236,49,327,50,0,51,0,52,0,53,500,54,409,55,0,56,0,40,50,39,36,38,0,37,50,36,0,35,200,34,58,33,0,32,0,31,0,30,500,1583,894
1773709652,46,40,46,10,47,101,48,236,49,327,50,0,51,0,52,0,53,500,54,409,55,0,56,500,40,50,39,36,38,0,37,0,36,250,35,0,34,58,33,0,32,0,31,0,30,500,2083,894
1773709653,46,40,46,10,47,101,48,236,49,327,50,0,51,0,52,500,53,471,54,409,55,0,56,500,40,50,39,36,38,0,37,0,36,50,35,200,34,58,33,0,32,0,31,0,30,500,2554,894
1773709654,46,40,46,10,47,101,48,236,49,327,50,0,51,0,52,500,53,471,54,409,55,0,56,500,40,50,39,36,38,0,37,50,36,0,35,200,34,58,33,0,32,0,31,0,30,500,2554,894
1773709655,46,40,46,10,47,101,48,236,49,327,50,0,51,0,52,500,53,471,54,409,55,0,56,500,40,50,39,36,38,0,37,0,36,50,35,200,34,0,33,27,32,0,31,0,30,500,2554,863
1773709656,45,37,45,10,46,44,47,257,48,36,49,327,50,0,51,0,52,500,53,471,54,437,55,0,37,83,36,36,35,250,34,0,33,27,32,0,31,0,30,0,29,0,28,500,27,167,2082,1063
1773709657,45,39,45,10,46,44,47,257,48,36,49,327,50,0,51,500,52,15,53,471,54,437,55,0,39,39,38,15,37,5,36,86,35,0,34,200,33,27,32,0,31,0,30,0,29,0,2097,372
1773709658,46,40,46,54,47,57,48,236,49,327,50,0,51,500,52,15,53,471,54,409,55,0,56,500,40,5,39,39,38,15,37,0,36,36,35,250,34,0,33,27,32,0,31,0,30,0,2569,372
1773709659,46,40,46,10,47,101,48,236,49,327,50,0,51,500,52,15,53,471,54,409,55,0,56,500,40,16,39,39,38,15,37,0,36,36,35,250,34,0,33,27,32,0,31,0,30,0,2569,383
1773709660,46,40,46,10,47,101,48,236,49,327,50,0,51,500,52,15,53,471,54,409,55,0,56,500,40,16,39,39,38,15,37,0,36,86,35,0,34,200,33,27,32,0,31,0,30,0,2569,383
1773709661,46,40,46,54,47,257,48,36,49,327,50,0,51,500,52,15,53,471,54,437,55,0,56,500,40,16,39,39,38,0,37,0,36,36,35,250,34,0,33,27,32,0,31,0,30,0,2597,368
1773709662,45,40,45,10,46,44,47,257,48,36,49,327,50,0,51,500,52,15,53,393,54,437,55,0,40,16,39,39,38,0,37,0,36,36,35,50,34,200,33,27,32,0,31,0,30,0,2019,368
1773709663,46,40,46,54,47,257,48,36,49,327,50,0,51,500,52,94,53,393,54,440,55,0,56,500,40,16,39,0,38,0,37,43,36,36,35,0,34,250,33,0,32,0,31,500,30,42,2601,887
1773709664,43,40,43,7,44,327,45,200,46,54,47,57,48,36,49,521,50,0,51,0,52,94,53,393,40,16,39,0,38,0,37,43,36,36,35,0,34,0,33,200,32,50,31,0,30,542,1689,887
1773709665,42,40,42,5,43,54,44,327,45,0,46,200,47,60,48,36,49,0,50,0,51,0,52,594,40,16,39,0,38,0,37,43,36,36,35,0,34,50,33,0,32,0,31,200,30,542,1276,887
1773709666,42,40,42,5,43,54,44,327,45,0,46,200,47,57,48,44,49,0,50,0,51,79,52,515,40,16,39,0,38,0,37,43,36,36,35,0,34,0,33,200,32,50,31,0,30,542,1281,887
1773709667,42,40,42,5,43,111,44,327,45,0,46,200,47,0,48,44,49,0,50,0,51,579,52,15,40,16,39,0,38,0,37,43,36,36,35,0,34,50,33,0,32,0,31,200,30,42,1281,387
1773709668,42,40,42,15,43,101,44,327,45,0,46,0,47,200,48,44,49,0,50,0,51,500,52,15,40,16,39,15,38,0,37,43,36,36,35,0,34,200,33,0,32,50,31,0,30,42,1202,402
1773709669,42,40,42,15,43,101,44,327,45,0,46,0,47,200,48,44,49,0,50,0,51,500,52,15,40,16,39,15,38,0,37,43,36,36,35,0,34,250,33,0,32,0,31,0,30,542,1202,902
1773709670,42,40,42,15,43,101,44,327,45,0,46,0,47,200,48,44,49,0,50,0,51,500,52,15,40,16,39,15,38,0,37,43,36,36,35,0,34,0,33,200,32,50,31,0,30,542,1202,902
1773709671,42,40,42,15,43,101,44,327,45,0,46,0,47,200,48,44,49,0,50,0,51,500,52,94,40,16,39,15,38,0,37,43,36,36,35,0,34,200,33,0,32,50,31,0,30,542,1281,902
1773709672,42,41,42,5,43,111,44,327,45,0,46,0,47,200,48,44,49,0,50,0,51,500,52,94,41,1064,40,11,39,15,38,0,37,0,36,36,35,0,34,0,33,0,32,50,31,186,1281,1362
1773709673,42,41,42,5,43,111,44,327,45,0,46,0,47,200,48,44,49,0,50,0,51,500,52,94,41,1064,40,11,39,15,38,0,37,0,36,36,35,0,34,0,33,0,32,50,31,193,1281,1369
1773709674,42,41,42,5,43,111,44,327,45,0,46,0,47,200,48,44,49,0,50,0,51,500,52,94,41,1064,40,11,39,15,38,0,37,0,36,36,35,0,34,0,33,0,32,50,31,193,1281,1369
1773709675,42,41,42,5,43,111,44,327,45,0,46,0,47,200,48,44,49,0,50,0,51,500,52,94,41,1064,40,0,39,15,38,0,37,0,36,36,35,0,34,0,33,0,32,50,31,193,1281,1358
1773709676,42,41,42,5,43,111,44,327,45,0,46,0,47,200,48,44,49,0,50,0,51,500,52,94,41,1064,40,0,39,15,38,0,37,0,36,36,35,0,34,0,33,0,32,50,31,193,1281,1358
1773709677,42,41,42,5,43,54,44,327,45,0,46,0,47,200,48,44,49,0,50,0,51,500,52,94,41,1064,40,0,39,15,38,0,37,0,36,36,35,0,34,0,33,0,32,50,31,193,1224,1358
1773709678,42,41,42,65,43,54,44,327,45,200,46,439,47,0,48,44,49,0,50,532,51,0,52,15,41,5,40,0,39,15,38,0,37,18,36,36,35,0,34,0,33,0,32,200,31,550,1676,824
1773709679,42,39,42,75,43,50,44,327,45,200,46,439,47,0,48,59,49,0,50,532,51,0,52,0,39,15,38,0,37,18,36,36,35,0,34,50,33,0,32,0,31,200,30,15,29,562,1682,896
1773709680,41,39,41,10,42,65,43,50,44,327,45,200,46,439,47,0,48,44,49,0,50,532,51,0,39,15,38,0,37,18,36,36,35,50,34,0,33,0,32,0,31,200,30,515,29,600,1667,1434
1773709681,41,39,41,10,42,65,43,50,44,327,45,200,46,439,47,0,48,44,49,0,50,532,51,0,39,15,38,0,37,18,36,36,35,50,34,0,33,0,32,0,31,200,30,15,29,572,1667,906
1773709682,42,39,42,10,43,5,44,50,45,527,46,439,47,0,48,36,49,0,50,564,51,0,52,0,39,15,38,0,37,18,36,36,35,0,34,0,33,0,32,100,31,200,30,532,29,729,1631,1630
1773709683,42,39,42,41,43,15,44,50,45,527,46,439,47,0,48,36,49,4,50,532,51,0,52,0,39,15,38,0,37,18,36,36,35,0,34,300,33,5,32,0,31,500,30,15,29,943,1644,1832
1773709684,42,39,42,41,43,15,44,50,45,527,46,439,47,0,48,36,49,4,50,532,51,0,52,0,39,15,38,0,37,18,36,36,35,0,34,200,33,5,32,135,31,0,30,515,29,729,1644,1653
1773709685,41,40,41,15,42,41,43,15,44,100,45,527,46,439,47,0,48,36,49,4,50,532,51,0,40,4,39,15,38,0,37,18,36,386,35,5,34,0,33,500,32,35,31,0,30,493,1709,1456
1773709686,41,40,41,15,42,41,43,15,44,100,45,527,46,439,47,0,48,36,49,4,50,532,51,0,40,4,39,15,38,0,37,18,36,36,35,205,34,150,33,0,32,0,31,0,30,605,1709,1033
1773709687,41,40,41,15,42,41,43,15,44,100,45,527,46,439,47,0,48,36,49,112,50,532,51,0,40,4,39,15,38,0,37,18,36,36,35,205,34,0,33,0,32,150,31,500,30,493,1817,1421
1773709688,41,40,41,15,42,41,43,15,44,150,45,527,46,439,47,0,48,44,49,108,50,532,51,0,40,4,39,15,38,0,37,18,36,36,35,155,34,0,33,200,32,0,31,0,30,493,1871,921
1773709689,41,37,41,15,42,41,43,15,44,100,45,527,46,439,47,0,48,44,49,108,50,532,51,0,37,4,36,36,35,0,34,0,33,0,32,355,31,0,30,493,29,562,28,41,27,167,1821,1658
1773709690,41,37,41,15,42,41,43,15,44,100,45,527,46,439,47,0,48,44,49,108,50,532,51,0,37,4,36,36,35,0,34,0,33,150,32,205,31,0,30,493,29,590,28,0,27,167,1821,1645
1773709691,41,37,41,15,42,41,43,15,44,100,45,527,46,439,47,0,48,44,49,108,50,532,51,0,37,4,36,36,35,0,34,0,33,350,32,5,31,0,30,478,29,597,28,0,27,167,1821,1637
1773709692,41,37,41,15,42,41,43,15,44,100,45,527,46,439,47,0,48,44,49,108,50,532,51,0,37,4,36,36,35,0,34,0,33,150,32,205,31,0,30,478,29,562,28,0,27,334,1821,1769
1773709693,41,37,41,15,42,41,43,15,44,100,45,527,46,439,47,0,48,44,49,108,50,532,51,0,37,4,36,36,35,200,34,150,33,0,32,505,31,0,30,478,29,667,28,0,27,167,1821,2207
1773709694,41,37,41,15,42,0,43,15,44,100,45,527,46,439,47,0,48,44,49,108,50,532,51,0,37,4,36,186,35,0,34,0,33,200,32,505,31,0,30,695,29,562,28,0,27,167,1780,2319
1773709695,41,37,41,15,42,0,43,65,44,100,45,527,46,439,47,0,48,44,49,108,50,532,51,0,37,4,36,36,35,0,34,0,33,200,32,155,31,500,30,478,29,562,28,144,27,167,1830,2246
1773709696,41,37,41,15,42,10,43,55,44,300,45,327,46,439,47,0,48,44,49,108,50,532,51,0,37,4,36,36,35,150,34,0,33,0,32,205,31,0,30,478,29,562,28,39,27,167,1830,1641
1773709697,42,37,42,25,43,55,44,100,45,527,46,439,47,0,48,44,49,108,50,532,51,0,52,0,37,4,36,36,35,0,34,0,33,350,32,0,31,0,30,478,29,500,28,39,27,167,1830,1574
1773709698,42,37,42,25,43,55,44,100,45,527,46,439,47,0,48,44,49,108,50,532,51,0,52,0,37,4,36,36,35,200,34,150,33,0,32,0,31,500,30,478,29,133,28,0,27,167,1830,1668
1773709699,42,37,42,25,43,55,44,100,45,527,46,439,47,0,48,44,49,108,50,532,51,0,52,0,37,4,36,36,35,0,34,0,33,200,32,150,31,500,30,478,29,133,28,0,27,167,1830,1668
1773709700,42,37,42,25,43,55,44,100,45,527,46,439,47,0,48,44,49,108,50,532,51,0,52,0,37,4,36,36,35,200,34,150,33,0,32,0,31,500,30,478,29,133,28,0,27,167,1830,1668
1773709701,42,37,42,25,43,55,44,100,45,527,46,439,47,0,48,44,49,108,50,532,51,0,52,0,37,4,36,36,35,200,34,150,33,0,32,0,31,500,30,478,29,133,28,0,27,167,1830,1668
1773709702,42,37,42,25,43,55,44,100,45,527,46,0,47,0,48,44,49,108,50,532,51,0,52,0,37,4,36,36,35,0,34,0,33,150,32,0,31,700,30,639,29,0,28,0,27,167,1391,1696
1773709703,42,37,42,10,43,55,44,100,45,527,46,0,47,26,48,59,49,108,50,0,51,0,52,0,37,4,36,36,35,0,34,150,33,0,32,0,31,200,30,35,29,0,28,500,27,167,885,1092
1773709704,42,37,42,10,43,55,44,100,45,527,46,0,47,26,48,59,49,0,50,0,51,0,52,0,37,4,36,36,35,0,34,0,33,0,32,0,31,500,30,150,29,200,28,249,27,167,777,1306
1773709705,42,37,42,10,43,55,44,100,45,527,46,0,47,26,48,59,49,0,50,0,51,0,52,0,37,4,36,36,35,0,34,0,33,0,32,0,31,200,30,150,29,0,28,539,27,167,777,1096
1773709706,42,37,42,10,43,55,44,100,45,527,46,0,47,26,48,59,49,0,50,0,51,0,52,0,37,4,36,36,35,0,34,0,33,0,32,0,31,650,30,200,29,112,28,0,27,167,777,1169
1773709707,42,37,42,10,43,55,44,100,45,527,46,0,47,26,48,59,49,0,50,0,51,0,52,0,37,4,36,36,35,0,34,0,33,0,32,0,31,200,30,150,29,0,28,539,27,167,777,1096
1773709708,42,37,42,10,43,55,44,100,45,527,46,0,47,0,48,44,49,0,50,0,51,500,52,108,37,4,36,36,35,0,34,150,33,0,32,0,31,200,30,33,29,0,28,500,27,167,1344,1090
1773709709,42,37,42,10,43,55,44,100,45,527,46,0,47,0,48,44,49,0,50,0,51,0,52,0,37,4,36,36,35,0,34,0,33,150,32,200,31,0,30,5,29,49,28,500,27,167,736,1111
1773709710,42,37,42,10,43,55,44,100,45,527,46,0,47,0,48,44,49,0,50,0,51,0,52,0,37,4,36,36,35,0,34,0,33,200,32,150,31,500,30,5,29,112,28,0,27,167,736,1174
1773709711,42,37,42,10,43,55,44,100,45,527,46,0,47,0,48,44,49,0,50,0,51,0,52,0,37,4,36,36,35,0,34,0,33,200,32,0,31,150,30,35,29,0,28,500,27,167,736,1092
1773709712,42,37,42,10,43,55,44,100,45,527,46,0,47,0,48,44,49,0,50,0,51,0,52,0,37,4,36,36,35,0,34,0,33,200,32,150,31,0,30,35,29,0,28,500,27,167,736,1092
1773709713,42,37,42,10,43,55,44,100,45,527,46,0,47,0,48,44,49,0,50,0,51,0,52,0,37,4,36,36,35,0,34,0,33,150,32,0,31,0,30,0,29,700,28,39,27,167,736,1096
1773709714,42,37,42,10,43,55,44,100,45,527,46,0,47,0,48,44,49,0,50,0,51,0,52,0,37,4,36,36,35,0,34,0,33,0,32,0,31,200,30,150,29,500,28,39,27,167,736,1096
1773709715,42,37,42,10,43,55,44,100,45,527,46,0,47,0,48,44,49,0,50,0,51,0,52,0,37,4,36,36,35,0,34,0,33,0,32,0,31,200,30,150,29,500,28,67,27,167,736,1124
1773709716,42,37,42,10,43,55,44,100,45,527,46,0,47,0,48,44,49,0,50,0,51,0,52,0,37,4,36,36,35,0,34,0,33,0,32,350,31,0,30,0,29,500,28,60,27,167,736,1117
1773709717,42,41,42,10,43,55,44,100,45,527,46,0,47,0,48,44,49,0,50,0,51,0,52,0,41,1059,40,0,39,0,38,0,37,0,36,36,35,0,34,0,33,0,32,0,31,0,736,1095
1773709718,43,41,43,65,44,100,45,527,46,0,47,0,48,44,49,0,50,0,51,0,52,0,53,0,41,1063,40,0,39,0,38,0,37,200,36,36,35,0,34,0,33,0,32,150,31,847,736,2296
1773709719,43,41,43,65,44,100,45,527,46,0,47,0,48,44,49,0,50,500,51,110,52,0,53,0,41,1063,40,0,39,0,38,0,37,200,36,36,35,0,34,0,33,150,32,500,31,847,1346,2796
1773709720,43,41,43,15,44,100,45,327,46,0,47,200,48,36,49,110,50,525,51,0,52,0,53,0,41,1063,40,0,39,0,38,150,37,200,36,36,35,0,34,0,33,0,32,500,31,847,1313,2796
1773709721,43,41,43,15,44,100,45,327,46,0,47,200,48,36,49,110,50,525,51,0,52,0,53,0,41,1063,40,0,39,0,38,150,37,200,36,36,35,0,34,0,33,0,32,500,31,889,1313,2838
1773709722,43,41,43,15,44,100,45,327,46,0,47,200,48,36,49,110,50,525,51,0,52,0,53,0,41,1063,40,0,39,0,38,150,37,200,36,36,35,0,34,0,33,0,32,500,31,847,1313,2796
1773709723,43,42,43,15,44,0,45,50,46,419,47,326,48,51,49,0,50,525,51,0,52,0,53,0,42,15,41,1063,40,0,39,0,38,150,37,0,36,36,35,0,34,0,33,523,32,500,1386,2287
1773709724,43,42,43,5,44,0,45,10,46,419,47,326,48,51,49,0,50,525,51,0,52,0,53,0,42,15,41,1063,40,0,39,0,38,0,37,0,36,36,35,0,34,0,33,673,32,500,1336,2287
1773709725,43,42,43,5,44,0,45,10,46,419,47,326,48,51,49,0,50,525,51,0,52,0,53,0,42,15,41,1063,40,0,39,0,38,0,37,0,36,36,35,0,34,0,33,673,32,500,1336,2287
1773709726,43,42,43,5,44,10,45,269,46,200,47,326,48,51,49,500,50,25,51,0,52,0,53,0,42,15,41,1063,40,0,39,0,38,0,37,0,36,517,35,0,34,150,33,523,32,500,1386,2768
1773709727,43,42,43,5,44,160,45,119,46,200,47,326,48,51,49,500,50,25,51,0,52,0,53,0,42,15,41,4,40,0,39,0,38,50,37,150,36,517,35,0,34,0,33,523,32,0,1386,1259
1773709728,43,39,43,5,44,160,45,119,46,200,47,326,48,51,49,500,50,25,51,0,52,0,53,0,39,15,38,50,37,150,36,517,35,0,34,0,33,523,32,0,31,17,30,166,29,0,1386,1438
1773709729,43,39,43,15,44,150,45,119,46,200,47,326,48,36,49,500,50,25,51,0,52,0,53,0,39,19,38,0,37,150,36,517,35,0,34,0,33,523,32,0,31,0,30,166,29,112,1371,1487
1773709730,43,39,43,15,44,150,45,119,46,200,47,326,48,36,49,500,50,25,51,0,52,0,53,0,39,19,38,0,37,150,36,517,35,0,34,0,33,523,32,0,31,0,30,166,29,112,1371,1487
1773709731,44,39,44,150,45,119,46,200,47,326,48,36,49,0,50,22,51,0,52,0,53,0,54,15,39,19,38,0,37,150,36,517,35,0,34,0,33,523,32,0,31,0,30,166,29,112,868,1487
1773709732,43,39,43,2,44,150,45,119,46,200,47,326,48,36,49,0,50,22,51,0,52,0,53,0,39,19,38,0,37,150,36,517,35,0,34,0,33,523,32,0,31,0,30,166,29,112,855,1487
1773709733,43,39,43,2,44,150,45,119,46,200,47,326,48,36,49,0,50,22,51,0,52,0,53,0,39,19,38,0,37,155,36,517,35,0,34,0,33,523,32,0,31,0,30,303,29,0,855,1517
1773709734,43,38,43,2,44,150,45,119,46,200,47,326,48,36,49,0,50,22,51,0,52,0,53,0,38,4,37,170,36,517,35,0,34,0,33,523,32,0,31,0,30,31,29,0,28,166,855,1411
1773709735,43,38,43,2,44,150,45,119,46,200,47,326,48,36,49,0,50,22,51,0,52,0,53,0,38,4,37,170,36,517,35,0,34,0,33,523,32,0,31,0,30,3,29,0,28,166,855,1383
1773709736,43,38,43,2,44,150,45,119,46,200,47,326,48,36,49,0,50,22,51,0,52,0,53,0,38,4,37,170,36,517,35,0,34,0,33,523,32,0,31,0,30,27,29,0,28,166,855,1407
1773709737,43,38,43,2,44,150,45,119,46,200,47,326,48,36,49,0,50,22,51,0,52,0,53,0,38,4,37,170,36,517,35,0,34,0,33,523,32,0,31,0,30,0,29,27,28,166,855,1407
1773709738,43,38,43,2,44,150,45,119,46,200,47,326,48,36,49,1,50,0,51,0,52,0,53,0,38,4,37,170,36,517,35,0,34,0,33,523,32,0,31,0,30,116,29,0,28,166,834,1496
1773709739,46,38,46,150,47,200,48,36,49,326,50,0,51,0,52,500,53,133,54,15,55,515,56,500,38,4,37,170,36,517,35,0,34,0,33,523,32,0,31,0,30,0,29,65,28,166,2375,1445
1773709740,45,38,45,100,46,121,47,0,48,236,49,326,50,0,51,500,52,28,53,0,54,15,55,515,38,15,37,170,36,517,35,0,34,0,33,523,32,0,31,28,30,0,29,0,28,166,1841,1419
1773709741,47,38,47,228,48,36,49,0,50,200,51,326,52,0,53,0,54,30,55,515,56,0,57,546,38,15,37,170,36,517,35,0,34,0,33,523,32,0,31,143,30,0,29,0,28,166,1881,1534
1773709742,46,38,46,34,47,7,48,36,49,0,50,210,51,526,52,0,53,0,54,30,55,515,56,0,38,15,37,170,36,517,35,0,34,0,33,523,32,0,31,0,30,123,29,0,28,166,1358,1514
1773709743,45,39,45,30,46,41,47,526,48,94,49,100,50,73,51,0,52,0,53,500,54,15,55,515,39,10,38,165,37,20,36,517,35,0,34,0,33,530,32,0,31,0,30,166,29,0,1894,1408
1773709744,46,38,46,34,47,115,48,36,49,0,50,526,51,0,52,52,53,28,54,0,55,515,56,0,38,15,37,20,36,236,35,150,34,0,33,523,32,0,31,0,30,56,29,0,28,166,1306,1166
1773709745,46,38,46,34,47,15,48,36,49,100,50,326,51,0,52,0,53,200,54,110,55,515,56,74,38,170,37,224,36,36,35,0,34,0,33,0,32,609,31,0,30,166,29,0,28,0,1410,1205
1773709746,46,38,46,41,47,15,48,36,49,100,50,326,51,0,52,0,53,200,54,110,55,515,56,0,38,15,37,229,36,186,35,0,34,0,33,0,32,500,31,109,30,166,29,0,28,0,1343,1205
1773709747,46,40,46,41,47,15,48,36,49,210,50,526,51,0,52,0,53,0,54,0,55,515,56,131,40,4,39,155,38,0,37,24,36,36,35,0,34,0,33,0,32,0,31,0,30,0,1474,219
1773709748,46,40,46,41,47,15,48,136,49,0,50,526,51,0,52,0,53,0,54,0,55,515,56,0,40,14,39,5,38,0,37,42,36,36,35,0,34,200,33,100,32,0,31,0,30,175,1233,572
1773709749,47,40,47,15,48,36,49,127,50,0,51,200,52,326,53,0,54,0,55,515,56,271,57,546,40,314,39,5,38,0,37,9,36,36,35,500,34,120,33,0,32,166,31,0,30,0,2036,1150
1773709750,49,42,49,100,50,94,51,58,52,526,53,0,54,15,55,0,56,465,57,546,58,5000,59,71,42,14,41,0,40,0,39,0,38,0,37,127,36,36,35,200,34,46,33,0,32,166,6875,589
1773709751,50,42,50,136,51,116,52,526,53,0,54,15,55,0,56,465,57,546,58,5000,59,0,60,1,42,14,41,0,40,0,39,0,38,0,37,27,36,136,35,0,34,218,33,0,32,166,6805,561
1773709752,49,42,49,42,50,136,51,116,52,0,53,0,54,15,55,326,56,437,57,546,58,5000,59,143,42,14,41,0,40,0,39,0,38,0,37,32,36,36,35,0,34,318,33,0,32,166,6761,566
1773709753,49,42,49,42,50,36,51,0,52,0,53,0,54,648,55,326,56,437,57,25,58,5003,59,0,42,14,41,0,40,0,39,0,38,0,37,32,36,36,35,100,34,218,33,0,32,166,6517,566
1773709754,49,42,49,42,50,36,51,0,52,23,53,50,54,714,55,326,56,437,57,25,58,5000,59,95,42,14,41,0,40,0,39,0,38,100,37,214,36,36,35,0,34,0,33,84,32,166,6748,614
1773709755,49,42,49,42,50,36,51,0,52,73,53,200,54,598,55,326,56,437,57,25,58,5000,59,67,42,14,41,0,40,0,39,50,38,0,37,14,36,136,35,0,34,200,33,14,32,166,6804,594
1773709756,49,42,49,42,50,36,51,50,52,116,53,200,54,598,55,326,56,437,57,25,58,5123,59,0,42,14,41,100,40,0,39,0,38,0,37,14,36,243,35,0,34,166,33,0,32,0,6953,537
1773709757,49,42,49,42,50,60,51,50,52,116,53,200,54,598,55,326,56,437,57,25,58,5123,59,0,42,14,41,100,40,0,39,0,38,0,37,14,36,50,35,200,34,166,33,0,32,0,6977,544
1773709758,49,42,49,42,50,60,51,50,52,116,53,200,54,598,55,326,56,437,57,25,58,5123,59,0,42,14,41,0,40,0,39,250,38,0,37,114,36,36,35,35,34,166,33,0,32,0,6977,615
1773709759,49,42,49,42,50,60,51,50,52,200,53,326,54,583,55,0,56,437,57,25,58,5042,59,0,42,14,41,0,40,0,39,50,38,100,37,209,36,36,35,35,34,166,33,0,32,0,6765,610
1773709760,49,42,49,42,50,60,51,142,52,200,53,326,54,583,55,0,56,437,57,25,58,5042,59,0,42,14,41,0,40,0,39,50,38,0,37,109,36,243,35,0,34,166,33,0,32,0,6857,582
1773709761,49,42,49,42,50,60,51,92,52,50,53,526,54,583,55,0,56,437,57,63,58,5000,59,0,42,14,41,0,40,0,39,200,38,150,37,9,36,36,35,76,34,166,33,0,32,0,6853,651
1773709762,49,42,49,42,50,36,51,24,52,50,53,420,54,583,55,0,56,437,57,35,58,5000,59,0,42,14,41,0,40,200,39,115,38,0,37,9,36,36,35,84,34,666,33,0,32,0,6627,1124
1773709763,49,42,49,42,50,36,51,24,52,50,53,620,54,583,55,0,56,437,57,63,58,5000,59,0,42,14,41,0,40,100,39,15,38,0,37,9,36,243,35,0,34,166,33,0,32,0,6855,547
1773709764,48,42,48,15,49,42,50,36,51,24,52,50,53,620,54,583,55,0,56,437,57,25,58,5095,42,14,41,0,40,100,39,15,38,0,37,209,36,36,35,35,34,166,33,0,32,0,6927,575
1773709765,48,42,48,15,49,42,50,36,51,24,52,144,53,326,54,583,55,0,56,437,57,25,58,5000,42,24,41,0,40,0,39,115,38,207,37,9,36,202,35,0,34,0,33,0,32,0,6632,557
1773709766,48,42,48,15,49,42,50,36,51,24,52,144,53,526,54,583,55,0,56,437,57,25,58,5025,42,14,41,0,40,0,39,15,38,0,37,200,36,36,35,100,34,0,33,60,32,166,6857,591
1773709767,48,42,48,15,49,42,50,36,51,24,52,144,53,526,54,583,55,0,56,437,57,25,58,5032,42,14,41,0,40,0,39,15,38,0,37,0,36,36,35,100,34,0,33,200,32,198,6864,563
1773709768,48,42,48,15,49,42,50,36,51,24,52,344,53,326,54,583,55,0,56,437,57,25,58,5032,42,14,41,0,40,0,39,15,38,0,37,18,36,36,35,100,34,0,33,200,32,198,6864,581
1773709769,48,42,48,15,49,42,50,60,51,144,52,200,53,326,54,583,55,0,56,437,57,25,58,5032,42,14,41,0,40,0,39,15,38,0,37,118,36,236,35,0,34,5,33,0,32,198,6864,586
1773709770,48,42,48,15,49,42,50,60,51,144,52,200,53,326,54,583,55,0,56,437,57,74,58,5000,42,14,41,0,40,0,39,15,38,0,37,0,36,136,35,207,34,5,33,0,32,166,6881,543
1773709771,48,42,48,15,49,42,50,60,51,144,52,200,53,326,54,583,55,0,56,437,57,81,58,5000,42,14,41,0,40,0,39,115,38,0,37,0,36,236,35,7,34,5,33,0,32,166,6888,543
1773709772,49,42,49,42,50,60,51,144,52,200,53,326,54,583,55,0,56,0,57,476,58,5000,59,0,42,14,41,0,40,0,39,15,38,100,37,5,36,36,35,0,34,200,33,60,32,166,6831,596
1773709773,49,42,49,42,50,60,51,144,52,200,53,326,54,583,55,0,56,0,57,476,58,5000,59,0,42,14,41,0,40,0,39,0,38,50,37,0,36,136,35,0,34,0,33,200,32,205,6831,605
1773709774,48,42,48,15,49,42,50,60,51,144,52,200,53,326,54,583,55,17,56,0,57,420,58,5000,42,14,41,0,40,0,39,215,38,0,37,0,36,36,35,100,34,0,33,616,32,166,6807,1147
1773709775,48,42,48,15,49,42,50,60,51,144,52,200,53,326,54,583,55,17,56,0,57,420,58,5000,42,14,41,0,40,100,39,215,38,0,37,0,36,36,35,0,34,0,33,616,32,166,6807,1147
1773709776,48,42,48,15,49,42,50,60,51,144,52,200,53,326,54,0,55,653,56,0,57,420,58,5000,42,14,41,0,40,100,39,215,38,0,37,18,36,36,35,0,34,0,33,614,32,166,6860,1163
1773709777,48,42,48,15,49,42,50,60,51,144,52,200,53,326,54,0,55,653,56,0,57,420,58,5000,42,14,41,0,40,100,39,215,38,0,37,0,36,36,35,0,34,0,33,614,32,166,6860,1145
1773709778,48,42,48,15,49,42,50,60,51,144,52,200,53,326,54,0,55,653,56,0,57,420,58,5000,42,14,41,0,40,100,39,215,38,0,37,0,36,36,35,0,34,0,33,614,32,166,6860,1145
1773709779,48,42,48,15,49,42,50,60,51,144,52,200,53,326,54,0,55,636,56,0,57,459,58,5000,42,14,41,0,40,100,39,0,38,0,37,200,36,36,35,0,34,500,33,121,32,166,6882,1137
1773709780,48,42,48,15,49,42,50,60,51,144,52,200,53,326,54,0,55,636,56,0,57,459,58,5000,42,14,41,0,40,0,39,0,38,0,37,200,36,136,35,15,34,0,33,500,32,166,6882,1031
1773709781,46,42,46,200,47,170,48,515,49,368,50,36,51,0,52,700,53,0,54,0,55,636,56,0,42,14,41,0,40,0,39,100,38,0,37,0,36,36,35,200,34,8,33,0,32,166,2625,524
1773709782,45,38,45,200,46,50,47,120,48,515,49,368,50,36,51,0,52,2157,53,0,54,0,55,636,38,28,37,200,36,136,35,0,34,8,33,1432,32,166,31,0,30,0,29,15,28,0,4082,1985
1773709783,45,38,45,200,46,50,47,120,48,515,49,326,50,36,51,0,52,2157,53,0,54,0,55,636,38,158,37,200,36,36,35,0,34,8,33,1432,32,166,31,0,30,0,29,15,28,0,4040,2015
1773709784,45,38,45,200,46,65,47,447,48,0,49,500,50,36,51,60,52,500,53,0,54,0,55,636,38,39,37,0,36,36,35,100,34,15,33,932,32,0,31,0,30,39,29,0,28,166,2444,1327
1773709785,44,38,44,50,45,200,46,139,47,327,48,0,49,500,50,36,51,60,52,500,53,0,54,0,38,9,37,0,36,36,35,0,34,115,33,932,32,0,31,0,30,39,29,0,28,166,1812,1297
1773709786,44,38,44,50,45,200,46,139,47,327,48,0,49,500,50,36,51,60,52,500,53,0,54,0,38,9,37,0,36,36,35,0,34,115,33,932,32,0,31,0,30,39,29,0,28,166,1812,1297
1773709787,44,38,44,50,45,200,46,139,47,327,48,0,49,500,50,110,51,0,52,500,53,0,54,0,38,20,37,0,36,36,35,0,34,115,33,932,32,0,31,0,30,42,29,0,28,166,1826,1311
1773709788,44,38,44,50,45,200,46,139,47,327,48,0,49,500,50,110,51,0,52,500,53,0,54,0,38,20,37,0,36,36,35,0,34,115,33,932,32,0,31,0,30,42,29,0,28,166,1826,1311
1773709789,43,38,43,31,44,50,45,200,46,139,47,327,48,0,49,500,50,110,51,0,52,500,53,0,38,15,37,0,36,36,35,0,34,120,33,932,32,0,31,0,30,42,29,0,28,166,1857,1311
1773709790,43,38,43,31,44,50,45,200,46,139,47,327,48,0,49,500,50,36,51,74,52,500,53,0,38,15,37,0,36,36,35,0,34,320,33,932,32,0,31,0,30,42,29,0,28,166,1857,1511
1773709791,43,38,43,31,44,50,45,200,46,139,47,327,48,0,49,500,50,36,51,74,52,500,53,0,38,15,37,0,36,36,35,100,34,220,33,932,32,0,31,0,30,42,29,0,28,166,1857,1511
1773709792,43,38,43,31,44,50,45,200,46,139,47,327,48,0,49,500,50,117,51,0,52,500,53,0,38,15,37,0,36,36,35,300,34,20,33,0,32,0,31,500,30,158,29,0,28,166,1864,1195
1773709793,43,38,43,31,44,50,45,200,46,139,47,327,48,0,49,500,50,110,51,0,52,500,53,0,38,15,37,0,36,136,35,200,34,15,33,0,32,0,31,500,30,112,29,0,28,166,1857,1144
1773709794,43,38,43,31,44,50,45,200,46,139,47,327,48,0,49,500,50,36,51,0,52,1246,53,0,38,15,37,0,36,136,35,200,34,15,33,0,32,0,31,500,30,112,29,0,28,166,2529,1144
1773709795,43,38,43,31,44,50,45,200,46,139,47,327,48,0,49,500,50,36,51,428,52,1274,53,0,38,15,37,0,36,336,35,0,34,15,33,0,32,0,31,630,30,0,29,0,28,166,2985,1162
1773709796,43,38,43,31,44,50,45,200,46,139,47,327,48,0,49,500,50,36,51,428,52,1274,53,0,38,15,37,0,36,36,35,0,34,0,33,100,32,0,31,0,30,200,29,32,28,166,2985,549
1773709797,43,38,43,31,44,50,45,200,46,139,47,327,48,0,49,500,50,36,51,428,52,1274,53,0,38,15,37,0,36,36,35,0,34,0,33,200,32,0,31,100,30,0,29,60,28,666,2985,1077
1773709798,43,38,43,31,44,50,45,200,46,139,47,327,48,0,49,500,50,36,51,428,52,1274,53,0,38,15,37,0,36,36,35,0,34,0,33,205,32,0,31,100,30,0,29,60,28,666,2985,1082
1773709799,43,38,43,31,44,50,45,200,46,139,47,327,48,0,49,500,50,594,51,428,52,1274,53,0,38,15,37,0,36,36,35,0,34,0,33,205,32,0,31,100,30,0,29,32,28,666,3543,1054
1773709800,43,38,43,31,44,50,45,200,46,139,47,327,48,0,49,500,50,594,51,428,52,1274,53,0,38,15,37,0,36,36,35,0,34,250,33,5,32,0,31,0,30,500,29,32,28,166,3543,1004
1773709801,43,38,43,31,44,50,45,200,46,139,47,327,48,0,49,500,50,594,51,428,52,1274,53,0,38,15,37,0,36,36,35,0,34,0,33,5,32,200,31,50,30,0,29,32,28,166,3543,504
1773709802,43,38,43,31,44,50,45,200,46,139,47,327,48,0,49,500,50,594,51,428,52,1274,53,0,38,15,37,0,36,36,35,0,34,0,33,5,32,0,31,50,30,200,29,32,28,166,3543,504
1773709803,43,38,43,31,44,50,45,200,46,139,47,327,48,0,49,500,50,594,51,428,52,1274,53,0,38,15,37,0,36,36,35,0,34,0,33,5,32,0,31,50,30,200,29,32,28,166,3543,504
1773709804,43,38,43,31,44,0,45,200,46,139,47,327,48,0,49,500,50,594,51,428,52,1274,53,0,38,15,37,0,36,36,35,0,34,0,33,5,32,200,31,23,30,0,29,32,28,166,3493,477
1773709805,43,38,43,31,44,0,45,200,46,15,47,827,48,0,49,0,50,594,51,1484,52,500,53,0,38,15,37,0,36,36,35,0,34,0,33,28,32,1119,31,0,30,0,29,32,28,166,3651,1396
1773709806,43,38,43,31,44,200,45,326,46,0,47,500,48,35,49,15,50,594,51,428,52,500,53,0,38,15,37,0,36,36,35,0,34,0,33,43,32,1119,31,0,30,0,29,32,28,166,2629,1411
1773709807,40,37,40,104,41,0,42,200,43,357,44,0,45,572,46,0,47,0,48,0,49,15,50,594,37,4,36,0,35,0,34,0,33,79,32,1119,31,0,30,0,29,0,28,0,27,0,1842,1202
1773709808,40,34,40,104,41,0,42,200,43,357,44,0,45,572,46,0,47,0,48,0,49,15,50,594,34,9,33,74,32,919,31,0,30,0,29,0,28,0,27,26,26,0,25,503,24,165,1842,1696
1773709809,40,34,40,135,41,0,42,200,43,326,44,0,45,572,46,0,47,0,48,0,49,139,50,594,34,4,33,79,32,919,31,0,30,0,29,0,28,0,27,0,26,78,25,503,24,165,1966,1748
1773709810,40,34,40,231,41,326,42,0,43,0,44,500,45,73,46,0,47,0,48,0,49,139,50,594,34,40,33,43,32,919,31,0,30,0,29,0,28,0,27,0,26,78,25,503,24,165,1863,1748
1773709811,40,34,40,231,41,326,42,0,43,0,44,500,45,73,46,0,47,0,48,0,49,139,50,594,34,40,33,43,32,919,31,0,30,0,29,0,28,0,27,0,26,78,25,503,24,165,1863,1748
1773709812,40,34,40,231,41,326,42,0,43,0,44,500,45,73,46,0,47,0,48,0,49,139,50,594,34,53,33,43,32,919,31,0,30,0,29,0,28,0,27,0,26,78,25,503,24,165,1863,1761
1773709813,40,34,40,231,41,326,42,0,43,0,44,500,45,73,46,0,47,0,48,0,49,139,50,594,34,53,33,43,32,919,31,0,30,0,29,0,28,0,27,0,26,78,25,503,24,165,1863,1761
1773709814,40,34,40,231,41,326,42,0,43,0,44,500,45,73,46,0,47,0,48,0,49,139,50,594,34,53,33,43,32,919,31,65,30,0,29,0,28,0,27,0,26,78,25,503,24,165,1863,1826
1773709815,39,34,39,31,40,231,41,326,42,0,43,0,44,500,45,73,46,0,47,0,48,0,49,139,34,17,33,15,32,32,31,88,30,0,29,200,28,36,27,0,26,78,25,500,24,165,1300,1131
1773709816,39,34,39,31,40,231,41,326,42,0,43,0,44,500,45,73,46,0,47,0,48,0,49,139,34,17,33,15,32,32,31,88,30,0,29,200,28,36,27,0,26,78,25,500,24,165,1300,1131
1773709817,39,34,39,31,40,231,41,326,42,0,43,0,44,500,45,73,46,0,47,0,48,0,49,139,34,17,33,0,32,32,31,65,30,23,29,200,28,36,27,0,26,78,25,0,24,665,1300,1116
1773709818,39,34,39,31,40,231,41,326,42,0,43,0,44,500,45,73,46,0,47,0,48,0,49,139,34,17,33,0,32,32,31,65,30,23,29,200,28,36,27,0,26,78,25,0,24,665,1300,1116
1773709819,39,34,39,31,40,231,41,326,42,0,43,0,44,500,45,73,46,0,47,0,48,0,49,139,34,17,33,0,32,32,31,65,30,23,29,200,28,36,27,0,26,500,25,58,24,165,1300,1096
1773709820,39,34,39,31,40,231,41,326,42,0,43,0,44,500,45,73,46,0,47,0,48,0,49,646,34,17,33,0,32,73,31,265,30,0,29,0,28,36,27,500,26,170,25,0,24,165,1807,1226
1773709821,38,34,38,24,39,31,40,231,41,326,42,0,43,0,44,500,45,73,46,0,47,0,48,124,34,17,33,0,32,28,31,265,30,0,29,0,28,536,27,0,26,170,25,0,24,165,1309,1181
1773709822,38,34,38,24,39,31,40,231,41,326,42,0,43,0,44,500,45,73,46,0,47,205,48,451,34,17,33,0,32,0,31,88,30,0,29,200,28,36,27,532,26,0,25,0,24,165,1841,1038
1773709823,38,34,38,24,39,31,40,231,41,326,42,0,43,0,44,500,45,73,46,124,47,205,48,327,34,17,33,0,32,32,31,88,30,0,29,200,28,36,27,532,26,0,25,0,24,165,1841,1070
1773709824,38,34,38,24,39,31,40,231,41,326,42,0,43,0,44,500,45,73,46,124,47,205,48,327,34,17,33,0,32,32,31,88,30,0,29,200,28,36,27,532,26,0,25,0,24,165,1841,1070
1773709825,38,34,38,24,39,31,40,231,41,326,42,0,43,0,44,500,45,73,46,124,47,205,48,327,34,17,33,0,32,32,31,65,30,223,29,0,28,36,27,532,26,0,25,0,24,165,1841,1070
1773709826,38,34,38,24,39,31,40,231,41,326,42,0,43,0,44,500,45,88,46,124,47,190,48,327,34,17,33,0,32,32,31,88,30,200,29,0,28,36,27,500,26,65,25,0,24,165,1841,1103
1773709827,38,34,38,24,39,31,40,231,41,326,42,0,43,0,44,500,45,88,46,124,47,190,48,327,34,17,33,0,32,32,31,88,30,200,29,0,28,36,27,500,26,65,25,0,24,165,1841,1103
1773709828,38,34,38,24,39,31,40,231,41,326,42,0,43,0,44,594,45,15,46,124,47,190,48,327,34,17,33,0,32,32,31,88,30,0,29,200,28,36,27,500,26,65,25,0,24,165,1862,1103
1773709829,38,34,38,24,39,42,40,231,41,326,42,0,43,0,44,0,45,588,46,124,47,190,48,327,34,17,33,0,32,32,31,65,30,0,29,1,28,236,27,0,26,0,25,500,24,177,1852,1028
1773709830,38,34,38,24,39,42,40,231,41,326,42,0,43,0,44,500,45,88,46,124,47,190,48,327,34,17,33,932,32,0,31,65,30,0,29,0,28,36,27,0,26,0,25,1,24,344,1852,1395
1773709831,38,34,38,35,39,231,40,31,41,326,42,0,43,0,44,500,45,88,46,124,47,190,48,327,34,32,33,932,32,0,31,65,30,0,29,0,28,36,27,0,26,0,25,1,24,335,1852,1401
1773709832,37,34,37,10,38,74,39,231,40,31,41,326,42,0,43,500,44,94,45,15,46,124,47,190,34,32,33,932,32,0,31,65,30,0,29,0,28,36,27,0,26,0,25,103,24,165,1595,1333
1773709833,37,34,37,10,38,74,39,231,40,31,41,326,42,0,43,500,44,94,45,15,46,124,47,190,34,32,33,932,32,0,31,65,30,0,29,0,28,36,27,0,26,0,25,103,24,165,1595,1333
1773709834,37,34,37,10,38,74,39,231,40,31,41,326,42,0,43,500,44,94,45,15,46,124,47,190,34,32,33,932,32,0,31,65,30,0,29,0,28,36,27,0,26,0,25,103,24,165,1595,1333
1773709835,37,34,37,10,38,74,39,231,40,0,41,326,42,0,43,500,44,94,45,15,46,124,47,190,34,32,33,932,32,0,31,65,30,0,29,0,28,36,27,0,26,0,25,103,24,165,1564,1333
1773709836,37,34,37,10,38,74,39,201,40,0,41,326,42,0,43,500,44,94,45,15,46,124,47,190,34,32,33,932,32,0,31,65,30,0,29,0,28,36,27,0,26,0,25,131,24,165,1534,1361
1773709837,37,34,37,10,38,74,39,201,40,0,41,326,42,0,43,500,44,94,45,0,46,124,47,190,34,32,33,932,32,0,31,65,30,0,29,0,28,36,27,0,26,0,25,142,24,165,1519,1372
1773709838,37,34,37,10,38,74,39,201,40,0,41,326,42,0,43,500,44,94,45,0,46,124,47,190,34,32,33,932,32,0,31,65,30,0,29,0,28,36,27,0,26,0,25,142,24,165,1519,1372
1773709839,37,34,37,10,38,74,39,201,40,0,41,326,42,0,43,500,44,94,45,0,46,124,47,190,34,32,33,932,32,0,31,65,30,0,29,0,28,36,27,0,26,0,25,142,24,165,1519,1372
1773709840,37,34,37,10,38,74,39,201,40,0,41,326,42,0,43,500,44,94,45,0,46,124,47,190,34,32,33,0,32,0,31,65,30,0,29,200,28,36,27,550,26,717,25,92,24,165,1519,1857
1773709841,37,34,37,10,38,74,39,201,40,0,41,326,42,0,43,500,44,94,45,0,46,124,47,190,34,32,33,0,32,0,31,65,30,0,29,200,28,36,27,550,26,717,25,92,24,165,1519,1857
1773709842,37,34,37,25,38,46,39,248,40,0,41,326,42,0,43,560,44,94,45,0,46,0,47,190,34,17,33,0,32,32,31,65,30,15,29,200,28,36,27,550,26,717,25,57,24,165,1489,1854
1773709843,37,34,37,25,38,50,39,248,40,0,41,326,42,0,43,560,44,94,45,0,46,0,47,190,34,17,33,0,32,32,31,65,30,15,29,50,28,236,27,500,26,717,25,57,24,165,1493,1854
1773709844,37,34,37,15,38,11,39,248,40,0,41,326,42,0,43,560,44,94,45,0,46,67,47,190,34,17,33,0,32,32,31,65,30,15,29,0,28,37,27,200,26,717,25,22,24,165,1511,1270
1773709845,37,34,37,25,38,50,39,248,40,0,41,326,42,0,43,560,44,94,45,0,46,67,47,190,34,17,33,0,32,32,31,65,30,15,29,50,28,236,27,0,26,717,25,22,24,165,1560,1319
1773709846,37,36,37,15,38,59,39,98,40,426,41,326,42,0,43,560,44,0,45,0,46,67,47,0,36,4,35,961,34,0,33,0,32,0,31,65,30,15,29,0,28,36,27,50,26,1077,1551,2208
1773709847,37,36,37,15,38,59,39,97,40,226,41,326,42,0,43,0,44,0,45,0,46,67,47,84,36,4,35,961,34,0,33,0,32,0,31,65,30,15,29,0,28,36,27,94,26,882,874,2057
1773709848,38,36,38,59,39,50,40,226,41,0,42,200,43,326,44,500,45,56,46,67,47,84,48,500,36,19,35,961,34,0,33,0,32,0,31,65,30,0,29,0,28,36,27,50,26,1031,2068,2162
1773709849,38,36,38,59,39,50,40,226,41,0,42,200,43,326,44,500,45,56,46,67,47,84,48,500,36,19,35,961,34,0,33,0,32,0,31,65,30,0,29,0,28,36,27,87,26,882,2068,2050
1773709850,38,36,38,59,39,50,40,226,41,0,42,200,43,326,44,500,45,56,46,67,47,84,48,500,36,19,35,961,34,0,33,0,32,0,31,65,30,0,29,0,28,36,27,50,26,1052,2068,2183
1773709851,38,36,38,59,39,50,40,226,41,0,42,200,43,326,44,500,45,56,46,67,47,84,48,500,36,19,35,961,34,0,33,0,32,0,31,65,30,0,29,0,28,36,27,50,26,1031,2068,2162
1773709852,38,36,38,59,39,50,40,226,41,0,42,200,43,455,44,500,45,15,46,67,47,0,48,500,36,19,35,961,34,0,33,0,32,0,31,65,30,0,29,0,28,36,27,50,26,1031,2072,2162
1773709853,38,36,38,59,39,50,40,226,41,200,42,15,43,455,44,500,45,0,46,67,47,0,48,500,36,19,35,961,34,0,33,0,32,0,31,65,30,0,29,0,28,36,27,87,26,882,2072,2050
1773709854,38,36,38,59,39,50,40,226,41,200,42,15,43,455,44,500,45,0,46,67,47,0,48,500,36,19,35,961,34,0,33,0,32,0,31,65,30,0,29,0,28,36,27,50,26,1059,2072,2190
1773709855,38,36,38,59,39,50,40,226,41,200,42,15,43,455,44,500,45,0,46,67,47,0,48,500,36,19,35,961,34,0,33,0,32,0,31,65,30,0,29,0,28,36,27,50,26,1031,2072,2162
1773709856,38,36,38,10,39,50,40,226,41,0,42,15,43,326,44,0,45,0,46,0,47,11,48,0,36,19,35,0,34,0,33,0,32,32,31,65,30,0,29,50,28,236,27,0,26,891,638,1293
1773709857,38,36,38,10,39,50,40,226,41,0,42,15,43,326,44,0,45,0,46,0,47,11,48,0,36,19,35,0,34,0,33,0,32,32,31,65,30,50,29,200,28,36,27,0,26,919,638,1321
1773709858,38,34,38,10,39,50,40,226,41,0,42,0,43,326,44,0,45,0,46,0,47,0,48,129,34,4,33,15,32,32,31,65,30,0,29,50,28,236,27,38,26,882,25,0,24,0,741,1322
1773709859,38,34,38,10,39,50,40,226,41,0,42,0,43,326,44,0,45,0,46,0,47,0,48,332,34,4,33,15,32,32,31,65,30,0,29,0,28,286,27,10,26,165,25,0,24,0,944,577
1773709860,38,34,38,10,39,50,40,226,41,0,42,0,43,326,44,0,45,0,46,0,47,129,48,203,34,4,33,15,32,32,31,65,30,0,29,0,28,286,27,10,26,165,25,0,24,0,944,577
1773709861,38,34,38,10,39,86,40,226,41,0,42,0,43,326,44,0,45,0,46,0,47,129,48,0,34,4,33,15,32,32,31,65,30,50,29,200,28,36,27,10,26,165,25,0,24,0,777,577
1773709862,38,32,38,10,39,86,40,226,41,0,42,0,43,326,44,0,45,0,46,15,47,0,48,7,32,4,31,65,30,50,29,0,28,236,27,0,26,0,25,38,24,679,23,0,22,0,670,1072
1773709863,38,32,38,10,39,86,40,226,41,0,42,0,43,326,44,0,45,0,46,55,47,56,48,0,32,17,31,65,30,50,29,0,28,236,27,0,26,0,25,38,24,679,23,0,22,0,759,1085
1773709864,38,32,38,10,39,86,40,226,41,0,42,0,43,326,44,0,45,0,46,55,47,91,48,0,32,17,31,65,30,50,29,0,28,236,27,0,26,0,25,513,24,679,23,0,22,0,794,1560
1773709865,38,32,38,10,39,86,40,226,41,0,42,0,43,326,44,0,45,0,46,55,47,56,48,0,32,17,31,65,30,50,29,0,28,236,27,0,26,0,25,513,24,679,23,0,22,0,759,1560
1773709866,39,32,39,36,40,0,41,10,42,177,43,526,44,0,45,0,46,50,47,549,48,0,49,0,32,17,31,65,30,0,29,50,28,236,27,0,26,0,25,513,24,679,23,0,22,0,1348,1560
1773709867,38,32,38,350,39,361,40,0,41,10,42,85,43,0,44,0,45,500,46,127,47,0,48,0,32,17,31,65,30,0,29,50,28,236,27,0,26,15,25,513,24,664,23,0,22,0,1433,1560
1773709868,36,32,36,50,37,10,38,300,39,361,40,0,41,41,42,85,43,0,44,0,45,0,46,0,32,17,31,65,30,0,29,50,28,36,27,200,26,15,25,513,24,664,23,0,22,0,847,1560
1773709869,36,32,36,111,37,50,38,200,39,361,40,0,41,41,42,85,43,0,44,0,45,0,46,0,32,17,31,65,30,0,29,0,28,86,27,200,26,15,25,485,24,664,23,0,22,0,848,1532
1773709870,34,32,34,10,35,50,36,101,37,0,38,200,39,361,40,0,41,41,42,85,43,0,44,0,32,4,31,65,30,0,29,0,28,86,27,200,26,15,25,485,24,664,23,0,22,0,848,1519
1773709871,34,32,34,10,35,65,36,101,37,0,38,200,39,361,40,0,41,122,42,0,43,0,44,0,32,4,31,65,30,0,29,15,28,36,27,100,26,200,25,475,24,0,23,0,22,205,859,1100
1773709872,34,32,34,10,35,65,36,101,37,0,38,200,39,325,40,53,41,81,42,0,43,0,44,0,32,4,31,65,30,0,29,15,28,36,27,100,26,200,25,475,24,0,23,0,22,198,835,1093
1773709873,34,32,34,10,35,65,36,101,37,0,38,200,39,325,40,53,41,81,42,0,43,0,44,0,32,4,31,65,30,0,29,15,28,36,27,100,26,200,25,475,24,0,23,0,22,198,835,1093
1773709874,34,32,34,10,35,65,36,101,37,0,38,200,39,325,40,53,41,81,42,0,43,0,44,0,32,4,31,65,30,0,29,15,28,36,27,100,26,200,25,475,24,0,23,0,22,198,835,1093
1773709875,34,32,34,10,35,65,36,101,37,0,38,200,39,325,40,53,41,81,42,0,43,0,44,0,32,4,31,65,30,0,29,15,28,36,27,100,26,200,25,475,24,0,23,0,22,198,835,1093
1773709876,39,38,39,50,40,78,41,0,42,0,43,525,44,0,45,28,46,0,47,0,48,0,49,500,38,621,37,0,36,0,35,0,34,0,33,0,32,0,31,65,30,0,29,0,28,136,1181,822
1773709877,39,38,39,50,40,0,41,25,42,132,43,525,44,0,45,28,46,0,47,0,48,0,49,500,38,621,37,0,36,0,35,0,34,200,33,100,32,500,31,65,30,0,29,0,28,617,1260,2103
1773709878,41,38,41,40,42,187,43,0,44,0,45,325,46,0,47,0,48,0,49,200,50,424,51,680,38,621,37,0,36,0,35,0,34,200,33,100,32,500,31,65,30,0,29,0,28,1117,1856,2603
1773709879,41,38,41,5,42,0,43,10,44,237,45,325,46,0,47,0,48,0,49,200,50,421,51,683,38,621,37,0,36,0,35,50,34,0,33,0,32,700,31,65,30,0,29,73,28,536,1881,2045
1773709880,41,38,41,5,42,0,43,10,44,187,45,325,46,0,47,0,48,0,49,200,50,421,51,683,38,621,37,0,36,0,35,50,34,200,33,0,32,500,31,65,30,0,29,101,28,536,1831,2073
1773709881,41,38,41,5,42,0,43,10,44,187,45,325,46,0,47,0,48,0,49,200,50,421,51,680,38,621,37,0,36,0,35,0,34,200,33,50,32,500,31,65,30,112,29,0,28,536,1828,2084
1773709882,41,38,41,5,42,0,43,10,44,187,45,325,46,0,47,0,48,0,49,200,50,421,51,680,38,621,37,0,36,0,35,0,34,0,33,50,32,700,31,65,30,112,29,0,28,536,1828,2084
1773709883,43,38,43,10,44,187,45,0,46,0,47,0,48,325,49,200,50,421,51,680,52,28,53,71,38,621,37,0,36,0,35,0,34,0,33,50,32,0,31,65,30,84,29,0,28,536,1922,1356
1773709884,45,38,45,113,46,0,47,84,48,325,49,200,50,421,51,680,52,28,53,71,54,102,55,151,38,621,37,0,36,0,35,0,34,200,33,50,32,500,31,65,30,45,29,685,28,536,2175,2702
1773709885,45,39,45,10,46,0,47,187,48,0,49,0,50,746,51,680,52,0,53,0,54,0,55,0,39,50,38,621,37,0,36,0,35,0,34,0,33,0,32,700,31,65,30,45,29,685,1623,2166
1773709886,47,35,47,10,48,5000,49,187,50,421,51,0,52,325,53,0,54,0,55,0,56,0,57,25,35,64,34,10,33,0,32,0,31,65,30,246,29,685,28,36,27,0,26,15,25,0,5968,1121
1773709887,46,36,46,10,47,151,48,5000,49,0,50,421,51,0,52,325,53,0,54,0,55,0,56,0,36,11,35,54,34,0,33,0,32,0,31,65,30,239,29,685,28,36,27,0,26,15,5907,1105
1773709888,46,36,46,196,47,5,48,5000,49,0,50,36,51,0,52,325,53,0,54,0,55,38,56,0,36,11,35,4,34,0,33,0,32,55,31,115,30,239,29,685,28,36,27,0,26,15,5600,1160
1773709889,46,37,46,35,47,10,48,5000,49,0,50,361,51,0,52,0,53,0,54,10,55,0,56,0,37,4,36,22,35,0,34,0,33,25,32,0,31,115,30,239,29,685,28,36,27,0,5416,1126
1773709890,46,37,46,35,47,10,48,5000,49,0,50,361,51,0,52,0,53,0,54,10,55,0,56,0,37,4,36,22,35,0,34,0,33,25,32,50,31,265,30,39,29,685,28,36,27,0,5416,1126
1773709891,46,37,46,35,47,10,48,5000,49,0,50,361,51,0,52,0,53,0,54,10,55,0,56,0,37,4,36,22,35,0,34,0,33,25,32,50,31,265,30,54,29,685,28,36,27,0,5416,1141
1773709892,46,37,46,35,47,10,48,5000,49,0,50,361,51,0,52,0,53,0,54,10,55,0,56,0,37,4,36,22,35,0,34,0,33,25,32,50,31,265,30,54,29,685,28,36,27,0,5416,1141
1773709893,46,37,46,35,47,10,48,5000,49,0,50,361,51,0,52,0,53,0,54,10,55,0,56,0,37,4,36,22,35,0,34,0,33,25,32,50,31,265,30,54,29,685,28,36,27,0,5416,1141
1773709894,46,37,46,35,47,10,48,5000,49,0,50,361,51,0,52,0,53,0,54,10,55,0,56,0,37,4,36,22,35,0,34,0,33,25,32,50,31,265,30,54,29,685,28,36,27,0,5416,1141
1773709895,46,37,46,35,47,10,48,5000,49,0,50,361,51,0,52,0,53,0,54,10,55,0,56,0,37,4,36,22,35,0,34,0,33,25,32,50,31,265,30,54,29,685,28,36,27,0,5416,1141
1773709896,46,37,46,35,47,10,48,5000,49,0,50,361,51,0,52,0,53,0,54,10,55,0,56,0,37,4,36,22,35,0,34,0,33,25,32,50,31,265,30,54,29,685,28,36,27,0,5416,1141
1773709897,46,37,46,35,47,10,48,5000,49,0,50,361,51,0,52,0,53,0,54,10,55,0,56,0,37,4,36,22,35,0,34,0,33,25,32,50,31,265,30,54,29,685,28,36,27,0,5416,1141
1773709898,46,37,46,35,47,10,48,5000,49,0,50,361,51,0,52,0,53,0,54,10,55,0,56,0,37,4,36,22,35,0,34,0,33,25,32,50,31,265,30,54,29,685,28,36,27,0,5416,1141
1773709899,46,37,46,45,47,187,48,5000,49,0,50,361,51,0,52,0,53,0,54,0,55,0,56,35,37,19,36,22,35,0,34,0,33,25,32,50,31,265,30,54,29,685,28,36,27,0,5628,1156
1773709900,46,37,46,45,47,187,48,5000,49,0,50,361,51,0,52,0,53,0,54,0,55,0,56,35,37,19,36,22,35,0,34,0,33,25,32,50,31,265,30,54,29,685,28,36,27,0,5628,1156
1773709901,46,37,46,45,47,187,48,5000,49,0,50,361,51,0,52,0,53,0,54,0,55,0,56,35,37,19,36,22,35,0,34,0,33,25,32,50,31,265,30,54,29,685,28,36,27,0,5628,1156
1773709902,46,37,46,45,47,187,48,5000,49,0,50,361,51,0,52,0,53,0,54,0,55,0,56,35,37,19,36,22,35,0,34,0,33,25,32,50,31,265,30,54,29,685,28,36,27,0,5628,1156
1773709903,46,37,46,45,47,187,48,5000,49,0,50,361,51,0,52,0,53,0,54,0,55,0,56,35,37,19,36,22,35,0,34,0,33,25,32,50,31,265,30,54,29,685,28,36,27,0,5628,1156
1773709904,46,37,46,45,47,187,48,5000,49,0,50,361,51,0,52,0,53,0,54,0,55,0,56,35,37,19,36,22,35,0,34,0,33,25,32,50,31,265,30,54,29,685,28,36,27,0,5628,1156
1773709905,46,37,46,45,47,187,48,5000,49,0,50,361,51,0,52,0,53,0,54,0,55,45,56,0,37,19,36,11,35,0,34,0,33,25,32,0,31,65,30,265,29,521,28,36,27,164,5638,1106
1773709906,45,37,45,15,46,45,47,187,48,5000,49,0,50,361,51,0,52,0,53,0,54,0,55,28,37,19,36,11,35,0,34,0,33,30,32,65,31,265,30,0,29,0,28,36,27,184,5636,610
1773709907,45,37,45,45,46,45,47,187,48,5000,49,0,50,361,51,0,52,0,53,0,54,28,55,0,37,19,36,11,35,0,34,0,33,30,32,65,31,265,30,0,29,0,28,36,27,191,5666,617
1773709908,45,37,45,45,46,45,47,187,48,5000,49,0,50,361,51,0,52,0,53,0,54,28,55,0,37,19,36,11,35,0,34,0,33,30,32,65,31,265,30,0,29,0,28,78,27,164,5666,632
1773709909,45,37,45,45,46,45,47,187,48,5325,49,0,50,36,51,0,52,28,53,0,54,0,55,0,37,19,36,11,35,0,34,0,33,30,32,15,31,65,30,50,29,200,28,36,27,184,5666,610
1773709910,45,37,45,45,46,45,47,187,48,5325,49,0,50,36,51,7,52,0,53,0,54,0,55,0,37,19,36,11,35,0,34,0,33,30,32,65,31,265,30,0,29,35,28,36,27,164,5645,625
1773709911,45,37,45,45,46,45,47,187,48,5325,49,0,50,36,51,7,52,0,53,0,54,0,55,0,37,19,36,11,35,0,34,0,33,30,32,0,31,315,30,0,29,35,28,36,27,164,5645,610
1773709912,44,37,44,1,45,45,46,45,47,187,48,5325,49,0,50,36,51,35,52,0,53,0,54,0,37,19,36,11,35,0,34,0,33,30,32,0,31,65,30,50,29,200,28,36,27,184,5674,595
1773709913,44,37,44,31,45,55,46,360,47,387,48,5000,49,28,50,36,51,0,52,0,53,0,54,0,37,19,36,11,35,0,34,0,33,30,32,0,31,65,30,50,29,200,28,36,27,184,5897,595
1773709914,44,37,44,31,45,212,46,360,47,200,48,5000,49,7,50,36,51,0,52,0,53,0,54,0,37,19,36,11,35,0,34,0,33,30,32,0,31,65,30,50,29,200,28,36,27,184,5846,595
1773709915,44,37,44,41,45,202,46,360,47,200,48,5000,49,7,50,36,51,0,52,0,53,0,54,0,37,19,36,11,35,0,34,0,33,30,32,0,31,65,30,50,29,200,28,36,27,191,5846,602
1773709916,44,37,44,41,45,202,46,360,47,200,48,5000,49,7,50,36,51,0,52,0,53,0,54,0,37,19,36,11,35,0,34,0,33,30,32,0,31,65,30,250,29,0,28,36,27,184,5846,595
1773709917,44,37,44,41,45,202,46,360,47,200,48,5000,49,7,50,36,51,0,52,0,53,0,54,0,37,19,36,11,35,0,34,0,33,30,32,0,31,65,30,250,29,0,28,36,27,184,5846,595
1773709918,44,37,44,41,45,202,46,360,47,200,48,5000,49,7,50,36,51,0,52,0,53,0,54,0,37,19,36,11,35,0,34,0,33,30,32,0,31,115,30,0,29,200,28,36,27,191,5846,602
1773709919,43,37,43,35,44,41,45,202,46,325,47,200,48,5000,49,7,50,36,51,0,52,0,53,0,37,19,36,11,35,0,34,0,33,30,32,0,31,115,30,200,29,0,28,36,27,184,5846,595
1773709920,42,37,42,10,43,63,44,31,45,202,46,325,47,200,48,5000,49,7,50,36,51,0,52,0,37,19,36,11,35,0,34,0,33,30,32,0,31,115,30,0,29,200,28,36,27,184,5874,595
1773709921,42,37,42,34,43,35,44,1,45,202,46,325,47,200,48,5000,49,7,50,36,51,0,52,0,37,7,36,11,35,0,34,0,33,30,32,0,31,115,30,0,29,200,28,36,27,164,5840,563
1773709922,42,38,42,24,43,35,44,11,45,202,46,767,47,807,48,5000,49,7,50,36,51,0,52,0,38,1008,37,7,36,0,35,0,34,0,33,0,32,0,31,65,30,0,29,0,28,926,6889,2006
1773709923,43,38,43,35,44,10,45,202,46,442,47,607,48,5325,49,0,50,36,51,0,52,11,53,0,38,1008,37,7,36,0,35,0,34,0,33,0,32,0,31,65,30,42,29,0,28,586,6668,1708
1773709924,43,38,43,35,44,10,45,202,46,442,47,607,48,5325,49,0,50,36,51,0,52,11,53,0,38,1008,37,7,36,0,35,0,34,0,33,0,32,0,31,65,30,42,29,0,28,586,6668,1708
1773709925,43,38,43,35,44,10,45,202,46,442,47,607,48,5325,49,0,50,36,51,32,52,0,53,0,38,1008,37,7,36,0,35,0,34,0,33,0,32,50,31,100,30,0,29,164,28,536,6689,1865
1773709926,43,39,43,35,44,10,45,202,46,442,47,607,48,5325,49,0,50,36,51,32,52,0,53,0,39,15,38,1008,37,7,36,0,35,0,34,0,33,0,32,0,31,65,30,116,29,164,6689,1375
1773709927,43,39,43,35,44,10,45,202,46,442,47,607,48,5325,49,0,50,36,51,32,52,0,53,0,39,15,38,1008,37,7,36,0,35,0,34,0,33,0,32,50,31,65,30,84,29,164,6689,1393
1773709928,43,39,43,35,44,10,45,202,46,442,47,607,48,5325,49,0,50,36,51,32,52,0,53,0,39,15,38,1008,37,7,36,0,35,0,34,0,33,0,32,50,31,131,30,0,29,164,6689,1375
1773709929,43,39,43,35,44,10,45,202,46,442,47,607,48,5325,49,0,50,36,51,32,52,0,53,0,39,15,38,1008,37,7,36,0,35,0,34,0,33,0,32,50,31,131,30,0,29,164,6689,1375
1773709930,44,39,44,10,45,202,46,442,47,607,48,5325,49,0,50,36,51,32,52,0,53,0,54,0,39,15,38,1008,37,7,36,0,35,0,34,0,33,0,32,0,31,65,30,123,29,164,6654,1382
1773709931,43,37,43,46,44,10,45,202,46,442,47,607,48,5325,49,0,50,36,51,0,52,11,53,0,37,7,36,0,35,0,34,0,33,0,32,287,31,65,30,21,29,164,28,536,27,0,6679,1080
1773709932,43,37,43,46,44,10,45,202,46,442,47,607,48,5325,49,0,50,36,51,0,52,11,53,0,37,7,36,0,35,0,34,25,33,50,32,205,31,65,30,56,29,164,28,536,27,0,6679,1108
1773709933,43,35,43,46,44,10,45,202,46,442,47,607,48,5325,49,0,50,36,51,0,52,11,53,0,35,40,34,0,33,55,32,200,31,65,30,21,29,664,28,36,27,0,26,0,25,0,6679,1081
1773709934,42,35,42,9,43,46,44,10,45,202,46,442,47,607,48,5325,49,0,50,36,51,0,52,11,35,45,34,0,33,50,32,200,31,65,30,21,29,664,28,36,27,0,26,0,25,0,6688,1081
1773709935,42,35,42,41,43,46,44,10,45,202,46,442,47,607,48,5325,49,0,50,36,51,32,52,0,35,57,34,0,33,50,32,200,31,65,30,521,29,184,28,36,27,0,26,0,25,0,6741,1113
1773709936,40,35,40,9,41,15,42,0,43,46,44,10,45,187,46,766,47,607,48,5000,49,0,50,64,35,17,34,0,33,50,32,200,31,65,30,0,29,520,28,85,27,0,26,0,25,164,6704,1101
1773709937,40,35,40,9,41,15,42,23,43,46,44,10,45,187,46,766,47,607,48,5000,49,0,50,64,35,17,34,0,33,50,32,200,31,65,30,0,29,500,28,85,27,0,26,0,25,164,6727,1081
1773709938,40,34,40,3,41,15,42,23,43,46,44,10,45,187,46,766,47,607,48,5000,49,0,50,36,34,27,33,55,32,200,31,65,30,0,29,500,28,95,27,0,26,0,25,164,24,515,6693,1621
1773709939,40,34,40,3,41,15,42,23,43,46,44,10,45,187,46,766,47,607,48,5000,49,0,50,36,34,27,33,55,32,200,31,65,30,0,29,500,28,95,27,0,26,0,25,164,24,515,6693,1621
1773709940,40,34,40,3,41,15,42,23,43,46,44,10,45,187,46,766,47,607,48,5000,49,0,50,36,34,27,33,55,32,200,31,65,30,0,29,500,28,81,27,0,26,0,25,164,24,515,6693,1607
1773709941,41,34,41,3,42,15,43,46,44,10,45,187,46,766,47,607,48,5000,49,0,50,36,51,32,34,32,33,50,32,200,31,65,30,0,29,500,28,74,27,0,26,0,25,164,24,515,6702,1600
1773709942,41,35,41,3,42,15,43,46,44,10,45,187,46,766,47,607,48,5000,49,0,50,36,51,32,35,3,34,32,33,50,32,200,31,65,30,0,29,500,28,94,27,0,26,0,25,164,6702,1108
1773709943,41,36,41,3,42,15,43,46,44,10,45,187,46,766,47,607,48,5000,49,0,50,36,51,32,36,12,35,33,34,15,33,50,32,200,31,65,30,0,29,500,28,74,27,0,26,0,6702,949
1773709944,41,36,41,3,42,15,43,46,44,10,45,187,46,766,47,607,48,5000,49,0,50,36,51,32,36,12,35,33,34,15,33,50,32,200,31,65,30,0,29,500,28,74,27,0,26,0,6702,949
1773709945,41,36,41,3,42,15,43,46,44,10,45,187,46,324,47,607,48,5000,49,0,50,36,51,32,36,12,35,33,34,15,33,50,32,200,31,65,30,0,29,515,28,74,27,0,26,0,6260,964
1773709946,41,36,41,3,42,15,43,46,44,10,45,187,46,324,47,607,48,5000,49,0,50,36,51,32,36,12,35,33,34,15,33,50,32,200,31,65,30,0,29,515,28,74,27,0,26,0,6260,964
1773709947,41,36,41,3,42,15,43,46,44,0,45,10,46,512,47,607,48,5000,49,0,50,36,51,32,36,12,35,33,34,40,33,50,32,200,31,65,30,21,29,515,28,74,27,0,26,0,6261,1010
1773709948,41,36,41,3,42,15,43,46,44,0,45,10,46,512,47,607,48,5000,49,0,50,36,51,32,36,12,35,33,34,15,33,50,32,200,31,65,30,21,29,515,28,74,27,0,26,0,6261,985
1773709949,41,36,41,3,42,15,43,46,44,0,45,10,46,512,47,607,48,5000,49,0,50,36,51,32,36,12,35,33,34,15,33,50,32,200,31,65,30,0,29,515,28,81,27,0,26,0,6261,971
1773709950,41,36,41,3,42,15,43,46,44,0,45,10,46,512,47,607,48,5000,49,0,50,36,51,32,36,12,35,33,34,15,33,50,32,200,31,65,30,0,29,515,28,74,27,0,26,0,6261,964
1773709951,41,36,41,3,42,15,43,46,44,0,45,10,46,512,47,607,48,5000,49,0,50,36,51,32,36,12,35,33,34,15,33,50,32,200,31,65,30,24,29,515,28,74,27,0,26,0,6261,988
1773709952,41,36,41,3,42,15,43,46,44,0,45,198,46,324,47,607,48,5000,49,0,50,36,51,32,36,12,35,33,34,15,33,50,32,200,31,65,30,24,29,515,28,81,27,0,26,0,6261,995
1773709953,41,36,41,3,42,15,43,46,44,10,45,188,46,324,47,607,48,5000,49,0,50,36,51,32,36,12,35,33,34,15,33,0,32,0,31,115,30,0,29,215,28,74,27,0,26,0,6261,464
1773709954,41,35,41,3,42,15,43,46,44,10,45,188,46,324,47,607,48,5000,49,0,50,36,51,32,35,15,34,15,33,0,32,35,31,120,30,200,29,15,28,74,27,164,26,0,25,0,6261,638
1773709955,41,35,41,3,42,15,43,46,44,10,45,188,46,324,47,607,48,5000,49,0,50,36,51,32,35,15,34,15,33,0,32,35,31,70,30,50,29,239,28,46,27,164,26,0,25,0,6261,634
1773709956,41,35,41,3,42,15,43,46,44,10,45,188,46,324,47,607,48,5000,49,0,50,36,51,32,35,15,34,15,33,0,32,35,31,70,30,0,29,74,28,246,27,164,26,0,25,0,6261,619
1773709957,41,35,41,3,42,15,43,46,44,10,45,188,46,324,47,607,48,5000,49,0,50,36,51,32,35,15,34,15,33,0,32,35,31,70,30,0,29,50,28,246,27,164,26,0,25,0,6261,595
1773709958,41,35,41,3,42,15,43,46,44,10,45,188,46,324,47,607,48,5000,49,0,50,36,51,32,35,15,34,15,33,0,32,35,31,70,30,0,29,74,28,246,27,164,26,0,25,0,6261,619
1773709959,41,35,41,3,42,15,43,46,44,10,45,188,46,324,47,607,48,5000,49,0,50,36,51,32,35,15,34,15,33,0,32,35,31,70,30,50,29,224,28,46,27,164,26,0,25,0,6261,619
1773709960,41,35,41,3,42,15,43,46,44,10,45,188,46,324,47,607,48,5000,49,0,50,36,51,32,35,15,34,15,33,0,32,35,31,70,30,50,29,200,28,46,27,164,26,0,25,0,6261,595
1773709961,41,35,41,3,42,15,43,46,44,10,45,188,46,324,47,607,48,5000,49,0,50,36,51,32,35,15,34,15,33,0,32,35,31,70,30,0,29,50,28,246,27,164,26,0,25,500,6261,1095
1773709962,41,35,41,3,42,15,43,46,44,10,45,188,46,324,47,607,48,5000,49,0,50,36,51,32,35,15,34,15,33,0,32,35,31,70,30,50,29,224,28,46,27,164,26,0,25,500,6261,1119
1773709963,41,35,41,3,42,15,43,46,44,10,45,188,46,324,47,607,48,5000,49,0,50,36,51,32,35,15,34,0,33,0,32,35,31,70,30,0,29,74,28,236,27,0,26,0,25,677,6261,1107
1773709964,43,35,43,46,44,10,45,0,46,191,47,607,48,5324,49,0,50,36,51,32,52,0,53,0,35,15,34,0,33,0,32,40,31,65,30,0,29,50,28,236,27,0,26,0,25,677,6246,1083
1773709965,43,35,43,46,44,10,45,0,46,515,47,607,48,5000,49,16,50,36,51,0,52,0,53,0,35,15,34,0,33,0,32,40,31,65,30,0,29,72,28,236,27,0,26,0,25,673,6230,1101
1773709966,43,35,43,8,44,45,45,50,46,324,47,200,48,5000,49,16,50,36,51,0,52,0,53,0,35,15,34,0,33,20,32,5,31,65,30,0,29,72,28,236,27,0,26,0,25,673,5679,1086
1773709967,43,35,43,8,44,45,45,50,46,429,47,256,48,5000,49,16,50,36,51,0,52,0,53,0,35,15,34,0,33,20,32,5,31,65,30,0,29,50,28,236,27,0,26,0,25,673,5840,1064
1773709968,43,35,43,8,44,45,45,50,46,429,47,256,48,5000,49,16,50,36,51,0,52,0,53,0,35,15,34,0,33,20,32,5,31,65,30,0,29,50,28,236,27,0,26,0,25,673,5840,1064
1773709969,43,35,43,8,44,45,45,50,46,324,47,256,48,5000,49,16,50,36,51,0,52,0,53,0,35,15,34,0,33,25,32,0,31,65,30,0,29,70,28,236,27,0,26,0,25,673,5735,1084
1773709970,43,41,43,8,44,10,45,211,46,324,47,256,48,5000,49,16,50,36,51,0,52,0,53,0,41,5,40,0,39,0,38,0,37,0,36,0,35,3,34,0,33,25,32,50,31,228,5861,311
1773709971,43,41,43,8,44,10,45,211,46,324,47,256,48,5000,49,16,50,36,51,0,52,0,53,0,41,5,40,0,39,0,38,0,37,0,36,0,35,3,34,0,33,25,32,50,31,228,5861,311
1773709972,43,41,43,8,44,10,45,50,46,0,47,56,48,5324,49,0,50,43,51,0,52,0,53,0,41,5,40,0,39,0,38,0,37,0,36,0,35,33,34,24,33,25,32,50,31,228,5491,365
1773709973,43,41,43,8,44,10,45,55,46,0,47,196,48,5324,49,0,50,43,51,0,52,0,53,0,41,5,40,0,39,0,38,0,37,0,36,0,35,33,34,24,33,20,32,50,31,228,5636,360
1773709974,43,41,43,8,44,10,45,55,46,0,47,196,48,5324,49,0,50,43,51,0,52,0,53,0,41,5,40,0,39,0,38,0,37,0,36,0,35,3,34,0,33,20,32,50,31,228,5636,306
1773709975,43,42,43,8,44,10,45,55,46,0,47,196,48,5324,49,0,50,43,51,0,52,0,53,0,42,3,41,5,40,0,39,0,38,0,37,0,36,0,35,0,34,0,33,20,32,50,5636,78
1773709976,43,42,43,8,44,10,45,55,46,0,47,196,48,5324,49,0,50,43,51,0,52,0,53,0,42,3,41,5,40,0,39,0,38,0,37,0,36,0,35,0,34,24,33,20,32,50,5636,102
1773709977,43,42,43,8,44,10,45,55,46,0,47,196,48,5324,49,0,50,43,51,0,52,0,53,0,42,3,41,5,40,0,39,0,38,0,37,0,36,0,35,0,34,24,33,20,32,50,5636,102
1773709978,43,42,43,8,44,10,45,55,46,0,47,196,48,5324,49,0,50,43,51,0,52,0,53,0,42,3,41,5,40,0,39,0,38,0,37,0,36,0,35,0,34,0,33,20,32,50,5636,78
1773709979,43,42,43,8,44,10,45,55,46,0,47,196,48,5324,49,0,50,43,51,0,52,0,53,0,42,3,41,5,40,0,39,0,38,0,37,0,36,0,35,20,34,0,33,20,32,50,5636,98
1773709980,43,42,43,8,44,10,45,55,46,0,47,196,48,5324,49,0,50,43,51,0,52,0,53,0,42,3,41,5,40,0,39,0,38,0,37,0,36,30,35,20,34,0,33,20,32,50,5636,128
1773709981,44,42,44,45,45,50,46,0,47,196,48,5324,49,0,50,43,51,0,52,0,53,0,54,0,42,3,41,5,40,0,39,0,38,0,37,0,36,0,35,0,34,0,33,20,32,50,5658,78
1773709982,44,42,44,9,45,55,46,0,47,196,48,5324,49,0,50,43,51,0,52,0,53,0,54,0,42,3,41,5,40,0,39,0,38,0,37,0,36,0,35,0,34,0,33,20,32,50,5627,78
1773709983,44,42,44,40,45,50,46,0,47,196,48,5324,49,0,50,43,51,0,52,0,53,0,54,0,42,3,41,5,40,0,39,0,38,0,37,0,36,0,35,0,34,23,33,20,32,50,5653,101
1773709984,44,42,44,40,45,50,46,0,47,196,48,5324,49,0,50,43,51,0,52,0,53,0,54,0,42,3,41,5,40,0,39,0,38,0,37,0,36,0,35,0,34,23,33,20,32,50,5653,101
1773709985,44,42,44,40,45,50,46,0,47,196,48,5324,49,0,50,43,51,0,52,0,53,0,54,0,42,3,41,5,40,0,39,0,38,0,37,0,36,0,35,0,34,0,33,20,32,50,5653,78
1773709986,44,42,44,40,45,50,46,0,47,196,48,5324,49,0,50,43,51,0,52,0,53,0,54,0,42,3,41,5,40,0,39,0,38,0,37,0,36,0,35,0,34,0,33,20,32,50,5653,78
1773709987,44,42,44,40,45,50,46,0,47,196,48,5324,49,0,50,43,51,0,52,0,53,0,54,0,42,3,41,5,40,0,39,0,38,0,37,0,36,0,35,0,34,23,33,20,32,50,5653,101
1773709988,44,42,44,40,45,50,46,0,47,196,48,5324,49,0,50,43,51,0,52,0,53,0,54,0,42,3,41,5,40,0,39,0,38,0,37,0,36,0,35,0,34,23,33,20,32,50,5653,101
1773709989,44,42,44,40,45,50,46,0,47,196,48,5324,49,0,50,43,51,0,52,0,53,0,54,0,42,3,41,5,40,0,39,0,38,0,37,0,36,0,35,0,34,0,33,20,32,50,5653,78
1773709990,44,42,44,40,45,50,46,0,47,196,48,5324,49,0,50,43,51,0,52,0,53,0,54,0,42,3,41,5,40,0,39,0,38,0,37,0,36,0,35,0,34,22,33,20,32,50,5653,100
1773709991,44,42,44,40,45,50,46,0,47,196,48,5324,49,0,50,43,51,0,52,0,53,0,54,0,42,3,41,5,40,0,39,0,38,0,37,0,36,0,35,0,34,22,33,20,32,50,5653,100
1773709992,44,42,44,40,45,50,46,0,47,196,48,5324,49,0,50,43,51,0,52,0,53,0,54,0,42,3,41,5,40,0,39,0,38,0,37,0,36,0,35,0,34,0,33,20,32,50,5653,78
1773709993,44,42,44,40,45,50,46,0,47,196,48,5324,49,0,50,43,51,0,52,0,53,0,54,0,42,3,41,5,40,0,39,0,38,0,37,0,36,0,35,0,34,0,33,20,32,50,5653,78
1773709994,44,42,44,40,45,50,46,0,47,196,48,5324,49,0,50,43,51,0,52,0,53,0,54,0,42,3,41,5,40,0,39,0,38,0,37,0,36,0,35,15,34,0,33,20,32,50,5653,93
1773709995,44,42,44,40,45,50,46,0,47,196,48,5324,49,0,50,43,51,0,52,0,53,0,54,0,42,3,41,5,40,0,39,0,38,0,37,0,36,0,35,15,34,0,33,20,32,50,5653,93
1773709996,44,42,44,40,45,50,46,0,47,196,48,5324,49,0,50,43,51,0,52,0,53,0,54,0,42,3,41,5,40,0,39,0,38,0,37,0,36,0,35,15,34,0,33,20,32,50,5653,93
1773709997,44,42,44,73,45,50,46,0,47,196,48,5324,49,0,50,43,51,0,52,0,53,0,54,0,42,3,41,5,40,0,39,0,38,0,37,0,36,0,35,15,34,0,33,20,32,50,5686,93
1773709998,44,42,44,73,45,50,46,0,47,196,48,5324,49,0,50,43,51,0,52,0,53,0,54,0,42,3,41,5,40,0,39,0,38,0,37,0,36,0,35,15,34,0,33,20,32,50,5686,93
1773709999,44,42,44,73,45,50,46,0,47,196,48,5324,49,0,50,43,51,0,52,0,53,0,54,0,42,3,41,5,40,0,39,0,38,0,37,0,36,0,35,15,34,22,33,20,32,50,5686,115
1773710000,44,42,44,73,45,50,46,0,47,196,48,5324,49,0,50,43,51,0,52,0,53,0,54,0,42,3,41,5,40,0,39,0,38,0,37,0,36,0,35,15,34,22,33,20,32,50,5686,115
1773710001,44,42,44,52,45,50,46,0,47,196,48,5324,49,0,50,36,51,0,52,11,53,0,54,0,42,3,41,5,40,0,39,0,38,0,37,0,36,0,35,15,34,0,33,20,32,50,5669,93
1773710002,44,42,44,19,45,50,46,0,47,196,48,5324,49,0,50,36,51,0,52,11,53,0,54,0,42,3,41,5,40,0,39,0,38,0,37,0,36,0,35,15,34,0,33,20,32,50,5636,93
1773710003,44,42,44,19,45,50,46,0,47,196,48,5324,49,0,50,36,51,0,52,11,53,0,54,0,42,3,41,5,40,0,39,0,38,0,37,0,36,0,35,15,34,0,33,20,32,52,5636,95
1773710004,44,42,44,19,45,50,46,0,47,196,48,5324,49,0,50,36,51,0,52,11,53,0,54,0,42,3,41,5,40,0,39,0,38,0,37,0,36,0,35,15,34,0,33,20,32,52,5636,95
1773710005,44,42,44,19,45,50,46,0,47,196,48,5324,49,0,50,36,51,0,52,11,53,0,54,0,42,3,41,5,40,0,39,0,38,0,37,0,36,0,35,15,34,0,33,20,32,52,5636,95
1773710006,44,42,44,19,45,50,46,0,47,196,48,5324,49,0,50,36,51,0,52,11,53,0,54,0,42,3,41,5,40,0,39,0,38,0,37,0,36,0,35,15,34,0,33,20,32,52,5636,95
1773710007,44,42,44,19,45,50,46,0,47,196,48,5324,49,0,50,36,51,0,52,11,53,0,54,0,42,3,41,5,40,0,39,0,38,0,37,0,36,0,35,15,34,0,33,20,32,52,5636,95
1773710008,44,42,44,19,45,50,46,0,47,196,48,5324,49,0,50,36,51,0,52,11,53,0,54,0,42,3,41,5,40,0,39,0,38,0,37,0,36,0,35,15,34,24,33,20,32,52,5636,119
1773710009,44,41,44,19,45,50,46,0,47,196,48,5324,49,0,50,36,51,0,52,11,53,0,54,0,41,5,40,0,39,0,38,0,37,0,36,0,35,15,34,24,33,20,32,50,31,428,5636,542
1773710010,44,41,44,19,45,50,46,0,47,196,48,5324,49,0,50,36,51,0,52,11,53,0,54,0,41,5,40,0,39,0,38,0,37,0,36,0,35,15,34,0,33,20,32,50,31,428,5636,518
1773710011,44,41,44,19,45,50,46,0,47,196,48,5324,49,0,50,36,51,0,52,11,53,0,54,0,41,5,40,0,39,0,38,0,37,0,36,0,35,15,34,0,33,20,32,50,31,428,5636,518
1773710012,44,41,44,19,45,50,46,0,47,196,48,5324,49,0,50,36,51,0,52,11,53,0,54,0,41,5,40,0,39,0,38,0,37,0,36,0,35,15,34,0,33,20,32,50,31,428,5636,518
1773710013,46,44,46,569,47,196,48,5324,49,0,50,36,51,0,52,11,53,0,54,0,55,0,56,500,44,1097,43,0,42,0,41,5,40,0,39,0,38,0,37,0,36,0,35,15,34,0,6636,1117
1773710014,45,44,45,2,46,569,47,196,48,5324,49,0,50,36,51,0,52,11,53,0,54,0,55,0,44,1097,43,0,42,0,41,5,40,0,39,0,38,0,37,0,36,0,35,15,34,175,6138,1292
1773710015,45,44,45,2,46,569,47,196,48,5324,49,0,50,36,51,0,52,11,53,0,54,0,55,0,44,1097,43,0,42,0,41,5,40,0,39,0,38,0,37,0,36,0,35,65,34,175,6138,1342
1773710016,45,44,45,1,46,569,47,196,48,5324,49,0,50,36,51,0,52,11,53,0,54,0,55,0,44,1097,43,0,42,0,41,5,40,0,39,0,38,0,37,0,36,0,35,65,34,175,6137,1342
1773710017,45,44,45,1,46,569,47,196,48,5324,49,0,50,36,51,0,52,11,53,0,54,0,55,0,44,1100,43,0,42,0,41,5,40,0,39,0,38,0,37,0,36,0,35,65,34,175,6137,1345
1773710018,45,44,45,1,46,569,47,196,48,5324,49,0,50,36,51,0,52,11,53,0,54,0,55,0,44,1100,43,0,42,0,41,5,40,0,39,0,38,0,37,0,36,0,35,65,34,175,6137,1345
1773710019,45,44,45,1,46,569,47,196,48,5324,49,0,50,36,51,0,52,11,53,0,54,0,55,0,44,1100,43,0,42,0,41,5,40,0,39,0,38,0,37,0,36,0,35,65,34,175,6137,1345
1773710020,45,44,45,1,46,569,47,196,48,5324,49,0,50,36,51,0,52,11,53,0,54,0,55,0,44,1100,43,0,42,0,41,5,40,0,39,0,38,0,37,0,36,21,35,65,34,175,6137,1366
1773710021,45,44,45,1,46,569,47,196,48,5324,49,0,50,36,51,0,52,11,53,0,54,0,55,0,44,1100,43,0,42,0,41,5,40,0,39,0,38,0,37,0,36,0,35,65,34,175,6137,1345
1773710022,45,44,45,1,46,569,47,196,48,5324,49,0,50,36,51,0,52,11,53,0,54,0,55,0,44,1100,43,0,42,0,41,5,40,0,39,0,38,0,37,0,36,0,35,65,34,175,6137,1345
1773710023,45,42,45,278,46,569,47,0,48,5324,49,0,50,36,51,0,52,11,53,0,54,0,55,0,42,3,41,5,40,0,39,0,38,0,37,0,36,37,35,65,34,200,33,207,32,407,6218,924
1773710024,45,42,45,75,46,569,47,0,48,5324,49,23,50,36,51,0,52,11,53,0,54,0,55,0,42,3,41,5,40,0,39,0,38,0,37,0,36,37,35,87,34,200,33,207,32,407,6038,946
1773710025,45,42,45,75,46,569,47,0,48,5324,49,23,50,36,51,0,52,11,53,0,54,0,55,0,42,3,41,5,40,0,39,0,38,0,37,0,36,37,35,87,34,200,33,207,32,407,6038,946
1773710026,45,42,45,75,46,569,47,0,48,5324,49,23,50,36,51,0,52,0,53,0,54,0,55,0,42,3,41,5,40,0,39,0,38,0,37,15,36,37,35,0,34,0,33,163,32,407,6027,630
1773710027,45,42,45,74,46,569,47,0,48,5000,49,203,50,359,51,0,52,0,53,28,54,0,55,0,42,3,41,5,40,0,39,0,38,0,37,15,36,37,35,0,34,0,33,163,32,409,6233,632
1773710028,45,42,45,74,46,569,47,203,48,5000,49,0,50,359,51,0,52,0,53,28,54,0,55,0,42,3,41,5,40,0,39,0,38,0,37,15,36,37,35,0,34,22,33,363,32,409,6233,854
1773710029,45,42,45,277,46,569,47,0,48,5000,49,0,50,359,51,0,52,0,53,0,54,46,55,0,42,3,41,5,40,0,39,0,38,0,37,15,36,37,35,0,34,0,33,367,32,407,6251,834
1773710030,45,42,45,74,46,569,47,0,48,5000,49,0,50,359,51,0,52,0,53,30,54,46,55,0,42,3,41,5,40,0,39,0,38,0,37,15,36,37,35,0,34,0,33,367,32,407,6078,834
1773710031,45,42,45,74,46,569,47,0,48,5000,49,0,50,359,51,0,52,0,53,30,54,46,55,0,42,3,41,5,40,0,39,0,38,0,37,15,36,37,35,0,34,222,33,167,32,407,6078,856
1773710032,45,41,45,44,46,0,47,0,48,5000,49,0,50,359,51,0,52,26,53,39,54,0,55,0,41,5,40,0,39,0,38,0,37,15,36,37,35,0,34,22,33,0,32,200,31,228,5468,507
1773710033,45,41,45,44,46,0,47,0,48,5000,49,203,50,359,51,0,52,0,53,39,54,0,55,0,41,5,40,0,39,0,38,0,37,15,36,37,35,0,34,0,33,0,32,200,31,228,5645,485
1773710034,45,41,45,44,46,0,47,203,48,5000,49,0,50,359,51,0,52,0,53,0,54,0,55,0,41,5,40,0,39,0,38,0,37,0,36,37,35,0,34,0,33,0,32,200,31,228,5606,470
1773710035,45,41,45,44,46,0,47,203,48,5000,49,0,50,359,51,0,52,0,53,0,54,56,55,0,41,5,40,0,39,0,38,0,37,0,36,37,35,0,34,0,33,21,32,200,31,228,5662,491
1773710036,45,41,45,44,46,0,47,203,48,5000,49,0,50,359,51,0,52,0,53,0,54,56,55,0,41,5,40,0,39,0,38,0,37,0,36,37,35,0,34,0,33,21,32,200,31,228,5662,491
1773710037,45,41,45,44,46,0,47,203,48,5000,49,0,50,359,51,0,52,0,53,0,54,56,55,0,41,5,40,0,39,0,38,0,37,0,36,37,35,0,34,0,33,0,32,200,31,228,5662,470
1773710038,45,41,45,44,46,0,47,203,48,5000,49,0,50,359,51,0,52,0,53,0,54,28,55,0,41,5,40,0,39,0,38,0,37,0,36,0,35,0,34,0,33,50,32,200,31,228,5634,483
1773710039,45,41,45,44,46,0,47,203,48,5000,49,0,50,359,51,0,52,0,53,0,54,42,55,0,41,5,40,0,39,0,38,0,37,0,36,0,35,18,34,36,33,0,32,200,31,228,5648,487
1773710040,45,41,45,44,46,0,47,203,48,5323,49,0,50,36,51,0,52,7,53,0,54,0,55,0,41,5,40,0,39,0,38,0,37,0,36,0,35,18,34,36,33,0,32,200,31,228,5613,487
1773710041,45,41,45,44,46,0,47,203,48,323,49,200,50,36,51,0,52,7,53,0,54,0,55,0,41,5,40,0,39,0,38,0,37,0,36,0,35,0,34,15,33,50,32,200,31,228,813,498
1773710042,44,41,44,9,45,44,46,0,47,203,48,323,49,200,50,43,51,0,52,0,53,0,54,0,41,5,40,0,39,0,38,0,37,0,36,0,35,18,34,36,33,0,32,200,31,228,822,487
1773710043,44,41,44,9,45,44,46,0,47,203,48,323,49,200,50,43,51,0,52,0,53,0,54,0,41,5,40,0,39,0,38,0,37,0,36,0,35,18,34,36,33,0,32,200,31,228,822,487
1773710044,44,41,44,9,45,44,46,0,47,203,48,323,49,200,50,43,51,0,52,0,53,0,54,0,41,5,40,0,39,0,38,0,37,0,36,0,35,30,34,15,33,50,32,200,31,228,822,528
1773710045,44,41,44,9,45,44,46,0,47,203,48,323,49,200,50,43,51,0,52,0,53,0,54,0,41,5,40,0,39,0,38,0,37,0,36,0,35,30,34,15,33,50,32,200,31,228,822,528
1773710046,44,41,44,9,45,44,46,0,47,203,48,323,49,200,50,43,51,0,52,0,53,0,54,0,41,5,40,0,39,0,38,0,37,0,36,0,35,48,34,36,33,0,32,200,31,228,822,517
1773710047,44,41,44,9,45,44,46,0,47,203,48,323,49,200,50,43,51,0,52,0,53,0,54,0,41,5,40,0,39,0,38,0,37,0,36,0,35,48,34,36,33,0,32,200,31,228,822,517
1773710048,44,41,44,9,45,49,46,0,47,203,48,323,49,200,50,43,51,0,52,0,53,0,54,0,41,5,40,0,39,0,38,0,37,0,36,0,35,48,34,15,33,0,32,200,31,228,827,496
1773710049,44,41,44,9,45,49,46,0,47,203,48,323,49,200,50,43,51,0,52,0,53,0,54,0,41,5,40,0,39,0,38,0,37,0,36,0,35,48,34,15,33,0,32,200,31,228,827,496
1773710050,44,41,44,9,45,49,46,0,47,203,48,323,49,200,50,43,51,0,52,0,53,0,54,0,41,5,40,0,39,0,38,0,37,0,36,15,35,0,34,0,33,71,32,200,31,228,827,519
1773710051,45,41,45,49,46,0,47,203,48,0,49,0,50,359,51,0,52,0,53,0,54,0,55,0,41,5,40,0,39,0,38,0,37,30,36,15,35,0,34,0,33,81,32,200,31,228,611,559
1773710052,45,41,45,49,46,0,47,0,48,0,49,182,50,359,51,0,52,0,53,0,54,200,55,53,41,5,40,0,39,0,38,0,37,0,36,15,35,0,34,0,33,60,32,200,31,228,843,508
1773710053,45,41,45,49,46,0,47,0,48,0,49,182,50,359,51,0,52,0,53,0,54,200,55,53,41,5,40,0,39,0,38,0,37,0,36,15,35,0,34,0,33,60,32,200,31,163,843,443
1773710054,45,42,45,49,46,0,47,0,48,0,49,182,50,359,51,0,52,0,53,0,54,200,55,49,42,2,41,5,40,0,39,0,38,0,37,0,36,15,35,0,34,0,33,260,32,0,839,282
1773710055,45,42,45,49,46,0,47,0,48,0,49,182,50,359,51,0,52,0,53,0,54,200,55,619,42,2,41,5,40,0,39,0,38,0,37,0,36,15,35,0,34,22,33,260,32,0,1409,304
1773710056,45,42,45,49,46,0,47,0,48,0,49,182,50,359,51,0,52,0,53,0,54,200,55,619,42,2,41,5,40,0,39,0,38,0,37,0,36,0,35,18,34,37,33,210,32,0,1409,272
1773710057,45,42,45,49,46,0,47,0,48,0,49,182,50,359,51,0,52,0,53,0,54,200,55,49,42,2,41,5,40,0,39,0,38,0,37,0,36,30,35,18,34,15,33,210,32,0,839,280
1773710058,45,42,45,49,46,0,47,0,48,0,49,182,50,359,51,0,52,0,53,0,54,200,55,49,42,2,41,5,40,0,39,0,38,0,37,0,36,30,35,18,34,15,33,210,32,0,839,280
1773710059,45,42,45,49,46,0,47,0,48,0,49,182,50,359,51,0,52,0,53,0,54,200,55,49,42,2,41,5,40,0,39,0,38,0,37,0,36,30,35,18,34,15,33,210,32,0,839,280
1773710060,45,42,45,49,46,0,47,0,48,0,49,182,50,359,51,0,52,0,53,0,54,200,55,673,42,2,41,5,40,0,39,0,38,0,37,0,36,30,35,37,34,15,33,210,32,0,1463,299
1773710061,45,42,45,39,46,0,47,0,48,0,49,182,50,359,51,0,52,0,53,0,54,200,55,683,42,2,41,5,40,0,39,0,38,0,37,0,36,30,35,37,34,15,33,210,32,0,1463,299
1773710062,45,42,45,39,46,0,47,0,48,0,49,182,50,359,51,0,52,0,53,0,54,200,55,59,42,2,41,5,40,0,39,0,38,0,37,22,36,15,35,0,34,0,33,210,32,0,839,254
1773710063,45,42,45,39,46,0,47,0,48,0,49,182,50,359,51,0,52,0,53,0,54,200,55,59,42,2,41,5,40,0,39,0,38,0,37,22,36,15,35,0,34,0,33,210,32,0,839,254
1773710064,45,42,45,39,46,0,47,0,48,0,49,182,50,359,51,0,52,0,53,0,54,200,55,693,42,2,41,5,40,0,39,0,38,0,37,0,36,15,35,0,34,69,33,210,32,0,1473,301
1773710065,45,42,45,39,46,0,47,0,48,0,49,182,50,359,51,0,52,0,53,0,54,200,55,693,42,2,41,5,40,0,39,0,38,0,37,0,36,15,35,0,34,69,33,210,32,0,1473,301
1773710066,45,42,45,39,46,0,47,0,48,0,49,182,50,359,51,0,52,0,53,0,54,200,55,59,42,2,41,5,40,0,39,0,38,0,37,0,36,15,35,0,34,50,33,210,32,0,839,282
1773710067,45,42,45,39,46,0,47,0,48,0,49,182,50,359,51,0,52,0,53,0,54,200,55,59,42,2,41,5,40,0,39,0,38,0,37,0,36,0,35,15,34,50,33,210,32,0,839,282
1773710068,45,42,45,39,46,0,47,0,48,0,49,182,50,359,51,0,52,0,53,0,54,200,55,637,42,2,41,5,40,0,39,0,38,0,37,0,36,18,35,36,34,0,33,210,32,0,1417,271
1773710069,45,42,45,39,46,0,47,0,48,0,49,182,50,359,51,0,52,0,53,0,54,200,55,637,42,2,41,5,40,0,39,0,38,0,37,0,36,18,35,36,34,0,33,210,32,0,1417,271
1773710070,45,42,45,39,46,0,47,0,48,0,49,182,50,359,51,0,52,0,53,0,54,200,55,59,42,2,41,5,40,0,39,0,38,0,37,0,36,0,35,15,34,50,33,210,32,0,839,282
1773710071,45,42,45,39,46,0,47,0,48,0,49,182,50,359,51,0,52,0,53,0,54,200,55,59,42,2,41,5,40,0,39,0,38,0,37,0,36,18,35,36,34,0,33,210,32,0,839,271
1773710072,45,42,45,39,46,0,47,0,48,0,49,182,50,359,51,0,52,0,53,0,54,200,55,59,42,2,41,5,40,0,39,0,38,0,37,0,36,18,35,36,34,0,33,210,32,0,839,271
1773710073,45,42,45,39,46,0,47,0,48,0,49,182,50,359,51,0,52,0,53,0,54,200,55,59,42,2,41,5,40,0,39,0,38,0,37,0,36,0,35,15,34,50,33,205,32,0,839,277
1773710074,45,42,45,39,46,0,47,0,48,0,49,182,50,359,51,0,52,0,53,0,54,200,55,59,42,2,41,5,40,0,39,0,38,0,37,0,36,18,35,37,34,0,33,205,32,0,839,267
1773710075,45,42,45,39,46,0,47,0,48,0,49,182,50,359,51,0,52,0,53,0,54,200,55,59,42,2,41,5,40,0,39,0,38,0,37,0,36,18,35,37,34,0,33,205,32,0,839,267
1773710076,45,42,45,39,46,0,47,0,48,0,49,182,50,359,51,0,52,0,53,0,54,200,55,59,42,2,41,5,40,0,39,0,38,0,37,0,36,0,35,15,34,50,33,205,32,0,839,277
1773710077,45,42,45,39,46,0,47,0,48,0,49,182,50,359,51,0,52,0,53,0,54,200,55,59,42,2,41,5,40,0,39,0,38,0,37,0,36,0,35,15,34,50,33,205,32,0,839,277
1773710078,45,42,45,39,46,0,47,0,48,0,49,182,50,359,51,0,52,0,53,0,54,200,55,59,42,2,41,5,40,0,39,0,38,0,37,0,36,0,35,15,34,50,33,205,32,0,839,277
1773710079,45,41,45,39,46,0,47,0,48,0,49,182,50,359,51,0,52,0,53,0,54,200,55,59,41,5,40,0,39,0,38,0,37,0,36,0,35,15,34,70,33,5,32,200,31,163,839,458
1773710080,45,41,45,39,46,0,47,0,48,0,49,182,50,359,51,0,52,0,53,0,54,200,55,59,41,5,40,0,39,0,38,0,37,0,36,0,35,15,34,70,33,5,32,200,31,163,839,458
1773710081,45,41,45,39,46,0,47,0,48,0,49,182,50,359,51,0,52,0,53,0,54,200,55,59,41,5,40,0,39,0,38,0,37,0,36,0,35,15,34,50,33,0,32,200,31,163,839,433
1773710082,45,41,45,39,46,0,47,0,48,0,49,182,50,359,51,0,52,0,53,0,54,200,55,59,41,5,40,0,39,0,38,0,37,0,36,0,35,15,34,50,33,0,32,200,31,163,839,433
1773710083,45,41,45,39,46,0,47,0,48,0,49,182,50,359,51,0,52,0,53,0,54,200,55,59,41,5,40,0,39,0,38,0,37,0,36,0,35,15,34,50,33,0,32,200,31,163,839,433
1773710084,45,41,45,39,46,0,47,0,48,0,49,182,50,359,51,0,52,0,53,0,54,200,55,59,41,5,40,0,39,0,38,0,37,0,36,0,35,15,34,71,33,0,32,200,31,163,839,454
1773710085,45,41,45,39,46,0,47,0,48,0,49,182,50,359,51,0,52,0,53,0,54,200,55,59,41,5,40,0,39,0,38,0,37,0,36,0,35,15,34,71,33,0,32,200,31,163,839,454
1773710086,45,42,45,39,46,0,47,0,48,0,49,182,50,359,51,0,52,0,53,0,54,200,55,59,42,1,41,5,40,0,39,0,38,0,37,0,36,0,35,15,34,50,33,0,32,200,839,271
1773710087,45,42,45,39,46,0,47,0,48,0,49,182,50,359,51,0,52,0,53,0,54,200,55,59,42,1,41,5,40,0,39,0,38,0,37,0,36,0,35,15,34,50,33,0,32,200,839,271
1773710088,45,42,45,39,46,0,47,0,48,0,49,182,50,359,51,0,52,0,53,0,54,200,55,59,42,1,41,5,40,0,39,0,38,0,37,0,36,0,35,34,34,50,33,0,32,200,839,290
1773710089,45,42,45,39,46,0,47,0,48,0,49,182,50,359,51,0,52,0,53,0,54,200,55,59,42,1,41,5,40,0,39,0,38,0,37,0,36,0,35,34,34,50,33,0,32,200,839,290
1773710090,45,42,45,39,46,0,47,0,48,0,49,182,50,359,51,0,52,0,53,0,54,200,55,59,42,1,41,5,40,0,39,0,38,0,37,0,36,0,35,15,34,50,33,0,32,200,839,271
1773710091,45,42,45,39,46,0,47,0,48,0,49,182,50,359,51,0,52,0,53,0,54,200,55,59,42,1,41,5,40,0,39,0,38,0,37,0,36,18,35,36,34,0,33,0,32,200,839,260
1773710092,45,42,45,39,46,0,47,0,48,0,49,182,50,359,51,0,52,0,53,0,54,200,55,59,42,1,41,5,40,0,39,0,38,0,37,0,36,18,35,36,34,0,33,0,32,200,839,260
1773710093,45,42,45,39,46,0,47,0,48,0,49,182,50,359,51,0,52,0,53,0,54,200,55,59,42,1,41,5,40,0,39,0,38,0,37,0,36,0,35,15,34,0,33,50,32,200,839,271
1773710094,45,42,45,39,46,0,47,0,48,0,49,182,50,359,51,0,52,0,53,0,54,200,55,59,42,1,41,5,40,0,39,0,38,0,37,0,36,0,35,15,34,19,33,250,32,0,839,290
1773710095,45,42,45,39,46,0,47,0,48,0,49,182,50,359,51,0,52,0,53,0,54,200,55,59,42,1,41,5,40,0,39,0,38,0,37,0,36,0,35,15,34,19,33,250,32,0,839,290
1773710096,45,42,45,39,46,0,47,0,48,0,49,182,50,359,51,0,52,0,53,0,54,200,55,59,42,1,41,5,40,0,39,0,38,0,37,0,36,0,35,15,34,0,33,50,32,200,839,271
1773710097,45,42,45,39,46,0,47,0,48,0,49,182,50,359,51,0,52,0,53,0,54,200,55,59,42,1,41,5,40,0,39,0,38,0,37,0,36,0,35,15,34,0,33,50,32,200,839,271
1773710098,45,42,45,39,46,0,47,0,48,0,49,182,50,359,51,0,52,0,53,0,54,200,55,59,42,1,41,5,40,0,39,0,38,0,37,0,36,0,35,15,34,0,33,50,32,200,839,271
1773710099,45,42,45,39,46,0,47,0,48,0,49,182,50,359,51,0,52,0,53,0,54,200,55,59,42,1,41,5,40,0,39,0,38,0,37,0,36,0,35,15,34,21,33,50,32,200,839,292
1773710100,45,42,45,39,46,0,47,0,48,0,49,182,50,359,51,0,52,0,53,0,54,200,55,59,42,1,41,5,40,0,39,0,38,0,37,0,36,0,35,15,34,21,33,50,32,200,839,292
1773710101,45,42,45,39,46,0,47,0,48,0,49,182,50,359,51,0,52,0,53,0,54,200,55,59,42,1,41,5,40,0,39,0,38,0,37,0,36,0,35,15,34,0,33,50,32,200,839,271
1773710102,45,42,45,39,46,0,47,0,48,0,49,182,50,359,51,0,52,0,53,0,54,200,55,59,42,1,41,5,40,0,39,0,38,0,37,0,36,0,35,15,34,0,33,50,32,200,839,271
1773710103,45,42,45,39,46,0,47,0,48,0,49,182,50,359,51,0,52,0,53,0,54,200,55,59,42,1,41,5,40,0,39,0,38,0,37,0,36,0,35,15,34,19,33,50,32,200,839,290
1773710104,45,42,45,39,46,0,47,0,48,0,49,182,50,359,51,0,52,0,53,0,54,200,55,59,42,1,41,5,40,0,39,0,38,0,37,0,36,0,35,15,34,19,33,50,32,200,839,290
1773710105,45,42,45,39,46,0,47,0,48,0,49,182,50,359,51,0,52,0,53,0,54,200,55,59,42,1,41,5,40,0,39,0,38,0,37,0,36,0,35,15,34,0,33,50,32,200,839,271
1773710106,45,42,45,39,46,0,47,0,48,0,49,182,50,359,51,0,52,0,53,0,54,200,55,59,42,1,41,5,40,0,39,0,38,0,37,0,36,0,35,15,34,0,33,50,32,200,839,271
1773710107,45,42,45,39,46,0,47,0,48,0,49,182,50,359,51,0,52,0,53,0,54,200,55,59,42,1,41,5,40,0,39,0,38,0,37,0,36,0,35,15,34,0,33,50,32,200,839,271
1773710108,45,42,45,39,46,0,47,0,48,0,49,182,50,359,51,0,52,0,53,0,54,200,55,59,42,1,41,5,40,0,39,0,38,0,37,0,36,0,35,15,34,20,33,50,32,200,839,291
1773710109,45,42,45,39,46,0,47,0,48,0,49,182,50,359,51,0,52,0,53,0,54,200,55,59,42,1,41,5,40,0,39,0,38,0,37,0,36,0,35,15,34,20,33,50,32,200,839,291
1773710110,45,42,45,39,46,0,47,0,48,0,49,182,50,359,51,0,52,0,53,0,54,200,55,59,42,1,41,5,40,0,39,0,38,0,37,0,36,0,35,15,34,0,33,50,32,200,839,271
1773710111,45,42,45,39,46,0,47,0,48,0,49,182,50,359,51,0,52,0,53,0,54,200,55,59,42,1,41,5,40,0,39,0,38,0,37,0,36,0,35,15,34,21,33,50,32,200,839,292
1773710112,45,42,45,39,46,0,47,0,48,0,49,182,50,359,51,0,52,0,53,0,54,200,55,59,42,1,41,5,40,0,39,0,38,0,37,0,36,0,35,15,34,21,33,50,32,200,839,292
1773710113,45,42,45,39,46,0,47,0,48,0,49,182,50,359,51,0,52,0,53,0,54,200,55,59,42,1,41,5,40,0,39,0,38,0,37,0,36,0,35,15,34,0,33,50,32,200,839,271
1773710114,45,41,45,39,46,0,47,0,48,0,49,182,50,359,51,0,52,0,53,0,54,200,55,59,41,1,40,0,39,0,38,0,37,0,36,0,35,15,34,0,33,50,32,0,31,363,839,429
1773710115,45,41,45,39,46,0,47,0,48,10,49,182,50,359,51,0,52,0,53,0,54,200,55,59,41,1,40,0,39,0,38,0,37,0,36,30,35,15,34,0,33,50,32,0,31,363,849,459
1773710116,45,41,45,39,46,0,47,0,48,10,49,182,50,359,51,0,52,0,53,0,54,200,55,59,41,1,40,0,39,0,38,0,37,0,36,30,35,15,34,0,33,50,32,0,31,363,849,459
1773710117,45,41,45,39,46,0,47,0,48,10,49,182,50,359,51,0,52,0,53,0,54,200,55,59,41,1,40,0,39,0,38,0,37,0,36,30,35,15,34,0,33,50,32,200,31,163,849,459
1773710118,45,41,45,34,46,0,47,0,48,10,49,182,50,359,51,0,52,0,53,0,54,200,55,56,41,1,40,0,39,0,38,0,37,0,36,30,35,15,34,0,33,250,32,0,31,163,841,459
1773710119,45,41,45,34,46,0,47,0,48,10,49,182,50,359,51,0,52,0,53,0,54,200,55,56,41,1,40,0,39,0,38,0,37,0,36,30,35,15,34,0,33,250,32,0,31,163,841,459
1773710120,45,41,45,34,46,0,47,0,48,10,49,182,50,359,51,0,52,0,53,0,54,200,55,56,41,1,40,0,39,0,38,0,37,0,36,30,35,15,34,0,33,250,32,0,31,163,841,459
1773710121,45,41,45,34,46,0,47,0,48,10,49,182,50,359,51,0,52,0,53,0,54,200,55,56,41,1,40,0,39,0,38,0,37,0,36,30,35,15,34,0,33,250,32,0,31,163,841,459
1773710122,45,41,45,34,46,0,47,0,48,10,49,182,50,359,51,0,52,0,53,0,54,0,55,200,41,1,40,0,39,0,38,0,37,0,36,0,35,15,34,0,33,250,32,0,31,163,785,429
1773710123,45,41,45,34,46,0,47,0,48,10,49,182,50,359,51,0,52,0,53,0,54,0,55,200,41,1,40,0,39,0,38,0,37,0,36,0,35,15,34,0,33,250,32,0,31,163,785,429
1773710124,45,41,45,34,46,0,47,0,48,10,49,182,50,359,51,0,52,0,53,0,54,0,55,200,41,1,40,0,39,0,38,0,37,0,36,0,35,15,34,0,33,250,32,0,31,163,785,429
1773710125,45,41,45,34,46,0,47,0,48,10,49,182,50,359,51,0,52,0,53,0,54,0,55,200,41,1,40,0,39,0,38,0,37,0,36,0,35,15,34,0,33,250,32,0,31,163,785,429
1773710126,45,41,45,34,46,0,47,0,48,10,49,182,50,359,51,0,52,0,53,0,54,0,55,200,41,1,40,0,39,0,38,0,37,0,36,0,35,15,34,0,33,250,32,0,31,163,785,429
1773710127,45,41,45,34,46,0,47,0,48,10,49,182,50,359,51,0,52,0,53,0,54,0,55,200,41,1,40,0,39,0,38,0,37,0,36,0,35,15,34,0,33,250,32,0,31,163,785,429
1773710128,45,41,45,34,46,0,47,0,48,10,49,182,50,359,51,0,52,0,53,0,54,0,55,200,41,1,40,0,39,0,38,0,37,0,36,0,35,15,34,0,33,250,32,0,31,163,785,429
1773710129,45,41,45,34,46,0,47,0,48,10,49,182,50,359,51,0,52,0,53,0,54,0,55,200,41,1,40,0,39,0,38,0,37,0,36,0,35,15,34,0,33,250,32,0,31,163,785,429
1773710130,45,41,45,34,46,0,47,0,48,10,49,182,50,359,51,0,52,0,53,0,54,0,55,200,41,1,40,0,39,0,38,0,37,0,36,0,35,15,34,1,33,250,32,0,31,163,785,430
1773710131,45,41,45,34,46,0,47,0,48,10,49,182,50,359,51,0,52,0,53,0,54,0,55,200,41,1,40,0,39,0,38,0,37,0,36,0,35,15,34,1,33,250,32,0,31,163,785,430
1773710132,45,41,45,34,46,0,47,0,48,10,49,182,50,359,51,0,52,0,53,0,54,0,55,200,41,1,40,0,39,0,38,0,37,0,36,0,35,15,34,1,33,250,32,0,31,163,785,430
1773710133,45,41,45,34,46,0,47,0,48,10,49,182,50,359,51,0,52,0,53,0,54,0,55,200,41,1,40,0,39,0,38,0,37,0,36,0,35,15,34,1,33,250,32,0,31,163,785,430
1773710134,45,41,45,34,46,0,47,0,48,10,49,182,50,359,51,0,52,0,53,0,54,0,55,200,41,1,40,0,39,0,38,0,37,0,36,0,35,15,34,1,33,250,32,0,31,163,785,430
1773710135,45,41,45,34,46,0,47,0,48,10,49,182,50,359,51,0,52,0,53,0,54,0,55,200,41,1,40,0,39,0,38,0,37,0,36,0,35,15,34,1,33,250,32,0,31,163,785,430
1773710136,45,41,45,34,46,0,47,0,48,10,49,182,50,359,51,0,52,0,53,0,54,0,55,200,41,1,40,0,39,0,38,0,37,0,36,0,35,15,34,1,33,250,32,0,31,163,785,430
1773710137,45,41,45,34,46,0,47,0,48,10,49,182,50,359,51,0,52,0,53,0,54,0,55,200,41,1,40,0,39,0,38,0,37,0,36,0,35,15,34,1,33,250,32,0,31,163,785,430
1773710138,45,41,45,30,46,0,47,0,48,10,49,182,50,359,51,0,52,0,53,0,54,0,55,200,41,1,40,0,39,0,38,0,37,0,36,0,35,15,34,1,33,250,32,0,31,163,781,430
1773710139,45,41,45,30,46,0,47,0,48,10,49,182,50,359,51,0,52,0,53,0,54,0,55,200,41,1,40,0,39,0,38,0,37,0,36,0,35,40,34,50,33,200,32,0,31,163,781,454
1773710140,45,41,45,30,46,0,47,0,48,10,49,182,50,359,51,0,52,0,53,0,54,0,55,200,41,1,40,0,39,0,38,0,37,0,36,0,35,40,34,0,33,250,32,0,31,163,781,454
1773710141,45,41,45,30,46,0,47,0,48,10,49,182,50,359,51,0,52,0,53,0,54,0,55,200,41,1,40,0,39,0,38,0,37,0,36,0,35,40,34,0,33,50,32,200,31,163,781,454
1773710142,45,41,45,30,46,0,47,0,48,10,49,182,50,359,51,0,52,0,53,0,54,0,55,200,41,1,40,0,39,0,38,0,37,0,36,0,35,40,34,0,33,50,32,200,31,163,781,454
1773710143,45,41,45,30,46,0,47,0,48,10,49,182,50,359,51,0,52,0,53,0,54,0,55,200,41,1,40,0,39,0,38,0,37,0,36,0,35,40,34,50,33,200,32,0,31,163,781,454
1773710144,45,41,45,30,46,0,47,0,48,10,49,182,50,359,51,0,52,0,53,0,54,0,55,200,41,1,40,0,39,0,38,0,37,0,36,0,35,40,34,50,33,200,32,0,31,163,781,454
1773710145,45,41,45,20,46,0,47,10,48,50,49,182,50,359,51,0,52,0,53,0,54,0,55,200,41,1,40,0,39,0,38,0,37,0,36,20,35,15,34,50,33,0,32,200,31,163,821,449
1773710146,45,41,45,20,46,0,47,25,48,10,49,182,50,359,51,0,52,0,53,0,54,200,55,45,41,1,40,0,39,0,38,0,37,0,36,0,35,0,34,275,33,0,32,15,31,163,841,454
1773710147,45,41,45,20,46,0,47,25,48,10,49,182,50,359,51,0,52,0,53,0,54,200,55,591,41,1,40,0,39,0,38,0,37,0,36,0,35,50,34,225,33,0,32,15,31,163,1387,454
1773710148,45,41,45,25,46,0,47,0,48,60,49,182,50,359,51,0,52,0,53,0,54,0,55,591,41,1,40,0,39,0,38,0,37,0,36,25,35,55,34,200,33,0,32,15,31,207,1217,503
1773710149,45,41,45,25,46,0,47,10,48,50,49,182,50,359,51,0,52,0,53,0,54,0,55,45,41,1,40,0,39,0,38,0,37,0,36,25,35,55,34,200,33,0,32,15,31,207,671,503
1773710150,45,41,45,25,46,0,47,10,48,50,49,182,50,359,51,0,52,0,53,0,54,0,55,45,41,1,40,0,39,0,38,0,37,0,36,25,35,55,34,200,33,0,32,15,31,207,671,503
1773710151,45,41,45,25,46,0,47,10,48,50,49,182,50,359,51,0,52,0,53,0,54,0,55,45,41,1,40,0,39,0,38,0,37,0,36,25,35,55,34,200,33,0,32,15,31,207,671,503
1773710152,45,41,45,25,46,0,47,10,48,50,49,182,50,359,51,0,52,0,53,0,54,0,55,45,41,1,40,0,39,0,38,0,37,0,36,25,35,55,34,200,33,0,32,15,31,207,671,503
1773710153,45,41,45,20,46,0,47,10,48,0,49,182,50,359,51,0,52,0,53,0,54,200,55,45,41,1,40,0,39,0,38,0,37,0,36,5,35,50,34,250,33,0,32,15,31,207,816,528
1773710154,45,41,45,20,46,0,47,10,48,200,49,182,50,859,51,0,52,0,53,0,54,0,55,45,41,1,40,50,39,1024,38,0,37,0,36,5,35,15,34,200,33,0,32,0,31,245,1316,1540
1773710155,45,41,45,20,46,0,47,10,48,200,49,182,50,859,51,0,52,0,53,0,54,293,55,0,41,1,40,50,39,1024,38,0,37,0,36,5,35,15,34,200,33,0,32,0,31,245,1564,1540
1773710156,45,41,45,20,46,0,47,10,48,200,49,182,50,859,51,0,52,0,53,0,54,293,55,0,41,1,40,50,39,1024,38,0,37,0,36,5,35,15,34,200,33,0,32,0,31,245,1564,1540
1773710157,46,41,46,20,47,10,48,200,49,182,50,859,51,0,52,0,53,0,54,293,55,0,56,500,41,1,40,50,39,1024,38,0,37,0,36,5,35,15,34,200,33,0,32,0,31,245,2064,1540
1773710158,46,41,46,20,47,10,48,200,49,182,50,359,51,0,52,0,53,500,54,293,55,0,56,500,41,1,40,50,39,1024,38,0,37,0,36,0,35,15,34,200,33,0,32,0,31,245,2064,1535
1773710159,46,41,46,20,47,10,48,200,49,182,50,859,51,0,52,0,53,0,54,293,55,0,56,500,41,1,40,55,39,1024,38,0,37,0,36,0,35,15,34,200,33,0,32,0,31,273,2064,1568
1773710160,46,41,46,20,47,10,48,200,49,182,50,859,51,0,52,45,53,0,54,0,55,0,56,500,41,1,40,70,39,1024,38,0,37,0,36,0,35,0,34,200,33,0,32,0,31,273,1816,1568
1773710161,46,40,46,20,47,10,48,200,49,182,50,859,51,0,52,17,53,0,54,0,55,521,56,500,40,70,39,1024,38,0,37,0,36,0,35,0,34,0,33,0,32,0,31,163,30,83,2309,1340
1773710162,46,40,46,20,47,10,48,200,49,182,50,859,51,0,52,17,53,0,54,0,55,521,56,500,40,70,39,1024,38,0,37,0,36,0,35,0,34,0,33,0,32,0,31,163,30,83,2309,1340
1773710163,46,40,46,20,47,10,48,200,49,182,50,859,51,0,52,17,53,0,54,0,55,1117,56,500,40,70,39,1024,38,0,37,0,36,0,35,0,34,0,33,0,32,20,31,163,30,83,2905,1360
1773710164,46,40,46,20,47,0,48,10,49,182,50,1059,51,0,52,45,53,0,54,320,55,1117,56,0,40,20,39,0,38,0,37,0,36,50,35,0,34,250,33,0,32,20,31,718,30,0,2753,1058
1773710165,46,40,46,20,47,10,48,50,49,182,50,1059,51,0,52,17,53,0,54,320,55,521,56,0,40,20,39,0,38,0,37,25,36,0,35,50,34,0,33,0,32,200,31,690,30,0,2179,985
1773710166,46,36,46,20,47,10,48,0,49,0,50,357,51,0,52,200,53,10,54,320,55,521,56,0,36,129,35,0,34,250,33,0,32,15,31,555,30,19,29,605,28,36,27,0,26,0,1438,1609
1773710167,46,36,46,20,47,10,48,0,49,50,50,357,51,200,52,0,53,10,54,320,55,521,56,0,36,129,35,0,34,250,33,0,32,15,31,555,30,19,29,605,28,36,27,0,26,0,1488,1609
1773710168,46,37,46,20,47,0,48,44,49,0,50,557,51,0,52,0,53,163,54,320,55,521,56,0,37,5,36,0,35,0,34,100,33,200,32,15,31,20,30,500,29,605,28,36,27,0,1625,1481
1773710169,46,37,46,30,47,0,48,0,49,10,50,557,51,0,52,0,53,184,54,320,55,521,56,0,37,5,36,0,35,0,34,100,33,200,32,15,31,20,30,500,29,605,28,36,27,0,1622,1481
1773710170,46,37,46,30,47,0,48,0,49,10,50,557,51,0,52,22,53,184,54,320,55,521,56,0,37,5,36,0,35,0,34,100,33,200,32,15,31,540,30,0,29,605,28,36,27,0,1644,1501
1773710171,46,42,46,20,47,0,48,0,49,60,50,357,51,200,52,22,53,163,54,320,55,521,56,0,42,25,41,0,40,0,39,0,38,0,37,0,36,0,35,0,34,250,33,0,32,186,1663,461
1773710172,46,42,46,14,47,0,48,0,49,246,50,357,51,0,52,200,53,11,54,320,55,521,56,0,42,25,41,0,40,0,39,0,38,0,37,0,36,0,35,50,34,0,33,200,32,186,1669,461
1773710173,47,46,47,1,48,0,49,201,50,357,51,0,52,200,53,11,54,320,55,521,56,0,57,25,46,86,45,0,44,0,43,0,42,25,41,0,40,0,39,0,38,200,37,50,36,0,1636,361
1773710174,47,46,47,1,48,0,49,201,50,357,51,0,52,200,53,11,54,320,55,521,56,0,57,25,46,86,45,0,44,0,43,0,42,25,41,0,40,0,39,0,38,200,37,50,36,0,1636,361
1773710175,47,46,47,1,48,0,49,201,50,357,51,0,52,200,53,11,54,320,55,521,56,0,57,25,46,86,45,0,44,0,43,0,42,25,41,0,40,0,39,0,38,0,37,0,36,50,1636,161
1773710176,47,46,47,1,48,0,49,201,50,357,51,0,52,200,53,11,54,320,55,521,56,0,57,25,46,86,45,0,44,0,43,0,42,25,41,0,40,250,39,0,38,23,37,0,36,500,1636,884
1773710177,47,46,47,1,48,10,49,191,50,357,51,0,52,200,53,11,54,320,55,521,56,0,57,25,46,86,45,0,44,0,43,0,42,25,41,0,40,50,39,200,38,23,37,0,36,500,1636,884
1773710178,47,46,47,1,48,10,49,191,50,357,51,0,52,200,53,11,54,320,55,521,56,0,57,25,46,86,45,0,44,0,43,0,42,25,41,0,40,200,39,50,38,0,37,20,36,500,1636,881
1773710179,47,46,47,1,48,10,49,191,50,357,51,0,52,200,53,11,54,320,55,521,56,0,57,25,46,86,45,0,44,0,43,0,42,25,41,0,40,0,39,250,38,0,37,20,36,0,1636,381
1773710180,47,46,47,1,48,10,49,191,50,357,51,0,52,200,53,11,54,320,55,521,56,0,57,25,46,86,45,0,44,0,43,0,42,25,41,0,40,200,39,50,38,0,37,0,36,0,1636,361
1773710181,47,46,47,1,48,10,49,191,50,357,51,0,52,200,53,11,54,320,55,521,56,0,57,25,46,86,45,0,44,0,43,0,42,25,41,0,40,200,39,50,38,0,37,0,36,0,1636,361
1773710182,47,46,47,1,48,10,49,191,50,357,51,0,52,200,53,11,54,320,55,521,56,0,57,25,46,86,45,0,44,0,43,0,42,25,41,0,40,50,39,222,38,0,37,0,36,0,1636,383
1773710183,47,46,47,1,48,10,49,191,50,357,51,0,52,200,53,11,54,320,55,521,56,0,57,25,46,86,45,0,44,0,43,0,42,25,41,0,40,50,39,222,38,0,37,0,36,0,1636,383
1773710184,47,46,47,1,48,10,49,191,50,357,51,0,52,200,53,11,54,320,55,0,56,0,57,25,46,86,45,0,44,0,43,0,42,25,41,0,40,0,39,200,38,50,37,0,36,0,1115,361
1773710185,47,46,47,1,48,10,49,191,50,357,51,0,52,200,53,11,54,320,55,0,56,0,57,25,46,86,45,0,44,0,43,0,42,25,41,0,40,0,39,0,38,200,37,50,36,0,1115,361
1773710186,47,46,47,1,48,10,49,191,50,357,51,0,52,200,53,11,54,320,55,0,56,0,57,25,46,86,45,0,44,0,43,0,42,25,41,0,40,200,39,0,38,22,37,50,36,0,1115,383
1773710187,47,46,47,1,48,10,49,191,50,357,51,0,52,200,53,11,54,0,55,0,56,0,57,525,46,86,45,0,44,0,43,0,42,25,41,0,40,50,39,200,38,22,37,0,36,0,1295,383
1773710188,47,46,47,1,48,10,49,191,50,357,51,0,52,200,53,11,54,0,55,0,56,0,57,525,46,86,45,0,44,0,43,0,42,25,41,0,40,50,39,200,38,0,37,0,36,0,1295,361
1773710189,47,46,47,1,48,10,49,191,50,357,51,0,52,200,53,11,54,0,55,0,56,0,57,525,46,86,45,0,44,0,43,0,42,25,41,0,40,250,39,0,38,0,37,0,36,541,1295,902
1773710190,47,46,47,1,48,10,49,191,50,357,51,0,52,200,53,11,54,0,55,0,56,0,57,525,46,86,45,0,44,0,43,0,42,25,41,0,40,200,39,23,38,50,37,0,36,541,1295,925
1773710191,47,46,47,1,48,10,49,191,50,357,51,0,52,200,53,11,54,0,55,0,56,0,57,525,46,86,45,0,44,0,43,0,42,25,41,0,40,50,39,223,38,0,37,0,36,541,1295,925
1773710192,47,46,47,1,48,10,49,191,50,357,51,0,52,200,53,11,54,0,55,0,56,0,57,525,46,86,45,0,44,0,43,0,42,25,41,0,40,50,39,200,38,0,37,0,36,541,1295,902
1773710193,47,46,47,1,48,10,49,191,50,357,51,0,52,200,53,11,54,0,55,0,56,500,57,25,46,86,45,0,44,0,43,0,42,25,41,0,40,50,39,200,38,0,37,0,36,541,1295,902
1773710194,47,46,47,1,48,10,49,191,50,357,51,0,52,200,53,11,54,0,55,0,56,500,57,25,46,86,45,0,44,0,43,0,42,25,41,50,40,200,39,0,38,0,37,34,36,541,1295,936
1773710195,47,46,47,1,48,10,49,191,50,357,51,0,52,200,53,11,54,0,55,0,56,0,57,525,46,86,45,0,44,0,43,0,42,25,41,50,40,200,39,0,38,0,37,34,36,541,1295,936
1773710196,47,46,47,1,48,10,49,191,50,357,51,0,52,200,53,11,54,0,55,0,56,0,57,525,46,86,45,0,44,0,43,0,42,25,41,0,40,50,39,0,38,200,37,15,36,541,1295,917
1773710197,47,46,47,1,48,10,49,191,50,357,51,0,52,200,53,11,54,0,55,0,56,0,57,525,46,86,45,0,44,0,43,0,42,25,41,0,40,50,39,219,38,0,37,15,36,541,1295,936
1773710198,47,46,47,1,48,0,49,15,50,357,51,0,52,200,53,11,54,0,55,0,56,0,57,525,46,86,45,0,44,0,43,0,42,25,41,0,40,50,39,219,38,0,37,15,36,541,1109,936
1773710199,47,46,47,1,48,0,49,15,50,357,51,0,52,200,53,11,54,0,55,0,56,0,57,525,46,86,45,0,44,0,43,0,42,25,41,0,40,200,39,50,38,0,37,15,36,541,1109,917
1773710200,47,46,47,1,48,0,49,15,50,357,51,0,52,200,53,11,54,0,55,0,56,500,57,25,46,86,45,0,44,0,43,0,42,25,41,50,40,200,39,0,38,0,37,15,36,541,1109,917
1773710201,47,46,47,1,48,0,49,15,50,357,51,0,52,200,53,11,54,0,55,0,56,500,57,25,46,86,45,0,44,0,43,0,42,25,41,0,40,0,39,250,38,0,37,34,36,541,1109,936
1773710202,48,47,48,1,49,15,50,0,51,0,52,521,53,10,54,0,55,37,56,500,57,25,58,0,47,1178,46,86,45,0,44,0,43,0,42,25,41,0,40,0,39,50,38,0,37,34,1109,1373
1773710203,48,47,48,1,49,5,50,0,51,50,52,521,53,10,54,0,55,37,56,500,57,25,58,0,47,1178,46,86,45,0,44,0,43,0,42,25,41,0,40,0,39,50,38,0,37,15,1149,1354
1773710204,48,47,48,1,49,5,50,0,51,50,52,521,53,10,54,0,55,37,56,500,57,25,58,0,47,1178,46,86,45,0,44,0,43,0,42,25,41,0,40,0,39,50,38,0,37,15,1149,1354
1773710205,48,47,48,1,49,5,50,0,51,50,52,521,53,10,54,0,55,37,56,500,57,25,58,0,47,1178,46,86,45,0,44,0,43,0,42,25,41,0,40,0,39,50,38,0,37,15,1149,1354
1773710206,48,47,48,1,49,5,50,0,51,50,52,321,53,203,54,0,55,37,56,500,57,25,58,0,47,1178,46,86,45,0,44,0,43,0,42,25,41,0,40,0,39,71,38,0,37,15,1142,1375
1773710207,48,47,48,4,49,0,50,0,51,10,52,321,53,252,54,0,55,37,56,500,57,25,58,544,47,1178,46,86,45,0,44,0,43,0,42,25,41,0,40,0,39,71,38,0,37,15,1693,1375
1773710208,53,47,53,10,54,45,55,200,56,321,57,525,58,544,59,31,60,484,61,37,62,0,63,25,47,1178,46,86,45,0,44,0,43,0,42,25,41,0,40,0,39,0,38,50,37,859,2222,2198
1773710209,54,47,54,55,55,200,56,321,57,525,58,544,59,31,60,484,61,37,62,0,63,25,64,536,47,1178,46,86,45,0,44,0,43,0,42,25,41,0,40,0,39,0,38,92,37,713,2758,2094
1773710210,53,47,53,10,54,139,55,200,56,321,57,525,58,544,59,3,60,484,61,37,62,0,63,651,47,1178,46,86,45,0,44,0,43,0,42,25,41,0,40,62,39,23,38,50,37,713,2914,2137
1773710211,55,48,55,642,56,0,57,525,58,865,59,0,60,1,61,1072,62,0,63,651,64,536,65,59,48,50,47,1178,46,86,45,0,44,0,43,0,42,25,41,0,40,55,39,184,38,0,4351,1578
1773710212,54,47,54,20,55,632,56,0,57,525,58,865,59,0,60,1,61,367,62,0,63,25,64,536,47,10,46,86,45,0,44,0,43,200,42,25,41,0,40,112,39,161,38,500,37,552,2971,1646
1773710213,54,47,54,20,55,632,56,194,57,525,58,865,59,0,60,1,61,367,62,0,63,25,64,536,47,10,46,86,45,0,44,0,43,200,42,25,41,0,40,112,39,161,38,500,37,552,3165,1646
1773710214,54,47,54,20,55,632,56,194,57,25,58,865,59,0,60,1,61,339,62,0,63,659,64,536,47,10,46,86,45,0,44,0,43,50,42,225,41,15,40,595,39,181,38,500,37,537,3271,2199
1773710215,54,47,54,61,55,632,56,0,57,719,58,865,59,0,60,1,61,339,62,0,63,659,64,536,47,21,46,86,45,0,44,0,43,50,42,225,41,15,40,595,39,181,38,500,37,537,3812,2210
1773710216,53,47,53,10,54,56,55,632,56,0,57,525,58,865,59,0,60,1,61,339,62,0,63,25,47,21,46,86,45,0,44,0,43,50,42,225,41,15,40,595,39,161,38,500,37,537,2453,2190
1773710217,53,47,53,49,54,211,55,632,56,0,57,525,58,865,59,0,60,1,61,339,62,0,63,615,47,21,46,86,45,0,44,50,43,200,42,25,41,15,40,595,39,181,38,500,37,537,3237,2210
1773710218,53,47,53,49,54,56,55,0,56,0,57,225,58,865,59,0,60,4,61,37,62,0,63,615,47,21,46,86,45,0,44,50,43,200,42,25,41,15,40,595,39,181,38,500,37,537,1851,2210
1773710219,53,47,53,49,54,56,55,0,56,0,57,225,58,865,59,0,60,1,61,68,62,0,63,25,47,21,46,86,45,0,44,50,43,200,42,25,41,15,40,595,39,161,38,500,37,537,1289,2190
1773710220,52,47,52,10,53,44,54,41,55,10,56,118,57,225,58,865,59,0,60,1,61,68,62,0,47,21,46,86,45,0,44,50,43,200,42,25,41,15,40,595,39,161,38,500,37,537,1382,2190
1773710221,52,47,52,10,53,44,54,41,55,10,56,118,57,225,58,865,59,0,60,4,61,37,62,0,47,21,46,86,45,0,44,50,43,200,42,25,41,15,40,595,39,183,38,500,37,537,1354,2212
1773710222,52,47,52,10,53,44,54,41,55,10,56,118,57,225,58,865,59,0,60,1,61,54,62,0,47,21,46,86,45,0,44,50,43,200,42,25,41,15,40,595,39,183,38,500,37,537,1368,2212
1773710223,52,47,52,10,53,44,54,41,55,10,56,439,57,225,58,544,59,0,60,1,61,58,62,0,47,21,46,86,45,0,44,50,43,200,42,25,41,15,40,595,39,161,38,500,37,537,1372,2190
1773710224,52,47,52,10,53,54,54,41,55,155,56,321,57,225,58,544,59,0,60,1,61,58,62,0,47,21,46,86,45,0,44,50,43,200,42,25,41,15,40,595,39,161,38,500,37,537,1409,2190
1773710225,52,47,52,10,53,44,54,51,55,155,56,321,57,225,58,544,59,0,60,1,61,58,62,0,47,21,46,86,45,0,44,50,43,200,42,25,41,15,40,595,39,161,38,500,37,537,1409,2190
1773710226,52,47,52,10,53,44,54,51,55,155,56,321,57,225,58,544,59,0,60,1,61,58,62,0,47,21,46,86,45,0,44,50,43,200,42,25,41,15,40,595,39,161,38,500,37,537,1409,2190
1773710227,52,47,52,10,53,44,54,51,55,155,56,321,57,225,58,544,59,0,60,1,61,58,62,0,47,21,46,86,45,0,44,50,43,200,42,25,41,15,40,595,39,161,38,500,37,537,1409,2190
1773710228,52,47,52,10,53,44,54,51,55,155,56,321,57,225,58,544,59,0,60,1,61,58,62,0,47,21,46,86,45,0,44,50,43,200,42,25,41,15,40,595,39,161,38,500,37,537,1409,2190
1773710229,52,47,52,10,53,49,54,41,55,155,56,321,57,225,58,544,59,0,60,1,61,54,62,0,47,21,46,86,45,0,44,50,43,200,42,25,41,15,40,595,39,161,38,500,37,537,1400,2190
1773710230,52,47,52,10,53,49,54,41,55,155,56,321,57,225,58,544,59,0,60,1,61,54,62,0,47,21,46,86,45,0,44,50,43,200,42,25,41,15,40,595,39,161,38,500,37,537,1400,2190
1773710231,52,47,52,10,53,39,54,51,55,155,56,321,57,225,58,544,59,0,60,1,61,54,62,0,47,21,46,86,45,0,44,50,43,200,42,25,41,15,40,595,39,161,38,500,37,537,1400,2190
1773710232,52,47,52,10,53,49,54,41,55,155,56,321,57,225,58,544,59,0,60,1,61,54,62,0,47,21,46,86,45,0,44,50,43,200,42,25,41,15,40,595,39,161,38,500,37,537,1400,2190
1773710233,52,47,52,10,53,39,54,51,55,155,56,321,57,225,58,544,59,0,60,1,61,54,62,0,47,21,46,86,45,0,44,50,43,200,42,25,41,15,40,595,39,161,38,500,37,537,1400,2190
1773710234,52,47,52,10,53,39,54,51,55,155,56,321,57,225,58,544,59,0,60,1,61,54,62,0,47,21,46,86,45,0,44,50,43,200,42,25,41,15,40,595,39,161,38,500,37,537,1400,2190
1773710235,52,47,52,10,53,49,54,41,55,155,56,321,57,225,58,544,59,0,60,1,61,54,62,0,47,21,46,86,45,0,44,50,43,200,42,25,41,15,40,595,39,161,38,500,37,537,1400,2190
1773710236,52,47,52,10,53,39,54,51,55,155,56,321,57,225,58,544,59,0,60,1,61,54,62,0,47,21,46,86,45,0,44,50,43,200,42,25,41,15,40,595,39,161,38,500,37,537,1400,2190
1773710237,52,47,52,10,53,49,54,41,55,155,56,321,57,225,58,544,59,0,60,1,61,54,62,0,47,21,46,86,45,0,44,50,43,200,42,25,41,15,40,595,39,161,38,500,37,537,1400,2190
1773710238,52,47,52,10,53,49,54,41,55,155,56,321,57,225,58,544,59,0,60,1,61,54,62,0,47,21,46,86,45,0,44,50,43,200,42,25,41,15,40,595,39,161,38,500,37,537,1400,2190
1773710239,52,47,52,10,53,49,54,41,55,155,56,321,57,225,58,544,59,0,60,1,61,54,62,0,47,21,46,86,45,0,44,50,43,200,42,25,41,15,40,595,39,161,38,500,37,537,1400,2190
1773710240,52,47,52,10,53,49,54,41,55,155,56,321,57,225,58,544,59,0,60,1,61,54,62,0,47,21,46,86,45,0,44,50,43,200,42,25,41,15,40,595,39,161,38,500,37,537,1400,2190
1773710241,52,47,52,10,53,39,54,51,55,155,56,321,57,225,58,544,59,0,60,1,61,54,62,0,47,21,46,86,45,0,44,50,43,200,42,25,41,15,40,595,39,161,38,500,37,537,1400,2190
1773710242,52,47,52,10,53,39,54,51,55,155,56,321,57,225,58,544,59,0,60,1,61,54,62,0,47,21,46,86,45,0,44,50,43,200,42,25,41,15,40,595,39,161,38,500,37,537,1400,2190
1773710243,52,47,52,10,53,49,54,41,55,155,56,321,57,225,58,544,59,0,60,1,61,54,62,0,47,21,46,86,45,0,44,50,43,200,42,25,41,15,40,595,39,161,38,500,37,537,1400,2190
1773710244,52,47,52,10,53,49,54,41,55,155,56,321,57,225,58,544,59,0,60,1,61,54,62,0,47,21,46,86,45,0,44,50,43,200,42,25,41,15,40,595,39,161,38,500,37,537,1400,2190
1773710245,52,47,52,10,53,39,54,51,55,155,56,321,57,225,58,544,59,0,60,1,61,54,62,0,47,21,46,86,45,0,44,50,43,200,42,25,41,15,40,595,39,161,38,500,37,537,1400,2190
1773710246,52,47,52,10,53,49,54,41,55,155,56,321,57,225,58,544,59,0,60,1,61,54,62,0,47,21,46,86,45,0,44,50,43,200,42,25,41,15,40,595,39,161,38,500,37,537,1400,2190
1773710247,52,47,52,10,53,39,54,51,55,155,56,321,57,225,58,544,59,0,60,1,61,54,62,0,47,21,46,86,45,0,44,50,43,200,42,25,41,15,40,595,39,161,38,500,37,537,1400,2190
1773710248,52,47,52,10,53,39,54,51,55,155,56,321,57,225,58,544,59,0,60,1,61,54,62,0,47,21,46,86,45,0,44,50,43,200,42,25,41,15,40,595,39,161,38,500,37,537,1400,2190
1773710249,52,47,52,10,53,49,54,41,55,155,56,321,57,225,58,544,59,0,60,1,61,54,62,0,47,21,46,86,45,0,44,50,43,200,42,25,41,15,40,595,39,161,38,500,37,537,1400,2190
1773710250,52,47,52,10,53,39,54,51,55,155,56,321,57,225,58,544,59,0,60,1,61,54,62,0,47,21,46,86,45,0,44,50,43,200,42,25,41,15,40,595,39,161,38,500,37,537,1400,2190
1773710251,52,47,52,10,53,49,54,41,55,155,56,321,57,225,58,544,59,0,60,1,61,54,62,0,47,21,46,86,45,0,44,50,43,200,42,25,41,15,40,595,39,161,38,500,37,537,1400,2190
1773710252,52,47,52,10,53,39,54,51,55,155,56,321,57,225,58,544,59,0,60,1,61,54,62,0,47,21,46,86,45,0,44,50,43,200,42,25,41,15,40,595,39,161,38,500,37,537,1400,2190
1773710253,52,47,52,10,53,39,54,51,55,155,56,321,57,225,58,544,59,0,60,1,61,54,62,0,47,21,46,86,45,0,44,50,43,200,42,25,41,15,40,595,39,161,38,500,37,537,1400,2190
1773710254,52,47,52,10,53,49,54,41,55,155,56,321,57,225,58,544,59,0,60,1,61,54,62,0,47,21,46,86,45,0,44,50,43,200,42,25,41,15,40,595,39,161,38,500,37,537,1400,2190
1773710255,52,47,52,10,53,49,54,41,55,155,56,321,57,225,58,0,59,0,60,501,61,54,62,351,47,11,46,86,45,50,44,0,43,200,42,25,41,496,40,55,39,161,38,0,37,0,1707,1084
1773710256,52,47,52,10,53,39,54,51,55,155,56,321,57,225,58,0,59,0,60,501,61,54,62,351,47,11,46,86,45,0,44,250,43,0,42,596,41,496,40,62,39,161,38,0,37,0,1707,1662
1773710257,52,47,52,10,53,49,54,41,55,155,56,321,57,225,58,0,59,0,60,501,61,54,62,351,47,10,46,86,45,0,44,250,43,0,42,596,41,496,40,62,39,161,38,0,37,0,1707,1661
1773710258,52,47,52,10,53,0,54,51,55,155,56,321,57,225,58,0,59,0,60,501,61,677,62,351,47,10,46,86,45,0,44,250,43,0,42,596,41,496,40,62,39,161,38,0,37,0,2291,1661
1773710259,53,47,53,10,54,56,55,155,56,321,57,225,58,0,59,0,60,501,61,677,62,351,63,674,47,10,46,86,45,0,44,250,43,0,42,596,41,496,40,62,39,161,38,0,37,0,2970,1661
1773710260,53,47,53,20,54,46,55,155,56,321,57,225,58,0,59,0,60,501,61,54,62,351,63,674,47,10,46,86,45,50,44,200,43,15,42,596,41,481,40,62,39,161,38,0,37,0,2347,1661
1773710261,53,47,53,20,54,46,55,155,56,321,57,225,58,0,59,0,60,501,61,54,62,940,63,674,47,10,46,86,45,50,44,200,43,15,42,596,41,481,40,62,39,161,38,0,37,0,2936,1661
1773710262,53,47,53,20,54,46,55,155,56,321,57,225,58,0,59,0,60,501,61,54,62,940,63,674,47,10,46,86,45,50,44,200,43,15,42,596,41,481,40,62,39,161,38,0,37,0,2936,1661
1773710263,53,47,53,10,54,56,55,155,56,321,57,225,58,0,59,0,60,501,61,54,62,351,63,674,47,10,46,86,45,50,44,200,43,15,42,596,41,481,40,62,39,161,38,0,37,0,2347,1661
1773710264,53,47,53,10,54,56,55,155,56,321,57,225,58,0,59,0,60,501,61,54,62,924,63,674,47,10,46,86,45,50,44,200,43,15,42,596,41,481,40,62,39,161,38,0,37,0,2920,1661
1773710265,53,47,53,20,54,46,55,155,56,321,57,225,58,0,59,0,60,501,61,54,62,924,63,674,47,10,46,86,45,50,44,200,43,15,42,596,41,481,40,62,39,161,38,0,37,0,2920,1661
1773710266,53,47,53,10,54,56,55,155,56,321,57,225,58,0,59,0,60,501,61,54,62,351,63,674,47,25,46,86,45,50,44,0,43,200,42,596,41,481,40,62,39,161,38,0,37,0,2347,1661
1773710267,53,47,53,10,54,56,55,155,56,321,57,225,58,0,59,0,60,501,61,54,62,989,63,674,47,25,46,86,45,0,44,50,43,200,42,596,41,481,40,62,39,161,38,0,37,0,2985,1661
1773710268,53,47,53,20,54,46,55,155,56,321,57,225,58,0,59,0,60,501,61,54,62,989,63,674,47,25,46,86,45,0,44,50,43,200,42,596,41,481,40,62,39,161,38,0,37,0,2985,1661
1773710269,53,47,53,10,54,56,55,155,56,321,57,225,58,0,59,0,60,501,61,54,62,351,63,674,47,25,46,86,45,0,44,50,43,200,42,596,41,481,40,62,39,161,38,0,37,0,2347,1661
1773710270,53,47,53,10,54,56,55,155,56,321,57,225,58,0,59,0,60,501,61,54,62,938,63,674,47,25,46,86,45,0,44,50,43,200,42,596,41,481,40,62,39,161,38,0,37,0,2934,1661
1773710271,53,47,53,20,54,46,55,0,56,478,57,225,58,0,59,0,60,501,61,54,62,938,63,674,47,25,46,86,45,0,44,50,43,200,42,596,41,481,40,62,39,161,38,0,37,0,2936,1661
1773710272,53,47,53,10,54,46,55,10,56,478,57,225,58,0,59,0,60,501,61,54,62,351,63,674,47,25,46,86,45,0,44,50,43,200,42,596,41,481,40,62,39,161,38,0,37,0,2349,1661
1773710273,53,47,53,20,54,246,55,0,56,478,57,525,58,0,59,0,60,292,61,37,62,351,63,674,47,15,46,136,45,1136,44,0,43,200,42,596,41,481,40,30,39,161,38,0,37,0,2623,2755
1773710274,53,47,53,20,54,246,55,0,56,478,57,525,58,0,59,0,60,292,61,37,62,958,63,674,47,15,46,136,45,1136,44,0,43,200,42,596,41,481,40,30,39,161,38,0,37,0,3230,2755
1773710275,53,47,53,20,54,246,55,0,56,478,57,525,58,0,59,0,60,292,61,37,62,958,63,674,47,15,46,136,45,1136,44,0,43,0,42,571,41,481,40,0,39,0,38,0,37,160,3230,2499
1773710276,53,47,53,20,54,246,55,194,56,321,57,525,58,0,59,0,60,292,61,37,62,351,63,674,47,15,46,136,45,1136,44,0,43,0,42,571,41,481,40,0,39,0,38,0,37,160,2660,2499
1773710277,53,47,53,28,54,246,55,194,56,321,57,25,58,0,59,0,60,302,61,37,62,351,63,674,47,15,46,136,45,1136,44,0,43,0,42,571,41,481,40,0,39,0,38,0,37,160,2178,2499
1773710278,53,47,53,34,54,246,55,194,56,321,57,25,58,0,59,0,60,302,61,37,62,351,63,674,47,15,46,136,45,1136,44,0,43,0,42,571,41,481,40,0,39,0,38,21,37,160,2184,2520
1773710279,53,48,53,40,54,241,55,194,56,821,57,25,58,0,59,0,60,302,61,37,62,351,63,674,48,1,47,15,46,136,45,1136,44,0,43,0,42,571,41,481,40,0,39,0,38,21,2685,2361
1773710280,53,48,53,19,54,241,55,194,56,821,57,25,58,0,59,0,60,330,61,37,62,351,63,649,48,1,47,15,46,136,45,1136,44,0,43,0,42,571,41,481,40,0,39,0,38,0,2667,2340
1773710281,53,48,53,19,54,241,55,194,56,821,57,25,58,0,59,0,60,330,61,37,62,351,63,649,48,1,47,15,46,136,45,1136,44,0,43,0,42,571,41,481,40,0,39,0,38,0,2667,2340
1773710282,53,48,53,19,54,241,55,194,56,321,57,525,58,0,59,0,60,302,61,37,62,351,63,649,48,1,47,15,46,136,45,1136,44,0,43,0,42,571,41,481,40,0,39,0,38,19,2639,2359
1773710283,53,47,53,19,54,46,55,194,56,321,57,725,58,0,59,14,60,1,61,37,62,351,63,649,47,1,46,86,45,0,44,0,43,0,42,0,41,0,40,250,39,15,38,347,37,190,2357,889
1773710284,53,47,53,9,54,56,55,194,56,521,57,25,58,0,59,42,60,1,61,37,62,0,63,0,47,1,46,86,45,0,44,0,43,0,42,0,41,0,40,50,39,215,38,328,37,190,885,870
1773710285,53,47,53,9,54,56,55,194,56,521,57,25,58,0,59,42,60,1,61,37,62,0,63,0,47,1,46,86,45,0,44,0,43,0,42,0,41,0,40,50,39,235,38,328,37,190,885,890
1773710286,53,47,53,9,54,56,55,194,56,321,57,225,58,0,59,14,60,1,61,37,62,0,63,0,47,1,46,86,45,0,44,0,43,0,42,0,41,0,40,50,39,235,38,328,37,190,857,890
1773710287,53,47,53,19,54,46,55,194,56,321,57,225,58,0,59,31,60,1,61,37,62,0,63,0,47,1,46,86,45,0,44,0,43,0,42,0,41,0,40,50,39,215,38,328,37,190,874,870
1773710288,53,47,53,19,54,46,55,194,56,321,57,225,58,0,59,17,60,1,61,37,62,0,63,0,47,1,46,86,45,0,44,0,43,0,42,0,41,0,40,50,39,235,38,328,37,190,860,890
1773710289,53,47,53,19,54,46,55,194,56,321,57,225,58,0,59,17,60,1,61,37,62,0,63,0,47,1,46,86,45,0,44,0,43,0,42,0,41,0,40,50,39,235,38,328,37,190,860,890
1773710290,53,47,53,9,54,56,55,194,56,321,57,225,58,0,59,17,60,1,61,37,62,0,63,0,47,1,46,86,45,0,44,0,43,0,42,0,41,0,40,50,39,215,38,328,37,190,860,870
1773710291,53,47,53,19,54,46,55,194,56,321,57,225,58,0,59,17,60,1,61,37,62,0,63,0,47,1,46,86,45,0,44,0,43,0,42,0,41,0,40,50,39,215,38,328,37,190,860,870
1773710292,53,47,53,19,54,46,55,194,56,321,57,225,58,0,59,17,60,1,61,37,62,0,63,0,47,1,46,86,45,0,44,0,43,0,42,0,41,0,40,50,39,236,38,328,37,190,860,891
1773710293,53,47,53,19,54,46,55,194,56,321,57,225,58,0,59,17,60,1,61,37,62,0,63,0,47,1,46,86,45,0,44,0,43,0,42,0,41,0,40,50,39,236,38,328,37,190,860,891
1773710294,53,47,53,9,54,56,55,194,56,321,57,225,58,0,59,17,60,1,61,37,62,0,63,0,47,1,46,86,45,0,44,0,43,0,42,0,41,0,40,50,39,215,38,328,37,190,860,870
1773710295,53,47,53,9,54,56,55,194,56,321,57,225,58,0,59,17,60,1,61,37,62,0,63,0,47,1,46,86,45,0,44,0,43,0,42,0,41,0,40,50,39,238,38,328,37,190,860,893
1773710296,53,47,53,9,54,56,55,194,56,321,57,225,58,0,59,17,60,1,61,37,62,0,63,0,47,1,46,86,45,0,44,0,43,0,42,0,41,0,40,50,39,238,38,328,37,190,860,893
1773710297,53,47,53,19,54,46,55,194,56,321,57,225,58,0,59,17,60,1,61,37,62,0,63,0,47,1,46,86,45,0,44,0,43,0,42,0,41,0,40,50,39,215,38,328,37,190,860,870
1773710298,53,47,53,19,54,46,55,194,56,321,57,225,58,0,59,17,60,1,61,37,62,0,63,0,47,1,46,86,45,0,44,0,43,0,42,0,41,0,40,50,39,238,38,328,37,190,860,893
1773710299,53,47,53,9,54,56,55,194,56,321,57,225,58,0,59,17,60,1,61,37,62,0,63,0,47,1,46,86,45,0,44,0,43,0,42,0,41,0,40,50,39,238,38,328,37,190,860,893
1773710300,53,47,53,9,54,56,55,194,56,321,57,225,58,0,59,17,60,1,61,37,62,0,63,0,47,1,46,86,45,0,44,0,43,0,42,0,41,0,40,50,39,215,38,328,37,190,860,870
1773710301,53,47,53,9,54,56,55,194,56,321,57,225,58,0,59,17,60,1,61,37,62,0,63,0,47,1,46,86,45,0,44,0,43,0,42,0,41,0,40,50,39,215,38,328,37,190,860,870
1773710302,53,47,53,19,54,46,55,194,56,321,57,225,58,0,59,17,60,1,61,37,62,0,63,0,47,1,46,86,45,0,44,0,43,0,42,0,41,0,40,50,39,215,38,328,37,190,860,870
1773710303,53,47,53,19,54,46,55,194,56,321,57,225,58,0,59,17,60,1,61,37,62,0,63,0,47,1,46,86,45,0,44,0,43,0,42,0,41,0,40,50,39,215,38,328,37,190,860,870
1773710304,53,47,53,19,54,46,55,194,56,321,57,225,58,0,59,17,60,1,61,37,62,0,63,0,47,1,46,86,45,0,44,0,43,0,42,0,41,0,40,50,39,215,38,328,37,190,860,870
1773710305,53,47,53,9,54,56,55,194,56,321,57,225,58,0,59,17,60,1,61,37,62,0,63,0,47,1,46,86,45,0,44,0,43,0,42,0,41,0,40,50,39,215,38,328,37,190,860,870
1773710306,53,47,53,9,54,56,55,194,56,321,57,225,58,0,59,17,60,1,61,37,62,0,63,0,47,1,46,86,45,0,44,0,43,0,42,0,41,0,40,50,39,215,38,328,37,190,860,870
1773710307,53,47,53,9,54,56,55,194,56,321,57,225,58,0,59,17,60,1,61,37,62,0,63,0,47,1,46,86,45,0,44,0,43,0,42,0,41,0,40,50,39,215,38,328,37,190,860,870
1773710308,53,46,53,9,54,56,55,194,56,321,57,225,58,0,59,17,60,1,61,37,62,0,63,0,46,86,45,0,44,0,43,0,42,0,41,0,40,50,39,215,38,328,37,190,36,0,860,869
1773710309,53,46,53,9,54,56,55,194,56,321,57,225,58,0,59,17,60,1,61,37,62,0,63,0,46,86,45,0,44,0,43,0,42,0,41,0,40,50,39,215,38,328,37,190,36,0,860,869
1773710310,53,46,53,19,54,46,55,194,56,321,57,225,58,0,59,17,60,1,61,37,62,0,63,0,46,86,45,0,44,0,43,0,42,0,41,0,40,50,39,215,38,328,37,190,36,0,860,869
1773710311,53,46,53,19,54,46,55,194,56,321,57,225,58,0,59,17,60,1,61,37,62,0,63,0,46,86,45,0,44,0,43,0,42,0,41,0,40,50,39,215,38,328,37,190,36,0,860,869
1773710312,53,47,53,9,54,56,55,194,56,321,57,225,58,0,59,17,60,1,61,37,62,0,63,600,47,12,46,86,45,0,44,0,43,0,42,0,41,50,40,200,39,684,38,328,37,190,1460,1550
1773710313,53,48,53,19,54,46,55,194,56,321,57,233,58,0,59,14,60,1,61,37,62,556,63,600,48,1,47,12,46,86,45,0,44,0,43,0,42,0,41,50,40,615,39,684,38,0,2021,1448
1773710314,53,48,53,19,54,46,55,194,56,321,57,233,58,0,59,14,60,1,61,37,62,556,63,600,48,1,47,12,46,86,45,0,44,0,43,0,42,0,41,0,40,665,39,684,38,0,2021,1448
1773710315,53,48,53,9,54,56,55,194,56,321,57,233,58,0,59,14,60,1,61,37,62,0,63,600,48,1,47,12,46,86,45,0,44,0,43,0,42,0,41,0,40,665,39,684,38,0,1465,1448
1773710316,53,48,53,9,54,56,55,194,56,321,57,233,58,0,59,14,60,1,61,37,62,558,63,600,48,1,47,12,46,86,45,0,44,0,43,0,42,0,41,0,40,684,39,684,38,0,2023,1467
1773710317,53,48,53,9,54,56,55,194,56,321,57,233,58,0,59,14,60,1,61,37,62,558,63,600,48,1,47,12,46,86,45,0,44,0,43,0,42,0,41,0,40,684,39,684,38,0,2023,1467
1773710318,53,48,53,19,54,46,55,194,56,321,57,233,58,0,59,14,60,1,61,37,62,0,63,600,48,1,47,12,46,86,45,0,44,0,43,0,42,0,41,15,40,665,39,669,38,0,1465,1448
1773710319,53,48,53,19,54,46,55,194,56,321,57,233,58,0,59,14,60,1,61,0,62,0,63,600,48,1,47,12,46,86,45,0,44,0,43,0,42,0,41,65,40,615,39,669,38,0,1428,1448
1773710320,53,48,53,19,54,46,55,194,56,321,57,233,58,0,59,14,60,1,61,0,62,648,63,600,48,1,47,12,46,86,45,0,44,0,43,0,42,0,41,65,40,637,39,669,38,0,2076,1470
1773710321,53,48,53,9,54,56,55,194,56,321,57,233,58,0,59,14,60,1,61,0,62,648,63,600,48,1,47,12,46,86,45,0,44,0,43,0,42,0,41,65,40,637,39,669,38,0,2076,1470
1773710322,53,48,53,9,54,56,55,194,56,321,57,233,58,0,59,14,60,1,61,0,62,0,63,600,48,1,47,12,46,86,45,0,44,0,43,0,42,0,41,65,40,615,39,669,38,0,1428,1448
1773710323,53,48,53,9,54,56,55,194,56,321,57,233,58,0,59,14,60,1,61,0,62,0,63,600,48,1,47,12,46,86,45,0,44,0,43,0,42,0,41,65,40,615,39,669,38,0,1428,1448
1773710324,53,48,53,19,54,46,55,194,56,321,57,233,58,0,59,14,60,1,61,0,62,0,63,600,48,1,47,12,46,86,45,0,44,0,43,0,42,0,41,65,40,615,39,669,38,0,1428,1448
1773710325,53,48,53,19,54,46,55,194,56,321,57,233,58,0,59,14,60,1,61,0,62,630,63,600,48,1,47,12,46,86,45,0,44,0,43,0,42,0,41,65,40,636,39,669,38,0,2058,1469
1773710326,53,48,53,9,54,56,55,194,56,321,57,233,58,0,59,14,60,1,61,0,62,630,63,600,48,1,47,12,46,86,45,0,44,0,43,0,42,0,41,65,40,636,39,669,38,0,2058,1469
1773710327,53,48,53,19,54,46,55,194,56,321,57,233,58,0,59,14,60,1,61,0,62,0,63,600,48,1,47,12,46,86,45,0,44,0,43,0,42,0,41,65,40,615,39,669,38,0,1428,1448
1773710328,53,48,53,19,54,41,55,194,56,321,57,233,58,0,59,14,60,1,61,0,62,0,63,600,48,1,47,12,46,86,45,0,44,0,43,0,42,0,41,65,40,615,39,669,38,0,1423,1448
1773710329,53,48,53,9,54,51,55,194,56,321,57,233,58,0,59,14,60,1,61,0,62,581,63,600,48,1,47,12,46,86,45,0,44,0,43,0,42,0,41,65,40,638,39,669,38,0,2004,1471
1773710330,53,48,53,19,54,41,55,194,56,321,57,233,58,0,59,14,60,1,61,0,62,0,63,600,48,1,47,12,46,86,45,0,44,0,43,0,42,0,41,65,40,615,39,669,38,0,1423,1448
1773710331,53,48,53,19,54,41,55,194,56,321,57,233,58,0,59,14,60,1,61,0,62,0,63,600,48,1,47,12,46,86,45,0,44,0,43,0,42,0,41,65,40,615,39,669,38,0,1423,1448
1773710332,53,48,53,19,54,41,55,194,56,321,57,233,58,0,59,14,60,1,61,0,62,0,63,600,48,1,47,12,46,86,45,0,44,0,43,0,42,0,41,65,40,637,39,669,38,0,1423,1470
1773710333,53,48,53,9,54,51,55,194,56,321,57,233,58,0,59,14,60,1,61,0,62,0,63,600,48,1,47,12,46,86,45,0,44,0,43,0,42,0,41,65,40,637,39,669,38,0,1423,1470
1773710334,53,48,53,9,54,51,55,194,56,321,57,233,58,0,59,14,60,1,61,0,62,0,63,600,48,1,47,12,46,86,45,0,44,0,43,0,42,0,41,65,40,615,39,669,38,0,1423,1448
1773710335,53,48,53,19,54,41,55,194,56,321,57,233,58,0,59,14,60,1,61,0,62,0,63,600,48,1,47,12,46,86,45,0,44,0,43,0,42,0,41,65,40,615,39,669,38,0,1423,1448
1773710336,53,48,53,19,54,41,55,194,56,321,57,233,58,0,59,14,60,1,61,0,62,0,63,600,48,1,47,12,46,86,45,0,44,0,43,0,42,0,41,65,40,615,39,669,38,0,1423,1448
1773710337,53,48,53,19,54,41,55,194,56,521,57,33,58,500,59,14,60,1,61,0,62,0,63,600,48,1,47,1191,46,86,45,0,44,0,43,0,42,0,41,65,40,208,39,0,38,0,1923,1551
1773710338,54,48,54,40,55,194,56,521,57,33,58,500,59,14,60,1,61,0,62,0,63,0,64,500,48,1,47,1191,46,86,45,0,44,0,43,0,42,0,41,15,40,8,39,0,38,50,1803,1351
1773710339,53,48,53,15,54,40,55,194,56,521,57,33,58,500,59,14,60,1,61,0,62,0,63,0,48,1,47,1191,46,86,45,0,44,0,43,0,42,0,41,15,40,8,39,0,38,92,1318,1393
1773710340,53,48,53,15,54,40,55,394,56,321,57,33,58,500,59,0,60,43,61,0,62,0,63,0,48,16,47,1191,46,86,45,0,44,0,43,0,42,0,41,0,40,8,39,0,38,92,1346,1393
1773710341,53,48,53,15,54,40,55,394,56,321,57,33,58,500,59,0,60,43,61,0,62,0,63,0,48,16,47,1191,46,86,45,0,44,0,43,0,42,0,41,0,40,8,39,0,38,92,1346,1393
1773710342,53,48,53,15,54,40,55,394,56,321,57,33,58,500,59,14,60,1,61,0,62,0,63,0,48,16,47,1191,46,86,45,0,44,0,43,0,42,0,41,0,40,8,39,121,38,50,1318,1472
1773710343,53,48,53,15,54,40,55,394,56,321,57,33,58,500,59,14,60,1,61,0,62,0,63,0,48,16,47,1191,46,86,45,0,44,0,43,0,42,0,41,0,40,58,39,121,38,0,1318,1472
1773710344,53,48,53,15,54,40,55,394,56,321,57,33,58,500,59,14,60,1,61,0,62,0,63,0,48,16,47,1191,46,86,45,0,44,0,43,0,42,0,41,0,40,8,39,37,38,50,1318,1388
1773710345,53,48,53,24,54,40,55,394,56,321,57,33,58,500,59,14,60,1,61,0,62,0,63,0,48,16,47,1191,46,86,45,0,44,0,43,0,42,0,41,0,40,58,39,100,38,0,1327,1451
1773710346,53,48,53,24,54,40,55,394,56,321,57,33,58,500,59,14,60,1,61,0,62,0,63,0,48,16,47,1191,46,86,45,0,44,0,43,0,42,0,41,0,40,29,39,37,38,50,1327,1409
1773710347,53,49,53,24,54,40,55,394,56,321,57,33,58,500,59,14,60,1,61,0,62,0,63,0,49,12,48,16,47,0,46,86,45,0,44,0,43,0,42,250,41,0,40,29,39,217,1327,610
1773710348,53,49,53,15,54,40,55,394,56,321,57,33,58,500,59,14,60,1,61,0,62,0,63,0,49,1,48,15,47,0,46,86,45,0,44,0,43,50,42,200,41,0,40,8,39,189,1318,549
1773710349,53,50,53,15,54,40,55,394,56,321,57,33,58,500,59,14,60,1,61,0,62,0,63,0,50,15,49,1,48,0,47,0,46,86,45,0,44,0,43,200,42,50,41,0,40,8,1318,360
1773710350,53,50,53,15,54,40,55,394,56,321,57,33,58,500,59,14,60,1,61,0,62,0,63,0,50,15,49,1,48,0,47,0,46,86,45,0,44,50,43,200,42,22,41,0,40,48,1318,422
1773710351,53,50,53,15,54,40,55,394,56,321,57,33,58,500,59,14,60,1,61,0,62,0,63,0,50,15,49,1,48,0,47,0,46,86,45,0,44,50,43,200,42,22,41,0,40,48,1318,422
1773710352,53,50,53,15,54,40,55,394,56,321,57,33,58,500,59,14,60,1,61,0,62,0,63,0,50,15,49,1,48,0,47,0,46,86,45,0,44,50,43,200,42,0,41,0,40,48,1318,400
1773710353,53,51,53,15,54,40,55,394,56,321,57,33,58,500,59,31,60,1,61,0,62,0,63,0,51,1,50,15,49,0,48,0,47,0,46,93,45,0,44,50,43,222,42,0,41,159,1335,540
1773710354,53,47,53,15,54,40,55,394,56,321,57,33,58,500,59,31,60,1,61,0,62,0,63,0,47,1,46,93,45,0,44,0,43,72,42,0,41,200,40,8,39,30,38,500,37,159,1335,1063
1773710355,53,47,53,15,54,40,55,394,56,321,57,33,58,500,59,31,60,1,61,0,62,0,63,0,47,1,46,93,45,0,44,0,43,50,42,0,41,200,40,8,39,30,38,500,37,159,1335,1041
1773710356,53,47,53,15,54,40,55,394,56,321,57,33,58,500,59,31,60,1,61,0,62,0,63,0,47,1,46,93,45,0,44,0,43,0,42,50,41,200,40,8,39,52,38,500,37,159,1335,1063
1773710357,53,47,53,15,54,40,55,394,56,321,57,33,58,500,59,31,60,1,61,0,62,0,63,0,47,1,46,93,45,0,44,0,43,0,42,250,41,0,40,8,39,52,38,500,37,159,1335,1063
1773710358,53,47,53,15,54,40,55,394,56,321,57,33,58,500,59,31,60,1,61,0,62,0,63,0,47,1,46,93,45,0,44,0,43,0,42,250,41,0,40,8,39,30,38,500,37,159,1335,1041
1773710359,53,47,53,15,54,40,55,394,56,321,57,33,58,500,59,31,60,1,61,0,62,0,63,0,47,1,46,93,45,0,44,0,43,50,42,200,41,0,40,528,39,579,38,500,37,159,1335,2110
1773710360,53,47,53,15,54,40,55,394,56,321,57,33,58,500,59,31,60,1,61,0,62,0,63,0,47,1,46,93,45,0,44,0,43,0,42,250,41,0,40,528,39,579,38,500,37,159,1335,2110
1773710361,53,47,53,15,54,40,55,394,56,321,57,33,58,500,59,31,60,1,61,0,62,0,63,0,47,1,46,93,45,0,44,0,43,0,42,250,41,0,40,528,39,557,38,500,37,159,1335,2088
1773710362,53,47,53,15,54,40,55,394,56,321,57,33,58,500,59,31,60,1,61,0,62,0,63,0,47,1,46,93,45,0,44,0,43,0,42,250,41,0,40,528,39,578,38,500,37,159,1335,2109
1773710363,53,47,53,15,54,40,55,394,56,321,57,33,58,500,59,31,60,1,61,0,62,0,63,0,47,1,46,93,45,0,44,0,43,50,42,0,41,200,40,528,39,576,38,0,37,159,1335,1607
1773710364,53,47,53,15,54,40,55,394,56,321,57,33,58,500,59,31,60,1,61,0,62,0,63,0,47,1,46,93,45,0,44,0,43,0,42,250,41,15,40,528,39,555,38,0,37,159,1335,1601
1773710365,53,47,53,15,54,40,55,394,56,321,57,33,58,500,59,31,60,1,61,0,62,0,63,0,47,1,46,93,45,0,44,0,43,0,42,250,41,15,40,528,39,574,38,0,37,159,1335,1620
1773710366,53,47,53,15,54,40,55,394,56,321,57,33,58,500,59,31,60,1,61,0,62,0,63,0,47,1,46,93,45,0,44,0,43,0,42,250,41,15,40,528,39,574,38,0,37,159,1335,1620
1773710367,53,47,53,15,54,40,55,394,56,321,57,33,58,500,59,31,60,1,61,0,62,0,63,0,47,1,46,93,45,0,44,0,43,0,42,250,41,15,40,528,39,555,38,0,37,159,1335,1601
1773710368,53,47,53,15,54,40,55,394,56,321,57,33,58,500,59,31,60,1,61,0,62,0,63,0,47,1,46,93,45,0,44,0,43,0,42,250,41,15,40,528,39,577,38,0,37,159,1335,1623
1773710369,53,47,53,15,54,180,55,44,56,321,57,233,58,0,59,31,60,501,61,0,62,0,63,0,47,1,46,93,45,0,44,0,43,50,42,200,41,15,40,528,39,577,38,0,37,159,1325,1623
1773710370,53,47,53,15,54,40,55,184,56,321,57,233,58,0,59,31,60,501,61,0,62,0,63,0,47,1,46,93,45,0,44,0,43,50,42,200,41,15,40,528,39,555,38,0,37,159,1325,1601
1773710371,53,47,53,15,54,40,55,184,56,321,57,233,58,0,59,31,60,501,61,0,62,0,63,0,47,1,46,93,45,0,44,0,43,50,42,200,41,15,40,528,39,555,38,0,37,159,1325,1601
1773710372,53,47,53,15,54,40,55,184,56,321,57,233,58,0,59,31,60,501,61,0,62,0,63,0,47,1,46,93,45,0,44,0,43,50,42,200,41,15,40,528,39,555,38,0,37,159,1325,1601
1773710373,53,47,53,15,54,45,55,184,56,321,57,233,58,0,59,31,60,501,61,0,62,0,63,0,47,1,46,86,45,0,44,0,43,50,42,200,41,15,40,528,39,555,38,0,37,159,1330,1594
1773710374,53,47,53,15,54,45,55,184,56,321,57,233,58,0,59,31,60,501,61,0,62,0,63,0,47,1,46,86,45,0,44,0,43,50,42,200,41,15,40,528,39,555,38,0,37,159,1330,1594
1773710375,55,54,55,184,56,0,57,33,58,200,59,319,60,504,61,0,62,0,63,0,64,500,65,6,54,741,53,0,52,0,51,0,50,0,49,0,48,0,47,200,46,86,45,0,44,0,1746,1027
1773710376,55,54,55,5,56,10,57,233,58,184,59,319,60,501,61,17,62,0,63,0,64,500,65,6,54,741,53,0,52,0,51,0,50,0,49,200,48,50,47,0,46,86,45,0,44,0,1775,1077
1773710377,55,54,55,30,56,10,57,233,58,184,59,319,60,501,61,17,62,0,63,0,64,500,65,6,54,741,53,0,52,0,51,0,50,0,49,200,48,50,47,0,46,86,45,0,44,22,1800,1099
1773710378,55,54,55,5,56,10,57,233,58,184,59,319,60,501,61,17,62,0,63,0,64,500,65,6,54,741,53,0,52,0,51,0,50,0,49,200,48,50,47,0,46,86,45,0,44,22,1775,1099
1773710379,55,50,55,5,56,0,57,362,58,384,59,0,60,501,61,17,62,0,63,0,64,500,65,6,50,51,49,0,48,0,47,0,46,86,45,0,44,200,43,35,42,0,41,674,40,528,1775,1574
1773710380,55,50,55,5,56,10,57,552,58,0,59,192,60,501,61,17,62,0,63,0,64,500,65,6,50,16,49,43,48,0,47,0,46,86,45,0,44,50,43,235,42,19,41,659,40,528,1783,1636
1773710381,55,50,55,5,56,10,57,552,58,0,59,0,60,501,61,17,62,0,63,0,64,500,65,6,50,16,49,0,48,0,47,0,46,86,45,0,44,50,43,235,42,19,41,659,40,528,1591,1593
1773710382,54,50,54,5,55,15,56,192,57,552,58,0,59,0,60,501,61,17,62,0,63,0,64,500,50,16,49,0,48,0,47,0,46,86,45,0,44,250,43,35,42,0,41,659,40,528,1782,1574
1773710383,54,50,54,5,55,15,56,192,57,552,58,0,59,0,60,501,61,17,62,0,63,0,64,500,50,16,49,46,48,0,47,0,46,93,45,50,44,200,43,35,42,20,41,159,40,8,1782,627
1773710384,54,50,54,5,55,15,56,197,57,552,58,0,59,0,60,501,61,17,62,0,63,0,64,500,50,16,49,0,48,0,47,0,46,93,45,50,44,200,43,35,42,20,41,159,40,8,1787,581
1773710385,55,50,55,15,56,197,57,552,58,0,59,0,60,501,61,17,62,0,63,0,64,500,65,6,50,16,49,0,48,0,47,0,46,93,45,50,44,200,43,35,42,0,41,159,40,8,1788,561
1773710386,55,50,55,15,56,197,57,544,58,0,59,0,60,501,61,17,62,0,63,0,64,500,65,6,50,16,49,0,48,0,47,0,46,93,45,50,44,200,43,35,42,19,41,159,40,0,1780,572
1773710387,54,50,54,5,55,15,56,197,57,544,58,0,59,0,60,501,61,17,62,0,63,0,64,500,50,16,49,0,48,0,47,0,46,93,45,0,44,50,43,235,42,19,41,159,40,0,1779,572
1773710388,54,50,54,5,55,15,56,197,57,544,58,0,59,0,60,506,61,17,62,0,63,0,64,500,50,1,49,0,48,0,47,15,46,93,45,50,44,5,43,235,42,0,41,159,40,0,1784,558
1773710389,54,50,54,5,55,15,56,197,57,544,58,0,59,0,60,506,61,17,62,0,63,0,64,500,50,1,49,0,48,0,47,15,46,93,45,0,44,55,43,7,42,200,41,159,40,0,1784,530
1773710390,55,50,55,10,56,197,57,25,58,200,59,319,60,509,61,0,62,0,63,0,64,500,65,6,50,1,49,0,48,0,47,15,46,93,45,0,44,55,43,7,42,200,41,159,40,0,1766,530
1773710391,56,50,56,10,57,170,58,200,59,319,60,509,61,0,62,0,63,0,64,500,65,6,66,0,50,1,49,0,48,0,47,15,46,93,45,0,44,55,43,7,42,200,41,159,40,0,1714,530
1773710392,56,50,56,10,57,170,58,200,59,319,60,506,61,0,62,0,63,35,64,500,65,6,66,0,50,1,49,0,48,0,47,15,46,93,45,0,44,55,43,0,42,220,41,159,40,0,1746,543
1773710393,56,50,56,10,57,170,58,200,59,319,60,506,61,0,62,0,63,35,64,500,65,6,66,0,50,1,49,0,48,0,47,15,46,86,45,0,44,55,43,0,42,220,41,159,40,0,1746,536
1773710394,55,50,55,34,56,10,57,170,58,200,59,319,60,506,61,0,62,0,63,35,64,500,65,6,50,1,49,0,48,0,47,15,46,86,45,0,44,55,43,0,42,200,41,159,40,0,1780,516
1773710395,55,50,55,39,56,10,57,165,58,200,59,319,60,506,61,0,62,0,63,35,64,500,65,6,50,1,49,0,48,0,47,15,46,86,45,0,44,55,43,0,42,200,41,159,40,0,1780,516
1773710396,55,50,55,39,56,10,57,165,58,200,59,319,60,506,61,0,62,0,63,35,64,500,65,6,50,1,49,0,48,0,47,15,46,86,45,0,44,55,43,0,42,200,41,159,40,0,1780,516
1773710397,55,50,55,39,56,10,57,165,58,200,59,319,60,506,61,0,62,45,63,0,64,500,65,6,50,1,49,0,48,0,47,15,46,86,45,0,44,5,43,50,42,223,41,159,40,0,1790,539
1773710398,55,50,55,39,56,10,57,165,58,200,59,319,60,506,61,0,62,42,63,0,64,500,65,6,50,1,49,0,48,0,47,15,46,86,45,0,44,5,43,50,42,223,41,159,40,0,1787,539
1773710399,55,50,55,39,56,10,57,165,58,200,59,319,60,506,61,0,62,42,63,0,64,500,65,6,50,1,49,0,48,0,47,15,46,86,45,0,44,5,43,50,42,200,41,159,40,0,1787,516
1773710400,55,50,55,39,56,10,57,165,58,200,59,319,60,506,61,0,62,45,63,0,64,500,65,6,50,1,49,0,48,0,47,15,46,86,45,0,44,0,43,50,42,200,41,159,40,0,1790,511
1773710401,55,50,55,39,56,10,57,165,58,200,59,319,60,506,61,0,62,45,63,0,64,500,65,6,50,1,49,0,48,0,47,15,46,86,45,0,44,0,43,50,42,200,41,159,40,0,1790,511
1773710402,55,50,55,39,56,10,57,165,58,200,59,319,60,506,61,0,62,45,63,0,64,500,65,6,50,1,49,0,48,0,47,15,46,86,45,0,44,0,43,50,42,200,41,159,40,0,1790,511
1773710403,55,50,55,39,56,10,57,165,58,200,59,319,60,506,61,0,62,45,63,0,64,500,65,6,50,1,49,0,48,0,47,15,46,86,45,0,44,0,43,50,42,200,41,159,40,0,1790,511
1773710404,55,50,55,39,56,10,57,165,58,200,59,319,60,506,61,0,62,45,63,0,64,500,65,6,50,1,49,0,48,0,47,15,46,86,45,0,44,0,43,50,42,200,41,159,40,0,1790,511
1773710405,55,50,55,39,56,10,57,165,58,200,59,319,60,506,61,0,62,45,63,0,64,500,65,6,50,1,49,0,48,0,47,15,46,86,45,0,44,0,43,50,42,200,41,159,40,0,1790,511
1773710406,58,57,58,200,59,0,60,506,61,0,62,364,63,0,64,500,65,6,66,0,67,115,68,0,57,533,56,0,55,0,54,0,53,0,52,0,51,0,50,0,49,50,48,0,47,215,1691,798
1773710407,58,57,58,230,59,85,60,506,61,0,62,364,63,0,64,500,65,6,66,0,67,115,68,0,57,526,56,0,55,0,54,0,53,0,52,0,51,200,50,0,49,50,48,500,47,535,1806,1811
1773710408,58,57,58,215,59,85,60,506,61,0,62,326,63,0,64,500,65,6,66,0,67,115,68,0,57,526,56,0,55,0,54,0,53,0,52,0,51,200,50,0,49,50,48,500,47,554,1753,1830
1773710409,58,57,58,215,59,85,60,506,61,0,62,326,63,0,64,500,65,6,66,0,67,115,68,0,57,526,56,0,55,0,54,0,53,0,52,0,51,200,50,50,49,0,48,500,47,554,1753,1830
1773710410,58,57,58,215,59,85,60,506,61,0,62,326,63,0,64,500,65,6,66,0,67,115,68,0,57,526,56,0,55,0,54,0,53,0,52,0,51,200,50,0,49,50,48,500,47,535,1753,1811
1773710411,58,57,58,215,59,85,60,506,61,0,62,326,63,0,64,500,65,6,66,0,67,115,68,0,57,526,56,0,55,0,54,0,53,0,52,0,51,0,50,200,49,550,48,0,47,555,1753,1831
1773710412,58,57,58,215,59,85,60,506,61,0,62,326,63,0,64,500,65,6,66,0,67,115,68,0,57,526,56,0,55,0,54,0,53,0,52,0,51,0,50,200,49,550,48,0,47,555,1753,1831
1773710413,58,57,58,215,59,85,60,506,61,0,62,326,63,0,64,500,65,6,66,0,67,115,68,0,57,526,56,0,55,0,54,0,53,0,52,0,51,200,50,50,49,0,48,500,47,535,1753,1811
1773710414,58,57,58,215,59,85,60,506,61,0,62,326,63,0,64,500,65,6,66,0,67,115,68,0,57,526,56,0,55,0,54,0,53,0,52,0,51,0,50,200,49,550,48,0,47,557,1753,1833
1773710415,58,57,58,215,59,85,60,506,61,0,62,326,63,0,64,500,65,6,66,0,67,115,68,0,57,526,56,0,55,0,54,0,53,0,52,0,51,0,50,200,49,550,48,0,47,557,1753,1833
1773710416,58,57,58,215,59,85,60,506,61,0,62,326,63,0,64,500,65,6,66,0,67,115,68,0,57,526,56,0,55,0,54,0,53,0,52,0,51,250,50,0,49,0,48,500,47,535,1753,1811
1773710417,58,57,58,226,59,85,60,506,61,0,62,326,63,0,64,500,65,6,66,0,67,115,68,0,57,526,56,0,55,0,54,0,53,0,52,0,51,0,50,200,49,550,48,0,47,555,1764,1831
1773710418,58,57,58,226,59,85,60,506,61,0,62,319,63,0,64,1207,65,6,66,0,67,115,68,0,57,526,56,0,55,0,54,0,53,0,52,200,51,50,50,0,49,0,48,500,47,555,2464,1831
1773710419,58,57,58,215,59,85,60,506,61,0,62,319,63,0,64,1772,65,6,66,0,67,115,68,0,57,526,56,0,55,0,54,0,53,0,52,200,51,50,50,0,49,0,48,500,47,555,3018,1831
1773710420,58,57,58,215,59,85,60,506,61,0,62,319,63,0,64,1772,65,6,66,0,67,115,68,0,57,526,56,0,55,0,54,0,53,0,52,200,51,50,50,0,49,0,48,500,47,555,3018,1831
1773710421,58,57,58,215,59,85,60,506,61,0,62,319,63,0,64,1207,65,6,66,0,67,115,68,0,57,526,56,0,55,0,54,0,53,0,52,200,51,0,50,500,49,50,48,0,47,535,2453,1811
1773710422,58,57,58,215,59,85,60,506,61,0,62,319,63,0,64,1802,65,6,66,0,67,115,68,0,57,526,56,0,55,0,54,0,53,0,52,200,51,50,50,0,49,0,48,500,47,535,3048,1811
1773710423,58,57,58,215,59,85,60,506,61,0,62,319,63,0,64,1802,65,6,66,0,67,115,68,0,57,526,56,0,55,0,54,0,53,0,52,0,51,0,50,0,49,50,48,700,47,535,3048,1811
1773710424,58,57,58,5,59,87,60,6,61,0,62,0,63,0,64,302,65,6,66,200,67,115,68,0,57,526,56,0,55,0,54,0,53,50,52,0,51,200,50,151,49,0,48,0,47,577,721,1504
1773710425,58,57,58,5,59,0,60,6,61,0,62,2,63,118,64,302,65,256,66,631,67,115,68,0,57,526,56,0,55,0,54,0,53,50,52,0,51,200,50,151,49,0,48,0,47,583,1435,1510
1773710426,58,57,58,5,59,0,60,6,61,0,62,2,63,118,64,302,65,256,66,631,67,115,68,0,57,526,56,0,55,0,54,0,53,200,52,50,51,500,50,151,49,60,48,0,47,535,1435,2022
1773710427,58,57,58,5,59,0,60,6,61,0,62,2,63,118,64,302,65,256,66,633,67,115,68,3,57,526,56,0,55,0,54,0,53,200,52,50,51,500,50,151,49,60,48,0,47,535,1440,2022
1773710428,58,57,58,5,59,0,60,6,61,0,62,2,63,118,64,302,65,256,66,633,67,115,68,3,57,526,56,0,55,0,54,250,53,0,52,0,51,500,50,151,49,60,48,0,47,535,1440,2022
1773710429,58,57,58,5,59,0,60,6,61,0,62,2,63,118,64,302,65,256,66,0,67,122,68,0,57,526,56,0,55,0,54,0,53,200,52,50,51,500,50,151,49,60,48,0,47,535,811,2022
1773710430,58,57,58,5,59,0,60,6,61,0,62,2,63,118,64,302,65,256,66,608,67,122,68,0,57,526,56,0,55,0,54,50,53,200,52,0,51,500,50,239,49,0,48,0,47,535,1419,2050
1773710431,58,57,58,5,59,0,60,6,61,0,62,2,63,118,64,302,65,256,66,608,67,122,68,0,57,526,56,0,55,0,54,250,53,0,52,0,51,500,50,239,49,0,48,0,47,535,1419,2050
1773710432,58,57,58,5,59,0,60,6,61,0,62,2,63,118,64,302,65,256,66,0,67,122,68,0,57,526,56,1420,55,0,54,200,53,0,52,50,51,500,50,239,49,0,48,0,47,535,811,3470
1773710433,58,57,58,5,59,0,60,6,61,0,62,2,63,118,64,302,65,256,66,589,67,122,68,0,57,526,56,1420,55,0,54,0,53,0,52,0,51,50,50,151,49,60,48,0,47,535,1400,2742
1773710434,58,57,58,5,59,0,60,6,61,0,62,2,63,118,64,302,65,256,66,589,67,122,68,0,57,526,56,1420,55,0,54,0,53,0,52,0,51,50,50,151,49,60,48,0,47,535,1400,2742
1773710435,60,57,60,6,61,0,62,2,63,118,64,502,65,56,66,0,67,118,68,0,69,0,70,0,57,526,56,1420,55,0,54,0,53,0,52,0,51,50,50,151,49,60,48,0,47,535,802,2742
1773710436,60,57,60,6,61,0,62,0,63,2,64,91,65,256,66,302,67,615,68,0,69,0,70,31,57,526,56,1420,55,0,54,0,53,0,52,0,51,50,50,151,49,53,48,0,47,535,1303,2735
1773710437,60,57,60,6,61,0,62,0,63,2,64,91,65,256,66,302,67,615,68,0,69,0,70,31,57,526,56,1420,55,0,54,0,53,0,52,0,51,50,50,151,49,53,48,0,47,535,1303,2735
1773710438,60,57,60,6,61,0,62,0,63,2,64,91,65,256,66,931,67,615,68,0,69,0,70,31,57,526,56,1420,55,0,54,0,53,0,52,0,51,50,50,151,49,53,48,0,47,535,1932,2735
1773710439,60,57,60,6,61,0,62,0,63,2,64,91,65,256,66,931,67,615,68,0,69,0,70,31,57,526,56,1420,55,0,54,0,53,0,52,0,51,50,50,151,49,53,48,0,47,535,1932,2735
1773710440,60,57,60,6,61,0,62,0,63,2,64,134,65,256,66,302,67,615,68,0,69,0,70,31,57,526,56,1420,55,0,54,0,53,0,52,0,51,50,50,151,49,53,48,0,47,535,1346,2735
1773710441,63,57,63,15,64,118,65,206,66,905,67,615,68,0,69,0,70,31,71,626,72,976,73,39,57,576,56,1420,55,0,54,0,53,0,52,0,51,0,50,151,49,60,48,0,47,15,3531,2222
1773710442,63,57,63,5,64,89,65,271,66,905,67,615,68,0,69,0,70,31,71,626,72,28,73,39,57,526,56,0,55,0,54,0,53,200,52,50,51,500,50,151,49,60,48,0,47,15,2609,1502
1773710443,63,57,63,5,64,48,65,117,66,302,67,815,68,0,69,3,70,0,71,626,72,28,73,39,57,526,56,0,55,0,54,200,53,0,52,201,51,500,50,35,49,0,48,0,47,15,1983,1477
1773710444,64,58,64,48,65,6,66,0,67,115,68,111,69,501,70,560,71,658,72,28,73,39,74,56,58,50,57,526,56,0,55,0,54,0,53,200,52,151,51,0,50,35,49,0,48,0,2122,962
1773710445,64,58,64,48,65,6,66,0,67,115,68,111,69,501,70,560,71,658,72,3,73,3,74,3,58,50,57,526,56,0,55,0,54,0,53,200,52,151,51,0,50,0,49,60,48,0,2008,987
1773710446,64,58,64,48,65,6,66,0,67,115,68,111,69,501,70,551,71,658,72,3,73,3,74,3,58,50,57,526,56,0,55,0,54,0,53,200,52,151,51,0,50,0,49,60,48,0,1999,987
1773710447,64,58,64,48,65,6,66,0,67,115,68,111,69,501,70,551,71,658,72,3,73,3,74,3,58,50,57,526,56,0,55,0,54,0,53,200,52,151,51,0,50,0,49,60,48,0,1999,987
1773710448,62,58,62,60,63,0,64,43,65,6,66,0,67,115,68,111,69,501,70,0,71,658,72,3,58,50,57,526,56,0,55,0,54,0,53,200,52,151,51,0,50,88,49,0,48,0,1497,1015
1773710449,62,58,62,60,63,0,64,43,65,6,66,0,67,226,68,568,69,501,70,0,71,658,72,3,58,50,57,526,56,0,55,0,54,0,53,200,52,151,51,0,50,88,49,0,48,0,2065,1015
1773710450,62,58,62,60,63,0,64,43,65,6,66,0,67,226,68,568,69,501,70,0,71,658,72,3,58,50,57,526,56,0,55,0,54,0,53,200,52,151,51,15,50,0,49,60,48,0,2065,1002
1773710451,62,58,62,128,63,231,64,43,65,6,66,0,67,115,68,0,69,501,70,619,71,658,72,3,58,50,57,526,56,0,55,0,54,0,53,200,52,151,51,15,50,0,49,60,48,0,2304,1002
1773710452,62,58,62,128,63,231,64,43,65,6,66,0,67,115,68,0,69,544,70,619,71,658,72,3,58,50,57,526,56,0,55,0,54,0,53,200,52,151,51,15,50,35,49,0,48,0,2347,977
1773710453,62,58,62,128,63,231,64,43,65,6,66,0,67,115,68,0,69,501,70,43,71,658,72,3,58,50,57,526,56,0,55,0,54,0,53,200,52,151,51,15,50,88,49,0,48,0,1728,1030
1773710454,62,58,62,128,63,231,64,43,65,6,66,0,67,115,68,243,69,301,70,43,71,658,72,3,58,50,57,526,56,0,55,0,54,0,53,200,52,151,51,15,50,81,49,0,48,0,1771,1023
1773710455,62,58,62,136,63,231,64,0,65,6,66,0,67,115,68,243,69,301,70,660,71,658,72,3,58,50,57,526,56,0,55,0,54,0,53,200,52,151,51,0,50,0,49,60,48,0,2353,987
1773710456,62,58,62,136,63,231,64,0,65,6,66,0,67,115,68,243,69,301,70,660,71,658,72,3,58,50,57,526,56,0,55,0,54,0,53,200,52,151,51,0,50,0,49,60,48,0,2353,987
1773710457,62,58,62,136,63,231,64,0,65,6,66,0,67,115,68,243,69,301,70,43,71,658,72,3,58,50,57,526,56,0,55,0,54,0,53,200,52,151,51,0,50,0,49,60,48,0,1736,987
1773710458,62,58,62,136,63,231,64,0,65,6,66,0,67,115,68,243,69,301,70,43,71,658,72,3,58,50,57,526,56,0,55,0,54,0,53,200,52,151,51,0,50,35,49,0,48,0,1736,962
1773710459,62,58,62,136,63,231,64,0,65,6,66,0,67,115,68,243,69,301,70,627,71,658,72,3,58,50,57,526,56,0,55,0,54,0,53,200,52,151,51,0,50,35,49,0,48,0,2320,962
1773710460,62,58,62,136,63,231,64,0,65,6,66,0,67,115,68,243,69,301,70,43,71,658,72,3,58,50,57,526,56,0,55,0,54,0,53,200,52,151,51,0,50,0,49,60,48,0,1736,987
1773710461,62,58,62,136,63,231,64,0,65,6,66,0,67,115,68,243,69,301,70,43,71,658,72,3,58,50,57,526,56,0,55,0,54,0,53,200,52,151,51,0,50,0,49,60,48,0,1736,987
1773710462,62,58,62,136,63,231,64,0,65,6,66,0,67,115,68,243,69,301,70,636,71,658,72,3,58,50,57,526,56,0,55,0,54,0,53,200,52,151,51,0,50,0,49,60,48,0,2329,987
1773710463,62,58,62,136,63,231,64,0,65,6,66,0,67,115,68,243,69,301,70,636,71,658,72,3,58,50,57,526,56,0,55,0,54,0,53,200,52,151,51,0,50,35,49,0,48,0,2329,962
1773710464,62,58,62,136,63,231,64,0,65,6,66,0,67,115,68,243,69,301,70,678,71,658,72,3,58,50,57,526,56,0,55,0,54,0,53,200,52,151,51,15,50,35,49,0,48,0,2371,977
1773710465,62,58,62,128,63,231,64,0,65,6,66,0,67,115,68,243,69,301,70,678,71,658,72,3,58,50,57,526,56,0,55,0,54,0,53,200,52,151,51,15,50,81,49,0,48,0,2363,1023
1773710466,62,58,62,60,63,231,64,0,65,6,66,0,67,166,68,243,69,301,70,43,71,34,72,3,58,50,57,526,56,0,55,0,54,0,53,200,52,151,51,15,50,0,49,60,48,0,1087,1002
1773710467,62,58,62,60,63,231,64,0,65,6,66,0,67,166,68,243,69,301,70,0,71,34,72,3,58,50,57,526,56,0,55,0,54,0,53,200,52,151,51,15,50,0,49,60,48,0,1044,1002
1773710468,62,58,62,60,63,231,64,0,65,6,66,0,67,166,68,243,69,301,70,0,71,34,72,3,58,50,57,526,56,0,55,0,54,0,53,200,52,151,51,15,50,35,49,0,48,0,1044,977
1773710469,62,58,62,60,63,231,64,0,65,6,66,0,67,166,68,243,69,301,70,0,71,34,72,3,58,50,57,526,56,0,55,0,54,0,53,200,52,151,51,0,50,35,49,0,48,0,1044,962
1773710470,62,58,62,60,63,231,64,0,65,6,66,0,67,166,68,243,69,301,70,0,71,34,72,3,58,50,57,526,56,0,55,0,54,0,53,200,52,151,51,0,50,0,49,53,48,0,1044,980
1773710471,61,57,61,60,62,0,63,231,64,0,65,6,66,109,67,416,68,200,69,0,70,0,71,34,57,526,56,0,55,0,54,50,53,200,52,151,51,0,50,0,49,60,48,0,47,0,1056,987
1773710472,61,57,61,60,62,0,63,231,64,0,65,6,66,109,67,1008,68,200,69,0,70,0,71,34,57,526,56,0,55,50,54,0,53,200,52,151,51,0,50,0,49,60,48,0,47,0,1648,987
1773710473,61,57,61,68,62,0,63,231,64,0,65,6,66,109,67,1008,68,200,69,0,70,0,71,34,57,526,56,0,55,0,54,250,53,0,52,151,51,0,50,35,49,0,48,0,47,0,1656,962
1773710474,61,57,61,68,62,0,63,231,64,0,65,6,66,109,67,416,68,200,69,0,70,0,71,34,57,526,56,0,55,0,54,50,53,200,52,151,51,0,50,35,49,0,48,0,47,0,1064,962
1773710475,61,57,61,68,62,0,63,231,64,0,65,6,66,109,67,995,68,200,69,0,70,0,71,34,57,526,56,0,55,0,54,250,53,0,52,0,51,500,50,151,49,60,48,0,47,0,1643,1487
1773710476,61,57,61,68,62,0,63,231,64,0,65,6,66,109,67,995,68,200,69,0,70,0,71,34,57,526,56,0,55,0,54,250,53,0,52,0,51,500,50,151,49,60,48,0,47,0,1643,1487
1773710477,61,57,61,68,62,0,63,231,64,0,65,6,66,109,67,416,68,200,69,0,70,0,71,34,57,526,56,0,55,50,54,0,53,200,52,151,51,0,50,500,49,60,48,0,47,0,1064,1487
1773710478,61,57,61,68,62,0,63,231,64,0,65,6,66,109,67,416,68,200,69,0,70,0,71,62,57,526,56,0,55,50,54,0,53,200,52,151,51,0,50,35,49,0,48,0,47,0,1092,962
1773710479,61,57,61,68,62,0,63,231,64,0,65,6,66,109,67,416,68,200,69,0,70,0,71,62,57,526,56,0,55,50,54,0,53,200,52,151,51,0,50,0,49,60,48,0,47,0,1092,987
1773710480,61,57,61,68,62,0,63,231,64,0,65,6,66,109,67,416,68,200,69,0,70,0,71,34,57,526,56,0,55,0,54,250,53,0,52,151,51,0,50,0,49,60,48,0,47,0,1064,987
1773710481,61,57,61,68,62,0,63,231,64,0,65,6,66,109,67,416,68,200,69,0,70,0,71,34,57,526,56,0,55,50,54,0,53,200,52,151,51,0,50,88,49,0,48,0,47,0,1064,1015
1773710482,61,57,61,68,62,0,63,231,64,200,65,6,66,109,67,416,68,0,69,0,70,166,71,2,57,526,56,0,55,0,54,0,53,0,52,50,51,200,50,151,49,26,48,0,47,0,1198,953
1773710483,61,57,61,60,62,0,63,288,64,200,65,6,66,52,67,416,68,0,69,0,70,135,71,2,57,526,56,0,55,0,54,0,53,200,52,50,51,0,50,151,49,33,48,0,47,0,1159,960
1773710484,61,57,61,60,62,0,63,231,64,200,65,1,66,109,67,416,68,0,69,0,70,135,71,2,57,526,56,0,55,0,54,0,53,200,52,50,51,0,50,151,49,0,48,35,47,0,1154,962
1773710485,61,57,61,60,62,0,63,231,64,0,65,1,66,109,67,416,68,0,69,0,70,0,71,31,57,526,56,0,55,0,54,50,53,200,52,0,51,0,50,151,49,0,48,96,47,0,848,1023
1773710486,61,57,61,60,62,0,63,231,64,0,65,1,66,109,67,416,68,0,69,0,70,0,71,31,57,526,56,0,55,0,54,0,53,50,52,0,51,200,50,151,49,0,48,0,47,68,848,995
1773710487,61,57,61,60,62,0,63,231,64,0,65,1,66,109,67,416,68,0,69,0,70,0,71,59,57,526,56,0,55,0,54,50,53,200,52,0,51,0,50,151,49,0,48,96,47,0,876,1023
1773710488,61,57,61,60,62,0,63,231,64,0,65,1,66,109,67,416,68,0,69,0,70,0,71,59,57,526,56,0,55,0,54,0,53,0,52,50,51,200,50,151,49,0,48,35,47,0,876,962
1773710489,61,57,61,60,62,0,63,231,64,0,65,1,66,109,67,416,68,0,69,0,70,50,71,2,57,526,56,0,55,0,54,0,53,50,52,0,51,200,50,151,49,0,48,0,47,68,869,995
1773710490,61,57,61,60,62,0,63,231,64,0,65,1,66,109,67,416,68,0,69,0,70,50,71,2,57,526,56,0,55,0,54,0,53,0,52,250,51,0,50,151,49,0,48,0,47,68,869,995
1773710491,62,57,62,60,63,231,64,0,65,1,66,109,67,416,68,0,69,0,70,0,71,31,72,3,57,526,56,0,55,0,54,50,53,200,52,0,51,0,50,151,49,0,48,35,47,0,851,962
1773710492,61,57,61,10,62,60,63,231,64,0,65,1,66,109,67,416,68,0,69,0,70,0,71,31,57,526,56,0,55,0,54,50,53,0,52,200,51,0,50,151,49,0,48,0,47,68,858,995
1773710493,61,57,61,18,62,60,63,231,64,0,65,1,66,109,67,416,68,0,69,0,70,0,71,31,57,526,56,0,55,0,54,0,53,50,52,200,51,0,50,151,49,0,48,0,47,91,866,1018
1773710494,61,57,61,18,62,60,63,231,64,0,65,1,66,109,67,416,68,0,69,0,70,0,71,31,57,526,56,0,55,0,54,0,53,200,52,50,51,0,50,151,49,0,48,35,47,23,866,985
1773710495,61,57,61,18,62,60,63,231,64,0,65,1,66,109,67,416,68,0,69,0,70,0,71,31,57,526,56,0,55,0,54,50,53,0,52,0,51,200,50,151,49,0,48,35,47,0,866,962
1773710496,61,57,61,18,62,60,63,231,64,0,65,1,66,109,67,416,68,0,69,0,70,0,71,31,57,526,56,0,55,0,54,50,53,200,52,0,51,0,50,151,49,0,48,96,47,0,866,1023
1773710497,61,57,61,18,62,60,63,231,64,0,65,1,66,109,67,416,68,0,69,0,70,50,71,2,57,526,56,0,55,0,54,0,53,50,52,0,51,200,50,151,49,0,48,0,47,68,887,995
1773710498,61,57,61,18,62,60,63,231,64,0,65,201,66,0,67,416,68,0,69,0,70,0,71,301,57,526,56,0,55,0,54,0,53,50,52,200,51,0,50,151,49,0,48,0,47,68,1227,995
1773710499,61,57,61,8,62,10,63,231,64,64,65,201,66,45,67,416,68,0,69,0,70,0,71,161,57,526,56,0,55,0,54,0,53,200,52,50,51,0,50,151,49,0,48,96,47,0,1136,1023
1773710500,61,57,61,8,62,10,63,231,64,0,65,1,66,109,67,416,68,0,69,0,70,0,71,27,57,526,56,0,55,0,54,50,53,200,52,0,51,0,50,151,49,0,48,35,47,0,802,962
1773710501,61,57,61,8,62,10,63,231,64,0,65,1,66,109,67,416,68,0,69,0,70,0,71,27,57,526,56,0,55,0,54,0,53,50,52,0,51,200,50,151,49,0,48,0,47,68,802,995
1773710502,62,57,62,10,63,231,64,0,65,1,66,109,67,416,68,0,69,0,70,0,71,27,72,3,57,526,56,0,55,0,54,0,53,200,52,50,51,0,50,151,49,0,48,0,47,68,797,995
1773710503,62,57,62,10,63,231,64,0,65,1,66,109,67,416,68,0,69,0,70,0,71,27,72,3,57,526,56,0,55,0,54,0,53,200,52,50,51,0,50,151,49,0,48,35,47,0,797,962
1773710504,62,58,62,18,63,231,64,0,65,1,66,109,67,416,68,0,69,0,70,44,71,2,72,3,58,15,57,526,56,0,55,0,54,0,53,200,52,50,51,0,50,151,49,0,48,0,824,942
1773710505,62,58,62,15,63,231,64,0,65,1,66,109,67,416,68,0,69,0,70,44,71,2,72,3,58,15,57,526,56,0,55,0,54,0,53,200,52,50,51,500,50,151,49,45,48,22,821,1509
1773710506,62,58,62,15,63,231,64,0,65,1,66,109,67,416,68,0,69,0,70,44,71,2,72,3,58,15,57,526,56,0,55,0,54,0,53,200,52,50,51,500,50,151,49,45,48,22,821,1509
1773710507,62,58,62,15,63,231,64,0,65,1,66,0,67,416,68,0,69,0,70,44,71,2,72,3,58,15,57,526,56,0,55,0,54,0,53,200,52,50,51,0,50,151,49,0,48,0,712,942
1773710508,62,58,62,15,63,231,64,0,65,1,66,0,67,416,68,0,69,0,70,44,71,2,72,3,58,15,57,526,56,0,55,0,54,0,53,200,52,50,51,0,50,151,49,0,48,0,712,942
1773710509,62,58,62,15,63,231,64,0,65,1,66,0,67,416,68,0,69,0,70,44,71,2,72,3,58,15,57,526,56,0,55,0,54,0,53,200,52,50,51,0,50,151,49,0,48,45,712,987
1773710510,62,58,62,15,63,231,64,0,65,1,66,0,67,416,68,0,69,0,70,44,71,2,72,3,58,15,57,526,56,0,55,0,54,0,53,0,52,50,51,200,50,151,49,0,48,66,712,1008
1773710511,62,58,62,15,63,231,64,0,65,1,66,0,67,416,68,0,69,0,70,44,71,2,72,3,58,15,57,526,56,0,55,0,54,0,53,200,52,50,51,0,50,151,49,17,48,21,712,980
1773710512,62,58,62,15,63,231,64,0,65,1,66,0,67,416,68,0,69,0,70,44,71,2,72,3,58,15,57,526,56,0,55,0,54,0,53,0,52,50,51,200,50,151,49,0,48,0,712,942
1773710513,62,58,62,15,63,231,64,200,65,1,66,0,67,416,68,0,69,18,70,0,71,2,72,3,58,15,57,526,56,0,55,0,54,50,53,0,52,0,51,200,50,151,49,30,48,0,886,972
1773710514,62,58,62,7,63,231,64,200,65,1,66,0,67,416,68,0,69,18,70,0,71,2,72,3,58,15,57,526,56,0,55,0,54,50,53,0,52,0,51,200,50,151,49,30,48,0,878,972
1773710515,62,58,62,7,63,231,64,200,65,1,66,0,67,416,68,0,69,18,70,0,71,2,72,3,58,15,57,526,56,0,55,0,54,0,53,50,52,0,51,200,50,151,49,30,48,0,878,972
1773710516,62,58,62,7,63,231,64,200,65,1,66,0,67,416,68,0,69,18,70,0,71,2,72,3,58,15,57,526,56,0,55,0,54,50,53,200,52,0,51,0,50,151,49,0,48,0,878,942
1773710517,62,58,62,7,63,231,64,200,65,1,66,0,67,416,68,0,69,18,70,0,71,2,72,3,58,15,57,526,56,0,55,0,54,0,53,200,52,50,51,0,50,151,49,0,48,133,878,1075
1773710518,62,58,62,7,63,231,64,260,65,1,66,0,67,416,68,0,69,18,70,0,71,2,72,3,58,15,57,526,56,0,55,0,54,50,53,0,52,0,51,200,50,151,49,0,48,61,938,1003
1773710519,62,60,62,7,63,231,64,260,65,1,66,109,67,416,68,0,69,18,70,0,71,2,72,3,60,1,59,1524,58,15,57,525,56,0,55,0,54,50,53,200,52,150,51,0,50,0,1047,2465
1773710520,62,60,62,10,63,207,64,60,65,1,66,109,67,416,68,0,69,0,70,36,71,2,72,3,60,1,59,1524,58,65,57,525,56,0,55,0,54,0,53,0,52,150,51,0,50,0,844,2265
1773710521,62,60,62,18,63,207,64,60,65,1,66,109,67,416,68,0,69,0,70,36,71,2,72,3,60,1,59,1524,58,65,57,525,56,0,55,0,54,0,53,0,52,150,51,0,50,21,852,2286
1773710522,62,60,62,18,63,207,64,60,65,1,66,109,67,416,68,0,69,0,70,36,71,2,72,3,60,1,59,1524,58,65,57,525,56,0,55,0,54,0,53,0,52,150,51,0,50,83,852,2348
1773710523,62,60,62,18,63,207,64,60,65,1,66,109,67,416,68,0,69,0,70,36,71,2,72,3,60,1,59,1524,58,15,57,0,56,0,55,0,54,0,53,50,52,150,51,0,50,62,852,1802
1773710524,62,60,62,18,63,207,64,60,65,1,66,109,67,416,68,0,69,0,70,36,71,2,72,3,60,1,59,1524,58,15,57,0,56,0,55,0,54,0,53,50,52,150,51,0,50,62,852,1802
1773710525,62,60,62,11,63,207,64,60,65,1,66,109,67,416,68,0,69,0,70,36,71,2,72,3,60,1,59,1524,58,15,57,0,56,0,55,0,54,0,53,50,52,150,51,0,50,62,845,1802
1773710526,62,60,62,11,63,207,64,60,65,1,66,109,67,416,68,0,69,0,70,33,71,2,72,3,60,1,59,1524,58,15,57,0,56,0,55,0,54,0,53,50,52,150,51,0,50,64,842,1804
1773710527,62,60,62,11,63,207,64,60,65,1,66,109,67,416,68,0,69,0,70,0,71,55,72,3,60,1,59,1524,58,15,57,0,56,0,55,0,54,0,53,50,52,150,51,0,50,23,862,1763
1773710528,62,60,62,11,63,207,64,60,65,1,66,109,67,416,68,0,69,0,70,0,71,55,72,3,60,1,59,1524,58,15,57,0,56,0,55,0,54,0,53,50,52,150,51,0,50,0,862,1740
1773710529,62,59,62,11,63,207,64,60,65,1,66,109,67,416,68,0,69,0,70,0,71,2,72,56,59,1,58,15,57,0,56,25,55,0,54,0,53,50,52,350,51,0,50,528,49,0,862,969
1773710530,62,59,62,11,63,207,64,60,65,1,66,109,67,416,68,0,69,0,70,0,71,2,72,56,59,1,58,15,57,0,56,25,55,0,54,0,53,50,52,150,51,200,50,20,49,0,862,461
1773710531,62,59,62,3,63,207,64,60,65,1,66,109,67,416,68,0,69,0,70,0,71,2,72,28,59,1,58,15,57,0,56,25,55,0,54,0,53,50,52,150,51,200,50,20,49,0,826,461
1773710532,62,59,62,3,63,207,64,60,65,1,66,109,67,416,68,0,69,0,70,0,71,2,72,28,59,1,58,15,57,0,56,25,55,0,54,0,53,50,52,350,51,0,50,0,49,0,826,441
1773710533,62,54,62,3,63,207,64,60,65,1,66,109,67,416,68,0,69,0,70,0,71,2,72,168,54,51,53,249,52,7,51,0,50,650,49,0,48,85,47,15,46,0,45,0,44,500,966,1557
1773710534,62,54,62,3,63,207,64,60,65,1,66,109,67,416,68,0,69,0,70,0,71,2,72,168,54,51,53,249,52,7,51,0,50,650,49,0,48,85,47,15,46,0,45,21,44,500,966,1578
1773710535,62,54,62,33,63,207,64,60,65,1,66,109,67,416,68,0,69,0,70,0,71,2,72,205,54,51,53,249,52,7,51,0,50,650,49,0,48,85,47,15,46,0,45,21,44,500,1033,1578
1773710536,62,55,62,33,63,207,64,60,65,1,66,109,67,416,68,0,69,0,70,0,71,2,72,205,55,10,54,51,53,249,52,0,51,0,50,650,49,0,48,41,47,15,46,0,45,0,1033,1016
1773710537,62,55,62,33,63,207,64,60,65,1,66,109,67,416,68,0,69,0,70,0,71,2,72,205,55,10,54,51,53,249,52,0,51,0,50,650,49,0,48,41,47,15,46,0,45,21,1033,1037
1773710538,62,55,62,33,63,207,64,60,65,1,66,109,67,416,68,0,69,0,70,0,71,2,72,205,55,10,54,51,53,249,52,0,51,0,50,650,49,0,48,41,47,15,46,0,45,21,1033,1037
1773710539,62,55,62,33,63,207,64,0,65,1,66,109,67,416,68,0,69,0,70,0,71,2,72,205,55,10,54,58,53,249,52,0,51,0,50,650,49,15,48,41,47,0,46,0,45,0,973,1023
1773710540,62,55,62,33,63,207,64,0,65,1,66,109,67,416,68,0,69,0,70,0,71,2,72,205,55,10,54,58,53,249,52,0,51,0,50,650,49,15,48,41,47,0,46,0,45,0,973,1023
1773710541,62,55,62,33,63,207,64,0,65,1,66,109,67,416,68,0,69,0,70,0,71,2,72,205,55,10,54,58,53,249,52,0,51,0,50,650,49,15,48,41,47,0,46,0,45,20,973,1043
1773710542,62,55,62,33,63,207,64,0,65,1,66,109,67,416,68,0,69,0,70,0,71,2,72,205,55,10,54,58,53,249,52,0,51,0,50,650,49,15,48,41,47,0,46,0,45,20,973,1043
1773710543,62,55,62,33,63,207,64,0,65,1,66,109,67,416,68,0,69,0,70,0,71,2,72,205,55,10,54,58,53,249,52,0,51,0,50,650,49,15,48,41,47,0,46,0,45,0,973,1023
1773710544,62,55,62,33,63,207,64,0,65,1,66,109,67,416,68,0,69,0,70,0,71,2,72,205,55,10,54,58,53,249,52,0,51,0,50,650,49,15,48,41,47,0,46,0,45,22,973,1045
1773710545,62,55,62,39,63,207,64,0,65,1,66,109,67,416,68,0,69,0,70,0,71,2,72,205,55,10,54,58,53,249,52,0,51,0,50,650,49,15,48,41,47,0,46,0,45,22,979,1045
1773710546,62,55,62,39,63,207,64,0,65,1,66,109,67,416,68,0,69,0,70,0,71,2,72,205,55,10,54,58,53,249,52,0,51,0,50,650,49,15,48,41,47,0,46,0,45,0,979,1023
1773710547,62,55,62,39,63,207,64,0,65,1,66,109,67,416,68,0,69,0,70,0,71,2,72,205,55,10,54,58,53,249,52,0,51,0,50,650,49,15,48,41,47,0,46,0,45,0,979,1023
1773710548,62,55,62,39,63,207,64,0,65,1,66,109,67,416,68,0,69,0,70,0,71,2,72,205,55,10,54,58,53,249,52,0,51,0,50,650,49,15,48,41,47,0,46,0,45,0,979,1023
1773710549,62,55,62,39,63,207,64,0,65,1,66,109,67,416,68,0,69,0,70,0,71,2,72,205,55,10,54,58,53,249,52,0,51,0,50,650,49,15,48,41,47,0,46,0,45,18,979,1041
1773710550,62,55,62,39,63,207,64,0,65,1,66,109,67,416,68,0,69,0,70,0,71,2,72,205,55,10,54,58,53,249,52,0,51,0,50,650,49,15,48,41,47,0,46,0,45,18,979,1041
1773710551,62,55,62,39,63,207,64,0,65,1,66,109,67,416,68,0,69,0,70,0,71,2,72,205,55,10,54,58,53,249,52,0,51,0,50,650,49,15,48,41,47,0,46,0,45,0,979,1023
1773710552,62,55,62,39,63,207,64,0,65,1,66,109,67,416,68,0,69,0,70,0,71,2,72,205,55,10,54,58,53,249,52,0,51,0,50,650,49,15,48,41,47,0,46,0,45,0,979,1023
1773710553,61,56,61,10,62,66,63,207,64,0,65,1,66,109,67,416,68,0,69,0,70,0,71,2,56,1,55,47,54,0,53,49,52,50,51,200,50,150,49,15,48,0,47,564,46,0,811,1076
1773710554,61,56,61,18,62,66,63,207,64,0,65,1,66,109,67,416,68,0,69,0,70,0,71,2,56,1,55,47,54,0,53,49,52,50,51,200,50,150,49,15,48,0,47,583,46,0,819,1095
1773710555,61,57,61,18,62,66,63,207,64,0,65,1,66,109,67,416,68,0,69,0,70,0,71,2,57,10,56,1,55,0,54,0,53,0,52,37,51,50,50,350,49,15,48,33,47,519,819,1015
1773710556,61,57,61,18,62,66,63,207,64,0,65,1,66,109,67,416,68,0,69,0,70,0,71,2,57,10,56,1,55,0,54,0,53,0,52,37,51,50,50,350,49,15,48,33,47,0,819,496
1773710557,61,57,61,18,62,66,63,207,64,0,65,1,66,109,67,416,68,0,69,0,70,0,71,2,57,10,56,1,55,18,54,0,53,0,52,37,51,50,50,350,49,0,48,0,47,538,819,1004
1773710558,61,57,61,18,62,66,63,207,64,0,65,1,66,109,67,416,68,0,69,0,70,0,71,2,57,10,56,1,55,18,54,0,53,0,52,37,51,50,50,350,49,0,48,0,47,538,819,1004
1773710559,61,57,61,18,62,66,63,207,64,0,65,1,66,109,67,416,68,0,69,0,70,0,71,624,57,10,56,1,55,18,54,0,53,0,52,37,51,50,50,350,49,0,48,0,47,557,1441,1023
1773710560,61,57,61,18,62,66,63,207,64,0,65,1,66,109,67,416,68,0,69,0,70,0,71,624,57,10,56,1,55,18,54,0,53,0,52,37,51,50,50,350,49,0,48,0,47,557,1441,1023
1773710561,61,60,61,18,62,29,63,207,64,0,65,1,66,146,67,416,68,0,69,0,70,0,71,2,60,1,59,1524,58,0,57,0,56,0,55,0,54,0,53,50,52,187,51,0,50,0,819,1762
1773710562,61,60,61,8,62,39,63,207,64,0,65,1,66,146,67,416,68,0,69,0,70,0,71,88,60,1,59,1524,58,0,57,0,56,0,55,0,54,0,53,50,52,187,51,0,50,21,905,1783
1773710563,61,60,61,8,62,39,63,207,64,0,65,1,66,146,67,416,68,0,69,0,70,0,71,88,60,1,59,1524,58,0,57,0,56,0,55,0,54,0,53,50,52,187,51,0,50,81,905,1843
1773710564,62,60,62,39,63,207,64,0,65,1,66,146,67,416,68,0,69,0,70,0,71,88,72,3,60,1,59,1524,58,0,57,0,56,0,55,0,54,0,53,50,52,187,51,0,50,60,900,1822
1773710565,62,60,62,47,63,207,64,0,65,1,66,146,67,416,68,0,69,0,70,0,71,88,72,3,60,1,59,1524,58,0,57,0,56,0,55,0,54,0,53,50,52,187,51,0,50,81,908,1843
1773710566,62,60,62,18,63,207,64,0,65,1,66,146,67,416,68,0,69,0,70,0,71,88,72,3,60,10,59,1524,58,0,57,0,56,0,55,0,54,0,53,50,52,187,51,0,50,81,879,1852
1773710567,62,60,62,18,63,207,64,0,65,1,66,146,67,416,68,0,69,0,70,0,71,88,72,3,60,1,59,1524,58,0,57,0,56,0,55,0,54,0,53,50,52,187,51,0,50,60,879,1822
1773710568,62,60,62,18,63,207,64,0,65,1,66,146,67,416,68,0,69,0,70,0,71,88,72,3,60,1,59,1524,58,0,57,0,56,0,55,0,54,0,53,50,52,187,51,0,50,60,879,1822
1773710569,62,60,62,18,63,207,64,0,65,1,66,146,67,416,68,0,69,0,70,0,71,80,72,3,60,31,59,1524,58,0,57,0,56,0,55,0,54,0,53,50,52,200,51,0,50,0,871,1805
1773710570,62,60,62,18,63,207,64,0,65,1,66,146,67,416,68,0,69,0,70,0,71,80,72,3,60,31,59,1524,58,0,57,0,56,0,55,0,54,0,53,50,52,192,51,0,50,0,871,1797
1773710571,62,55,62,18,63,207,64,0,65,1,66,146,67,416,68,0,69,0,70,0,71,80,72,3,55,32,54,33,53,50,52,187,51,230,50,0,49,0,48,374,47,15,46,0,45,0,871,921
1773710572,61,56,61,10,62,45,63,207,64,0,65,1,66,109,67,416,68,0,69,0,70,0,71,80,56,31,55,32,54,0,53,50,52,187,51,200,50,22,49,0,48,374,47,15,46,0,868,911
1773710573,61,53,61,8,62,47,63,207,64,0,65,1,66,109,67,416,68,0,69,0,70,0,71,80,53,38,52,37,51,0,50,250,49,0,48,374,47,165,46,22,45,0,44,0,43,0,868,886
1773710574,61,53,61,8,62,47,63,207,64,0,65,1,66,109,67,416,68,0,69,0,70,0,71,80,53,38,52,37,51,50,50,0,49,200,48,374,47,650,46,22,45,0,44,0,43,34,868,1405
1773710575,61,53,61,8,62,47,63,207,64,0,65,1,66,109,67,416,68,0,69,0,70,0,71,80,53,38,52,37,51,50,50,200,49,0,48,374,47,650,46,22,45,0,44,0,43,34,868,1405
1773710576,62,53,62,47,63,207,64,0,65,201,66,109,67,416,68,0,69,0,70,0,71,88,72,3,53,7,52,37,51,50,50,0,49,200,48,874,47,150,46,30,45,0,44,0,43,15,1071,1363
1773710577,62,53,62,47,63,207,64,85,65,201,66,0,67,416,68,0,69,0,70,0,71,88,72,3,53,17,52,37,51,250,50,0,49,0,48,874,47,150,46,30,45,0,44,0,43,15,1047,1373
1773710578,61,53,61,46,62,47,63,207,64,85,65,201,66,0,67,416,68,0,69,0,70,0,71,333,53,10,52,94,51,0,50,0,49,200,48,874,47,229,46,0,45,0,44,0,43,36,1335,1443
1773710579,61,53,61,46,62,47,63,207,64,85,65,201,66,0,67,416,68,0,69,0,70,0,71,153,53,10,52,44,51,0,50,0,49,50,48,700,47,196,46,0,45,0,44,0,43,36,1155,1036
1773710580,61,53,61,46,62,47,63,207,64,0,65,201,66,0,67,416,68,0,69,0,70,0,71,153,53,10,52,44,51,50,50,0,49,0,48,700,47,196,46,0,45,0,44,0,43,15,1070,1015
1773710581,61,53,61,46,62,47,63,207,64,0,65,201,66,0,67,416,68,0,69,0,70,0,71,153,53,10,52,44,51,0,50,200,49,50,48,500,47,196,46,0,45,0,44,0,43,15,1070,1015
1773710582,61,53,61,46,62,47,63,207,64,0,65,201,66,31,67,416,68,0,69,0,70,0,71,153,53,10,52,44,51,0,50,200,49,50,48,500,47,196,46,0,45,0,44,0,43,37,1101,1037
1773710583,61,53,61,46,62,47,63,207,64,0,65,201,66,31,67,416,68,0,69,0,70,0,71,153,53,10,52,44,51,250,50,0,49,5,48,500,47,198,46,0,45,0,44,0,43,37,1101,1044
1773710584,61,53,61,46,62,47,63,207,64,0,65,201,66,31,67,416,68,0,69,0,70,0,71,153,53,10,52,44,51,0,50,0,49,55,48,200,47,150,46,53,45,0,44,500,43,15,1101,1027
1773710585,61,53,61,46,62,47,63,207,64,0,65,201,66,31,67,416,68,0,69,624,70,179,71,2,53,10,52,44,51,0,50,50,49,205,48,0,47,150,46,53,45,519,44,0,43,15,1753,1046
1773710586,61,53,61,46,62,47,63,207,64,0,65,201,66,31,67,416,68,0,69,624,70,179,71,2,53,10,52,44,51,0,50,50,49,205,48,0,47,150,46,53,45,519,44,0,43,15,1753,1046
1773710587,61,53,61,46,62,47,63,207,64,0,65,32,66,200,67,416,68,0,69,49,70,0,71,2,53,10,52,44,51,0,50,0,49,55,48,200,47,150,46,35,45,0,44,500,43,15,999,1009
1773710588,61,53,61,46,62,47,63,207,64,0,65,32,66,200,67,416,68,0,69,21,70,0,71,2,53,10,52,44,51,0,50,0,49,55,48,200,47,150,46,35,45,0,44,500,43,15,971,1009
1773710589,61,53,61,46,62,47,63,207,64,0,65,32,66,200,67,416,68,0,69,10,70,0,71,2,53,10,52,44,51,0,50,0,49,5,48,50,47,350,46,25,45,683,44,500,43,15,960,1682
1773710590,61,53,61,46,62,47,63,207,64,0,65,32,66,0,67,416,68,0,69,10,70,0,71,2,53,10,52,44,51,0,50,0,49,5,48,50,47,350,46,25,45,683,44,500,43,15,760,1682
1773710591,61,56,61,46,62,10,63,207,64,0,65,1,66,37,67,416,68,0,69,38,70,0,71,2,56,9,55,850,54,0,53,0,52,37,51,0,50,0,49,205,48,200,47,0,46,0,757,1301
1773710592,61,56,61,46,62,10,63,207,64,0,65,1,66,68,67,416,68,0,69,38,70,0,71,2,56,9,55,850,54,0,53,0,52,37,51,0,50,50,49,155,48,0,47,0,46,0,788,1101
1773710593,61,56,61,46,62,10,63,207,64,0,65,1,66,68,67,416,68,0,69,10,70,0,71,2,56,9,55,850,54,0,53,0,52,37,51,0,50,50,49,155,48,0,47,0,46,0,760,1101
1773710594,61,56,61,46,62,10,63,207,64,0,65,1,66,68,67,416,68,0,69,10,70,0,71,2,56,9,55,850,54,0,53,0,52,37,51,0,50,50,49,155,48,0,47,0,46,20,760,1121
1773710595,61,58,61,46,62,10,63,207,64,0,65,1,66,268,67,416,68,0,69,10,70,0,71,2,58,1488,57,0,56,65,55,850,54,0,53,0,52,37,51,150,50,0,49,5,48,0,960,2595
1773710596,61,58,61,46,62,10,63,207,64,0,65,32,66,237,67,416,68,0,69,10,70,0,71,2,58,1488,57,0,56,65,55,850,54,0,53,0,52,37,51,150,50,0,49,0,48,500,960,3090
1773710597,62,59,62,10,63,207,64,0,65,32,66,237,67,416,68,0,69,10,70,0,71,2,72,3,59,5,58,1488,57,0,56,65,55,850,54,0,53,0,52,37,51,150,50,0,49,0,917,2595
1773710598,62,59,62,10,63,212,64,0,65,32,66,237,67,416,68,0,69,10,70,0,71,2,72,3,59,5,58,1488,57,0,56,65,55,850,54,0,53,0,52,37,51,150,50,0,49,19,922,2614
1773710599,62,59,62,10,63,212,64,0,65,32,66,237,67,416,68,0,69,10,70,0,71,2,72,3,59,5,58,1488,57,0,56,65,55,850,54,0,53,0,52,37,51,150,50,0,49,0,922,2595
1773710600,62,59,62,10,63,212,64,0,65,32,66,237,67,416,68,0,69,10,70,0,71,2,72,3,59,5,58,1488,57,0,56,65,55,850,54,0,53,0,52,37,51,150,50,0,49,0,922,2595
1773710601,62,59,62,10,63,212,64,0,65,32,66,237,67,416,68,0,69,10,70,0,71,2,72,3,59,5,58,1488,57,0,56,65,55,850,54,0,53,0,52,37,51,150,50,0,49,20,922,2615
1773710602,62,59,62,10,63,212,64,0,65,32,66,237,67,416,68,0,69,10,70,0,71,2,72,3,59,5,58,1488,57,0,56,65,55,850,54,0,53,0,52,37,51,150,50,0,49,20,922,2615
1773710603,62,59,62,10,63,212,64,0,65,32,66,237,67,416,68,0,69,0,70,37,71,2,72,3,59,5,58,1488,57,0,56,65,55,850,54,0,53,0,52,37,51,150,50,0,49,203,949,2798
1773710604,62,59,62,10,63,212,64,0,65,32,66,237,67,416,68,0,69,0,70,37,71,2,72,3,59,5,58,1488,57,0,56,65,55,850,54,0,53,0,52,37,51,150,50,19,49,63,949,2677
1773710605,62,57,62,10,63,212,64,0,65,32,66,237,67,416,68,0,69,0,70,37,71,2,72,3,57,5,56,65,55,850,54,0,53,0,52,37,51,150,50,19,49,28,48,0,47,0,949,1154
1773710606,62,57,62,10,63,212,64,0,65,1,66,68,67,416,68,0,69,0,70,20,71,2,72,3,57,5,56,65,55,850,54,0,53,0,52,37,51,150,50,0,49,28,48,0,47,0,732,1135
1773710607,57,56,57,915,58,0,59,0,60,0,61,0,62,10,63,207,64,299,65,1,66,68,67,115,56,65,55,850,54,0,53,0,52,37,51,0,50,0,49,150,48,0,47,0,46,22,1615,1124
1773710608,62,56,62,10,63,238,64,0,65,1,66,536,67,115,68,780,69,0,70,0,71,2,72,1078,56,15,55,850,54,0,53,0,52,37,51,0,50,50,49,150,48,0,47,0,46,417,2760,1519
1773710609,56,55,56,893,57,0,58,0,59,0,60,0,61,200,62,309,63,207,64,0,65,1,66,37,55,850,54,0,53,0,52,37,51,0,50,50,49,150,48,0,47,0,46,395,45,663,1647,2145
1773710610,55,53,55,38,56,0,57,0,58,0,59,0,60,0,61,299,62,15,63,407,64,0,65,1,53,51,52,0,51,50,50,237,49,150,48,0,47,500,46,379,45,663,44,0,43,0,760,2030
1773710611,62,53,62,176,63,207,64,0,65,300,66,237,67,115,68,0,69,38,70,0,71,2,72,1088,53,1,52,7,51,65,50,237,49,150,48,0,47,500,46,379,45,663,44,0,43,0,2163,2002
1773710612,55,54,55,888,56,0,57,0,58,0,59,0,60,200,61,304,62,25,63,207,64,0,65,1,54,4,53,1,52,0,51,72,50,237,49,150,48,0,47,500,46,360,45,0,44,0,1625,1324
1773710613,61,53,61,34,62,30,63,207,64,151,65,1,66,37,67,414,68,0,69,0,70,0,71,579,53,4,52,44,51,15,50,0,49,350,48,50,47,500,46,332,45,3,44,0,43,0,1453,1298
1773710614,61,53,61,34,62,25,63,207,64,0,65,1,66,188,67,414,68,0,69,0,70,0,71,579,53,43,52,44,51,65,50,200,49,150,48,0,47,527,46,332,45,0,44,0,43,891,1448,2252
1773710615,61,53,61,34,62,25,63,207,64,0,65,1,66,188,67,414,68,0,69,0,70,0,71,2,53,43,52,44,51,65,50,200,49,150,48,0,47,527,46,332,45,0,44,0,43,0,871,1361
1773710616,61,55,61,34,62,10,63,207,64,0,65,16,66,188,67,414,68,0,69,0,70,0,71,34,55,30,54,15,53,161,52,297,51,0,50,0,49,0,48,0,47,500,46,332,45,0,903,1335
1773710617,61,55,61,34,62,10,63,207,64,0,65,16,66,188,67,414,68,0,69,0,70,0,71,655,55,30,54,15,53,161,52,297,51,0,50,0,49,0,48,0,47,500,46,1223,45,0,1524,2226
1773710618,61,55,61,34,62,10,63,207,64,0,65,16,66,188,67,414,68,0,69,0,70,0,71,655,55,30,54,15,53,361,52,97,51,0,50,0,49,0,48,0,47,500,46,1223,45,0,1524,2226
1773710619,59,54,59,10,60,60,61,234,62,0,63,207,64,500,65,315,66,37,67,392,68,0,69,0,54,15,53,54,52,1339,51,0,50,0,49,150,48,0,47,58,46,1223,45,0,44,0,1755,2839
1773710620,59,54,59,25,60,60,61,234,62,0,63,358,64,500,65,300,66,37,67,395,68,0,69,0,54,5,53,69,52,1339,51,0,50,0,49,150,48,0,47,58,46,1223,45,0,44,0,1909,2844
1773710621,59,54,59,25,60,60,61,234,62,0,63,358,64,500,65,300,66,37,67,395,68,0,69,0,54,5,53,69,52,1339,51,0,50,0,49,150,48,0,47,30,46,332,45,0,44,0,1909,1925
1773710622,59,54,59,25,60,60,61,234,62,0,63,207,64,500,65,300,66,37,67,395,68,0,69,0,54,5,53,69,52,1339,51,0,50,0,49,150,48,0,47,30,46,332,45,0,44,0,1758,1925
1773710623,59,54,59,25,60,60,61,234,62,0,63,207,64,651,65,300,66,37,67,395,68,0,69,0,54,5,53,69,52,1339,51,0,50,0,49,150,48,28,47,0,46,1223,45,0,44,0,1909,2814
1773710624,59,54,59,25,60,60,61,234,62,0,63,207,64,651,65,300,66,37,67,395,68,0,69,0,54,5,53,69,52,1339,51,0,50,0,49,150,48,28,47,891,46,332,45,0,44,0,1909,2814
1773710625,59,53,59,25,60,60,61,234,62,0,63,707,64,151,65,300,66,37,67,423,68,0,69,0,53,69,52,1339,51,0,50,0,49,0,48,0,47,891,46,482,45,3,44,0,43,0,1937,2784
1773710626,59,53,59,25,60,60,61,234,62,0,63,707,64,151,65,300,66,37,67,423,68,0,69,0,53,69,52,1339,51,0,50,0,49,0,48,0,47,891,46,482,45,3,44,0,43,0,1937,2784
1773710627,56,53,56,10,57,60,58,0,59,0,60,15,61,234,62,0,63,506,64,0,65,1,66,37,53,69,52,1339,51,0,50,0,49,0,48,0,47,0,46,482,45,3,44,0,43,0,863,1893
1773710628,56,53,56,10,57,60,58,0,59,34,60,480,61,0,62,200,63,506,64,0,65,1,66,37,53,69,52,1339,51,0,50,0,49,0,48,0,47,0,46,482,45,3,44,0,43,0,1328,1893
1773710629,56,53,56,10,57,60,58,0,59,34,60,480,61,0,62,200,63,506,64,0,65,1,66,51,53,19,52,37,51,0,50,0,49,50,48,200,47,891,46,982,45,3,44,0,43,0,1342,2182
1773710630,56,53,56,10,57,60,58,0,59,34,60,480,61,0,62,200,63,506,64,0,65,1,66,614,53,19,52,37,51,0,50,0,49,50,48,200,47,1100,46,650,45,3,44,0,43,0,1905,2059
1773710631,56,53,56,10,57,60,58,0,59,34,60,480,61,0,62,200,63,506,64,0,65,1,66,614,53,19,52,37,51,0,50,0,49,50,48,200,47,1100,46,650,45,31,44,0,43,0,1905,2087
1773710632,56,53,56,10,57,60,58,0,59,34,60,480,61,0,62,0,63,506,64,0,65,1,66,51,53,19,52,37,51,0,50,200,49,50,48,0,47,1100,46,650,45,31,44,0,43,0,1142,2087
1773710633,56,53,56,10,57,60,58,0,59,34,60,480,61,0,62,151,63,506,64,0,65,1,66,623,53,19,52,37,51,0,50,0,49,241,48,0,47,209,46,150,45,500,44,46,43,0,1865,1202
1773710634,56,53,56,10,57,60,58,0,59,34,60,480,61,0,62,151,63,506,64,0,65,1,66,623,53,19,52,37,51,0,50,0,49,41,48,200,47,209,46,150,45,500,44,46,43,0,1865,1202
1773710635,56,53,56,10,57,60,58,0,59,34,60,480,61,0,62,151,63,506,64,0,65,1,66,79,53,19,52,37,51,0,50,41,49,200,48,0,47,1100,46,150,45,500,44,46,43,0,1321,2093
1773710636,56,53,56,10,57,60,58,0,59,34,60,480,61,0,62,151,63,506,64,0,65,1,66,665,53,4,52,37,51,0,50,41,49,0,48,200,47,1100,46,165,45,473,44,40,43,0,1907,2060
1773710637,56,53,56,10,57,60,58,0,59,34,60,480,61,0,62,151,63,506,64,0,65,1,66,665,53,4,52,37,51,0,50,0,49,241,48,0,47,1100,46,665,45,473,44,68,43,0,1907,2588
1773710638,56,53,56,10,57,60,58,0,59,34,60,480,61,0,62,151,63,506,64,0,65,1,66,51,53,4,52,37,51,0,50,0,49,241,48,0,47,1100,46,665,45,0,44,68,43,0,1293,2115
1773710639,56,53,56,10,57,60,58,0,59,34,60,480,61,0,62,151,63,506,64,0,65,1,66,51,53,4,52,44,51,0,50,41,49,200,48,0,47,209,46,665,45,0,44,68,43,0,1293,1231
1773710640,56,53,56,10,57,60,58,0,59,34,60,480,61,0,62,151,63,506,64,0,65,1,66,655,53,4,52,44,51,0,50,41,49,200,48,0,47,209,46,665,45,0,44,92,43,0,1897,1255
1773710641,56,53,56,10,57,60,58,0,59,34,60,480,61,0,62,151,63,506,64,0,65,1,66,655,53,4,52,44,51,41,50,0,49,200,48,15,47,1100,46,650,45,0,44,92,43,0,1897,2146
1773710642,56,53,56,10,57,60,58,0,59,34,60,480,61,0,62,151,63,506,64,0,65,1,66,65,53,4,52,44,51,41,50,0,49,200,48,15,47,1100,46,650,45,0,44,92,43,0,1307,2146
1773710643,56,53,56,10,57,60,58,0,59,34,60,480,61,0,62,151,63,506,64,0,65,1,66,655,53,4,52,44,51,0,50,241,49,0,48,15,47,1100,46,650,45,0,44,92,43,0,1897,2146
1773710644,56,53,56,10,57,60,58,0,59,34,60,480,61,0,62,151,63,506,64,0,65,1,66,655,53,4,52,44,51,41,50,0,49,200,48,15,47,1100,46,650,45,0,44,92,43,0,1897,2146
1773710645,56,53,56,10,57,60,58,0,59,34,60,480,61,0,62,151,63,506,64,0,65,1,66,65,53,4,52,44,51,0,50,241,49,0,48,15,47,209,46,650,45,0,44,92,43,0,1307,1255
1773710646,56,53,56,10,57,60,58,0,59,34,60,480,61,0,62,151,63,506,64,0,65,1,66,65,53,4,52,44,51,0,50,241,49,0,48,15,47,209,46,650,45,0,44,92,43,0,1307,1255
1773710647,56,53,56,10,57,60,58,0,59,34,60,480,61,0,62,151,63,506,64,0,65,1,66,65,53,4,52,44,51,41,50,0,49,0,48,200,47,1115,46,650,45,0,44,92,43,0,1307,2146
1773710648,56,53,56,10,57,60,58,0,59,34,60,480,61,0,62,151,63,506,64,0,65,1,66,65,53,4,52,44,51,0,50,200,49,41,48,0,47,1115,46,650,45,0,44,92,43,0,1307,2146
1773710649,56,53,56,10,57,60,58,0,59,34,60,480,61,0,62,151,63,506,64,0,65,1,66,65,53,4,52,44,51,0,50,0,49,241,48,891,47,224,46,650,45,0,44,92,43,0,1307,2146
1773710650,56,53,56,60,57,60,58,0,59,34,60,480,61,0,62,151,63,506,64,0,65,1,66,51,53,4,52,44,51,0,50,0,49,241,48,891,47,224,46,650,45,0,44,63,43,0,1343,2117
1773710651,55,53,55,10,56,50,57,60,58,0,59,34,60,480,61,299,62,151,63,207,64,0,65,1,53,4,52,7,51,0,50,0,49,41,48,37,47,424,46,150,45,0,44,563,43,0,1292,1226
1773710652,55,53,55,10,56,50,57,60,58,0,59,34,60,0,61,314,62,151,63,207,64,0,65,22,53,4,52,27,51,0,50,0,49,15,48,78,47,200,46,150,45,500,44,267,43,0,848,1241
1773710653,55,53,55,10,56,50,57,60,58,0,59,34,60,0,61,314,62,151,63,207,64,0,65,22,53,4,52,27,51,0,50,0,49,56,48,1128,47,0,46,150,45,939,44,267,43,0,848,2571
1773710654,55,53,55,10,56,50,57,60,58,0,59,34,60,0,61,314,62,151,63,207,64,0,65,22,53,4,52,27,51,0,50,0,49,56,48,928,47,0,46,150,45,439,44,232,43,0,848,1836
1773710655,55,53,55,10,56,50,57,60,58,0,59,0,60,0,61,314,62,351,63,207,64,0,65,22,53,4,52,27,51,0,50,0,49,15,48,928,47,241,46,150,45,500,44,232,43,0,1014,2097
1773710656,55,53,55,10,56,50,57,60,58,0,59,0,60,0,61,314,62,351,63,207,64,0,65,644,53,4,52,27,51,0,50,0,49,15,48,969,47,200,46,150,45,494,44,208,43,0,1636,2067
1773710657,55,53,55,10,56,50,57,60,58,0,59,0,60,0,61,314,62,351,63,207,64,0,65,644,53,4,52,27,51,0,50,0,49,15,48,78,47,200,46,150,45,494,44,208,43,0,1636,1176
1773710658,55,53,55,10,56,50,57,60,58,0,59,0,60,0,61,314,62,351,63,207,64,0,65,22,53,4,52,27,51,0,50,0,49,41,48,37,47,200,46,165,45,500,44,208,43,0,1014,1182
1773710659,55,53,55,10,56,50,57,60,58,0,59,0,60,0,61,314,62,351,63,207,64,0,65,560,53,4,52,27,51,0,50,0,49,41,48,928,47,200,46,165,45,492,44,708,43,0,1552,2565
1773710660,55,53,55,10,56,50,57,60,58,0,59,0,60,200,61,314,62,651,63,207,64,0,65,539,53,4,52,7,51,1275,50,0,49,0,48,969,47,200,46,165,45,492,44,704,43,32,2031,3848
1773710661,55,53,55,10,56,50,57,60,58,0,59,0,60,200,61,314,62,651,63,207,64,0,65,1,53,4,52,16,51,1275,50,0,49,0,48,969,47,0,46,165,45,0,44,204,43,32,1493,2665
1773710662,55,53,55,10,56,50,57,60,58,0,59,0,60,200,61,314,62,651,63,207,64,0,65,1,53,4,52,16,51,1275,50,0,49,0,48,969,47,0,46,165,45,0,44,246,43,0,1493,2675
1773710663,55,53,55,10,56,50,57,60,58,0,59,0,60,200,61,314,62,1286,63,207,64,0,65,1,53,4,52,31,51,1275,50,0,49,0,48,78,47,0,46,150,45,0,44,204,43,39,2128,1781
1773710664,55,53,55,10,56,50,57,60,58,0,59,0,60,200,61,314,62,1286,63,207,64,0,65,1,53,4,52,31,51,1275,50,0,49,0,48,78,47,0,46,150,45,0,44,204,43,32,2128,1774
1773710665,55,53,55,10,56,50,57,60,58,0,59,0,60,200,61,314,62,651,63,207,64,0,65,1,53,4,52,31,51,1275,50,0,49,0,48,969,47,0,46,150,45,0,44,204,43,32,1493,2665
1773710666,56,53,56,30,57,60,58,0,59,0,60,200,61,314,62,651,63,207,64,0,65,1,66,363,53,4,52,31,51,1275,50,0,49,0,48,969,47,0,46,150,45,0,44,204,43,32,1826,2665
1773710667,56,53,56,30,57,60,58,0,59,44,60,200,61,473,62,500,63,207,64,0,65,1,66,992,53,4,52,31,51,1275,50,0,49,0,48,969,47,0,46,150,45,0,44,204,43,39,2507,2672
1773710668,56,53,56,30,57,60,58,0,59,44,60,200,61,458,62,500,63,207,64,0,65,1,66,992,53,4,52,72,51,1275,50,0,49,0,48,928,47,0,46,150,45,0,44,204,43,85,2492,2718
1773710669,56,53,56,30,57,60,58,0,59,44,60,359,61,299,62,500,63,207,64,0,65,1,66,335,53,4,52,72,51,1275,50,0,49,0,48,37,47,0,46,150,45,0,44,204,43,39,1835,1781
1773710670,56,53,56,30,57,60,58,0,59,44,60,159,61,299,62,0,63,207,64,0,65,1,66,58,53,4,52,31,51,0,50,41,49,265,48,928,47,608,46,150,45,0,44,204,43,39,858,2270
1773710671,54,53,54,60,55,0,56,30,57,0,58,0,59,44,60,0,61,499,62,0,63,207,64,0,53,4,52,31,51,0,50,41,49,265,48,928,47,608,46,150,45,0,44,204,43,0,840,2231
1773710672,54,53,54,60,55,0,56,30,57,0,58,0,59,44,60,0,61,499,62,0,63,207,64,0,53,4,52,31,51,0,50,41,49,265,48,928,47,608,46,150,45,0,44,204,43,0,840,2231
1773710673,54,53,54,60,55,0,56,30,57,0,58,0,59,44,60,0,61,499,62,132,63,207,64,56,53,4,52,16,51,0,50,56,49,265,48,928,47,608,46,150,45,0,44,204,43,0,1028,2231
1773710674,54,53,54,60,55,0,56,30,57,0,58,0,59,44,60,0,61,1130,62,132,63,207,64,56,53,4,52,16,51,0,50,56,49,265,48,928,47,608,46,150,45,0,44,204,43,0,1659,2231
1773710675,54,53,54,60,55,0,56,30,57,0,58,0,59,44,60,0,61,1130,62,132,63,207,64,56,53,4,52,16,51,0,50,56,49,265,48,37,47,608,46,150,45,0,44,204,43,56,1659,1396
1773710676,54,53,54,60,55,0,56,30,57,0,58,0,59,44,60,0,61,499,62,132,63,207,64,56,53,4,52,16,51,0,50,56,49,265,48,928,47,608,46,150,45,0,44,204,43,56,1028,2287
1773710677,54,53,54,60,55,0,56,30,57,0,58,0,59,44,60,0,61,499,62,132,63,207,64,56,53,4,52,16,51,0,50,56,49,265,48,928,47,608,46,150,45,0,44,204,43,56,1028,2287
1773710678,54,53,54,60,55,0,56,30,57,0,58,0,59,44,60,0,61,1128,62,132,63,207,64,56,53,4,52,16,51,0,50,56,49,265,48,928,47,608,46,150,45,0,44,204,43,43,1657,2274
1773710679,54,53,54,60,55,0,56,30,57,0,58,434,59,44,60,689,61,1128,62,0,63,207,64,56,53,4,52,16,51,0,50,56,49,265,48,928,47,608,46,150,45,0,44,15,43,0,2648,2042
1773710680,54,53,54,60,55,0,56,30,57,0,58,434,59,44,60,689,61,499,62,0,63,207,64,56,53,4,52,16,51,0,50,56,49,265,48,928,47,608,46,150,45,0,44,15,43,0,2019,2042
1773710681,54,53,54,60,55,0,56,30,57,0,58,434,59,44,60,689,61,499,62,0,63,207,64,56,53,4,52,16,51,1275,50,56,49,265,48,37,47,608,46,150,45,0,44,15,43,0,2019,2426
1773710682,54,53,54,60,55,0,56,30,57,0,58,434,59,244,60,689,61,299,62,0,63,207,64,56,53,4,52,16,51,1275,50,56,49,265,48,37,47,608,46,150,45,0,44,0,43,50,2019,2461
1773710683,54,53,54,60,55,0,56,30,57,0,58,434,59,200,60,689,61,299,62,0,63,207,64,56,53,4,52,16,51,1275,50,56,49,265,48,928,47,608,46,150,45,0,44,0,43,43,1975,3345
1773710684,54,53,54,60,55,0,56,0,57,0,58,434,59,200,60,689,61,299,62,0,63,207,64,84,53,4,52,16,51,1275,50,56,49,265,48,928,47,608,46,150,45,0,44,0,43,43,1973,3345
1773710685,54,53,54,60,55,0,56,0,57,0,58,434,59,200,60,689,61,299,62,0,63,207,64,56,53,4,52,16,51,1275,50,56,49,265,48,928,47,608,46,150,45,0,44,15,43,0,1945,3317
1773710686,54,53,54,60,55,0,56,0,57,0,58,434,59,200,60,689,61,299,62,0,63,207,64,56,53,4,52,16,51,1275,50,56,49,265,48,928,47,608,46,150,45,0,44,15,43,0,1945,3317
1773710687,54,53,54,60,55,0,56,0,57,0,58,434,59,359,60,530,61,299,62,0,63,207,64,56,53,4,52,31,51,1275,50,41,49,265,48,37,47,608,46,150,45,0,44,0,43,0,1945,2411
1773710688,54,53,54,60,55,0,56,0,57,0,58,434,59,159,60,530,61,299,62,0,63,207,64,56,53,4,52,31,51,1275,50,41,49,265,48,928,47,608,46,150,45,0,44,0,43,0,1745,3302
1773710689,54,53,54,60,55,0,56,0,57,0,58,434,59,159,60,530,61,299,62,0,63,207,64,56,53,4,52,31,51,1275,50,41,49,265,48,928,47,608,46,150,45,0,44,0,43,0,1745,3302
1773710690,54,53,54,60,55,0,56,0,57,0,58,434,59,159,60,530,61,299,62,0,63,207,64,56,53,4,52,31,51,1275,50,41,49,265,48,928,47,608,46,150,45,0,44,0,43,0,1745,3302
1773710691,54,53,54,60,55,0,56,0,57,0,58,434,59,159,60,530,61,299,62,0,63,207,64,56,53,4,52,31,51,0,50,0,49,41,48,928,47,200,46,150,45,0,44,0,43,500,1745,1854
1773710692,54,53,54,60,55,0,56,0,57,0,58,434,59,159,60,530,61,299,62,0,63,847,64,84,53,4,52,31,51,0,50,0,49,0,48,969,47,200,46,150,45,0,44,413,43,500,2413,2267
1773710693,54,53,54,60,55,0,56,0,57,0,58,434,59,159,60,530,61,299,62,0,63,847,64,84,53,4,52,31,51,0,50,0,49,0,48,37,47,241,46,150,45,0,44,413,43,0,2413,876
1773710694,54,53,54,60,55,0,56,0,57,0,58,434,59,159,60,530,61,299,62,0,63,207,64,56,53,4,52,31,51,0,50,0,49,41,48,37,47,0,46,150,45,0,44,0,43,0,1745,263
1773710695,54,53,54,60,55,0,56,0,57,33,58,434,59,159,60,530,61,299,62,0,63,207,64,56,53,4,52,31,51,0,50,0,49,41,48,928,47,0,46,350,45,0,44,0,43,500,1778,1854
1773710696,54,53,54,60,55,0,56,0,57,33,58,434,59,159,60,530,61,299,62,0,63,207,64,56,53,4,52,31,51,0,50,0,49,41,48,928,47,0,46,150,45,0,44,461,43,43,1778,1658
1773710697,54,53,54,60,55,0,56,0,57,33,58,434,59,159,60,530,61,299,62,0,63,207,64,56,53,4,52,31,51,0,50,0,49,41,48,928,47,200,46,150,45,0,44,461,43,43,1778,1858
1773710698,54,53,54,60,55,0,56,0,57,33,58,434,59,159,60,530,61,299,62,0,63,207,64,56,53,4,52,31,51,0,50,0,49,0,48,969,47,200,46,150,45,0,44,515,43,0,1778,1869
1773710699,54,53,54,60,55,0,56,0,57,33,58,434,59,159,60,530,61,299,62,0,63,207,64,56,53,4,52,31,51,0,50,0,49,41,48,37,47,200,46,150,45,0,44,515,43,0,1778,978
1773710700,54,53,54,60,55,0,56,0,57,33,58,434,59,159,60,530,61,299,62,0,63,207,64,56,53,4,52,31,51,18,50,0,49,41,48,928,47,200,46,150,45,410,44,500,43,43,1778,2325
1773710701,54,53,54,60,55,0,56,0,57,33,58,434,59,159,60,530,61,299,62,0,63,207,64,56,53,4,52,31,51,18,50,0,49,0,48,1169,47,0,46,150,45,410,44,500,43,43,1778,2325
1773710702,57,49,57,33,58,0,59,0,60,0,61,298,62,200,63,207,64,14,65,1,66,537,67,115,49,15,48,241,47,0,46,891,45,686,44,0,43,43,42,574,41,171,40,0,39,0,1405,2621
1773710703,57,49,57,43,58,0,59,0,60,147,61,298,62,200,63,207,64,28,65,1,66,537,67,115,49,15,48,241,47,0,46,0,45,686,44,891,43,43,42,574,41,171,40,500,39,0,1576,3121
1773710704,57,49,57,43,58,0,59,0,60,147,61,298,62,200,63,207,64,14,65,647,66,537,67,115,49,15,48,241,47,0,46,0,45,686,44,0,43,934,42,574,41,647,40,500,39,0,2208,3597
1773710705,57,49,57,43,58,0,59,0,60,147,61,298,62,200,63,207,64,14,65,647,66,537,67,115,49,26,48,241,47,0,46,0,45,686,44,0,43,43,42,574,41,647,40,500,39,0,2208,2717
1773710706,57,49,57,43,58,0,59,0,60,147,61,298,62,200,63,207,64,0,65,15,66,37,67,115,49,26,48,241,47,0,46,0,45,686,44,0,43,43,42,1465,41,171,40,500,39,0,1062,3132
1773710707,57,49,57,43,58,0,59,0,60,147,61,298,62,200,63,207,64,0,65,15,66,37,67,115,49,26,48,241,47,0,46,0,45,686,44,0,43,43,42,574,41,1062,40,500,39,0,1062,3132
1773710708,57,49,57,48,58,0,59,0,60,147,61,298,62,200,63,207,64,0,65,15,66,37,67,115,49,26,48,241,47,0,46,0,45,686,44,0,43,43,42,574,41,1485,40,500,39,0,1067,3555
1773710709,57,49,57,48,58,0,59,0,60,147,61,298,62,200,63,207,64,0,65,15,66,37,67,115,49,67,48,0,47,0,46,200,45,686,44,0,43,43,42,574,41,1485,40,500,39,0,1067,3555
1773710710,57,49,57,48,58,0,59,0,60,147,61,298,62,200,63,207,64,0,65,15,66,37,67,115,49,67,48,0,47,0,46,200,45,686,44,0,43,43,42,574,41,171,40,1391,39,0,1067,3132
1773710711,57,49,57,48,58,0,59,0,60,147,61,298,62,200,63,207,64,0,65,15,66,37,67,115,49,74,48,0,47,0,46,200,45,686,44,0,43,43,42,574,41,620,40,500,39,0,1067,2697
1773710712,57,49,57,48,58,0,59,0,60,147,61,298,62,200,63,207,64,0,65,15,66,37,67,115,49,74,48,200,47,0,46,0,45,686,44,0,43,43,42,574,41,620,40,1391,39,0,1067,3588
1773710713,57,49,57,48,58,0,59,0,60,147,61,298,62,200,63,207,64,0,65,15,66,37,67,115,49,74,48,200,47,0,46,0,45,686,44,0,43,43,42,0,41,175,40,1391,39,0,1067,2569
1773710714,57,49,57,48,58,0,59,0,60,147,61,298,62,200,63,207,64,0,65,15,66,37,67,115,49,74,48,0,47,0,46,200,45,686,44,0,43,43,42,0,41,628,40,1391,39,0,1067,3022
1773710715,57,49,57,48,58,0,59,0,60,147,61,298,62,200,63,207,64,0,65,15,66,37,67,115,49,33,48,0,47,41,46,200,45,686,44,0,43,43,42,0,41,628,40,1391,39,0,1067,3022
1773710716,57,49,57,48,58,0,59,0,60,147,61,298,62,200,63,207,64,0,65,15,66,37,67,115,49,74,48,200,47,0,46,0,45,686,44,0,43,43,42,0,41,608,40,1391,39,0,1067,3002
1773710717,57,49,57,48,58,0,59,0,60,147,61,298,62,200,63,207,64,0,65,15,66,37,67,115,49,74,48,200,47,0,46,0,45,686,44,0,43,43,42,0,41,608,40,500,39,0,1067,2111
1773710718,57,49,57,48,58,0,59,0,60,147,61,298,62,200,63,207,64,0,65,15,66,37,67,115,49,74,48,200,47,0,46,0,45,686,44,0,43,43,42,0,41,175,40,1391,39,0,1067,2569
1773710719,57,49,57,48,58,0,59,0,60,147,61,298,62,200,63,207,64,0,65,15,66,37,67,115,49,74,48,0,47,0,46,200,45,686,44,0,43,43,42,0,41,175,40,1391,39,0,1067,2569
1773710720,57,49,57,48,58,0,59,0,60,147,61,298,62,200,63,207,64,0,65,15,66,37,67,115,49,33,48,200,47,41,46,0,45,686,44,0,43,43,42,0,41,175,40,1391,39,0,1067,2569
1773710721,57,49,57,48,58,0,59,0,60,147,61,298,62,200,63,207,64,0,65,15,66,37,67,115,49,33,48,200,47,41,46,0,45,686,44,0,43,43,42,0,41,175,40,500,39,891,1067,2569
1773710722,57,49,57,48,58,0,59,0,60,147,61,298,62,200,63,207,64,0,65,15,66,37,67,115,49,33,48,0,47,41,46,200,45,686,44,0,43,43,42,0,41,175,40,500,39,891,1067,2569
1773710723,57,49,57,48,58,0,59,0,60,354,61,298,62,0,63,0,64,200,65,15,66,537,67,115,49,74,48,200,47,0,46,0,45,686,44,0,43,43,42,0,41,175,40,500,39,0,1567,1678
1773710724,57,49,57,48,58,0,59,144,60,207,61,298,62,0,63,0,64,200,65,15,66,537,67,115,49,74,48,215,47,0,46,0,45,686,44,0,43,43,42,0,41,175,40,500,39,891,1564,2584
1773710725,57,49,57,48,58,0,59,144,60,207,61,298,62,0,63,0,64,200,65,15,66,537,67,115,49,74,48,215,47,0,46,0,45,686,44,0,43,43,42,0,41,175,40,500,39,891,1564,2584
1773710726,57,49,57,48,58,0,59,144,60,207,61,298,62,0,63,0,64,200,65,582,66,537,67,115,49,74,48,215,47,0,46,0,45,686,44,0,43,43,42,0,41,175,40,500,39,891,2131,2584
1773710727,57,49,57,48,58,0,59,144,60,207,61,298,62,0,63,0,64,200,65,582,66,537,67,115,49,74,48,215,47,0,46,0,45,686,44,0,43,43,42,0,41,175,40,500,39,891,2131,2584
1773710728,55,49,55,10,56,255,57,33,58,0,59,941,60,207,61,0,62,280,63,0,64,0,65,1,49,74,48,215,47,1179,46,0,45,686,44,0,43,43,42,0,41,175,40,0,39,891,1727,3263
1773710729,55,49,55,10,56,255,57,33,58,146,59,797,60,207,61,0,62,280,63,0,64,500,65,1,49,74,48,215,47,1179,46,0,45,686,44,0,43,43,42,0,41,175,40,0,39,891,2229,3263
1773710730,55,49,55,10,56,255,57,0,58,146,59,797,60,207,61,0,62,280,63,608,64,500,65,1,49,74,48,215,47,1179,46,0,45,686,44,0,43,43,42,0,41,175,40,0,39,891,2804,3263
1773710731,55,49,55,10,56,255,57,0,58,646,59,297,60,207,61,0,62,308,63,608,64,500,65,1,49,74,48,215,47,1179,46,0,45,686,44,15,43,0,42,0,41,175,40,0,39,891,2832,3235
1773710732,55,49,55,10,56,255,57,0,58,646,59,297,60,207,61,0,62,308,63,0,64,500,65,1,49,74,48,215,47,1179,46,0,45,686,44,15,43,0,42,0,41,175,40,500,39,891,2224,3735
1773710733,55,49,55,10,56,255,57,0,58,646,59,297,60,207,61,0,62,291,63,563,64,500,65,1,49,18,48,56,47,1179,46,0,45,37,44,0,43,0,42,148,41,594,40,924,39,891,2770,3847
1773710734,55,49,55,10,56,255,57,146,58,500,59,297,60,207,61,0,62,291,63,563,64,500,65,1,49,18,48,56,47,1179,46,0,45,37,44,5,43,0,42,148,41,594,40,924,39,0,2770,2961
1773710735,55,49,55,10,56,255,57,146,58,500,59,297,60,207,61,0,62,291,63,0,64,500,65,1,49,11,48,48,47,1179,46,0,45,37,44,5,43,0,42,215,41,175,40,500,39,0,2207,2170
1773710736,55,49,55,10,56,255,57,146,58,500,59,297,60,207,61,0,62,291,63,563,64,500,65,1,49,11,48,48,47,1179,46,0,45,37,44,5,43,0,42,215,41,630,40,500,39,891,2770,3516
1773710737,55,49,55,10,56,255,57,146,58,500,59,297,60,207,61,0,62,291,63,563,64,500,65,1,49,11,48,48,47,1179,46,0,45,37,44,5,43,0,42,148,41,630,40,386,39,891,2770,3335
1773710738,55,49,55,10,56,55,57,1,58,500,59,497,60,207,61,14,62,0,63,0,64,0,65,1,49,11,48,7,47,1,46,200,45,37,44,0,43,500,42,148,41,0,40,400,39,891,1285,2195
1773710739,56,52,56,55,57,0,58,147,59,200,60,207,61,297,62,15,63,0,64,514,65,572,66,5037,52,15,51,0,50,0,49,0,48,0,47,1,46,207,45,185,44,0,43,500,42,438,7044,1346
1773710740,56,52,56,55,57,50,58,146,59,200,60,207,61,297,62,15,63,0,64,549,65,572,66,5037,52,15,51,0,50,0,49,0,48,0,47,300,46,7,45,185,44,0,43,500,42,415,7128,1422
1773710741,56,52,56,92,57,50,58,346,59,0,60,207,61,297,62,15,63,0,64,576,65,1,66,5037,52,15,51,0,50,0,49,25,48,50,47,200,46,7,45,185,44,0,43,0,42,500,6621,982
1773710742,56,52,56,92,57,0,58,250,59,145,60,207,61,297,62,15,63,150,64,576,65,1,66,5037,52,15,51,0,50,0,49,25,48,50,47,200,46,7,45,185,44,0,43,0,42,500,6770,982
1773710743,56,52,56,92,57,0,58,250,59,145,60,207,61,297,62,15,63,150,64,576,65,1,66,5037,52,15,51,0,50,0,49,25,48,50,47,200,46,7,45,185,44,0,43,0,42,500,6770,982
1773710744,57,52,57,5,58,29,59,343,60,207,61,297,62,15,63,780,64,576,65,1,66,5037,67,115,52,15,51,0,50,0,49,0,48,0,47,57,46,200,45,185,44,500,43,455,42,0,7405,1412
1773710745,57,52,57,35,58,79,59,343,60,207,61,297,62,15,63,780,64,542,65,1,66,5037,67,115,52,15,51,0,50,0,49,0,48,28,47,57,46,200,45,185,44,500,43,455,42,0,7451,1440
1773710746,55,49,55,15,56,0,57,40,58,54,59,338,60,207,61,297,62,0,63,150,64,554,65,1,49,11,48,57,47,200,46,15,45,37,44,500,43,148,42,0,41,0,40,971,39,0,1656,1939
1773710747,55,49,55,15,56,0,57,82,58,171,59,200,60,207,61,297,62,0,63,150,64,911,65,529,49,11,48,57,47,200,46,15,45,37,44,500,43,148,42,90,41,0,40,500,39,0,2562,1558
1773710748,55,49,55,15,56,0,57,82,58,171,59,200,60,207,61,297,62,0,63,808,64,911,65,529,49,11,48,57,47,200,46,15,45,37,44,500,43,148,42,90,41,408,40,500,39,891,3220,2857
1773710749,55,49,55,15,56,0,57,82,58,171,59,200,60,207,61,297,62,0,63,808,64,911,65,529,49,11,48,57,47,200,46,15,45,37,44,500,43,148,42,0,41,475,40,500,39,891,3220,2834
1773710750,55,49,55,15,56,0,57,82,58,171,59,200,60,207,61,297,62,0,63,150,64,911,65,529,49,11,48,57,47,200,46,15,45,37,44,500,43,148,42,0,41,67,40,500,39,891,2562,2426
1773710751,55,49,55,25,56,0,57,82,58,171,59,200,60,207,61,297,62,0,63,730,64,911,65,529,49,11,48,57,47,200,46,15,45,37,44,500,43,148,42,0,41,485,40,500,39,891,3152,2844
1773710752,55,49,55,25,56,0,57,82,58,171,59,200,60,207,61,297,62,0,63,730,64,911,65,529,49,11,48,57,47,200,46,15,45,37,44,500,43,148,42,0,41,485,40,500,39,0,3152,1953
1773710753,55,49,55,25,56,0,57,82,58,171,59,200,60,207,61,297,62,0,63,150,64,940,65,529,49,11,48,57,47,200,46,15,45,37,44,500,43,148,42,43,41,0,40,500,39,0,2601,1511
1773710754,55,49,55,25,56,0,57,58,58,171,59,200,60,207,61,297,62,0,63,710,64,922,65,529,49,11,48,7,47,50,46,15,45,37,44,0,43,348,42,0,41,21,40,469,39,891,3119,1849
1773710755,55,49,55,25,56,0,57,58,58,171,59,200,60,207,61,297,62,0,63,710,64,911,65,529,49,11,48,7,47,0,46,15,45,37,44,50,43,348,42,0,41,21,40,469,39,891,3108,1849
1773710756,55,49,55,25,56,0,57,58,58,171,59,200,60,207,61,297,62,0,63,150,64,883,65,529,49,11,48,7,47,0,46,33,45,87,44,200,43,148,42,0,41,49,40,0,39,891,2520,1426
1773710757,55,49,55,25,56,0,57,58,58,171,59,200,60,207,61,297,62,0,63,737,64,883,65,529,49,11,48,7,47,0,46,33,45,87,44,200,43,148,42,0,41,49,40,0,39,891,3107,1426
1773710758,55,49,55,25,56,0,57,53,58,226,59,200,60,207,61,297,62,0,63,737,64,883,65,529,49,11,48,0,47,0,46,38,45,37,44,50,43,348,42,0,41,21,40,0,39,0,3157,505
1773710759,55,47,55,25,56,0,57,107,58,167,59,0,60,207,61,297,62,0,63,150,64,369,65,539,47,42,46,5,45,37,44,65,43,348,42,0,41,21,40,0,39,0,38,0,37,0,1861,518
1773710760,55,47,55,25,56,0,57,30,58,91,59,158,60,207,61,297,62,0,63,150,64,948,65,557,47,42,46,5,45,37,44,65,43,348,42,0,41,21,40,0,39,1298,38,0,37,0,2463,1816
1773710761,55,47,55,25,56,0,57,30,58,91,59,158,60,207,61,297,62,0,63,150,64,948,65,564,47,42,46,5,45,37,44,65,43,348,42,0,41,21,40,0,39,1298,38,0,37,0,2470,1816
1773710762,55,47,55,25,56,0,57,30,58,91,59,158,60,207,61,297,62,0,63,150,64,975,65,564,47,42,46,5,45,37,44,65,43,348,42,0,41,21,40,0,39,1345,38,0,37,0,2497,1863
1773710763,55,47,55,25,56,0,57,30,58,91,59,158,60,207,61,297,62,0,63,150,64,975,65,564,47,42,46,5,45,37,44,65,43,348,42,0,41,25,40,0,39,1345,38,0,37,0,2497,1867
1773710764,55,49,55,25,56,0,57,30,58,91,59,158,60,207,61,297,62,0,63,150,64,369,65,564,49,11,48,15,47,36,46,0,45,37,44,50,43,348,42,0,41,25,40,0,39,0,1891,522
1773710765,55,49,55,25,56,0,57,30,58,91,59,158,60,207,61,297,62,0,63,150,64,963,65,564,49,11,48,15,47,36,46,0,45,37,44,50,43,348,42,0,41,25,40,480,39,0,2485,1002
1773710766,55,49,55,25,56,0,57,30,58,91,59,158,60,207,61,297,62,0,63,150,64,963,65,564,49,11,48,15,47,36,46,0,45,37,44,50,43,348,42,0,41,25,40,480,39,891,2485,1893
1773710767,55,49,55,25,56,0,57,30,58,91,59,158,60,207,61,297,62,0,63,150,64,369,65,564,49,11,48,15,47,36,46,0,45,37,44,50,43,348,42,0,41,25,40,0,39,891,1891,1413
1773710768,55,49,55,25,56,0,57,30,58,91,59,158,60,207,61,297,62,0,63,150,64,935,65,564,49,11,48,15,47,36,46,0,45,37,44,50,43,348,42,0,41,25,40,459,39,891,2457,1872
1773710769,55,48,55,25,56,0,57,30,58,109,59,140,60,207,61,297,62,0,63,150,64,935,65,564,48,11,47,36,46,0,45,37,44,65,43,348,42,0,41,25,40,459,39,891,38,0,2457,1872
1773710770,55,48,55,25,56,0,57,30,58,109,59,140,60,207,61,297,62,0,63,150,64,369,65,564,48,11,47,36,46,0,45,37,44,65,43,348,42,0,41,25,40,0,39,0,38,0,1891,522
1773710771,55,48,55,25,56,0,57,85,58,109,59,140,60,207,61,297,62,0,63,150,64,930,65,564,48,11,47,36,46,0,45,37,44,65,43,348,42,0,41,25,40,0,39,500,38,465,2507,1487
1773710772,55,48,55,25,56,0,57,85,58,109,59,140,60,207,61,297,62,0,63,150,64,369,65,576,48,11,47,36,46,0,45,37,44,65,43,348,42,0,41,25,40,0,39,891,38,0,1958,1413
1773710773,55,48,55,25,56,0,57,85,58,109,59,140,60,207,61,297,62,0,63,150,64,369,65,576,48,11,47,36,46,0,45,37,44,65,43,348,42,0,41,25,40,482,39,891,38,0,1958,1895
1773710774,55,48,55,25,56,0,57,85,58,109,59,140,60,207,61,297,62,0,63,150,64,369,65,576,48,11,47,36,46,0,45,37,44,65,43,348,42,0,41,25,40,482,39,891,38,0,1958,1895
1773710775,53,48,53,10,54,36,55,15,56,0,57,103,58,177,59,297,60,207,61,0,62,0,63,150,48,11,47,36,46,0,45,37,44,65,43,348,42,0,41,25,40,0,39,891,38,0,995,1413
1773710776,53,48,53,10,54,36,55,15,56,0,57,103,58,177,59,297,60,207,61,0,62,0,63,150,48,11,47,36,46,0,45,37,44,65,43,348,42,0,41,25,40,429,39,0,38,0,995,951
1773710777,53,48,53,10,54,36,55,15,56,0,57,103,58,177,59,297,60,207,61,0,62,0,63,150,48,26,47,36,46,0,45,37,44,65,43,348,42,0,41,25,40,429,39,0,38,0,995,966
1773710778,53,48,53,10,54,36,55,15,56,0,57,103,58,177,59,297,60,207,61,0,62,0,63,150,48,26,47,36,46,0,45,37,44,65,43,348,42,0,41,25,40,489,39,891,38,0,995,1917
1773710779,53,48,53,10,54,36,55,15,56,0,57,103,58,177,59,297,60,207,61,0,62,16,63,150,48,26,47,36,46,0,45,37,44,65,43,348,42,0,41,25,40,489,39,891,38,0,1011,1917
1773710780,53,48,53,10,54,36,55,15,56,18,57,119,58,177,59,297,60,207,61,0,62,16,63,150,48,26,47,36,46,0,45,37,44,65,43,348,42,0,41,25,40,0,39,891,38,0,1045,1428
1773710781,53,48,53,10,54,36,55,15,56,18,57,119,58,177,59,297,60,207,61,0,62,16,63,150,48,26,47,36,46,0,45,37,44,65,43,348,42,0,41,25,40,0,39,891,38,465,1045,1893
1773710782,53,48,53,10,54,36,55,15,56,18,57,119,58,177,59,297,60,207,61,0,62,16,63,150,48,26,47,36,46,0,45,37,44,65,43,348,42,0,41,25,40,0,39,500,38,465,1045,1502
1773710783,53,48,53,10,54,36,55,15,56,18,57,119,58,177,59,297,60,207,61,0,62,16,63,150,48,31,47,31,46,0,45,37,44,65,43,348,42,0,41,25,40,0,39,891,38,0,1045,1428
1773710784,54,50,54,10,55,65,56,36,57,107,58,177,59,297,60,207,61,0,62,0,63,150,64,400,50,11,49,10,48,20,47,25,46,50,45,237,44,15,43,148,42,45,41,0,40,500,1449,1061
1773710785,54,50,54,10,55,65,56,36,57,73,58,177,59,297,60,207,61,0,62,0,63,150,64,400,50,11,49,10,48,15,47,30,46,50,45,237,44,15,43,148,42,45,41,0,40,500,1415,1061
1773710786,54,50,54,10,55,65,56,36,57,73,58,177,59,297,60,207,61,0,62,0,63,150,64,369,50,11,49,10,48,15,47,30,46,50,45,237,44,15,43,148,42,45,41,500,40,454,1384,1515
1773710787,54,50,54,10,55,65,56,36,57,73,58,177,59,297,60,207,61,0,62,0,63,150,64,369,50,11,49,10,48,15,47,30,46,50,45,237,44,15,43,148,42,45,41,500,40,454,1384,1515
1773710788,54,50,54,10,55,65,56,36,57,73,58,177,59,297,60,207,61,0,62,0,63,150,64,369,50,11,49,10,48,0,47,30,46,50,45,237,44,15,43,148,42,45,41,0,40,0,1384,546
1773710789,54,50,54,10,55,50,56,36,57,88,58,177,59,297,60,207,61,0,62,0,63,150,64,434,50,11,49,10,48,0,47,80,46,200,45,37,44,15,43,148,42,45,41,423,40,500,1449,1469
1773710790,54,50,54,10,55,50,56,54,57,104,58,177,59,297,60,207,61,0,62,0,63,150,64,434,50,11,49,10,48,0,47,80,46,200,45,37,44,15,43,148,42,45,41,423,40,500,1483,1469
1773710791,54,50,54,10,55,50,56,54,57,104,58,177,59,297,60,207,61,0,62,0,63,150,64,406,50,11,49,10,48,0,47,80,46,200,45,37,44,15,43,148,42,45,41,0,40,500,1455,1046
1773710792,54,50,54,10,55,50,56,54,57,104,58,177,59,297,60,207,61,0,62,0,63,150,64,406,50,11,49,10,48,0,47,80,46,200,45,37,44,15,43,148,42,45,41,410,40,500,1455,1456
1773710793,54,50,54,10,55,50,56,54,57,104,58,177,59,297,60,207,61,0,62,0,63,150,64,406,50,11,49,10,48,0,47,80,46,200,45,37,44,15,43,148,42,45,41,410,40,500,1455,1456
1773710794,54,50,54,10,55,50,56,54,57,104,58,177,59,297,60,207,61,0,62,0,63,150,64,406,50,11,49,10,48,0,47,80,46,200,45,37,44,15,43,148,42,45,41,0,40,0,1455,546
1773710795,54,50,54,10,55,50,56,54,57,104,58,177,59,297,60,207,61,0,62,0,63,150,64,406,50,11,49,10,48,0,47,80,46,200,45,37,44,15,43,148,42,45,41,0,40,0,1455,546
1773710796,54,50,54,10,55,50,56,54,57,104,58,177,59,297,60,207,61,0,62,0,63,150,64,406,50,11,49,10,48,0,47,80,46,200,45,37,44,15,43,148,42,45,41,0,40,0,1455,546
1773710797,54,50,54,10,55,50,56,54,57,104,58,177,59,297,60,207,61,0,62,0,63,150,64,406,50,11,49,10,48,0,47,80,46,200,45,37,44,15,43,148,42,45,41,0,40,500,1455,1046
1773710798,54,50,54,10,55,50,56,54,57,104,58,177,59,297,60,207,61,0,62,0,63,150,64,406,50,11,49,10,48,0,47,80,46,200,45,37,44,15,43,148,42,45,41,0,40,0,1455,546
1773710799,54,50,54,10,55,50,56,36,57,88,58,177,59,297,60,207,61,0,62,0,63,150,64,406,50,11,49,10,48,0,47,80,46,200,45,37,44,15,43,148,42,45,41,0,40,0,1421,546
1773710800,54,50,54,10,55,50,56,36,57,88,58,177,59,297,60,207,61,0,62,0,63,150,64,406,50,11,49,10,48,0,47,80,46,200,45,37,44,15,43,148,42,45,41,500,40,470,1421,1516
1773710801,54,50,54,10,55,50,56,36,57,88,58,177,59,297,60,207,61,0,62,0,63,150,64,406,50,11,49,10,48,0,47,80,46,200,45,37,44,15,43,148,42,45,41,500,40,0,1421,1046
1773710802,54,50,54,10,55,50,56,36,57,88,58,177,59,297,60,207,61,0,62,0,63,150,64,393,50,11,49,10,48,0,47,80,46,200,45,37,44,15,43,148,42,45,41,416,40,500,1408,1462
1773710803,54,50,54,10,55,50,56,36,57,88,58,177,59,297,60,207,61,0,62,0,63,150,64,393,50,11,49,10,48,0,47,80,46,200,45,37,44,15,43,148,42,45,41,416,40,500,1408,1462
1773710804,54,50,54,10,55,50,56,36,57,88,58,177,59,297,60,207,61,0,62,0,63,150,64,393,50,11,49,10,48,0,47,80,46,200,45,37,44,15,43,148,42,45,41,0,40,500,1408,1046
1773710805,54,50,54,10,55,50,56,36,57,88,58,177,59,297,60,207,61,0,62,0,63,150,64,421,50,11,49,10,48,0,47,80,46,200,45,37,44,15,43,148,42,45,41,0,40,0,1436,546
1773710806,54,50,54,10,55,50,56,54,57,105,58,177,59,297,60,207,61,0,62,0,63,150,64,421,50,11,49,10,48,0,47,80,46,200,45,37,44,15,43,148,42,45,41,500,40,413,1471,1459
1773710807,54,50,54,10,55,50,56,54,57,105,58,177,59,297,60,207,61,0,62,0,63,150,64,421,50,11,49,10,48,0,47,80,46,200,45,37,44,15,43,148,42,45,41,0,40,0,1471,546
1773710808,54,50,54,10,55,50,56,54,57,105,58,177,59,297,60,207,61,0,62,0,63,150,64,421,50,11,49,10,48,0,47,80,46,200,45,37,44,15,43,148,42,45,41,0,40,500,1471,1046
1773710809,54,50,54,10,55,50,56,54,57,105,58,177,59,297,60,207,61,0,62,0,63,150,64,434,50,11,49,10,48,0,47,80,46,200,45,37,44,15,43,648,42,45,41,0,40,0,1484,1046
1773710810,54,50,54,10,55,50,56,54,57,105,58,177,59,297,60,207,61,0,62,0,63,150,64,444,50,11,49,10,48,0,47,80,46,200,45,37,44,15,43,648,42,45,41,0,40,0,1494,1046
1773710811,54,50,54,10,55,50,56,54,57,105,58,177,59,297,60,207,61,0,62,0,63,150,64,444,50,11,49,10,48,0,47,280,46,0,45,37,44,15,43,648,42,45,41,0,40,0,1494,1046
1773710812,54,50,54,10,55,50,56,54,57,105,58,177,59,297,60,207,61,0,62,0,63,695,64,444,50,11,49,10,48,50,47,205,46,0,45,37,44,15,43,648,42,45,41,0,40,416,2039,1437
1773710813,54,50,54,10,55,50,56,54,57,105,58,177,59,297,60,207,61,0,62,0,63,695,64,444,50,11,49,10,48,50,47,205,46,0,45,37,44,15,43,648,42,45,41,0,40,416,2039,1437
1773710814,54,50,54,10,55,50,56,54,57,105,58,177,59,297,60,207,61,0,62,0,63,150,64,443,50,11,49,10,48,50,47,205,46,0,45,37,44,15,43,648,42,45,41,0,40,0,1493,1021
1773710815,54,50,54,10,55,50,56,54,57,105,58,177,59,297,60,207,61,0,62,0,63,717,64,443,50,11,49,10,48,50,47,205,46,0,45,37,44,15,43,648,42,45,41,0,40,422,2060,1443
1773710816,54,50,54,10,55,50,56,54,57,70,58,55,59,297,60,207,61,0,62,0,63,717,64,443,50,11,49,10,48,50,47,205,46,0,45,37,44,15,43,648,42,45,41,0,40,422,1903,1443
1773710817,54,50,54,10,55,50,56,36,57,70,58,73,59,297,60,207,61,0,62,0,63,150,64,443,50,11,49,10,48,50,47,205,46,0,45,37,44,15,43,648,42,45,41,0,40,0,1336,1021
1773710818,54,50,54,10,55,50,56,36,57,70,58,73,59,297,60,207,61,0,62,0,63,803,64,443,50,11,49,10,48,50,47,205,46,0,45,37,44,15,43,648,42,45,41,0,40,429,1989,1450
1773710819,54,50,54,10,55,50,56,36,57,70,58,73,59,297,60,207,61,0,62,0,63,803,64,443,50,11,49,10,48,50,47,205,46,0,45,37,44,15,43,648,42,45,41,0,40,429,1989,1450
1773710820,54,49,54,10,55,50,56,36,57,70,58,73,59,297,60,207,61,0,62,0,63,711,64,443,49,11,48,5,47,50,46,200,45,37,44,15,43,648,42,0,41,34,40,450,39,891,1897,2341
1773710821,54,49,54,10,55,50,56,36,57,70,58,73,59,297,60,207,61,0,62,0,63,711,64,431,49,11,48,5,47,50,46,200,45,37,44,15,43,648,42,0,41,34,40,450,39,891,1885,2341
1773710822,54,49,54,10,55,50,56,36,57,70,58,73,59,297,60,207,61,0,62,0,63,150,64,431,49,11,48,5,47,50,46,200,45,37,44,15,43,648,42,0,41,34,40,0,39,891,1324,1891
1773710823,54,48,54,10,55,50,56,36,57,70,58,73,59,297,60,207,61,0,62,0,63,150,64,994,48,24,47,50,46,200,45,37,44,15,43,648,42,0,41,37,40,0,39,891,38,0,1887,1902
1773710824,54,48,54,10,55,50,56,36,57,70,58,73,59,297,60,701,61,0,62,0,63,150,64,994,48,24,47,50,46,200,45,37,44,15,43,648,42,0,41,37,40,0,39,0,38,0,2381,1011
1773710825,54,48,54,10,55,50,56,36,57,70,58,73,59,297,60,701,61,0,62,0,63,150,64,420,48,24,47,50,46,200,45,37,44,0,43,648,42,0,41,52,40,0,39,0,38,0,1807,1011
1773710826,54,48,54,10,55,50,56,36,57,70,58,73,59,297,60,701,61,0,62,0,63,150,64,420,48,24,47,50,46,200,45,37,44,0,43,648,42,0,41,52,40,486,39,891,38,0,1807,2388
1773710827,54,48,54,10,55,50,56,36,57,70,58,73,59,297,60,701,61,0,62,0,63,150,64,420,48,24,47,50,46,200,45,37,44,0,43,648,42,0,41,52,40,486,39,891,38,0,1807,2388
1773710828,54,48,54,10,55,50,56,54,57,118,58,119,59,297,60,701,61,0,62,0,63,0,64,51,48,29,47,50,46,200,45,37,44,0,43,648,42,0,41,52,40,0,39,891,38,0,1400,1907
1773710829,54,48,54,10,55,50,56,54,57,118,58,119,59,297,60,701,61,0,62,0,63,0,64,51,48,29,47,0,46,50,45,37,44,200,43,148,42,0,41,49,40,500,39,891,38,0,1400,1904
1773710830,54,48,54,10,55,50,56,54,57,118,58,119,59,297,60,701,61,0,62,0,63,0,64,51,48,29,47,0,46,50,45,37,44,200,43,148,42,0,41,49,40,500,39,0,38,0,1400,1013
1773710831,54,48,54,10,55,50,56,54,57,118,58,119,59,297,60,701,61,0,62,0,63,0,64,51,48,29,47,0,46,50,45,37,44,0,43,348,42,0,41,49,40,0,39,0,38,500,1400,1013
1773710832,54,48,54,10,55,50,56,54,57,118,58,119,59,297,60,701,61,0,62,0,63,0,64,667,48,29,47,0,46,0,45,37,44,50,43,348,42,0,41,49,40,959,39,891,38,0,2016,2363
1773710833,54,48,54,10,55,50,56,54,57,118,58,119,59,297,60,701,61,0,62,0,63,0,64,667,48,29,47,0,46,0,45,37,44,50,43,348,42,0,41,49,40,959,39,891,38,0,2016,2363
1773710834,54,48,54,10,55,50,56,54,57,118,58,119,59,297,60,701,61,0,62,0,63,0,64,51,48,29,47,0,46,0,45,37,44,50,43,348,42,0,41,49,40,500,39,891,38,0,1400,1904
1773710835,54,48,54,10,55,50,56,54,57,118,58,119,59,297,60,701,61,0,62,0,63,0,64,51,48,29,47,0,46,0,45,37,44,50,43,348,42,0,41,49,40,500,39,891,38,0,1400,1904
1773710836,54,48,54,10,55,50,56,54,57,118,58,119,59,297,60,701,61,0,62,0,63,0,64,51,48,29,47,0,46,0,45,37,44,50,43,348,42,0,41,49,40,0,39,0,38,500,1400,1013
1773710837,54,48,54,10,55,50,56,54,57,118,58,119,59,297,60,701,61,0,62,0,63,0,64,648,48,29,47,0,46,0,45,37,44,50,43,348,42,0,41,49,40,985,39,0,38,0,1997,1498
1773710838,54,48,54,10,55,50,56,54,57,118,58,119,59,297,60,701,61,0,62,0,63,0,64,648,48,29,47,0,46,0,45,37,44,50,43,348,42,0,41,49,40,985,39,891,38,0,1997,2389
1773710839,54,48,54,10,55,50,56,82,57,88,58,119,59,297,60,701,61,0,62,0,63,0,64,51,48,29,47,0,46,0,45,37,44,50,43,348,42,0,41,34,40,500,39,891,38,15,1398,1904
1773710840,54,48,54,10,55,50,56,82,57,88,58,119,59,297,60,701,61,0,62,0,63,0,64,51,48,29,47,0,46,0,45,37,44,50,43,348,42,0,41,34,40,500,39,891,38,15,1398,1904
1773710841,54,48,54,10,55,50,56,82,57,88,58,119,59,297,60,701,61,0,62,0,63,0,64,704,48,29,47,0,46,0,45,37,44,50,43,348,42,0,41,34,40,944,39,891,38,15,2051,2348
1773710842,54,48,54,10,55,50,56,82,57,88,58,119,59,297,60,701,61,0,62,0,63,0,64,704,48,29,47,0,46,0,45,37,44,50,43,348,42,0,41,34,40,944,39,0,38,15,2051,1457
1773710843,54,48,54,10,55,50,56,82,57,88,58,119,59,297,60,701,61,0,62,0,63,0,64,51,48,29,47,0,46,0,45,37,44,50,43,348,42,0,41,34,40,15,39,500,38,0,1398,1013
1773710844,54,48,54,10,55,50,56,36,57,123,58,119,59,297,60,701,61,0,62,0,63,0,64,51,48,29,47,0,46,0,45,37,44,50,43,348,42,0,41,34,40,515,39,891,38,0,1387,1904
1773710845,54,48,54,10,55,50,56,54,57,105,58,119,59,297,60,701,61,0,62,0,63,0,64,654,48,29,47,0,46,0,45,37,44,50,43,348,42,0,41,34,40,984,39,891,38,0,1990,2373
1773710846,54,48,54,10,55,50,56,54,57,105,58,119,59,297,60,701,61,0,62,0,63,0,64,654,48,29,47,0,46,0,45,37,44,50,43,348,42,0,41,34,40,984,39,891,38,0,1990,2373
1773710847,54,48,54,10,55,50,56,54,57,105,58,119,59,297,60,701,61,0,62,0,63,0,64,51,48,29,47,0,46,0,45,37,44,50,43,348,42,0,41,34,40,515,39,891,38,0,1387,1904
1773710848,54,48,54,10,55,50,56,54,57,105,58,119,59,297,60,701,61,0,62,0,63,0,64,643,48,29,47,0,46,0,45,37,44,50,43,348,42,0,41,34,40,515,39,0,38,0,1979,1013
1773710849,54,48,54,10,55,50,56,54,57,105,58,119,59,297,60,701,61,0,62,0,63,0,64,643,48,29,47,0,46,0,45,37,44,50,43,348,42,0,41,34,40,515,39,0,38,0,1979,1013
1773710850,54,48,54,10,55,50,56,54,57,105,58,119,59,297,60,701,61,0,62,0,63,0,64,51,48,29,47,0,46,0,45,37,44,50,43,348,42,0,41,34,40,515,39,891,38,0,1387,1904
1773710851,54,48,54,10,55,50,56,54,57,105,58,119,59,297,60,701,61,0,62,0,63,0,64,51,48,29,47,0,46,0,45,37,44,50,43,348,42,0,41,34,40,515,39,891,38,0,1387,1904
1773710852,54,48,54,10,55,50,56,54,57,105,58,119,59,297,60,701,61,0,62,0,63,0,64,51,48,29,47,0,46,0,45,37,44,50,43,348,42,0,41,34,40,515,39,891,38,0,1387,1904
1773710853,54,48,54,10,55,50,56,54,57,105,58,119,59,297,60,701,61,0,62,0,63,0,64,51,48,29,47,0,46,0,45,37,44,50,43,348,42,0,41,34,40,515,39,891,38,0,1387,1904
1773710854,54,48,54,10,55,50,56,54,57,105,58,119,59,297,60,701,61,0,62,0,63,0,64,51,48,29,47,0,46,0,45,37,44,50,43,348,42,0,41,34,40,515,39,0,38,0,1387,1013
1773710855,54,48,54,9,55,50,56,54,57,105,58,119,59,297,60,701,61,0,62,0,63,0,64,57,48,29,47,0,46,0,45,37,44,50,43,348,42,0,41,34,40,515,39,0,38,0,1392,1013
1773710856,54,49,54,9,55,50,56,54,57,105,58,119,59,297,60,701,61,0,62,0,63,0,64,57,49,1,48,29,47,0,46,18,45,37,44,50,43,348,42,0,41,513,40,515,39,891,1392,2402
1773710857,54,49,54,9,55,50,56,54,57,105,58,119,59,297,60,701,61,0,62,0,63,0,64,57,49,1,48,29,47,0,46,18,45,37,44,50,43,348,42,15,41,513,40,500,39,891,1392,2402
1773710858,54,49,54,9,55,50,56,36,57,105,58,119,59,297,60,701,61,0,62,0,63,0,64,44,49,1,48,29,47,0,46,18,45,37,44,50,43,348,42,15,41,34,40,500,39,891,1361,1923
1773710859,54,49,54,9,55,50,56,36,57,105,58,119,59,297,60,701,61,0,62,0,63,0,64,44,49,1,48,29,47,0,46,18,45,37,44,50,43,348,42,15,41,455,40,500,39,891,1361,2344
1773710860,54,49,54,9,55,50,56,36,57,105,58,119,59,297,60,701,61,0,62,0,63,0,64,44,49,1,48,29,47,0,46,18,45,37,44,50,43,348,42,15,41,455,40,500,39,0,1361,1453
1773710861,54,49,54,9,55,50,56,36,57,105,58,119,59,297,60,701,61,0,62,0,63,0,64,44,49,1,48,29,47,0,46,18,45,37,44,50,43,348,42,15,41,34,40,500,39,891,1361,1923
1773710862,54,49,54,24,55,50,56,36,57,90,58,119,59,297,60,207,61,0,62,0,63,0,64,536,49,1,48,29,47,0,46,33,45,37,44,50,43,348,42,0,41,34,40,955,39,891,1359,2378
1773710863,54,49,54,24,55,50,56,36,57,90,58,119,59,297,60,207,61,0,62,0,63,0,64,536,49,1,48,29,47,0,46,33,45,37,44,50,43,348,42,0,41,34,40,955,39,891,1359,2378
1773710864,54,50,54,24,55,50,56,36,57,90,58,119,59,297,60,207,61,0,62,0,63,486,64,536,50,11,49,31,48,18,47,0,46,15,45,37,44,50,43,348,42,0,41,34,40,500,1845,1044
1773710865,54,50,54,24,55,50,56,36,57,90,58,119,59,297,60,207,61,0,62,0,63,1141,64,536,50,11,49,6,48,13,47,0,46,33,45,37,44,250,43,148,42,0,41,480,40,0,2500,978
1773710866,54,50,54,24,55,50,56,36,57,90,58,119,59,297,60,207,61,0,62,0,63,1141,64,536,50,11,49,6,48,13,47,0,46,33,45,87,44,200,43,148,42,0,41,480,40,0,2500,978
1773710867,54,50,54,24,55,50,56,36,57,90,58,119,59,297,60,207,61,0,62,0,63,486,64,536,50,11,49,6,48,13,47,0,46,33,45,87,44,200,43,148,42,0,41,34,40,500,1845,1032
1773710868,54,50,54,24,55,50,56,36,57,90,58,119,59,297,60,207,61,0,62,0,63,1050,64,536,50,11,49,1,48,13,47,0,46,38,45,87,44,200,43,148,42,0,41,34,40,500,2409,1032
1773710869,54,50,54,24,55,50,56,36,57,90,58,119,59,297,60,207,61,0,62,0,63,1050,64,536,50,11,49,1,48,13,47,0,46,23,45,87,44,200,43,148,42,15,41,34,40,500,2409,1032
1773710870,54,50,54,24,55,50,56,36,57,90,58,119,59,297,60,207,61,0,62,0,63,486,64,536,50,11,49,1,48,13,47,0,46,23,45,87,44,200,43,148,42,15,41,34,40,500,1845,1032
1773710871,54,50,54,24,55,50,56,36,57,90,58,119,59,297,60,207,61,0,62,0,63,1101,64,536,50,11,49,1,48,13,47,0,46,23,45,37,44,50,43,348,42,15,41,511,40,500,2460,1509
1773710872,54,50,54,24,55,50,56,36,57,90,58,119,59,297,60,207,61,0,62,0,63,1101,64,536,50,11,49,1,48,13,47,0,46,23,45,37,44,50,43,348,42,15,41,511,40,500,2460,1509
1773710873,54,50,54,24,55,50,56,36,57,90,58,119,59,297,60,207,61,0,62,0,63,486,64,536,50,11,49,1,48,13,47,0,46,18,45,42,44,50,43,348,42,15,41,34,40,500,1845,1032
1773710874,54,50,54,24,55,50,56,36,57,90,58,119,59,297,60,207,61,0,62,0,63,1111,64,536,50,11,49,1,48,13,47,0,46,18,45,42,44,50,43,348,42,447,41,925,40,0,2470,1855
1773710875,54,50,54,24,55,50,56,36,57,90,58,119,59,297,60,207,61,0,62,0,63,1111,64,536,50,11,49,1,48,13,47,0,46,18,45,42,44,50,43,348,42,447,41,925,40,0,2470,1855
1773710876,54,50,54,24,55,50,56,36,57,90,58,119,59,297,60,207,61,0,62,0,63,486,64,536,50,11,49,1,48,13,47,0,46,18,45,42,44,50,43,348,42,906,41,34,40,0,1845,1423
1773710877,54,50,54,24,55,50,56,36,57,90,58,119,59,297,60,207,61,0,62,0,63,1092,64,536,50,11,49,1,48,13,47,0,46,18,45,42,44,50,43,348,42,1326,41,34,40,0,2451,1843
1773710878,54,51,54,15,55,50,56,36,57,90,58,119,59,297,60,207,61,0,62,0,63,1092,64,492,51,1,50,1255,49,0,48,13,47,0,46,0,45,37,44,50,43,348,42,1326,41,34,2398,3064
1773710879,54,51,54,15,55,50,56,36,57,55,58,168,59,497,60,207,61,0,62,0,63,486,64,492,51,1,50,1255,49,0,48,13,47,0,46,0,45,37,44,50,43,820,42,906,41,34,2006,3116
1773710880,54,51,54,15,55,50,56,36,57,55,58,168,59,497,60,207,61,0,62,0,63,486,64,492,51,31,50,2146,49,0,48,13,47,0,46,0,45,37,44,50,43,820,42,15,41,76,2006,3188
1773710881,55,51,55,50,56,36,57,55,58,168,59,200,60,207,61,295,62,500,63,486,64,492,65,333,51,36,50,2141,49,0,48,0,47,0,46,0,45,37,44,50,43,148,42,15,41,0,2822,2427
1773710882,55,51,55,50,56,0,57,55,58,168,59,200,60,207,61,295,62,1065,63,486,64,492,65,333,51,36,50,1250,49,0,48,0,47,0,46,0,45,37,44,50,43,148,42,15,41,182,3351,1718
1773710883,55,51,55,50,56,0,57,55,58,168,59,200,60,207,61,295,62,1065,63,486,64,492,65,333,51,977,50,1250,49,0,48,0,47,0,46,0,45,184,44,0,43,0,42,60,41,0,3351,2471
1773710884,55,51,55,50,56,0,57,55,58,168,59,200,60,207,61,295,62,500,63,486,64,492,65,333,51,977,50,1250,49,0,48,0,47,0,46,0,45,184,44,0,43,0,42,15,41,182,2786,2608
1773710885,55,51,55,50,56,0,57,55,58,168,59,200,60,207,61,295,62,1117,63,486,64,492,65,333,51,977,50,1250,49,0,48,0,47,0,46,0,45,184,44,0,43,0,42,15,41,182,3403,2608
1773710886,55,51,55,50,56,0,57,55,58,168,59,200,60,207,61,295,62,1117,63,486,64,492,65,333,51,977,50,1250,49,0,48,0,47,0,46,0,45,184,44,0,43,0,42,15,41,182,3403,2608
1773710887,55,51,55,50,56,0,57,55,58,168,59,200,60,207,61,295,62,500,63,486,64,492,65,333,51,86,50,1250,49,0,48,0,47,0,46,0,45,184,44,0,43,0,42,15,41,182,2786,1717
1773710888,55,51,55,50,56,0,57,91,58,123,59,200,60,207,61,295,62,500,63,0,64,1090,65,670,51,36,50,0,49,0,48,0,47,50,46,0,45,384,44,0,43,0,42,424,41,147,3226,1041
1773710889,55,51,55,50,56,0,57,91,58,123,59,200,60,207,61,295,62,500,63,0,64,1090,65,670,51,897,50,0,49,0,48,0,47,50,46,0,45,184,44,0,43,0,42,469,41,0,3226,1600
1773710890,55,51,55,50,56,0,57,55,58,159,59,200,60,207,61,295,62,500,63,0,64,436,65,670,51,897,50,0,49,0,48,0,47,50,46,0,45,184,44,0,43,0,42,22,41,0,2572,1153
1773710891,55,51,55,50,56,0,57,55,58,55,59,104,60,207,61,295,62,0,63,583,64,430,65,670,51,897,50,0,49,0,48,0,47,50,46,0,45,184,44,0,43,0,42,53,41,0,2449,1184
1773710892,55,51,55,50,56,0,57,55,58,55,59,104,60,207,61,295,62,0,63,583,64,430,65,670,51,6,50,0,49,0,48,0,47,25,46,50,45,384,44,0,43,0,42,50,41,0,2449,515
1773710893,55,51,55,50,56,0,57,55,58,55,59,104,60,207,61,295,62,0,63,0,64,1085,65,670,51,6,50,0,49,0,48,0,47,75,46,200,45,184,44,11,43,446,42,515,41,0,2521,1437
1773710894,55,51,55,50,56,0,57,55,58,55,59,104,60,207,61,295,62,0,63,0,64,1085,65,670,51,6,50,0,49,0,48,0,47,50,46,0,45,384,44,4,43,446,42,515,41,0,2521,1405
1773710895,55,51,55,50,56,0,57,55,58,55,59,104,60,207,61,295,62,0,63,0,64,430,65,670,51,897,50,0,49,0,48,0,47,0,46,50,45,384,44,11,43,0,42,15,41,0,1866,1357
1773710896,55,51,55,50,56,0,57,55,58,55,59,104,60,207,61,295,62,0,63,0,64,999,65,670,51,897,50,0,49,0,48,0,47,0,46,50,45,384,44,11,43,0,42,515,41,0,2435,1857
1773710897,55,51,55,50,56,0,57,55,58,55,59,104,60,207,61,295,62,0,63,0,64,999,65,670,51,897,50,0,49,0,48,0,47,0,46,50,45,384,44,4,43,0,42,515,41,0,2435,1850
1773710898,55,51,55,50,56,0,57,55,58,55,59,104,60,207,61,295,62,0,63,0,64,430,65,670,51,897,50,0,49,0,48,0,47,25,46,50,45,384,44,4,43,0,42,515,41,0,1866,1875
1773710899,55,51,55,50,56,0,57,55,58,55,59,104,60,207,61,295,62,0,63,0,64,430,65,670,51,6,50,0,49,0,48,0,47,25,46,50,45,384,44,4,43,0,42,15,41,0,1866,484
1773710900,55,51,55,50,56,0,57,55,58,55,59,104,60,207,61,295,62,0,63,0,64,1000,65,670,51,6,50,0,49,0,48,0,47,50,46,200,45,184,44,4,43,0,42,15,41,0,2436,459
1773710901,54,52,54,15,55,50,56,0,57,55,58,55,59,104,60,207,61,295,62,0,63,0,64,1000,52,1,51,896,50,0,49,0,48,0,47,50,46,200,45,184,44,4,43,0,42,15,1781,1350
1773710902,54,52,54,15,55,50,56,0,57,55,58,55,59,104,60,207,61,295,62,0,63,0,64,430,52,1,51,896,50,0,49,0,48,0,47,50,46,0,45,184,44,0,43,32,42,15,1211,1178
1773710903,54,52,54,15,55,50,56,0,57,55,58,55,59,104,60,207,61,295,62,0,63,0,64,430,52,1,51,896,50,0,49,0,48,0,47,50,46,200,45,184,44,0,43,32,42,15,1211,1378
1773710904,54,52,54,15,55,50,56,0,57,55,58,55,59,104,60,207,61,295,62,0,63,646,64,430,52,1,51,896,50,0,49,0,48,0,47,50,46,200,45,184,44,11,43,0,42,15,1857,1357
1773710905,54,52,54,15,55,50,56,0,57,55,58,55,59,104,60,207,61,295,62,0,63,646,64,430,52,1,51,5,50,0,49,0,48,25,47,50,46,0,45,384,44,11,43,0,42,15,1857,491
1773710906,55,52,55,50,56,0,57,55,58,55,59,104,60,207,61,295,62,0,63,0,64,430,65,670,52,1,51,5,50,0,49,0,48,0,47,0,46,50,45,384,44,4,43,0,42,15,1866,459
1773710907,55,52,55,50,56,0,57,55,58,55,59,104,60,207,61,295,62,0,63,0,64,430,65,670,52,1,51,896,50,0,49,0,48,0,47,50,46,200,45,184,44,0,43,32,42,15,1866,1378
1773710908,55,52,55,50,56,0,57,55,58,55,59,104,60,207,61,295,62,0,63,0,64,1065,65,670,52,1,51,896,50,0,49,0,48,0,47,50,46,0,45,184,44,0,43,32,42,15,2501,1178
1773710909,55,52,55,50,56,0,57,55,58,55,59,104,60,207,61,295,62,0,63,0,64,1065,65,670,52,1,51,896,50,0,49,0,48,0,47,0,46,50,45,384,44,0,43,32,42,15,2501,1378
1773710910,55,52,55,50,56,0,57,55,58,55,59,104,60,207,61,295,62,0,63,0,64,430,65,670,52,1,51,896,50,0,49,0,48,0,47,25,46,50,45,384,44,4,43,0,42,15,1866,1375
1773710911,55,52,55,50,56,0,57,55,58,55,59,104,60,207,61,295,62,0,63,1160,64,21,65,1,52,1,51,5,50,0,49,0,48,0,47,25,46,250,45,184,44,4,43,0,42,426,1948,895
1773710912,55,52,55,50,56,0,57,55,58,55,59,104,60,207,61,295,62,0,63,1160,64,21,65,427,52,1,51,5,50,0,49,0,48,0,47,50,46,200,45,184,44,4,43,0,42,426,2374,870
1773710913,55,52,55,50,56,0,57,55,58,55,59,104,60,207,61,295,62,0,63,561,64,21,65,427,52,1,51,896,50,0,49,0,48,0,47,50,46,200,45,184,44,4,43,0,42,15,1775,1350
1773710914,55,52,55,50,56,0,57,55,58,55,59,104,60,207,61,295,62,0,63,561,64,619,65,427,52,1,51,896,50,0,49,0,48,0,47,50,46,200,45,184,44,4,43,0,42,15,2373,1350
1773710915,55,52,55,45,56,0,57,55,58,55,59,104,60,207,61,295,62,0,63,561,64,619,65,427,52,1,51,896,50,0,49,0,48,0,47,50,46,200,45,184,44,4,43,0,42,15,2368,1350
1773710916,54,52,54,15,55,45,56,0,57,55,58,55,59,104,60,207,61,295,62,0,63,561,64,21,52,1,51,891,50,0,49,0,48,5,47,50,46,200,45,184,44,11,43,0,42,15,1358,1357
1773710917,54,49,54,15,55,45,56,0,57,55,58,55,59,104,60,207,61,295,62,561,63,561,64,21,49,7,48,5,47,50,46,200,45,184,44,11,43,0,42,15,41,0,40,0,39,500,1919,972
1773710918,54,52,54,15,55,45,56,0,57,91,58,55,59,104,60,207,61,295,62,0,63,561,64,21,52,1,51,5,50,0,49,6,48,0,47,50,46,200,45,184,44,11,43,0,42,15,1394,472
1773710919,54,52,54,15,55,45,56,0,57,55,58,55,59,104,60,207,61,295,62,633,63,561,64,21,52,1,51,891,50,0,49,6,48,0,47,5,46,50,45,384,44,11,43,0,42,15,1991,1363
1773710920,54,52,54,15,55,45,56,0,57,55,58,55,59,104,60,207,61,295,62,633,63,561,64,21,52,1,51,896,50,0,49,6,48,0,47,0,46,50,45,184,44,211,43,0,42,15,1991,1363
1773710921,55,52,55,45,56,0,57,55,58,55,59,104,60,207,61,295,62,0,63,561,64,21,65,427,52,1,51,896,50,0,49,6,48,0,47,0,46,50,45,384,44,11,43,0,42,15,1770,1363
1773710922,55,52,55,45,56,0,57,55,58,55,59,104,60,207,61,295,62,0,63,561,64,21,65,427,52,1,51,896,50,0,49,6,48,0,47,0,46,50,45,384,44,11,43,0,42,15,1770,1363
1773710923,55,52,55,45,56,0,57,55,58,55,59,104,60,207,61,295,62,0,63,561,64,588,65,427,52,1,51,5,50,0,49,6,48,0,47,75,46,200,45,184,44,11,43,0,42,515,2337,997
1773710924,55,52,55,45,56,0,57,55,58,55,59,104,60,207,61,295,62,0,63,561,64,588,65,427,52,1,51,0,50,0,49,6,48,0,47,55,46,200,45,184,44,11,43,0,42,515,2337,972
1773710925,55,52,55,45,56,0,57,55,58,55,59,104,60,207,61,295,62,0,63,561,64,21,65,427,52,1,51,891,50,0,49,6,48,0,47,5,46,50,45,184,44,0,43,32,42,15,1770,1184
1773710926,54,52,54,15,55,45,56,0,57,55,58,55,59,104,60,207,61,295,62,0,63,561,64,21,52,1,51,891,50,0,49,6,48,0,47,0,46,65,45,384,44,4,43,0,42,0,1358,1351
1773710927,54,52,54,15,55,45,56,0,57,55,58,55,59,104,60,207,61,295,62,0,63,561,64,21,52,1,51,891,50,0,49,6,48,0,47,0,46,65,45,384,44,11,43,0,42,0,1358,1358
1773710928,54,51,54,15,55,45,56,0,57,55,58,55,59,104,60,207,61,295,62,0,63,561,64,21,51,891,50,0,49,6,48,0,47,0,46,65,45,384,44,4,43,0,42,0,41,0,1358,1350
1773710929,54,50,54,15,55,45,56,0,57,55,58,55,59,104,60,207,61,295,62,640,63,561,64,21,50,1,49,6,48,0,47,32,46,265,45,184,44,4,43,0,42,0,41,0,40,0,1998,492
1773710930,54,52,54,15,55,45,56,0,57,55,58,55,59,104,60,207,61,295,62,640,63,561,64,21,52,1,51,0,50,0,49,6,48,0,47,50,46,215,45,184,44,0,43,39,42,0,1998,495
1773710931,54,52,54,15,55,45,56,0,57,55,58,55,59,104,60,207,61,295,62,0,63,561,64,21,52,1,51,891,50,0,49,6,48,0,47,0,46,65,45,184,44,0,43,32,42,0,1358,1179
1773710932,54,52,54,15,55,45,56,0,57,55,58,55,59,104,60,207,61,295,62,0,63,561,64,21,52,1,51,891,50,0,49,6,48,0,47,50,46,15,45,384,44,4,43,0,42,0,1358,1351
1773710933,54,52,54,15,55,45,56,0,57,92,58,55,59,104,60,207,61,295,62,0,63,0,64,656,52,1,51,891,50,0,49,6,48,0,47,50,46,215,45,184,44,4,43,0,42,0,1469,1351
1773710934,54,51,54,15,55,45,56,0,57,55,58,55,59,104,60,207,61,295,62,0,63,954,64,656,51,891,50,1,49,6,48,0,47,5,46,65,45,384,44,4,43,0,42,0,41,0,2386,1356
1773710935,54,50,54,15,55,45,56,0,57,55,58,55,59,104,60,207,61,295,62,0,63,356,64,656,50,1,49,6,48,0,47,37,46,65,45,384,44,4,43,0,42,0,41,0,40,0,1788,497
1773710936,55,52,55,45,56,0,57,55,58,55,59,104,60,207,61,295,62,0,63,356,64,656,65,1,52,1,51,0,50,0,49,6,48,0,47,0,46,65,45,384,44,0,43,32,42,0,1774,488
1773710937,55,52,55,45,56,0,57,55,58,55,59,104,60,207,61,295,62,0,63,356,64,656,65,1,52,1,51,891,50,0,49,6,48,0,47,0,46,65,45,184,44,0,43,32,42,0,1774,1179
1773710938,55,52,55,45,56,0,57,55,58,55,59,104,60,207,61,295,62,0,63,996,64,656,65,1,52,1,51,891,50,0,49,6,48,0,47,0,46,65,45,184,44,4,43,0,42,0,2414,1151
1773710939,55,52,55,45,56,0,57,55,58,55,59,104,60,207,61,295,62,0,63,996,64,656,65,1,52,1,51,891,50,0,49,6,48,0,47,50,46,215,45,184,44,0,43,0,42,42,2414,1389
1773710940,55,52,55,45,56,0,57,55,58,55,59,104,60,207,61,295,62,0,63,356,64,656,65,1,52,1,51,891,50,0,49,6,48,25,47,50,46,215,45,184,44,0,43,0,42,42,1774,1414
1773710941,55,52,55,45,56,0,57,55,58,55,59,104,60,207,61,295,62,0,63,958,64,656,65,1,52,1,51,0,50,0,49,0,48,0,47,32,46,265,45,184,44,0,43,0,42,70,2376,552
1773710942,55,52,55,45,56,0,57,55,58,55,59,104,60,207,61,295,62,0,63,958,64,656,65,1,52,1,51,891,50,0,49,0,48,0,47,50,46,215,45,184,44,0,43,0,42,70,2376,1411
1773710943,55,52,55,45,56,0,57,55,58,55,59,104,60,207,61,295,62,0,63,356,64,656,65,1,52,1,51,891,50,0,49,0,48,0,47,0,46,65,45,184,44,0,43,0,42,0,1774,1141
1773710944,55,52,55,45,56,0,57,55,58,55,59,104,60,207,61,295,62,0,63,962,64,656,65,1,52,1,51,891,50,0,49,0,48,0,47,0,46,65,45,184,44,0,43,0,42,0,2380,1141
1773710945,55,52,55,45,56,38,57,55,58,55,59,104,60,207,61,295,62,0,63,962,64,656,65,1,52,1,51,891,50,0,49,0,48,0,47,0,46,265,45,184,44,0,43,7,42,0,2418,1348
1773710946,55,52,55,45,56,38,57,55,58,55,59,104,60,207,61,295,62,0,63,356,64,662,65,1,52,1,51,0,50,0,49,0,48,0,47,82,46,215,45,184,44,0,43,0,42,70,1818,552
1773710947,55,52,55,45,56,38,57,55,58,55,59,104,60,207,61,295,62,0,63,988,64,662,65,1,52,1,51,0,50,0,49,0,48,0,47,32,46,65,45,384,44,0,43,0,42,0,2450,482
1773710948,55,52,55,45,56,38,57,55,58,55,59,104,60,207,61,295,62,0,63,988,64,662,65,1,52,1,51,891,50,0,49,0,48,0,47,0,46,65,45,184,44,0,43,0,42,0,2450,1141
1773710949,55,52,55,45,56,38,57,55,58,55,59,104,60,207,61,295,62,0,63,356,64,662,65,1,52,1,51,891,50,0,49,0,48,0,47,50,46,15,45,184,44,0,43,35,42,0,1818,1176
1773710950,55,52,55,45,56,38,57,55,58,55,59,104,60,207,61,295,62,0,63,356,64,662,65,1,52,1,51,891,50,0,49,0,48,0,47,50,46,15,45,184,44,0,43,0,42,0,1818,1141
1773710951,55,52,55,45,56,38,57,55,58,255,59,104,60,707,61,295,62,0,63,356,64,662,65,1,52,1,51,891,50,50,49,1225,48,0,47,0,46,15,45,184,44,0,43,0,42,200,2518,2566
1773710952,55,52,55,45,56,38,57,55,58,255,59,104,60,707,61,295,62,0,63,356,64,939,65,1,52,1,51,891,50,50,49,1225,48,0,47,0,46,15,45,184,44,0,43,0,42,42,2795,2408
1773710953,55,52,55,45,56,38,57,55,58,255,59,104,60,707,61,295,62,0,63,356,64,939,65,1,52,1,51,0,50,50,49,1225,48,0,47,0,46,15,45,184,44,0,43,0,42,46,2795,1521
1773710954,55,52,55,45,56,38,57,55,58,255,59,104,60,707,61,295,62,0,63,356,64,939,65,1,52,1,51,891,50,50,49,1225,48,0,47,0,46,15,45,184,44,0,43,0,42,39,2795,2405
1773710955,55,52,55,45,56,38,57,55,58,255,59,104,60,707,61,295,62,0,63,356,64,939,65,1,52,1,51,891,50,50,49,1225,48,0,47,0,46,15,45,184,44,0,43,4,42,0,2795,2370
1773710956,55,52,55,45,56,38,57,55,58,255,59,104,60,707,61,295,62,0,63,356,64,939,65,1,52,1,51,891,50,50,49,1225,48,0,47,0,46,15,45,184,44,0,43,4,42,0,2795,2370
1773710957,55,52,55,45,56,38,57,55,58,255,59,104,60,707,61,295,62,0,63,356,64,939,65,1,52,1,51,891,50,50,49,1225,48,0,47,0,46,15,45,184,44,0,43,4,42,0,2795,2370
1773710958,55,52,55,45,56,38,57,55,58,255,59,104,60,707,61,295,62,0,63,356,64,939,65,1,52,1,51,891,50,50,49,1225,48,0,47,0,46,15,45,184,44,0,43,4,42,0,2795,2370
1773710959,55,52,55,45,56,38,57,55,58,255,59,104,60,707,61,295,62,0,63,356,64,939,65,1,52,1,51,0,50,50,49,1225,48,0,47,0,46,15,45,184,44,0,43,0,42,50,2795,1525
1773710960,55,52,55,45,56,38,57,55,58,255,59,104,60,707,61,295,62,0,63,356,64,939,65,1,52,1,51,891,50,50,49,1225,48,0,47,0,46,15,45,184,44,0,43,15,42,0,2795,2381
1773710961,55,52,55,45,56,38,57,55,58,55,59,104,60,207,61,295,62,0,63,0,64,27,65,1,52,1,51,891,50,0,49,0,48,0,47,0,46,265,45,184,44,0,43,500,42,50,827,1891
1773710962,55,52,55,45,56,0,57,55,58,157,59,559,60,207,61,295,62,0,63,0,64,27,65,433,52,1,51,891,50,0,49,0,48,0,47,0,46,265,45,184,44,0,43,500,42,50,1778,1891
1773710963,55,52,55,45,56,50,57,55,58,157,59,559,60,207,61,295,62,0,63,0,64,27,65,433,52,1,51,891,50,0,49,0,48,0,47,0,46,265,45,184,44,0,43,500,42,50,1828,1891
1773710964,55,52,55,45,56,50,57,55,58,157,59,559,60,207,61,295,62,0,63,0,64,27,65,996,52,1,51,891,50,0,49,0,48,0,47,50,46,265,45,184,44,411,43,500,42,50,2391,2352
1773710965,55,52,55,45,56,50,57,55,58,157,59,559,60,207,61,295,62,0,63,0,64,27,65,996,52,1,51,0,50,0,49,0,48,15,47,50,46,250,45,184,44,411,43,500,42,50,2391,1461
1773710966,55,52,55,45,56,50,57,55,58,55,59,559,60,309,61,295,62,0,63,0,64,27,65,433,52,1,51,50,50,891,49,0,48,15,47,0,46,200,45,184,44,0,43,500,42,50,1828,1891
1773710967,55,52,55,45,56,50,57,55,58,55,59,661,60,207,61,295,62,0,63,0,64,27,65,1057,52,1,51,50,50,891,49,0,48,15,47,0,46,200,45,184,44,484,43,500,42,50,2452,2375
1773710968,55,52,55,45,56,50,57,55,58,55,59,661,60,207,61,295,62,0,63,0,64,27,65,1057,52,1,51,50,50,891,49,0,48,15,47,0,46,200,45,184,44,484,43,500,42,50,2452,2375
1773710969,55,52,55,45,56,50,57,55,58,55,59,661,60,207,61,295,62,0,63,0,64,27,65,433,52,1,51,50,50,891,49,0,48,15,47,0,46,200,45,184,44,0,43,500,42,50,1828,1891
1773710970,55,52,55,45,56,50,57,55,58,55,59,661,60,207,61,295,62,0,63,0,64,27,65,433,52,1,51,0,50,0,49,891,48,15,47,105,46,200,45,184,44,0,43,500,42,50,1828,1946
1773710971,55,52,55,45,56,50,57,55,58,55,59,661,60,207,61,295,62,0,63,0,64,27,65,1023,52,1,51,0,50,50,49,0,48,15,47,5,46,200,45,184,44,418,43,515,42,0,2418,1388
1773710972,55,52,55,45,56,50,57,55,58,55,59,661,60,207,61,295,62,0,63,0,64,27,65,1023,52,1,51,0,50,50,49,891,48,15,47,5,46,200,45,184,44,418,43,8,42,0,2418,1772
1773710973,55,52,55,45,56,50,57,55,58,55,59,661,60,207,61,295,62,0,63,0,64,27,65,433,52,1,51,0,50,50,49,891,48,15,47,5,46,200,45,184,44,0,43,508,42,0,1828,1854
1773710974,55,52,55,45,56,50,57,55,58,55,59,661,60,207,61,295,62,0,63,0,64,27,65,433,52,1,51,0,50,65,49,891,48,0,47,5,46,200,45,184,44,0,43,508,42,0,1828,1854
1773710975,55,52,55,45,56,50,57,55,58,55,59,661,60,207,61,295,62,0,63,0,64,27,65,433,52,1,51,0,50,15,49,891,48,0,47,55,46,50,45,384,44,0,43,8,42,0,1828,1404
1773710976,55,52,55,45,56,50,57,55,58,55,59,661,60,207,61,295,62,0,63,0,64,27,65,1070,52,1,51,0,50,15,49,0,48,0,47,5,46,50,45,384,44,0,43,8,42,0,2465,463
1773710977,55,52,55,45,56,50,57,55,58,157,59,559,60,207,61,295,62,0,63,0,64,27,65,1070,52,1,51,0,50,15,49,0,48,0,47,5,46,100,45,384,44,0,43,8,42,0,2465,513
1773710978,54,50,54,15,55,45,56,50,57,55,58,157,59,559,60,207,61,295,62,0,63,0,64,27,50,56,49,891,48,0,47,15,46,0,45,384,44,0,43,7,42,0,41,0,40,0,1410,1353
1773710979,54,50,54,15,55,45,56,50,57,55,58,157,59,559,60,207,61,295,62,0,63,0,64,27,50,56,49,891,48,0,47,15,46,200,45,184,44,0,43,7,42,0,41,0,40,0,1410,1353
1773710980,54,50,54,15,55,45,56,50,57,55,58,157,59,559,60,207,61,295,62,0,63,0,64,27,50,56,49,891,48,0,47,15,46,0,45,184,44,0,43,0,42,0,41,0,40,210,1410,1356
1773710981,54,50,54,15,55,45,56,50,57,55,58,157,59,559,60,207,61,295,62,0,63,0,64,637,50,56,49,891,48,0,47,15,46,0,45,37,44,0,43,347,42,0,41,0,40,500,2020,1846
1773710982,54,50,54,15,55,45,56,50,57,55,58,157,59,559,60,207,61,295,62,0,63,0,64,27,50,6,49,0,48,0,47,15,46,18,45,37,44,250,43,147,42,0,41,77,40,0,1410,550
1773710983,54,50,54,15,55,45,56,50,57,55,58,157,59,559,60,207,61,295,62,0,63,0,64,27,50,6,49,0,48,0,47,15,46,0,45,37,44,50,43,347,42,0,41,0,40,49,1410,504
1773710984,54,50,54,15,55,45,56,50,57,55,58,157,59,559,60,207,61,295,62,0,63,0,64,681,50,56,49,891,48,0,47,15,46,0,45,37,44,0,43,147,42,0,41,0,40,154,2064,1300
1773710985,54,50,54,15,55,45,56,50,57,55,58,55,59,104,60,207,61,295,62,0,63,0,64,1232,50,56,49,891,48,0,47,0,46,15,45,37,44,200,43,147,42,14,41,0,40,500,2058,1860
1773710986,54,50,54,15,55,45,56,50,57,55,58,55,59,619,60,207,61,295,62,0,63,0,64,578,50,56,49,891,48,0,47,0,46,15,45,37,44,200,43,147,42,0,41,49,40,0,1919,1395
1773710987,54,50,54,15,55,45,56,50,57,55,58,55,59,619,60,207,61,295,62,0,63,0,64,578,50,56,49,891,48,0,47,0,46,15,45,37,44,0,43,347,42,14,41,0,40,0,1919,1360
1773710988,54,50,54,15,55,45,56,250,57,55,58,55,59,619,60,207,61,295,62,0,63,608,64,578,50,6,49,891,48,0,47,1179,46,65,45,237,44,50,43,147,42,0,41,42,40,0,2727,2617
1773710989,54,50,54,15,55,45,56,250,57,93,58,55,59,913,60,207,61,0,62,0,63,608,64,1078,50,6,49,0,48,50,47,1179,46,15,45,237,44,0,43,147,42,0,41,42,40,0,3264,1676
1773710990,54,50,54,15,55,45,56,250,57,93,58,55,59,809,60,207,61,0,62,280,63,0,64,1051,50,6,49,891,48,50,47,1179,46,15,45,237,44,0,43,147,42,0,41,42,40,0,2805,2567
1773710991,58,50,58,41,59,500,60,1,61,425,62,210,63,609,64,551,65,1,66,5234,67,115,68,500,50,21,49,891,48,50,47,1329,46,0,45,37,44,0,43,0,42,0,41,0,40,0,8187,2328
1773710992,57,50,57,300,58,73,59,0,60,0,61,500,62,229,63,609,64,1051,65,179,66,5234,67,115,50,16,49,891,48,55,47,1329,46,0,45,37,44,0,43,0,42,0,41,0,40,396,8290,2724
1773710993,56,50,56,528,57,0,58,0,59,0,60,241,61,500,62,257,63,0,64,1051,65,179,66,5234,50,16,49,896,48,50,47,1329,46,0,45,37,44,0,43,0,42,0,41,0,40,186,7990,2514
1773710994,56,50,56,528,57,0,58,0,59,0,60,500,61,133,62,257,63,764,64,1051,65,179,66,5234,50,16,49,5,48,50,47,1329,46,0,45,37,44,0,43,0,42,0,41,0,40,214,8646,1651
1773710995,56,50,56,328,57,0,58,200,59,741,60,0,61,0,62,257,63,656,64,1051,65,179,66,5234,50,16,49,5,48,50,47,1329,46,0,45,37,44,0,43,0,42,0,41,0,40,214,8646,1651
1773710996,56,50,56,328,57,200,58,0,59,0,60,0,61,500,62,257,63,0,64,1051,65,179,66,5234,50,16,49,896,48,50,47,1329,46,0,45,37,44,0,43,0,42,0,41,0,40,214,7749,2542
1773710997,56,50,56,328,57,0,58,0,59,0,60,0,61,700,62,229,63,0,64,1130,65,179,66,5234,50,16,49,896,48,50,47,1329,46,0,45,37,44,0,43,0,42,0,41,74,40,0,7800,2402
1773710998,54,50,54,15,55,0,56,0,57,0,58,0,59,0,60,16,61,10,62,0,63,151,64,630,50,81,49,891,48,5,47,150,46,200,45,37,44,0,43,0,42,500,41,0,40,64,822,1928
1773710999,54,50,54,15,55,0,56,0,57,0,58,0,59,151,60,9,61,10,62,110,63,648,64,551,50,6,49,891,48,50,47,150,46,0,45,37,44,0,43,0,42,483,41,0,40,197,1494,1814
1773711000,54,50,54,15,55,0,56,0,57,0,58,0,59,0,60,9,61,10,62,181,63,648,64,551,50,6,49,0,48,50,47,150,46,200,45,37,44,0,43,0,42,483,41,77,40,15,1414,1018
1773711001,54,50,54,15,55,0,56,0,57,0,58,50,59,0,60,9,61,10,62,0,63,7,64,551,50,6,49,0,48,50,47,150,46,0,45,37,44,0,43,0,42,0,41,500,40,190,642,933
1773711002,54,50,54,15,55,0,56,0,57,0,58,0,59,0,60,9,61,10,62,151,63,7,64,200,50,36,49,891,48,50,47,150,46,0,45,37,44,0,43,0,42,0,41,0,40,197,392,1361
1773711003,54,50,54,15,55,0,56,0,57,61,58,50,59,0,60,9,61,10,62,0,63,41,64,200,50,6,49,891,48,50,47,150,46,0,45,37,44,0,43,0,42,0,41,0,40,204,386,1338
1773711004,54,50,54,15,55,0,56,0,57,151,58,0,59,0,60,9,61,10,62,0,63,668,64,344,50,21,49,891,48,50,47,150,46,200,45,37,44,0,43,0,42,0,41,0,40,182,1197,1531
1773711005,54,50,54,15,55,0,56,0,57,0,58,0,59,0,60,9,61,60,62,0,63,668,64,200,50,21,49,891,48,50,47,150,46,0,45,37,44,0,43,0,42,0,41,0,40,70,952,1219
1773711006,54,50,54,15,55,0,56,0,57,0,58,50,59,151,60,9,61,10,62,864,63,573,64,200,50,21,49,0,48,50,47,150,46,200,45,37,44,0,43,0,42,488,41,500,40,35,1872,1481
1773711007,54,50,54,15,55,0,56,0,57,0,58,50,59,0,60,9,61,10,62,864,63,573,64,200,50,21,49,0,48,50,47,350,46,0,45,37,44,0,43,0,42,488,41,0,40,182,1721,1128
1773711008,61,50,61,10,62,239,63,573,64,200,65,179,66,5234,67,115,68,0,69,0,70,0,71,2,50,21,49,891,48,50,47,150,46,0,45,37,44,0,43,0,42,0,41,0,40,182,6552,1331
1773711009,57,50,57,26,58,0,59,15,60,0,61,17,62,239,63,566,64,200,65,179,66,5234,67,115,50,21,49,891,48,50,47,150,46,0,45,37,44,0,43,0,42,0,41,217,40,0,6591,1366
1773711010,56,50,56,15,57,8,58,0,59,0,60,0,61,67,62,239,63,1127,64,200,65,179,66,5234,50,21,49,891,48,50,47,150,46,0,45,37,44,0,43,0,42,0,41,210,40,0,7069,1359
1773711011,56,50,56,15,57,0,58,0,59,50,60,151,61,10,62,239,63,1127,64,200,65,179,66,5234,50,16,49,896,48,50,47,150,46,200,45,37,44,0,43,0,42,0,41,0,40,42,7205,1391
1773711012,56,50,56,15,57,0,58,0,59,50,60,0,61,65,62,239,63,566,64,200,65,1,66,5234,50,16,49,5,48,50,47,150,46,0,45,37,44,0,43,0,42,0,41,0,40,182,6370,440
1773711013,56,50,56,15,57,0,58,0,59,50,60,0,61,65,62,239,63,1174,64,200,65,201,66,5234,50,16,49,5,48,50,47,350,46,0,45,37,44,0,43,0,42,0,41,500,40,182,7178,1140
1773711014,56,50,56,15,57,0,58,0,59,0,60,32,61,65,62,239,63,1174,64,200,65,201,66,5234,50,16,49,896,48,50,47,150,46,0,45,37,44,0,43,0,42,0,41,217,40,0,7160,1366
1773711015,56,50,56,15,57,0,58,0,59,0,60,0,61,65,62,239,63,566,64,200,65,201,66,5234,50,16,49,896,48,50,47,350,46,0,45,37,44,0,43,0,42,500,41,210,40,0,6520,2059
1773711016,56,50,56,15,57,0,58,0,59,0,60,32,61,65,62,239,63,566,64,200,65,201,66,5234,50,16,49,896,48,50,47,150,46,200,45,37,44,0,43,0,42,0,41,0,40,42,6552,1391
1773711017,61,50,61,72,62,239,63,566,64,0,65,201,66,5037,67,115,68,22,69,0,70,0,71,2,50,66,49,896,48,0,47,150,46,200,45,37,44,0,43,0,42,0,41,542,40,0,6254,1891
1773711018,61,50,61,62,62,239,63,566,64,0,65,201,66,5037,67,115,68,22,69,0,70,0,71,2,50,16,49,0,48,55,47,350,46,0,45,37,44,0,43,0,42,0,41,500,40,217,6244,1175
1773711019,57,50,57,2,58,0,59,0,60,15,61,72,62,239,63,566,64,0,65,201,66,5234,67,115,50,71,49,0,48,0,47,350,46,0,45,37,44,0,43,0,42,0,41,500,40,217,6444,1175
1773711020,61,50,61,5,62,149,63,566,64,0,65,201,66,5037,67,115,68,0,69,0,70,0,71,2,50,71,49,891,48,0,47,150,46,0,45,37,44,0,43,0,42,0,41,245,40,0,6075,1394
1773711021,62,50,62,228,63,566,64,0,65,201,66,5037,67,115,68,0,69,0,70,0,71,2,72,3,50,66,49,898,48,0,47,150,46,0,45,37,44,0,43,0,42,0,41,105,40,0,6152,1256
1773711022,64,50,64,105,65,393,66,5037,67,115,68,0,69,0,70,0,71,2,72,3,73,73,74,272,50,66,49,898,48,0,47,350,46,0,45,37,44,0,43,0,42,500,41,44,40,0,6000,1895
1773711023,63,50,63,17,64,48,65,393,66,5037,67,115,68,0,69,0,70,0,71,2,72,3,73,73,50,16,49,891,48,57,47,350,46,0,45,37,44,0,43,0,42,500,41,44,40,0,5688,1895
1773711024,57,50,57,28,58,0,59,0,60,0,61,0,62,10,63,24,64,36,65,393,66,5234,67,115,50,23,49,0,48,50,47,350,46,0,45,37,44,0,43,0,42,500,41,245,40,0,5840,1205
1773711025,57,50,57,43,58,0,59,0,60,0,61,10,62,0,63,151,64,36,65,393,66,5234,67,115,50,23,49,0,48,50,47,150,46,0,45,37,44,0,43,0,42,500,41,245,40,0,5982,1005
1773711026,57,50,57,43,58,0,59,0,60,0,61,10,62,0,63,151,64,228,65,846,66,5234,67,115,50,23,49,891,48,50,47,350,46,0,45,37,44,0,43,500,42,483,41,0,40,0,6627,2334
1773711027,57,50,57,41,58,0,59,0,60,0,61,10,62,0,63,151,64,228,65,846,66,5234,67,115,50,23,49,891,48,50,47,350,46,0,45,37,44,0,43,500,42,483,41,0,40,0,6625,2334
1773711028,57,50,57,41,58,0,59,0,60,0,61,10,62,0,63,151,64,39,65,201,66,5234,67,115,50,23,49,891,48,50,47,350,46,0,45,37,44,0,43,500,42,67,41,0,40,0,5791,1918
1773711029,57,50,57,41,58,0,59,0,60,0,61,10,62,0,63,151,64,228,65,770,66,5234,67,115,50,16,49,891,48,72,47,150,46,200,45,37,44,0,43,0,42,500,41,39,40,0,6549,1905
1773711030,57,50,57,41,58,0,59,0,60,0,61,10,62,0,63,151,64,237,65,770,66,5234,67,115,50,16,49,0,48,72,47,350,46,0,45,37,44,0,43,0,42,500,41,39,40,0,6558,1014
1773711031,57,50,57,41,58,0,59,0,60,0,61,10,62,0,63,151,64,49,65,389,66,5234,67,115,50,16,49,0,48,72,47,350,46,0,45,37,44,0,43,0,42,500,41,39,40,0,5989,1014
1773711032,57,50,57,41,58,0,59,0,60,0,61,10,62,0,63,151,64,49,65,389,66,5234,67,115,50,16,49,891,48,72,47,150,46,0,45,37,44,0,43,500,42,67,41,0,40,0,5989,1733
1773711033,64,50,64,44,65,189,66,5037,67,115,68,0,69,0,70,0,71,48,72,3,73,73,74,75,50,36,49,898,48,15,47,350,46,0,45,37,44,0,43,4,42,0,41,0,40,0,5584,1340
1773711034,64,52,64,45,65,189,66,5037,67,115,68,0,69,0,70,0,71,48,72,3,73,3,74,3,52,31,51,6,50,25,49,1040,48,15,47,0,46,0,45,37,44,0,43,15,42,0,5443,1169
1773711035,64,52,64,45,65,189,66,5037,67,115,68,0,69,0,70,0,71,48,72,3,73,3,74,3,52,1,51,7,50,0,49,891,48,164,47,0,46,0,45,37,44,0,43,15,42,0,5443,1115
1773711036,63,53,63,5,64,40,65,189,66,5037,67,115,68,0,69,0,70,0,71,2,72,3,73,3,53,1,52,30,51,7,50,349,49,0,48,15,47,0,46,0,45,37,44,0,43,253,5394,692
1773711037,62,53,62,1,63,156,64,9,65,189,66,5037,67,115,68,0,69,0,70,0,71,2,72,3,53,1,52,30,51,57,50,349,49,0,48,15,47,0,46,0,45,100,44,0,43,15,5512,567
1773711038,63,53,63,1,64,14,65,189,66,5037,67,115,68,0,69,0,70,0,71,2,72,3,73,4,53,1,52,31,51,206,50,149,49,891,48,15,47,0,46,500,45,102,44,0,43,15,5365,1910
1773711039,63,53,63,1,64,14,65,189,66,5037,67,115,68,0,69,0,70,0,71,2,72,3,73,3,53,1,52,31,51,206,50,149,49,891,48,15,47,0,46,500,45,102,44,0,43,15,5364,1910
1773711040,63,53,63,1,64,160,65,194,66,5037,67,115,68,0,69,0,70,0,71,2,72,40,73,3,53,1,52,31,51,206,50,149,49,891,48,15,47,0,46,500,45,102,44,0,43,15,5552,1910
1773711041,63,53,63,1,64,151,65,189,66,5037,67,115,68,0,69,0,70,0,71,2,72,39,73,3,53,2,52,179,51,206,50,0,49,891,48,15,47,500,46,40,45,37,44,0,43,15,5537,1885
1773711042,63,53,63,31,64,151,65,189,66,5037,67,115,68,0,69,0,70,0,71,2,72,14,73,3,53,2,52,179,51,206,50,0,49,0,48,15,47,500,46,40,45,37,44,0,43,15,5542,994
1773711043,63,53,63,31,64,151,65,189,66,5037,67,115,68,0,69,0,70,0,71,2,72,3,73,3,53,2,52,179,51,6,50,215,49,0,48,15,47,0,46,500,45,102,44,0,43,0,5531,1019
1773711044,63,53,63,80,64,151,65,189,66,5037,67,115,68,0,69,0,70,0,71,2,72,3,73,211,53,51,52,179,51,206,50,15,49,891,48,15,47,0,46,500,45,102,44,0,43,0,5788,1959
1773711045,63,53,63,80,64,151,65,189,66,5037,67,115,68,0,69,0,70,0,71,2,72,3,73,211,53,51,52,179,51,206,50,15,49,891,48,15,47,0,46,500,45,102,44,0,43,0,5788,1959
1773711046,63,53,63,80,64,151,65,189,66,5037,67,115,68,0,69,0,70,0,71,2,72,3,73,64,53,51,52,179,51,206,50,15,49,891,48,515,47,0,46,93,45,37,44,0,43,0,5641,1987
1773711047,63,53,63,80,64,151,65,189,66,5037,67,115,68,0,69,0,70,0,71,2,72,3,73,64,53,51,52,179,51,206,50,15,49,891,48,515,47,0,46,93,45,37,44,0,43,0,5641,1987
1773711048,62,53,62,55,63,17,64,0,65,189,66,5037,67,115,68,0,69,0,70,0,71,2,72,3,53,51,52,179,51,206,50,15,49,0,48,15,47,0,46,40,45,37,44,0,43,0,5418,543
1773711049,62,53,62,55,63,0,64,17,65,189,66,5037,67,115,68,0,69,0,70,0,71,48,72,3,53,51,52,179,51,206,50,15,49,0,48,15,47,0,46,0,45,102,44,0,43,0,5464,568
1773711050,62,53,62,60,63,0,64,17,65,189,66,5037,67,115,68,0,69,0,70,0,71,48,72,3,53,51,52,179,51,206,50,15,49,891,48,15,47,0,46,500,45,102,44,0,43,0,5469,1959
1773711051,62,54,62,60,63,0,64,50,65,189,66,5037,67,115,68,0,69,0,70,10,71,2,72,3,54,36,53,101,52,149,51,200,50,15,49,891,48,515,47,0,46,0,45,102,44,0,5466,2009
1773711052,62,54,62,60,63,0,64,50,65,189,66,5037,67,115,68,0,69,0,70,10,71,2,72,3,54,36,53,101,52,149,51,200,50,15,49,891,48,515,47,0,46,0,45,102,44,0,5466,2009
1773711053,62,54,62,60,63,0,64,50,65,189,66,5037,67,115,68,0,69,0,70,10,71,2,72,3,54,36,53,101,52,149,51,200,50,15,49,891,48,515,47,0,46,0,45,102,44,0,5466,2009
1773711054,63,54,63,50,64,0,65,189,66,5037,67,115,68,0,69,0,70,10,71,2,72,3,73,3,54,36,53,101,52,349,51,0,50,15,49,0,48,515,47,0,46,0,45,102,44,0,5409,1118
1773711055,64,54,64,65,65,189,66,5037,67,115,68,0,69,0,70,10,71,2,72,3,73,3,74,199,54,36,53,101,52,349,51,0,50,15,49,0,48,515,47,0,46,76,45,37,44,0,5623,1129
1773711056,64,54,64,65,65,189,66,5037,67,115,68,0,69,0,70,10,71,2,72,3,73,3,74,199,54,36,53,101,52,149,51,200,50,15,49,891,48,515,47,7,46,0,45,37,44,0,5623,1951
1773711057,60,54,60,55,61,0,62,0,63,0,64,65,65,189,66,5037,67,115,68,0,69,0,70,10,54,36,53,101,52,149,51,200,50,15,49,891,48,15,47,0,46,500,45,96,44,0,5471,2003
1773711058,60,54,60,55,61,0,62,0,63,0,64,65,65,189,66,5625,67,115,68,0,69,0,70,10,54,36,53,101,52,349,51,0,50,15,49,891,48,15,47,35,46,0,45,37,44,0,6059,1479
1773711059,64,54,64,60,65,189,66,5625,67,115,68,0,69,0,70,7,71,2,72,3,73,3,74,199,54,36,53,101,52,349,51,0,50,15,49,891,48,515,47,35,46,0,45,37,44,0,6203,1979
1773711060,64,54,64,60,65,189,66,5037,67,115,68,0,69,0,70,7,71,2,72,3,73,3,74,199,54,36,53,101,52,349,51,0,50,15,49,0,48,515,47,35,46,0,45,37,44,0,5615,1088
1773711061,64,54,64,60,65,189,66,5037,67,115,68,0,69,0,70,7,71,2,72,3,73,3,74,199,54,36,53,101,52,149,51,200,50,15,49,0,48,515,47,11,46,0,45,37,44,0,5615,1064
1773711062,64,54,64,15,65,189,66,5037,67,115,68,0,69,0,70,8,71,2,72,3,73,3,74,3,54,36,53,101,52,149,51,200,50,15,49,891,48,515,47,0,46,39,45,37,44,0,5375,1983
1773711063,64,54,64,15,65,194,66,5037,67,115,68,0,69,0,70,0,71,41,72,3,73,3,74,3,54,36,53,101,52,149,51,200,50,15,49,891,48,15,47,0,46,32,45,37,44,0,5411,1476
1773711064,64,55,64,15,65,194,66,5037,67,115,68,0,69,0,70,0,71,13,72,3,73,3,74,3,55,1,54,6,53,100,52,349,51,0,50,15,49,891,48,15,47,0,46,32,45,37,5383,1446
1773711065,64,55,64,44,65,189,66,5037,67,115,68,0,69,0,70,0,71,13,72,3,73,3,74,3,55,31,54,6,53,100,52,149,51,200,50,15,49,891,48,15,47,0,46,32,45,37,5407,1476
1773711066,63,56,63,55,64,44,65,189,66,5037,67,115,68,0,69,0,70,0,71,13,72,3,73,3,56,6,55,1,54,0,53,100,52,349,51,0,50,15,49,500,48,15,47,0,46,109,5459,1095
1773711067,63,56,63,60,64,39,65,189,66,5037,67,115,68,0,69,0,70,0,71,13,72,3,73,3,56,6,55,1,54,0,53,100,52,349,51,0,50,15,49,500,48,15,47,0,46,109,5459,1095
1773711068,63,56,63,60,64,39,65,189,66,5037,67,115,68,0,69,0,70,0,71,13,72,3,73,3,56,6,55,1,54,0,53,100,52,349,51,0,50,15,49,1391,48,15,47,0,46,109,5459,1986
1773711069,64,56,64,39,65,189,66,5037,67,115,68,0,69,0,70,0,71,13,72,3,73,3,74,3,56,6,55,1,54,0,53,300,52,149,51,0,50,515,49,891,48,15,47,0,46,109,5402,1986
1773711070,64,56,64,190,65,189,66,5037,67,115,68,0,69,0,70,0,71,2,72,34,73,3,74,3,56,6,55,101,54,149,53,0,52,0,51,200,50,515,49,891,48,74,47,0,46,0,5573,1936
1773711071,64,56,64,190,65,189,66,5037,67,115,68,0,69,0,70,0,71,2,72,3,73,61,74,3,56,6,55,101,54,149,53,0,52,0,51,200,50,515,49,891,48,74,47,0,46,0,5600,1936
1773711072,64,56,64,190,65,189,66,5037,67,115,68,0,69,0,70,0,71,2,72,3,73,61,74,3,56,6,55,101,54,149,53,0,52,0,51,200,50,515,49,0,48,74,47,0,46,0,5600,1045
1773711073,64,56,64,190,65,189,66,5037,67,115,68,0,69,0,70,0,71,2,72,3,73,43,74,3,56,36,55,101,54,149,53,0,52,0,51,200,50,515,49,0,48,74,47,0,46,0,5582,1075
1773711074,64,56,64,190,65,189,66,5037,67,115,68,0,69,0,70,0,71,2,72,3,73,43,74,3,56,36,55,101,54,149,53,0,52,0,51,0,50,700,49,891,48,74,47,0,46,15,5582,1966
1773711075,63,56,63,55,64,39,65,189,66,5037,67,115,68,0,69,0,70,0,71,2,72,3,73,43,56,36,55,101,54,164,53,0,52,0,51,0,50,700,49,891,48,59,47,0,46,15,5483,1966
1773711076,63,56,63,55,64,39,65,189,66,5037,67,115,68,0,69,0,70,0,71,2,72,3,73,43,56,36,55,101,54,164,53,0,52,0,51,0,50,500,49,1091,48,59,47,0,46,15,5483,1966
1773711077,63,56,63,55,64,39,65,189,66,5037,67,115,68,0,69,0,70,0,71,2,72,3,73,43,56,36,55,101,54,164,53,0,52,0,51,0,50,700,49,891,48,62,47,0,46,15,5483,1969
1773711078,63,56,63,60,64,39,65,189,66,5037,67,115,68,0,69,0,70,0,71,2,72,3,73,43,56,36,55,101,54,164,53,0,52,0,51,0,50,0,49,700,48,62,47,0,46,15,5488,1078
1773711079,63,56,63,60,64,39,65,189,66,5037,67,115,68,0,69,0,70,0,71,2,72,3,73,16,56,36,55,101,54,164,53,0,52,0,51,0,50,500,49,200,48,62,47,0,46,0,5461,1063
1773711080,63,56,63,60,64,39,65,189,66,5037,67,115,68,0,69,0,70,0,71,2,72,3,73,16,56,36,55,101,54,164,53,0,52,0,51,0,50,700,49,891,48,62,47,0,46,0,5461,1954
1773711081,63,56,63,211,64,39,65,189,66,5037,67,115,68,0,69,0,70,0,71,2,72,180,73,3,56,36,55,101,54,164,53,0,52,0,51,0,50,700,49,891,48,62,47,0,46,0,5776,1954
1773711082,63,56,63,211,64,39,65,189,66,5037,67,115,68,0,69,0,70,0,71,41,72,3,73,3,56,36,55,101,54,164,53,0,52,0,51,0,50,700,49,891,48,62,47,0,46,0,5638,1954
1773711083,62,56,62,113,63,94,64,0,65,189,66,5037,67,115,68,0,69,0,70,0,71,41,72,3,56,36,55,101,54,164,53,0,52,0,51,0,50,700,49,891,48,62,47,0,46,0,5592,1954
1773711084,62,56,62,113,63,55,64,39,65,677,66,5037,67,115,68,0,69,0,70,0,71,2,72,3,56,36,55,101,54,164,53,0,52,0,51,200,50,515,49,0,48,62,47,0,46,0,6041,1078
1773711085,62,56,62,113,63,94,64,249,65,677,66,5037,67,115,68,0,69,0,70,39,71,2,72,3,56,36,55,101,54,164,53,0,52,0,51,200,50,515,49,0,48,62,47,0,46,0,6329,1078
1773711086,62,56,62,113,63,94,64,249,65,677,66,5037,67,115,68,0,69,0,70,39,71,2,72,3,56,36,55,101,54,164,53,0,52,0,51,200,50,515,49,891,48,62,47,0,46,0,6329,1969
1773711087,62,56,62,113,63,94,64,249,65,677,66,5037,67,115,68,0,69,0,70,39,71,2,72,3,56,36,55,101,54,164,53,0,52,0,51,200,50,515,49,891,48,62,47,0,46,0,6329,1969
1773711088,62,56,62,113,63,94,64,249,65,677,66,5037,67,115,68,0,69,0,70,39,71,2,72,3,56,36,55,101,54,164,53,0,52,0,51,200,50,515,49,891,48,62,47,0,46,0,6329,1969
1773711089,62,56,62,113,63,94,64,249,65,677,66,5037,67,115,68,0,69,0,70,39,71,2,72,3,56,36,55,101,54,164,53,0,52,0,51,200,50,515,49,891,48,62,47,0,46,0,6329,1969
1773711090,62,56,62,113,63,94,64,249,65,677,66,5037,67,115,68,0,69,0,70,39,71,2,72,3,56,36,55,101,54,164,53,0,52,0,51,200,50,515,49,0,48,62,47,0,46,0,6329,1078
1773711091,62,56,62,113,63,94,64,249,65,677,66,5037,67,115,68,0,69,0,70,39,71,2,72,3,56,36,55,101,54,164,53,0,52,0,51,200,50,515,49,891,48,62,47,0,46,0,6329,1969
1773711092,62,56,62,113,63,94,64,249,65,677,66,5037,67,115,68,0,69,0,70,39,71,2,72,3,56,36,55,101,54,164,53,0,52,0,51,200,50,515,49,891,48,62,47,0,46,0,6329,1969
1773711093,62,56,62,113,63,94,64,249,65,677,66,5037,67,115,68,0,69,0,70,39,71,2,72,3,56,36,55,101,54,164,53,0,52,0,51,200,50,515,49,891,48,62,47,0,46,0,6329,1969
1773711094,61,56,61,10,62,113,63,94,64,249,65,677,66,5037,67,115,68,0,69,11,70,0,71,2,56,36,55,101,54,164,53,0,52,0,51,200,50,515,49,891,48,51,47,0,46,0,6308,1958
1773711095,61,56,61,10,62,113,63,94,64,249,65,677,66,5037,67,115,68,0,69,0,70,39,71,2,56,36,55,101,54,164,53,0,52,0,51,200,50,515,49,891,48,58,47,0,46,0,6336,1965
1773711096,61,56,61,10,62,113,63,94,64,249,65,677,66,5037,67,115,68,0,69,0,70,39,71,2,56,36,55,101,54,164,53,0,52,0,51,200,50,515,49,0,48,58,47,0,46,0,6336,1074
1773711097,61,56,61,10,62,113,63,94,64,249,65,677,66,5037,67,115,68,0,69,0,70,39,71,2,56,36,55,101,54,149,53,0,52,0,51,200,50,515,49,0,48,58,47,0,46,0,6336,1059
1773711098,61,56,61,10,62,113,63,94,64,249,65,677,66,5037,67,115,68,0,69,0,70,39,71,2,56,36,55,101,54,149,53,0,52,0,51,0,50,700,49,891,48,58,47,0,46,15,6336,1950
1773711099,61,56,61,10,62,113,63,94,64,249,65,677,66,5037,67,115,68,0,69,0,70,39,71,2,56,36,55,101,54,149,53,0,52,0,51,0,50,700,49,891,48,58,47,0,46,15,6336,1950
1773711100,61,56,61,10,62,113,63,94,64,249,65,677,66,5037,67,115,68,0,69,0,70,39,71,2,56,36,55,101,54,149,53,0,52,0,51,0,50,700,49,891,48,58,47,0,46,15,6336,1950
1773711101,61,56,61,10,62,113,63,94,64,249,65,677,66,5037,67,115,68,0,69,0,70,39,71,2,56,36,55,101,54,149,53,0,52,0,51,0,50,700,49,891,48,58,47,0,46,15,6336,1950
1773711102,61,56,61,10,62,113,63,94,64,249,65,677,66,5037,67,115,68,0,69,0,70,39,71,2,56,36,55,101,54,149,53,0,52,0,51,0,50,0,49,700,48,58,47,0,46,15,6336,1059
1773711103,61,56,61,10,62,113,63,94,64,249,65,677,66,5037,67,115,68,0,69,0,70,43,71,2,56,36,55,101,54,149,53,0,52,0,51,0,50,700,49,0,48,59,47,0,46,15,6340,1060
1773711104,61,57,61,10,62,113,63,94,64,249,65,677,66,5037,67,115,68,0,69,0,70,43,71,2,57,15,56,36,55,101,54,349,53,0,52,0,51,0,50,500,49,891,48,59,47,0,6340,1951
1773711105,61,57,61,10,62,113,63,94,64,249,65,677,66,5037,67,115,68,0,69,0,70,43,71,2,57,15,56,36,55,101,54,349,53,0,52,0,51,0,50,0,49,1391,48,59,47,0,6340,1951
1773711106,61,57,61,10,62,113,63,94,64,249,65,677,66,5037,67,115,68,0,69,0,70,43,71,2,57,15,56,36,55,101,54,349,53,0,52,0,51,0,50,500,49,891,48,59,47,0,6340,1951
1773711107,61,57,61,10,62,113,63,94,64,249,65,677,66,5037,67,115,68,0,69,0,70,43,71,2,57,15,56,36,55,101,54,349,53,0,52,0,51,0,50,500,49,891,48,59,47,0,6340,1951
1773711108,61,57,61,10,62,113,63,94,64,249,65,677,66,5037,67,115,68,0,69,0,70,43,71,2,57,15,56,36,55,101,54,349,53,0,52,0,51,0,50,0,49,500,48,59,47,0,6340,1060
1773711109,60,57,60,800,61,10,62,113,63,94,64,960,65,677,66,5037,67,115,68,0,69,0,70,195,57,15,56,36,55,101,54,149,53,0,52,0,51,0,50,200,49,891,48,0,47,0,8001,1392
1773711110,58,57,58,210,59,0,60,600,61,0,62,108,63,304,64,1214,65,677,66,5037,67,115,68,0,57,21,56,0,55,1,54,0,53,100,52,349,51,0,50,0,49,891,48,0,47,0,8265,1362
1773711111,58,55,58,10,59,350,60,500,61,0,62,272,63,887,64,1214,65,1,66,5037,67,115,68,195,55,6,54,31,53,100,52,149,51,0,50,15,49,891,48,0,47,0,46,203,45,1817,8581,3212
1773711112,58,55,58,210,59,0,60,650,61,0,62,521,63,638,64,1839,65,1,66,5037,67,115,68,195,55,6,54,31,53,150,52,149,51,0,50,215,49,891,48,0,47,500,46,647,45,1806,9206,4395
1773711113,58,55,58,350,59,10,60,0,61,500,62,521,63,638,64,1839,65,1,66,5037,67,115,68,195,55,6,54,31,53,150,52,149,51,0,50,215,49,891,48,0,47,500,46,647,45,1806,9206,4395
1773711114,57,55,57,65,58,350,59,0,60,0,61,500,62,521,63,638,64,1214,65,1,66,5037,67,115,55,6,54,31,53,150,52,149,51,0,50,215,49,0,48,0,47,500,46,203,45,1806,8441,3060
1773711115,57,55,57,65,58,0,59,200,60,650,61,0,62,521,63,638,64,1214,65,1,66,5037,67,115,55,6,54,31,53,150,52,149,51,0,50,215,49,891,48,0,47,500,46,203,45,1806,8441,3951
1773711116,57,55,57,65,58,200,59,0,60,150,61,500,62,521,63,638,64,1214,65,1,66,5037,67,115,55,6,54,31,53,150,52,149,51,0,50,215,49,891,48,0,47,500,46,203,45,1806,8441,3951
1773711117,57,55,57,65,58,150,59,0,60,700,61,121,62,400,63,1243,64,1214,65,1,66,5037,67,115,55,6,54,31,53,200,52,149,51,0,50,215,49,891,48,0,47,500,46,671,45,1806,9046,4469
1773711118,57,55,57,65,58,200,59,150,60,500,61,121,62,400,63,1243,64,1214,65,1,66,5037,67,115,55,6,54,31,53,150,52,149,51,0,50,215,49,891,48,0,47,500,46,671,45,1806,9046,4419
1773711119,57,55,57,65,58,0,59,0,60,0,61,150,62,472,63,638,64,0,65,250,66,5037,67,160,55,6,54,31,53,150,52,149,51,0,50,215,49,891,48,0,47,500,46,203,45,670,6772,2815
1773711120,57,55,57,65,58,55,59,150,60,0,61,0,62,472,63,1242,64,0,65,250,66,5037,67,160,55,6,54,31,53,150,52,149,51,0,50,215,49,0,48,0,47,500,46,676,45,670,7431,2397
1773711121,57,55,57,65,58,55,59,0,60,0,61,150,62,472,63,1242,64,0,65,250,66,5037,67,163,55,6,54,31,53,150,52,149,51,0,50,215,49,0,48,0,47,500,46,676,45,670,7434,2397
1773711122,57,55,57,65,58,55,59,0,60,0,61,150,62,472,63,638,64,0,65,250,66,5037,67,163,55,6,54,31,53,150,52,149,51,0,50,215,49,891,48,0,47,500,46,203,45,670,6830,2815
1773711123,57,55,57,65,58,55,59,0,60,0,61,150,62,472,63,638,64,0,65,250,66,5037,67,163,55,6,54,31,53,150,52,149,51,0,50,215,49,891,48,0,47,500,46,203,45,670,6830,2815
1773711124,57,55,57,65,58,55,59,0,60,0,61,150,62,472,63,1211,64,0,65,250,66,5037,67,163,55,6,54,31,53,150,52,149,51,0,50,215,49,891,48,0,47,500,46,698,45,670,7403,3310
1773711125,57,55,57,65,58,55,59,0,60,0,61,150,62,472,63,1211,64,0,65,250,66,5037,67,163,55,6,54,31,53,150,52,149,51,0,50,215,49,891,48,0,47,500,46,698,45,670,7403,3310
1773711126,57,55,57,65,58,55,59,150,60,0,61,200,62,272,63,638,64,0,65,1,66,5037,67,191,55,6,54,31,53,150,52,149,51,0,50,215,49,0,48,0,47,500,46,203,45,670,6609,1924
1773711127,57,55,57,65,58,55,59,150,60,0,61,200,62,272,63,1287,64,0,65,1,66,5037,67,191,55,6,54,31,53,150,52,149,51,0,50,215,49,0,48,0,47,500,46,203,45,670,7258,1924
1773711128,57,55,57,65,58,55,59,150,60,0,61,0,62,472,63,1287,64,0,65,1,66,5037,67,163,55,6,54,31,53,150,52,149,51,0,50,215,49,891,48,574,47,0,46,500,45,37,7230,2553
1773711129,57,55,57,65,58,55,59,0,60,0,61,150,62,472,63,638,64,0,65,1,66,5037,67,163,55,6,54,31,53,150,52,149,51,0,50,215,49,891,48,574,47,0,46,500,45,37,6581,2553
1773711130,57,55,57,65,58,55,59,0,60,0,61,150,62,472,63,1271,64,0,65,1,66,5037,67,163,55,6,54,31,53,150,52,149,51,0,50,215,49,891,48,574,47,0,46,500,45,37,7214,2553
1773711131,57,55,57,65,58,55,59,0,60,0,61,150,62,472,63,1271,64,0,65,1,66,5037,67,163,55,6,54,31,53,150,52,149,51,0,50,215,49,891,48,574,47,0,46,500,45,37,7214,2553
1773711132,57,55,57,65,58,55,59,0,60,0,61,150,62,472,63,638,64,0,65,1,66,5037,67,163,55,6,54,31,53,150,52,149,51,0,50,215,49,0,48,574,47,0,46,500,45,37,6581,1662
1773711133,57,55,57,65,58,55,59,0,60,150,61,200,62,108,63,55,64,158,65,572,66,5037,67,163,55,6,54,31,53,150,52,149,51,0,50,215,49,0,48,574,47,0,46,500,45,37,6563,1662
1773711134,56,54,56,10,57,55,58,55,59,0,60,150,61,0,62,108,63,55,64,358,65,572,66,5037,54,31,53,150,52,149,51,0,50,906,49,0,48,574,47,0,46,0,45,37,44,142,6400,1989
1773711135,56,54,56,10,57,55,58,55,59,0,60,150,61,0,62,108,63,55,64,358,65,572,66,5037,54,31,53,150,52,149,51,0,50,1106,49,0,48,574,47,0,46,0,45,37,44,142,6400,2189
1773711136,56,54,56,10,57,55,58,55,59,0,60,150,61,0,62,108,63,255,64,715,65,572,66,5037,54,31,53,150,52,149,51,891,50,215,49,0,48,574,47,0,46,0,45,37,44,144,6957,2191
1773711137,56,54,56,10,57,55,58,55,59,0,60,150,61,0,62,308,63,304,64,715,65,572,66,5037,54,131,53,150,52,149,51,1091,50,1265,49,0,48,574,47,0,46,0,45,37,44,142,7206,3539
1773711138,56,54,56,10,57,55,58,55,59,0,60,0,61,150,62,308,63,104,64,358,65,572,66,5037,54,131,53,150,52,149,51,200,50,1265,49,0,48,574,47,0,46,0,45,149,44,0,6649,2618
1773711139,56,54,56,10,57,55,58,55,59,0,60,0,61,150,62,308,63,104,64,358,65,572,66,5037,54,131,53,150,52,149,51,200,50,1265,49,0,48,574,47,0,46,0,45,149,44,0,6649,2618
1773711140,56,54,56,10,57,55,58,55,59,0,60,0,61,150,62,308,63,104,64,986,65,572,66,5037,54,131,53,150,52,1040,51,200,50,1265,49,0,48,574,47,0,46,0,45,149,44,0,7277,3509
1773711141,57,55,57,10,58,55,59,0,60,0,61,150,62,308,63,304,64,786,65,572,66,5037,67,115,55,5,54,131,53,150,52,1040,51,200,50,1265,49,0,48,574,47,0,46,0,45,149,7337,3514
1773711142,57,55,57,10,58,55,59,0,60,0,61,150,62,308,63,105,64,158,65,771,66,5037,67,115,55,5,54,131,53,150,52,1040,51,200,50,1265,49,0,48,574,47,0,46,0,45,149,6709,3514
1773711143,57,55,57,10,58,55,59,0,60,0,61,150,62,308,63,105,64,158,65,771,66,5037,67,115,55,5,54,131,53,150,52,1040,51,200,50,1265,49,0,48,574,47,0,46,0,45,149,6709,3514
1773711144,57,55,57,10,58,55,59,0,60,0,61,150,62,308,63,105,64,739,65,771,66,5037,67,115,55,5,54,131,53,150,52,149,51,200,50,1265,49,0,48,574,47,0,46,0,45,149,7290,2623
1773711145,57,55,57,10,58,55,59,0,60,0,61,150,62,308,63,304,64,739,65,572,66,5037,67,115,55,5,54,131,53,150,52,149,51,200,50,1265,49,0,48,574,47,0,46,0,45,149,7290,2623
1773711146,57,55,57,10,58,55,59,0,60,0,61,150,62,308,63,107,64,355,65,572,66,5037,67,115,55,5,54,131,53,150,52,1040,51,200,50,1265,49,0,48,574,47,0,46,0,45,149,6709,3514
1773711147,57,55,57,10,58,55,59,0,60,0,61,150,62,108,63,107,64,355,65,572,66,5037,67,115,55,5,54,31,53,150,52,1040,51,0,50,215,49,0,48,574,47,0,46,0,45,37,6509,2052
1773711148,57,55,57,10,58,55,59,0,60,42,61,150,62,108,63,107,64,935,65,572,66,5037,67,124,55,5,54,31,53,150,52,1040,51,0,50,215,49,0,48,574,47,0,46,0,45,37,7140,2052
1773711149,57,55,57,10,58,55,59,0,60,42,61,150,62,108,63,304,64,738,65,572,66,5037,67,115,55,5,54,31,53,150,52,1040,51,0,50,215,49,0,48,574,47,0,46,0,45,37,7131,2052
1773711150,57,55,57,10,58,55,59,0,60,42,61,150,62,108,63,308,64,158,65,768,66,5037,67,115,55,5,54,31,53,150,52,149,51,0,50,215,49,0,48,574,47,0,46,0,45,37,6751,1161
1773711151,57,55,57,10,58,55,59,0,60,42,61,150,62,108,63,308,64,822,65,768,66,5037,67,115,55,5,54,31,53,150,52,1040,51,0,50,215,49,0,48,574,47,0,46,0,45,37,7415,2052
1773711152,57,55,57,10,58,55,59,0,60,42,61,150,62,108,63,504,64,822,65,572,66,5037,67,124,55,5,54,330,53,200,52,891,51,0,50,15,49,10,48,574,47,0,46,0,45,37,7424,2062
1773711153,57,55,57,10,58,55,59,0,60,42,61,150,62,108,63,309,64,158,65,572,66,5037,67,115,55,5,54,330,53,200,52,891,51,0,50,694,49,10,48,0,47,0,46,0,45,37,6556,2167
1773711154,57,55,57,10,58,55,59,0,60,42,61,150,62,108,63,309,64,353,65,572,66,5037,67,115,55,5,54,330,53,200,52,891,51,500,50,194,49,17,48,0,47,0,46,473,45,633,6751,3243
1773711155,57,55,57,10,58,55,59,0,60,42,61,150,62,108,63,711,64,353,65,1,66,5046,67,115,55,15,54,330,53,200,52,0,51,0,50,694,49,17,48,0,47,0,46,473,45,633,6591,2362
1773711156,57,53,57,10,58,55,59,0,60,42,61,150,62,284,63,711,64,0,65,1,66,5240,67,433,53,61,52,151,51,207,50,194,49,0,48,535,47,0,46,0,45,633,44,0,43,0,6926,1781
1773711157,57,53,57,10,58,55,59,0,60,42,61,150,62,534,63,1223,64,0,65,1,66,5046,67,433,53,76,52,351,51,7,50,194,49,0,48,535,47,0,46,0,45,1130,44,0,43,0,7494,2293
1773711158,57,54,57,10,58,55,59,0,60,42,61,150,62,284,63,1223,64,0,65,251,66,5037,67,433,54,15,53,11,52,151,51,200,50,194,49,10,48,1000,47,0,46,500,45,1130,44,0,7485,3211
1773711159,57,50,57,10,58,55,59,37,60,150,61,293,62,284,63,1312,64,0,65,251,66,5037,67,115,50,201,49,1000,48,0,47,0,46,0,45,633,44,0,43,0,42,1083,41,16,40,143,7544,3076
1773711160,57,51,57,6,58,55,59,37,60,150,61,293,62,284,63,1312,64,0,65,251,66,5037,67,115,51,40,50,1194,49,0,48,0,47,0,46,200,45,661,44,0,43,0,42,1226,41,0,7540,3321
1773711161,57,51,57,6,58,55,59,37,60,200,61,293,62,284,63,657,64,0,65,251,66,5037,67,115,51,48,50,1194,49,0,48,0,47,0,46,200,45,633,44,0,43,0,42,605,41,0,6935,2680
1773711162,57,51,57,6,58,55,59,37,60,150,61,293,62,284,63,657,64,0,65,251,66,5037,67,115,51,23,50,194,49,0,48,0,47,0,46,200,45,633,44,0,43,0,42,636,41,0,6885,1686
1773711163,57,52,57,6,58,55,59,37,60,150,61,293,62,536,63,1305,64,0,65,1,66,5037,67,115,52,23,51,1000,50,194,49,0,48,0,47,0,46,0,45,633,44,0,43,476,42,605,7535,2931
1773711164,57,52,57,6,58,55,59,37,60,150,61,293,62,536,63,657,64,0,65,1,66,5037,67,115,52,23,51,1007,50,194,49,0,48,0,47,0,46,200,45,633,44,0,43,44,42,605,6887,2706
1773711165,57,52,57,6,58,55,59,37,60,150,61,293,62,536,63,657,64,0,65,1,66,5037,67,115,52,6,51,1007,50,194,49,0,48,0,47,0,46,0,45,633,44,0,43,44,42,605,6887,2489
1773711166,57,52,57,6,58,55,59,37,60,150,61,293,62,536,63,657,64,0,65,1,66,5037,67,115,52,1000,51,13,50,194,49,0,48,0,47,0,46,0,45,633,44,0,43,0,42,789,6887,2629
1773711167,57,52,57,6,58,55,59,37,60,150,61,293,62,536,63,1209,64,0,65,1,66,5037,67,115,52,1000,51,6,50,201,49,0,48,0,47,0,46,0,45,633,44,0,43,471,42,789,7439,3100
1773711168,57,53,57,6,58,55,59,37,60,200,61,293,62,284,63,1209,64,0,65,250,66,5037,67,115,53,15,52,0,51,81,50,179,49,0,48,0,47,0,46,0,45,633,44,0,43,471,7486,1379
1773711169,57,53,57,6,58,55,59,37,60,200,61,293,62,284,63,657,64,0,65,250,66,5037,67,115,53,15,52,1000,51,25,50,0,49,0,48,0,47,0,46,0,45,633,44,0,43,0,6934,1673
1773711170,57,53,57,6,58,55,59,37,60,200,61,442,62,284,63,657,64,0,65,101,66,5037,67,115,53,15,52,0,51,25,50,0,49,0,48,0,47,1000,46,55,45,633,44,0,43,70,6934,1798
1773711171,57,53,57,6,58,55,59,37,60,355,61,293,62,284,63,1256,64,0,65,101,66,5037,67,115,53,15,52,0,51,25,50,0,49,0,48,50,47,0,46,5,45,483,44,200,43,1042,7539,1820
1773711172,49,46,49,769,50,293,51,6,52,0,53,686,54,0,55,0,56,0,57,94,58,255,59,188,46,7,45,446,44,0,43,0,42,605,41,0,40,1000,39,36,38,0,37,0,36,0,2291,2094
1773711173,45,40,45,6,46,200,47,0,48,493,49,245,50,0,51,0,52,500,53,189,54,0,55,0,40,7,39,36,38,0,37,0,36,0,35,4,34,0,33,0,32,0,31,143,30,0,1633,190
1773711174,44,37,44,6,45,0,46,200,47,200,48,293,49,245,50,0,51,0,52,500,53,189,54,0,37,43,36,0,35,0,34,700,33,492,32,0,31,0,30,406,29,143,28,0,27,0,1633,1784
1773711175,45,38,45,43,46,400,47,0,48,293,49,745,50,0,51,0,52,0,53,329,54,0,55,0,38,6,37,36,36,1000,35,0,34,700,33,492,32,0,31,0,30,406,29,143,28,500,1810,3283
1773711176,44,37,44,6,45,37,46,400,47,0,48,293,49,745,50,0,51,0,52,0,53,329,54,0,37,21,36,0,35,200,34,1500,33,0,32,36,31,0,30,406,29,143,28,0,27,0,1810,2306
1773711177,44,37,44,6,45,37,46,400,47,0,48,293,49,745,50,0,51,0,52,0,53,357,54,0,37,21,36,0,35,200,34,1000,33,500,32,36,31,0,30,406,29,143,28,500,27,0,1838,2806
1773711178,44,37,44,6,45,437,46,0,47,0,48,293,49,245,50,0,51,0,52,0,53,217,54,0,37,33,36,0,35,0,34,700,33,1000,32,36,31,0,30,865,29,143,28,500,27,0,1198,3277
1773711179,44,37,44,36,45,237,46,200,47,0,48,293,49,245,50,0,51,0,52,314,53,15,54,0,37,33,36,0,35,0,34,0,33,700,32,1036,31,0,30,865,29,143,28,500,27,0,1340,3277
1773711180,44,37,44,36,45,237,46,200,47,0,48,293,49,245,50,0,51,0,52,314,53,15,54,0,37,40,36,0,35,0,34,0,33,700,32,36,31,0,30,406,29,143,28,0,27,0,1340,1325
1773711181,44,37,44,36,45,237,46,200,47,0,48,293,49,245,50,0,51,0,52,314,53,15,54,0,37,40,36,0,35,0,34,0,33,700,32,1036,31,0,30,902,29,143,28,0,27,0,1340,2821
1773711182,44,37,44,36,45,237,46,200,47,0,48,293,49,245,50,0,51,0,52,314,53,15,54,0,37,40,36,0,35,0,34,0,33,700,32,1036,31,0,30,935,29,143,28,500,27,0,1340,3354
1773711183,44,37,44,36,45,237,46,200,47,0,48,293,49,245,50,0,51,0,52,314,53,15,54,0,37,40,36,0,35,0,34,0,33,700,32,36,31,1438,30,439,29,143,28,0,27,0,1340,2796
1773711184,44,37,44,36,45,237,46,200,47,0,48,293,49,245,50,0,51,0,52,314,53,15,54,247,37,40,36,0,35,0,34,0,33,700,32,36,31,1438,30,411,29,143,28,0,27,0,1587,2768
1773711185,44,37,44,36,45,237,46,200,47,0,48,293,49,245,50,0,51,0,52,314,53,15,54,0,37,40,36,0,35,0,34,0,33,700,32,36,31,1000,30,411,29,143,28,0,27,0,1340,2330
1773711186,44,37,44,6,45,237,46,200,47,161,48,293,49,245,50,0,51,0,52,314,53,15,54,0,37,25,36,0,35,0,34,0,33,700,32,36,31,429,30,433,29,143,28,0,27,0,1471,1766
1773711187,44,37,44,6,45,237,46,200,47,161,48,293,49,245,50,0,51,0,52,314,53,15,54,0,37,25,36,0,35,0,34,0,33,0,32,36,31,1461,30,0,29,143,28,0,27,0,1471,1665
1773711188,44,37,44,206,45,237,46,0,47,161,48,293,49,245,50,0,51,0,52,152,53,15,54,0,37,19,36,0,35,0,34,0,33,18,32,36,31,1000,30,0,29,0,28,0,27,3,1309,1076
1773711189,43,33,43,6,44,200,45,237,46,0,47,245,48,793,49,245,50,0,51,0,52,180,53,15,33,17,32,43,31,1000,30,0,29,0,28,641,27,503,26,0,25,0,24,143,23,0,1921,2347
1773711190,42,33,42,6,43,237,44,437,45,0,46,293,47,0,48,0,49,245,50,0,51,152,52,0,33,17,32,43,31,1000,30,0,29,200,28,441,27,503,26,0,25,0,24,143,23,0,1370,2347
1773711191,43,33,43,43,44,200,45,200,46,293,47,0,48,629,49,245,50,0,51,40,52,0,53,15,33,17,32,43,31,1000,30,0,29,0,28,200,27,503,26,0,25,0,24,143,23,0,1665,1906
1773711192,43,33,43,43,44,200,45,200,46,293,47,0,48,129,49,245,50,0,51,12,52,0,53,15,33,17,32,43,31,0,30,0,29,200,28,453,27,503,26,0,25,0,24,143,23,0,1137,1359
1773711193,43,34,43,43,44,200,45,200,46,293,47,0,48,129,49,245,50,0,51,12,52,0,53,15,34,6,33,17,32,43,31,1000,30,0,29,200,28,453,27,503,26,0,25,0,24,143,1137,2365
1773711194,43,35,43,43,44,200,45,364,46,293,47,0,48,0,49,245,50,0,51,12,52,0,53,15,35,12,34,73,33,5,32,36,31,1000,30,0,29,200,28,0,27,514,26,0,25,0,1172,1840
1773711195,43,35,43,43,44,200,45,364,46,293,47,0,48,0,49,245,50,0,51,12,52,0,53,15,35,12,34,73,33,5,32,36,31,1000,30,0,29,200,28,417,27,514,26,0,25,0,1172,2257
1773711196,43,35,43,43,44,299,45,265,46,293,47,0,48,0,49,245,50,0,51,12,52,0,53,96,35,12,34,73,33,5,32,36,31,1000,30,0,29,200,28,417,27,514,26,0,25,0,1253,2257
1773711197,38,35,38,6,39,200,40,1000,41,200,42,793,43,37,44,99,45,65,46,1153,47,0,48,0,35,12,34,73,33,5,32,136,31,1000,30,0,29,200,28,868,27,514,26,0,25,0,3553,2808
1773711198,38,34,38,6,39,400,40,1000,41,0,42,793,43,37,44,0,45,0,46,1153,47,0,48,500,34,73,33,5,32,136,31,0,30,0,29,200,28,1291,27,514,26,0,25,0,24,143,3889,2362
1773711199,38,34,38,43,39,400,40,1000,41,0,42,293,43,0,44,0,45,0,46,1181,47,0,48,500,34,73,33,5,32,136,31,1000,30,0,29,200,28,1291,27,514,26,0,25,0,24,643,3417,3862
1773711200,38,34,38,43,39,400,40,1000,41,0,42,293,43,0,44,0,45,0,46,1181,47,0,48,500,34,73,33,5,32,136,31,1000,30,0,29,200,28,868,27,514,26,0,25,0,24,643,3417,3439
1773711201,38,34,38,43,39,400,40,1000,41,0,42,293,43,0,44,0,45,0,46,1174,47,0,48,500,34,73,33,5,32,136,31,1000,30,0,29,200,28,1341,27,514,26,0,25,0,24,643,3410,3912
1773711202,38,34,38,243,39,200,40,1000,41,0,42,293,43,0,44,0,45,0,46,1174,47,0,48,500,34,73,33,5,32,136,31,1000,30,0,29,200,28,1341,27,503,26,0,25,0,24,643,3410,3901
1773711203,37,34,37,6,38,237,39,200,40,1000,41,0,42,293,43,0,44,0,45,612,46,1174,47,0,34,88,33,5,32,136,31,1000,30,0,29,200,28,868,27,503,26,0,25,0,24,643,3522,3443
1773711204,37,34,37,6,38,237,39,200,40,1000,41,0,42,293,43,0,44,0,45,612,46,1153,47,0,34,88,33,0,32,136,31,0,30,0,29,200,28,868,27,0,26,0,25,0,24,677,3501,1969
1773711205,37,34,37,6,38,237,39,200,40,1000,41,0,42,293,43,0,44,0,45,612,46,1153,47,0,34,88,33,0,32,136,31,1000,30,0,29,200,28,868,27,0,26,0,25,176,24,643,3501,3111
1773711206,37,34,37,6,38,237,39,200,40,1000,41,0,42,293,43,0,44,0,45,612,46,1181,47,0,34,88,33,0,32,136,31,1000,30,0,29,200,28,868,27,0,26,0,25,173,24,643,3529,3108
1773711207,38,34,38,43,39,0,40,0,41,200,42,493,43,0,44,0,45,642,46,0,47,0,48,0,34,88,33,0,32,36,31,1000,30,0,29,0,28,0,27,0,26,0,25,0,24,291,1378,1415
1773711208,38,34,38,37,39,0,40,0,41,200,42,493,43,0,44,0,45,642,46,0,47,0,48,0,34,88,33,0,32,36,31,1000,30,0,29,0,28,0,27,0,26,0,25,700,24,143,1372,1967
1773711209,38,34,38,37,39,0,40,0,41,200,42,493,43,0,44,0,45,612,46,0,47,0,48,0,34,88,33,0,32,36,31,1000,30,0,29,0,28,0,27,0,26,200,25,528,24,143,1342,1995
1773711210,38,34,38,37,39,0,40,0,41,200,42,493,43,0,44,0,45,612,46,0,47,0,48,0,34,88,33,0,32,36,31,0,30,0,29,0,28,0,27,0,26,700,25,28,24,143,1342,995
1773711211,38,34,38,37,39,0,40,0,41,200,42,493,43,0,44,0,45,612,46,0,47,0,48,0,34,88,33,0,32,36,31,1000,30,0,29,0,28,0,27,435,26,700,25,28,24,143,1342,2430
1773711212,38,34,38,37,39,0,40,0,41,200,42,493,43,0,44,0,45,612,46,0,47,0,48,0,34,88,33,0,32,36,31,1000,30,0,29,0,28,0,27,435,26,48,25,0,24,143,1342,1750
1773711213,38,34,38,37,39,0,40,0,41,200,42,493,43,0,44,0,45,612,46,0,47,0,48,0,34,88,33,0,32,36,31,1000,30,0,29,0,28,0,27,200,26,29,25,500,24,143,1342,1996
1773711214,38,34,38,37,39,0,40,0,41,200,42,493,43,0,44,0,45,612,46,0,47,0,48,0,34,81,33,0,32,36,31,1000,30,0,29,0,28,0,27,200,26,24,25,226,24,643,1342,2210
1773711215,38,34,38,37,39,0,40,0,41,200,42,493,43,0,44,0,45,612,46,0,47,0,48,0,34,81,33,0,32,36,31,0,30,0,29,0,28,0,27,200,26,24,25,226,24,643,1342,1210
1773711216,38,34,38,37,39,0,40,0,41,200,42,493,43,0,44,0,45,612,46,0,47,0,48,0,34,81,33,0,32,36,31,0,30,0,29,0,28,0,27,0,26,504,25,226,24,143,1342,990
1773711217,38,34,38,37,39,0,40,0,41,200,42,493,43,0,44,0,45,612,46,0,47,0,48,0,34,81,33,0,32,36,31,1000,30,0,29,0,28,0,27,684,26,504,25,226,24,143,1342,2674
1773711218,38,34,38,37,39,0,40,0,41,200,42,493,43,0,44,0,45,612,46,0,47,0,48,233,34,81,33,0,32,36,31,1000,30,0,29,0,28,200,27,484,26,541,25,226,24,143,1575,2711
1773711219,38,34,38,37,39,0,40,0,41,200,42,493,43,0,44,0,45,612,46,0,47,0,48,0,34,81,33,0,32,36,31,1000,30,200,29,606,28,0,27,0,26,515,25,226,24,143,1342,2807
1773711220,38,34,38,37,39,0,40,0,41,200,42,493,43,0,44,0,45,612,46,0,47,34,48,0,34,81,33,0,32,36,31,1000,30,0,29,606,28,0,27,0,26,515,25,226,24,143,1376,2607
1773711221,38,34,38,37,39,0,40,0,41,200,42,493,43,0,44,0,45,612,46,0,47,0,48,62,34,81,33,0,32,36,31,0,30,0,29,606,28,0,27,0,26,515,25,226,24,143,1404,1607
1773711222,38,34,38,37,39,10,40,200,41,200,42,293,43,0,44,500,45,612,46,0,47,0,48,762,34,81,33,0,32,36,31,0,30,0,29,606,28,0,27,492,26,515,25,226,24,143,2614,2099
1773711223,38,34,38,37,39,10,40,400,41,0,42,293,43,0,44,500,45,612,46,0,47,0,48,1402,34,81,33,0,32,36,31,1000,30,0,29,606,28,0,27,492,26,515,25,226,24,143,3254,3099
1773711224,38,34,38,47,39,200,40,200,41,0,42,293,43,0,44,500,45,612,46,0,47,0,48,1402,34,66,33,0,32,36,31,1000,30,0,29,606,28,0,27,0,26,515,25,226,24,143,3254,2592
1773711225,38,34,38,47,39,200,40,200,41,0,42,293,43,192,44,500,45,612,46,0,47,0,48,1374,34,66,33,0,32,36,31,1000,30,0,29,606,28,0,27,0,26,515,25,226,24,143,3418,2592
1773711226,38,34,38,37,39,10,40,400,41,0,42,293,43,192,44,500,45,0,46,0,47,0,48,1374,34,66,33,0,32,36,31,1000,30,0,29,606,28,0,27,0,26,480,25,289,24,143,2806,2620
1773711227,38,35,38,47,39,200,40,200,41,15,42,293,43,192,44,0,45,0,46,0,47,500,48,1995,35,15,34,66,33,0,32,36,31,0,30,0,29,1066,28,0,27,0,26,480,25,289,3442,1952
1773711228,38,35,38,47,39,200,40,200,41,15,42,293,43,192,44,0,45,0,46,0,47,500,48,1995,35,15,34,71,33,0,32,36,31,0,30,0,29,1066,28,0,27,0,26,480,25,293,3442,1961
1773711229,38,35,38,47,39,200,40,200,41,15,42,293,43,192,44,0,45,0,46,0,47,500,48,1374,35,15,34,71,33,0,32,36,31,1000,30,0,29,606,28,0,27,0,26,480,25,293,2821,2501
1773711230,38,35,38,47,39,200,40,200,41,15,42,293,43,192,44,0,45,0,46,0,47,500,48,1374,35,15,34,71,33,100,32,36,31,1000,30,0,29,1486,28,0,27,0,26,480,25,289,2821,3477
1773711231,38,35,38,47,39,200,40,200,41,15,42,293,43,192,44,0,45,0,46,0,47,500,48,1986,35,15,34,71,33,100,32,36,31,1000,30,0,29,1896,28,0,27,0,26,480,25,289,3433,3887
1773711232,38,35,38,47,39,200,40,200,41,15,42,293,43,192,44,0,45,0,46,0,47,500,48,2656,35,15,34,71,33,100,32,36,31,1000,30,0,29,1896,28,0,27,0,26,480,25,289,4103,3887
1773711233,38,35,38,47,39,200,40,200,41,15,42,293,43,192,44,0,45,0,46,245,47,500,48,2044,35,15,34,71,33,100,32,36,31,0,30,0,29,1486,28,0,27,0,26,480,25,289,3736,2477
1773711234,38,35,38,47,39,200,40,200,41,15,42,293,43,192,44,0,45,0,46,245,47,500,48,2711,35,15,34,71,33,100,32,36,31,0,30,0,29,1955,28,0,27,0,26,480,25,289,4403,2946
1773711235,38,35,38,47,39,200,40,200,41,15,42,293,43,192,44,0,45,0,46,245,47,500,48,2041,35,15,34,71,33,0,32,36,31,1000,30,0,29,1075,28,0,27,0,26,480,25,261,3733,2938
1773711236,38,35,38,47,39,200,40,200,41,15,42,293,43,192,44,0,45,0,46,245,47,500,48,1374,35,15,34,71,33,0,32,36,31,1000,30,0,29,606,28,0,27,0,26,480,25,261,3066,2469
1773711237,38,35,38,47,39,200,40,200,41,15,42,293,43,192,44,0,45,0,46,245,47,500,48,1374,35,15,34,71,33,0,32,36,31,1000,30,0,29,606,28,0,27,0,26,480,25,261,3066,2469
1773711238,38,35,38,47,39,200,40,200,41,15,42,293,43,192,44,0,45,0,46,245,47,500,48,1929,35,15,34,71,33,0,32,36,31,1000,30,0,29,1060,28,0,27,0,26,480,25,261,3621,2923
1773711239,38,35,38,47,39,200,40,200,41,15,42,293,43,192,44,0,45,0,46,245,47,500,48,1929,35,20,34,66,33,0,32,36,31,0,30,0,29,1060,28,0,27,0,26,480,25,261,3621,1923
1773711240,38,35,38,47,39,200,40,200,41,15,42,293,43,192,44,0,45,0,46,245,47,500,48,1374,35,20,34,66,33,0,32,36,31,0,30,0,29,606,28,0,27,0,26,480,25,261,3066,1469
1773711241,38,35,38,47,39,200,40,200,41,15,42,293,43,192,44,0,45,0,46,245,47,500,48,2003,35,20,34,66,33,0,32,36,31,1000,30,0,29,1080,28,0,27,0,26,480,25,261,3695,2943
1773711242,38,35,38,47,39,200,40,200,41,15,42,293,43,192,44,0,45,0,46,245,47,500,48,2003,35,20,34,66,33,0,32,36,31,1000,30,0,29,1080,28,0,27,0,26,480,25,261,3695,2943
1773711243,38,35,38,47,39,200,40,200,41,15,42,293,43,192,44,0,45,0,46,245,47,0,48,1374,35,20,34,66,33,0,32,36,31,1000,30,0,29,606,28,0,27,0,26,480,25,261,2566,2469
1773711244,38,35,38,47,39,200,40,200,41,15,42,293,43,192,44,0,45,0,46,0,47,390,48,500,35,20,34,66,33,0,32,36,31,1000,30,0,29,606,28,0,27,0,26,480,25,261,1837,2469
1773711245,38,35,38,47,39,200,40,200,41,15,42,293,43,192,44,0,45,0,46,0,47,390,48,500,35,20,34,66,33,0,32,36,31,0,30,0,29,606,28,0,27,0,26,480,25,261,1837,1469
1773711246,38,35,38,52,39,200,40,200,41,15,42,293,43,192,44,0,45,0,46,0,47,390,48,500,35,20,34,66,33,0,32,36,31,0,30,0,29,606,28,0,27,0,26,480,25,261,1842,1469
1773711247,37,35,37,10,38,42,39,200,40,200,41,15,42,293,43,192,44,0,45,37,46,0,47,237,35,20,34,66,33,0,32,36,31,1000,30,0,29,606,28,0,27,0,26,480,25,261,1226,2469
1773711248,38,35,38,52,39,200,40,200,41,15,42,293,43,237,44,500,45,37,46,0,47,198,48,500,35,20,34,66,33,0,32,36,31,1000,30,0,29,606,28,0,27,0,26,480,25,261,2232,2469
1773711249,38,35,38,52,39,200,40,200,41,15,42,293,43,237,44,500,45,37,46,0,47,198,48,500,35,20,34,66,33,0,32,36,31,1000,30,0,29,606,28,0,27,0,26,480,25,261,2232,2469
1773711250,37,35,37,10,38,42,39,200,40,200,41,15,42,293,43,237,44,500,45,37,46,0,47,198,35,20,34,66,33,0,32,36,31,1000,30,0,29,606,28,0,27,0,26,480,25,261,1732,2469
1773711251,37,35,37,10,38,42,39,200,40,200,41,15,42,293,43,237,44,500,45,37,46,0,47,198,35,20,34,66,33,0,32,36,31,0,30,0,29,606,28,0,27,0,26,480,25,261,1732,1469
1773711252,38,35,38,52,39,200,40,200,41,15,42,293,43,237,44,500,45,37,46,0,47,198,48,500,35,20,34,66,33,0,32,36,31,0,30,0,29,606,28,0,27,0,26,480,25,261,2232,1469
1773711253,37,35,37,10,38,42,39,200,40,200,41,15,42,293,43,237,44,500,45,37,46,0,47,198,35,20,34,66,33,0,32,36,31,1000,30,0,29,606,28,0,27,0,26,480,25,261,1732,2469
1773711254,37,35,37,10,38,42,39,200,40,200,41,15,42,293,43,237,44,500,45,13,46,0,47,198,35,35,34,66,33,0,32,36,31,1000,30,0,29,0,28,0,27,0,26,0,25,28,1708,1165
1773711255,38,36,38,52,39,200,40,200,41,15,42,293,43,237,44,500,45,13,46,0,47,198,48,500,36,6,35,35,34,60,33,0,32,36,31,1000,30,0,29,0,28,432,27,615,26,0,2208,2184
1773711256,38,36,38,52,39,200,40,200,41,15,42,293,43,237,44,500,45,13,46,0,47,198,48,0,36,6,35,5,34,60,33,0,32,36,31,1000,30,0,29,0,28,432,27,615,26,0,1708,2154
1773711257,38,36,38,52,39,0,40,400,41,202,42,293,43,50,44,0,45,0,46,500,47,344,48,0,36,6,35,20,34,60,33,0,32,36,31,0,30,0,29,0,28,0,27,615,26,0,1841,737
1773711258,38,36,38,52,39,200,40,200,41,202,42,293,43,0,44,0,45,0,46,6,47,198,48,0,36,6,35,20,34,60,33,0,32,36,31,0,30,0,29,0,28,467,27,615,26,0,1151,1204
1773711259,38,36,38,52,39,200,40,200,41,202,42,293,43,0,44,0,45,0,46,6,47,198,48,0,36,6,35,20,34,60,33,0,32,36,31,1000,30,0,29,0,28,467,27,615,26,0,1151,2204
1773711260,38,36,38,52,39,200,40,200,41,202,42,293,43,0,44,0,45,0,46,0,47,365,48,0,36,6,35,15,34,60,33,0,32,36,31,1000,30,0,29,0,28,0,27,615,26,0,1312,1732
1773711261,38,36,38,252,39,200,40,0,41,702,42,293,43,0,44,0,45,1182,46,0,47,198,48,0,36,6,35,15,34,60,33,0,32,36,31,1100,30,0,29,0,28,473,27,1471,26,0,2827,3161
1773711262,38,36,38,252,39,0,40,492,41,515,42,0,43,0,44,737,45,1216,46,0,47,198,48,0,36,6,35,15,34,60,33,0,32,36,31,1100,30,0,29,0,28,473,27,1471,26,0,3410,3161
1773711263,38,36,38,252,39,0,40,492,41,515,42,0,43,0,44,737,45,1216,46,0,47,198,48,500,36,6,35,15,34,60,33,0,32,36,31,100,30,0,29,0,28,0,27,1471,26,0,3910,1688
1773711264,38,36,38,270,39,0,40,729,41,515,42,0,43,541,44,500,45,1216,46,0,47,198,48,500,36,6,35,15,34,60,33,0,32,36,31,100,30,0,29,0,28,488,27,1471,26,0,4469,2176
1773711265,38,36,38,270,39,0,40,729,41,515,42,0,43,541,44,500,45,1216,46,0,47,198,48,500,36,6,35,15,34,60,33,0,32,36,31,1100,30,0,29,0,28,488,27,1471,26,0,4469,3176
1773711266,38,36,38,233,39,0,40,729,41,515,42,0,43,541,44,500,45,1216,46,0,47,198,48,500,36,6,35,15,34,60,33,0,32,36,31,1100,30,0,29,0,28,153,27,1471,26,0,4432,2841
1773711267,38,36,38,210,39,0,40,729,41,500,42,0,43,541,44,500,45,1216,46,0,47,198,48,500,36,6,35,15,34,60,33,0,32,36,31,100,30,1000,29,0,28,629,27,1471,26,0,4394,3317
1773711268,38,36,38,210,39,200,40,529,41,0,42,500,43,541,44,500,45,1216,46,0,47,198,48,500,36,6,35,15,34,60,33,0,32,36,31,100,30,1000,29,0,28,629,27,1471,26,0,4394,3317
1773711269,38,36,38,210,39,200,40,292,41,254,42,0,43,541,44,500,45,1220,46,0,47,198,48,500,36,6,35,15,34,60,33,0,32,36,31,100,30,0,29,0,28,153,27,1471,26,0,3915,1841
1773711270,38,36,38,210,39,200,40,292,41,500,42,254,43,541,44,500,45,1220,46,0,47,198,48,500,36,6,35,15,34,60,33,0,32,36,31,100,30,421,29,0,28,153,27,1471,26,0,4415,2262
1773711271,38,36,38,10,39,231,40,492,41,15,42,254,43,541,44,6,45,0,46,0,47,0,48,0,36,6,35,15,34,60,33,0,32,36,31,0,30,1421,29,0,28,153,27,615,26,0,1549,2306
1773711272,38,36,38,10,39,231,40,492,41,15,42,254,43,541,44,6,45,0,46,0,47,0,48,0,36,6,35,15,34,60,33,0,32,36,31,0,30,1000,29,0,28,153,27,615,26,0,1549,1885
1773711273,38,36,38,210,39,231,40,292,41,15,42,254,43,541,44,6,45,0,46,0,47,0,48,0,36,6,35,15,34,60,33,0,32,36,31,0,30,1443,29,0,28,153,27,615,26,0,1549,2328
1773711274,38,36,38,215,39,231,40,292,41,15,42,254,43,541,44,6,45,0,46,0,47,0,48,0,36,6,35,15,34,60,33,0,32,36,31,0,30,1443,29,0,28,153,27,615,26,0,1554,2328
1773711275,38,36,38,215,39,231,40,292,41,15,42,254,43,541,44,6,45,0,46,0,47,0,48,0,36,6,35,15,34,60,33,0,32,36,31,0,30,0,29,0,28,582,27,615,26,0,1554,1314
1773711276,38,36,38,215,39,231,40,292,41,15,42,254,43,541,44,72,45,0,46,0,47,0,48,0,36,6,35,15,34,60,33,0,32,36,31,0,30,0,29,0,28,582,27,615,26,0,1620,1314
1773711277,38,36,38,215,39,231,40,292,41,15,42,254,43,541,44,72,45,0,46,0,47,0,48,0,36,6,35,15,34,60,33,0,32,36,31,0,30,1000,29,0,28,153,27,615,26,0,1620,1885
1773711278,38,36,38,215,39,231,40,292,41,15,42,254,43,541,44,72,45,0,46,0,47,0,48,500,36,6,35,15,34,60,33,0,32,36,31,0,30,1000,29,0,28,621,27,615,26,0,2120,2353
1773711279,38,36,38,210,39,231,40,292,41,15,42,254,43,541,44,69,45,0,46,0,47,0,48,500,36,6,35,15,34,60,33,0,32,36,31,0,30,1000,29,0,28,621,27,615,26,0,2112,2353
1773711280,38,36,38,210,39,231,40,292,41,15,42,254,43,541,44,69,45,0,46,0,47,0,48,500,36,6,35,15,34,60,33,0,32,36,31,0,30,1000,29,0,28,153,27,615,26,0,2112,1885
1773711281,38,36,38,210,39,200,40,292,41,15,42,254,43,541,44,69,45,0,46,0,47,0,48,500,36,6,35,15,34,60,33,0,32,36,31,0,30,426,29,0,28,153,27,615,26,0,2081,1311
1773711282,37,36,37,5,38,210,39,200,40,292,41,15,42,254,43,541,44,37,45,0,46,0,47,0,36,6,35,15,34,60,33,0,32,36,31,0,30,426,29,0,28,153,27,615,26,0,1554,1311
1773711283,37,36,37,5,38,210,39,200,40,292,41,15,42,254,43,541,44,37,45,0,46,0,47,0,36,6,35,15,34,60,33,0,32,36,31,0,30,1000,29,0,28,153,27,615,26,0,1554,1885
1773711284,37,36,37,5,38,210,39,200,40,292,41,15,42,254,43,541,44,37,45,0,46,0,47,0,36,6,35,15,34,60,33,0,32,36,31,0,30,1425,29,0,28,153,27,615,26,0,1554,2310
1773711285,37,36,37,5,38,210,39,200,40,292,41,15,42,254,43,541,44,37,45,0,46,0,47,0,36,6,35,15,34,60,33,0,32,36,31,0,30,1425,29,0,28,153,27,615,26,0,1554,2310
1773711286,37,36,37,5,38,210,39,200,40,292,41,15,42,254,43,541,44,37,45,0,46,0,47,0,36,6,35,15,34,60,33,0,32,36,31,0,30,1000,29,0,28,153,27,615,26,0,1554,1885
1773711287,37,36,37,5,38,210,39,200,40,292,41,15,42,254,43,541,44,37,45,0,46,0,47,0,36,6,35,15,34,60,33,0,32,36,31,0,30,444,29,0,28,153,27,615,26,0,1554,1329
1773711288,37,36,37,5,38,210,39,200,40,292,41,15,42,254,43,541,44,37,45,0,46,0,47,0,36,6,35,15,34,60,33,0,32,36,31,0,30,444,29,0,28,153,27,615,26,0,1554,1329
1773711289,37,36,37,5,38,210,39,200,40,292,41,15,42,254,43,541,44,37,45,0,46,0,47,0,36,6,35,15,34,60,33,0,32,36,31,0,30,1000,29,0,28,153,27,615,26,0,1554,1885
1773711290,37,36,37,5,38,210,39,200,40,292,41,15,42,254,43,541,44,37,45,0,46,0,47,0,36,6,35,15,34,60,33,0,32,36,31,0,30,1472,29,0,28,153,27,615,26,0,1554,2357
1773711291,37,36,37,5,38,210,39,200,40,292,41,15,42,254,43,541,44,37,45,0,46,0,47,0,36,6,35,15,34,60,33,0,32,36,31,0,30,1472,29,0,28,153,27,615,26,0,1554,2357
1773711292,37,36,37,5,38,210,39,200,40,292,41,15,42,254,43,541,44,41,45,0,46,0,47,0,36,6,35,15,34,60,33,0,32,36,31,0,30,1000,29,0,28,153,27,615,26,0,1558,1885
1773711293,37,36,37,5,38,210,39,200,40,292,41,15,42,254,43,541,44,41,45,0,46,0,47,0,36,6,35,15,34,60,33,0,32,36,31,0,30,411,29,0,28,153,27,615,26,0,1558,1296
1773711294,37,36,37,5,38,210,39,200,40,292,41,15,42,254,43,541,44,41,45,0,46,0,47,0,36,6,35,15,34,60,33,0,32,36,31,0,30,411,29,0,28,153,27,615,26,0,1558,1296
1773711295,37,36,37,5,38,210,39,200,40,292,41,15,42,254,43,541,44,41,45,0,46,0,47,0,36,6,35,15,34,60,33,0,32,36,31,0,30,1000,29,0,28,153,27,615,26,0,1558,1885
1773711296,37,36,37,3,38,10,39,200,40,492,41,15,42,254,43,0,44,18,45,0,46,0,47,652,36,6,35,15,34,60,33,0,32,36,31,0,30,1000,29,0,28,643,27,615,26,0,1644,2375
1773711297,37,36,37,3,38,10,39,200,40,492,41,15,42,0,43,255,44,518,45,0,46,0,47,652,36,36,35,15,34,60,33,0,32,36,31,0,30,1000,29,0,28,643,27,615,26,0,2145,2405
1773711298,37,36,37,3,38,10,39,200,40,492,41,0,42,15,43,255,44,518,45,0,46,0,47,652,36,6,35,15,34,60,33,0,32,36,31,0,30,1000,29,0,28,153,27,615,26,0,2145,1885
1773711299,37,36,37,3,38,10,39,200,40,492,41,0,42,15,43,263,44,500,45,0,46,0,47,1286,36,6,35,15,34,60,33,0,32,36,31,0,30,486,29,0,28,153,27,615,26,0,2769,1371
1773711300,37,36,37,3,38,10,39,200,40,492,41,0,42,15,43,263,44,500,45,0,46,0,47,1286,36,6,35,15,34,60,33,0,32,36,31,0,30,486,29,0,28,153,27,615,26,0,2769,1371
1773711301,37,36,37,213,38,136,39,283,40,292,41,0,42,15,43,8,44,0,45,0,46,500,47,1274,36,6,35,15,34,60,33,0,32,36,31,0,30,1414,29,0,28,153,27,615,26,0,2721,2299
1773711302,37,36,37,213,38,136,39,283,40,292,41,0,42,15,43,8,44,0,45,0,46,500,47,1274,36,6,35,15,34,60,33,0,32,36,31,0,30,1414,29,0,28,153,27,615,26,0,2721,2299
1773711303,37,36,37,213,38,136,39,283,40,292,41,0,42,0,43,0,44,18,45,0,46,500,47,652,36,6,35,15,34,60,33,0,32,36,31,0,30,1000,29,0,28,153,27,615,26,0,2094,1885
1773711304,37,36,37,213,38,136,39,283,40,292,41,0,42,0,43,0,44,18,45,0,46,500,47,1209,36,6,35,15,34,60,33,0,32,36,31,0,30,459,29,0,28,153,27,615,26,0,2651,1344
1773711305,37,36,37,213,38,136,39,283,40,292,41,0,42,0,43,0,44,18,45,0,46,500,47,1209,36,6,35,15,34,60,33,0,32,36,31,0,30,459,29,0,28,153,27,615,26,0,2651,1344
1773711306,37,36,37,213,38,136,39,283,40,292,41,0,42,0,43,0,44,18,45,0,46,500,47,652,36,6,35,15,34,60,33,0,32,36,31,0,30,0,29,0,28,153,27,615,26,0,2094,885
1773711307,37,36,37,213,38,136,39,283,40,292,41,0,42,0,43,0,44,18,45,0,46,500,47,1286,36,6,35,15,34,60,33,0,32,36,31,0,30,1483,29,0,28,153,27,615,26,0,2728,2368
1773711308,37,36,37,213,38,136,39,283,40,292,41,0,42,0,43,0,44,18,45,0,46,500,47,1286,36,6,35,15,34,60,33,0,32,36,31,0,30,1483,29,0,28,153,27,615,26,0,2728,2368
1773711309,37,36,37,213,38,136,39,283,40,292,41,0,42,0,43,0,44,18,45,0,46,500,47,652,36,6,35,15,34,60,33,0,32,36,31,0,30,1000,29,0,28,153,27,615,26,0,2094,1885
1773711310,37,36,37,273,38,136,39,283,40,292,41,0,42,0,43,0,44,18,45,0,46,500,47,1302,36,6,35,15,34,60,33,0,32,36,31,0,30,1407,29,0,28,153,27,615,26,0,2804,2292
1773711311,37,36,37,213,38,136,39,283,40,292,41,0,42,0,43,0,44,18,45,0,46,500,47,1302,36,6,35,15,34,60,33,0,32,36,31,0,30,407,29,0,28,153,27,615,26,0,2744,1292
1773711312,37,36,37,213,38,136,39,283,40,292,41,0,42,0,43,0,44,18,45,0,46,500,47,652,36,6,35,15,34,60,33,0,32,36,31,0,30,0,29,0,28,153,27,615,26,0,2094,885
1773711313,37,36,37,213,38,136,39,283,40,292,41,0,42,0,43,0,44,18,45,0,46,500,47,652,36,6,35,15,34,60,33,0,32,36,31,0,30,1000,29,0,28,596,27,615,26,0,2094,2328
1773711314,37,35,37,285,38,136,39,283,40,292,41,0,42,0,43,0,44,18,45,0,46,500,47,652,35,10,34,60,33,0,32,36,31,0,30,1000,29,0,28,443,27,0,26,0,25,590,2166,2139
1773711315,37,35,37,285,38,136,39,283,40,292,41,0,42,0,43,0,44,18,45,0,46,500,47,652,35,10,34,60,33,0,32,136,31,0,30,1000,29,0,28,868,27,0,26,0,25,590,2166,2664
1773711316,37,35,37,285,38,136,39,283,40,292,41,0,42,0,43,0,44,18,45,0,46,500,47,652,35,10,34,60,33,0,32,136,31,0,30,1000,29,0,28,868,27,0,26,0,25,597,2166,2671
1773711317,37,35,37,285,38,136,39,283,40,292,41,0,42,0,43,0,44,18,45,0,46,500,47,652,35,10,34,60,33,0,32,136,31,0,30,0,29,0,28,868,27,0,26,0,25,597,2166,1671
1773711318,37,35,37,285,38,136,39,283,40,292,41,0,42,0,43,0,44,18,45,0,46,500,47,652,35,10,34,60,33,0,32,136,31,0,30,0,29,467,28,868,27,0,26,0,25,597,2166,2138
1773711319,37,35,37,285,38,136,39,283,40,292,41,0,42,0,43,0,44,18,45,0,46,500,47,652,35,10,34,60,33,0,32,136,31,0,30,1000,29,467,28,868,27,0,26,0,25,597,2166,3138
1773711320,37,35,37,285,38,136,39,283,40,292,41,0,42,0,43,0,44,18,45,0,46,500,47,652,35,10,34,60,33,0,32,136,31,0,30,1000,29,0,28,868,27,0,26,0,25,597,2166,2671
1773711321,37,35,37,285,38,136,39,283,40,292,41,0,42,0,43,0,44,43,45,0,46,500,47,652,35,10,34,60,33,0,32,136,31,0,30,1000,29,0,28,868,27,0,26,0,25,597,2191,2671
1773711322,37,35,37,285,38,136,39,283,40,292,41,0,42,0,43,0,44,43,45,0,46,500,47,652,35,10,34,60,33,0,32,136,31,0,30,1000,29,0,28,868,27,0,26,0,25,597,2191,2671
1773711323,37,35,37,285,38,136,39,283,40,292,41,0,42,0,43,0,44,43,45,0,46,500,47,652,35,10,34,60,33,0,32,136,31,0,30,0,29,0,28,868,27,0,26,0,25,597,2191,1671
1773711324,37,35,37,273,38,136,39,283,40,292,41,0,42,0,43,209,44,43,45,613,46,0,47,0,35,10,34,60,33,0,32,36,31,0,30,0,29,508,28,0,27,0,26,0,25,7,1849,621
1773711325,37,35,37,273,38,136,39,283,40,292,41,0,42,0,43,260,44,0,45,613,46,0,47,0,35,10,34,60,33,0,32,36,31,0,30,1000,29,508,28,0,27,0,26,0,25,7,1857,1621
1773711326,37,35,37,273,38,136,39,283,40,292,41,0,42,0,43,260,44,0,45,613,46,0,47,0,35,10,34,60,33,0,32,36,31,0,30,1000,29,995,28,0,27,0,26,0,25,7,1857,2108
1773711327,37,35,37,273,38,136,39,283,40,292,41,0,42,0,43,260,44,0,45,613,46,0,47,0,35,10,34,60,33,0,32,36,31,0,30,1000,29,995,28,0,27,0,26,0,25,7,1857,2108
1773711328,37,35,37,273,38,136,39,283,40,292,41,0,42,0,43,260,44,0,45,613,46,0,47,0,35,10,34,60,33,0,32,36,31,0,30,1000,29,508,28,0,27,0,26,0,25,7,1857,1621
1773711329,37,35,37,282,38,136,39,283,40,292,41,0,42,0,43,260,44,0,45,613,46,0,47,0,35,10,34,60,33,0,32,36,31,0,30,0,29,508,28,0,27,0,26,0,25,7,1866,621
1773711330,37,35,37,282,38,136,39,283,40,292,41,0,42,0,43,260,44,0,45,613,46,0,47,0,35,10,34,60,33,0,32,36,31,0,30,0,29,508,28,0,27,0,26,0,25,7,1866,621
1773711331,37,35,37,282,38,136,39,283,40,292,41,0,42,0,43,260,44,0,45,613,46,0,47,0,35,10,34,60,33,0,32,36,31,0,30,1000,29,508,28,0,27,0,26,0,25,7,1866,1621
1773711332,37,35,37,282,38,136,39,283,40,292,41,0,42,0,43,260,44,0,45,613,46,0,47,0,35,10,34,60,33,0,32,36,31,0,30,1000,29,917,28,0,27,0,26,0,25,7,1866,2030
1773711333,37,35,37,282,38,136,39,283,40,292,41,0,42,0,43,260,44,0,45,613,46,0,47,0,35,10,34,60,33,0,32,36,31,0,30,1000,29,917,28,0,27,0,26,0,25,7,1866,2030
1773711334,37,35,37,322,38,136,39,283,40,292,41,0,42,0,43,260,44,0,45,613,46,0,47,0,35,10,34,60,33,0,32,36,31,0,30,1000,29,508,28,0,27,0,26,0,25,7,1906,1621
1773711335,37,35,37,282,38,136,39,283,40,292,41,0,42,0,43,260,44,0,45,613,46,0,47,0,35,10,34,60,33,0,32,36,31,0,30,0,29,508,28,0,27,0,26,0,25,7,1866,621
1773711336,37,35,37,282,38,136,39,283,40,292,41,0,42,0,43,260,44,0,45,613,46,0,47,0,35,10,34,60,33,0,32,36,31,0,30,0,29,508,28,0,27,0,26,0,25,7,1866,621
1773711337,37,35,37,282,38,136,39,283,40,292,41,0,42,0,43,260,44,0,45,613,46,0,47,0,35,10,34,60,33,0,32,36,31,0,30,1000,29,508,28,0,27,0,26,0,25,7,1866,1621
1773711338,37,35,37,282,38,136,39,283,40,292,41,0,42,0,43,260,44,0,45,613,46,0,47,0,35,10,34,60,33,0,32,36,31,0,30,1000,29,940,28,0,27,0,26,0,25,7,1866,2053
1773711339,37,35,37,342,38,136,39,283,40,292,41,0,42,0,43,260,44,0,45,613,46,0,47,0,35,10,34,60,33,0,32,36,31,0,30,1000,29,940,28,0,27,0,26,0,25,7,1926,2053
1773711340,37,35,37,342,38,136,39,283,40,292,41,0,42,0,43,260,44,0,45,613,46,0,47,0,35,10,34,60,33,0,32,36,31,0,30,1000,29,508,28,0,27,0,26,0,25,7,1926,1621
1773711341,37,35,37,282,38,136,39,283,40,292,41,0,42,0,43,260,44,0,45,613,46,0,47,0,35,10,34,60,33,0,32,36,31,0,30,0,29,508,28,0,27,0,26,0,25,7,1866,621
1773711342,37,35,37,282,38,136,39,283,40,292,41,0,42,0,43,225,44,0,45,613,46,0,47,0,35,10,34,60,33,0,32,36,31,0,30,0,29,1001,28,0,27,0,26,0,25,7,1831,1114
1773711343,37,35,37,282,38,136,39,283,40,292,41,0,42,0,43,225,44,0,45,613,46,0,47,0,35,10,34,60,33,0,32,36,31,0,30,1000,29,1001,28,0,27,0,26,0,25,7,1831,2114
1773711344,37,35,37,282,38,136,39,283,40,292,41,0,42,0,43,225,44,0,45,613,46,0,47,0,35,10,34,60,33,0,32,36,31,0,30,1000,29,508,28,0,27,0,26,0,25,7,1831,1621
1773711345,37,35,37,282,38,136,39,283,40,292,41,0,42,0,43,225,44,0,45,613,46,0,47,0,35,10,34,60,33,0,32,36,31,0,30,1000,29,508,28,0,27,0,26,0,25,7,1831,1621
1773711346,37,35,37,282,38,136,39,283,40,292,41,0,42,0,43,225,44,0,45,613,46,0,47,0,35,10,34,60,33,0,32,36,31,0,30,0,29,508,28,0,27,0,26,0,25,7,1831,621
1773711347,37,35,37,282,38,136,39,283,40,292,41,0,42,0,43,225,44,0,45,613,46,0,47,0,35,10,34,60,33,0,32,36,31,0,30,0,29,508,28,0,27,0,26,0,25,7,1831,621
1773711348,37,35,37,282,38,136,39,283,40,292,41,0,42,0,43,225,44,0,45,613,46,0,47,0,35,10,34,60,33,0,32,36,31,0,30,1000,29,508,28,0,27,0,26,0,25,7,1831,1621
1773711349,37,35,37,282,38,136,39,283,40,292,41,0,42,0,43,209,44,20,45,613,46,0,47,0,35,10,34,60,33,0,32,36,31,0,30,1000,29,508,28,0,27,0,26,0,25,0,1835,1614
1773711350,36,34,36,10,37,272,38,136,39,283,40,292,41,0,42,0,43,0,44,20,45,0,46,0,34,60,33,0,32,36,31,0,30,1000,29,0,28,0,27,0,26,0,25,0,24,143,1013,1239
1773711351,36,34,36,10,37,272,38,136,39,283,40,292,41,0,42,0,43,0,44,20,45,0,46,0,34,60,33,0,32,36,31,0,30,1000,29,0,28,0,27,0,26,200,25,625,24,143,1013,2064
1773711352,36,34,36,10,37,272,38,136,39,283,40,292,41,0,42,0,43,0,44,20,45,0,46,0,34,60,33,0,32,36,31,0,30,1000,29,0,28,0,27,0,26,200,25,625,24,143,1013,2064
1773711353,36,34,36,10,37,272,38,136,39,283,40,292,41,0,42,0,43,0,44,20,45,0,46,0,34,60,33,0,32,36,31,0,30,0,29,0,28,0,27,200,26,487,25,625,24,143,1013,1551
1773711354,36,34,36,10,37,272,38,136,39,283,40,292,41,0,42,0,43,0,44,20,45,0,46,0,34,60,33,0,32,36,31,0,30,0,29,0,28,0,27,0,26,487,25,635,24,143,1013,1361
1773711355,36,34,36,10,37,272,38,136,39,283,40,292,41,0,42,0,43,0,44,20,45,0,46,0,34,60,33,0,32,36,31,0,30,1000,29,0,28,0,27,0,26,200,25,635,24,143,1013,2074
1773711356,36,34,36,10,37,272,38,136,39,283,40,292,41,0,42,0,43,0,44,20,45,0,46,0,34,60,33,0,32,36,31,0,30,1000,29,0,28,0,27,200,26,476,25,635,24,143,1013,2550
1773711357,36,34,36,10,37,272,38,136,39,283,40,292,41,0,42,0,43,0,44,20,45,0,46,0,34,60,33,0,32,36,31,0,30,1000,29,0,28,0,27,200,26,476,25,635,24,143,1013,2550
1773711358,36,34,36,10,37,272,38,136,39,283,40,292,41,0,42,0,43,0,44,20,45,0,46,0,34,60,33,0,32,36,31,0,30,1000,29,0,28,0,27,0,26,200,25,635,24,143,1013,2074
1773711359,36,34,36,10,37,272,38,136,39,283,40,292,41,0,42,0,43,0,44,20,45,0,46,0,34,60,33,0,32,36,31,0,30,0,29,0,28,0,27,0,26,677,25,635,24,143,1013,1551
1773711360,36,34,36,10,37,272,38,136,39,283,40,292,41,0,42,27,43,0,44,20,45,0,46,0,34,33,33,0,32,36,31,0,30,0,29,0,28,0,27,0,26,477,25,625,24,143,1040,1314
1773711361,36,34,36,10,37,272,38,136,39,283,40,292,41,0,42,27,43,0,44,20,45,0,46,0,34,33,33,0,32,36,31,0,30,1000,29,0,28,0,27,0,26,200,25,625,24,143,1040,2037
1773711362,36,34,36,10,37,272,38,136,39,283,40,292,41,0,42,27,43,0,44,20,45,0,46,0,34,33,33,0,32,36,31,0,30,1000,29,0,28,0,27,200,26,416,25,625,24,143,1040,2453
1773711363,36,34,36,10,37,272,38,136,39,283,40,292,41,0,42,27,43,0,44,20,45,0,46,0,34,33,33,0,32,36,31,0,30,1000,29,0,28,0,27,0,26,200,25,625,24,143,1040,2037
1773711364,36,34,36,10,37,272,38,136,39,283,40,292,41,0,42,27,43,0,44,20,45,0,46,0,34,33,33,0,32,36,31,0,30,1000,29,0,28,0,27,0,26,200,25,625,24,143,1040,2037
1773711365,36,34,36,10,37,272,38,136,39,283,40,292,41,0,42,27,43,0,44,20,45,0,46,0,34,33,33,0,32,36,31,0,30,0,29,0,28,0,27,0,26,651,25,625,24,143,1040,1488
1773711366,36,34,36,10,37,272,38,136,39,283,40,292,41,0,42,28,43,0,44,20,45,0,46,0,34,32,33,0,32,36,31,0,30,1000,29,0,28,0,27,0,26,451,25,625,24,143,1041,2287
1773711367,36,34,36,10,37,272,38,136,39,283,40,292,41,0,42,28,43,0,44,0,45,1202,46,0,34,32,33,0,32,36,31,100,30,1000,29,0,28,0,27,856,26,0,25,200,24,143,2223,2367
1773711368,36,34,36,10,37,272,38,136,39,283,40,292,41,0,42,28,43,0,44,500,45,1202,46,0,34,32,33,0,32,36,31,100,30,1000,29,0,28,476,27,856,26,0,25,200,24,143,2723,2843
1773711369,36,34,36,10,37,272,38,136,39,283,40,292,41,0,42,28,43,0,44,500,45,1202,46,0,34,32,33,0,32,36,31,100,30,0,29,0,28,476,27,856,26,0,25,200,24,143,2723,1843
1773711370,36,34,36,10,37,272,38,136,39,283,40,292,41,0,42,28,43,0,44,500,45,1202,46,0,34,32,33,0,32,36,31,100,30,1000,29,0,28,0,27,856,26,0,25,200,24,143,2723,2367
1773711371,36,34,36,10,37,272,38,136,39,283,40,292,41,0,42,28,43,0,44,500,45,1202,46,0,34,32,33,0,32,36,31,100,30,0,29,0,28,454,27,856,26,0,25,200,24,143,2723,1821
1773711372,36,34,36,10,37,272,38,136,39,283,40,292,41,0,42,28,43,0,44,500,45,1202,46,0,34,32,33,0,32,36,31,100,30,1000,29,0,28,0,27,856,26,0,25,200,24,143,2723,2367
1773711373,36,34,36,10,37,270,38,136,39,283,40,292,41,0,42,28,43,561,44,500,45,1202,46,0,34,32,33,0,32,36,31,100,30,1000,29,0,28,409,27,856,26,0,25,0,24,143,3282,2576
1773711374,36,34,36,10,37,275,38,136,39,283,40,292,41,0,42,28,43,561,44,500,45,1202,46,0,34,32,33,0,32,36,31,100,30,1000,29,0,28,409,27,856,26,0,25,0,24,143,3287,2576
1773711375,36,34,36,10,37,275,38,136,39,283,40,292,41,0,42,28,43,561,44,500,45,1206,46,0,34,32,33,0,32,36,31,100,30,1000,29,0,28,0,27,856,26,0,25,0,24,172,3291,2196
1773711376,36,34,36,10,37,275,38,136,39,283,40,292,41,0,42,28,43,561,44,500,45,1206,46,0,34,32,33,0,32,36,31,100,30,1000,29,0,28,459,27,856,26,0,25,0,24,172,3291,2655
1773711377,36,34,36,10,37,275,38,136,39,283,40,292,41,0,42,244,43,561,44,23,45,0,46,0,34,32,33,0,32,36,31,0,30,0,29,0,28,459,27,0,26,0,25,200,24,143,1824,870
1773711378,36,34,36,10,37,275,38,136,39,283,40,292,41,0,42,244,43,561,44,23,45,0,46,0,34,32,33,0,32,36,31,0,30,0,29,0,28,0,27,0,26,0,25,0,24,143,1824,211
1773711379,36,34,36,10,37,277,38,136,39,283,40,292,41,0,42,244,43,561,44,23,45,0,46,0,34,32,33,0,32,36,31,0,30,1000,29,0,28,0,27,0,26,0,25,0,24,606,1826,1674
1773711380,36,34,36,10,37,277,38,136,39,283,40,292,41,0,42,244,43,561,44,23,45,0,46,0,34,32,33,0,32,36,31,0,30,0,29,0,28,1000,27,0,26,0,25,0,24,555,1826,1623
1773711381,36,34,36,10,37,277,38,136,39,283,40,292,41,0,42,244,43,561,44,9,45,0,46,0,34,32,33,0,32,36,31,0,30,0,29,0,28,0,27,0,26,1000,25,200,24,175,1812,1443
1773711382,36,34,36,10,37,277,38,136,39,283,40,292,41,0,42,244,43,561,44,9,45,0,46,0,34,32,33,0,32,36,31,0,30,0,29,0,28,0,27,462,26,0,25,1200,24,175,1812,1905
1773711383,36,34,36,10,37,277,38,136,39,283,40,292,41,0,42,244,43,561,44,9,45,0,46,0,34,32,33,0,32,36,31,0,30,0,29,0,28,0,27,462,26,0,25,200,24,175,1812,905
1773711384,36,34,36,10,37,277,38,136,39,283,40,292,41,0,42,244,43,561,44,9,45,0,46,0,34,32,33,0,32,36,31,0,30,0,29,0,28,0,27,0,26,200,25,472,24,1175,1812,1915
1773711385,36,34,36,10,37,277,38,136,39,283,40,292,41,0,42,244,43,561,44,9,45,0,46,0,34,32,33,0,32,36,31,0,30,0,29,0,28,0,27,0,26,200,25,472,24,1175,1812,1915
1773711386,36,34,36,10,37,277,38,136,39,283,40,292,41,0,42,244,43,561,44,9,45,0,46,0,34,32,33,0,32,36,31,0,30,0,29,0,28,0,27,0,26,200,25,1000,24,175,1812,1443
1773711387,31,27,31,82,32,200,33,200,34,1015,35,0,36,0,37,616,38,0,39,0,40,0,41,0,27,1002,26,0,25,0,24,211,23,0,22,309,21,55,20,500,19,687,18,0,17,595,2113,3359
1773711388,31,27,31,272,32,0,33,200,34,791,35,0,36,233,37,616,38,0,39,0,40,500,41,0,27,1000,26,0,25,40,24,0,23,204,22,309,21,26,20,539,19,547,18,0,17,735,2612,3400
1773711389,31,27,31,72,32,400,33,0,34,791,35,0,36,233,37,616,38,0,39,0,40,500,41,0,27,7,26,0,25,0,24,4,23,250,22,309,21,26,20,518,19,547,18,0,17,140,2612,1801
1773711390,31,27,31,72,32,400,33,0,34,791,35,0,36,233,37,616,38,0,39,0,40,500,41,0,27,1007,26,0,25,0,24,4,23,200,22,309,21,26,20,518,19,547,18,0,17,140,2612,2751
1773711391,31,27,31,272,32,0,33,200,34,791,35,0,36,233,37,401,38,0,39,0,40,500,41,0,27,1007,26,0,25,0,24,4,23,200,22,309,21,513,20,518,19,547,18,0,17,140,2397,3238
1773711392,31,27,31,272,32,0,33,700,34,351,35,233,36,399,37,0,38,0,39,0,40,500,41,0,27,1007,26,0,25,0,24,4,23,200,22,0,21,513,20,514,19,547,18,0,17,140,2455,2925
1773711393,31,27,31,272,32,0,33,700,34,351,35,233,36,401,37,0,38,0,39,0,40,500,41,0,27,1007,26,0,25,0,24,4,23,0,22,200,21,26,20,514,19,547,18,0,17,140,2457,2438
1773711394,31,27,31,272,32,0,33,700,34,351,35,233,36,401,37,0,38,0,39,0,40,500,41,0,27,1007,26,0,25,0,24,4,23,250,22,0,21,26,20,514,19,547,18,0,17,140,2457,2488
1773711395,31,24,31,272,32,0,33,700,34,291,35,233,36,401,37,0,38,0,39,0,40,500,41,0,24,54,23,0,22,200,21,26,20,514,19,547,18,0,17,140,16,500,15,1300,14,316,2397,3597
1773711396,31,27,31,272,32,0,33,700,34,291,35,233,36,401,37,0,38,0,39,0,40,500,41,0,27,1000,26,0,25,3,24,0,23,204,22,0,21,26,20,514,19,0,18,0,17,140,2397,1887
1773711397,31,27,31,284,32,0,33,700,34,291,35,233,36,401,37,0,38,0,39,0,40,500,41,0,27,1000,26,0,25,3,24,0,23,204,22,0,21,505,20,514,19,0,18,0,17,140,2409,2366
1773711398,31,27,31,300,32,0,33,700,34,291,35,233,36,401,37,0,38,0,39,0,40,500,41,0,27,1000,26,0,25,3,24,0,23,204,22,0,21,505,20,514,19,0,18,0,17,140,2425,2366
1773711399,29,26,29,10,30,400,31,72,32,0,33,500,34,291,35,632,36,0,37,0,38,0,39,0,26,1000,25,3,24,0,23,204,22,0,21,26,20,14,19,0,18,0,17,140,16,0,1905,1387
1773711400,29,25,29,10,30,200,31,72,32,991,33,0,34,233,35,396,36,0,37,0,38,0,39,0,25,3,24,0,23,0,22,200,21,26,20,4,19,28,18,550,17,140,16,0,15,0,1902,951
1773711401,29,25,29,10,30,200,31,72,32,991,33,0,34,233,35,399,36,0,37,0,38,0,39,0,25,3,24,0,23,0,22,200,21,26,20,4,19,528,18,0,17,140,16,0,15,0,1905,901
1773711402,29,24,29,10,30,472,31,0,32,791,33,0,34,233,35,1962,36,0,37,0,38,0,39,0,24,1000,23,0,22,300,21,26,20,4,19,0,18,856,17,0,16,0,15,597,14,316,3468,3099
1773711403,29,24,29,10,30,472,31,0,32,791,33,0,34,233,35,1962,36,500,37,0,38,0,39,0,24,1000,23,43,22,300,21,26,20,4,19,500,18,856,17,0,16,0,15,597,14,316,3968,3642
1773711404,29,23,29,10,30,472,31,0,32,791,33,0,34,293,35,1962,36,500,37,0,38,0,39,0,23,1063,22,300,21,26,20,4,19,500,18,835,17,0,16,0,15,140,14,316,13,0,4028,3184
1773711405,29,24,29,10,30,472,31,0,32,791,33,42,34,293,35,1962,36,500,37,0,38,0,39,0,24,21,23,1043,22,100,21,226,20,4,19,0,18,833,17,0,16,0,15,140,14,316,4070,2683
1773711406,29,24,29,10,30,472,31,0,32,791,33,42,34,293,35,1962,36,500,37,0,38,0,39,0,24,21,23,43,22,100,21,226,20,4,19,500,18,833,17,0,16,0,15,140,14,316,4070,2183
1773711407,29,24,29,50,30,472,31,0,32,791,33,0,34,331,35,1962,36,500,37,0,38,0,39,0,24,61,23,43,22,100,21,226,20,411,19,500,18,833,17,0,16,0,15,140,14,316,4106,2630
1773711408,29,24,29,50,30,472,31,0,32,791,33,0,34,331,35,1962,36,500,37,0,38,0,39,0,24,21,23,43,22,1100,21,26,20,4,19,0,18,828,17,0,16,0,15,140,14,316,4106,2478
1773711409,28,24,28,10,29,240,30,272,31,0,32,791,33,0,34,331,35,1962,36,500,37,0,38,0,24,61,23,43,22,1100,21,226,20,4,19,0,18,831,17,0,16,0,15,140,14,316,4106,2721
1773711410,28,24,28,10,29,200,30,272,31,0,32,791,33,0,34,331,35,1565,36,500,37,0,38,0,24,21,23,43,22,1100,21,226,20,4,19,0,18,831,17,0,16,0,15,140,14,316,3669,2681
1773711411,27,24,27,10,28,40,29,200,30,272,31,0,32,791,33,0,34,331,35,1565,36,500,37,0,24,21,23,43,22,1100,21,226,20,4,19,484,18,831,17,0,16,0,15,140,14,316,3709,3165
1773711412,29,24,29,10,30,72,31,200,32,291,33,0,34,0,35,0,36,200,37,502,38,0,39,0,24,61,23,43,22,1000,21,226,20,4,19,484,18,69,17,0,16,0,15,140,14,316,1275,2343
1773711413,29,24,29,10,30,72,31,200,32,291,33,140,34,0,35,200,36,191,37,0,38,170,39,0,24,21,23,43,22,0,21,226,20,4,19,0,18,569,17,0,16,0,15,140,14,316,1274,1319
1773711414,29,24,29,10,30,72,31,200,32,291,33,0,34,0,35,0,36,200,37,619,38,170,39,0,24,21,23,43,22,1000,21,226,20,4,19,460,18,569,17,0,16,0,15,140,14,316,1562,2779
1773711415,29,24,29,10,30,72,31,200,32,291,33,0,34,0,35,0,36,200,37,619,38,170,39,0,24,21,23,43,22,1000,21,226,20,4,19,960,18,69,17,0,16,0,15,140,14,316,1562,2779
1773711416,29,24,29,10,30,72,31,200,32,291,33,0,34,0,35,0,36,200,37,619,38,170,39,0,24,21,23,43,22,1000,21,226,20,4,19,0,18,569,17,0,16,0,15,140,14,316,1562,2319
1773711417,29,24,29,10,30,72,31,200,32,491,33,0,34,0,35,0,36,500,37,119,38,163,39,0,24,21,23,43,22,1000,21,226,20,4,19,0,18,569,17,0,16,0,15,140,14,316,1555,2319
1773711418,28,24,28,10,29,200,30,127,31,0,32,491,33,0,34,0,35,331,36,0,37,0,38,303,24,21,23,43,22,0,21,226,20,4,19,970,18,69,17,0,16,0,15,140,14,316,1462,1789
1773711419,28,24,28,10,29,200,30,127,31,0,32,291,33,0,34,0,35,0,36,0,37,0,38,303,24,21,23,43,22,0,21,226,20,4,19,970,18,69,17,0,16,0,15,140,14,316,931,1789
1773711420,28,24,28,10,29,200,30,127,31,0,32,291,33,0,34,0,35,0,36,0,37,0,38,303,24,21,23,43,22,1000,21,226,20,4,19,0,18,569,17,0,16,0,15,140,14,316,931,2319
1773711421,28,24,28,10,29,200,30,127,31,0,32,291,33,0,34,0,35,0,36,0,37,0,38,303,24,21,23,43,22,1000,21,226,20,4,19,426,18,569,17,0,16,0,15,140,14,316,931,2745
1773711422,28,24,28,10,29,200,30,127,31,0,32,291,33,0,34,0,35,0,36,138,37,197,38,303,24,21,23,43,22,1000,21,226,20,4,19,426,18,569,17,0,16,0,15,140,14,316,1266,2745
1773711423,28,24,28,10,29,72,30,55,31,200,32,491,33,0,34,0,35,0,36,138,37,271,38,303,24,21,23,43,22,1000,21,226,20,4,19,0,18,569,17,0,16,0,15,140,14,316,1540,2319
1773711424,28,24,28,10,29,72,30,55,31,200,32,291,33,0,34,0,35,0,36,138,37,197,38,163,24,21,23,43,22,1000,21,26,20,204,19,460,18,569,17,0,16,0,15,140,14,0,1126,2463
1773711425,28,24,28,10,29,72,30,55,31,200,32,291,33,0,34,0,35,0,36,138,37,197,38,163,24,21,23,43,22,0,21,26,20,204,19,460,18,569,17,0,16,0,15,140,14,0,1126,1463
1773711426,28,24,28,10,29,72,30,55,31,200,32,291,33,0,34,0,35,0,36,138,37,197,38,163,24,21,23,43,22,1000,21,26,20,204,19,0,18,69,17,0,16,500,15,140,14,0,1126,2003
1773711427,28,24,28,10,29,72,30,55,31,200,32,291,33,0,34,0,35,0,36,138,37,197,38,163,24,21,23,43,22,1000,21,26,20,204,19,0,18,69,17,0,16,500,15,140,14,0,1126,2003
1773711428,28,24,28,10,29,72,30,55,31,200,32,291,33,0,34,0,35,0,36,138,37,197,38,163,24,21,23,43,22,1000,21,26,20,204,19,0,18,69,17,0,16,500,15,140,14,0,1126,2003
1773711429,28,24,28,10,29,72,30,55,31,200,32,291,33,0,34,0,35,0,36,138,37,197,38,163,24,21,23,43,22,1000,21,226,20,4,19,0,18,69,17,446,16,500,15,140,14,0,1126,2449
1773711430,28,24,28,10,29,72,30,55,31,200,32,291,33,0,34,0,35,0,36,138,37,197,38,303,24,21,23,43,22,0,21,26,20,204,19,0,18,39,17,946,16,0,15,140,14,0,1266,1419
1773711431,28,24,28,10,29,72,30,55,31,200,32,291,33,0,34,0,35,0,36,138,37,256,38,282,24,21,23,43,22,0,21,26,20,4,19,200,18,39,17,0,16,500,15,140,14,0,1304,973
1773711432,29,24,29,72,30,55,31,200,32,291,33,0,34,0,35,0,36,138,37,256,38,2,39,0,24,21,23,43,22,1000,21,26,20,4,19,200,18,39,17,0,16,500,15,140,14,0,1014,1973
1773711433,28,24,28,10,29,72,30,55,31,200,32,291,33,0,34,0,35,0,36,138,37,197,38,142,24,21,23,43,22,1000,21,26,20,4,19,200,18,39,17,0,16,500,15,140,14,0,1105,1973
1773711434,28,24,28,10,29,72,30,55,31,200,32,291,33,0,34,0,35,0,36,138,37,197,38,282,24,21,23,43,22,1000,21,26,20,204,19,0,18,35,17,491,16,0,15,140,14,0,1245,1960
1773711435,28,24,28,10,29,72,30,55,31,200,32,291,33,0,34,0,35,0,36,0,37,197,38,282,24,21,23,43,22,1000,21,26,20,204,19,0,18,49,17,491,16,0,15,140,14,0,1107,1974
1773711436,28,24,28,10,29,72,30,55,31,200,32,291,33,0,34,0,35,0,36,0,37,197,38,282,24,21,23,43,22,0,21,26,20,204,19,0,18,49,17,0,16,500,15,140,14,0,1107,983
1773711437,28,24,28,10,29,72,30,55,31,200,32,291,33,0,34,0,35,0,36,0,37,197,38,282,24,21,23,43,22,0,21,26,20,204,19,0,18,49,17,0,16,500,15,140,14,0,1107,983
1773711438,28,24,28,10,29,72,30,55,31,200,32,291,33,0,34,0,35,0,36,0,37,197,38,282,24,21,23,43,22,1000,21,26,20,204,19,0,18,49,17,437,16,500,15,140,14,0,1107,2420
1773711439,28,24,28,10,29,72,30,55,31,200,32,291,33,0,34,0,35,0,36,0,37,197,38,282,24,21,23,43,22,1000,21,26,20,204,19,0,18,49,17,937,16,0,15,140,14,0,1107,2420
1773711440,28,24,28,10,29,72,30,55,31,200,32,291,33,0,34,0,35,0,36,0,37,197,38,282,24,21,23,43,22,1000,21,26,20,204,19,0,18,49,17,0,16,500,15,140,14,0,1107,1983
1773711441,28,24,28,10,29,72,30,55,31,200,32,291,33,0,34,0,35,0,36,0,37,197,38,282,24,21,23,43,22,1000,21,26,20,204,19,0,18,49,17,0,16,500,15,140,14,0,1107,1983
1773711442,28,24,28,10,29,72,30,55,31,200,32,291,33,0,34,0,35,0,36,0,37,197,38,282,24,21,23,43,22,0,21,26,20,204,19,0,18,49,17,907,16,0,15,140,14,0,1107,1390
1773711443,28,24,28,10,29,72,30,55,31,200,32,291,33,0,34,0,35,0,36,0,37,197,38,282,24,21,23,43,22,0,21,26,20,204,19,0,18,49,17,907,16,0,15,140,14,0,1107,1390
1773711444,28,24,28,10,29,72,30,55,31,200,32,291,33,0,34,0,35,0,36,0,37,197,38,142,24,40,23,0,22,1000,21,26,20,4,19,20,18,0,17,0,16,0,15,140,14,0,967,1230
1773711445,28,22,28,10,29,72,30,55,31,200,32,291,33,0,34,0,35,0,36,0,37,149,38,0,22,1007,21,26,20,4,19,0,18,0,17,0,16,0,15,0,14,0,13,535,12,0,777,1572
1773711446,28,22,28,10,29,72,30,55,31,200,32,291,33,0,34,0,35,0,36,0,37,149,38,0,22,1007,21,26,20,0,19,0,18,0,17,0,16,700,15,4,14,443,13,395,12,0,777,2575
1773711447,28,22,28,10,29,72,30,55,31,200,32,291,33,0,34,0,35,0,36,0,37,149,38,0,22,1007,21,26,20,0,19,0,18,200,17,0,16,500,15,4,14,443,13,395,12,0,777,2575
1773711448,28,22,28,10,29,272,30,55,31,264,32,291,33,0,34,0,35,0,36,9,37,0,38,0,22,7,21,26,20,0,19,0,18,200,17,50,16,500,15,4,14,0,13,394,12,0,901,1181
1773711449,28,22,28,60,29,72,30,255,31,354,32,291,33,0,34,0,35,0,36,9,37,0,38,604,22,7,21,26,20,0,19,50,18,200,17,479,16,500,15,4,14,0,13,389,12,0,1645,1655
1773711450,27,23,27,10,28,0,29,72,30,255,31,354,32,291,33,0,34,0,35,0,36,149,37,0,23,27,22,1000,21,26,20,0,19,0,18,0,17,479,16,0,15,4,14,35,13,0,1131,1571
1773711451,28,23,28,10,29,272,30,255,31,154,32,291,33,0,34,0,35,0,36,170,37,0,38,191,23,27,22,1000,21,26,20,0,19,0,18,0,17,0,16,0,15,4,14,0,13,541,1343,1598
1773711452,28,23,28,10,29,272,30,255,31,154,32,291,33,0,34,0,35,0,36,170,37,0,38,191,23,27,22,1000,21,26,20,0,19,0,18,0,17,435,16,0,15,4,14,39,13,0,1343,1531
1773711453,27,23,27,10,28,200,29,250,30,255,31,26,32,291,33,0,34,0,35,0,36,170,37,0,23,27,22,1000,21,26,20,0,19,0,18,0,17,435,16,500,15,4,14,35,13,0,1202,2027
1773711454,27,22,27,82,28,200,29,178,30,255,31,26,32,291,33,0,34,0,35,0,36,170,37,0,22,20,21,26,20,0,19,0,18,0,17,200,16,507,15,4,14,0,13,541,12,0,1202,1298
1773711455,27,22,27,10,28,150,29,345,30,545,31,0,32,0,33,0,34,0,35,509,36,0,37,0,22,20,21,26,20,0,19,0,18,0,17,0,16,700,15,4,14,85,13,0,12,0,1559,835
1773711456,26,22,26,10,27,0,28,150,29,345,30,545,31,0,32,0,33,0,34,0,35,509,36,0,22,1020,21,26,20,0,19,0,18,0,17,472,16,0,15,4,14,0,13,543,12,0,1559,2065
1773711457,27,22,27,10,28,150,29,345,30,545,31,0,32,0,33,0,34,0,35,509,36,0,37,0,22,1020,21,26,20,0,19,0,18,0,17,472,16,0,15,4,14,35,13,0,12,0,1559,1557
1773711458,27,22,27,10,28,150,29,345,30,545,31,0,32,0,33,0,34,0,35,509,36,0,37,0,22,1020,21,26,20,0,19,0,18,0,17,0,16,0,15,4,14,35,13,0,12,0,1559,1085
1773711459,27,22,27,10,28,150,29,345,30,545,31,0,32,0,33,0,34,0,35,509,36,0,37,0,22,1020,21,26,20,0,19,0,18,0,17,413,16,700,15,21,14,0,13,403,12,0,1559,2583
1773711460,27,22,27,45,28,150,29,345,30,545,31,0,32,0,33,0,34,0,35,509,36,0,37,0,22,20,21,26,20,0,19,0,18,250,17,413,16,500,15,4,14,35,13,0,12,0,1594,1248
1773711461,27,22,27,45,28,150,29,345,30,545,31,0,32,0,33,0,34,0,35,614,36,0,37,0,22,20,21,26,20,0,19,0,18,0,17,0,16,700,15,21,14,0,13,403,12,0,1699,1170
1773711462,27,22,27,150,28,150,29,345,30,545,31,0,32,0,33,0,34,0,35,614,36,0,37,0,22,1020,21,26,20,0,19,0,18,0,17,0,16,0,15,4,14,0,13,543,12,0,1804,1593
1773711463,27,22,27,45,28,150,29,345,30,545,31,0,32,0,33,0,34,0,35,614,36,0,37,0,22,1020,21,26,20,0,19,0,18,0,17,453,16,0,15,4,14,35,13,0,12,0,1699,1538
1773711464,27,22,27,45,28,150,29,345,30,545,31,0,32,0,33,0,34,691,35,614,36,0,37,0,22,1020,21,26,20,0,19,0,18,200,17,453,16,0,15,4,14,0,13,543,12,0,2390,2246
1773711465,27,22,27,60,28,150,29,345,30,345,31,0,32,0,33,0,34,691,35,114,36,0,37,0,22,1020,21,26,20,0,19,0,18,0,17,15,16,0,15,4,14,0,13,403,12,0,1705,1468
1773711466,26,22,26,10,27,50,28,150,29,241,30,345,31,0,32,0,33,120,34,691,35,125,36,0,22,20,21,26,20,0,19,0,18,200,17,15,16,500,15,4,14,85,13,0,12,0,1732,850
1773711467,26,22,26,10,27,50,28,150,29,241,30,345,31,0,32,0,33,120,34,691,35,125,36,0,22,20,21,26,20,0,19,0,18,200,17,15,16,0,15,4,14,50,13,403,12,0,1732,718
1773711468,26,22,26,10,27,155,28,0,29,286,30,545,31,0,32,0,33,120,34,691,35,125,36,0,22,1020,21,26,20,0,19,0,18,0,17,15,16,0,15,4,14,0,13,543,12,0,1932,1608
1773711469,26,22,26,10,27,50,28,150,29,561,30,345,31,0,32,0,33,120,34,816,35,0,36,0,22,1020,21,26,20,0,19,0,18,0,17,15,16,0,15,4,14,35,13,0,12,0,2052,1100
1773711470,26,22,26,10,27,50,28,150,29,441,30,345,31,0,32,0,33,120,34,711,35,0,36,0,22,1020,21,26,20,0,19,0,18,0,17,15,16,0,15,4,14,35,13,0,12,0,1827,1100
1773711471,26,22,26,10,27,50,28,150,29,441,30,345,31,0,32,0,33,120,34,711,35,0,36,0,22,1020,21,26,20,0,19,0,18,200,17,15,16,500,15,21,14,35,13,0,12,0,1827,1817
1773711472,26,22,26,10,27,50,28,150,29,441,30,345,31,0,32,0,33,120,34,711,35,0,36,0,22,20,21,26,20,0,19,0,18,200,17,15,16,500,15,4,14,85,13,0,12,0,1827,850
1773711473,26,23,26,10,27,35,28,165,29,441,30,345,31,0,32,0,33,120,34,711,35,0,36,0,23,15,22,20,21,26,20,0,19,0,18,0,17,0,16,0,15,4,14,0,13,543,1827,608
1773711474,27,23,27,195,28,155,29,101,30,545,31,0,32,0,33,120,34,700,35,0,36,0,37,0,23,15,22,1000,21,26,20,0,19,0,18,0,17,0,16,0,15,4,14,0,13,682,1816,1727
1773711475,27,23,27,45,28,165,29,361,30,545,31,0,32,0,33,120,34,700,35,0,36,0,37,0,23,15,22,1000,21,26,20,0,19,0,18,0,17,0,16,7,15,4,14,0,13,675,1936,1727
1773711476,27,23,27,28,28,165,29,361,30,545,31,0,32,0,33,120,34,700,35,0,36,0,37,0,23,15,22,1000,21,26,20,0,19,0,18,0,17,0,16,7,15,4,14,35,13,139,1919,1226
1773711477,27,23,27,28,28,165,29,361,30,545,31,0,32,0,33,120,34,700,35,0,36,0,37,0,23,15,22,1000,21,26,20,0,19,0,18,0,17,200,16,507,15,4,14,0,13,680,1919,2432
1773711478,26,21,26,150,27,143,28,15,29,361,30,545,31,0,32,0,33,0,34,700,35,0,36,0,21,26,20,0,19,0,18,207,17,0,16,500,15,4,14,0,13,401,12,0,11,139,1914,1277
1773711479,25,21,25,10,26,0,27,18,28,215,29,561,30,345,31,0,32,0,33,0,34,805,35,0,21,26,20,0,19,0,18,0,17,0,16,707,15,4,14,0,13,471,12,0,11,139,1954,1347
1773711480,26,22,26,10,27,150,28,155,29,301,30,345,31,0,32,0,33,0,34,700,35,0,36,0,22,940,21,26,20,0,19,0,18,200,17,0,16,500,15,4,14,15,13,471,12,0,1661,2156
1773711481,26,22,26,10,27,150,28,155,29,301,30,345,31,0,32,0,33,0,34,700,35,0,36,0,22,1000,21,26,20,0,19,0,18,0,17,200,16,500,15,4,14,15,13,471,12,0,1661,2216
1773711482,26,22,26,10,27,150,28,155,29,301,30,345,31,0,32,0,33,0,34,700,35,0,36,0,22,1000,21,26,20,0,19,0,18,200,17,0,16,500,15,4,14,15,13,471,12,0,1661,2216
1773711483,26,22,26,10,27,155,28,155,29,301,30,345,31,0,32,0,33,0,34,700,35,0,36,0,22,1000,21,26,20,0,19,0,18,200,17,0,16,500,15,4,14,15,13,471,12,0,1666,2216
1773711484,26,21,26,10,27,155,28,155,29,301,30,345,31,0,32,0,33,0,34,700,35,0,36,0,21,26,20,0,19,0,18,207,17,0,16,500,15,4,14,15,13,471,12,0,11,139,1666,1362
1773711485,26,21,26,10,27,155,28,155,29,301,30,345,31,0,32,0,33,0,34,700,35,0,36,0,21,26,20,0,19,0,18,7,17,0,16,700,15,4,14,15,13,471,12,0,11,139,1666,1362
1773711486,26,22,26,10,27,155,28,140,29,316,30,345,31,0,32,0,33,0,34,700,35,0,36,0,22,1000,21,26,20,0,19,0,18,200,17,0,16,500,15,4,14,15,13,471,12,0,1666,2216
1773711487,26,22,26,10,27,155,28,140,29,316,30,345,31,0,32,0,33,0,34,700,35,0,36,0,22,1000,21,26,20,0,19,0,18,0,17,200,16,500,15,4,14,15,13,471,12,0,1666,2216
1773711488,26,22,26,10,27,155,28,140,29,316,30,345,31,0,32,0,33,0,34,700,35,0,36,0,22,1000,21,26,20,0,19,0,18,200,17,0,16,500,15,4,14,15,13,471,12,0,1666,2216
1773711489,26,22,26,10,27,150,28,140,29,316,30,345,31,0,32,0,33,0,34,700,35,0,36,0,22,1000,21,26,20,0,19,0,18,200,17,0,16,500,15,4,14,15,13,471,12,0,1661,2216
1773711490,26,21,26,10,27,150,28,140,29,316,30,345,31,0,32,0,33,0,34,700,35,0,36,0,21,26,20,0,19,0,18,207,17,0,16,500,15,4,14,15,13,471,12,0,11,139,1661,1362
1773711491,26,21,26,10,27,150,28,140,29,316,30,345,31,0,32,0,33,0,34,700,35,0,36,0,21,26,20,0,19,0,18,7,17,0,16,700,15,4,14,15,13,471,12,0,11,139,1661,1362
1773711492,26,22,26,10,27,150,28,140,29,316,30,345,31,0,32,0,33,0,34,700,35,0,36,0,22,956,21,26,20,0,19,0,18,200,17,0,16,500,15,4,14,15,13,471,12,0,1661,2172
1773711493,26,22,26,10,27,150,28,140,29,316,30,345,31,0,32,0,33,0,34,700,35,0,36,0,22,1000,21,26,20,0,19,0,18,200,17,0,16,500,15,4,14,15,13,471,12,0,1661,2216
1773711494,26,22,26,10,27,150,28,140,29,316,30,345,31,0,32,0,33,0,34,700,35,0,36,0,22,1000,21,26,20,0,19,0,18,200,17,0,16,625,15,4,14,15,13,471,12,0,1661,2341
1773711495,26,22,26,10,27,150,28,140,29,316,30,345,31,0,32,0,33,0,34,700,35,0,36,0,22,1000,21,26,20,0,19,0,18,0,17,207,16,625,15,4,14,15,13,471,12,0,1661,2348
1773711496,26,21,26,10,27,0,28,150,29,116,30,545,31,0,32,0,33,0,34,700,35,0,36,0,21,49,20,0,19,0,18,0,17,207,16,625,15,4,14,15,13,471,12,0,11,139,1521,1510
1773711497,26,23,26,10,27,105,28,150,29,301,30,345,31,0,32,0,33,0,34,700,35,0,36,0,23,21,22,1000,21,26,20,0,19,0,18,200,17,0,16,625,15,4,14,15,13,471,1611,2362
1773711498,26,22,26,10,27,105,28,150,29,301,30,345,31,0,32,0,33,0,34,735,35,0,36,0,22,1021,21,26,20,0,19,0,18,0,17,200,16,625,15,4,14,15,13,471,12,0,1646,2362
1773711499,25,22,25,10,26,150,27,105,28,0,29,301,30,345,31,0,32,0,33,0,34,700,35,0,22,1021,21,26,20,0,19,0,18,0,17,200,16,625,15,4,14,15,13,471,12,0,1611,2362
1773711500,25,22,25,10,26,0,27,0,28,200,29,227,30,545,31,0,32,0,33,0,34,700,35,0,22,1021,21,26,20,0,19,0,18,0,17,200,16,625,15,4,14,15,13,471,12,0,1682,2362
1773711501,27,22,27,10,28,150,29,227,30,545,31,0,32,0,33,0,34,700,35,0,36,0,37,0,22,1021,21,26,20,0,19,0,18,0,17,200,16,625,15,4,14,15,13,471,12,0,1632,2362
1773711502,27,24,27,10,28,150,29,227,30,545,31,0,32,0,33,15,34,700,35,0,36,0,37,0,24,20,23,15,22,0,21,26,20,0,19,0,18,200,17,50,16,625,15,4,14,0,1647,940
1773711503,27,24,27,10,28,150,29,227,30,545,31,0,32,0,33,15,34,700,35,0,36,0,37,0,24,20,23,15,22,0,21,26,20,0,19,0,18,0,17,200,16,625,15,4,14,0,1647,890
1773711504,26,23,26,10,27,10,28,150,29,227,30,545,31,0,32,0,33,15,34,700,35,0,36,0,23,15,22,1000,21,26,20,0,19,0,18,0,17,0,16,125,15,4,14,0,13,625,1657,1795
1773711505,26,23,26,20,27,105,28,150,29,122,30,545,31,0,32,0,33,15,34,700,35,0,36,0,23,15,22,1000,21,26,20,0,19,0,18,200,17,0,16,625,15,4,14,0,13,625,1657,2495
1773711506,26,23,26,20,27,105,28,150,29,122,30,545,31,0,32,0,33,15,34,700,35,0,36,0,23,15,22,1000,21,26,20,0,19,0,18,0,17,200,16,625,15,4,14,0,13,625,1657,2495
1773711507,26,23,26,20,27,142,28,150,29,122,30,545,31,0,32,0,33,0,34,700,35,0,36,0,23,15,22,1000,21,26,20,0,19,0,18,200,17,0,16,625,15,4,14,0,13,625,1679,2495
1773711508,26,23,26,20,27,142,28,150,29,122,30,545,31,0,32,0,33,0,34,700,35,0,36,0,23,15,22,0,21,26,20,0,19,50,18,0,17,200,16,625,15,4,14,0,13,625,1679,1545
1773711509,26,23,26,46,27,142,28,150,29,322,30,345,31,0,32,0,33,0,34,700,35,0,36,0,23,15,22,0,21,26,20,0,19,0,18,250,17,0,16,625,15,4,14,0,13,625,1705,1545
1773711510,26,23,26,20,27,142,28,150,29,322,30,345,31,0,32,0,33,0,34,700,35,0,36,0,23,15,22,1000,21,26,20,0,19,0,18,200,17,0,16,625,15,4,14,0,13,625,1679,2495
1773711511,26,23,26,10,27,37,28,10,29,150,30,545,31,0,32,0,33,0,34,700,35,0,36,0,23,38,22,1000,21,26,20,0,19,0,18,0,17,200,16,625,15,4,14,0,13,625,1452,2518
1773711512,26,22,26,10,27,37,28,10,29,150,30,545,31,0,32,0,33,0,34,700,35,0,36,0,22,1023,21,26,20,0,19,0,18,0,17,15,16,125,15,41,14,0,13,0,12,0,1452,1230
1773711513,26,22,26,10,27,37,28,10,29,150,30,545,31,0,32,0,33,0,34,700,35,0,36,0,22,1023,21,26,20,0,19,0,18,200,17,15,16,625,15,41,14,0,13,0,12,0,1452,1930
1773711514,26,22,26,10,27,37,28,10,29,150,30,345,31,0,32,0,33,200,34,700,35,0,36,0,22,23,21,26,20,0,19,0,18,200,17,15,16,625,15,41,14,0,13,0,12,0,1452,930
1773711515,26,22,26,10,27,37,28,10,29,150,30,345,31,0,32,0,33,200,34,700,35,0,36,0,22,23,21,26,20,0,19,0,18,200,17,15,16,625,15,41,14,0,13,0,12,0,1452,930
1773711516,26,22,26,10,27,37,28,10,29,150,30,345,31,0,32,0,33,200,34,700,35,0,36,0,22,1023,21,26,20,0,19,0,18,200,17,15,16,625,15,41,14,0,13,0,12,0,1452,1930
1773711517,26,22,26,10,27,37,28,10,29,150,30,345,31,0,32,0,33,200,34,700,35,0,36,0,22,1023,21,26,20,0,19,15,18,200,17,0,16,625,15,41,14,0,13,0,12,0,1452,1930
1773711518,26,22,26,10,27,37,28,10,29,150,30,345,31,0,32,0,33,200,34,700,35,0,36,0,22,1023,21,26,20,0,19,15,18,0,17,200,16,625,15,41,14,0,13,0,12,0,1452,1930
1773711519,26,22,26,10,27,37,28,10,29,150,30,345,31,0,32,0,33,200,34,700,35,0,36,0,22,1023,21,26,20,0,19,15,18,0,17,200,16,625,15,41,14,0,13,0,12,0,1452,1930
1773711520,26,21,26,10,27,37,28,10,29,150,30,345,31,0,32,0,33,200,34,700,35,0,36,0,21,26,20,0,19,15,18,0,17,200,16,632,15,4,14,0,13,463,12,0,11,649,1452,1989
1773711521,26,21,26,10,27,37,28,10,29,150,30,345,31,0,32,0,33,200,34,700,35,0,36,0,21,26,20,0,19,15,18,0,17,207,16,625,15,4,14,0,13,327,12,0,11,649,1452,1853
1773711522,26,22,26,10,27,37,28,10,29,150,30,345,31,0,32,0,33,200,34,700,35,0,36,0,22,1000,21,26,20,0,19,15,18,200,17,0,16,625,15,4,14,0,13,327,12,0,1452,2197
1773711523,26,22,26,10,27,37,28,10,29,150,30,345,31,0,32,0,33,200,34,700,35,0,36,0,22,1000,21,26,20,0,19,15,18,0,17,0,16,625,15,4,14,0,13,327,12,0,1452,1997
1773711524,26,22,26,10,27,37,28,10,29,150,30,545,31,0,32,0,33,0,34,700,35,0,36,0,22,1000,21,26,20,0,19,15,18,0,17,200,16,625,15,4,14,0,13,494,12,0,1452,2364
1773711525,28,22,28,14,29,143,30,345,31,0,32,0,33,200,34,700,35,0,36,0,37,0,38,0,22,1000,21,26,20,0,19,15,18,200,17,0,16,625,15,4,14,0,13,354,12,0,1402,2224
1773711526,28,21,28,14,29,138,30,345,31,0,32,0,33,200,34,700,35,0,36,0,37,0,38,0,21,26,20,0,19,15,18,207,17,0,16,625,15,4,14,0,13,354,12,0,11,139,1397,1370
1773711527,28,22,28,14,29,138,30,345,31,0,32,0,33,200,34,735,35,0,36,0,37,0,38,0,22,1000,21,26,20,0,19,15,18,200,17,0,16,625,15,4,14,0,13,494,12,0,1432,2364
1773711528,28,22,28,14,29,138,30,345,31,0,32,0,33,200,34,700,35,0,36,0,37,0,38,0,22,1000,21,26,20,0,19,15,18,200,17,0,16,625,15,4,14,0,13,354,12,0,1397,2224
1773711529,26,22,26,10,27,80,28,4,29,150,30,345,31,0,32,0,33,200,34,700,35,0,36,0,22,1000,21,26,20,0,19,15,18,200,17,0,16,625,15,4,14,0,13,354,12,0,1489,2224
1773711530,26,22,26,10,27,80,28,4,29,150,30,345,31,0,32,0,33,200,34,700,35,0,36,0,22,1000,21,26,20,0,19,15,18,200,17,0,16,625,15,4,14,0,13,354,12,0,1489,2224
1773711531,26,22,26,10,27,80,28,4,29,150,30,345,31,0,32,0,33,200,34,700,35,0,36,0,22,1000,21,26,20,0,19,15,18,207,17,0,16,625,15,4,14,0,13,354,12,0,1489,2231
1773711532,25,21,25,10,26,10,27,80,28,4,29,150,30,345,31,0,32,0,33,200,34,700,35,0,21,26,20,0,19,15,18,207,17,0,16,625,15,4,14,0,13,354,12,0,11,139,1499,1370
1773711533,25,21,25,10,26,10,27,80,28,4,29,350,30,345,31,0,32,0,33,0,34,728,35,0,21,26,20,0,19,15,18,0,17,0,16,125,15,4,14,0,13,494,12,0,11,139,1527,803
1773711534,25,22,25,10,26,10,27,80,28,154,29,200,30,345,31,0,32,0,33,0,34,728,35,0,22,1000,21,26,20,0,19,15,18,200,17,0,16,625,15,4,14,0,13,382,12,0,1527,2252
1773711535,25,22,25,10,26,10,27,80,28,154,29,200,30,345,31,0,32,0,33,0,34,728,35,0,22,1000,21,26,20,0,19,15,18,0,17,200,16,625,15,4,14,0,13,312,12,0,1527,2182
1773711536,25,22,25,10,26,10,27,80,28,154,29,200,30,345,31,0,32,0,33,0,34,728,35,0,22,1000,21,26,20,0,19,15,18,200,17,0,16,625,15,4,14,0,13,382,12,0,1527,2252
1773711537,25,22,25,10,26,10,27,80,28,154,29,200,30,345,31,0,32,0,33,0,34,728,35,0,22,1000,21,26,20,0,19,15,18,0,17,200,16,625,15,4,14,0,13,382,12,0,1527,2252
1773711538,25,21,25,10,26,10,27,80,28,154,29,200,30,345,31,0,32,0,33,0,34,728,35,0,21,26,20,0,19,15,18,0,17,200,16,632,15,4,14,0,13,366,12,0,11,139,1527,1382
1773711539,25,22,25,10,26,10,27,80,28,154,29,200,30,345,31,0,32,0,33,0,34,728,35,0,22,1000,21,26,20,0,19,15,18,0,17,0,16,125,15,4,14,0,13,366,12,0,1527,1536
1773711540,25,22,25,10,26,10,27,80,28,154,29,200,30,345,31,0,32,0,33,0,34,728,35,0,22,1000,21,26,20,0,19,15,18,0,17,200,16,625,15,4,14,0,13,350,12,0,1527,2220
1773711541,25,22,25,10,26,10,27,80,28,154,29,200,30,345,31,0,32,0,33,0,34,728,35,0,22,1000,21,26,20,0,19,15,18,200,17,0,16,625,15,4,14,0,13,350,12,0,1527,2220
1773711542,25,22,25,10,26,10,27,80,28,154,29,200,30,345,31,0,32,0,33,0,34,728,35,0,22,1000,21,26,20,0,19,15,18,200,17,0,16,625,15,4,14,0,13,350,12,0,1527,2220
1773711543,25,22,25,10,26,10,27,80,28,154,29,200,30,345,31,0,32,0,33,0,34,728,35,0,22,1000,21,26,20,0,19,15,18,207,17,0,16,625,15,4,14,0,13,350,12,0,1527,2227
1773711544,25,21,25,10,26,10,27,80,28,154,29,200,30,345,31,0,32,0,33,0,34,728,35,0,21,26,20,0,19,15,18,207,17,0,16,625,15,4,14,0,13,350,12,0,11,139,1527,1366
1773711545,25,21,25,10,26,10,27,80,28,154,29,200,30,345,31,0,32,0,33,0,34,728,35,0,21,26,20,0,19,15,18,0,17,200,16,625,15,4,14,0,13,350,12,0,11,139,1527,1359
1773711546,25,22,25,10,26,10,27,80,28,154,29,200,30,345,31,0,32,0,33,0,34,728,35,0,22,1000,21,26,20,0,19,15,18,200,17,0,16,625,15,4,14,0,13,350,12,0,1527,2220
1773711547,25,22,25,10,26,10,27,80,28,154,29,200,30,345,31,0,32,0,33,0,34,728,35,0,22,1000,21,26,20,0,19,15,18,200,17,0,16,625,15,4,14,0,13,350,12,0,1527,2220
1773711548,25,22,25,10,26,50,27,80,28,154,29,200,30,345,31,0,32,0,33,0,34,728,35,0,22,1000,21,26,20,0,19,55,18,200,17,0,16,625,15,4,14,0,13,350,12,0,1567,2260
1773711549,25,22,25,20,26,40,27,80,28,154,29,200,30,345,31,0,32,0,33,0,34,728,35,0,22,1000,21,26,20,0,19,55,18,0,17,200,16,625,15,4,14,0,13,350,12,0,1567,2260
1773711550,25,21,25,20,26,0,27,80,28,154,29,200,30,345,31,0,32,0,33,0,34,728,35,0,21,26,20,0,19,15,18,0,17,207,16,625,15,4,14,0,13,350,12,0,11,139,1527,1366
1773711551,26,21,26,20,27,230,28,204,29,0,30,345,31,0,32,0,33,0,34,833,35,0,36,0,21,26,20,0,19,15,18,0,17,207,16,625,15,4,14,0,13,490,12,0,11,139,1632,1506
1773711552,25,22,25,10,26,50,27,230,28,204,29,0,30,345,31,0,32,0,33,0,34,833,35,0,22,1000,21,26,20,0,19,15,18,200,17,0,16,625,15,4,14,0,13,350,12,0,1672,2220
1773711553,25,22,25,10,26,50,27,80,28,154,29,200,30,345,31,0,32,0,33,0,34,805,35,0,22,1000,21,26,20,0,19,15,18,200,17,0,16,625,15,4,14,0,13,350,12,0,1644,2220
1773711554,25,22,25,10,26,50,27,80,28,154,29,797,30,345,31,0,32,0,33,0,34,114,35,0,22,1000,21,26,20,0,19,15,18,240,17,0,16,625,15,4,14,0,13,350,12,0,1550,2260
1773711555,26,22,26,20,27,80,28,154,29,797,30,345,31,0,32,0,33,0,34,114,35,0,36,0,22,1000,21,26,20,0,19,15,18,247,17,0,16,625,15,4,14,0,13,350,12,0,1510,2267
1773711556,26,21,26,181,27,230,28,381,29,597,30,345,31,0,32,0,33,0,34,142,35,0,36,0,21,26,20,0,19,15,18,207,17,0,16,625,15,4,14,0,13,350,12,0,11,139,1876,1366
1773711557,25,21,25,10,26,211,27,230,28,381,29,597,30,345,31,0,32,0,33,0,34,142,35,0,21,26,20,0,19,15,18,200,17,0,16,625,15,4,14,0,13,350,12,0,11,139,1916,1359
1773711558,25,22,25,10,26,211,27,230,28,181,29,597,30,345,31,0,32,0,33,0,34,114,35,0,22,1000,21,26,20,0,19,15,18,200,17,0,16,625,15,4,14,0,13,350,12,0,1688,2220
1773711559,24,22,24,20,25,190,26,161,27,80,28,753,29,597,30,55,31,0,32,0,33,0,34,9,22,1000,21,26,20,0,19,15,18,200,17,0,16,625,15,4,14,0,13,490,12,0,1865,2360
1773711560,24,22,24,10,25,40,26,171,27,407,28,576,29,597,30,55,31,0,32,0,33,37,34,0,22,1000,21,26,20,0,19,15,18,200,17,0,16,125,15,504,14,0,13,263,12,0,1893,2133
1773711561,24,23,24,10,25,10,26,206,27,362,28,576,29,597,30,55,31,0,32,0,33,142,34,0,23,15,22,1000,21,26,20,0,19,0,18,0,17,200,16,625,15,4,14,0,13,263,1958,2133
1773711562,24,23,24,10,25,50,26,206,27,362,28,576,29,597,30,55,31,0,32,0,33,142,34,0,23,15,22,0,21,26,20,0,19,200,18,50,17,0,16,625,15,4,14,0,13,537,1998,1457
1773711563,24,23,24,10,25,50,26,206,27,362,28,576,29,597,30,55,31,0,32,0,33,142,34,0,23,15,22,0,21,26,20,0,19,200,18,40,17,0,16,625,15,4,14,0,13,397,1998,1307
1773711564,24,23,24,10,25,10,26,206,27,362,28,576,29,597,30,55,31,0,32,0,33,142,34,0,23,1015,22,0,21,26,20,0,19,200,18,40,17,0,16,625,15,4,14,0,13,397,1958,2307
1773711565,26,24,26,160,27,282,28,576,29,597,30,55,31,0,32,0,33,37,34,0,35,0,36,500,24,90,23,1015,22,0,21,26,20,781,19,0,18,0,17,0,16,125,15,4,14,347,2207,2388
1773711566,26,24,26,160,27,282,28,576,29,597,30,55,31,0,32,0,33,37,34,0,35,0,36,500,24,90,23,1015,22,0,21,26,20,781,19,0,18,0,17,0,16,125,15,4,14,347,2207,2388
1773711567,26,24,26,10,27,432,28,576,29,597,30,55,31,0,32,0,33,9,34,0,35,0,36,500,24,90,23,1015,22,0,21,26,20,781,19,0,18,0,17,0,16,125,15,4,14,319,2179,2360
1773711568,26,24,26,10,27,432,28,576,29,597,30,55,31,0,32,0,33,9,34,0,35,0,36,500,24,90,23,15,22,0,21,26,20,781,19,0,18,0,17,0,16,125,15,4,14,319,2179,1360
1773711569,26,24,26,200,27,282,28,576,29,597,30,55,31,0,32,0,33,9,34,0,35,0,36,500,24,90,23,15,22,0,21,26,20,781,19,0,18,0,17,0,16,125,15,4,14,324,2219,1365
1773711570,26,24,26,200,27,282,28,576,29,597,30,55,31,0,32,0,33,9,34,0,35,0,36,500,24,90,23,1015,22,0,21,26,20,781,19,0,18,0,17,0,16,125,15,4,14,324,2219,2365
1773711571,26,24,26,160,27,282,28,576,29,597,30,55,31,0,32,0,33,9,34,0,35,0,36,500,24,90,23,1015,22,0,21,26,20,781,19,0,18,0,17,0,16,125,15,4,14,324,2179,2365
1773711572,26,24,26,160,27,282,28,576,29,597,30,55,31,0,32,0,33,9,34,0,35,0,36,500,24,90,23,1015,22,0,21,26,20,781,19,0,18,0,17,0,16,125,15,4,14,324,2179,2365
1773711573,26,24,26,160,27,282,28,576,29,597,30,55,31,0,32,0,33,9,34,0,35,0,36,500,24,90,23,1015,22,0,21,26,20,781,19,0,18,0,17,0,16,125,15,4,14,324,2179,2365
1773711574,29,25,29,10,30,55,31,0,32,0,33,0,34,0,35,0,36,0,37,0,38,700,39,50,25,20,24,90,23,15,22,0,21,219,20,781,19,0,18,0,17,0,16,125,15,748,815,1998
1773711575,29,25,29,10,30,55,31,0,32,0,33,0,34,35,35,151,36,67,37,210,38,700,39,50,25,20,24,0,23,15,22,0,21,219,20,0,19,0,18,0,17,700,16,125,15,685,1278,1764
1773711576,29,25,29,10,30,55,31,0,32,0,33,0,34,102,35,200,36,40,37,210,38,500,39,50,25,20,24,40,23,1015,22,0,21,219,20,0,19,0,18,0,17,700,16,125,15,685,1167,2804
1773711577,29,25,29,10,30,55,31,0,32,100,33,0,34,69,35,200,36,40,37,210,38,500,39,50,25,20,24,40,23,1015,22,0,21,219,20,0,19,0,18,0,17,700,16,125,15,685,1234,2804
1773711578,28,25,28,10,29,5,30,50,31,0,32,67,33,40,34,35,35,0,36,0,37,410,38,500,25,20,24,0,23,1015,22,40,21,219,20,0,19,0,18,0,17,700,16,686,15,699,1117,3379
1773711579,31,25,31,5,32,67,33,40,34,0,35,0,36,0,37,0,38,0,39,0,40,4478,41,3,25,20,24,0,23,1015,22,140,21,369,20,0,19,0,18,0,17,500,16,868,15,629,4593,3541
1773711580,31,25,31,15,32,67,33,0,34,0,35,0,36,0,37,151,38,200,39,331,40,4478,41,62,25,20,24,40,23,15,22,100,21,169,20,0,19,0,18,0,17,500,16,725,15,629,5304,2198
1773711581,31,25,31,15,32,67,33,0,34,0,35,0,36,34,37,151,38,200,39,371,40,4522,41,0,25,60,24,100,23,15,22,0,21,169,20,0,19,200,18,528,17,0,16,686,15,629,5360,2387
1773711582,31,25,31,15,32,67,33,0,34,0,35,0,36,0,37,151,38,200,39,371,40,4501,41,0,25,60,24,100,23,1015,22,0,21,169,20,0,19,200,18,500,17,35,16,686,15,629,5305,3394
1773711583,31,25,31,15,32,67,33,0,34,0,35,0,36,40,37,0,38,0,39,531,40,4497,41,0,25,20,24,100,23,1015,22,0,21,169,20,0,19,0,18,0,17,0,16,686,15,724,5150,2714
1773711584,31,25,31,186,32,67,33,0,34,0,35,0,36,40,37,0,38,69,39,531,40,4478,41,159,25,20,24,100,23,1015,22,40,21,169,20,0,19,0,18,0,17,0,16,686,15,724,5530,2754
1773711585,30,25,30,12,31,151,32,67,33,0,34,0,35,0,36,40,37,0,38,269,39,331,40,4501,25,20,24,0,23,15,22,140,21,169,20,0,19,0,18,0,17,700,16,739,15,629,5371,2412
1773711586,31,25,31,22,32,67,33,0,34,0,35,0,36,351,37,40,38,0,39,331,40,4515,41,0,25,20,24,40,23,115,22,0,21,169,20,0,19,200,18,0,17,500,16,707,15,629,5326,2380
1773711587,31,25,31,37,32,67,33,0,34,200,35,35,36,0,37,40,38,0,39,215,40,4478,41,0,25,20,24,140,23,15,22,0,21,169,20,0,19,0,18,0,17,700,16,686,15,720,5072,2450
1773711588,31,25,31,37,32,67,33,200,34,0,35,40,36,0,37,0,38,9,39,262,40,4478,41,0,25,60,24,100,23,1015,22,0,21,169,20,0,19,0,18,0,17,0,16,805,15,629,5093,2778
1773711589,31,25,31,27,32,137,33,0,34,0,35,0,36,0,37,0,38,9,39,462,40,4478,41,0,25,10,24,100,23,1015,22,0,21,169,20,0,19,0,18,0,17,0,16,728,15,629,5113,2651
1773711590,31,25,31,37,32,67,33,0,34,0,35,0,36,0,37,37,38,151,39,462,40,4478,41,0,25,50,24,100,23,1015,22,0,21,169,20,0,19,0,18,0,17,700,16,686,15,713,5232,3433
1773711591,31,25,31,37,32,67,33,0,34,0,35,151,36,200,37,9,38,40,39,262,40,4478,41,0,25,50,24,0,23,1015,22,100,21,169,20,0,19,0,18,700,17,35,16,686,15,629,5244,3384
1773711592,31,25,31,188,32,67,33,0,34,0,35,0,36,200,37,49,38,0,39,262,40,4478,41,0,25,10,24,40,23,15,22,150,21,169,20,0,19,0,18,200,17,431,16,686,15,713,5244,2414
1773711593,31,25,31,37,32,67,33,0,34,240,35,0,36,0,37,9,38,0,39,262,40,4478,41,0,25,25,24,140,23,0,22,0,21,169,20,0,19,0,18,700,17,431,16,798,15,629,5093,2892
1773711594,31,25,31,178,32,67,33,99,34,240,35,0,36,0,37,9,38,0,39,262,40,4478,41,0,25,25,24,140,23,1000,22,0,21,169,20,0,19,0,18,200,17,431,16,903,15,629,5333,3497
1773711595,31,25,31,178,32,67,33,0,34,0,35,0,36,200,37,9,38,0,39,262,40,4478,41,0,25,25,24,140,23,1142,22,200,21,26,20,0,19,7,18,500,17,431,16,686,15,629,5194,3786
1773711596,31,25,31,37,32,67,33,0,34,0,35,0,36,0,37,160,38,200,39,262,40,4478,41,0,25,25,24,140,23,1142,22,0,21,26,20,0,19,0,18,0,17,431,16,370,15,4,5204,2138
1773711597,28,25,28,25,29,163,30,100,31,0,32,267,33,0,34,0,35,110,36,44,37,28,38,296,25,10,24,50,23,1142,22,15,21,226,20,0,19,0,18,540,17,473,16,125,15,4,1033,2585
1773711598,27,25,27,12,28,15,29,161,30,100,31,119,32,0,33,0,34,200,35,89,36,0,37,0,25,10,24,50,23,142,22,15,21,226,20,0,19,500,18,40,17,473,16,125,15,4,696,1585
1773711599,27,25,27,12,28,166,29,75,30,100,31,0,32,0,33,0,34,200,35,89,36,0,37,0,25,10,24,50,23,142,22,15,21,26,20,0,19,0,18,0,17,501,16,125,15,4,642,873
1773711600,27,25,27,22,28,166,29,105,30,100,31,0,32,0,33,0,34,200,35,89,36,0,37,0,25,50,24,50,23,1142,22,15,21,226,20,0,19,0,18,500,17,501,16,125,15,4,682,2613
1773711601,27,25,27,12,28,25,29,65,30,100,31,0,32,200,33,0,34,0,35,89,36,0,37,0,25,50,24,50,23,1142,22,15,21,226,20,0,19,0,18,500,17,473,16,125,15,4,491,2585
1773711602,27,25,27,22,28,151,29,65,30,100,31,200,32,39,33,0,34,0,35,89,36,0,37,0,25,10,24,50,23,1142,22,15,21,226,20,0,19,0,18,500,17,473,16,125,15,4,666,2545
1773711603,27,25,27,22,28,151,29,65,30,100,31,0,32,0,33,40,34,200,35,89,36,0,37,165,25,50,24,50,23,1142,22,15,21,226,20,0,19,0,18,500,17,473,16,125,15,4,832,2585
1773711604,27,25,27,22,28,151,29,65,30,100,31,74,32,200,33,40,34,0,35,89,36,0,37,92,25,40,24,50,23,142,22,15,21,226,20,0,19,0,18,500,17,473,16,125,15,4,833,1575
1773711605,27,24,27,32,28,0,29,65,30,100,31,0,32,0,33,0,34,200,35,104,36,0,37,92,24,50,23,142,22,15,21,26,20,0,19,0,18,0,17,473,16,125,15,4,14,0,593,835
1773711606,26,24,26,10,27,22,28,151,29,65,30,100,31,0,32,0,33,0,34,200,35,104,36,0,24,40,23,1142,22,65,21,226,20,0,19,0,18,500,17,473,16,125,15,4,14,0,652,2575
1773711607,26,24,26,10,27,22,28,151,29,65,30,100,31,275,32,0,33,40,34,0,35,104,36,0,24,40,23,1142,22,65,21,226,20,0,19,0,18,500,17,501,16,125,15,4,14,0,767,2603
1773711608,26,23,26,10,27,22,28,151,29,65,30,100,31,0,32,200,33,40,34,0,35,104,36,0,23,1149,22,65,21,226,20,0,19,0,18,795,17,473,16,125,15,4,14,0,13,590,692,3427
1773711609,26,23,26,10,27,22,28,151,29,65,30,100,31,0,32,0,33,0,34,200,35,104,36,0,23,1149,22,65,21,226,20,0,19,0,18,795,17,473,16,125,15,4,14,0,13,590,652,3427
1773711610,26,23,26,10,27,22,28,216,29,0,30,300,31,0,32,0,33,0,34,0,35,104,36,0,23,149,22,65,21,226,20,0,19,500,18,295,17,473,16,125,15,4,14,0,13,590,652,2427
1773711611,26,23,26,10,27,22,28,216,29,145,30,300,31,0,32,0,33,0,34,0,35,104,36,0,23,149,22,65,21,226,20,0,19,500,18,295,17,501,16,125,15,4,14,0,13,590,797,2455
1773711612,25,23,25,12,26,10,27,191,28,65,29,146,30,300,31,0,32,0,33,0,34,0,35,244,23,1007,22,65,21,168,20,0,19,0,18,295,17,431,16,125,15,4,14,385,13,590,968,3070
1773711613,25,24,25,32,26,0,27,40,28,65,29,3,30,100,31,0,32,215,33,76,34,0,35,95,24,15,23,1007,22,100,21,168,20,0,19,0,18,295,17,500,16,125,15,85,14,0,626,2295
1773711614,25,24,25,22,26,10,27,0,28,65,29,0,30,76,31,0,32,15,33,0,34,23,35,0,24,15,23,1000,22,107,21,168,20,0,19,200,18,295,17,500,16,125,15,159,14,0,211,2569
1773711615,25,24,25,22,26,0,27,10,28,65,29,0,30,0,31,0,32,57,33,50,34,9,35,247,24,15,23,1040,22,107,21,168,20,0,19,200,18,295,17,0,16,125,15,4,14,405,460,2359
1773711616,25,24,25,22,26,0,27,10,28,65,29,0,30,0,31,50,32,15,33,0,34,118,35,0,24,15,23,40,22,107,21,168,20,0,19,200,18,295,17,0,16,125,15,59,14,0,280,1009
1773711617,25,24,25,22,26,0,27,10,28,65,29,0,30,0,31,0,32,15,33,0,34,9,35,50,24,55,23,0,22,107,21,168,20,0,19,200,18,295,17,500,16,125,15,59,14,0,171,1509
1773711618,25,24,25,22,26,0,27,10,28,65,29,0,30,0,31,0,32,65,33,0,34,9,35,0,24,15,23,1000,22,107,21,168,20,0,19,0,18,295,17,0,16,125,15,544,14,455,171,2709
1773711619,25,24,25,22,26,0,27,10,28,65,29,0,30,0,31,0,32,0,33,100,34,49,35,15,24,55,23,1000,22,107,21,168,20,0,19,200,18,295,17,500,16,693,15,544,14,420,261,3982
1773711620,25,24,25,22,26,0,27,10,28,65,29,0,30,0,31,0,32,0,33,151,34,49,35,15,24,55,23,1000,22,107,21,168,20,0,19,0,18,295,17,0,16,693,15,544,14,483,312,3345
1773711621,25,24,25,22,26,0,27,10,28,65,29,0,30,0,31,0,32,50,33,0,34,9,35,15,24,15,23,1000,22,107,21,168,20,0,19,0,18,295,17,500,16,693,15,544,14,448,171,3770
1773711622,25,24,25,22,26,0,27,10,28,65,29,0,30,0,31,44,32,0,33,0,34,9,35,15,24,55,23,0,22,107,21,168,20,0,19,200,18,295,17,500,16,693,15,544,14,413,165,2975
1773711623,26,24,26,12,27,10,28,65,29,0,30,0,31,0,32,200,33,151,34,9,35,79,36,50,24,55,23,0,22,100,21,168,20,0,19,0,18,295,17,0,16,693,15,544,14,448,576,2303
1773711624,26,24,26,22,27,10,28,65,29,0,30,0,31,0,32,0,33,0,34,9,35,0,36,290,24,15,23,1000,22,100,21,168,20,0,19,0,18,295,17,0,16,693,15,544,14,452,396,3267
1773711625,26,24,26,22,27,10,28,65,29,0,30,0,31,0,32,201,33,40,34,9,35,0,36,79,24,15,23,1040,22,100,21,168,20,0,19,0,18,295,17,0,16,693,15,544,14,417,426,3272
1773711626,26,24,26,22,27,10,28,65,29,0,30,0,31,40,32,0,33,0,34,54,35,0,36,84,24,55,23,1000,22,100,21,168,20,0,19,200,18,295,17,0,16,693,15,544,14,312,275,3367
1773711627,26,24,26,22,27,10,28,65,29,0,30,0,31,0,32,0,33,45,34,59,35,0,36,0,24,15,23,1000,22,100,21,168,20,0,19,200,18,295,17,500,16,693,15,544,14,452,201,3967
1773711628,26,24,26,22,27,10,28,65,29,0,30,0,31,0,32,0,33,0,34,49,35,0,36,151,24,15,23,0,22,100,21,168,20,0,19,0,18,295,17,500,16,693,15,544,14,678,297,2993
1773711629,26,24,26,22,27,10,28,65,29,0,30,0,31,0,32,50,33,0,34,9,35,0,36,151,24,15,23,1000,22,190,21,168,20,0,19,0,18,295,17,0,16,693,15,544,14,643,307,3548
1773711630,26,24,26,22,27,0,28,0,29,0,30,0,31,0,32,0,33,200,34,19,35,65,36,50,24,15,23,1000,22,100,21,168,20,0,19,0,18,0,17,859,16,693,15,544,14,678,356,4057
1773711631,26,24,26,22,27,0,28,0,29,151,30,50,31,0,32,280,33,0,34,9,35,105,36,0,24,15,23,1000,22,140,21,168,20,0,19,0,18,200,17,659,16,693,15,544,14,678,617,4097
1773711632,26,24,26,32,27,50,28,0,29,0,30,0,31,0,32,0,33,0,34,9,35,265,36,121,24,15,23,1000,22,100,21,168,20,0,19,0,18,200,17,659,16,693,15,544,14,678,477,4057
1773711633,26,24,26,22,27,0,28,60,29,151,30,0,31,0,32,0,33,0,34,9,35,65,36,40,24,15,23,1000,22,100,21,168,20,0,19,0,18,200,17,659,16,693,15,544,14,678,347,4057
1773711634,29,24,29,52,30,0,31,13,32,10,33,0,34,9,35,65,36,0,37,106,38,235,39,199,24,15,23,0,22,100,21,168,20,0,19,0,18,200,17,159,16,693,15,544,14,643,689,2522
1773711635,28,24,28,12,29,13,30,10,31,50,32,0,33,0,34,59,35,146,36,0,37,200,38,35,24,15,23,1000,22,140,21,168,20,0,19,0,18,0,17,159,16,693,15,544,14,678,525,3397
1773711636,28,24,28,22,29,13,30,0,31,0,32,10,33,151,34,49,35,146,36,250,37,0,38,35,24,15,23,1000,22,100,21,168,20,0,19,0,18,0,17,159,16,693,15,544,14,678,676,3357
1773711637,28,24,28,22,29,13,30,0,31,0,32,0,33,50,34,23,35,265,36,0,37,0,38,35,24,15,23,1000,22,100,21,168,20,0,19,0,18,0,17,159,16,693,15,544,14,643,408,3322
1773711638,28,24,28,22,29,13,30,0,31,0,32,0,33,161,34,23,35,65,36,132,37,200,38,35,24,15,23,1000,22,100,21,168,20,0,19,0,18,200,17,659,16,693,15,544,14,678,651,4057
1773711639,28,24,28,22,29,13,30,90,31,151,32,25,33,0,34,23,35,65,36,0,37,200,38,35,24,15,23,1030,22,140,21,168,20,0,19,0,18,200,17,659,16,693,15,544,14,678,624,4127
1773711640,28,24,28,22,29,13,30,40,31,0,32,25,33,151,34,23,35,65,36,50,37,200,38,35,24,15,23,30,22,100,21,168,20,0,19,0,18,200,17,659,16,693,15,544,14,678,624,3087
1773711641,28,24,28,22,29,13,30,0,31,65,32,15,33,10,34,63,35,0,36,50,37,200,38,35,24,15,23,1030,22,50,21,168,20,0,19,0,18,0,17,159,16,693,15,544,14,642,473,3301
1773711642,28,24,28,22,29,13,30,0,31,65,32,15,33,0,34,63,35,0,36,50,37,200,38,35,24,15,23,1070,22,50,21,168,20,0,19,0,18,200,17,659,16,693,15,544,14,678,463,4077
1773711643,28,24,28,22,29,13,30,0,31,65,32,50,33,0,34,23,35,0,36,0,37,200,38,35,24,15,23,1070,22,50,21,168,20,0,19,200,18,489,17,659,16,125,15,544,14,678,408,3998
1773711644,28,24,28,22,29,13,30,0,31,65,32,0,33,0,34,23,35,0,36,184,37,200,38,35,24,15,23,1030,22,50,21,168,20,0,19,0,18,489,17,159,16,667,15,544,14,635,542,3757
1773711645,28,24,28,22,29,13,30,151,31,65,32,0,33,0,34,123,35,0,36,0,37,200,38,35,24,15,23,1030,22,50,21,168,20,0,19,200,18,489,17,159,16,667,15,4,14,713,609,3495
1773711646,28,24,28,12,29,13,30,151,31,65,32,0,33,0,34,209,35,0,36,50,37,0,38,35,24,15,23,30,22,50,21,168,20,0,19,200,18,489,17,159,16,667,15,4,14,678,535,2460
1773711647,28,24,28,22,29,13,30,0,31,65,32,0,33,0,34,9,35,0,36,251,37,200,38,35,24,15,23,1030,22,90,21,168,20,0,19,0,18,489,17,159,16,667,15,4,14,678,595,3300
1773711648,28,23,28,12,29,23,30,0,31,65,32,0,33,0,34,9,35,115,36,200,37,40,38,35,23,1045,22,90,21,168,20,0,19,0,18,489,17,159,16,667,15,4,14,635,13,0,499,3257
1773711649,28,23,28,12,29,13,30,151,31,65,32,0,33,0,34,34,35,115,36,200,37,40,38,94,23,1045,22,90,21,168,20,0,19,200,18,489,17,159,16,667,15,4,14,608,13,0,724,3430
1773711650,27,23,27,100,28,22,29,13,30,0,31,65,32,0,33,0,34,9,35,15,36,0,37,0,23,45,22,50,21,168,20,0,19,200,18,489,17,159,16,667,15,4,14,242,13,0,224,2024
1773711651,26,23,26,12,27,0,28,0,29,13,30,0,31,65,32,100,33,0,34,209,35,15,36,0,23,45,22,100,21,168,20,0,19,200,18,489,17,159,16,667,15,467,14,0,13,0,414,2295
1773711652,28,23,28,77,29,13,30,0,31,151,32,200,33,200,34,9,35,0,36,0,37,0,38,35,23,45,22,190,21,168,20,0,19,200,18,489,17,0,16,667,15,502,14,0,13,0,685,2261
1773711653,27,23,27,10,28,77,29,99,30,0,31,0,32,0,33,200,34,209,35,0,36,40,37,0,23,1045,22,190,21,168,20,0,19,0,18,489,17,0,16,667,15,502,14,0,13,0,635,3061
1773711654,27,23,27,20,28,77,29,13,30,0,31,200,32,0,33,92,34,209,35,0,36,40,37,0,23,1045,22,90,21,168,20,0,19,0,18,489,17,0,16,667,15,467,14,0,13,0,651,2926
1773711655,27,23,27,20,28,77,29,13,30,0,31,0,32,200,33,200,34,9,35,0,36,0,37,500,23,1045,22,50,21,368,20,0,19,0,18,489,17,0,16,667,15,537,14,0,13,0,1019,3156
1773711656,26,23,26,10,27,161,28,77,29,13,30,200,31,200,32,0,33,0,34,9,35,0,36,297,23,1045,22,50,21,368,20,0,19,0,18,489,17,0,16,667,15,502,14,0,13,0,967,3121
1773711657,26,23,26,12,27,20,28,65,29,13,30,200,31,0,32,0,33,200,34,9,35,0,36,0,23,1045,22,90,21,368,20,0,19,0,18,489,17,0,16,667,15,502,14,0,13,0,519,3161
1773711658,26,23,26,22,27,10,28,65,29,13,30,0,31,87,32,0,33,200,34,9,35,0,36,0,23,45,22,90,21,368,20,0,19,0,18,489,17,0,16,667,15,502,14,0,13,0,406,2161
1773711659,26,23,26,22,27,10,28,265,29,100,30,0,31,0,32,0,33,200,34,9,35,0,36,0,23,1045,22,50,21,168,20,0,19,0,18,489,17,0,16,667,15,502,14,0,13,0,606,2921
1773711660,26,23,26,22,27,10,28,65,29,13,30,0,31,0,32,200,33,200,34,9,35,0,36,0,23,1045,22,50,21,168,20,0,19,0,18,489,17,0,16,667,15,502,14,0,13,0,519,2921
1773711661,26,23,26,22,27,10,28,65,29,13,30,0,31,200,32,200,33,0,34,9,35,0,36,0,23,1045,22,50,21,168,20,0,19,0,18,489,17,0,16,667,15,502,14,0,13,0,519,2921
1773711662,26,23,26,222,27,161,28,65,29,13,30,0,31,0,32,0,33,200,34,9,35,0,36,0,23,1045,22,90,21,368,20,0,19,0,18,489,17,0,16,667,15,502,14,0,13,0,670,3161
1773711663,26,23,26,32,27,151,28,65,29,13,30,200,31,200,32,88,33,0,34,9,35,0,36,0,23,1045,22,90,21,368,20,0,19,0,18,489,17,0,16,667,15,502,14,0,13,0,758,3161
1773711664,26,23,26,22,27,10,28,65,29,13,30,200,31,0,32,0,33,200,34,9,35,0,36,0,23,45,22,150,21,368,20,0,19,0,18,489,17,0,16,667,15,502,14,0,13,0,519,2221
1773711665,26,23,26,22,27,10,28,65,29,53,30,200,31,0,32,0,33,200,34,9,35,0,36,0,23,1045,22,150,21,168,20,0,19,0,18,489,17,0,16,667,15,467,14,0,13,0,559,2986
1773711666,26,23,26,32,27,151,28,265,29,342,30,0,31,0,32,0,33,0,34,9,35,0,36,0,23,1085,22,150,21,168,20,0,19,0,18,0,17,0,16,667,15,502,14,0,13,444,799,3016
1773711667,26,23,26,22,27,161,28,65,29,13,30,200,31,0,32,0,33,200,34,9,35,0,36,0,23,1085,22,250,21,168,20,0,19,0,18,0,17,0,16,667,15,474,14,0,13,444,670,3088
1773711668,27,23,27,22,28,65,29,13,30,200,31,0,32,0,33,0,34,209,35,0,36,0,37,0,23,1085,22,350,21,168,20,0,19,0,18,500,17,932,16,619,15,4,14,0,13,444,509,4102
1773711669,27,23,27,22,28,65,29,13,30,0,31,200,32,90,33,200,34,23,35,0,36,40,37,500,23,235,22,200,21,168,20,0,19,0,18,500,17,932,16,619,15,4,14,0,13,444,1153,3102
1773711670,27,23,27,32,28,65,29,13,30,0,31,200,32,90,33,200,34,23,35,0,36,40,37,0,23,280,22,200,21,168,20,0,19,0,18,500,17,960,16,619,15,4,14,0,13,444,663,3175
1773711671,27,23,27,32,28,65,29,13,30,0,31,215,32,90,33,200,34,23,35,0,36,0,37,235,23,235,22,200,21,168,20,0,19,0,18,500,17,932,16,619,15,4,14,0,13,444,873,3102
1773711672,27,23,27,5,28,65,29,13,30,0,31,215,32,90,33,200,34,23,35,0,36,0,37,235,23,1235,22,200,21,168,20,0,19,0,18,500,17,932,16,619,15,4,14,0,13,444,846,4102
1773711673,27,23,27,15,28,65,29,13,30,0,31,215,32,90,33,200,34,23,35,0,36,0,37,235,23,1235,22,200,21,168,20,0,19,0,18,500,17,932,16,619,15,4,14,0,13,444,856,4102
1773711674,27,23,27,15,28,65,29,213,30,142,31,215,32,0,33,0,34,23,35,0,36,0,37,235,23,1295,22,200,21,168,20,0,19,0,18,500,17,932,16,619,15,4,14,0,13,444,908,4162
1773711675,27,23,27,15,28,65,29,13,30,40,31,15,32,0,33,0,34,223,35,200,36,0,37,235,23,1295,22,200,21,168,20,0,19,500,18,310,17,946,16,619,15,4,14,0,13,444,806,4486
1773711676,27,24,27,15,28,65,29,13,30,0,31,91,32,200,33,200,34,23,35,0,36,0,37,235,24,28,23,235,22,200,21,168,20,0,19,500,18,310,17,932,16,619,15,4,14,0,842,2996
1773711677,27,24,27,15,28,65,29,13,30,200,31,91,32,200,33,0,34,23,35,0,36,0,37,235,24,28,23,1235,22,200,21,168,20,0,19,500,18,310,17,932,16,619,15,4,14,0,842,3996
1773711678,26,24,26,5,27,10,28,65,29,245,30,0,31,0,32,0,33,200,34,209,35,0,36,0,24,28,23,1235,22,200,21,168,20,0,19,500,18,310,17,932,16,619,15,4,14,0,734,3996
1773711679,25,24,25,11,26,5,27,10,28,65,29,13,30,0,31,430,32,92,33,0,34,9,35,0,24,28,23,1509,22,200,21,168,20,0,19,1271,18,310,17,932,16,619,15,4,14,0,635,5041
1773711680,26,24,26,11,27,10,28,65,29,28,30,492,31,0,32,0,33,0,34,500,35,159,36,0,24,28,23,1509,22,200,21,168,20,0,19,1271,18,310,17,932,16,619,15,4,14,0,1265,5041
1773711681,25,24,25,5,26,11,27,10,28,65,29,28,30,0,31,200,32,200,33,500,34,64,35,398,24,28,23,359,22,350,21,168,20,500,19,771,18,310,17,932,16,619,15,4,14,0,1481,4041
1773711682,25,24,25,5,26,11,27,10,28,65,29,28,30,200,31,200,32,0,33,500,34,64,35,398,24,28,23,359,22,350,21,168,20,500,19,771,18,310,17,932,16,619,15,4,14,0,1481,4041
1773711683,25,24,25,5,26,11,27,10,28,65,29,228,30,200,31,93,32,0,33,0,34,500,35,398,24,28,23,1359,22,350,21,168,20,500,19,771,18,310,17,932,16,619,15,4,14,0,1510,5041
1773711684,25,24,25,5,26,11,27,10,28,65,29,228,30,0,31,0,32,200,33,856,34,0,35,159,24,28,23,1359,22,350,21,168,20,500,19,771,18,310,17,932,16,619,15,4,14,0,1534,5041
1773711685,25,24,25,5,26,11,27,10,28,65,29,13,30,0,31,215,32,503,33,500,34,0,35,159,24,28,23,1359,22,350,21,168,20,500,19,771,18,310,17,932,16,619,15,4,14,0,1481,5041
1773711686,25,24,25,5,26,11,27,210,28,168,29,13,30,200,31,15,32,40,33,0,34,500,35,159,24,28,23,1359,22,350,21,168,20,500,19,771,18,310,17,932,16,619,15,4,14,0,1321,5041
1773711687,25,24,25,5,26,11,27,10,28,265,29,213,30,0,31,15,32,0,33,0,34,500,35,159,24,28,23,1359,22,350,21,168,20,500,19,771,18,310,17,932,16,619,15,4,14,0,1178,5041
1773711688,25,24,25,5,26,11,27,10,28,265,29,213,30,0,31,15,32,0,33,500,34,164,35,299,24,28,23,359,22,350,21,168,20,500,19,771,18,310,17,932,16,619,15,4,14,0,1482,4041
1773711689,25,24,25,5,26,11,27,10,28,265,29,213,30,0,31,0,32,0,33,500,34,179,35,289,24,28,23,1085,22,350,21,168,20,500,19,0,18,310,17,932,16,619,15,4,14,0,1472,3996
1773711690,26,24,26,11,27,10,28,265,29,108,30,0,31,0,32,0,33,200,34,24,35,0,36,0,24,28,23,1085,22,350,21,168,20,0,19,500,18,310,17,932,16,619,15,4,14,0,618,3996
1773711691,26,24,26,21,27,40,28,65,29,13,30,0,31,95,32,200,33,200,34,24,35,0,36,0,24,28,23,1085,22,350,21,168,20,0,19,500,18,310,17,932,16,619,15,4,14,0,658,3996
1773711692,26,24,26,16,27,50,28,65,29,13,30,95,31,0,32,200,33,200,34,24,35,0,36,0,24,28,23,1085,22,350,21,168,20,0,19,500,18,310,17,932,16,619,15,4,14,0,663,3996
1773711693,26,24,26,16,27,10,28,65,29,13,30,0,31,200,32,0,33,200,34,24,35,0,36,0,24,28,23,85,22,350,21,168,20,0,19,500,18,310,17,932,16,619,15,4,14,0,528,2996
1773711694,26,24,26,16,27,10,28,65,29,13,30,0,31,0,32,200,33,200,34,9,35,0,36,0,24,35,23,85,22,350,21,168,20,0,19,500,18,310,17,932,16,619,15,4,14,0,513,3003
1773711695,26,24,26,11,27,10,28,65,29,13,30,350,31,40,32,0,33,0,34,0,35,149,36,0,24,35,23,1085,22,300,21,168,20,0,19,500,18,310,17,937,16,619,15,4,14,0,638,3958
1773711696,26,24,26,5,27,16,28,215,29,214,30,0,31,240,32,0,33,0,34,0,35,114,36,0,24,35,23,1085,22,300,21,168,20,0,19,500,18,310,17,370,16,125,15,4,14,0,804,2897
1773711697,26,24,26,5,27,16,28,65,29,13,30,0,31,0,32,350,33,71,34,0,35,114,36,0,24,35,23,1085,22,300,21,168,20,0,19,500,18,310,17,370,16,125,15,4,14,0,634,2897
1773711698,26,24,26,5,27,16,28,65,29,13,30,0,31,97,32,350,33,0,34,9,35,0,36,0,24,35,23,1085,22,300,21,168,20,0,19,500,18,310,17,370,16,125,15,287,14,0,555,3180
1773711699,26,24,26,5,27,16,28,65,29,13,30,150,31,242,32,0,33,0,34,209,35,0,36,0,24,35,23,85,22,300,21,168,20,0,19,500,18,310,17,370,16,125,15,287,14,0,700,2180
1773711700,26,24,26,6,27,10,28,65,29,163,30,325,31,40,32,0,33,0,34,0,35,128,36,0,24,35,23,85,22,300,21,168,20,0,19,500,18,310,17,370,16,125,15,287,14,0,737,2180
1773711701,25,24,25,5,26,6,27,10,28,65,29,13,30,0,31,0,32,0,33,200,34,23,35,0,24,35,23,1085,22,300,21,168,20,0,19,500,18,310,17,370,16,125,15,287,14,0,322,3180
1773711702,25,24,25,5,26,6,27,10,28,65,29,13,30,0,31,0,32,150,33,200,34,23,35,0,24,35,23,1085,22,300,21,168,20,0,19,500,18,310,17,370,16,125,15,287,14,0,472,3180
1773711703,25,24,25,5,26,166,27,0,28,65,29,13,30,0,31,0,32,0,33,200,34,23,35,0,24,35,23,1085,22,300,21,168,20,0,19,500,18,310,17,370,16,125,15,287,14,0,472,3180
1773711704,25,24,25,5,26,6,27,10,28,65,29,76,30,150,31,200,32,0,33,0,34,23,35,0,24,28,23,1085,22,300,21,168,20,0,19,500,18,310,17,365,16,125,15,287,14,0,535,3168
1773711705,25,24,25,5,26,6,27,10,28,65,29,76,30,150,31,200,32,0,33,0,34,23,35,0,24,28,23,85,22,300,21,168,20,0,19,500,18,310,17,365,16,125,15,287,14,0,535,2168
1773711706,25,24,25,5,26,6,27,10,28,65,29,13,30,150,31,264,32,0,33,0,34,23,35,0,24,28,23,85,22,300,21,168,20,0,19,500,18,310,17,365,16,125,15,287,14,0,536,2168
1773711707,25,24,25,5,26,6,27,10,28,65,29,13,30,150,31,200,32,0,33,0,34,23,35,0,24,28,23,1085,22,300,21,168,20,0,19,500,18,310,17,365,16,125,15,287,14,0,472,3168
1773711708,25,24,25,5,26,6,27,10,28,65,29,213,30,0,31,0,32,249,33,0,34,23,35,0,24,28,23,1085,22,300,21,168,20,0,19,500,18,310,17,365,16,125,15,287,14,0,571,3168
1773711709,25,24,25,5,26,16,27,150,28,108,29,213,30,0,31,0,32,0,33,0,34,23,35,0,24,28,23,1085,22,300,21,168,20,0,19,500,18,310,17,365,16,125,15,287,14,0,515,3168
1773711710,26,24,26,6,27,0,28,0,29,13,30,0,31,10,32,150,33,106,34,209,35,0,36,0,24,28,23,1085,22,300,21,168,20,0,19,500,18,0,17,365,16,125,15,287,14,0,494,2858
1773711711,28,24,28,6,29,13,30,66,31,0,32,5,33,390,34,9,35,0,36,0,37,0,38,50,24,28,23,185,22,200,21,168,20,0,19,0,18,500,17,365,16,125,15,287,14,0,539,1858
1773711712,28,24,28,11,29,13,30,0,31,150,32,156,33,0,34,9,35,0,36,0,37,200,38,149,24,28,23,185,22,200,21,168,20,0,19,0,18,500,17,365,16,125,15,287,14,0,688,1858
1773711713,26,24,26,10,27,156,28,156,29,79,30,0,31,0,32,0,33,40,34,9,35,35,36,0,24,28,23,185,22,1200,21,168,20,0,19,493,18,500,17,365,16,125,15,287,14,0,485,3351
1773711714,26,24,26,5,27,0,28,6,29,13,30,0,31,0,32,66,33,0,34,9,35,200,36,150,24,28,23,185,22,1000,21,168,20,0,19,493,18,0,17,365,16,125,15,287,14,0,449,2651
1773711715,26,24,26,5,27,0,28,6,29,13,30,0,31,161,32,132,33,0,34,12,35,200,36,150,24,28,23,185,22,1200,21,168,20,500,19,493,18,0,17,365,16,125,15,287,14,0,679,3351
1773711716,26,24,26,5,27,0,28,6,29,43,30,15,31,151,32,266,33,0,34,27,35,0,36,150,24,28,23,185,22,200,21,1168,20,500,19,493,18,0,17,365,16,125,15,287,14,0,663,3351
1773711717,26,24,26,5,27,0,28,16,29,13,30,15,31,0,32,166,33,200,34,21,35,0,36,0,24,28,23,85,22,300,21,168,20,500,19,493,18,0,17,365,16,125,15,287,14,0,436,2351
1773711718,25,24,25,6,26,5,27,10,28,151,29,13,30,15,31,0,32,166,33,209,34,0,35,0,24,28,23,85,22,300,21,168,20,500,19,493,18,0,17,365,16,125,15,287,14,0,575,2351
1773711719,25,24,25,5,26,16,27,68,28,0,29,13,30,115,31,151,32,90,33,34,34,200,35,0,24,28,23,85,22,300,21,1168,20,500,19,493,18,0,17,365,16,125,15,287,14,0,692,3351
1773711720,25,24,25,5,26,6,27,0,28,10,29,13,30,15,31,0,32,90,33,100,34,102,35,200,24,28,23,85,22,300,21,1168,20,500,19,493,18,0,17,365,16,125,15,287,14,0,541,3351
1773711721,25,24,25,5,26,6,27,15,28,0,29,23,30,151,31,100,32,90,33,0,34,0,35,0,24,28,23,85,22,300,21,1168,20,500,19,493,18,0,17,365,16,125,15,287,14,0,390,3351
1773711722,25,24,25,5,26,6,27,15,28,0,29,23,30,75,31,0,32,90,33,200,34,100,35,0,24,88,23,85,22,300,21,1168,20,500,19,493,18,0,17,393,16,125,15,287,14,0,514,3439
1773711723,25,24,25,5,26,6,27,15,28,100,29,13,30,0,31,0,32,290,33,0,34,0,35,0,24,88,23,85,22,300,21,168,20,500,19,493,18,0,17,393,16,125,15,287,14,0,429,2439
1773711724,25,24,25,5,26,6,27,15,28,0,29,23,30,0,31,26,32,90,33,0,34,0,35,0,24,28,23,85,22,300,21,168,20,500,19,493,18,0,17,393,16,125,15,287,14,0,165,2379
1773711725,27,24,27,6,28,10,29,0,30,0,31,0,32,66,33,9,34,300,35,0,36,40,37,0,24,23,23,85,22,300,21,1168,20,0,19,493,18,0,17,350,16,125,15,287,14,0,431,2831
1773711726,27,24,27,15,28,0,29,0,30,0,31,151,32,66,33,43,34,0,35,98,36,300,37,0,24,23,23,85,22,300,21,1168,20,500,19,493,18,0,17,350,16,125,15,287,14,0,673,3331
1773711727,27,24,27,115,28,0,29,0,30,0,31,10,32,66,33,9,34,151,35,304,36,0,37,0,24,23,23,85,22,1300,21,168,20,500,19,493,18,0,17,350,16,125,15,287,14,0,655,3331
1773711728,27,24,27,15,28,10,29,0,30,0,31,40,32,66,33,9,34,0,35,0,36,404,37,0,24,83,23,85,22,1300,21,168,20,500,19,493,18,0,17,378,16,125,15,287,14,0,544,3419
1773711729,27,24,27,15,28,0,29,10,30,0,31,0,32,166,33,209,34,40,35,0,36,0,37,0,24,90,23,85,22,300,21,168,20,500,19,493,18,0,17,383,16,125,15,287,14,0,440,2431
1773711730,27,25,27,45,28,0,29,0,30,71,31,0,32,66,33,9,34,0,35,200,36,100,37,0,25,15,24,30,23,70,22,300,21,168,20,500,19,493,18,0,17,355,16,125,15,287,491,2343
1773711731,26,25,26,6,27,103,28,3,29,45,30,15,31,10,32,61,33,5,34,0,35,200,36,40,25,15,24,30,23,70,22,1300,21,442,20,500,19,493,18,0,17,1108,16,125,15,287,488,4370
1773711732,26,25,26,6,27,110,28,108,29,200,30,15,31,500,32,61,33,5,34,0,35,0,36,500,25,15,24,30,23,70,22,1300,21,442,20,500,19,493,18,0,17,1108,16,125,15,287,1505,4370
1773711733,26,25,26,36,27,110,28,108,29,200,30,15,31,500,32,61,33,5,34,0,35,210,36,500,25,15,24,30,23,70,22,1300,21,442,20,500,19,493,18,0,17,1108,16,125,15,287,1745,4370
1773711734,26,25,26,36,27,110,28,108,29,200,30,15,31,0,32,500,33,5,34,0,35,210,36,500,25,15,24,30,23,70,22,1300,21,442,20,500,19,493,18,0,17,1108,16,125,15,287,1684,4370
1773711735,26,24,26,46,27,100,28,108,29,0,30,0,31,0,32,700,33,5,34,15,35,287,36,500,24,30,23,85,22,300,21,442,20,500,19,493,18,0,17,1108,16,125,15,287,14,0,1761,3370
1773711736,27,24,27,6,28,13,29,100,30,200,31,0,32,500,33,5,34,182,35,287,36,500,37,0,24,30,23,85,22,300,21,442,20,500,19,0,18,0,17,1108,16,699,15,4,14,0,1793,3168
1773711737,26,24,26,6,27,10,28,103,29,200,30,40,31,0,32,500,33,5,34,15,35,287,36,500,24,30,23,85,22,1300,21,442,20,500,19,0,18,544,17,1108,16,699,15,4,14,0,1666,4712
1773711738,27,24,27,46,28,13,29,351,30,0,31,600,32,0,33,5,34,15,35,287,36,500,37,0,24,23,23,85,22,1300,21,442,20,0,19,0,18,544,17,1103,16,699,15,4,14,0,1817,4200
1773711739,27,24,27,16,28,3,29,0,30,200,31,100,32,500,33,5,34,15,35,287,36,500,37,0,24,23,23,85,22,1300,21,442,20,0,19,0,18,544,17,1103,16,699,15,4,14,0,1626,4200
1773711740,25,24,25,6,26,40,27,100,28,3,29,269,30,5,31,40,32,500,33,5,34,15,35,287,24,23,23,85,22,1300,21,442,20,0,19,0,18,544,17,1103,16,699,15,4,14,0,1270,4200
1773711741,25,24,25,6,26,40,27,100,28,18,29,69,30,60,31,500,32,0,33,5,34,200,35,287,24,23,23,45,22,300,21,168,20,0,19,500,18,544,17,260,16,699,15,4,14,0,1285,2543
1773711742,27,24,27,36,28,33,29,69,30,155,31,500,32,0,33,5,34,0,35,487,36,0,37,0,24,23,23,85,22,300,21,168,20,0,19,500,18,544,17,238,16,699,15,4,14,0,1285,2561
1773711743,27,24,27,36,28,33,29,69,30,155,31,500,32,0,33,5,34,200,35,287,36,0,37,0,24,23,23,45,22,1300,21,168,20,0,19,500,18,544,17,238,16,699,15,4,14,0,1285,3521
1773711744,27,24,27,36,28,33,29,69,30,155,31,500,32,0,33,5,34,200,35,287,36,0,37,0,24,23,23,85,22,1300,21,168,20,0,19,500,18,544,17,238,16,699,15,4,14,0,1285,3561
1773711745,27,24,27,36,28,33,29,69,30,155,31,500,32,0,33,5,34,0,35,287,36,0,37,200,24,23,23,45,22,1300,21,168,20,0,19,500,18,544,17,238,16,699,15,4,14,0,1285,3521
1773711746,27,24,27,6,28,18,29,69,30,155,31,500,32,0,33,5,34,15,35,287,36,0,37,200,24,23,23,45,22,1300,21,168,20,0,19,500,18,544,17,238,16,699,15,4,14,0,1255,3521
1773711747,27,24,27,106,28,169,29,69,30,55,31,500,32,0,33,5,34,15,35,487,36,0,37,0,24,23,23,45,22,300,21,168,20,0,19,500,18,544,17,238,16,699,15,4,14,0,1406,2521
1773711748,27,24,27,6,28,13,29,69,30,155,31,500,32,0,33,5,34,215,35,287,36,0,37,0,24,23,23,45,22,300,21,168,20,0,19,500,18,544,17,238,16,699,15,4,14,0,1250,2521
1773711749,26,24,26,6,27,110,28,3,29,74,30,55,31,500,32,0,33,5,34,215,35,287,36,0,24,23,23,85,22,1300,21,168,20,0,19,500,18,544,17,238,16,699,15,4,14,0,1255,3561
1773711750,27,24,27,106,28,164,29,74,30,55,31,500,32,0,33,5,34,0,35,487,36,0,37,0,24,23,23,45,22,1300,21,168,20,0,19,500,18,544,17,238,16,699,15,4,14,0,1391,3521
1773711751,26,24,26,6,27,0,28,13,29,69,30,155,31,500,32,0,33,5,34,0,35,487,36,0,24,23,23,85,22,1300,21,168,20,0,19,500,18,544,17,238,16,699,15,4,14,0,1235,3561
1773711752,25,24,25,6,26,10,27,0,28,3,29,74,30,155,31,500,32,0,33,5,34,200,35,287,24,23,23,45,22,1300,21,168,20,0,19,500,18,544,17,238,16,699,15,4,14,0,1240,3521
1773711753,26,24,26,6,27,10,28,154,29,69,30,155,31,500,32,0,33,5,34,0,35,287,36,0,24,23,23,85,22,300,21,168,20,0,19,500,18,544,17,238,16,699,15,4,14,0,1186,2561
1773711754,27,24,27,6,28,13,29,69,30,155,31,500,32,0,33,5,34,0,35,487,36,0,37,0,24,23,23,45,22,300,21,168,20,0,19,500,18,544,17,238,16,699,15,4,14,0,1235,2521
1773711755,27,24,27,6,28,13,29,69,30,155,31,500,32,0,33,5,34,0,35,487,36,0,37,0,24,23,23,45,22,1300,21,168,20,0,19,500,18,544,17,238,16,699,15,4,14,0,1235,3521
1773711756,27,24,27,6,28,13,29,69,30,155,31,500,32,0,33,5,34,0,35,487,36,0,37,0,24,23,23,85,22,1300,21,168,20,0,19,500,18,544,17,238,16,699,15,4,14,0,1235,3561
1773711757,27,24,27,6,28,53,29,69,30,155,31,500,32,0,33,5,34,0,35,287,36,0,37,200,24,23,23,45,22,1300,21,168,20,0,19,500,18,544,17,238,16,699,15,4,14,0,1275,3521
1773711758,27,24,27,16,28,3,29,69,30,55,31,0,32,0,33,5,34,0,35,200,36,100,37,0,24,23,23,85,22,1300,21,168,20,0,19,500,18,544,17,238,16,699,15,4,14,0,448,3561
1773711759,27,24,27,6,28,13,29,69,30,55,31,0,32,0,33,5,34,0,35,0,36,300,37,0,24,23,23,45,22,300,21,168,20,0,19,500,18,544,17,238,16,125,15,4,14,0,448,1947
1773711760,27,24,27,6,28,13,29,69,30,55,31,0,32,0,33,5,34,40,35,0,36,100,37,200,24,23,23,45,22,300,21,168,20,0,19,0,18,500,17,238,16,125,15,4,14,0,488,1403
1773711761,27,24,27,6,28,13,29,69,30,55,31,0,32,0,33,5,34,0,35,0,36,300,37,0,24,23,23,85,22,1300,21,168,20,0,19,0,18,500,17,238,16,125,15,4,14,0,448,2443
1773711762,27,24,27,6,28,13,29,69,30,55,31,0,32,0,33,5,34,0,35,40,36,0,37,250,24,23,23,45,22,1250,21,168,20,0,19,0,18,500,17,238,16,125,15,4,14,0,438,2353
1773711763,27,24,27,6,28,13,29,69,30,55,31,0,32,0,33,5,34,0,35,40,36,50,37,0,24,23,23,85,22,1250,21,168,20,0,19,0,18,500,17,238,16,125,15,573,14,0,238,2962
1773711764,27,24,27,56,28,164,29,74,30,55,31,0,32,0,33,5,34,0,35,40,36,0,37,200,24,23,23,85,22,1250,21,168,20,0,19,0,18,500,17,238,16,455,15,573,14,0,594,3292
1773711765,27,24,27,56,28,164,29,5,30,55,31,0,32,200,33,5,34,0,35,40,36,0,37,500,24,23,23,45,22,250,21,168,20,0,19,0,18,500,17,238,16,455,15,573,14,0,1025,2252
1773711766,27,24,27,21,28,13,29,5,30,55,31,0,32,0,33,55,34,0,35,351,36,0,37,0,24,23,23,85,22,250,21,168,20,0,19,0,18,500,17,238,16,455,15,573,14,0,500,2292
1773711767,27,24,27,21,28,13,29,5,30,55,31,0,32,0,33,5,34,0,35,50,36,200,37,0,24,23,23,85,22,1250,21,168,20,0,19,0,18,500,17,238,16,455,15,573,14,0,349,3292
1773711768,27,24,27,21,28,13,29,5,30,55,31,0,32,0,33,5,34,0,35,0,36,50,37,200,24,23,23,45,22,1250,21,168,20,0,19,0,18,500,17,238,16,455,15,573,14,0,349,3252
1773711769,27,24,27,21,28,13,29,5,30,55,31,0,32,0,33,5,34,0,35,40,36,50,37,200,24,23,23,85,22,1250,21,168,20,0,19,0,18,500,17,238,16,455,15,573,14,0,389,3292
1773711770,27,24,27,6,28,13,29,5,30,55,31,0,32,0,33,5,34,0,35,40,36,0,37,0,24,23,23,45,22,201,21,1168,20,0,19,0,18,500,17,238,16,455,15,573,14,0,124,3203
1773711771,27,24,27,7,28,113,29,5,30,55,31,0,32,0,33,5,34,0,35,40,36,0,37,0,24,23,23,45,22,201,21,168,20,0,19,0,18,500,17,238,16,455,15,573,14,0,225,2203
1773711772,27,24,27,7,28,113,29,5,30,55,31,0,32,0,33,5,34,0,35,40,36,0,37,0,24,23,23,85,22,201,21,168,20,0,19,0,18,500,17,238,16,455,15,573,14,0,225,2243
1773711773,27,24,27,7,28,113,29,5,30,55,31,0,32,0,33,5,34,0,35,40,36,0,37,0,24,23,23,45,22,201,21,1168,20,0,19,0,18,500,17,238,16,455,15,573,14,0,225,3203
1773711774,26,24,26,10,27,7,28,108,29,0,30,55,31,0,32,0,33,5,34,0,35,40,36,0,24,23,23,85,22,201,21,1168,20,0,19,0,18,500,17,220,16,455,15,573,14,0,225,3225
1773711775,27,24,27,17,28,108,29,0,30,55,31,0,32,0,33,5,34,0,35,40,36,0,37,0,24,23,23,85,22,201,21,1168,20,0,19,0,18,500,17,220,16,455,15,573,14,0,225,3225
1773711776,27,24,27,17,28,108,29,0,30,55,31,0,32,0,33,5,34,0,35,40,36,0,37,0,24,23,23,45,22,201,21,1168,20,0,19,0,18,500,17,220,16,455,15,573,14,0,225,3185
1773711777,26,24,26,10,27,83,28,108,29,0,30,55,31,0,32,0,33,5,34,0,35,40,36,0,24,23,23,85,22,201,21,168,20,0,19,0,18,500,17,220,16,455,15,573,14,0,301,2225
1773711778,26,24,26,10,27,83,28,103,29,0,30,55,31,0,32,0,33,5,34,0,35,40,36,0,24,23,23,45,22,201,21,168,20,0,19,0,18,500,17,220,16,455,15,573,14,0,296,2185
1773711779,26,24,26,10,27,83,28,103,29,0,30,55,31,0,32,0,33,5,34,0,35,40,36,0,24,23,23,85,22,201,21,1168,20,0,19,0,18,500,17,220,16,455,15,573,14,0,296,3225
1773711780,26,24,26,10,27,83,28,103,29,0,30,55,31,0,32,0,33,5,34,0,35,40,36,0,24,23,23,45,22,201,21,1168,20,0,19,0,18,500,17,220,16,455,15,573,14,0,296,3185
1773711781,26,24,26,10,27,83,28,103,29,0,30,55,31,0,32,0,33,5,34,0,35,40,36,0,24,23,23,45,22,201,21,1168,20,0,19,0,18,500,17,220,16,455,15,573,14,0,296,3185
1773711782,26,24,26,10,27,83,28,103,29,0,30,55,31,0,32,0,33,5,34,0,35,40,36,0,24,23,23,45,22,201,21,1168,20,0,19,0,18,500,17,220,16,455,15,573,14,0,296,3185
1773711783,26,24,26,10,27,83,28,103,29,0,30,55,31,0,32,0,33,5,34,0,35,40,36,0,24,23,23,45,22,201,21,168,20,0,19,0,18,500,17,220,16,455,15,573,14,0,296,2185
1773711784,26,24,26,10,27,83,28,103,29,0,30,55,31,0,32,0,33,5,34,0,35,40,36,0,24,23,23,85,22,201,21,168,20,0,19,0,18,500,17,219,16,455,15,573,14,0,296,2224
1773711785,26,24,26,10,27,83,28,103,29,0,30,55,31,0,32,0,33,5,34,0,35,40,36,174,24,23,23,15,22,1,21,1168,20,0,19,0,18,609,17,129,16,455,15,4,14,0,470,2404
1773711786,26,24,26,10,27,83,28,103,29,0,30,55,31,0,32,0,33,5,34,0,35,40,36,174,24,23,23,0,22,16,21,1368,20,0,19,0,18,609,17,121,16,455,15,4,14,0,470,2596
1773711787,26,24,26,10,27,83,28,103,29,0,30,55,31,0,32,0,33,5,34,0,35,40,36,174,24,23,23,0,22,16,21,1368,20,0,19,40,18,609,17,121,16,455,15,4,14,0,470,2636
1773711788,26,24,26,10,27,83,28,103,29,0,30,55,31,0,32,0,33,5,34,0,35,40,36,174,24,23,23,0,22,16,21,1368,20,0,19,40,18,609,17,121,16,455,15,4,14,0,470,2636
1773711789,26,24,26,10,27,83,28,103,29,0,30,55,31,0,32,0,33,5,34,0,35,40,36,174,24,23,23,0,22,16,21,368,20,0,19,0,18,609,17,121,16,455,15,4,14,0,470,1596
1773711790,26,24,26,10,27,83,28,103,29,0,30,55,31,0,32,0,33,5,34,0,35,40,36,174,24,23,23,0,22,16,21,368,20,0,19,0,18,609,17,121,16,455,15,4,14,0,470,1596
1773711791,26,24,26,10,27,83,28,103,29,0,30,55,31,0,32,0,33,5,34,0,35,40,36,174,24,23,23,0,22,16,21,1368,20,0,19,0,18,609,17,121,16,455,15,4,14,0,470,2596
1773711792,26,24,26,10,27,83,28,103,29,0,30,55,31,0,32,0,33,5,34,0,35,40,36,174,24,23,23,0,22,16,21,1368,20,0,19,0,18,609,17,121,16,455,15,4,14,0,470,2596
1773711793,26,24,26,10,27,83,28,303,29,0,30,555,31,0,32,0,33,1501,34,0,35,40,36,174,24,22,23,0,22,16,21,1368,20,274,19,0,18,609,17,121,16,1199,15,4,14,0,2666,3613
1773711794,26,24,26,11,27,218,28,303,29,176,30,555,31,0,32,0,33,1501,34,0,35,40,36,500,24,22,23,0,22,16,21,1368,20,274,19,0,18,609,17,121,16,869,15,4,14,0,3304,3283
1773711795,26,24,26,11,27,218,28,303,29,176,30,555,31,0,32,40,33,1501,34,0,35,0,36,500,24,22,23,0,22,16,21,368,20,274,19,0,18,609,17,121,16,869,15,4,14,0,3304,2283
1773711796,25,24,25,6,26,186,27,212,28,303,29,176,30,555,31,0,32,40,33,1500,34,0,35,0,24,22,23,0,22,16,21,368,20,274,19,0,18,609,17,121,16,869,15,4,14,0,2978,2283
1773711797,25,24,25,6,26,186,27,212,28,303,29,176,30,555,31,0,32,0,33,1500,34,0,35,0,24,22,23,0,22,16,21,1368,20,274,19,0,18,609,17,121,16,869,15,4,14,0,2938,3283
1773711798,25,24,25,6,26,186,27,212,28,303,29,176,30,555,31,0,32,0,33,1500,34,0,35,0,24,22,23,0,22,16,21,1368,20,274,19,0,18,609,17,121,16,869,15,4,14,0,2938,3283
1773711799,25,24,25,6,26,186,27,212,28,303,29,176,30,555,31,0,32,0,33,1500,34,0,35,0,24,22,23,0,22,16,21,1368,20,274,19,0,18,609,17,121,16,869,15,4,14,0,2938,3283
1773711800,25,24,25,46,26,186,27,212,28,303,29,176,30,555,31,0,32,0,33,1500,34,0,35,0,24,22,23,0,22,16,21,1368,20,274,19,0,18,609,17,121,16,869,15,4,14,0,2978,3283
1773711801,25,24,25,46,26,186,27,212,28,303,29,176,30,555,31,0,32,0,33,1500,34,0,35,0,24,22,23,0,22,16,21,368,20,274,19,0,18,609,17,121,16,869,15,4,14,0,2978,2283
1773711802,25,24,25,6,26,186,27,212,28,303,29,176,30,555,31,0,32,0,33,1500,34,0,35,0,24,22,23,0,22,16,21,1368,20,274,19,0,18,609,17,121,16,869,15,4,14,0,2938,3283
1773711803,25,24,25,6,26,186,27,212,28,303,29,176,30,555,31,0,32,0,33,5,34,0,35,0,24,22,23,0,22,16,21,1368,20,0,19,0,18,609,17,121,16,125,15,4,14,0,1443,2265
1773711804,25,24,25,6,26,186,27,212,28,303,29,176,30,555,31,0,32,0,33,5,34,0,35,0,24,15,23,0,22,16,21,1368,20,0,19,0,18,609,17,121,16,125,15,4,14,0,1443,2258
1773711805,25,24,25,46,26,186,27,212,28,303,29,176,30,555,31,0,32,0,33,5,34,0,35,0,24,15,23,0,22,16,21,1168,20,0,19,200,18,609,17,8,16,125,15,4,14,0,1483,2145
1773711806,25,24,25,46,26,186,27,212,28,303,29,176,30,555,31,0,32,0,33,5,34,0,35,0,24,15,23,0,22,16,21,1168,20,0,19,200,18,609,17,8,16,125,15,4,14,0,1483,2145
1773711807,25,24,25,46,26,186,27,212,28,303,29,176,30,555,31,0,32,0,33,5,34,0,35,0,24,15,23,0,22,16,21,168,20,0,19,200,18,609,17,8,16,125,15,4,14,0,1483,1145
1773711808,25,24,25,6,26,258,27,212,28,303,29,176,30,555,31,0,32,0,33,5,34,0,35,0,24,15,23,0,22,16,21,168,20,0,19,0,18,200,17,508,16,125,15,599,14,0,1515,1631
1773711809,25,24,25,6,26,258,27,212,28,303,29,176,30,555,31,0,32,0,33,5,34,0,35,0,24,15,23,0,22,16,21,1168,20,0,19,0,18,200,17,508,16,731,15,599,14,0,1515,3237
1773711810,25,24,25,6,26,258,27,212,28,303,29,176,30,555,31,0,32,0,33,5,34,0,35,0,24,15,23,0,22,16,21,1168,20,0,19,0,18,200,17,508,16,731,15,599,14,0,1515,3237
1773711811,25,24,25,46,26,258,27,212,28,303,29,176,30,555,31,0,32,0,33,5,34,0,35,0,24,15,23,0,22,16,21,1168,20,0,19,0,18,200,17,508,16,731,15,599,14,0,1555,3237
1773711812,25,24,25,46,26,258,27,212,28,303,29,176,30,555,31,0,32,0,33,5,34,0,35,0,24,15,23,0,22,16,21,1168,20,0,19,0,18,200,17,508,16,731,15,599,14,0,1555,3237
1773711813,25,24,25,6,26,258,27,212,28,303,29,176,30,555,31,0,32,0,33,5,34,0,35,0,24,15,23,0,22,16,21,442,20,0,19,0,18,200,17,1261,16,731,15,599,14,0,1515,3264
1773711814,25,24,25,6,26,258,27,212,28,303,29,176,30,555,31,0,32,0,33,5,34,0,35,0,24,15,23,0,22,16,21,442,20,0,19,0,18,200,17,1261,16,731,15,599,14,0,1515,3264
1773711815,25,24,25,6,26,258,27,212,28,303,29,176,30,555,31,0,32,0,33,5,34,0,35,0,24,15,23,0,22,16,21,1442,20,0,19,0,18,200,17,1261,16,731,15,599,14,0,1515,4264
1773711816,25,24,25,46,26,258,27,212,28,303,29,176,30,555,31,0,32,0,33,5,34,0,35,0,24,15,23,0,22,16,21,1442,20,0,19,0,18,200,17,1261,16,731,15,599,14,0,1555,4264
1773711817,25,24,25,46,26,258,27,212,28,303,29,176,30,555,31,0,32,0,33,5,34,0,35,0,24,15,23,0,22,16,21,1442,20,0,19,0,18,200,17,1261,16,731,15,599,14,0,1555,4264
1773711818,25,24,25,6,26,258,27,212,28,303,29,176,30,555,31,0,32,0,33,33,34,0,35,0,24,15,23,0,22,16,21,1442,20,0,19,0,18,200,17,1261,16,731,15,599,14,0,1543,4264
1773711819,25,24,25,6,26,258,27,212,28,303,29,176,30,555,31,0,32,0,33,33,34,0,35,0,24,15,23,0,22,16,21,442,20,0,19,0,18,200,17,1261,16,731,15,599,14,0,1543,3264
1773711820,25,24,25,46,26,258,27,212,28,303,29,176,30,555,31,0,32,0,33,33,34,0,35,0,24,15,23,0,22,16,21,1442,20,0,19,0,18,200,17,1261,16,731,15,599,14,0,1583,4264
1773711821,25,24,25,46,26,258,27,212,28,303,29,176,30,555,31,0,32,0,33,33,34,0,35,0,24,15,23,0,22,16,21,1442,20,0,19,0,18,200,17,1261,16,731,15,599,14,0,1583,4264
1773711822,25,24,25,46,26,258,27,212,28,303,29,176,30,555,31,0,32,0,33,33,34,0,35,0,24,15,23,0,22,16,21,1442,20,0,19,0,18,200,17,1261,16,731,15,599,14,0,1583,4264
1773711823,25,24,25,6,26,258,27,212,28,303,29,176,30,555,31,0,32,0,33,33,34,0,35,0,24,15,23,0,22,16,21,1168,20,0,19,0,18,200,17,508,16,731,15,599,14,0,1543,3237
1773711824,25,24,25,6,26,258,27,212,28,303,29,176,30,555,31,0,32,0,33,33,34,0,35,0,24,15,23,0,22,16,21,1168,20,0,19,0,18,200,17,508,16,731,15,599,14,0,1543,3237
1773711825,25,24,25,6,26,258,27,212,28,303,29,176,30,555,31,0,32,0,33,33,34,0,35,0,24,15,23,0,22,16,21,168,20,0,19,0,18,200,17,508,16,731,15,599,14,0,1543,2237
1773711826,25,24,25,46,26,258,27,212,28,303,29,176,30,555,31,0,32,0,33,5,34,0,35,0,24,15,23,0,22,16,21,168,20,0,19,0,18,200,17,508,16,731,15,599,14,0,1555,2237
1773711827,25,24,25,71,26,258,27,212,28,303,29,176,30,555,31,0,32,0,33,5,34,0,35,0,24,15,23,0,22,16,21,1168,20,0,19,0,18,200,17,508,16,731,15,599,14,0,1580,3237
1773711828,25,24,25,31,26,258,27,212,28,303,29,176,30,555,31,0,32,0,33,5,34,0,35,0,24,15,23,0,22,16,21,1168,20,0,19,0,18,0,17,4,16,731,15,599,14,0,1540,2533
1773711829,25,24,25,31,26,258,27,212,28,303,29,176,30,555,31,0,32,0,33,5,34,0,35,0,24,15,23,0,22,16,21,1168,20,0,19,0,18,200,17,946,16,731,15,599,14,0,1540,3675
1773711830,25,24,25,31,26,258,27,212,28,303,29,176,30,555,31,0,32,0,33,5,34,0,35,0,24,15,23,0,22,16,21,168,20,0,19,0,18,200,17,946,16,731,15,599,14,0,1540,2675
1773711831,25,24,25,71,26,258,27,212,28,303,29,176,30,555,31,0,32,0,33,5,34,0,35,0,24,15,23,0,22,16,21,168,20,0,19,0,18,200,17,946,16,731,15,599,14,0,1580,2675
1773711832,25,24,25,71,26,258,27,212,28,303,29,176,30,555,31,0,32,0,33,5,34,0,35,0,24,15,23,0,22,16,21,168,20,0,19,0,18,200,17,946,16,125,15,4,14,0,1580,1474
1773711833,25,24,25,31,26,258,27,212,28,303,29,176,30,555,31,0,32,0,33,5,34,0,35,0,24,15,23,0,22,16,21,1168,20,0,19,0,18,200,17,946,16,125,15,4,14,0,1540,2474
1773711834,25,24,25,31,26,258,27,212,28,303,29,176,30,555,31,0,32,0,33,5,34,0,35,0,24,15,23,0,22,16,21,1168,20,0,19,0,18,200,17,442,16,125,15,4,14,224,1540,2194
1773711835,25,24,25,31,26,258,27,212,28,303,29,176,30,555,31,0,32,0,33,5,34,0,35,0,24,15,23,0,22,16,21,1168,20,0,19,0,18,200,17,442,16,125,15,4,14,224,1540,2194
1773711836,25,24,25,71,26,258,27,212,28,303,29,176,30,555,31,0,32,0,33,5,34,0,35,0,24,15,23,0,22,16,21,1168,20,0,19,0,18,200,17,442,16,125,15,4,14,210,1580,2180
1773711837,25,24,25,71,26,258,27,212,28,303,29,176,30,555,31,0,32,0,33,5,34,0,35,0,24,15,23,0,22,16,21,168,20,0,19,0,18,200,17,442,16,125,15,4,14,210,1580,1180
1773711838,25,24,25,31,26,258,27,212,28,303,29,176,30,555,31,0,32,0,33,5,34,0,35,0,24,15,23,0,22,16,21,168,20,0,19,0,18,200,17,442,16,125,15,4,14,210,1540,1180
1773711839,25,24,25,31,26,258,27,212,28,303,29,176,30,555,31,0,32,0,33,5,34,0,35,0,24,15,23,0,22,16,21,1175,20,0,19,0,18,200,17,442,16,125,15,4,14,210,1540,2187
1773711840,25,24,25,31,26,257,27,73,28,100,29,0,30,55,31,0,32,0,33,200,34,37,35,0,24,15,23,0,22,16,21,1175,20,0,19,0,18,200,17,442,16,125,15,4,14,215,753,2192
1773711841,25,24,25,71,26,257,27,73,28,100,29,0,30,55,31,0,32,0,33,29,34,143,35,0,24,15,23,0,22,16,21,1175,20,0,19,0,18,200,17,442,16,125,15,4,14,215,728,2192
1773711842,25,24,25,71,26,257,27,73,28,100,29,0,30,55,31,0,32,0,33,29,34,143,35,0,24,15,23,0,22,16,21,1175,20,0,19,0,18,200,17,442,16,125,15,4,14,215,728,2192
1773711843,25,24,25,31,26,257,27,73,28,100,29,0,30,55,31,0,32,0,33,29,34,143,35,0,24,15,23,0,22,16,21,175,20,0,19,0,18,200,17,442,16,125,15,4,14,215,688,1192
1773711844,25,24,25,31,26,257,27,73,28,100,29,0,30,0,31,0,32,0,33,29,34,143,35,0,24,15,23,0,22,16,21,175,20,0,19,0,18,200,17,442,16,125,15,4,14,215,633,1192
1773711845,25,24,25,31,26,257,27,73,28,100,29,0,30,0,31,0,32,0,33,29,34,143,35,0,24,15,23,0,22,16,21,1175,20,0,19,0,18,200,17,442,16,125,15,4,14,215,633,2192
1773711846,25,24,25,31,26,257,27,73,28,100,29,0,30,0,31,0,32,0,33,29,34,143,35,0,24,3,23,0,22,16,21,1175,20,0,19,0,18,200,17,442,16,125,15,4,14,207,633,2172
1773711847,25,24,25,31,26,257,27,73,28,100,29,0,30,0,31,0,32,0,33,29,34,143,35,0,24,3,23,0,22,16,21,1175,20,0,19,0,18,200,17,442,16,125,15,4,14,207,633,2172
1773711848,25,24,25,31,26,257,27,73,28,100,29,0,30,0,31,0,32,0,33,29,34,143,35,0,24,3,23,0,22,16,21,1175,20,0,19,0,18,200,17,442,16,125,15,4,14,207,633,2172
1773711849,25,24,25,31,26,257,27,73,28,100,29,0,30,0,31,0,32,0,33,229,34,143,35,0,24,3,23,0,22,16,21,168,20,0,19,0,18,200,17,442,16,125,15,4,14,202,833,1160
1773711850,25,24,25,31,26,257,27,73,28,100,29,0,30,0,31,0,32,68,33,200,34,143,35,0,24,3,23,0,22,16,21,168,20,0,19,0,18,200,17,442,16,125,15,4,14,202,872,1160
1773711851,25,24,25,31,26,257,27,73,28,100,29,0,30,0,31,0,32,68,33,200,34,143,35,0,24,3,23,0,22,16,21,1168,20,0,19,0,18,200,17,442,16,125,15,4,14,202,872,2160
1773711852,25,24,25,31,26,257,27,73,28,100,29,0,30,0,31,0,32,68,33,200,34,143,35,0,24,3,23,0,22,16,21,1168,20,0,19,0,18,200,17,442,16,125,15,4,14,202,872,2160
1773711853,25,24,25,31,26,257,27,73,28,100,29,0,30,0,31,0,32,68,33,200,34,143,35,0,24,3,23,0,22,16,21,1168,20,0,19,0,18,200,17,442,16,125,15,4,14,202,872,2160
1773711854,25,24,25,31,26,257,27,73,28,300,29,0,30,0,31,500,32,68,33,1682,34,0,35,0,24,3,23,0,22,16,21,1168,20,274,19,0,18,200,17,442,16,869,15,4,14,202,2911,3178
1773711855,25,24,25,31,26,258,27,210,28,0,29,200,30,140,31,500,32,68,33,1682,34,0,35,0,24,3,23,0,22,16,21,168,20,274,19,0,18,200,17,442,16,869,15,4,14,202,3089,2178
1773711856,25,24,25,31,26,257,27,0,28,200,29,351,30,0,31,500,32,426,33,1682,34,0,35,0,24,3,23,0,22,16,21,1168,20,274,19,0,18,200,17,442,16,869,15,4,14,202,3447,3178
1773711857,25,24,25,31,26,82,27,0,28,200,29,1,30,500,31,251,32,426,33,1682,34,0,35,0,24,3,23,0,22,16,21,1168,20,274,19,0,18,200,17,442,16,869,15,4,14,202,3173,3178
1773711858,25,24,25,31,26,82,27,0,28,200,29,1,30,500,31,251,32,426,33,1682,34,0,35,0,24,3,23,0,22,16,21,1168,20,274,19,0,18,200,17,442,16,869,15,4,14,202,3173,3178
1773711859,25,24,25,31,26,82,27,40,28,200,29,1,30,500,31,251,32,426,33,1682,34,0,35,0,24,3,23,0,22,16,21,1168,20,274,19,0,18,200,17,442,16,869,15,4,14,202,3213,3178
1773711860,25,24,25,31,26,110,27,41,28,200,29,0,30,500,31,251,32,426,33,1682,34,0,35,0,24,3,23,0,22,16,21,1168,20,274,19,0,18,200,17,442,16,869,15,4,14,202,3241,3178
1773711861,25,24,25,31,26,83,27,140,28,200,29,40,30,500,31,111,32,426,33,1495,34,0,35,0,24,3,23,0,22,16,21,168,20,274,19,0,18,200,17,442,16,869,15,4,14,202,3026,2178
1773711862,25,24,25,31,26,83,27,340,28,0,29,210,30,0,31,500,32,367,33,0,34,0,35,0,24,3,23,0,22,16,21,168,20,274,19,0,18,200,17,442,16,869,15,4,14,202,1531,2178
1773711863,25,24,25,31,26,82,27,1,28,0,29,0,30,500,31,0,32,595,33,0,34,0,35,0,24,3,23,0,22,16,21,1168,20,0,19,0,18,200,17,0,16,125,15,470,14,202,1209,2184
1773711864,25,24,25,31,26,82,27,0,28,0,29,41,30,500,31,0,32,367,33,140,34,0,35,0,24,3,23,0,22,16,21,1168,20,0,19,0,18,0,17,700,16,125,15,470,14,202,1161,2684
1773711865,25,24,25,31,26,82,27,0,28,0,29,41,30,500,31,0,32,367,33,0,34,0,35,0,24,3,23,0,22,16,21,1168,20,0,19,200,18,40,17,500,16,125,15,470,14,202,1021,2724
1773711866,25,24,25,28,26,82,27,0,28,0,29,41,30,500,31,0,32,367,33,0,34,0,35,0,24,3,23,0,22,16,21,1168,20,0,19,200,18,0,17,500,16,125,15,470,14,202,1018,2684
1773711867,25,24,25,28,26,82,27,0,28,0,29,41,30,500,31,257,32,367,33,0,34,0,35,0,24,3,23,0,22,16,21,168,20,0,19,0,18,0,17,700,16,125,15,470,14,202,1275,1684
1773711868,25,24,25,28,26,82,27,0,28,1,29,390,30,500,31,0,32,367,33,0,34,0,35,0,24,3,23,0,22,16,21,1168,20,0,19,0,18,40,17,700,16,125,15,470,14,202,1368,2724
1773711869,23,22,23,3,24,155,25,82,26,82,27,0,28,1,29,390,30,500,31,0,32,367,33,0,22,15,21,1026,20,0,19,149,18,201,17,0,16,625,15,470,14,0,13,254,12,0,1580,2740
1773711870,23,22,23,3,24,155,25,82,26,10,27,0,28,1,29,350,30,500,31,0,32,367,33,0,22,15,21,1026,20,0,19,149,18,1,17,0,16,125,15,470,14,0,13,254,12,0,1468,2040
1773711871,23,22,23,3,24,155,25,25,26,10,27,0,28,1,29,350,30,500,31,0,32,367,33,0,22,15,21,1026,20,0,19,149,18,201,17,0,16,625,15,470,14,0,13,254,12,0,1411,2740
1773711872,23,22,23,3,24,155,25,25,26,10,27,0,28,1,29,350,30,500,31,0,32,368,33,0,22,15,21,26,20,0,19,149,18,201,17,0,16,625,15,470,14,0,13,254,12,0,1412,1740
1773711873,23,22,23,3,24,155,25,25,26,10,27,0,28,1,29,350,30,500,31,0,32,368,33,0,22,15,21,26,20,0,19,149,18,201,17,0,16,625,15,470,14,0,13,282,12,0,1412,1768
1773711874,23,22,23,3,24,155,25,25,26,10,27,0,28,16,29,350,30,500,31,0,32,367,33,0,22,15,21,1026,20,0,19,149,18,201,17,0,16,625,15,470,14,0,13,282,12,0,1426,2768
1773711875,23,22,23,40,24,150,25,25,26,10,27,0,28,16,29,350,30,500,31,0,32,367,33,0,22,15,21,1026,20,0,19,142,18,201,17,0,16,625,15,470,14,0,13,254,12,0,1458,2733
1773711876,23,22,23,40,24,150,25,25,26,10,27,0,28,16,29,350,30,500,31,0,32,508,33,0,22,15,21,1026,20,0,19,142,18,1,17,0,16,125,15,470,14,0,13,282,12,0,1599,2061
1773711877,24,22,24,150,25,25,26,10,27,0,28,16,29,350,30,500,31,0,32,367,33,0,34,0,22,15,21,1026,20,0,19,142,18,201,17,0,16,625,15,470,14,0,13,282,12,0,1418,2761
1773711878,24,22,24,150,25,25,26,10,27,0,28,16,29,350,30,500,31,0,32,367,33,0,34,0,22,15,21,26,20,0,19,142,18,201,17,0,16,625,15,470,14,0,13,254,12,0,1418,1733
1773711879,24,22,24,150,25,25,26,10,27,39,28,329,29,350,30,500,31,0,32,10,33,0,34,0,22,15,21,26,20,1,19,142,18,0,17,0,16,625,15,470,14,0,13,275,12,0,1413,1554
1773711880,24,22,24,150,25,25,26,11,27,230,28,288,29,120,30,500,31,0,32,209,33,0,34,0,22,15,21,1026,20,1,19,142,18,0,17,200,16,625,15,470,14,0,13,303,12,0,1533,2782
1773711881,24,21,24,150,25,25,26,26,27,230,28,273,29,120,30,500,31,0,32,209,33,0,34,0,21,1041,20,1,19,149,18,0,17,151,16,125,15,470,14,0,13,275,12,0,11,600,1533,2812
1773711882,24,21,24,150,25,25,26,66,27,230,28,273,29,0,30,0,31,0,32,9,33,0,34,0,21,1315,20,1,19,149,18,200,17,904,16,625,15,470,14,0,13,275,12,0,11,600,753,4539
1773711883,22,21,22,109,23,1,24,150,25,71,26,65,27,145,28,273,29,0,30,0,31,149,32,0,21,1315,20,0,19,143,18,0,17,904,16,125,15,470,14,0,13,303,12,0,11,600,963,3860
1773711884,22,21,22,109,23,1,24,150,25,71,26,25,27,145,28,273,29,0,30,0,31,149,32,0,21,315,20,40,19,143,18,200,17,904,16,125,15,470,14,0,13,303,12,0,11,600,923,3100
1773711885,22,21,22,109,23,1,24,150,25,25,26,25,27,145,28,273,29,0,30,0,31,149,32,0,21,315,20,40,19,143,18,200,17,904,16,125,15,470,14,0,13,0,12,462,11,600,877,3259
1773711886,22,21,22,109,23,1,24,150,25,25,26,25,27,145,28,273,29,0,30,0,31,149,32,0,21,1315,20,0,19,143,18,200,17,904,16,125,15,470,14,0,13,0,12,462,11,600,877,4219
1773711887,22,21,22,109,23,1,24,150,25,25,26,10,27,145,28,273,29,0,30,0,31,149,32,0,21,1315,20,0,19,143,18,200,17,904,16,125,15,470,14,0,13,0,12,462,11,600,862,4219
1773711888,22,21,22,109,23,1,24,150,25,25,26,10,27,145,28,273,29,0,30,0,31,149,32,0,21,1315,20,0,19,143,18,200,17,904,16,125,15,470,14,0,13,0,12,462,11,600,862,4219
1773711889,22,21,22,109,23,1,24,150,25,25,26,10,27,145,28,273,29,0,30,0,31,149,32,0,21,1315,20,0,19,143,18,200,17,904,16,125,15,470,14,0,13,0,12,462,11,600,862,4219
1773711890,22,21,22,109,23,1,24,150,25,25,26,10,27,145,28,273,29,0,30,0,31,149,32,0,21,315,20,0,19,143,18,200,17,904,16,125,15,470,14,0,13,0,12,457,11,600,862,3214
1773711891,22,21,22,109,23,1,24,150,25,25,26,10,27,145,28,273,29,0,30,0,31,149,32,0,21,315,20,0,19,143,18,200,17,904,16,125,15,470,14,0,13,0,12,457,11,600,862,3214
1773711892,22,21,22,109,23,1,24,150,25,25,26,10,27,145,28,273,29,0,30,0,31,149,32,0,21,1041,20,0,19,143,18,200,17,151,16,625,15,470,14,0,13,0,12,457,11,600,862,3687
1773711893,22,21,22,109,23,1,24,150,25,25,26,10,27,145,28,273,29,0,30,0,31,149,32,0,21,1041,20,0,19,143,18,200,17,151,16,625,15,4,14,0,13,0,12,1119,11,600,862,3883
1773711894,22,21,22,109,23,1,24,150,25,25,26,10,27,145,28,273,29,0,30,0,31,149,32,0,21,1041,20,0,19,143,18,200,17,151,16,625,15,4,14,0,13,0,12,1119,11,600,862,3883
1773711895,33,21,33,1,34,5,35,0,36,0,37,0,38,0,39,1,40,220,41,70,42,187,43,70,21,1041,20,1,19,142,18,200,17,151,16,625,15,4,14,0,13,493,12,662,11,600,554,3919
1773711896,38,23,38,5,39,0,40,0,41,76,42,132,43,70,44,7,45,0,46,0,47,0,48,0,23,21,22,31,21,1179,20,0,19,0,18,200,17,651,16,140,15,4,14,0,13,239,290,2465
1773711897,38,23,38,5,39,94,40,7,41,76,42,132,43,70,44,7,45,0,46,0,47,0,48,0,23,21,22,31,21,179,20,40,19,0,18,200,17,651,16,125,15,4,14,215,13,239,391,1705
1773711898,38,23,38,15,39,94,40,7,41,76,42,132,43,70,44,7,45,0,46,0,47,0,48,0,23,37,22,31,21,1179,20,40,19,0,18,200,17,651,16,125,15,4,14,215,13,239,401,2721
1773711899,38,23,38,15,39,99,40,47,41,70,42,60,43,0,44,7,45,0,46,0,47,0,48,0,23,37,22,31,21,1179,20,0,19,0,18,200,17,651,16,125,15,4,14,215,13,239,298,2681
1773711900,38,23,38,15,39,99,40,47,41,0,42,60,43,5,44,0,45,0,46,0,47,0,48,0,23,37,22,31,21,179,20,1000,19,0,18,200,17,651,16,125,15,4,14,215,13,239,226,2681
1773711901,37,23,37,55,38,15,39,64,40,0,41,0,42,60,43,5,44,0,45,0,46,0,47,1,23,37,22,31,21,179,20,1000,19,0,18,200,17,500,16,125,15,4,14,243,13,239,200,2558
1773711902,36,23,36,17,37,55,38,5,39,64,40,0,41,0,42,60,43,5,44,0,45,0,46,1,23,37,22,31,21,179,20,1000,19,240,18,0,17,500,16,125,15,4,14,243,13,239,207,2598
1773711903,36,23,36,17,37,55,38,45,39,64,40,0,41,0,42,69,43,0,44,0,45,0,46,69,23,37,22,31,21,179,20,0,19,240,18,0,17,500,16,125,15,4,14,0,13,740,319,1856
1773711904,36,23,36,17,37,55,38,45,39,64,40,0,41,0,42,69,43,103,44,250,45,0,46,0,23,37,22,77,21,219,20,1000,19,0,18,0,17,0,16,125,15,4,14,281,13,239,603,1982
1773711905,36,23,36,17,37,55,38,5,39,64,40,0,41,0,42,119,43,0,44,0,45,0,46,240,23,37,22,77,21,219,20,1000,19,0,18,0,17,0,16,125,15,4,14,281,13,239,500,1982
1773711906,36,23,36,17,37,55,38,5,39,64,40,0,41,0,42,69,43,0,44,0,45,50,46,240,23,37,22,117,21,179,20,1000,19,0,18,0,17,0,16,125,15,4,14,249,13,239,500,1950
1773711907,36,23,36,17,37,55,38,5,39,64,40,0,41,40,42,69,43,0,44,104,45,0,46,200,23,37,22,117,21,179,20,1000,19,0,18,0,17,700,16,125,15,4,14,249,13,239,554,2650
1773711908,36,23,36,17,37,55,38,5,39,64,40,0,41,40,42,119,43,200,44,0,45,0,46,0,23,37,22,77,21,179,20,0,19,0,18,0,17,700,16,125,15,4,14,221,13,239,500,1582
1773711909,35,23,35,5,36,22,37,50,38,0,39,64,40,0,41,40,42,69,43,0,44,0,45,69,23,37,22,76,21,179,20,0,19,0,18,0,17,700,16,125,15,4,14,285,13,239,319,1645
1773711910,34,23,34,7,35,40,36,10,37,50,38,0,39,64,40,0,41,50,42,60,43,250,44,0,23,37,22,115,21,179,20,1000,19,0,18,0,17,0,16,125,15,4,14,280,13,239,531,1979
1773711911,34,23,34,7,35,40,36,10,37,50,38,0,39,64,40,0,41,50,42,260,43,0,44,0,23,37,22,105,21,179,20,1000,19,0,18,0,17,0,16,125,15,4,14,247,13,239,481,1936
1773711912,34,23,34,7,35,40,36,10,37,50,38,0,39,114,40,16,41,152,42,260,43,0,44,0,23,37,22,68,21,179,20,1000,19,0,18,0,17,700,16,125,15,4,14,247,13,239,649,2599
1773711913,32,23,32,300,33,10,34,76,35,5,36,0,37,50,38,0,39,0,40,66,41,240,42,60,23,37,22,107,21,179,20,1274,19,0,18,0,17,700,16,869,15,4,14,246,13,239,807,3655
1773711914,27,23,27,10,28,205,29,13,30,500,31,0,32,100,33,1491,34,64,35,0,36,0,37,50,23,21,22,70,21,279,20,1274,19,0,18,0,17,0,16,869,15,4,14,318,13,239,2433,3074
1773711915,26,23,26,10,27,79,28,200,29,113,30,0,31,500,32,63,33,1491,34,64,35,0,36,500,23,21,22,30,21,179,20,274,19,100,18,0,17,200,16,869,15,4,14,0,13,712,3020,2389
1773711916,26,23,26,10,27,79,28,200,29,113,30,0,31,500,32,269,33,1491,34,64,35,0,36,500,23,21,22,30,21,179,20,1374,19,200,18,0,17,500,16,869,15,4,14,0,13,712,3226,3889
1773711917,25,23,25,10,26,40,27,74,28,200,29,13,30,600,31,0,32,269,33,1491,34,64,35,0,23,21,22,30,21,179,20,1374,19,200,18,0,17,500,16,869,15,4,14,0,13,712,2761,3889
1773711918,26,23,26,10,27,179,28,200,29,13,30,500,31,237,32,269,33,1491,34,64,35,0,36,500,23,21,22,30,21,279,20,1274,19,0,18,0,17,15,16,869,15,4,14,0,13,782,3463,3274
1773711919,26,23,26,10,27,179,28,200,29,13,30,500,31,237,32,269,33,1491,34,64,35,0,36,500,23,21,22,30,21,279,20,1274,19,0,18,0,17,15,16,869,15,4,14,0,13,782,3463,3274
1773711920,25,23,25,10,26,40,27,174,28,200,29,221,30,500,31,237,32,63,33,1491,34,64,35,0,23,21,22,30,21,279,20,274,19,0,18,0,17,15,16,869,15,4,14,0,13,782,3000,2274
1773711921,26,23,26,10,27,174,28,200,29,221,30,500,31,237,32,63,33,1491,34,64,35,0,36,500,23,21,22,30,21,279,20,274,19,0,18,0,17,15,16,869,15,4,14,0,13,782,3460,2274
1773711922,25,23,25,10,26,40,27,174,28,200,29,221,30,500,31,237,32,63,33,1491,34,64,35,0,23,21,22,30,21,279,20,1274,19,0,18,0,17,15,16,869,15,4,14,0,13,782,3000,3274
1773711923,25,23,25,10,26,64,27,174,28,200,29,221,30,500,31,237,32,9,33,0,34,0,35,0,23,21,22,30,21,279,20,1000,19,0,18,200,17,515,16,125,15,4,14,382,13,543,1415,3099
1773711924,25,23,25,10,26,64,27,174,28,200,29,221,30,500,31,237,32,9,33,0,34,0,35,0,23,21,22,30,21,179,20,1000,19,100,18,200,17,515,16,125,15,210,14,382,13,543,1415,3305
1773711925,25,20,25,10,26,64,27,174,28,0,29,221,30,700,31,237,32,9,33,0,34,0,35,0,20,1037,19,0,18,200,17,806,16,125,15,210,14,382,13,543,12,500,11,0,10,617,1415,4420
1773711926,25,19,25,10,26,104,27,0,28,100,29,221,30,500,31,0,32,209,33,0,34,0,35,0,19,100,18,200,17,160,16,625,15,210,14,382,13,344,12,0,11,0,10,25,9,0,1144,2046
1773711927,25,19,25,31,26,64,27,40,28,0,29,13,30,174,31,200,32,23,33,0,34,0,35,0,19,140,18,200,17,306,16,625,15,210,14,382,13,274,12,0,11,0,10,550,9,0,545,2687
1773711928,25,20,25,31,26,64,27,40,28,0,29,13,30,174,31,200,32,23,33,0,34,0,35,5000,20,1000,19,140,18,200,17,15,16,770,15,210,14,382,13,257,12,0,11,0,10,550,5545,3524
1773711929,25,21,25,31,26,64,27,0,28,0,29,53,30,174,31,200,32,23,33,0,34,270,35,5000,21,24,20,1000,19,100,18,0,17,145,16,625,15,210,14,382,13,281,12,0,11,675,5815,3442
1773711930,25,21,25,31,26,64,27,0,28,0,29,53,30,174,31,200,32,23,33,0,34,270,35,5000,21,64,20,1000,19,100,18,200,17,0,16,770,15,210,14,382,13,332,12,0,11,675,5815,3733
1773711931,25,21,25,31,26,64,27,0,28,0,29,53,30,174,31,200,32,23,33,0,34,270,35,5000,21,24,20,1000,19,0,18,100,17,200,16,270,15,710,14,382,13,262,12,0,11,675,5815,3623
1773711932,24,19,24,10,25,169,26,162,27,0,28,0,29,13,30,227,31,0,32,0,33,93,34,270,19,31,18,300,17,0,16,916,15,210,14,382,13,332,12,0,11,675,10,550,9,0,944,3396
1773711933,24,20,24,31,25,148,26,162,27,0,28,0,29,13,30,0,31,200,32,23,33,0,34,270,20,24,19,100,18,200,17,185,16,625,15,210,14,382,13,332,12,0,11,675,10,550,847,3283
1773711934,24,20,24,31,25,148,26,162,27,0,28,37,29,213,30,40,31,0,32,0,33,93,34,270,20,1024,19,100,18,200,17,0,16,916,15,210,14,382,13,262,12,0,11,675,10,550,994,4319
1773711935,24,20,24,31,25,148,26,162,27,0,28,37,29,13,30,40,31,200,32,23,33,0,34,270,20,1024,19,0,18,100,17,200,16,916,15,210,14,382,13,332,12,0,11,675,10,550,924,4389
1773711936,24,20,24,31,25,148,26,162,27,0,28,0,29,13,30,200,31,34,32,9,33,0,34,270,20,1064,19,0,18,100,17,200,16,916,15,210,14,382,13,262,12,0,11,675,10,550,867,4359
1773711937,24,21,24,31,25,148,26,162,27,0,28,0,29,213,30,0,31,40,32,83,33,79,34,270,21,24,20,1000,19,100,18,200,17,145,16,625,15,210,14,382,13,262,12,0,11,675,1026,3623
1773711938,24,21,24,31,25,64,26,98,27,0,28,0,29,13,30,100,31,0,32,249,33,15,34,270,21,39,20,0,19,331,18,300,17,0,16,635,15,210,14,382,13,0,12,0,11,675,840,2572
1773711939,24,21,24,31,25,64,26,98,27,0,28,0,29,13,30,100,31,200,32,9,33,15,34,270,21,39,20,100,19,291,18,200,17,0,16,635,15,210,14,382,13,0,12,500,11,675,800,3032
1773711940,24,21,24,31,25,64,26,98,27,0,28,0,29,90,30,200,31,100,32,0,33,94,34,270,21,179,20,1000,19,491,18,0,17,0,16,635,15,210,14,382,13,0,12,500,11,675,947,4072
1773711941,24,21,24,31,25,64,26,98,27,0,28,0,29,53,30,0,31,300,32,9,33,15,34,270,21,179,20,1000,19,491,18,0,17,0,16,625,15,248,14,382,13,0,12,500,11,675,840,4100
1773711942,24,21,24,31,25,64,26,98,27,0,28,40,29,113,30,0,31,200,32,9,33,15,34,270,21,139,20,1040,19,491,18,0,17,0,16,625,15,248,14,382,13,0,12,500,11,675,840,4100
1773711943,24,21,24,10,25,64,26,98,27,0,28,0,29,113,30,240,31,0,32,9,33,15,34,270,21,179,20,1000,19,491,18,0,17,0,16,625,15,247,14,382,13,0,12,500,11,675,819,4099
1773711944,24,21,24,10,25,64,26,98,27,0,28,0,29,13,30,100,31,200,32,9,33,15,34,270,21,39,20,140,19,491,18,0,17,0,16,625,15,247,14,382,13,0,12,500,11,675,779,3099
1773711945,24,21,24,10,25,64,26,98,27,0,28,0,29,13,30,78,31,100,32,209,33,15,34,270,21,39,20,140,19,491,18,0,17,0,16,625,15,247,14,382,13,0,12,500,11,675,857,3099
1773711946,24,21,24,25,25,64,26,98,27,0,28,40,29,13,30,0,31,184,32,209,33,0,34,270,21,164,20,1000,19,491,18,0,17,0,16,625,15,247,14,382,13,0,12,500,11,675,903,4084
1773711947,24,21,24,25,25,64,26,98,27,0,28,100,29,213,30,40,31,84,32,0,33,79,34,270,21,124,20,1000,19,491,18,0,17,0,16,625,15,37,14,382,13,0,12,697,11,675,973,4031
1773711948,24,21,24,25,25,64,26,98,27,0,28,188,29,213,30,40,31,0,32,0,33,283,34,270,21,108,20,1024,19,491,18,0,17,0,16,625,15,37,14,382,13,0,12,697,11,675,1181,4039
1773711949,24,21,24,25,25,64,26,98,27,0,28,0,29,13,30,0,31,100,32,258,33,204,34,270,21,148,20,1000,19,491,18,0,17,0,16,625,15,37,14,382,13,0,12,697,11,675,1032,4055
1773711950,24,21,24,25,25,64,26,98,27,0,28,0,29,13,30,100,31,200,32,91,33,204,34,270,21,148,20,0,19,491,18,0,17,0,16,625,15,37,14,382,13,0,12,697,11,675,1065,3055
1773711951,24,21,24,25,25,64,26,98,27,0,28,100,29,213,30,0,31,40,32,0,33,283,34,270,21,8,20,140,19,491,18,0,17,0,16,625,15,37,14,382,13,0,12,697,11,675,1093,3055
1773711952,24,21,24,25,25,64,26,98,27,0,28,0,29,13,30,0,31,100,32,209,33,204,34,270,21,108,20,1040,19,491,18,0,17,0,16,625,15,37,14,382,13,0,12,697,11,675,983,4055
1773711953,24,21,24,10,25,64,26,98,27,0,28,0,29,113,30,320,31,0,32,9,33,204,34,270,21,108,20,1000,19,491,18,0,17,0,16,625,15,37,14,382,13,0,12,697,11,675,1088,4015
1773711954,24,21,24,10,25,64,26,98,27,0,28,0,29,113,30,240,31,0,32,9,33,204,34,270,21,108,20,1040,19,491,18,0,17,0,16,625,15,37,14,382,13,0,12,697,11,675,1008,4055
1773711955,24,21,24,10,25,64,26,98,27,0,28,20,29,13,30,100,31,200,32,9,33,204,34,270,21,58,20,1040,19,491,18,0,17,0,16,625,15,37,14,382,13,0,12,697,11,675,988,4005
1773711956,24,21,24,10,25,64,26,98,27,0,28,0,29,13,30,140,31,200,32,93,33,204,34,270,21,48,20,50,19,491,18,0,17,0,16,625,15,37,14,382,13,0,12,697,11,675,1092,3005
1773711957,24,21,24,10,25,64,26,98,27,0,28,0,29,52,30,40,31,100,32,209,33,204,34,270,21,48,20,50,19,491,18,0,17,0,16,625,15,37,14,382,13,0,12,697,11,675,1047,3005
1773711958,24,21,24,10,25,64,26,98,27,0,28,0,29,113,30,0,31,200,32,9,33,204,34,270,21,58,20,1000,19,491,18,0,17,0,16,625,15,37,14,382,13,0,12,697,11,675,968,3965
1773711959,24,21,24,10,25,64,26,98,27,0,28,100,29,213,30,0,31,0,32,9,33,204,34,270,21,58,20,1000,19,491,18,0,17,0,16,625,15,37,14,382,13,0,12,697,11,675,968,3965
1773711960,24,21,24,31,25,64,26,98,27,0,28,100,29,213,30,0,31,0,32,0,33,297,34,270,21,58,20,1040,19,491,18,0,17,0,16,625,15,37,14,382,13,0,12,697,11,675,1073,4005
1773711961,24,21,24,31,25,64,26,98,27,100,28,131,29,13,30,0,31,200,32,23,33,204,34,270,21,90,20,1000,19,291,18,0,17,200,16,625,15,4,14,437,13,0,12,697,11,675,1134,4019
1773711962,24,21,24,31,25,64,26,98,27,0,28,40,29,13,30,182,31,200,32,23,33,204,34,270,21,40,20,50,19,291,18,0,17,200,16,625,15,4,14,437,13,0,12,697,11,675,1125,3019
1773711963,24,19,24,31,25,64,26,98,27,0,28,100,29,213,30,0,31,0,32,85,33,297,34,270,19,50,18,200,17,291,16,125,15,4,14,0,13,358,12,197,11,0,10,550,9,0,1158,1775
1773711964,24,20,24,31,25,64,26,98,27,0,28,100,29,213,30,0,31,0,32,151,33,297,34,270,20,1000,19,100,18,200,17,291,16,625,15,4,14,0,13,358,12,197,11,0,10,550,1224,3325
1773711965,24,20,24,31,25,104,26,98,27,0,28,0,29,13,30,300,31,0,32,174,33,204,34,270,20,1025,19,140,18,200,17,291,16,625,15,4,14,0,13,386,12,197,11,0,10,25,1194,2893
1773711966,24,20,24,31,25,104,26,98,27,0,28,0,29,313,30,0,31,0,32,86,33,297,34,270,20,1065,19,140,18,200,17,291,16,625,15,4,14,0,13,386,12,197,11,0,10,25,1199,2933
1773711967,23,20,23,10,24,121,25,64,26,98,27,0,28,163,29,13,30,0,31,200,32,23,33,204,20,1025,19,100,18,200,17,291,16,625,15,4,14,0,13,386,12,197,11,0,10,25,896,2853
1773711968,23,20,23,21,24,10,25,64,26,98,27,0,28,0,29,13,30,184,31,200,32,9,33,204,20,25,19,100,18,200,17,291,16,625,15,4,14,0,13,386,12,197,11,0,10,25,803,1853
1773711969,23,20,23,21,24,10,25,64,26,98,27,0,28,0,29,13,30,184,31,200,32,9,33,204,20,65,19,100,18,200,17,291,16,625,15,4,14,0,13,386,12,0,11,0,10,323,803,1994
1773711970,23,20,23,21,24,10,25,64,26,98,27,0,28,0,29,153,30,284,31,0,32,9,33,204,20,1065,19,100,18,200,17,291,16,625,15,4,14,0,13,386,12,0,11,0,10,323,843,2994
1773711971,23,20,23,21,24,10,25,64,26,98,27,0,28,0,29,197,30,0,31,200,32,161,33,0,20,1025,19,100,18,200,17,291,16,625,15,4,14,0,13,386,12,0,11,0,10,323,751,2954
1773711972,23,20,23,21,24,10,25,64,26,98,27,0,28,100,29,213,30,0,31,51,32,152,33,79,20,1025,19,100,18,200,17,291,16,625,15,4,14,0,13,386,12,0,11,0,10,323,788,2954
1773711973,23,20,23,21,24,110,25,104,26,98,27,0,28,94,29,13,30,0,31,200,32,152,33,79,20,1065,19,100,18,200,17,291,16,625,15,4,14,0,13,386,12,0,11,0,10,323,871,2994
1773711974,23,20,23,31,24,100,25,104,26,98,27,0,28,0,29,13,30,0,31,200,32,161,33,0,20,65,19,100,18,200,17,291,16,625,15,4,14,0,13,386,12,0,11,0,10,323,707,1994
1773711975,23,20,23,21,24,10,25,58,26,98,27,0,28,0,29,13,30,0,31,100,32,361,33,0,20,25,19,100,18,200,17,291,16,625,15,4,14,0,13,386,12,0,11,0,10,323,661,1954
1773711976,23,20,23,21,24,10,25,58,26,98,27,0,28,0,29,113,30,156,31,0,32,161,33,0,20,1025,19,100,18,200,17,291,16,625,15,4,14,0,13,386,12,0,11,0,10,323,617,2954
1773711977,23,20,23,21,24,10,25,58,26,98,27,0,28,0,29,13,30,40,31,100,32,361,33,0,20,1065,19,100,18,200,17,291,16,625,15,4,14,0,13,386,12,0,11,0,10,323,701,2994
1773711978,24,20,24,10,25,58,26,98,27,0,28,0,29,57,30,100,31,200,32,161,33,0,34,0,20,1025,19,100,18,200,17,291,16,625,15,4,14,0,13,386,12,0,11,0,10,323,684,2954
1773711979,24,20,24,31,25,58,26,98,27,0,28,0,29,153,30,200,31,59,32,152,33,79,34,297,20,1025,19,100,18,200,17,291,16,625,15,4,14,0,13,386,12,0,11,0,10,323,1127,2954
1773711980,24,20,24,31,25,58,26,98,27,0,28,54,29,53,30,0,31,100,32,361,33,0,34,297,20,65,19,100,18,200,17,291,16,625,15,4,14,0,13,386,12,0,11,0,10,323,1052,1994
1773711981,24,20,24,31,25,58,26,98,27,0,28,0,29,13,30,0,31,100,32,361,33,0,34,297,20,65,19,100,18,200,17,291,16,625,15,4,14,0,13,386,12,0,11,0,10,323,958,1994
1773711982,24,20,24,31,25,58,26,98,27,0,28,0,29,113,30,327,31,0,32,161,33,0,34,297,20,1025,19,100,18,200,17,291,16,625,15,4,14,0,13,386,12,0,11,0,10,323,1085,2954
1773711983,24,20,24,31,25,58,26,98,27,0,28,0,29,13,30,100,31,200,32,161,33,0,34,297,20,1025,19,100,18,200,17,291,16,625,15,4,14,0,13,358,12,0,11,0,10,323,958,2926
1773711984,24,20,24,31,25,58,26,98,27,0,28,0,29,13,30,300,31,0,32,152,33,79,34,297,20,1025,19,100,18,200,17,291,16,625,15,4,14,0,13,358,12,0,11,0,10,323,1028,2926
1773711985,24,20,24,31,25,58,26,98,27,0,28,0,29,271,30,0,31,200,32,152,33,79,34,297,20,1025,19,100,18,200,17,291,16,625,15,4,14,0,13,358,12,0,11,0,10,323,1186,2926
1773711986,24,20,24,31,25,58,26,98,27,0,28,0,29,13,30,300,31,55,32,152,33,79,34,297,20,85,19,100,18,200,17,291,16,625,15,4,14,275,13,358,12,0,11,651,10,323,1083,2912
1773711987,24,20,24,31,25,58,26,98,27,0,28,0,29,13,30,300,31,55,32,152,33,79,34,297,20,25,19,100,18,200,17,291,16,625,15,4,14,275,13,358,12,0,11,651,10,323,1083,2852
1773711988,24,20,24,31,25,58,26,98,27,0,28,0,29,13,30,300,31,55,32,152,33,79,34,297,20,1025,19,100,18,200,17,291,16,625,15,4,14,275,13,358,12,0,11,651,10,323,1083,3852
1773711989,29,21,29,16,30,45,31,42,32,152,33,0,34,325,35,5000,36,0,37,50,38,0,39,251,21,100,20,1025,19,100,18,0,17,145,16,125,15,4,14,351,13,0,12,0,11,651,5881,2501
1773711990,30,21,30,62,31,0,32,0,33,50,34,311,35,5000,36,0,37,50,38,0,39,251,40,0,21,100,20,1023,19,50,18,0,17,145,16,125,15,53,14,275,13,0,12,0,11,651,5724,2422
1773711991,30,22,30,74,31,0,32,0,33,99,34,311,35,5000,36,0,37,50,38,0,39,251,40,0,22,43,21,0,20,1100,19,345,18,0,17,500,16,165,15,4,14,275,13,0,12,0,5785,2432
1773711992,28,22,28,6,29,26,30,21,31,0,32,10,33,99,34,311,35,5000,36,0,37,50,38,0,22,43,21,100,20,0,19,345,18,0,17,500,16,165,15,4,14,275,13,0,12,500,5523,1932
1773711993,28,22,28,27,29,5,30,21,31,0,32,10,33,99,34,311,35,5000,36,0,37,50,38,0,22,43,21,100,20,0,19,345,18,0,17,500,16,165,15,4,14,275,13,0,12,500,5523,1932
1773711994,28,22,28,27,29,5,30,21,31,0,32,10,33,99,34,311,35,5000,36,0,37,50,38,0,22,43,21,100,20,1000,19,345,18,0,17,500,16,165,15,4,14,275,13,0,12,500,5523,2932
1773711995,28,22,28,27,29,5,30,21,31,0,32,10,33,99,34,311,35,5000,36,0,37,50,38,0,22,43,21,100,20,1000,19,345,18,0,17,500,16,165,15,4,14,275,13,0,12,500,5523,2932
1773711996,28,22,28,27,29,5,30,21,31,0,32,10,33,99,34,519,35,5000,36,0,37,50,38,0,22,143,21,1000,20,0,19,345,18,0,17,500,16,165,15,4,14,275,13,0,12,500,5731,2932
1773711997,28,22,28,27,29,5,30,21,31,0,32,60,33,136,34,519,35,5000,36,0,37,50,38,0,22,143,21,1000,20,0,19,345,18,0,17,500,16,165,15,4,14,275,13,0,12,500,5818,2932
1773711998,27,22,27,49,28,0,29,0,30,21,31,10,32,50,33,136,34,519,35,5000,36,0,37,0,22,43,21,100,20,145,19,0,18,0,17,700,16,165,15,4,14,275,13,0,12,500,5785,1932
1773711999,27,23,27,49,28,0,29,0,30,21,31,10,32,50,33,136,34,519,35,5000,36,0,37,0,23,100,22,43,21,0,20,145,19,0,18,0,17,700,16,165,15,4,14,275,13,0,5785,1432
1773712000,27,23,27,49,28,0,29,0,30,0,31,50,32,0,33,136,34,505,35,5000,36,0,37,37,23,100,22,1043,21,0,20,145,19,0,18,0,17,700,16,165,15,4,14,275,13,0,5777,2432
1773712001,27,23,27,49,28,0,29,0,30,0,31,10,32,50,33,136,34,505,35,5000,36,0,37,37,23,1000,22,43,21,100,20,145,19,0,18,0,17,700,16,165,15,4,14,275,13,0,5787,2432
1773712002,27,23,27,49,28,0,29,0,30,0,31,59,32,0,33,137,34,505,35,5000,36,0,37,52,23,1000,22,43,21,100,20,345,19,0,18,0,17,500,16,165,15,4,14,275,13,0,5802,2432
1773712003,27,23,27,49,28,0,29,0,30,0,31,49,32,10,33,137,34,505,35,5000,36,18,37,0,23,1000,22,43,21,100,20,345,19,0,18,0,17,500,16,172,15,4,14,275,13,0,5768,2439
1773712004,27,22,27,49,28,0,29,0,30,0,31,49,32,10,33,137,34,505,35,5000,36,18,37,0,22,43,21,100,20,491,19,0,18,0,17,500,16,172,15,4,14,275,13,0,12,500,5768,2085
1773712005,27,23,27,49,28,0,29,0,30,0,31,49,32,10,33,137,34,505,35,5000,36,18,37,0,23,1000,22,23,21,100,20,145,19,0,18,0,17,0,16,125,15,4,14,275,13,1365,5768,3037
1773712006,27,23,27,49,28,0,29,0,30,0,31,49,32,10,33,187,34,505,35,5000,36,18,37,0,23,1000,22,23,21,0,20,0,19,245,18,0,17,0,16,125,15,4,14,351,13,0,5818,1748
1773712007,24,22,24,36,25,0,26,0,27,28,28,0,29,0,30,0,31,159,32,380,33,0,34,505,22,1023,21,0,20,0,19,100,18,491,17,15,16,625,15,4,14,351,13,0,12,500,1108,3109
1773712008,24,22,24,36,25,0,26,0,27,28,28,0,29,0,30,0,31,199,32,200,33,0,34,505,22,1000,21,0,20,10,19,107,18,491,17,15,16,625,15,4,14,76,13,0,12,500,968,2828
1773712009,24,21,24,36,25,0,26,0,27,28,28,0,29,10,30,425,31,49,32,0,33,0,34,505,21,1000,20,10,19,107,18,491,17,15,16,625,15,4,14,76,13,0,12,500,11,651,1053,3479
1773712010,24,20,24,36,25,0,26,0,27,38,28,41,29,150,30,200,31,49,32,0,33,0,34,505,20,50,19,107,18,491,17,15,16,625,15,4,14,76,13,0,12,500,11,651,10,25,1019,2544
1773712011,24,20,24,36,25,0,26,0,27,28,28,201,29,235,30,0,31,49,32,0,33,0,34,505,20,10,19,100,18,491,17,15,16,625,15,4,14,76,13,0,12,500,11,651,10,25,1054,2497
1773712012,24,21,24,36,25,0,26,0,27,28,28,51,29,150,30,200,31,49,32,0,33,73,34,505,21,100,20,1010,19,0,18,491,17,15,16,625,15,4,14,102,13,0,12,500,11,651,1092,3498
1773712013,24,21,24,36,25,0,26,10,27,77,28,182,29,350,30,0,31,0,32,0,33,46,34,505,21,100,20,1010,19,7,18,491,17,15,16,625,15,4,14,102,13,257,12,500,11,651,1206,3762
1773712014,24,21,24,21,25,0,26,10,27,227,28,42,29,0,30,0,31,200,32,56,33,0,34,505,21,100,20,1010,19,7,18,491,17,0,16,625,15,4,14,102,13,257,12,500,11,651,1061,3747
1773712015,24,21,24,21,25,0,26,10,27,77,28,0,29,0,30,150,31,200,32,21,33,0,34,505,21,100,20,1010,19,7,18,491,17,0,16,625,15,4,14,102,13,257,12,500,11,651,984,3747
1773712016,24,19,24,21,25,0,26,10,27,77,28,0,29,100,30,0,31,200,32,21,33,0,34,505,19,183,18,491,17,0,16,625,15,4,14,100,13,257,12,500,11,0,10,671,9,0,934,2831
1773712017,26,22,26,10,27,77,28,0,29,248,30,0,31,200,32,21,33,0,34,505,35,5000,36,251,22,23,21,100,20,0,19,8,18,345,17,0,16,625,15,4,14,100,13,257,12,500,6312,1962
1773712018,26,21,26,10,27,77,28,0,29,0,30,300,31,0,32,21,33,84,34,505,35,5000,36,251,21,100,20,1023,19,8,18,345,17,0,16,625,15,4,14,100,13,257,12,500,11,0,6248,2962
1773712019,26,21,26,31,27,77,28,0,29,0,30,100,31,200,32,21,33,201,34,297,35,5000,36,251,21,100,20,1023,19,8,18,145,17,0,16,125,15,4,14,100,13,257,12,500,11,0,6178,2262
1773712020,26,21,26,31,27,77,28,0,29,0,30,179,31,200,32,21,33,201,34,297,35,5000,36,251,21,100,20,1023,19,8,18,345,17,0,16,625,15,4,14,100,13,257,12,500,11,365,6257,3327
1773712021,26,21,26,31,27,77,28,0,29,0,30,179,31,200,32,21,33,201,34,297,35,5000,36,251,21,100,20,1023,19,8,18,345,17,0,16,625,15,4,14,100,13,257,12,500,11,365,6257,3327
1773712022,26,22,26,31,27,77,28,0,29,0,30,100,31,0,32,200,33,201,34,297,35,5000,36,98,22,23,21,0,20,0,19,58,18,345,17,0,16,625,15,4,14,0,13,622,12,500,6004,2177
1773712023,26,21,26,31,27,77,28,0,29,0,30,100,31,0,32,200,33,201,34,297,35,5000,36,102,21,50,20,23,19,8,18,490,17,0,16,625,15,4,14,50,13,257,12,0,11,365,6008,1872
1773712024,26,23,26,31,27,77,28,0,29,0,30,0,31,100,32,200,33,201,34,297,35,5000,36,102,23,22,22,0,21,50,20,1000,19,153,18,0,17,200,16,625,15,4,14,50,13,257,6008,2361
1773712025,26,23,26,31,27,77,28,0,29,0,30,200,31,100,32,0,33,201,34,297,35,5057,36,0,23,22,22,0,21,50,20,1000,19,153,18,0,17,200,16,625,15,4,14,50,13,257,5963,2361
1773712026,26,23,26,31,27,77,28,0,29,81,30,0,31,300,32,14,33,201,34,297,35,5000,36,0,23,22,22,0,21,50,20,1000,19,153,18,0,17,200,16,625,15,4,14,0,13,623,6001,2677
1773712027,26,23,26,31,27,77,28,100,29,0,30,0,31,200,32,14,33,201,34,297,35,5000,36,251,23,22,22,0,21,50,20,1000,19,153,18,0,17,200,16,625,15,4,14,0,13,623,6171,2677
1773712028,26,23,26,31,27,77,28,0,29,200,30,100,31,0,32,117,33,201,34,297,35,5000,36,251,23,22,22,0,21,0,20,50,19,153,18,0,17,200,16,625,15,4,14,0,13,623,6274,1677
1773712029,26,23,26,10,27,77,28,150,29,0,30,0,31,200,32,117,33,201,34,297,35,5000,36,251,23,22,22,0,21,50,20,0,19,153,18,0,17,200,16,625,15,4,14,0,13,623,6303,1677
1773712030,26,23,26,31,27,59,28,0,29,200,30,150,31,0,32,35,33,201,34,297,35,5000,36,251,23,22,22,0,21,50,20,1000,19,153,18,0,17,200,16,625,15,4,14,0,13,628,6224,2682
1773712031,25,23,25,10,26,181,27,103,28,0,29,0,30,0,31,200,32,64,33,201,34,297,35,5000,23,22,22,0,21,50,20,1000,19,153,18,0,17,200,16,625,15,4,14,0,13,628,6056,2682
1773712032,26,21,26,31,27,59,28,100,29,200,30,0,31,0,32,71,33,201,34,297,35,5000,36,251,21,7,20,1000,19,50,18,200,17,145,16,625,15,4,14,0,13,622,12,0,11,365,6210,3018
1773712033,25,20,25,10,26,52,27,49,28,100,29,200,30,0,31,0,32,71,33,201,34,297,35,5000,20,1007,19,50,18,200,17,145,16,625,15,4,14,0,13,622,12,0,11,365,10,671,5980,3689
1773712034,25,20,25,21,26,41,27,49,28,0,29,200,30,100,31,0,32,119,33,201,34,297,35,5000,20,7,19,50,18,200,17,145,16,625,15,4,14,0,13,622,12,0,11,365,10,671,6028,2689
1773712035,25,20,25,21,26,41,27,49,28,0,29,200,30,100,31,0,32,119,33,201,34,297,35,5000,20,39,19,50,18,200,17,145,16,625,15,4,14,0,13,622,12,0,11,365,10,671,6028,2721
1773712036,25,20,25,21,26,41,27,49,28,0,29,200,30,100,31,0,32,119,33,201,34,297,35,5000,20,1007,19,50,18,0,17,145,16,125,15,4,14,0,13,613,12,0,11,365,10,671,6028,2980
1773712037,25,21,25,21,26,41,27,49,28,0,29,100,30,200,31,15,32,119,33,201,34,297,35,5000,21,38,20,1007,19,50,18,200,17,145,16,625,15,4,14,0,13,356,12,0,11,365,6043,2790
1773712038,25,21,25,21,26,10,27,49,28,100,29,84,30,200,31,15,32,21,33,201,34,297,35,5000,21,38,20,1007,19,50,18,200,17,145,16,625,15,4,14,0,13,356,12,0,11,365,5998,2790
1773712039,25,21,25,21,26,0,27,49,28,0,29,10,30,96,31,115,32,221,33,201,34,297,35,5000,21,38,20,1007,19,50,18,200,17,145,16,625,15,4,14,0,13,356,12,0,11,365,6010,2790
1773712040,24,21,24,33,25,21,26,0,27,49,28,0,29,0,30,26,31,189,32,221,33,201,34,297,21,45,20,0,19,50,18,200,17,145,16,625,15,4,14,0,13,356,12,0,11,365,1037,1790
1773712041,23,21,23,10,24,54,25,0,26,0,27,49,28,0,29,100,30,186,31,289,32,21,33,0,21,22,20,0,19,50,18,200,17,290,16,625,15,4,14,0,13,356,12,0,11,365,709,1912
1773712042,23,21,23,21,24,33,25,0,26,0,27,49,28,10,29,100,30,257,31,215,32,21,33,0,21,15,20,1007,19,0,18,42,17,290,16,125,15,4,14,0,13,326,12,0,11,365,706,2174
1773712043,23,21,23,21,24,33,25,100,26,200,27,49,28,10,29,500,30,257,31,15,32,21,33,0,21,15,20,1049,19,274,18,200,17,290,16,625,15,739,14,0,13,326,12,0,11,365,1206,3883
1773712044,23,21,23,21,24,143,25,135,26,0,27,200,28,210,29,500,30,160,31,15,32,1981,33,0,21,15,20,1049,19,274,18,200,17,290,16,625,15,739,14,0,13,326,12,0,11,365,3365,3883
1773712045,23,21,23,20,24,43,25,49,26,100,27,200,28,297,29,500,30,160,31,15,32,1981,33,0,21,15,20,1049,19,274,18,200,17,290,16,625,15,739,14,0,13,326,12,0,11,365,3365,3883
1773712046,23,21,23,20,24,43,25,49,26,300,27,23,28,297,29,500,30,160,31,15,32,1981,33,0,21,15,20,49,19,274,18,200,17,290,16,625,15,739,14,0,13,326,12,0,11,365,3388,2883
1773712047,23,21,23,20,24,33,25,59,26,300,27,23,28,297,29,500,30,160,31,15,32,1981,33,0,21,15,20,49,19,274,18,200,17,290,16,625,15,739,14,0,13,326,12,0,11,365,3388,2883
1773712048,24,21,24,43,25,49,26,300,27,23,28,297,29,500,30,160,31,15,32,1981,33,0,34,0,21,15,20,1049,19,274,18,0,17,145,16,125,15,739,14,0,13,333,12,0,11,365,3368,3045
1773712049,24,20,24,43,25,149,26,200,27,38,28,297,29,500,30,160,31,0,32,1981,33,0,34,0,20,1059,19,274,18,200,17,290,16,125,15,739,14,0,13,618,12,0,11,365,10,671,3368,4341
1773712050,23,20,23,10,24,133,25,137,26,200,27,38,28,297,29,500,30,160,31,0,32,1981,33,0,20,1059,19,274,18,200,17,290,16,125,15,739,14,0,13,618,12,0,11,365,10,671,3456,4341
1773712051,24,20,24,96,25,196,26,200,27,38,28,297,29,500,30,160,31,0,32,1981,33,0,34,0,20,1015,19,274,18,242,17,0,16,770,15,739,14,0,13,593,12,0,11,365,10,671,3468,4669
1773712052,23,20,23,10,24,86,25,196,26,200,27,38,28,297,29,500,30,160,31,0,32,1981,33,0,20,15,19,274,18,42,17,200,16,415,15,739,14,0,13,585,12,0,11,365,10,671,3468,3306
1773712053,23,20,23,10,24,33,25,49,26,46,27,38,28,0,29,100,30,360,31,0,32,21,33,0,20,15,19,0,18,42,17,200,16,915,15,4,14,0,13,585,12,0,11,0,10,671,657,2432
1773712054,24,20,24,33,25,49,26,0,27,75,28,100,29,201,30,360,31,0,32,21,33,0,34,135,20,1015,19,42,18,200,17,0,16,770,15,4,14,0,13,585,12,0,11,0,10,671,974,3287
1773712055,24,20,24,33,25,49,26,10,27,50,28,115,29,201,30,360,31,0,32,21,33,0,34,135,20,1015,19,0,18,42,17,200,16,770,15,4,14,0,13,585,12,0,11,0,10,671,974,3287
1773712056,24,20,24,33,25,49,26,10,27,50,28,115,29,201,30,360,31,0,32,21,33,0,34,135,20,1015,19,42,18,200,17,0,16,770,15,4,14,0,13,585,12,0,11,0,10,671,974,3287
1773712057,24,20,24,33,25,49,26,10,27,50,28,115,29,201,30,360,31,0,32,21,33,0,34,135,20,1015,19,42,18,0,17,200,16,770,15,4,14,0,13,585,12,0,11,0,10,671,974,3287
1773712058,24,20,24,33,25,49,26,10,27,50,28,115,29,201,30,360,31,0,32,21,33,0,34,135,20,15,19,0,18,42,17,200,16,770,15,4,14,0,13,585,12,0,11,0,10,671,974,2287
1773712059,24,20,24,33,25,49,26,10,27,50,28,115,29,201,30,360,31,0,32,21,33,0,34,135,20,1015,19,0,18,42,17,200,16,770,15,4,14,0,13,585,12,0,11,0,10,671,974,3287
1773712060,24,20,24,33,25,49,26,10,27,50,28,115,29,201,30,360,31,0,32,21,33,0,34,135,20,1015,19,0,18,42,17,200,16,770,15,4,14,389,13,585,12,0,11,0,10,671,974,3676
1773712061,23,20,23,10,24,56,25,49,26,0,27,27,28,15,29,137,30,188,31,200,32,21,33,0,20,1061,19,0,18,47,17,200,16,915,15,4,14,389,13,585,12,0,11,0,10,25,703,3226
1773712062,23,20,23,10,24,156,25,410,26,584,27,200,28,15,29,0,30,160,31,0,32,521,33,0,20,1015,19,0,18,5,17,0,16,125,15,4,14,389,13,285,12,0,11,0,10,25,2056,1848
1773712063,22,20,22,10,23,0,24,156,25,410,26,584,27,0,28,15,29,0,30,160,31,0,32,231,20,1015,19,0,18,0,17,0,16,130,15,4,14,389,13,0,12,200,11,0,10,802,1566,2540
1773712064,23,20,23,10,24,156,25,361,26,584,27,0,28,15,29,0,30,0,31,0,32,231,33,0,20,15,19,0,18,0,17,0,16,125,15,4,14,389,13,0,12,200,11,514,10,649,1357,1896
1773712065,23,20,23,10,24,156,25,361,26,584,27,0,28,15,29,0,30,0,31,0,32,231,33,0,20,20,19,0,18,0,17,24,16,125,15,4,14,389,13,0,12,200,11,500,10,803,1357,2065
1773712066,23,20,23,10,24,56,25,100,26,584,27,0,28,15,29,0,30,0,31,0,32,231,33,0,20,1020,19,0,18,0,17,24,16,125,15,4,14,389,13,0,12,0,11,0,10,803,996,2365
1773712067,23,20,23,10,24,56,25,100,26,584,27,0,28,0,29,0,30,0,31,15,32,91,33,0,20,1020,19,0,18,0,17,24,16,125,15,4,14,389,13,0,12,0,11,0,10,680,856,2242
1773712068,23,20,23,10,24,56,25,100,26,584,27,0,28,0,29,0,30,0,31,15,32,91,33,0,20,1020,19,0,18,0,17,24,16,125,15,4,14,389,13,0,12,0,11,0,10,820,856,2382
1773712069,23,20,23,10,24,56,25,100,26,584,27,0,28,0,29,0,30,0,31,15,32,112,33,0,20,1020,19,0,18,0,17,24,16,125,15,4,14,389,13,0,12,200,11,0,10,803,877,2565
1773712070,23,20,23,10,24,56,25,100,26,584,27,0,28,0,29,0,30,0,31,15,32,112,33,0,20,20,19,0,18,0,17,24,16,125,15,4,14,389,13,0,12,0,11,214,10,649,877,1425
1773712071,23,20,23,10,24,56,25,161,26,584,27,0,28,0,29,0,30,0,31,15,32,112,33,0,20,20,19,0,18,0,17,24,16,125,15,4,14,389,13,0,12,0,11,0,10,820,938,1382
1773712072,22,20,22,30,23,585,24,56,25,61,26,0,27,14,28,0,29,0,30,0,31,15,32,0,20,1020,19,0,18,0,17,24,16,125,15,4,14,389,13,0,12,0,11,0,10,817,761,2379
1773712073,22,20,22,130,23,585,24,56,25,61,26,0,27,14,28,0,29,0,30,0,31,15,32,0,20,1020,19,0,18,0,17,24,16,125,15,4,14,389,13,0,12,0,11,28,10,649,861,2239
1773712074,22,20,22,130,23,585,24,56,25,61,26,0,27,14,28,0,29,0,30,0,31,15,32,0,20,1015,19,0,18,0,17,24,16,125,15,4,14,389,13,0,12,200,11,500,10,800,861,3057
1773712075,22,20,22,130,23,585,24,56,25,61,26,0,27,14,28,0,29,0,30,0,31,0,32,0,20,1015,19,0,18,0,17,24,16,125,15,4,14,389,13,0,12,200,11,511,10,649,846,2917
1773712076,22,20,22,190,23,585,24,56,25,61,26,0,27,14,28,0,29,0,30,0,31,0,32,0,20,15,19,0,18,0,17,24,16,125,15,4,14,389,13,0,12,200,11,11,10,649,906,1417
1773712077,22,20,22,130,23,585,24,56,25,61,26,0,27,14,28,0,29,0,30,0,31,0,32,0,20,2,19,0,18,0,17,24,16,125,15,4,14,0,13,0,12,0,11,0,10,800,846,955
1773712078,22,20,22,557,23,585,24,56,25,61,26,0,27,14,28,0,29,0,30,0,31,0,32,0,20,1002,19,0,18,0,17,24,16,125,15,4,14,0,13,0,12,0,11,0,10,827,1273,1982
1773712079,22,20,22,497,23,608,24,33,25,61,26,0,27,14,28,0,29,0,30,0,31,0,32,0,20,1002,19,0,18,0,17,24,16,125,15,4,14,0,13,0,12,0,11,0,10,666,1213,1821
1773712080,21,20,21,115,22,397,23,608,24,33,25,61,26,0,27,14,28,0,29,0,30,0,31,0,20,1000,19,0,18,0,17,44,16,125,15,4,14,0,13,0,12,0,11,700,10,25,1228,1898
1773712081,21,20,21,115,22,387,23,608,24,33,25,0,26,0,27,14,28,0,29,0,30,0,31,0,20,1000,19,0,18,0,17,44,16,125,15,4,14,0,13,0,12,0,11,200,10,42,1157,1415
1773712082,21,17,21,115,22,387,23,608,24,33,25,0,26,0,27,14,28,0,29,0,30,0,31,0,17,55,16,125,15,4,14,0,13,0,12,0,11,700,10,25,9,0,8,0,7,0,1157,909
1773712083,21,17,21,125,22,243,23,608,24,33,25,0,26,0,27,14,28,0,29,0,30,0,31,0,17,39,16,125,15,4,14,0,13,0,12,0,11,700,10,203,9,0,8,0,7,0,1023,1071
1773712084,21,20,21,25,22,120,23,608,24,33,25,0,26,0,27,14,28,0,29,0,30,0,31,0,20,1000,19,0,18,0,17,39,16,125,15,4,14,0,13,0,12,0,11,0,10,207,800,1375
1773712085,21,20,21,15,22,130,23,608,24,33,25,0,26,0,27,14,28,0,29,0,30,0,31,0,20,1000,19,0,18,0,17,39,16,125,15,4,14,0,13,0,12,0,11,0,10,50,800,1218
1773712086,22,20,22,130,23,608,24,33,25,0,26,0,27,14,28,0,29,0,30,15,31,309,32,0,20,1000,19,0,18,0,17,39,16,125,15,4,14,0,13,0,12,0,11,0,10,207,1109,1375
1773712087,21,20,21,10,22,120,23,608,24,33,25,0,26,0,27,14,28,0,29,0,30,15,31,0,20,1000,19,0,18,0,17,39,16,125,15,4,14,0,13,0,12,0,11,700,10,50,800,1918
1773712088,21,17,21,10,22,120,23,608,24,33,25,0,26,0,27,14,28,0,29,0,30,15,31,0,17,44,16,125,15,4,14,0,13,0,12,0,11,700,10,67,9,0,8,0,7,545,800,1485
1773712089,21,17,21,100,22,411,23,608,24,33,25,0,26,0,27,14,28,0,29,0,30,15,31,248,17,39,16,125,15,4,14,0,13,0,12,0,11,0,10,203,9,0,8,0,7,545,1429,916
1773712090,21,20,21,110,22,401,23,608,24,33,25,0,26,0,27,14,28,0,29,0,30,15,31,248,20,1000,19,0,18,0,17,39,16,125,15,4,14,0,13,0,12,0,11,0,10,645,1429,1813
1773712091,21,20,21,100,22,401,23,608,24,33,25,0,26,0,27,14,28,0,29,0,30,15,31,248,20,1000,19,0,18,0,17,39,16,125,15,4,14,0,13,0,12,0,11,200,10,645,1419,2013
1773712092,21,20,21,100,22,401,23,608,24,33,25,0,26,0,27,14,28,0,29,0,30,15,31,248,20,1000,19,0,18,0,17,24,16,125,15,4,14,0,13,0,12,0,11,0,10,645,1419,1798
1773712093,21,20,21,107,22,394,23,608,24,33,25,0,26,0,27,14,28,0,29,0,30,15,31,248,20,1000,19,0,18,0,17,24,16,125,15,4,14,0,13,0,12,0,11,200,10,505,1419,1858
1773712094,21,17,21,133,22,394,23,585,24,33,25,0,26,0,27,14,28,0,29,0,30,15,31,248,17,24,16,125,15,4,14,0,13,0,12,200,11,0,10,505,9,0,8,0,7,545,1422,1403
1773712095,21,20,21,133,22,394,23,585,24,33,25,0,26,0,27,14,28,0,29,0,30,15,31,248,20,1000,19,0,18,0,17,24,16,125,15,4,14,0,13,0,12,0,11,0,10,645,1422,1798
1773712096,21,20,21,133,22,394,23,585,24,33,25,0,26,0,27,14,28,0,29,0,30,15,31,248,20,1000,19,0,18,0,17,24,16,125,15,4,14,0,13,0,12,0,11,0,10,683,1422,1836
1773712097,21,20,21,133,22,394,23,585,24,33,25,0,26,0,27,14,28,0,29,0,30,15,31,248,20,1000,19,0,18,0,17,24,16,125,15,4,14,0,13,0,12,0,11,0,10,526,1422,1679
1773712098,21,20,21,133,22,394,23,585,24,33,25,0,26,0,27,14,28,0,29,0,30,15,31,248,20,1000,19,0,18,0,17,24,16,125,15,4,14,0,13,0,12,0,11,200,10,666,1422,2019
1773712099,21,20,21,123,22,394,23,585,24,33,25,0,26,0,27,14,28,0,29,0,30,15,31,248,20,1000,19,0,18,0,17,24,16,125,15,4,14,0,13,0,12,0,11,200,10,505,1412,1858
1773712100,21,17,21,133,22,394,23,585,24,33,25,0,26,0,27,14,28,0,29,0,30,15,31,248,17,24,16,125,15,4,14,0,13,0,12,0,11,200,10,662,9,0,8,0,7,545,1422,1560
1773712101,21,20,21,133,22,394,23,585,24,33,25,0,26,0,27,14,28,0,29,0,30,15,31,248,20,1000,19,0,18,0,17,24,16,125,15,4,14,0,13,0,12,0,11,0,10,662,1422,1815
1773712102,21,20,21,133,22,394,23,585,24,33,25,0,26,0,27,0,28,42,29,0,30,15,31,248,20,1000,19,0,18,0,17,24,16,125,15,4,14,0,13,0,12,200,11,0,10,673,1450,2026
1773712103,21,20,21,123,22,394,23,585,24,33,25,0,26,0,27,14,28,0,29,0,30,15,31,248,20,1000,19,0,18,0,17,24,16,125,15,4,14,0,13,0,12,0,11,0,10,533,1412,1686
1773712104,21,20,21,123,22,394,23,585,24,33,25,0,26,0,27,0,28,42,29,0,30,15,31,248,20,1000,19,0,18,0,17,24,16,125,15,4,14,0,13,0,12,0,11,200,10,186,1440,1539
1773712105,21,20,21,123,22,394,23,585,24,33,25,0,26,0,27,14,28,0,29,0,30,15,31,248,20,1000,19,0,18,0,17,24,16,125,15,204,14,0,13,0,12,0,11,500,10,186,1412,2039
1773712106,21,17,21,133,22,394,23,585,24,33,25,0,26,0,27,14,28,0,29,0,30,15,31,248,17,24,16,125,15,4,14,0,13,0,12,0,11,836,10,25,9,0,8,0,7,545,1422,1559
1773712107,21,20,21,133,22,394,23,585,24,33,25,0,26,0,27,0,28,42,29,0,30,15,31,248,20,1000,19,0,18,0,17,24,16,125,15,4,14,0,13,0,12,0,11,0,10,235,1450,1388
1773712108,21,20,21,110,22,394,23,585,24,33,25,0,26,0,27,14,28,0,29,0,30,15,31,248,20,1000,19,0,18,0,17,24,16,125,15,4,14,0,13,0,12,0,11,0,10,252,1399,1405
1773712109,21,20,21,115,22,394,23,585,24,33,25,0,26,0,27,14,28,0,29,0,30,0,31,248,20,1000,19,0,18,0,17,24,16,125,15,4,14,0,13,0,12,0,11,0,10,235,1389,1388
1773712110,21,20,21,115,22,394,23,585,24,33,25,0,26,0,27,14,28,0,29,0,30,0,31,248,20,1000,19,0,18,0,17,0,16,125,15,4,14,0,13,0,12,0,11,700,10,235,1389,2064
1773712111,21,20,21,115,22,394,23,585,24,33,25,0,26,0,27,14,28,0,29,0,30,0,31,248,20,1000,19,0,18,0,17,0,16,125,15,4,14,0,13,0,12,200,11,570,10,25,1389,1924
1773712112,21,16,21,115,22,394,23,585,24,33,25,0,26,0,27,14,28,0,29,0,30,0,31,248,16,125,15,4,14,0,13,0,12,200,11,70,10,525,9,0,8,0,7,0,6,0,1389,924
1773712113,21,20,21,125,22,394,23,585,24,33,25,0,26,0,27,14,28,0,29,0,30,0,31,248,20,1000,19,0,18,0,17,0,16,125,15,4,14,0,13,0,12,200,11,0,10,735,1399,2064
1773712114,21,20,21,125,22,394,23,585,24,33,25,0,26,0,27,14,28,0,29,0,30,0,31,248,20,1000,19,0,18,0,17,0,16,125,15,4,14,0,13,0,12,200,11,652,10,674,1399,2655
1773712115,21,20,21,115,22,394,23,585,24,33,25,0,26,0,27,14,28,0,29,0,30,0,31,248,20,1000,19,0,18,0,17,0,16,125,15,4,14,0,13,0,12,200,11,652,10,674,1389,2655
1773712116,21,20,21,115,22,394,23,585,24,33,25,0,26,0,27,14,28,0,29,0,30,0,31,248,20,1000,19,0,18,0,17,0,16,125,15,4,14,0,13,0,12,200,11,652,10,674,1389,2655
1773712117,21,20,21,125,22,394,23,585,24,33,25,0,26,0,27,14,28,0,29,0,30,0,31,248,20,1000,19,0,18,0,17,0,16,125,15,4,14,0,13,0,12,200,11,722,10,464,1399,2515
1773712118,21,16,21,125,22,394,23,585,24,33,25,0,26,0,27,14,28,0,29,0,30,0,31,248,16,125,15,4,14,0,13,0,12,200,11,722,10,464,9,0,8,0,7,0,6,557,1399,2072
1773712119,21,20,21,115,22,394,23,585,24,33,25,0,26,0,27,14,28,0,29,0,30,0,31,248,20,1000,19,0,18,0,17,0,16,125,15,4,14,0,13,0,12,200,11,652,10,674,1389,2655
1773712120,21,20,21,115,22,394,23,585,24,33,25,0,26,0,27,14,28,0,29,0,30,0,31,248,20,977,19,0,18,0,17,0,16,125,15,4,14,0,13,0,12,200,11,652,10,674,1389,2632
1773712121,21,20,21,115,22,394,23,585,24,33,25,0,26,0,27,14,28,0,29,0,30,0,31,248,20,1000,19,0,18,0,17,0,16,125,15,4,14,0,13,0,12,200,11,652,10,674,1389,2655
1773712122,21,20,21,115,22,394,23,585,24,33,25,0,26,0,27,14,28,0,29,0,30,0,31,248,20,1000,19,0,18,0,17,0,16,125,15,4,14,0,13,0,12,200,11,652,10,666,1389,2647
1773712123,21,16,21,115,22,394,23,585,24,33,25,0,26,0,27,14,28,0,29,0,30,0,31,248,16,130,15,4,14,0,13,0,12,200,11,714,10,464,9,0,8,0,7,0,6,557,1389,2069
1773712124,21,16,21,125,22,394,23,585,24,33,25,0,26,0,27,14,28,0,29,0,30,0,31,248,16,130,15,4,14,0,13,0,12,200,11,714,10,464,9,0,8,0,7,0,6,557,1399,2069
1773712125,21,20,21,125,22,394,23,585,24,33,25,0,26,0,27,14,28,0,29,0,30,0,31,248,20,1000,19,0,18,0,17,0,16,125,15,4,14,0,13,0,12,200,11,652,10,666,1399,2647
1773712126,21,20,21,125,22,394,23,585,24,33,25,0,26,0,27,14,28,0,29,0,30,0,31,248,20,1000,19,0,18,0,17,0,16,125,15,4,14,0,13,345,12,200,11,652,10,666,1399,2992
1773712127,21,20,21,115,22,394,23,585,24,33,25,0,26,0,27,14,28,0,29,0,30,0,31,248,20,1000,19,0,18,0,17,0,16,125,15,4,14,200,13,345,12,0,11,652,10,666,1389,2992
1773712128,21,20,21,115,22,394,23,585,24,33,25,0,26,0,27,14,28,0,29,0,30,0,31,248,20,1000,19,0,18,0,17,0,16,125,15,4,14,200,13,345,12,0,11,652,10,666,1389,2992
1773712129,21,20,21,115,22,394,23,585,24,33,25,0,26,0,27,14,28,0,29,0,30,0,31,248,20,1000,19,0,18,0,17,0,16,130,15,4,14,200,13,345,12,0,11,714,10,464,1389,2857
1773712130,21,16,21,115,22,394,23,585,24,33,25,0,26,0,27,14,28,0,29,0,30,0,31,248,16,130,15,4,14,200,13,345,12,0,11,714,10,464,9,0,8,0,7,0,6,557,1389,2414
1773712131,21,20,21,125,22,394,23,585,24,33,25,0,26,0,27,14,28,0,29,0,30,0,31,248,20,1000,19,0,18,0,17,0,16,125,15,4,14,793,13,345,12,0,11,652,10,666,1399,3585
1773712132,21,20,21,125,22,394,23,585,24,33,25,0,26,0,27,14,28,0,29,0,30,0,31,248,20,1000,19,0,18,0,17,0,16,125,15,4,14,793,13,345,12,0,11,652,10,666,1399,3585
1773712133,21,20,21,125,22,394,23,585,24,33,25,0,26,0,27,14,28,0,29,0,30,0,31,248,20,1000,19,0,18,0,17,0,16,125,15,4,14,793,13,345,12,0,11,652,10,666,1399,3585
1773712134,21,20,21,115,22,394,23,585,24,33,25,0,26,0,27,14,28,0,29,0,30,0,31,248,20,1000,19,0,18,0,17,0,16,125,15,4,14,793,13,345,12,0,11,562,10,464,1389,3293
1773712135,21,20,21,115,22,394,23,585,24,33,25,0,26,0,27,14,28,0,29,0,30,0,31,248,20,1000,19,0,18,0,17,0,16,130,15,4,14,793,13,345,12,0,11,562,10,464,1389,3298
1773712136,21,16,21,125,22,394,23,585,24,0,25,0,26,0,27,14,28,0,29,0,30,0,31,248,16,130,15,450,14,793,13,345,12,0,11,562,10,25,9,0,8,0,7,0,6,0,1366,2305
1773712137,21,20,21,125,22,394,23,585,24,0,25,0,26,0,27,14,28,0,29,0,30,0,31,248,20,1000,19,0,18,0,17,0,16,631,15,450,14,793,13,345,12,0,11,500,10,227,1366,3946
1773712138,21,20,21,125,22,394,23,585,24,0,25,0,26,0,27,14,28,0,29,0,30,0,31,248,20,1000,19,0,18,0,17,0,16,631,15,450,14,793,13,345,12,0,11,500,10,227,1366,3946
1773712139,21,20,21,125,22,374,23,585,24,0,25,0,26,0,27,0,28,0,29,0,30,413,31,248,20,1000,19,0,18,0,17,0,16,631,15,450,14,793,13,345,12,0,11,500,10,227,1745,3946
1773712140,21,20,21,15,22,484,23,585,24,0,25,0,26,0,27,0,28,0,29,0,30,421,31,248,20,1000,19,0,18,0,17,0,16,631,15,450,14,793,13,345,12,0,11,562,10,25,1753,3806
1773712141,21,20,21,62,22,474,23,585,24,0,25,0,26,0,27,0,28,0,29,225,30,421,31,0,20,1000,19,0,18,0,17,0,16,636,15,450,14,793,13,345,12,0,11,562,10,25,1767,3811
1773712142,21,17,21,72,22,474,23,585,24,0,25,0,26,0,27,0,28,0,29,225,30,421,31,0,17,1,16,636,15,450,14,793,13,345,12,0,11,563,10,25,9,0,8,0,7,0,1777,2813
1773712143,21,20,21,15,22,484,23,585,24,0,25,0,26,0,27,0,28,0,29,225,30,421,31,0,20,1000,19,0,18,0,17,0,16,631,15,450,14,793,13,345,12,0,11,500,10,227,1730,3946
1773712144,21,20,21,15,22,484,23,585,24,0,25,0,26,0,27,0,28,0,29,225,30,421,31,0,20,1000,19,0,18,0,17,0,16,631,15,450,14,793,13,345,12,0,11,500,10,227,1730,3946
1773712145,21,20,21,15,22,484,23,585,24,0,25,0,26,0,27,0,28,0,29,225,30,421,31,0,20,1000,19,0,18,0,17,0,16,631,15,450,14,793,13,345,12,0,11,500,10,227,1730,3946
1773712146,21,20,21,25,22,474,23,585,24,0,25,0,26,0,27,0,28,0,29,225,30,449,31,0,20,1000,19,0,18,0,17,0,16,631,15,450,14,793,13,345,12,0,11,500,10,227,1758,3946
1773712147,21,20,21,12,22,484,23,585,24,0,25,0,26,0,27,0,28,0,29,225,30,421,31,0,20,1000,19,0,18,0,17,0,16,636,15,450,14,793,13,345,12,0,11,562,10,25,1727,3811
1773712148,21,16,21,71,22,474,23,585,24,0,25,0,26,0,27,0,28,0,29,225,30,351,31,0,16,636,15,450,14,793,13,0,12,0,11,500,10,227,9,0,8,0,7,0,6,357,1706,2963
1773712149,23,21,23,110,24,354,25,584,26,0,27,0,28,0,29,225,30,76,31,0,32,0,33,0,21,203,20,1000,19,0,18,0,17,753,16,631,15,450,14,593,13,0,12,0,11,344,1349,3974
1773712150,23,21,23,110,24,354,25,584,26,0,27,0,28,0,29,225,30,0,31,326,32,0,33,0,21,203,20,1000,19,0,18,0,17,753,16,631,15,450,14,593,13,0,12,0,11,344,1599,3974
1773712151,23,21,23,110,24,354,25,584,26,0,27,0,28,0,29,225,30,0,31,326,32,0,33,0,21,203,20,1000,19,0,18,0,17,753,16,631,15,450,14,593,13,0,12,0,11,344,1599,3974
1773712152,23,21,23,110,24,354,25,584,26,0,27,0,28,0,29,225,30,0,31,326,32,0,33,0,21,1203,20,0,19,0,18,0,17,753,16,631,15,450,14,593,13,0,12,0,11,352,1599,3982
1773712153,23,21,23,110,24,354,25,584,26,0,27,0,28,0,29,225,30,0,31,326,32,0,33,0,21,1203,20,0,19,0,18,0,17,753,16,631,15,450,14,593,13,0,12,0,11,344,1599,3974
1773712154,23,21,23,110,24,354,25,584,26,0,27,0,28,0,29,225,30,0,31,326,32,0,33,0,21,203,20,0,19,0,18,0,17,753,16,631,15,450,14,593,13,0,12,0,11,344,1599,2974
1773712155,23,21,23,110,24,354,25,584,26,0,27,0,28,0,29,225,30,0,31,326,32,0,33,0,21,1203,20,0,19,0,18,0,17,753,16,631,15,450,14,593,13,0,12,0,11,344,1599,3974
1773712156,23,21,23,110,24,354,25,584,26,0,27,0,28,0,29,225,30,0,31,326,32,0,33,0,21,1203,20,0,19,0,18,0,17,835,16,631,15,450,14,593,13,0,12,0,11,344,1599,4056
1773712157,23,21,23,110,24,354,25,584,26,0,27,0,28,0,29,225,30,0,31,326,32,0,33,0,21,1203,20,0,19,0,18,0,17,835,16,631,15,450,14,593,13,0,12,0,11,344,1599,4056
1773712158,23,21,23,110,24,354,25,584,26,0,27,0,28,0,29,225,30,0,31,326,32,0,33,0,21,1000,20,0,19,0,18,0,17,0,16,125,15,4,14,0,13,0,12,0,11,652,1599,1781
1773712159,23,17,23,110,24,354,25,584,26,0,27,0,28,0,29,225,30,0,31,350,32,0,33,0,17,5,16,135,15,4,14,200,13,84,12,338,11,655,10,25,9,610,8,0,7,332,1623,2388
1773712160,22,17,22,10,23,100,24,354,25,584,26,0,27,0,28,0,29,225,30,0,31,321,32,0,17,5,16,130,15,4,14,200,13,84,12,338,11,655,10,25,9,610,8,0,7,332,1594,2383
1773712161,23,21,23,110,24,354,25,584,26,0,27,0,28,0,29,225,30,0,31,321,32,0,33,0,21,1000,20,0,19,0,18,0,17,0,16,125,15,4,14,0,13,0,12,1038,11,590,1594,2757
1773712162,22,21,22,21,23,180,24,554,25,584,26,0,27,0,28,0,29,225,30,0,31,350,32,0,21,1000,20,0,19,0,18,0,17,117,16,125,15,4,14,0,13,200,12,838,11,807,1914,3091
1773712163,22,21,22,21,23,180,24,554,25,584,26,0,27,0,28,0,29,0,30,0,31,490,32,500,21,1000,20,0,19,0,18,0,17,77,16,125,15,4,14,0,13,0,12,1038,11,590,2329,2834
1773712164,22,21,22,21,23,180,24,554,25,584,26,0,27,0,28,0,29,0,30,0,31,490,32,500,21,1000,20,0,19,0,18,0,17,0,16,125,15,257,14,0,13,0,12,338,11,639,2329,2359
1773712165,22,17,22,31,23,100,24,354,25,584,26,0,27,0,28,0,29,0,30,0,31,490,32,500,17,33,16,125,15,257,14,200,13,82,12,338,11,49,10,25,9,610,8,0,7,332,2059,2051
1773712166,22,16,22,30,23,110,24,354,25,584,26,0,27,0,28,0,29,0,30,0,31,462,32,500,16,330,15,757,14,0,13,82,12,1038,11,0,10,605,9,610,8,0,7,332,6,0,2040,3754
1773712167,22,21,22,30,23,110,24,554,25,584,26,0,27,0,28,0,29,0,30,0,31,490,32,500,21,1000,20,0,19,0,18,0,17,0,16,125,15,257,14,0,13,0,12,1038,11,0,2268,2420
1773712168,22,21,22,30,23,110,24,354,25,584,26,0,27,0,28,0,29,0,30,0,31,462,32,500,21,1000,20,0,19,0,18,0,17,89,16,125,15,257,14,0,13,0,12,1073,11,0,2040,2544
1773712169,22,21,22,30,23,110,24,354,25,584,26,0,27,0,28,0,29,0,30,0,31,490,32,500,21,1000,20,0,19,0,18,0,17,89,16,125,15,257,14,0,13,0,12,1076,11,0,2068,2547
1773712170,22,21,22,40,23,100,24,354,25,584,26,0,27,0,28,0,29,0,30,0,31,462,32,500,21,1000,20,0,19,0,18,0,17,5,16,125,15,257,14,0,13,200,12,338,11,52,2040,1977
1773712171,22,17,22,40,23,100,24,354,25,584,26,0,27,0,28,0,29,0,30,0,31,462,32,500,17,89,16,125,15,257,14,0,13,200,12,338,11,52,10,605,9,0,8,0,7,332,2040,1998
1773712172,22,17,22,40,23,100,24,354,25,584,26,0,27,0,28,0,29,0,30,0,31,462,32,500,17,89,16,125,15,457,14,0,13,496,12,418,11,0,10,605,9,0,8,0,7,332,2040,2522
1773712173,22,21,22,30,23,110,24,354,25,584,26,0,27,0,28,0,29,0,30,0,31,462,32,500,21,1000,20,0,19,0,18,0,17,92,16,125,15,257,14,0,13,496,12,338,11,217,2040,2525
1773712174,22,21,22,30,23,110,24,354,25,584,26,0,27,0,28,0,29,0,30,0,31,462,32,500,21,1000,20,0,19,0,18,0,17,92,16,125,15,257,14,200,13,496,12,338,11,217,2040,2725
1773712175,22,21,22,30,23,110,24,354,25,584,26,0,27,0,28,0,29,0,30,0,31,462,32,500,21,1000,20,0,19,0,18,0,17,5,16,125,15,257,14,200,13,496,12,387,11,0,2040,2470
1773712176,22,21,22,30,23,110,24,354,25,584,26,0,27,0,28,0,29,0,30,0,31,462,32,500,21,1000,20,0,19,0,18,0,17,5,16,125,15,257,14,285,13,496,12,387,11,0,2040,2555
1773712177,22,17,22,40,23,100,24,354,25,584,26,0,27,0,28,0,29,0,30,0,31,392,32,500,17,5,16,130,15,257,14,285,13,496,12,387,11,0,10,605,9,0,8,0,7,332,1970,2497
1773712178,22,17,22,40,23,100,24,354,25,584,26,0,27,0,28,0,29,0,30,0,31,462,32,500,17,5,16,130,15,204,14,0,13,496,12,76,11,0,10,605,9,0,8,0,7,332,2040,1848
1773712179,22,21,22,30,23,110,24,354,25,584,26,0,27,0,28,0,29,0,30,0,31,420,32,500,21,1000,20,0,19,0,18,0,17,5,16,125,15,4,14,286,13,496,12,49,11,0,1998,1965
1773712180,22,21,22,30,23,110,24,354,25,584,26,0,27,0,28,0,29,0,30,0,31,462,32,500,21,1000,20,0,19,0,18,0,17,5,16,125,15,4,14,286,13,496,12,49,11,0,2040,1965
1773712181,22,21,22,30,23,110,24,354,25,584,26,0,27,0,28,0,29,0,30,0,31,462,32,500,21,1000,20,0,19,0,18,0,17,92,16,125,15,4,14,423,13,496,12,0,11,217,2040,2357
1773712182,22,21,22,40,23,100,24,554,25,584,26,0,27,0,28,0,29,0,30,0,31,392,32,500,21,1000,20,0,19,0,18,0,17,92,16,125,15,4,14,423,13,496,12,0,11,189,2170,2329
1773712183,22,17,22,40,23,100,24,354,25,584,26,0,27,0,28,0,29,0,30,0,31,490,32,500,17,5,16,130,15,4,14,423,13,496,12,49,11,0,10,605,9,0,8,0,7,0,2068,1712
1773712184,22,17,22,30,23,110,24,354,25,584,26,0,27,0,28,0,29,0,30,0,31,462,32,500,17,88,16,125,15,4,14,423,13,496,12,49,11,0,10,605,9,0,8,0,7,0,2040,1790
1773712185,22,21,22,30,23,110,24,354,25,584,26,0,27,0,28,0,29,0,30,0,31,490,32,500,21,1000,20,0,19,0,18,0,17,88,16,125,15,4,14,423,13,496,12,0,11,217,2068,2353
1773712186,22,21,22,30,23,110,24,354,25,584,26,0,27,0,28,0,29,0,30,240,31,462,32,500,21,1000,20,0,19,0,18,0,17,5,16,125,15,4,14,423,13,496,12,49,11,0,2280,2102
1773712187,22,21,22,30,23,110,24,354,25,584,26,0,27,0,28,0,29,0,30,240,31,462,32,500,21,1000,20,0,19,0,18,0,17,88,16,125,15,4,14,423,13,496,12,49,11,0,2280,2185
1773712188,22,21,22,40,23,100,24,354,25,584,26,0,27,0,28,0,29,0,30,240,31,462,32,500,21,1000,20,0,19,0,18,0,17,88,16,125,15,4,14,423,13,496,12,49,11,0,2280,2185
1773712189,22,17,22,40,23,100,24,554,25,584,26,0,27,0,28,0,29,0,30,240,31,420,32,500,17,5,16,130,15,4,14,498,13,0,12,49,11,500,10,25,9,0,8,0,7,0,2438,1211
1773712190,22,17,22,30,23,110,24,354,25,584,26,0,27,0,28,0,29,0,30,240,31,420,32,500,17,5,16,130,15,4,14,498,13,0,12,49,11,0,10,525,9,0,8,0,7,0,2238,1211
1773712191,22,21,22,30,23,110,24,354,25,584,26,0,27,0,28,0,29,0,30,240,31,462,32,500,21,1000,20,0,19,0,18,0,17,5,16,125,15,4,14,423,13,0,12,0,11,189,2280,1746
1773712192,22,21,22,30,23,110,24,354,25,584,26,0,27,0,28,0,29,0,30,240,31,490,32,500,21,1000,20,0,19,0,18,0,17,87,16,125,15,4,14,423,13,0,12,49,11,0,2308,1688
1773712193,22,21,22,40,23,100,24,354,25,584,26,0,27,0,28,0,29,0,30,240,31,462,32,500,21,1000,20,0,19,0,18,0,17,87,16,125,15,4,14,223,13,200,12,28,11,0,2280,1667
1773712194,22,21,22,40,23,100,24,554,25,584,26,0,27,0,28,0,29,0,30,240,31,392,32,500,21,1000,20,0,19,0,18,0,17,5,16,125,15,4,14,423,13,0,12,0,11,696,2410,2253
1773712195,22,17,22,40,23,100,24,354,25,584,26,0,27,0,28,0,29,0,30,240,31,466,32,500,17,91,16,125,15,4,14,0,13,200,12,28,11,0,10,525,9,0,8,0,7,0,2284,973
1773712196,22,17,22,30,23,110,24,354,25,584,26,0,27,0,28,0,29,0,30,240,31,466,32,500,17,86,16,125,15,204,14,0,13,0,12,500,11,1277,10,654,9,0,8,0,7,0,2284,2846
1773712197,22,21,22,52,23,100,24,354,25,584,26,0,27,0,28,0,29,0,30,240,31,477,32,500,21,994,20,0,19,0,18,0,17,77,16,125,15,4,14,0,13,0,12,730,11,199,2307,2129
1773712198,22,21,22,42,23,173,24,354,25,584,26,0,27,0,28,0,29,0,30,240,31,477,32,500,21,989,20,0,19,0,18,0,17,77,16,125,15,4,14,0,13,0,12,692,11,199,2370,2086
1773712199,22,21,22,52,23,100,24,554,25,584,26,0,27,0,28,0,29,0,30,240,31,435,32,500,21,989,20,0,19,0,18,0,17,50,16,125,15,4,14,0,13,200,12,535,11,199,2465,2102
1773712200,22,21,22,42,23,100,24,354,25,584,26,0,27,0,28,0,29,0,30,240,31,402,32,500,21,979,20,0,19,0,18,0,17,79,16,125,15,4,14,0,13,0,12,0,11,234,2222,1421
1773712201,22,17,22,42,23,110,24,354,25,584,26,0,27,0,28,0,29,0,30,240,31,472,32,500,17,79,16,125,15,4,14,0,13,200,12,535,11,199,10,654,9,0,8,0,7,0,2302,1796
1773712202,22,16,22,52,23,100,24,354,25,584,26,0,27,0,28,0,29,0,30,240,31,472,32,500,16,140,15,204,14,0,13,0,12,586,11,1066,10,654,9,0,8,0,7,169,6,496,2302,3315
1773712203,22,21,22,42,23,125,24,354,25,584,26,0,27,0,28,0,29,0,30,240,31,500,32,500,21,969,20,0,19,0,18,0,17,15,16,125,15,4,14,0,13,0,12,86,11,241,2345,1440
1773712204,22,21,22,52,23,115,24,354,25,584,26,0,27,0,28,0,29,0,30,240,31,477,32,500,21,969,20,0,19,0,18,0,17,15,16,125,15,4,14,0,13,0,12,678,11,199,2322,1990
1773712205,22,21,22,42,23,115,24,354,25,584,26,0,27,0,28,0,29,0,30,240,31,477,32,500,21,959,20,0,19,0,18,0,17,98,16,125,15,4,14,0,13,0,12,678,11,199,2312,2063
1773712206,22,21,22,52,23,115,24,354,25,584,26,0,27,0,28,0,29,0,30,240,31,477,32,500,21,959,20,0,19,0,18,0,17,98,16,125,15,4,14,0,13,0,12,678,11,199,2322,2063
1773712207,22,17,22,52,23,115,24,354,25,584,26,0,27,0,28,0,29,0,30,240,31,470,32,500,17,15,16,125,15,4,14,0,13,0,12,200,11,1668,10,654,9,0,8,0,7,0,2315,2666
1773712208,22,17,22,42,23,125,24,354,25,584,26,0,27,0,28,0,29,0,30,240,31,470,32,500,17,104,16,125,15,4,14,0,13,0,12,906,11,699,10,654,9,0,8,0,7,0,2315,2492
1773712209,23,21,23,373,24,354,25,584,26,0,27,0,28,0,29,0,30,0,31,470,32,500,33,0,21,959,20,0,19,0,18,0,17,104,16,125,15,4,14,0,13,0,12,7,11,199,2281,1398
1773712210,23,21,23,380,24,354,25,584,26,0,27,0,28,0,29,0,30,0,31,477,32,500,33,0,21,959,20,0,19,0,18,0,17,15,16,125,15,4,14,0,13,0,12,0,11,1052,2295,2155
1773712211,22,21,22,10,23,370,24,354,25,584,26,0,27,0,28,0,29,0,30,0,31,260,32,0,21,959,20,0,19,0,18,0,17,15,16,125,15,4,14,0,13,0,12,7,11,0,1578,1110
1773712212,22,21,22,10,23,370,24,354,25,584,26,0,27,0,28,0,29,0,30,0,31,232,32,0,21,959,20,0,19,0,18,0,17,94,16,125,15,204,14,0,13,0,12,563,11,0,1550,1945
1773712213,23,17,23,380,24,354,25,584,26,0,27,0,28,0,29,0,30,0,31,232,32,0,33,0,17,94,16,125,15,4,14,0,13,200,12,35,11,500,10,25,9,0,8,0,7,0,1550,983
1773712214,23,17,23,373,24,354,25,584,26,0,27,0,28,0,29,0,30,0,31,255,32,0,33,0,17,15,16,130,15,204,14,0,13,0,12,542,11,0,10,352,9,0,8,0,7,0,1566,1243
1773712215,22,21,22,10,23,361,24,153,25,584,26,0,27,0,28,0,29,0,30,0,31,87,32,0,21,959,20,0,19,0,18,0,17,15,16,125,15,4,14,0,13,0,12,0,11,846,1195,1949
1773712216,23,21,23,371,24,374,25,584,26,0,27,0,28,0,29,0,30,0,31,255,32,0,33,0,21,959,20,0,19,0,18,0,17,15,16,125,15,4,14,0,13,0,12,808,11,0,1584,1911
1773712217,22,21,22,79,23,361,24,374,25,584,26,0,27,0,28,0,29,0,30,0,31,227,32,0,21,959,20,0,19,0,18,0,17,15,16,125,15,4,14,0,13,0,12,74,11,1384,1625,2561
1773712218,22,21,22,69,23,361,24,374,25,584,26,0,27,0,28,0,29,0,30,0,31,255,32,0,21,959,20,0,19,0,18,0,17,15,16,125,15,4,14,0,13,0,12,0,11,1384,1643,2487
1773712219,22,17,22,79,23,361,24,374,25,584,26,0,27,0,28,0,29,0,30,0,31,255,32,0,17,92,16,125,15,204,14,0,13,0,12,535,11,566,10,352,9,0,8,0,7,0,1653,1874
1773712220,22,17,22,79,23,361,24,374,25,584,26,0,27,0,28,0,29,0,30,0,31,227,32,0,17,77,16,125,15,4,14,0,13,0,12,200,11,769,10,352,9,0,8,0,7,0,1625,1527
1773712221,22,21,22,291,23,361,24,152,25,584,26,0,27,0,28,0,29,0,30,0,31,255,32,0,21,949,20,0,19,0,18,0,17,0,16,125,15,4,14,0,13,0,12,0,11,734,1643,1812
1773712222,22,21,22,69,23,361,24,374,25,584,26,0,27,0,28,0,29,0,30,0,31,227,32,0,21,949,20,0,19,0,18,0,17,90,16,125,15,4,14,0,13,200,12,0,11,741,1615,2109
1773712223,22,21,22,69,23,361,24,374,25,584,26,0,27,0,28,0,29,0,30,0,31,157,32,0,21,949,20,0,19,0,18,0,17,80,16,125,15,4,14,0,13,0,12,0,11,741,1545,1899
1773712224,22,21,22,169,23,261,24,374,25,584,26,0,27,0,28,0,29,0,30,0,31,185,32,0,21,949,20,0,19,0,18,0,17,0,16,125,15,4,14,0,13,0,12,0,11,566,1573,1644
1773712225,22,17,22,69,23,361,24,374,25,584,26,0,27,0,28,0,29,0,30,0,31,227,32,0,17,82,16,125,15,4,14,0,13,200,12,500,11,566,10,455,9,0,8,0,7,0,1615,1932
1773712226,22,17,22,69,23,361,24,374,25,584,26,0,27,0,28,0,29,0,30,0,31,157,32,0,17,82,16,125,15,4,14,0,13,0,12,700,11,1237,10,352,9,0,8,0,7,0,1545,2500
1773712227,23,21,23,361,24,374,25,584,26,0,27,0,28,0,29,0,30,0,31,255,32,0,33,0,21,949,20,0,19,0,18,0,17,0,16,125,15,4,14,0,13,0,12,664,11,566,1574,2308
1773712228,23,21,23,113,24,374,25,584,26,0,27,0,28,0,29,0,30,87,31,0,32,0,33,0,21,949,20,0,19,0,18,0,17,87,16,125,15,4,14,0,13,0,12,671,11,566,1158,2402
1773712229,23,21,23,113,24,374,25,0,26,0,27,200,28,350,29,0,30,0,31,0,32,0,33,0,21,135,20,0,19,138,18,0,17,0,16,325,15,4,14,0,13,0,12,500,11,566,1037,1668
1773712230,23,21,23,13,24,0,25,48,26,70,27,0,28,100,29,0,30,200,31,255,32,0,33,500,21,91,20,0,19,138,18,0,17,0,16,325,15,4,14,500,13,76,12,0,11,566,1186,1700
1773712231,23,16,23,13,24,0,25,0,26,0,27,157,28,0,29,311,30,263,31,415,32,0,33,500,16,130,15,4,14,200,13,76,12,70,11,851,10,25,9,0,8,0,7,0,6,517,1659,1873
1773712232,23,16,23,13,24,0,25,0,26,0,27,157,28,312,29,0,30,83,31,415,32,127,33,500,16,130,15,4,14,0,13,200,12,785,11,566,10,156,9,0,8,0,7,0,6,517,1607,2358
1773712233,27,22,27,7,28,100,29,215,30,262,31,0,32,127,33,334,34,248,35,5000,36,0,37,0,22,15,21,91,20,0,19,0,18,0,17,79,16,325,15,146,14,0,13,500,12,102,6293,1258
1773712234,27,22,27,10,28,0,29,82,30,300,31,0,32,374,33,0,34,248,35,5398,36,0,37,301,22,15,21,91,20,0,19,0,18,0,17,79,16,410,15,204,14,0,13,0,12,500,6713,1299
1773712235,29,22,29,82,30,0,31,0,32,100,33,700,34,248,35,5263,36,443,37,0,38,0,39,0,22,15,21,91,20,0,19,0,18,0,17,0,16,267,15,204,14,0,13,510,12,0,6836,1087
1773712236,29,22,29,82,30,200,31,42,32,100,33,500,34,248,35,5263,36,539,37,0,38,0,39,375,22,15,21,91,20,0,19,0,18,0,17,82,16,410,15,204,14,0,13,517,12,0,7349,1319
1773712237,28,22,28,107,29,187,30,0,31,0,32,0,33,700,34,248,35,5263,36,539,37,0,38,0,22,36,21,0,20,0,19,0,18,0,17,82,16,409,15,204,14,0,13,500,12,17,7044,1248
1773712238,28,22,28,32,29,60,30,300,31,0,32,0,33,636,34,248,35,5564,36,130,37,0,38,0,22,36,21,0,20,0,19,0,18,0,17,88,16,267,15,204,14,0,13,510,12,0,6970,1105
1773712239,28,22,28,7,29,160,30,243,31,0,32,0,33,636,34,210,35,5351,36,0,37,0,38,0,22,21,21,91,20,0,19,0,18,0,17,88,16,267,15,204,14,0,13,14,12,500,6607,1185
1773712240,29,23,29,67,30,200,31,100,32,0,33,15,34,1093,35,5351,36,0,37,0,38,0,39,0,23,20,22,91,21,0,20,0,19,0,18,0,17,0,16,467,15,4,14,0,13,500,6826,1082
1773712241,29,23,29,167,30,0,31,0,32,200,33,15,34,1093,35,5351,36,0,37,0,38,0,39,351,23,20,22,91,21,0,20,0,19,0,18,0,17,0,16,267,15,4,14,294,13,0,7177,676
1773712242,28,23,28,48,29,60,30,300,31,0,32,0,33,15,34,1093,35,5351,36,0,37,0,38,0,23,20,22,91,21,0,20,0,19,0,18,17,17,0,16,267,15,204,14,87,13,21,6867,707
1773712243,28,19,28,48,29,160,30,0,31,0,32,200,33,515,34,593,35,5448,36,0,37,0,38,0,19,20,18,17,17,0,16,130,15,488,14,14,13,0,12,0,11,500,10,25,9,0,6964,1194
1773712244,28,24,28,134,29,160,30,200,31,0,32,0,33,515,34,593,35,5000,36,421,37,0,38,0,24,19,23,0,22,0,21,0,20,0,19,50,18,101,17,142,16,325,15,4,14,0,7023,641
1773712245,28,24,28,48,29,60,30,284,31,200,32,0,33,15,34,909,35,5000,36,393,37,0,38,0,24,19,23,91,22,0,21,0,20,0,19,0,18,101,17,342,16,125,15,4,14,520,6909,1202
1773712246,27,23,27,4,28,48,29,60,30,100,31,200,32,0,33,15,34,593,35,5397,36,120,37,0,23,91,22,0,21,0,20,0,19,0,18,95,17,284,16,325,15,4,14,0,13,500,6537,1299
1773712247,27,23,27,4,28,48,29,60,30,0,31,100,32,0,33,215,34,593,35,5301,36,17,37,0,23,91,22,0,21,0,20,0,19,0,18,95,17,484,16,125,15,504,14,0,13,70,6338,1369
1773712248,27,23,27,34,28,41,29,60,30,100,31,200,32,125,33,15,34,593,35,5397,36,45,37,0,23,60,22,0,21,0,20,0,19,40,18,15,17,284,16,125,15,204,14,28,13,0,6610,756
1773712249,27,24,27,4,28,148,29,104,30,0,31,71,32,200,33,15,34,593,35,5397,36,151,37,0,24,15,23,0,22,0,21,0,20,0,19,40,18,81,17,284,16,125,15,214,14,0,6683,759
1773712250,25,18,25,4,26,60,27,0,28,41,29,0,30,300,31,115,32,0,33,412,34,593,35,5000,18,81,17,0,16,125,15,204,14,0,13,284,12,535,11,0,10,25,9,0,8,0,6525,1254
1773712251,25,17,25,34,26,60,27,0,28,41,29,0,30,45,31,100,32,200,33,539,34,414,35,5014,17,83,16,125,15,204,14,0,13,284,12,544,11,0,10,25,9,0,8,0,7,0,6447,1265
1773712252,25,22,25,4,26,60,27,0,28,141,29,200,30,45,31,0,32,500,33,539,34,451,35,5000,22,203,21,0,20,0,19,0,18,825,17,63,16,409,15,4,14,88,13,0,12,214,6940,1806
1773712253,25,24,25,4,26,60,27,0,28,141,29,200,30,0,31,15,32,500,33,531,34,434,35,5000,24,15,23,0,22,203,21,0,20,0,19,0,18,1046,17,63,16,125,15,4,14,9,6885,1465
1773712254,25,24,25,4,26,60,27,0,28,41,29,100,30,200,31,15,32,753,33,397,34,462,35,5000,24,15,23,0,22,203,21,0,20,0,19,89,18,1046,17,63,16,125,15,4,14,0,7032,1545
1773712255,25,24,25,4,26,60,27,74,28,141,29,200,30,0,31,15,32,637,33,397,34,462,35,5000,24,15,23,0,22,203,21,0,20,0,19,89,18,1046,17,63,16,125,15,4,14,0,6990,1545
1773712256,25,24,25,4,26,60,27,0,28,141,29,200,30,0,31,341,32,500,33,397,34,462,35,5000,24,15,23,0,22,203,21,0,20,0,19,0,18,1046,17,63,16,125,15,4,14,0,7105,1456
1773712257,25,24,25,4,26,60,27,0,28,141,29,0,30,200,31,341,32,500,33,397,34,462,35,5000,24,15,23,0,22,203,21,0,20,0,19,75,18,1046,17,63,16,125,15,4,14,0,7105,1531
1773712258,25,24,25,4,26,60,27,0,28,327,29,0,30,200,31,155,32,500,33,397,34,462,35,5000,24,15,23,0,22,203,21,0,20,0,19,740,18,1046,17,63,16,125,15,14,14,0,7105,2206
1773712259,25,24,25,4,26,106,27,100,28,241,29,0,30,0,31,295,32,500,33,301,34,532,35,5000,24,15,23,0,22,203,21,0,20,0,19,665,18,904,17,63,16,125,15,4,14,0,7079,1979
1773712260,25,24,25,4,26,106,27,100,28,241,29,0,30,0,31,295,32,500,33,301,34,532,35,5000,24,15,23,0,22,203,21,0,20,77,19,665,18,904,17,63,16,125,15,4,14,21,7079,2077
1773712261,25,24,25,4,26,106,27,199,28,241,29,0,30,0,31,295,32,500,33,301,34,335,35,5000,24,15,23,0,22,203,21,0,20,77,19,665,18,904,17,63,16,125,15,4,14,0,6981,2056
1773712262,25,19,25,4,26,60,27,0,28,141,29,0,30,200,31,15,32,448,33,397,34,107,35,5000,19,665,18,0,17,63,16,125,15,288,14,0,13,0,12,131,11,589,10,181,9,0,6372,2042
1773712263,25,19,25,4,26,60,27,0,28,41,29,147,30,281,31,15,32,320,33,397,34,9,35,5000,19,665,18,0,17,63,16,200,15,4,14,0,13,284,12,103,11,589,10,181,9,0,6274,2089
1773712264,25,19,25,4,26,60,27,0,28,158,29,300,30,0,31,15,32,320,33,397,34,37,35,5000,19,665,18,0,17,63,16,200,15,4,14,0,13,284,12,147,11,589,10,181,9,0,6291,2133
1773712265,25,19,25,54,26,60,27,0,28,228,29,300,30,0,31,15,32,320,33,397,34,107,35,5000,19,759,18,0,17,63,16,205,15,4,14,0,13,284,12,147,11,589,10,181,9,0,6481,2232
1773712266,25,19,25,54,26,60,27,0,28,228,29,300,30,0,31,15,32,320,33,397,34,107,35,5000,19,759,18,0,17,63,16,205,15,4,14,0,13,284,12,147,11,589,10,181,9,0,6481,2232
1773712267,25,19,25,54,26,60,27,0,28,228,29,100,30,200,31,15,32,320,33,397,34,107,35,5000,19,759,18,0,17,63,16,125,15,4,14,0,13,284,12,147,11,589,10,181,9,0,6481,2152
1773712268,25,19,25,54,26,60,27,0,28,209,29,0,30,200,31,115,32,320,33,397,34,37,35,5000,19,759,18,0,17,63,16,208,15,4,14,0,13,284,12,147,11,589,10,181,9,0,6392,2235
1773712269,25,19,25,54,26,60,27,57,28,141,29,0,30,200,31,15,32,320,33,397,34,196,35,5000,19,759,18,0,17,63,16,208,15,4,14,0,13,284,12,147,11,589,10,181,9,0,6440,2235
1773712270,25,19,25,54,26,60,27,0,28,141,29,200,30,0,31,15,32,429,33,397,34,196,35,5000,19,665,18,0,17,63,16,125,15,4,14,0,13,284,12,103,11,589,10,181,9,0,6492,2014
1773712271,25,19,25,54,26,60,27,0,28,41,29,199,30,200,31,15,32,429,33,397,34,196,35,5000,19,665,18,0,17,63,16,201,15,4,14,0,13,284,12,103,11,589,10,181,9,0,6591,2090
1773712272,25,19,25,54,26,60,27,0,28,41,29,100,30,200,31,15,32,429,33,397,34,196,35,5000,19,68,18,0,17,63,16,401,15,4,14,623,13,284,12,103,11,589,10,181,9,0,6492,2316
1773712273,25,17,25,54,26,69,27,0,28,141,29,0,30,200,31,109,32,429,33,397,34,196,35,5000,17,130,16,325,15,4,14,705,13,284,12,103,11,589,10,181,9,0,8,500,7,0,6595,2821
1773712274,25,17,25,54,26,69,27,0,28,170,29,200,30,0,31,15,32,401,33,397,34,196,35,5000,17,130,16,325,15,4,14,705,13,284,12,107,11,589,10,181,9,0,8,500,7,0,6502,2825
1773712275,25,17,25,54,26,69,27,58,28,41,29,300,30,0,31,15,32,401,33,397,34,196,35,5000,17,130,16,325,15,4,14,623,13,284,12,107,11,589,10,181,9,0,8,500,7,0,6531,2743
1773712276,25,17,25,54,26,69,27,0,28,41,29,300,30,0,31,15,32,401,33,397,34,196,35,5000,17,130,16,325,15,4,14,701,13,284,12,107,11,589,10,25,9,0,8,500,7,0,6473,2665
1773712277,25,17,25,54,26,69,27,0,28,41,29,0,30,200,31,115,32,401,33,397,34,196,35,5000,17,130,16,325,15,4,14,701,13,284,12,107,11,589,10,25,9,0,8,500,7,0,6473,2665
1773712278,25,17,25,62,26,69,27,0,28,141,29,100,30,200,31,15,32,401,33,397,34,168,35,5000,17,161,16,325,15,4,14,623,13,284,12,107,11,0,10,25,9,600,8,500,7,0,6553,2629
1773712279,25,17,25,62,26,69,27,0,28,141,29,0,30,200,31,102,32,401,33,434,34,159,35,5000,17,161,16,325,15,4,14,708,13,284,12,107,11,0,10,25,9,600,8,500,7,0,6568,2714
1773712280,25,17,25,62,26,69,27,0,28,41,29,100,30,200,31,102,32,401,33,397,34,238,35,5000,17,161,16,325,15,4,14,708,13,284,12,107,11,0,10,25,9,600,8,500,7,0,6610,2714
1773712281,25,17,25,62,26,69,27,0,28,63,29,300,30,0,31,15,32,261,33,397,34,266,35,5000,17,161,16,325,15,4,14,698,13,284,12,107,11,0,10,25,9,600,8,500,7,0,6433,2704
1773712282,25,17,25,62,26,69,27,51,28,41,29,100,30,0,31,215,32,261,33,397,34,238,35,5000,17,68,16,325,15,4,14,698,13,284,12,107,11,0,10,25,9,600,8,500,7,0,6434,2611
1773712283,25,17,25,62,26,69,27,0,28,141,29,200,30,0,31,15,32,372,33,397,34,266,35,5000,17,68,16,325,15,4,14,623,13,284,12,107,11,0,10,25,9,600,8,500,7,0,6522,2536
1773712284,25,17,25,62,26,69,27,0,28,141,29,0,30,0,31,215,32,372,33,397,34,168,35,5000,17,68,16,325,15,4,14,699,13,284,12,107,11,0,10,25,9,600,8,500,7,0,6424,2612
1773712285,25,17,25,62,26,69,27,0,28,41,29,100,30,200,31,184,32,179,33,397,34,168,35,5000,17,159,16,200,15,4,14,699,13,284,12,107,11,0,10,25,9,600,8,500,7,0,6400,2578
1773712286,25,17,25,62,26,69,27,0,28,41,29,100,30,200,31,184,32,179,33,397,34,168,35,5000,17,159,16,200,15,4,14,623,13,284,12,103,11,0,10,25,9,600,8,500,7,0,6400,2498
1773712287,25,17,25,62,26,69,27,0,28,164,29,200,30,82,31,184,32,179,33,397,34,266,35,5000,17,159,16,200,15,4,14,623,13,284,12,103,11,0,10,267,9,600,8,500,7,0,6603,2740
1773712288,25,17,25,62,26,69,27,0,28,164,29,200,30,82,31,184,32,179,33,397,34,266,35,5000,17,159,16,200,15,4,14,623,13,439,12,103,11,0,10,267,9,600,8,500,7,0,6603,2895
1773712289,25,17,25,62,26,69,27,52,28,41,29,300,30,0,31,184,32,179,33,397,34,266,35,5000,17,159,16,200,15,4,14,623,13,439,12,103,11,0,10,267,9,600,8,500,7,0,6550,2895
1773712290,25,17,25,62,26,69,27,0,28,41,29,300,30,0,31,184,32,179,33,397,34,266,35,5000,17,159,16,200,15,4,14,623,13,439,12,103,11,0,10,267,9,600,8,500,7,0,6498,2895
1773712291,25,17,25,62,26,69,27,0,28,41,29,300,30,0,31,184,32,179,33,397,34,266,35,5000,17,159,16,200,15,4,14,623,13,439,12,103,11,0,10,267,9,600,8,500,7,0,6498,2895
1773712292,25,17,25,62,26,69,27,0,28,41,29,300,30,0,31,184,32,179,33,397,34,266,35,5000,17,159,16,200,15,4,14,623,13,439,12,103,11,0,10,267,9,600,8,500,7,0,6498,2895
1773712293,25,17,25,62,26,69,27,0,28,41,29,300,30,0,31,184,32,179,33,397,34,266,35,5000,17,159,16,200,15,4,14,623,13,439,12,103,11,0,10,267,9,600,8,500,7,0,6498,2895
1773712294,25,17,25,62,26,69,27,100,28,205,29,0,30,200,31,184,32,179,33,397,34,107,35,5000,17,68,16,200,15,4,14,0,13,439,12,103,11,0,10,267,9,600,8,500,7,0,6503,2181
1773712295,25,17,25,62,26,69,27,0,28,41,29,200,30,159,31,184,32,179,33,397,34,37,35,5000,17,114,16,200,15,4,14,0,13,439,12,103,11,0,10,267,9,600,8,500,7,0,6328,2227
1773712296,25,18,25,62,26,69,27,0,28,41,29,125,30,259,31,184,32,179,33,397,34,37,35,5000,18,15,17,68,16,200,15,4,14,0,13,439,12,103,11,0,10,267,9,600,8,500,6353,2196
1773712297,25,18,25,62,26,69,27,0,28,41,29,195,30,200,31,184,32,179,33,397,34,37,35,5000,18,15,17,68,16,200,15,4,14,0,13,439,12,103,11,0,10,267,9,600,8,500,6364,2196
1773712298,25,18,25,62,26,69,27,0,28,41,29,195,30,200,31,184,32,179,33,397,34,37,35,5000,18,15,17,68,16,200,15,4,14,0,13,439,12,103,11,0,10,267,9,600,8,500,6364,2196
1773712299,25,18,25,62,26,69,27,0,28,41,29,195,30,200,31,184,32,179,33,397,34,37,35,5000,18,15,17,68,16,200,15,4,14,0,13,439,12,103,11,0,10,267,9,600,8,500,6364,2196
1773712300,25,18,25,62,26,69,27,0,28,66,29,195,30,200,31,184,32,179,33,397,34,37,35,5000,18,15,17,68,16,200,15,4,14,0,13,439,12,103,11,0,10,267,9,600,8,500,6389,2196
1773712301,25,18,25,62,26,69,27,0,28,66,29,195,30,200,31,184,32,179,33,397,34,37,35,5000,18,15,17,68,16,200,15,4,14,0,13,439,12,103,11,0,10,267,9,600,8,500,6389,2196
1773712302,25,18,25,62,26,69,27,0,28,66,29,195,30,200,31,184,32,179,33,397,34,37,35,5000,18,15,17,68,16,200,15,4,14,0,13,439,12,103,11,0,10,267,9,600,8,500,6389,2196
1773712303,25,18,25,62,26,69,27,0,28,66,29,195,30,200,31,184,32,179,33,397,34,37,35,5000,18,15,17,68,16,200,15,4,14,0,13,439,12,103,11,0,10,267,9,600,8,500,6389,2196
1773712304,25,18,25,62,26,69,27,0,28,66,29,195,30,200,31,184,32,179,33,397,34,37,35,5000,18,15,17,68,16,200,15,4,14,0,13,439,12,103,11,0,10,267,9,600,8,500,6389,2196
1773712305,25,18,25,62,26,69,27,0,28,66,29,195,30,200,31,184,32,179,33,397,34,37,35,5000,18,15,17,68,16,200,15,4,14,0,13,439,12,103,11,0,10,267,9,600,8,500,6389,2196
1773712306,24,19,24,15,25,71,26,60,27,54,28,66,29,300,30,0,31,169,32,179,33,397,34,230,19,100,18,30,17,63,16,200,15,4,14,0,13,439,12,103,11,0,10,267,9,600,1541,1806
1773712307,24,19,24,15,25,71,26,86,27,0,28,141,29,200,30,48,31,169,32,179,33,397,34,230,19,100,18,15,17,63,16,200,15,4,14,0,13,439,12,103,11,0,10,267,9,0,1536,1191
1773712308,24,19,24,15,25,71,26,60,27,0,28,141,29,200,30,48,31,169,32,179,33,397,34,338,19,100,18,15,17,63,16,276,15,4,14,0,13,439,12,103,11,0,10,267,9,0,1618,1267
1773712309,24,19,24,15,25,71,26,60,27,0,28,141,29,200,30,48,31,169,32,179,33,397,34,338,19,100,18,15,17,63,16,276,15,4,14,0,13,439,12,103,11,0,10,267,9,0,1618,1267
1773712310,24,19,24,15,25,71,26,60,27,0,28,141,29,200,30,48,31,169,32,179,33,397,34,338,19,100,18,15,17,0,16,0,15,84,14,200,13,439,12,500,11,546,10,63,9,0,1618,1947
1773712311,24,19,24,15,25,71,26,60,27,0,28,141,29,200,30,48,31,169,32,179,33,397,34,338,19,100,18,15,17,0,16,0,15,84,14,200,13,439,12,0,11,546,10,171,9,0,1618,1555
1773712312,24,20,24,15,25,71,26,60,27,55,28,82,29,300,30,0,31,169,32,179,33,397,34,327,20,15,19,100,18,0,17,0,16,0,15,4,14,200,13,439,12,500,11,581,10,25,1655,1864
1773712313,24,21,24,15,25,71,26,60,27,0,28,241,29,197,30,0,31,669,32,179,33,397,34,327,21,203,20,15,19,100,18,0,17,753,16,0,15,364,14,200,13,155,12,500,11,695,2156,2985
1773712314,24,21,24,15,25,140,26,160,27,200,28,41,29,0,30,0,31,669,32,179,33,397,34,327,21,203,20,15,19,100,18,0,17,753,16,0,15,364,14,200,13,155,12,500,11,695,2128,2985
1773712315,24,21,24,15,25,140,26,60,27,300,28,41,29,0,30,500,31,169,32,179,33,642,34,108,21,203,20,15,19,100,18,0,17,830,16,0,15,287,14,200,13,155,12,500,11,695,2154,2985
1773712316,24,21,24,15,25,170,26,228,27,200,28,41,29,0,30,500,31,169,32,179,33,642,34,108,21,203,20,15,19,100,18,0,17,830,16,0,15,287,14,200,13,155,12,500,11,729,2252,3019
1773712317,23,21,23,4,24,15,25,139,26,125,27,200,28,41,29,150,30,500,31,396,32,179,33,245,21,203,20,15,19,100,18,0,17,753,16,0,15,287,14,200,13,668,12,500,11,729,1994,3455
1773712318,23,21,23,4,24,15,25,30,26,234,27,200,28,41,29,150,30,637,31,396,32,0,33,245,21,203,20,0,19,100,18,0,17,827,16,0,15,287,14,200,13,668,12,500,11,729,1952,3514
1773712319,23,21,23,4,24,15,25,139,26,195,27,200,28,41,29,360,30,500,31,396,32,0,33,245,21,203,20,0,19,100,18,0,17,827,16,0,15,287,14,200,13,668,12,500,11,729,2095,3514
1773712320,23,21,23,4,24,15,25,139,26,195,27,200,28,41,29,360,30,500,31,396,32,0,33,245,21,203,20,0,19,100,18,0,17,753,16,0,15,287,14,200,13,668,12,500,11,729,2095,3440
1773712321,23,21,23,4,24,15,25,139,26,195,27,200,28,41,29,360,30,500,31,396,32,0,33,245,21,203,20,0,19,100,18,0,17,831,16,0,15,287,14,200,13,668,12,500,11,729,2095,3518
1773712322,23,21,23,4,24,15,25,139,26,110,27,200,28,41,29,360,30,500,31,396,32,0,33,245,21,203,20,0,19,100,18,0,17,831,16,0,15,287,14,200,13,668,12,500,11,729,2010,3518
1773712323,23,19,23,4,24,24,25,100,26,113,27,200,28,41,29,150,30,0,31,396,32,76,33,0,19,112,18,0,17,0,16,0,15,94,14,200,13,951,12,500,11,589,10,25,9,0,1104,2471
1773712324,23,20,23,4,24,0,25,9,26,170,27,109,28,256,29,150,30,0,31,396,32,76,33,0,20,15,19,100,18,0,17,0,16,0,15,294,14,0,13,951,12,500,11,617,10,25,1170,2502
1773712325,25,20,25,4,26,79,27,125,28,56,29,350,30,0,31,35,32,0,33,396,34,0,35,5000,20,15,19,100,18,0,17,0,16,0,15,204,14,141,13,668,12,500,11,617,10,25,6045,2270
1773712326,25,20,25,4,26,79,27,25,28,156,29,350,30,0,31,0,32,291,33,472,34,0,35,5000,20,15,19,100,18,0,17,0,16,86,15,204,14,283,13,668,12,500,11,617,10,25,6377,2498
1773712327,25,20,25,4,26,179,27,165,28,256,29,150,30,0,31,0,32,152,33,472,34,0,35,5000,20,15,19,100,18,0,17,0,16,86,15,204,14,283,13,668,12,500,11,617,10,25,6378,2498
1773712328,25,20,25,45,26,79,27,153,28,256,29,150,30,0,31,0,32,152,33,472,34,0,35,5000,20,15,19,100,18,0,17,0,16,0,15,204,14,283,13,668,12,500,11,617,10,25,6307,2412
1773712329,25,20,25,46,26,179,27,123,28,256,29,150,30,0,31,0,32,152,33,472,34,0,35,5000,20,15,19,100,18,0,17,0,16,90,15,204,14,283,13,668,12,500,11,613,10,25,6378,2498
1773712330,24,20,24,15,25,125,26,170,27,123,28,241,29,150,30,0,31,0,32,152,33,623,34,0,20,15,19,100,18,0,17,0,16,90,15,204,14,283,13,668,12,500,11,613,10,25,1599,2498
1773712331,23,20,23,4,24,24,25,36,26,91,27,98,28,141,29,350,30,0,31,395,32,152,33,45,20,15,19,100,18,0,17,0,16,80,15,204,14,283,13,668,12,500,11,67,10,25,1336,1942
1773712332,23,20,23,71,24,24,25,0,26,70,27,100,28,241,29,150,30,136,31,395,32,0,33,227,20,15,19,100,18,0,17,0,16,80,15,204,14,283,13,668,12,500,11,67,10,25,1414,1942
1773712333,23,20,23,4,24,15,25,0,26,79,27,100,28,133,29,350,30,136,31,395,32,0,33,17,20,15,19,100,18,0,17,0,16,0,15,204,14,283,13,668,12,500,11,67,10,25,1229,1862
1773712334,23,20,23,4,24,15,25,0,26,79,27,100,28,133,29,350,30,136,31,395,32,0,33,45,20,15,19,100,18,0,17,0,16,81,15,204,14,283,13,668,12,500,11,67,10,25,1257,1943
1773712335,25,20,25,4,26,79,27,100,28,284,29,365,30,0,31,0,32,0,33,430,34,0,35,5327,20,15,19,100,18,0,17,0,16,81,15,204,14,283,13,668,12,500,11,67,10,25,6589,1943
1773712336,25,20,25,4,26,79,27,100,28,284,29,365,30,0,31,0,32,0,33,430,34,110,35,5000,20,15,19,100,18,0,17,0,16,90,15,204,14,283,13,668,12,500,11,67,10,25,6372,1952
1773712337,25,20,25,47,26,79,27,100,28,284,29,365,30,0,31,0,32,0,33,430,34,110,35,5000,20,15,19,100,18,0,17,0,16,90,15,204,14,283,13,668,12,500,11,67,10,25,6415,1952
1773712338,24,20,24,25,25,56,26,70,27,84,28,300,29,165,30,0,31,0,32,161,33,430,34,110,20,15,19,100,18,0,17,0,16,0,15,204,14,283,13,155,12,500,11,67,10,25,1401,1349
1773712339,24,20,24,25,25,56,26,70,27,100,28,200,29,150,30,0,31,15,32,245,33,430,34,110,20,15,19,100,18,0,17,0,16,0,15,204,14,283,13,655,12,0,11,67,10,25,1401,1349
1773712340,24,20,24,25,25,57,26,70,27,100,28,200,29,150,30,0,31,15,32,245,33,430,34,110,20,15,19,100,18,0,17,0,16,0,15,204,14,283,13,155,12,500,11,67,10,25,1402,1349
1773712341,24,20,24,25,25,57,26,70,27,100,28,200,29,85,30,0,31,199,32,245,33,430,34,110,20,15,19,100,18,0,17,0,16,0,15,204,14,283,13,155,12,500,11,67,10,25,1521,1349
1773712342,24,20,24,25,25,57,26,70,27,0,28,0,29,300,30,84,31,199,32,245,33,430,34,110,20,15,19,100,18,0,17,0,16,0,15,204,14,283,13,155,12,500,11,67,10,25,1520,1349
1773712343,24,20,24,25,25,57,26,70,27,100,28,155,29,0,30,200,31,199,32,91,33,430,34,110,20,15,19,100,18,0,17,0,16,0,15,204,14,283,13,155,12,500,11,67,10,25,1437,1349
1773712344,23,20,23,4,24,40,25,53,26,70,27,0,28,300,29,0,30,0,31,579,32,246,33,79,20,15,19,100,18,0,17,0,16,700,15,4,14,283,13,511,12,0,11,0,10,25,1371,1638
1773712345,23,20,23,4,24,40,25,53,26,70,27,0,28,0,29,300,30,0,31,579,32,0,33,9,20,15,19,100,18,0,17,0,16,700,15,4,14,283,13,511,12,0,11,0,10,25,1055,1638
1773712346,23,20,23,4,24,40,25,53,26,70,27,0,28,0,29,100,30,200,31,579,32,0,33,9,20,78,19,100,18,0,17,0,16,700,15,4,14,283,13,511,12,0,11,0,10,25,1055,1701
1773712347,23,20,23,4,24,40,25,53,26,70,27,0,28,0,29,185,30,200,31,579,32,0,33,9,20,15,19,100,18,0,17,0,16,700,15,4,14,283,13,511,12,0,11,0,10,25,1140,1638
1773712348,23,20,23,4,24,40,25,53,26,70,27,100,28,0,29,200,30,310,31,579,32,0,33,9,20,15,19,100,18,0,17,0,16,700,15,4,14,283,13,511,12,0,11,0,10,25,1365,1638
1773712349,23,20,23,4,24,25,25,53,26,70,27,100,28,156,29,215,30,0,31,579,32,0,33,9,20,15,19,100,18,0,17,0,16,700,15,4,14,283,13,511,12,0,11,0,10,25,1211,1638
1773712350,23,20,23,4,24,25,25,53,26,70,27,0,28,196,29,215,30,154,31,579,32,0,33,9,20,15,19,100,18,0,17,0,16,700,15,4,14,283,13,511,12,0,11,0,10,25,1305,1638
1773712351,23,20,23,4,24,25,25,53,26,70,27,0,28,196,29,215,30,154,31,579,32,0,33,9,20,15,19,100,18,0,17,0,16,700,15,4,14,283,13,511,12,0,11,0,10,25,1305,1638
1773712352,23,20,23,4,24,25,25,53,26,70,27,0,28,96,29,615,30,354,31,579,32,359,33,0,20,15,19,100,18,0,17,0,16,700,15,4,14,283,13,539,12,0,11,0,10,25,2155,1666
1773712353,23,20,23,4,24,35,25,188,26,270,27,0,28,272,29,515,30,0,31,579,32,359,33,0,20,15,19,100,18,0,17,0,16,700,15,4,14,283,13,502,12,0,11,0,10,25,2222,1629
1773712354,22,20,22,10,23,91,24,49,25,192,26,200,27,0,28,0,29,661,30,0,31,579,32,359,20,15,19,100,18,0,17,0,16,700,15,4,14,283,13,509,12,0,11,0,10,25,2141,1636
1773712355,23,20,23,38,24,49,25,192,26,0,27,0,28,0,29,0,30,700,31,803,32,359,33,0,20,15,19,100,18,0,17,0,16,700,15,4,14,283,13,509,12,0,11,0,10,25,2141,1636
1773712356,23,20,23,28,24,49,25,11,26,200,27,105,28,100,29,0,30,500,31,691,32,359,33,0,20,15,19,100,18,0,17,0,16,700,15,4,14,283,13,509,12,0,11,0,10,25,2043,1636
1773712357,23,20,23,38,24,49,25,1,26,0,27,0,28,300,29,500,30,0,31,761,32,359,33,0,20,15,19,100,18,0,17,0,16,700,15,4,14,283,13,509,12,0,11,0,10,25,2008,1636
1773712358,23,20,23,4,24,44,25,1,26,0,27,200,28,100,29,500,30,368,31,579,32,359,33,0,20,15,19,100,18,0,17,0,16,700,15,4,14,283,13,509,12,0,11,0,10,470,2155,2081
1773712359,23,20,23,4,24,25,25,11,26,359,27,0,28,340,29,500,30,15,31,579,32,359,33,0,20,15,19,100,18,0,17,0,16,700,15,4,14,283,13,509,12,0,11,0,10,470,2192,2081
1773712360,23,20,23,4,24,35,25,81,26,309,27,0,28,340,29,500,30,15,31,579,32,359,33,0,20,15,19,100,18,0,17,0,16,700,15,4,14,283,13,505,12,0,11,0,10,470,2222,2077
1773712361,23,20,23,14,24,72,25,190,26,200,27,0,28,293,29,500,30,15,31,579,32,359,33,0,20,15,19,100,18,0,17,0,16,700,15,4,14,283,13,505,12,0,11,0,10,470,2222,2077
1773712362,23,20,23,14,24,81,25,81,26,300,27,0,28,293,29,500,30,15,31,579,32,429,33,0,20,15,19,100,18,0,17,0,16,700,15,4,14,283,13,505,12,0,11,0,10,470,2292,2077
1773712363,23,20,23,14,24,151,25,181,26,200,27,15,28,293,29,0,30,500,31,579,32,429,33,0,20,15,19,100,18,0,17,0,16,700,15,4,14,283,13,505,12,0,11,0,10,470,2362,2077
1773712364,23,20,23,14,24,151,25,181,26,200,27,15,28,0,29,500,30,236,31,579,32,429,33,0,20,15,19,100,18,0,17,0,16,700,15,4,14,283,13,505,12,0,11,0,10,470,2305,2077
1773712365,23,20,23,14,24,151,25,181,26,200,27,15,28,0,29,500,30,236,31,579,32,429,33,0,20,15,19,100,18,0,17,0,16,700,15,4,14,283,13,505,12,0,11,0,10,470,2305,2077
1773712366,23,20,23,14,24,151,25,181,26,200,27,15,28,0,29,500,30,236,31,579,32,429,33,0,20,15,19,100,18,0,17,0,16,700,15,4,14,283,13,505,12,0,11,0,10,470,2305,2077
1773712367,23,20,23,14,24,151,25,181,26,200,27,15,28,0,29,500,30,236,31,579,32,429,33,0,20,15,19,100,18,0,17,0,16,700,15,4,14,283,13,505,12,0,11,0,10,470,2305,2077
1773712368,23,19,23,14,24,151,25,181,26,200,27,15,28,0,29,500,30,236,31,579,32,429,33,0,19,100,18,0,17,0,16,700,15,4,14,283,13,505,12,0,11,0,10,470,9,593,2305,2655
1773712369,23,19,23,14,24,151,25,181,26,200,27,15,28,0,29,224,30,500,31,579,32,429,33,0,19,100,18,0,17,0,16,700,15,4,14,283,13,505,12,0,11,0,10,470,9,593,2293,2655
1773712370,23,19,23,14,24,151,25,101,26,200,27,15,28,0,29,0,30,500,31,753,32,429,33,0,19,100,18,0,17,0,16,700,15,4,14,283,13,505,12,0,11,0,10,470,9,593,2163,2655
1773712371,23,19,23,14,24,96,25,170,26,200,27,15,28,0,29,0,30,500,31,753,32,429,33,0,19,100,18,0,17,0,16,700,15,4,14,283,13,505,12,0,11,0,10,470,9,593,2177,2655
1773712372,23,19,23,14,24,134,25,123,26,200,27,15,28,0,29,708,30,0,31,569,32,429,33,0,19,100,18,0,17,0,16,700,15,4,14,283,13,505,12,0,11,0,10,470,9,593,2192,2655
1773712373,22,19,22,10,23,98,24,125,25,123,26,200,27,15,28,0,29,708,30,0,31,569,32,429,19,162,18,0,17,0,16,700,15,4,14,283,13,505,12,0,11,0,10,470,9,593,2277,2717
1773712374,22,19,22,10,23,98,24,125,25,123,26,200,27,15,28,0,29,708,30,0,31,419,32,429,19,100,18,0,17,0,16,700,15,4,14,283,13,505,12,0,11,0,10,470,9,593,2127,2655
1773712375,21,19,21,4,22,0,23,0,24,35,25,163,26,200,27,15,28,0,29,602,30,0,31,79,19,100,18,0,17,0,16,700,15,4,14,283,13,505,12,0,11,0,10,470,9,593,1098,2655
1773712376,21,19,21,4,22,0,23,0,24,35,25,163,26,200,27,15,28,0,29,602,30,0,31,79,19,100,18,0,17,0,16,700,15,4,14,283,13,505,12,0,11,0,10,470,9,593,1098,2655
1773712377,23,19,23,4,24,35,25,163,26,200,27,15,28,0,29,708,30,0,31,394,32,427,33,0,19,100,18,0,17,0,16,700,15,4,14,283,13,497,12,0,11,0,10,470,9,593,1946,2647
1773712378,23,20,23,4,24,35,25,163,26,200,27,15,28,0,29,708,30,0,31,394,32,357,33,0,20,10,19,100,18,0,17,200,16,783,15,4,14,35,13,155,12,0,11,0,10,470,1876,1757
1773712379,23,19,23,4,24,35,25,163,26,200,27,15,28,0,29,708,30,0,31,394,32,357,33,0,19,105,18,0,17,0,16,700,15,4,14,283,13,504,12,0,11,600,10,470,9,593,1876,3259
1773712380,23,19,23,4,24,35,25,163,26,200,27,15,28,0,29,708,30,0,31,394,32,357,33,0,19,105,18,0,17,0,16,700,15,4,14,283,13,504,12,0,11,600,10,470,9,0,1876,2666
1773712381,23,19,23,4,24,35,25,163,26,200,27,15,28,0,29,708,30,0,31,394,32,357,33,0,19,165,18,0,17,0,16,700,15,4,14,283,13,504,12,0,11,600,10,470,9,0,1876,2726
1773712382,23,19,23,4,24,35,25,163,26,200,27,15,28,0,29,708,30,0,31,394,32,357,33,0,19,105,18,0,17,0,16,700,15,4,14,283,13,504,12,0,11,600,10,470,9,0,1876,2666
1773712383,23,19,23,4,24,35,25,163,26,200,27,15,28,0,29,708,30,0,31,394,32,357,33,0,19,165,18,0,17,0,16,700,15,4,14,283,13,504,12,0,11,600,10,470,9,0,1876,2726
1773712384,23,19,23,4,24,35,25,163,26,200,27,15,28,0,29,708,30,0,31,394,32,357,33,0,19,160,18,0,17,0,16,700,15,4,14,840,13,504,12,0,11,600,10,470,9,0,1876,3278
1773712385,23,19,23,4,24,35,25,163,26,200,27,15,28,0,29,708,30,0,31,394,32,357,33,0,19,105,18,0,17,0,16,700,15,4,14,840,13,504,12,0,11,600,10,25,9,0,1876,2778
1773712386,23,19,23,4,24,35,25,163,26,200,27,15,28,0,29,708,30,0,31,394,32,357,33,0,19,105,18,0,17,0,16,700,15,4,14,840,13,504,12,0,11,600,10,25,9,0,1876,2778
1773712387,23,19,23,4,24,35,25,163,26,200,27,15,28,0,29,708,30,0,31,394,32,357,33,0,19,105,18,0,17,0,16,700,15,4,14,840,13,504,12,0,11,600,10,25,9,0,1876,2778
1773712388,23,19,23,4,24,35,25,163,26,200,27,15,28,0,29,708,30,0,31,394,32,357,33,0,19,105,18,0,17,0,16,700,15,4,14,840,13,504,12,0,11,600,10,25,9,0,1876,2778
1773712389,23,19,23,4,24,35,25,163,26,200,27,15,28,0,29,708,30,0,31,394,32,357,33,0,19,105,18,0,17,0,16,700,15,4,14,840,13,504,12,0,11,600,10,25,9,0,1876,2778
1773712390,23,19,23,4,24,35,25,163,26,200,27,15,28,0,29,708,30,0,31,394,32,357,33,0,19,105,18,0,17,0,16,700,15,4,14,840,13,504,12,0,11,600,10,25,9,0,1876,2778
1773712391,23,19,23,4,24,35,25,163,26,200,27,15,28,0,29,708,30,0,31,394,32,357,33,0,19,105,18,0,17,0,16,700,15,4,14,840,13,504,12,0,11,600,10,25,9,0,1876,2778
1773712392,23,19,23,4,24,35,25,163,26,200,27,15,28,0,29,708,30,0,31,394,32,357,33,0,19,105,18,0,17,0,16,700,15,4,14,840,13,504,12,0,11,600,10,25,9,0,1876,2778
1773712393,23,19,23,4,24,35,25,163,26,200,27,15,28,0,29,708,30,0,31,394,32,357,33,0,19,105,18,0,17,0,16,700,15,4,14,840,13,504,12,0,11,600,10,25,9,0,1876,2778
1773712394,23,19,23,4,24,35,25,163,26,200,27,15,28,0,29,708,30,0,31,394,32,357,33,0,19,100,18,0,17,0,16,700,15,4,14,840,13,504,12,0,11,600,10,25,9,0,1876,2773
1773712395,23,19,23,4,24,35,25,163,26,200,27,15,28,0,29,708,30,0,31,394,32,357,33,0,19,100,18,0,17,0,16,700,15,4,14,840,13,504,12,0,11,600,10,25,9,0,1876,2773
1773712396,23,19,23,4,24,35,25,163,26,200,27,15,28,0,29,708,30,0,31,394,32,357,33,0,19,100,18,0,17,0,16,700,15,4,14,840,13,504,12,0,11,600,10,25,9,0,1876,2773
1773712397,23,19,23,4,24,35,25,163,26,200,27,15,28,0,29,708,30,0,31,394,32,357,33,0,19,100,18,0,17,0,16,700,15,4,14,840,13,504,12,0,11,600,10,25,9,0,1876,2773
1773712398,23,19,23,4,24,35,25,163,26,200,27,15,28,0,29,708,30,0,31,394,32,357,33,0,19,100,18,0,17,0,16,700,15,4,14,840,13,504,12,0,11,600,10,25,9,0,1876,2773
1773712399,23,19,23,4,24,35,25,163,26,200,27,15,28,0,29,708,30,0,31,394,32,357,33,0,19,100,18,0,17,0,16,700,15,4,14,840,13,504,12,0,11,600,10,25,9,0,1876,2773
1773712400,23,19,23,4,24,35,25,163,26,200,27,15,28,0,29,708,30,0,31,394,32,357,33,0,19,100,18,0,17,0,16,700,15,4,14,840,13,504,12,0,11,600,10,25,9,0,1876,2773
1773712401,23,19,23,4,24,35,25,163,26,200,27,15,28,0,29,708,30,0,31,394,32,357,33,0,19,100,18,0,17,0,16,700,15,4,14,840,13,504,12,0,11,600,10,25,9,0,1876,2773
1773712402,23,19,23,4,24,35,25,163,26,200,27,15,28,0,29,708,30,0,31,394,32,357,33,0,19,100,18,0,17,0,16,700,15,4,14,840,13,504,12,0,11,600,10,25,9,0,1876,2773
1773712403,23,19,23,4,24,35,25,163,26,200,27,15,28,0,29,708,30,0,31,394,32,357,33,0,19,100,18,0,17,0,16,700,15,4,14,840,13,504,12,0,11,600,10,25,9,0,1876,2773
1773712404,23,19,23,4,24,35,25,163,26,200,27,15,28,0,29,708,30,0,31,394,32,357,33,0,19,100,18,0,17,0,16,700,15,4,14,840,13,504,12,0,11,600,10,25,9,0,1876,2773
1773712405,23,22,23,4,24,35,25,163,26,200,27,15,28,0,29,708,30,0,31,394,32,357,33,0,22,203,21,0,20,0,19,100,18,851,17,0,16,982,15,4,14,557,13,504,12,0,1876,3201
1773712406,23,22,23,4,24,35,25,163,26,200,27,15,28,0,29,708,30,0,31,394,32,357,33,0,22,203,21,0,20,0,19,701,18,851,17,0,16,982,15,4,14,557,13,504,12,0,1876,3802
1773712407,23,22,23,4,24,35,25,163,26,200,27,15,28,0,29,708,30,0,31,394,32,357,33,0,22,203,21,0,20,0,19,701,18,762,17,0,16,982,15,4,14,557,13,504,12,0,1876,3713
1773712408,23,22,23,4,24,35,25,163,26,200,27,15,28,0,29,708,30,0,31,394,32,357,33,0,22,203,21,0,20,0,19,701,18,837,17,0,16,982,15,4,14,557,13,504,12,0,1876,3788
1773712409,23,22,23,4,24,35,25,163,26,200,27,15,28,0,29,708,30,0,31,394,32,357,33,0,22,203,21,0,20,0,19,701,18,837,17,0,16,982,15,4,14,557,13,504,12,0,1876,3788
1773712410,23,22,23,4,24,35,25,163,26,200,27,15,28,0,29,708,30,0,31,394,32,357,33,0,22,203,21,0,20,0,19,701,18,848,17,0,16,982,15,4,14,557,13,504,12,0,1876,3799
1773712411,23,22,23,4,24,35,25,163,26,200,27,15,28,0,29,708,30,0,31,394,32,357,33,0,22,203,21,0,20,0,19,701,18,848,17,0,16,982,15,4,14,557,13,504,12,0,1876,3799
1773712412,23,22,23,4,24,35,25,163,26,200,27,15,28,0,29,708,30,0,31,394,32,357,33,0,22,203,21,0,20,0,19,701,18,762,17,0,16,982,15,4,14,557,13,504,12,0,1876,3713
1773712413,23,22,23,4,24,35,25,163,26,200,27,15,28,0,29,708,30,0,31,394,32,357,33,0,22,203,21,0,20,0,19,701,18,843,17,0,16,982,15,4,14,557,13,504,12,0,1876,3794
1773712414,23,19,23,4,24,35,25,163,26,200,27,15,28,0,29,708,30,0,31,394,32,427,33,0,19,701,18,81,17,0,16,982,15,4,14,0,13,504,12,0,11,530,10,551,9,555,1946,3908
1773712415,23,19,23,4,24,35,25,163,26,200,27,15,28,0,29,708,30,0,31,394,32,427,33,0,19,713,18,0,17,200,16,863,15,4,14,0,13,504,12,0,11,530,10,551,9,555,1946,3920
1773712416,23,19,23,4,24,35,25,163,26,200,27,15,28,0,29,708,30,0,31,394,32,427,33,0,19,701,18,0,17,200,16,863,15,4,14,0,13,504,12,0,11,530,10,551,9,555,1946,3908
1773712417,23,19,23,4,24,35,25,163,26,200,27,15,28,0,29,708,30,0,31,394,32,427,33,0,19,701,18,0,17,200,16,782,15,4,14,0,13,504,12,0,11,530,10,551,9,555,1946,3827
1773712418,23,19,23,4,24,35,25,163,26,200,27,15,28,0,29,708,30,0,31,394,32,427,33,0,19,701,18,0,17,200,16,858,15,4,14,0,13,504,12,0,11,530,10,551,9,555,1946,3903
1773712419,23,19,23,4,24,35,25,163,26,200,27,15,28,0,29,708,30,0,31,394,32,427,33,0,19,701,18,0,17,200,16,858,15,4,14,0,13,504,12,0,11,530,10,551,9,555,1946,3903
1773712420,23,19,23,4,24,35,25,163,26,200,27,15,28,0,29,708,30,0,31,394,32,427,33,0,19,701,18,0,17,200,16,782,15,4,14,0,13,504,12,0,11,530,10,551,9,555,1946,3827
1773712421,23,19,23,4,24,35,25,163,26,200,27,15,28,0,29,708,30,0,31,394,32,427,33,0,19,701,18,0,17,200,16,863,15,4,14,0,13,504,12,0,11,530,10,551,9,555,1946,3908
1773712422,23,19,23,4,24,35,25,163,26,200,27,15,28,0,29,708,30,0,31,394,32,427,33,0,19,701,18,0,17,200,16,863,15,4,14,0,13,504,12,0,11,530,10,551,9,555,1946,3908
1773712423,23,19,23,4,24,35,25,163,26,200,27,15,28,0,29,708,30,0,31,394,32,427,33,0,19,706,18,0,17,200,16,869,15,4,14,0,13,504,12,0,11,530,10,551,9,555,1946,3919
1773712424,23,19,23,4,24,35,25,163,26,200,27,15,28,0,29,708,30,0,31,394,32,427,33,0,19,706,18,0,17,200,16,869,15,4,14,0,13,504,12,0,11,530,10,551,9,555,1946,3919
1773712425,23,19,23,4,24,35,25,163,26,200,27,15,28,0,29,708,30,0,31,394,32,427,33,0,19,706,18,0,17,200,16,782,15,4,14,0,13,504,12,0,11,530,10,551,9,555,1946,3832
1773712426,23,19,23,14,24,40,25,63,26,0,27,100,28,200,29,708,30,0,31,394,32,427,33,0,19,145,18,0,17,200,16,857,15,4,14,583,13,504,12,0,11,530,10,551,9,555,1946,3929
1773712427,23,19,23,4,24,50,25,63,26,200,27,100,28,0,29,708,30,0,31,394,32,427,33,0,19,174,18,0,17,200,16,857,15,4,14,583,13,504,12,0,11,530,10,551,9,0,1946,3403
1773712428,23,19,23,4,24,50,25,63,26,200,27,100,28,0,29,708,30,0,31,394,32,427,33,0,19,151,18,0,17,200,16,782,15,4,14,583,13,504,12,0,11,530,10,551,9,0,1946,3305
1773712429,23,19,23,14,24,40,25,163,26,0,27,0,28,200,29,708,30,0,31,394,32,427,33,0,19,100,18,0,17,200,16,782,15,4,14,583,13,504,12,0,11,530,10,551,9,0,1946,3254
1773712430,23,19,23,4,24,50,25,63,26,0,27,100,28,200,29,708,30,0,31,394,32,357,33,0,19,100,18,0,17,0,16,700,15,4,14,865,13,487,12,0,11,530,10,551,9,0,1876,3237
1773712431,23,19,23,14,24,40,25,163,26,0,27,0,28,200,29,708,30,0,31,394,32,427,33,0,19,100,18,0,17,0,16,700,15,4,14,865,13,494,12,0,11,530,10,551,9,0,1946,3244
1773712432,23,19,23,4,24,50,25,63,26,0,27,100,28,200,29,708,30,0,31,394,32,427,33,0,19,100,18,0,17,0,16,700,15,4,14,865,13,494,12,0,11,530,10,551,9,0,1946,3244
1773712433,23,20,23,4,24,10,25,63,26,100,27,200,28,15,29,708,30,0,31,394,32,427,33,0,20,15,19,100,18,0,17,0,16,700,15,4,14,865,13,494,12,0,11,530,10,551,1921,3259
1773712434,23,20,23,4,24,10,25,63,26,100,27,200,28,15,29,708,30,0,31,394,32,427,33,0,20,15,19,105,18,0,17,0,16,700,15,4,14,865,13,494,12,0,11,530,10,551,1921,3264
1773712435,23,20,23,4,24,10,25,63,26,100,27,200,28,15,29,708,30,0,31,394,32,427,33,0,20,15,19,105,18,0,17,0,16,700,15,4,14,865,13,494,12,0,11,530,10,551,1921,3264
1773712436,23,20,23,4,24,10,25,63,26,100,27,200,28,15,29,708,30,0,31,394,32,427,33,0,20,15,19,105,18,0,17,0,16,700,15,4,14,865,13,494,12,0,11,530,10,551,1921,3264
1773712437,23,20,23,4,24,10,25,63,26,100,27,200,28,15,29,708,30,0,31,394,32,427,33,0,20,15,19,105,18,0,17,0,16,700,15,4,14,865,13,494,12,0,11,530,10,551,1921,3264
1773712438,23,20,23,4,24,10,25,63,26,100,27,200,28,15,29,708,30,0,31,394,32,427,33,0,20,15,19,105,18,0,17,0,16,700,15,4,14,865,13,494,12,0,11,530,10,551,1921,3264
1773712439,23,20,23,4,24,10,25,63,26,100,27,200,28,15,29,708,30,0,31,394,32,427,33,0,20,15,19,105,18,0,17,0,16,700,15,4,14,865,13,494,12,0,11,530,10,551,1921,3264
1773712440,23,20,23,4,24,10,25,163,26,200,27,0,28,15,29,708,30,0,31,394,32,427,33,0,20,15,19,105,18,0,17,200,16,782,15,4,14,729,13,155,12,0,11,0,10,25,1921,2015
1773712441,23,20,23,4,24,10,25,163,26,200,27,0,28,15,29,708,30,0,31,394,32,357,33,0,20,15,19,105,18,0,17,200,16,782,15,4,14,729,13,155,12,500,11,0,10,25,1851,2515
1773712442,23,20,23,4,24,10,25,170,26,0,27,200,28,15,29,708,30,0,31,394,32,357,33,0,20,15,19,100,18,0,17,200,16,782,15,4,14,729,13,155,12,500,11,0,10,25,1858,2510
1773712443,23,20,23,4,24,10,25,170,26,0,27,200,28,15,29,708,30,0,31,394,32,357,33,0,20,15,19,100,18,0,17,200,16,782,15,4,14,729,13,155,12,500,11,0,10,25,1858,2510
1773712444,23,20,23,4,24,10,25,163,26,0,27,200,28,15,29,708,30,0,31,394,32,357,33,0,20,15,19,100,18,0,17,200,16,782,15,4,14,729,13,155,12,500,11,0,10,25,1851,2510
1773712445,23,20,23,4,24,10,25,163,26,200,27,0,28,15,29,708,30,0,31,394,32,357,33,0,20,15,19,100,18,0,17,200,16,782,15,4,14,729,13,155,12,500,11,0,10,25,1851,2510
1773712446,23,20,23,4,24,10,25,63,26,300,27,0,28,15,29,708,30,0,31,394,32,357,33,0,20,15,19,100,18,0,17,200,16,782,15,4,14,729,13,155,12,500,11,0,10,25,1851,2510
1773712447,23,20,23,4,24,10,25,163,26,0,27,200,28,15,29,708,30,0,31,394,32,357,33,0,20,15,19,100,18,0,17,200,16,782,15,4,14,146,13,155,12,500,11,0,10,584,1851,2486
1773712448,23,20,23,4,24,10,25,63,26,300,27,0,28,15,29,708,30,0,31,394,32,357,33,0,20,15,19,100,18,0,17,200,16,782,15,4,14,146,13,155,12,500,11,0,10,584,1851,2486
1773712449,23,20,23,4,24,10,25,163,26,0,27,200,28,15,29,708,30,0,31,394,32,357,33,0,20,55,19,100,18,0,17,200,16,782,15,4,14,146,13,155,12,500,11,0,10,584,1851,2526
1773712450,23,20,23,4,24,10,25,63,26,0,27,200,28,115,29,708,30,0,31,394,32,357,33,0,20,15,19,100,18,0,17,200,16,782,15,4,14,146,13,155,12,500,11,0,10,584,1851,2486
1773712451,23,20,23,4,24,10,25,163,26,0,27,200,28,15,29,708,30,0,31,394,32,357,33,0,20,15,19,100,18,0,17,200,16,782,15,4,14,146,13,155,12,500,11,0,10,584,1851,2486
1773712452,23,20,23,4,24,10,25,163,26,0,27,200,28,15,29,708,30,0,31,394,32,357,33,0,20,15,19,100,18,0,17,200,16,782,15,4,14,146,13,155,12,500,11,0,10,584,1851,2486
1773712453,23,20,23,4,24,10,25,63,26,300,27,0,28,15,29,708,30,0,31,394,32,357,33,0,20,15,19,100,18,0,17,200,16,782,15,4,14,146,13,155,12,500,11,0,10,584,1851,2486
1773712454,23,20,23,4,24,10,25,163,26,200,27,0,28,15,29,708,30,0,31,394,32,357,33,0,20,15,19,100,18,0,17,200,16,782,15,4,14,146,13,155,12,500,11,0,10,584,1851,2486
1773712455,23,20,23,4,24,10,25,163,26,200,27,0,28,15,29,708,30,0,31,394,32,357,33,0,20,15,19,100,18,0,17,200,16,782,15,4,14,146,13,155,12,500,11,0,10,584,1851,2486
1773712456,23,20,23,4,24,10,25,63,26,300,27,0,28,15,29,708,30,0,31,394,32,357,33,0,20,15,19,100,18,0,17,200,16,782,15,4,14,146,13,155,12,500,11,0,10,584,1851,2486
1773712457,23,20,23,4,24,10,25,63,26,300,27,0,28,15,29,708,30,0,31,394,32,357,33,0,20,15,19,100,18,0,17,200,16,782,15,4,14,146,13,155,12,500,11,0,10,584,1851,2486
1773712458,23,20,23,4,24,10,25,63,26,100,27,200,28,15,29,708,30,0,31,394,32,357,33,0,20,15,19,100,18,0,17,700,16,282,15,4,14,146,13,155,12,500,11,0,10,584,1851,2486
1773712459,23,20,23,4,24,10,25,63,26,100,27,200,28,15,29,708,30,0,31,394,32,357,33,0,20,15,19,100,18,0,17,700,16,282,15,4,14,146,13,155,12,500,11,0,10,584,1851,2486
1773712460,23,20,23,4,24,10,25,63,26,100,27,200,28,15,29,708,30,0,31,394,32,357,33,0,20,15,19,100,18,0,17,700,16,282,15,4,14,146,13,155,12,500,11,0,10,584,1851,2486
1773712461,23,22,23,4,24,10,25,63,26,100,27,200,28,15,29,708,30,0,31,394,32,357,33,0,22,203,21,0,20,15,19,100,18,762,17,700,16,282,15,4,14,146,13,155,12,500,1851,2867
1773712462,23,22,23,4,24,10,25,163,26,0,27,200,28,15,29,708,30,0,31,394,32,357,33,0,22,203,21,0,20,15,19,706,18,841,17,700,16,282,15,4,14,146,13,155,12,500,1851,3552
1773712463,23,22,23,4,24,10,25,63,26,300,27,0,28,15,29,708,30,0,31,394,32,357,33,0,22,203,21,0,20,15,19,706,18,841,17,700,16,282,15,4,14,146,13,155,12,500,1851,3552
1773712464,23,22,23,4,24,10,25,63,26,300,27,0,28,15,29,708,30,0,31,394,32,357,33,0,22,203,21,0,20,15,19,706,18,762,17,700,16,282,15,4,14,146,13,155,12,500,1851,3473
1773712465,23,22,23,4,24,10,25,63,26,300,27,0,28,15,29,708,30,0,31,394,32,357,33,0,22,203,21,0,20,15,19,706,18,835,17,700,16,282,15,4,14,146,13,155,12,500,1851,3546
1773712466,23,22,23,4,24,10,25,63,26,300,27,0,28,15,29,708,30,0,31,394,32,357,33,0,22,203,21,0,20,0,19,706,18,835,17,700,16,282,15,4,14,217,13,155,12,500,1851,3602
1773712467,23,22,23,4,24,10,25,63,26,300,27,0,28,15,29,708,30,0,31,394,32,357,33,0,22,203,21,0,20,0,19,706,18,762,17,700,16,282,15,4,14,217,13,155,12,500,1851,3529
1773712468,23,22,23,4,24,10,25,63,26,300,27,0,28,15,29,708,30,0,31,394,32,357,33,0,22,203,21,0,20,0,19,706,18,837,17,700,16,282,15,4,14,217,13,155,12,500,1851,3604
1773712469,23,22,23,4,24,10,25,63,26,300,27,0,28,15,29,708,30,0,31,394,32,357,33,0,22,203,21,0,20,0,19,706,18,837,17,700,16,282,15,4,14,217,13,155,12,500,1851,3604
1773712470,23,22,23,4,24,10,25,63,26,300,27,0,28,15,29,708,30,0,31,394,32,357,33,0,22,203,21,0,20,0,19,706,18,762,17,700,16,282,15,4,14,217,13,155,12,500,1851,3529
1773712471,23,20,23,4,24,10,25,63,26,300,27,0,28,15,29,708,30,0,31,394,32,357,33,0,20,10,19,706,18,0,17,700,16,361,15,4,14,217,13,155,12,500,11,0,10,584,1851,3237
1773712472,23,20,23,4,24,10,25,63,26,300,27,0,28,15,29,708,30,0,31,394,32,357,33,0,20,10,19,706,18,0,17,700,16,361,15,4,14,217,13,155,12,500,11,0,10,584,1851,3237
1773712473,23,20,23,4,24,10,25,163,26,0,27,200,28,15,29,708,30,0,31,394,32,357,33,0,20,10,19,706,18,0,17,700,16,282,15,4,14,217,13,155,12,500,11,0,10,584,1851,3158
1773712474,23,20,23,4,24,10,25,163,26,200,27,0,28,15,29,708,30,0,31,394,32,357,33,0,20,10,19,711,18,0,17,700,16,282,15,4,14,217,13,155,12,500,11,0,10,584,1851,3163
1773712475,23,20,23,4,24,10,25,63,26,300,27,0,28,15,29,708,30,0,31,394,32,357,33,0,20,25,19,711,18,0,17,700,16,282,15,4,14,217,13,155,12,500,11,0,10,584,1851,3178
1773712476,23,20,23,4,24,10,25,63,26,300,27,0,28,15,29,708,30,0,31,394,32,357,33,0,20,25,19,711,18,0,17,700,16,370,15,4,14,217,13,155,12,500,11,0,10,584,1851,3266
1773712477,23,20,23,4,24,10,25,163,26,200,27,0,28,15,29,708,30,0,31,394,32,357,33,0,20,25,19,105,18,0,17,700,16,370,15,4,14,217,13,155,12,500,11,618,10,25,1851,2719
1773712478,23,20,23,4,24,10,25,163,26,0,27,200,28,15,29,708,30,0,31,394,32,357,33,0,20,25,19,105,18,0,17,700,16,282,15,4,14,217,13,155,12,500,11,618,10,25,1851,2631
1773712479,23,20,23,4,24,10,25,163,26,0,27,200,28,15,29,708,30,0,31,394,32,357,33,0,20,15,19,105,18,0,17,700,16,282,15,4,14,216,13,155,12,500,11,618,10,25,1851,2620
1773712480,23,20,23,4,24,10,25,63,26,100,27,200,28,15,29,708,30,0,31,394,32,357,33,0,20,15,19,105,18,0,17,700,16,357,15,4,14,216,13,155,12,500,11,618,10,25,1851,2695
1773712481,23,20,23,4,24,10,25,63,26,100,27,200,28,15,29,708,30,0,31,394,32,357,33,0,20,15,19,105,18,0,17,700,16,357,15,4,14,216,13,155,12,500,11,618,10,25,1851,2695
1773712482,23,20,23,4,24,10,25,63,26,100,27,200,28,15,29,708,30,0,31,394,32,357,33,0,20,15,19,105,18,0,17,700,16,282,15,4,14,216,13,155,12,500,11,618,10,25,1851,2620
1773712483,23,20,23,4,24,10,25,63,26,100,27,200,28,15,29,708,30,0,31,394,32,357,33,0,20,15,19,105,18,0,17,700,16,282,15,4,14,216,13,155,12,500,11,618,10,25,1851,2620
1773712484,23,20,23,4,24,10,25,63,26,100,27,200,28,15,29,708,30,0,31,394,32,357,33,0,20,15,19,100,18,0,17,700,16,365,15,4,14,216,13,155,12,500,11,618,10,25,1851,2698
1773712485,23,20,23,4,24,10,25,63,26,100,27,200,28,15,29,708,30,0,31,394,32,357,33,0,20,15,19,100,18,0,17,700,16,282,15,4,14,216,13,155,12,500,11,618,10,25,1851,2615
1773712486,23,20,23,4,24,10,25,63,26,100,27,200,28,15,29,708,30,0,31,394,32,357,33,0,20,15,19,100,18,0,17,700,16,282,15,4,14,216,13,155,12,500,11,618,10,25,1851,2615
1773712487,23,20,23,4,24,10,25,63,26,100,27,200,28,15,29,708,30,0,31,394,32,357,33,0,20,15,19,100,18,0,17,700,16,371,15,4,14,216,13,155,12,500,11,618,10,25,1851,2704
1773712488,23,20,23,4,24,10,25,63,26,100,27,200,28,15,29,708,30,0,31,394,32,357,33,0,20,15,19,100,18,0,17,700,16,371,15,4,14,216,13,155,12,500,11,618,10,25,1851,2704
1773712489,23,20,23,4,24,10,25,63,26,100,27,200,28,15,29,708,30,0,31,394,32,357,33,0,20,15,19,100,18,0,17,700,16,282,15,4,14,216,13,155,12,500,11,618,10,25,1851,2615
1773712490,23,20,23,4,24,10,25,63,26,100,27,200,28,15,29,708,30,0,31,394,32,357,33,0,20,15,19,100,18,0,17,700,16,282,15,4,14,216,13,155,12,500,11,618,10,25,1851,2615
1773712491,23,20,23,4,24,10,25,63,26,100,27,200,28,15,29,708,30,0,31,394,32,357,33,0,20,15,19,100,18,0,17,700,16,282,15,4,14,216,13,155,12,500,11,618,10,25,1851,2615
1773712492,23,20,23,4,24,10,25,63,26,100,27,200,28,15,29,708,30,0,31,394,32,357,33,0,20,15,19,100,18,0,17,700,16,282,15,4,14,216,13,155,12,500,11,618,10,25,1851,2615
1773712493,23,20,23,4,24,10,25,63,26,100,27,200,28,15,29,708,30,0,31,394,32,357,33,0,20,15,19,100,18,0,17,700,16,282,15,4,14,216,13,155,12,500,11,618,10,25,1851,2615
1773712494,23,20,23,4,24,10,25,163,26,0,27,200,28,15,29,0,30,500,31,394,32,357,33,0,20,15,19,100,18,0,17,0,16,700,15,4,14,281,13,527,12,0,11,618,10,25,1643,2270
1773712495,23,20,23,4,24,10,25,163,26,200,27,0,28,0,29,0,30,515,31,394,32,357,33,0,20,15,19,100,18,0,17,0,16,700,15,4,14,281,13,527,12,0,11,618,10,25,1643,2270
1773712496,23,20,23,4,24,10,25,163,26,200,27,0,28,0,29,0,30,515,31,394,32,357,33,0,20,15,19,100,18,0,17,0,16,700,15,4,14,281,13,527,12,0,11,618,10,25,1643,2270
1773712497,23,20,23,4,24,10,25,63,26,0,27,200,28,100,29,500,30,15,31,394,32,357,33,0,20,15,19,100,18,0,17,0,16,700,15,4,14,281,13,527,12,0,11,618,10,25,1643,2270
1773712498,23,20,23,4,24,10,25,63,26,100,27,0,28,0,29,700,30,15,31,394,32,357,33,0,20,15,19,100,18,0,17,0,16,700,15,4,14,281,13,527,12,0,11,618,10,25,1643,2270
1773712499,23,20,23,4,24,10,25,63,26,0,27,200,28,100,29,500,30,15,31,394,32,357,33,0,20,15,19,105,18,0,17,0,16,700,15,4,14,281,13,527,12,0,11,0,10,25,1643,1657
1773712500,23,20,23,4,24,10,25,63,26,100,27,200,28,0,29,500,30,15,31,394,32,357,33,0,20,15,19,105,18,0,17,0,16,700,15,4,14,281,13,527,12,0,11,0,10,25,1643,1657
1773712501,23,20,23,4,24,10,25,63,26,100,27,200,28,0,29,500,30,15,31,394,32,357,33,0,20,15,19,105,18,0,17,0,16,700,15,4,14,281,13,527,12,0,11,0,10,25,1643,1657
1773712502,23,20,23,4,24,10,25,63,26,100,27,200,28,0,29,500,30,15,31,394,32,357,33,0,20,15,19,105,18,0,17,0,16,700,15,4,14,281,13,527,12,0,11,0,10,25,1643,1657
1773712503,23,20,23,4,24,10,25,63,26,100,27,200,28,0,29,500,30,15,31,394,32,357,33,0,20,15,19,105,18,0,17,0,16,700,15,4,14,281,13,527,12,0,11,0,10,25,1643,1657
1773712504,23,20,23,4,24,10,25,63,26,100,27,200,28,0,29,500,30,15,31,394,32,357,33,0,20,15,19,100,18,0,17,0,16,700,15,4,14,281,13,527,12,0,11,0,10,25,1643,1652
1773712505,23,20,23,4,24,110,25,263,26,0,27,0,28,0,29,500,30,15,31,751,32,0,33,0,20,15,19,100,18,0,17,0,16,700,15,4,14,281,13,527,12,0,11,0,10,25,1643,1652
1773712506,23,20,23,4,24,119,25,201,26,0,27,0,28,0,29,500,30,15,31,751,32,0,33,0,20,15,19,100,18,0,17,0,16,700,15,4,14,281,13,527,12,0,11,0,10,25,1590,1652
1773712507,23,20,23,4,24,119,25,201,26,0,27,0,28,0,29,500,30,15,31,751,32,0,33,0,20,15,19,100,18,0,17,0,16,700,15,4,14,281,13,527,12,0,11,0,10,25,1590,1652
1773712508,23,20,23,4,24,119,25,201,26,0,27,0,28,0,29,500,30,15,31,751,32,0,33,0,20,15,19,100,18,0,17,0,16,700,15,4,14,281,13,527,12,0,11,0,10,25,1590,1652
1773712509,23,20,23,4,24,119,25,201,26,0,27,0,28,0,29,500,30,15,31,751,32,0,33,0,20,15,19,300,18,0,17,500,16,281,15,342,14,0,13,155,12,0,11,0,10,25,1590,1618
1773712510,23,20,23,4,24,119,25,201,26,0,27,0,28,0,29,500,30,15,31,751,32,0,33,0,20,15,19,305,18,0,17,500,16,281,15,342,14,0,13,155,12,500,11,451,10,677,1590,3226
1773712511,23,20,23,14,24,109,25,201,26,0,27,0,28,0,29,500,30,15,31,751,32,0,33,0,20,15,19,305,18,0,17,500,16,281,15,336,14,0,13,155,12,500,11,451,10,677,1590,3220
1773712512,23,20,23,14,24,109,25,201,26,0,27,0,28,0,29,500,30,15,31,751,32,0,33,0,20,15,19,305,18,0,17,500,16,281,15,336,14,0,13,155,12,500,11,451,10,677,1590,3220
1773712513,23,20,23,14,24,109,25,201,26,0,27,0,28,0,29,500,30,15,31,751,32,0,33,0,20,56,19,305,18,0,17,500,16,281,15,342,14,0,13,155,12,500,11,451,10,677,1590,3267
1773712514,23,20,23,14,24,109,25,201,26,0,27,0,28,0,29,500,30,15,31,751,32,0,33,0,20,56,19,305,18,0,17,500,16,281,15,342,14,0,13,155,12,500,11,451,10,677,1590,3267
1773712515,23,20,23,14,24,109,25,201,26,0,27,0,28,0,29,500,30,15,31,751,32,0,33,0,20,15,19,305,18,0,17,500,16,281,15,342,14,0,13,155,12,500,11,451,10,677,1590,3226
1773712516,23,20,23,14,24,109,25,201,26,0,27,0,28,0,29,500,30,15,31,751,32,0,33,0,20,15,19,305,18,0,17,500,16,281,15,342,14,0,13,155,12,500,11,451,10,677,1590,3226
1773712517,23,20,23,14,24,109,25,201,26,0,27,0,28,0,29,500,30,15,31,751,32,0,33,0,20,56,19,305,18,0,17,500,16,281,15,334,14,0,13,155,12,500,11,451,10,677,1590,3259
1773712518,23,20,23,14,24,109,25,201,26,0,27,0,28,0,29,500,30,15,31,751,32,0,33,0,20,56,19,305,18,0,17,500,16,281,15,334,14,0,13,155,12,500,11,451,10,677,1590,3259
1773712519,23,20,23,14,24,109,25,201,26,0,27,0,28,0,29,500,30,15,31,751,32,0,33,0,20,56,19,305,18,0,17,500,16,281,15,334,14,0,13,155,12,500,11,451,10,677,1590,3259
1773712520,23,20,23,14,24,109,25,201,26,0,27,0,28,0,29,500,30,15,31,751,32,0,33,0,20,56,19,305,18,0,17,500,16,281,15,334,14,0,13,155,12,500,11,451,10,677,1590,3259
1773712521,23,20,23,14,24,109,25,201,26,0,27,0,28,0,29,500,30,15,31,751,32,0,33,0,20,56,19,305,18,0,17,500,16,281,15,334,14,0,13,155,12,500,11,451,10,677,1590,3259
1773712522,23,20,23,14,24,109,25,201,26,0,27,0,28,0,29,500,30,15,31,751,32,0,33,0,20,56,19,305,18,0,17,500,16,281,15,334,14,0,13,155,12,500,11,451,10,677,1590,3259
1773712523,23,20,23,14,24,109,25,201,26,0,27,0,28,0,29,500,30,15,31,751,32,0,33,0,20,56,19,305,18,0,17,500,16,281,15,334,14,0,13,155,12,0,11,451,10,677,1590,2759
1773712524,23,20,23,14,24,109,25,201,26,0,27,0,28,0,29,500,30,15,31,751,32,0,33,0,20,61,19,300,18,0,17,500,16,281,15,334,14,0,13,155,12,0,11,451,10,677,1590,2759
1773712525,23,20,23,14,24,109,25,201,26,0,27,0,28,0,29,500,30,15,31,751,32,0,33,0,20,61,19,300,18,0,17,500,16,281,15,334,14,0,13,155,12,0,11,451,10,677,1590,2759
1773712526,23,20,23,14,24,109,25,201,26,0,27,0,28,0,29,500,30,15,31,751,32,0,33,0,20,5,19,300,18,0,17,500,16,281,15,334,14,0,13,155,12,0,11,451,10,677,1590,2703
1773712527,23,20,23,14,24,109,25,201,26,0,27,0,28,0,29,500,30,15,31,751,32,0,33,0,20,5,19,300,18,0,17,500,16,281,15,334,14,0,13,155,12,0,11,451,10,677,1590,2703
1773712528,23,20,23,14,24,109,25,201,26,0,27,0,28,0,29,500,30,15,31,751,32,0,33,0,20,5,19,300,18,0,17,500,16,281,15,334,14,0,13,155,12,0,11,451,10,677,1590,2703
1773712529,23,20,23,14,24,109,25,201,26,0,27,0,28,0,29,500,30,15,31,751,32,0,33,0,20,15,19,305,18,0,17,500,16,281,15,320,14,0,13,155,12,0,11,451,10,677,1590,2704
1773712530,23,20,23,14,24,109,25,201,26,0,27,0,28,0,29,500,30,15,31,751,32,0,33,0,20,15,19,305,18,0,17,500,16,281,15,320,14,0,13,155,12,0,11,451,10,677,1590,2704
1773712531,23,20,23,14,24,109,25,201,26,0,27,0,28,0,29,500,30,15,31,751,32,0,33,0,20,15,19,305,18,0,17,500,16,281,15,320,14,0,13,155,12,0,11,451,10,677,1590,2704
1773712532,23,20,23,14,24,109,25,201,26,0,27,0,28,0,29,500,30,15,31,751,32,0,33,0,20,15,19,305,18,0,17,500,16,281,15,320,14,0,13,155,12,0,11,451,10,677,1590,2704
1773712533,23,20,23,14,24,109,25,201,26,0,27,0,28,0,29,500,30,15,31,751,32,0,33,0,20,15,19,305,18,0,17,500,16,281,15,320,14,0,13,155,12,0,11,451,10,677,1590,2704
1773712534,23,20,23,14,24,109,25,201,26,0,27,0,28,0,29,500,30,15,31,751,32,0,33,0,20,15,19,305,18,0,17,500,16,281,15,320,14,0,13,155,12,0,11,451,10,677,1590,2704
1773712535,23,20,23,14,24,109,25,201,26,0,27,0,28,0,29,500,30,15,31,751,32,0,33,0,20,15,19,305,18,0,17,500,16,281,15,320,14,0,13,155,12,0,11,451,10,677,1590,2704
1773712536,23,20,23,14,24,109,25,201,26,0,27,0,28,0,29,500,30,15,31,751,32,0,33,0,20,15,19,305,18,0,17,500,16,281,15,320,14,0,13,155,12,0,11,451,10,677,1590,2704
1773712537,23,20,23,14,24,109,25,201,26,0,27,0,28,0,29,500,30,15,31,751,32,0,33,0,20,15,19,305,18,0,17,500,16,281,15,320,14,0,13,155,12,0,11,451,10,677,1590,2704
1773712538,23,20,23,14,24,109,25,201,26,0,27,0,28,0,29,500,30,15,31,751,32,0,33,0,20,15,19,305,18,0,17,500,16,281,15,320,14,0,13,155,12,0,11,451,10,677,1590,2704
1773712539,23,20,23,14,24,109,25,201,26,0,27,0,28,0,29,500,30,15,31,751,32,0,33,0,20,15,19,305,18,0,17,500,16,281,15,320,14,0,13,155,12,0,11,451,10,677,1590,2704
1773712540,22,20,22,10,23,628,24,200,25,1,26,0,27,0,28,0,29,500,30,15,31,536,32,0,20,15,19,105,18,0,17,0,16,0,15,4,14,0,13,155,12,0,11,200,10,549,1890,1028
1773712541,21,19,21,525,22,100,23,13,24,0,25,1,26,0,27,0,28,0,29,0,30,15,31,536,19,120,18,0,17,0,16,0,15,4,14,0,13,155,12,0,11,200,10,39,9,0,1190,518
1773712542,20,19,20,4,21,9,22,200,23,100,24,10,25,1,26,679,27,0,28,0,29,0,30,15,19,120,18,0,17,0,16,0,15,4,14,0,13,155,12,0,11,200,10,35,9,0,1018,514
1773712543,20,19,20,4,21,10,22,309,23,0,24,0,25,1,26,0,27,500,28,212,29,0,30,15,19,120,18,0,17,0,16,0,15,4,14,88,13,155,12,0,11,200,10,35,9,0,1051,602
1773712544,20,19,20,204,21,10,22,109,23,0,24,0,25,501,26,186,27,0,28,0,29,0,30,15,19,120,18,0,17,0,16,0,15,4,14,88,13,155,12,0,11,200,10,535,9,0,1025,1102
1773712545,20,19,20,213,21,0,22,0,23,0,24,100,25,501,26,186,27,0,28,0,29,0,30,15,19,120,18,0,17,0,16,0,15,4,14,0,13,155,12,0,11,200,10,35,9,0,1015,514
1773712546,20,19,20,213,21,0,22,0,23,0,24,100,25,501,26,186,27,0,28,0,29,0,30,15,19,120,18,0,17,0,16,0,15,4,14,0,13,155,12,0,11,200,10,35,9,0,1015,514
1773712547,20,19,20,213,21,0,22,0,23,0,24,100,25,501,26,186,27,0,28,0,29,0,30,15,19,120,18,0,17,0,16,0,15,4,14,80,13,155,12,0,11,200,10,535,9,0,1015,1094
1773712548,20,19,20,213,21,0,22,0,23,0,24,100,25,501,26,186,27,0,28,0,29,0,30,15,19,120,18,0,17,0,16,0,15,4,14,80,13,155,12,0,11,200,10,535,9,0,1015,1094
1773712549,20,19,20,213,21,0,22,0,23,0,24,100,25,501,26,186,27,0,28,0,29,0,30,15,19,115,18,0,17,0,16,0,15,4,14,0,13,155,12,0,11,200,10,535,9,0,1015,1009
1773712550,20,19,20,213,21,0,22,0,23,0,24,100,25,501,26,186,27,0,28,0,29,0,30,0,19,115,18,0,17,0,16,0,15,4,14,74,13,155,12,0,11,200,10,535,9,0,1000,1083
1773712551,20,19,20,213,21,0,22,0,23,0,24,100,25,501,26,186,27,0,28,0,29,0,30,0,19,115,18,0,17,0,16,0,15,4,14,74,13,155,12,0,11,200,10,535,9,0,1000,1083
1773712552,20,19,20,213,21,0,22,0,23,0,24,100,25,501,26,184,27,0,28,0,29,0,30,0,19,115,18,0,17,0,16,0,15,4,14,0,13,155,12,0,11,200,10,35,9,0,998,509
1773712553,20,19,20,213,21,0,22,0,23,0,24,100,25,501,26,184,27,0,28,0,29,0,30,0,19,115,18,0,17,0,16,0,15,4,14,0,13,155,12,0,11,200,10,35,9,0,998,509
1773712554,20,19,20,213,21,0,22,0,23,0,24,100,25,501,26,184,27,0,28,0,29,0,30,0,19,95,18,0,17,0,16,0,15,4,14,79,13,155,12,0,11,200,10,535,9,0,998,1068
1773712555,20,19,20,213,21,0,22,0,23,0,24,100,25,501,26,184,27,0,28,0,29,0,30,0,19,95,18,0,17,0,16,0,15,4,14,79,13,155,12,0,11,200,10,535,9,0,998,1068
1773712556,20,19,20,213,21,0,22,0,23,0,24,100,25,501,26,184,27,0,28,0,29,0,30,0,19,95,18,0,17,0,16,0,15,4,14,0,13,155,12,0,11,200,10,35,9,0,998,489
1773712557,20,19,20,213,21,0,22,0,23,0,24,100,25,501,26,184,27,0,28,0,29,0,30,0,19,95,18,0,17,0,16,0,15,4,14,0,13,155,12,0,11,200,10,35,9,0,998,489
1773712558,20,19,20,213,21,0,22,0,23,0,24,100,25,501,26,184,27,0,28,0,29,0,30,0,19,95,18,0,17,0,16,0,15,4,14,84,13,155,12,0,11,200,10,35,9,0,998,573
1773712559,20,19,20,220,21,0,22,0,23,0,24,100,25,501,26,184,27,0,28,0,29,0,30,0,19,95,18,0,17,0,16,0,15,4,14,84,13,155,12,0,11,200,10,535,9,0,1005,1073
1773712560,20,19,20,220,21,0,22,0,23,0,24,100,25,501,26,184,27,0,28,0,29,0,30,0,19,95,18,0,17,0,16,0,15,4,14,0,13,155,12,0,11,200,10,35,9,0,1005,489
1773712561,20,19,20,220,21,0,22,0,23,0,24,100,25,501,26,184,27,0,28,0,29,0,30,0,19,95,18,0,17,0,16,0,15,4,14,0,13,155,12,0,11,200,10,35,9,0,1005,489
1773712562,20,19,20,220,21,0,22,0,23,0,24,100,25,501,26,184,27,0,28,0,29,0,30,0,19,95,18,0,17,0,16,0,15,4,14,0,13,155,12,0,11,200,10,35,9,0,1005,489
1773712563,20,19,20,220,21,0,22,0,23,0,24,100,25,501,26,184,27,0,28,0,29,0,30,0,19,95,18,0,17,0,16,0,15,4,14,0,13,155,12,0,11,200,10,35,9,0,1005,489
1773712564,20,19,20,220,21,0,22,0,23,0,24,100,25,501,26,184,27,0,28,0,29,0,30,0,19,95,18,0,17,0,16,0,15,4,14,0,13,155,12,0,11,200,10,35,9,0,1005,489
1773712565,20,19,20,213,21,0,22,0,23,0,24,100,25,501,26,184,27,0,28,0,29,0,30,0,19,95,18,0,17,0,16,0,15,4,14,0,13,155,12,0,11,200,10,35,9,0,998,489
1773712566,20,19,20,213,21,0,22,0,23,0,24,100,25,501,26,184,27,0,28,0,29,0,30,0,19,95,18,0,17,0,16,0,15,4,14,0,13,155,12,0,11,200,10,35,9,0,998,489
1773712567,20,19,20,213,21,0,22,0,23,0,24,100,25,501,26,184,27,0,28,0,29,0,30,0,19,95,18,0,17,0,16,0,15,4,14,0,13,155,12,0,11,200,10,35,9,0,998,489
1773712568,20,19,20,213,21,0,22,0,23,0,24,100,25,501,26,184,27,0,28,0,29,0,30,0,19,95,18,0,17,0,16,0,15,4,14,0,13,155,12,0,11,200,10,35,9,0,998,489
1773712569,20,19,20,213,21,0,22,0,23,0,24,100,25,501,26,184,27,0,28,0,29,0,30,0,19,95,18,0,17,0,16,0,15,4,14,0,13,155,12,0,11,200,10,35,9,0,998,489
1773712570,20,19,20,213,21,0,22,0,23,0,24,100,25,501,26,184,27,0,28,0,29,0,30,0,19,95,18,0,17,0,16,0,15,4,14,0,13,155,12,0,11,200,10,35,9,0,998,489
1773712571,20,19,20,213,21,0,22,0,23,0,24,100,25,501,26,184,27,0,28,0,29,0,30,0,19,95,18,0,17,0,16,0,15,4,14,0,13,155,12,0,11,200,10,35,9,0,998,489
1773712572,20,19,20,213,21,0,22,0,23,0,24,100,25,501,26,184,27,0,28,0,29,0,30,0,19,95,18,0,17,0,16,0,15,4,14,0,13,155,12,0,11,200,10,35,9,0,998,489
1773712573,20,19,20,213,21,0,22,0,23,0,24,100,25,501,26,184,27,0,28,0,29,0,30,0,19,95,18,0,17,0,16,0,15,4,14,0,13,155,12,0,11,200,10,35,9,0,998,489
1773712574,20,19,20,213,21,0,22,0,23,0,24,100,25,501,26,184,27,0,28,0,29,0,30,0,19,95,18,0,17,0,16,0,15,4,14,0,13,155,12,0,11,200,10,35,9,0,998,489
1773712575,20,19,20,213,21,0,22,0,23,0,24,100,25,501,26,184,27,0,28,0,29,0,30,0,19,95,18,0,17,0,16,0,15,4,14,0,13,155,12,0,11,200,10,35,9,0,998,489
1773712576,20,19,20,233,21,0,22,0,23,0,24,100,25,501,26,184,27,0,28,0,29,0,30,0,19,95,18,0,17,0,16,0,15,4,14,0,13,155,12,0,11,200,10,35,9,0,1018,489
1773712577,20,19,20,222,21,0,22,0,23,0,24,100,25,501,26,184,27,0,28,0,29,0,30,0,19,95,18,0,17,0,16,0,15,4,14,0,13,155,12,0,11,200,10,35,9,0,1007,489
1773712578,20,19,20,241,21,0,22,0,23,0,24,100,25,501,26,184,27,0,28,0,29,0,30,0,19,95,18,0,17,0,16,0,15,4,14,0,13,155,12,0,11,200,10,35,9,0,1026,489
1773712579,20,19,20,273,21,0,22,0,23,0,24,100,25,501,26,184,27,0,28,0,29,0,30,0,19,95,18,0,17,0,16,0,15,4,14,0,13,155,12,0,11,200,10,35,9,0,1058,489
1773712580,20,19,20,259,21,0,22,0,23,0,24,100,25,501,26,184,27,0,28,0,29,0,30,0,19,95,18,0,17,0,16,0,15,4,14,0,13,155,12,0,11,200,10,35,9,0,1044,489
1773712581,20,19,20,213,21,0,22,0,23,0,24,100,25,501,26,184,27,0,28,0,29,0,30,0,19,95,18,0,17,0,16,0,15,4,14,0,13,155,12,0,11,200,10,35,9,0,998,489
1773712582,20,19,20,213,21,0,22,0,23,0,24,100,25,501,26,184,27,0,28,0,29,0,30,0,19,95,18,0,17,0,16,0,15,4,14,0,13,155,12,0,11,200,10,35,9,0,998,489
1773712583,20,19,20,213,21,0,22,0,23,0,24,100,25,501,26,184,27,0,28,0,29,0,30,0,19,95,18,0,17,0,16,0,15,4,14,0,13,155,12,0,11,200,10,35,9,0,998,489
1773712584,20,19,20,213,21,0,22,0,23,0,24,100,25,501,26,184,27,0,28,0,29,0,30,0,19,95,18,0,17,0,16,0,15,4,14,0,13,155,12,0,11,200,10,35,9,0,998,489
1773712585,20,19,20,220,21,0,22,0,23,0,24,100,25,501,26,184,27,0,28,0,29,0,30,0,19,95,18,0,17,0,16,0,15,4,14,200,13,155,12,0,11,0,10,535,9,0,1005,989
1773712586,20,19,20,227,21,0,22,0,23,0,24,100,25,501,26,184,27,0,28,0,29,0,30,0,19,95,18,0,17,0,16,0,15,4,14,200,13,155,12,0,11,0,10,535,9,0,1012,989
1773712587,20,19,20,220,21,0,22,0,23,0,24,100,25,501,26,184,27,0,28,0,29,0,30,0,19,95,18,0,17,0,16,0,15,4,14,200,13,155,12,0,11,0,10,535,9,0,1005,989
1773712588,20,19,20,243,21,0,22,0,23,0,24,100,25,501,26,184,27,0,28,0,29,0,30,0,19,95,18,0,17,0,16,0,15,4,14,200,13,155,12,0,11,0,10,639,9,0,1028,1093
1773712589,20,19,20,220,21,0,22,0,23,0,24,100,25,501,26,184,27,0,28,0,29,0,30,0,19,95,18,0,17,0,16,0,15,4,14,200,13,155,12,0,11,0,10,639,9,0,1005,1093
1773712590,20,19,20,209,21,0,22,0,23,0,24,100,25,501,26,184,27,0,28,0,29,0,30,0,19,95,18,0,17,0,16,0,15,75,14,200,13,155,12,0,11,0,10,639,9,0,994,1164
1773712591,20,19,20,209,21,0,22,0,23,0,24,100,25,501,26,184,27,0,28,0,29,0,30,0,19,95,18,0,17,0,16,0,15,75,14,200,13,155,12,0,11,0,10,639,9,0,994,1164
1773712592,20,19,20,209,21,0,22,0,23,0,24,100,25,501,26,184,27,0,28,0,29,0,30,0,19,95,18,0,17,0,16,0,15,0,14,200,13,155,12,0,11,0,10,639,9,0,994,1089
1773712593,20,19,20,209,21,0,22,0,23,0,24,100,25,501,26,184,27,0,28,0,29,0,30,0,19,95,18,0,17,0,16,0,15,78,14,200,13,155,12,0,11,0,10,639,9,0,994,1167
1773712594,20,19,20,209,21,0,22,0,23,0,24,100,25,501,26,184,27,0,28,0,29,0,30,0,19,95,18,0,17,0,16,0,15,78,14,200,13,155,12,0,11,0,10,639,9,0,994,1167
1773712595,20,19,20,209,21,0,22,0,23,0,24,100,25,501,26,184,27,0,28,0,29,0,30,0,19,95,18,0,17,0,16,0,15,0,14,200,13,155,12,0,11,0,10,639,9,0,994,1089
1773712596,20,19,20,279,21,0,22,0,23,0,24,100,25,501,26,184,27,0,28,0,29,0,30,0,19,95,18,0,17,0,16,0,15,85,14,200,13,155,12,0,11,0,10,639,9,0,1064,1174
1773712597,20,19,20,56,21,0,22,0,23,0,24,100,25,501,26,184,27,0,28,0,29,0,30,0,19,866,18,0,17,0,16,0,15,85,14,200,13,155,12,0,11,0,10,639,9,0,841,1945
1773712598,20,19,20,203,21,0,22,0,23,0,24,100,25,501,26,184,27,0,28,0,29,0,30,0,19,866,18,0,17,0,16,0,15,553,14,200,13,155,12,0,11,0,10,779,9,0,988,2553
1773712599,20,19,20,203,21,0,22,0,23,0,24,100,25,501,26,184,27,0,28,0,29,0,30,0,19,866,18,0,17,0,16,81,15,553,14,200,13,155,12,0,11,0,10,779,9,0,988,2634
1773712600,20,19,20,203,21,0,22,0,23,0,24,100,25,501,26,184,27,0,28,0,29,0,30,0,19,866,18,0,17,0,16,81,15,553,14,200,13,155,12,0,11,0,10,779,9,0,988,2634
1773712601,20,19,20,203,21,0,22,0,23,0,24,100,25,501,26,184,27,0,28,0,29,0,30,0,19,95,18,0,17,0,16,77,15,553,14,200,13,155,12,0,11,0,10,639,9,0,988,1719
1773712602,20,19,20,202,21,0,22,0,23,0,24,100,25,501,26,184,27,0,28,0,29,0,30,0,19,95,18,0,17,0,16,77,15,553,14,200,13,155,12,0,11,0,10,639,9,0,987,1719
1773712603,20,19,20,202,21,0,22,0,23,0,24,100,25,501,26,184,27,0,28,0,29,0,30,0,19,80,18,0,17,0,16,0,15,553,14,200,13,155,12,0,11,0,10,639,9,0,987,1627
1773712604,20,19,20,202,21,0,22,0,23,0,24,100,25,501,26,184,27,0,28,0,29,0,30,0,19,80,18,0,17,0,16,87,15,553,14,200,13,155,12,0,11,0,10,639,9,0,987,1714
1773712605,20,19,20,202,21,0,22,0,23,0,24,100,25,501,26,184,27,0,28,0,29,0,30,0,19,80,18,0,17,0,16,87,15,553,14,200,13,155,12,0,11,0,10,639,9,0,987,1714
1773712606,20,19,20,202,21,0,22,0,23,0,24,100,25,501,26,184,27,0,28,0,29,0,30,0,19,80,18,0,17,0,16,0,15,553,14,200,13,155,12,0,11,0,10,639,9,0,987,1627
1773712607,20,19,20,202,21,0,22,0,23,0,24,100,25,501,26,184,27,0,28,0,29,0,30,0,19,80,18,0,17,0,16,77,15,553,14,200,13,155,12,0,11,0,10,639,9,0,987,1704
1773712608,20,19,20,202,21,0,22,0,23,0,24,100,25,501,26,184,27,0,28,0,29,0,30,0,19,80,18,0,17,0,16,77,15,553,14,200,13,155,12,0,11,0,10,639,9,0,987,1704
1773712609,20,19,20,202,21,0,22,0,23,0,24,100,25,501,26,184,27,0,28,0,29,0,30,0,19,80,18,0,17,0,16,74,15,553,14,200,13,155,12,0,11,0,10,639,9,0,987,1701
1773712610,20,19,20,202,21,0,22,0,23,0,24,100,25,501,26,184,27,0,28,0,29,0,30,0,19,64,18,0,17,0,16,74,15,553,14,200,13,155,12,0,11,0,10,639,9,0,987,1685
1773712611,20,19,20,202,21,0,22,0,23,0,24,100,25,501,26,184,27,0,28,0,29,0,30,0,19,64,18,0,17,0,16,0,15,553,14,200,13,155,12,0,11,0,10,639,9,0,987,1611
1773712612,20,19,20,202,21,0,22,0,23,0,24,100,25,501,26,184,27,0,28,0,29,0,30,0,19,64,18,0,17,0,16,0,15,553,14,200,13,155,12,0,11,0,10,639,9,0,987,1611
1773712613,20,19,20,202,21,0,22,0,23,0,24,100,25,501,26,184,27,0,28,0,29,0,30,0,19,64,18,0,17,0,16,0,15,553,14,200,13,155,12,0,11,0,10,639,9,0,987,1611
1773712614,20,19,20,202,21,0,22,0,23,0,24,100,25,501,26,184,27,0,28,0,29,0,30,0,19,64,18,0,17,0,16,0,15,553,14,200,13,155,12,0,11,0,10,639,9,0,987,1611
1773712615,20,19,20,202,21,0,22,0,23,0,24,100,25,501,26,184,27,0,28,0,29,0,30,0,19,64,18,0,17,0,16,0,15,553,14,200,13,155,12,0,11,0,10,639,9,0,987,1611
1773712616,20,19,20,202,21,0,22,0,23,0,24,100,25,501,26,184,27,0,28,0,29,0,30,0,19,64,18,0,17,0,16,0,15,553,14,200,13,155,12,0,11,0,10,639,9,0,987,1611
1773712617,20,19,20,262,21,0,22,0,23,0,24,100,25,501,26,184,27,0,28,0,29,0,30,0,19,64,18,0,17,0,16,0,15,553,14,200,13,155,12,0,11,0,10,639,9,0,1047,1611
1773712618,20,19,20,238,21,0,22,0,23,0,24,100,25,501,26,184,27,0,28,0,29,0,30,0,19,63,18,0,17,0,16,0,15,0,14,200,13,155,12,0,11,393,10,139,9,0,1023,950
1773712619,20,19,20,238,21,0,22,0,23,0,24,100,25,501,26,184,27,0,28,0,29,0,30,0,19,63,18,0,17,0,16,0,15,0,14,200,13,155,12,0,11,393,10,138,9,0,1023,949
1773712620,20,19,20,238,21,0,22,0,23,0,24,100,25,501,26,184,27,0,28,0,29,0,30,0,19,63,18,0,17,0,16,0,15,83,14,200,13,155,12,0,11,393,10,138,9,0,1023,1032
1773712621,20,19,20,245,21,0,22,0,23,0,24,100,25,501,26,184,27,0,28,0,29,0,30,0,19,63,18,0,17,0,16,0,15,83,14,200,13,155,12,0,11,393,10,138,9,0,1030,1032
1773712622,20,19,20,245,21,0,22,0,23,0,24,100,25,501,26,184,27,0,28,0,29,0,30,0,19,63,18,0,17,0,16,0,15,0,14,200,13,155,12,0,11,393,10,138,9,0,1030,949
1773712623,20,19,20,238,21,0,22,0,23,0,24,100,25,501,26,184,27,0,28,0,29,0,30,0,19,63,18,762,17,0,16,0,15,74,14,200,13,446,12,0,11,393,10,548,9,253,1023,2739
1773712624,20,19,20,238,21,0,22,0,23,0,24,100,25,501,26,184,27,0,28,0,29,0,30,0,19,63,18,762,17,0,16,0,15,74,14,200,13,446,12,0,11,393,10,548,9,253,1023,2739
1773712625,20,19,20,238,21,0,22,0,23,0,24,100,25,501,26,184,27,0,28,0,29,0,30,0,19,63,18,762,17,0,16,0,15,0,14,200,13,446,12,0,11,393,10,548,9,253,1023,2665
1773712626,20,19,20,238,21,0,22,0,23,0,24,100,25,501,26,184,27,0,28,0,29,0,30,0,19,63,18,762,17,0,16,0,15,83,14,200,13,446,12,0,11,393,10,548,9,253,1023,2748
1773712627,20,18,20,238,21,0,22,0,23,0,24,100,25,501,26,184,27,0,28,0,29,0,30,0,18,762,17,0,16,0,15,83,14,0,13,446,12,0,11,393,10,548,9,243,8,604,1023,3079
1773712628,19,18,19,2,20,36,21,100,22,200,23,0,24,0,25,501,26,190,27,0,28,0,29,0,18,762,17,0,16,0,15,72,14,602,13,446,12,0,11,492,10,548,9,0,8,0,1029,2922
1773712629,19,18,19,2,20,36,21,0,22,200,23,100,24,0,25,501,26,190,27,0,28,0,29,0,18,762,17,0,16,0,15,72,14,602,13,446,12,0,11,492,10,548,9,0,8,0,1029,2922
1773712630,19,18,19,2,20,36,21,200,22,0,23,100,24,0,25,501,26,190,27,0,28,0,29,0,18,762,17,0,16,0,15,200,14,602,13,446,12,0,11,498,10,548,9,0,8,500,1029,3556
1773712631,19,18,19,2,20,36,21,200,22,0,23,100,24,0,25,501,26,190,27,0,28,0,29,0,18,762,17,0,16,0,15,280,14,602,13,446,12,0,11,498,10,548,9,0,8,500,1029,3636
1773712632,19,18,19,2,20,36,21,200,22,0,23,100,24,0,25,501,26,190,27,0,28,0,29,0,18,762,17,0,16,0,15,280,14,602,13,446,12,0,11,498,10,548,9,0,8,500,1029,3636
1773712633,19,17,19,2,20,36,21,100,22,0,23,0,24,200,25,501,26,0,27,0,28,311,29,0,17,15,16,151,15,200,14,602,13,446,12,0,11,498,10,548,9,0,8,0,7,0,1150,2460
1773712634,19,17,19,2,20,36,21,210,22,0,23,100,24,0,25,501,26,186,27,0,28,0,29,0,17,15,16,0,15,200,14,681,13,446,12,0,11,490,10,548,9,0,8,0,7,0,1035,2380
1773712635,19,17,19,2,20,36,21,200,22,0,23,100,24,0,25,501,26,186,27,0,28,0,29,0,17,15,16,0,15,205,14,681,13,446,12,0,11,490,10,548,9,0,8,0,7,0,1025,2385
1773712636,19,17,19,2,20,36,21,0,22,100,23,0,24,200,25,1,26,0,27,500,28,291,29,0,17,15,16,0,15,205,14,684,13,446,12,0,11,490,10,548,9,0,8,0,7,0,1130,2388
1773712637,19,17,19,2,20,36,21,10,22,100,23,0,24,200,25,1,26,0,27,500,28,291,29,0,17,15,16,0,15,205,14,684,13,446,12,0,11,490,10,548,9,0,8,0,7,0,1140,2388
1773712638,19,16,19,2,20,603,21,10,22,100,23,0,24,0,25,1,26,0,27,0,28,0,29,366,16,154,15,205,14,602,13,446,12,0,11,490,10,548,9,0,8,0,7,0,6,0,1082,2445
1773712639,19,16,19,12,20,603,21,0,22,0,23,0,24,0,25,1,26,0,27,100,28,296,29,0,16,154,15,200,14,602,13,529,12,0,11,490,10,548,9,0,8,0,7,0,6,0,1012,2523
1773712640,22,20,22,110,23,0,24,200,25,1,26,0,27,0,28,500,29,112,30,0,31,15,32,762,20,166,19,0,18,0,17,0,16,423,15,200,14,602,13,529,12,0,11,0,10,785,1700,2705
1773712641,23,20,23,10,24,107,25,201,26,0,27,0,28,0,29,500,30,350,31,15,32,500,33,0,20,166,19,0,18,0,17,0,16,288,15,200,14,602,13,446,12,0,11,0,10,785,1683,2487
1773712642,22,20,22,10,23,82,24,100,25,201,26,0,27,0,28,0,29,500,30,354,31,15,32,500,20,166,19,0,18,0,17,0,16,510,15,200,14,602,13,446,12,0,11,0,10,785,1762,2709
1773712643,22,20,22,10,23,82,24,100,25,201,26,0,27,0,28,0,29,500,30,354,31,15,32,500,20,166,19,0,18,0,17,0,16,510,15,200,14,602,13,446,12,0,11,0,10,785,1762,2709
1773712644,22,20,22,10,23,82,24,100,25,201,26,0,27,500,28,268,29,0,30,390,31,15,32,500,20,166,19,0,18,0,17,0,16,496,15,200,14,602,13,446,12,0,11,0,10,785,2066,2695
1773712645,22,20,22,10,23,82,24,100,25,201,26,0,27,500,28,268,29,0,30,320,31,15,32,0,20,166,19,0,18,0,17,0,16,496,15,200,14,602,13,446,12,0,11,0,10,785,1496,2695
1773712646,22,20,22,10,23,75,24,100,25,201,26,0,27,500,28,268,29,0,30,315,31,15,32,500,20,166,19,0,18,0,17,0,16,408,15,200,14,602,13,446,12,0,11,115,10,548,1984,2485
1773712647,22,20,22,10,23,75,24,100,25,201,26,0,27,500,28,268,29,0,30,315,31,15,32,500,20,166,19,0,18,0,17,0,16,483,15,200,14,602,13,446,12,0,11,115,10,548,1984,2560
1773712648,22,20,22,8,23,75,24,100,25,201,26,0,27,500,28,268,29,0,30,315,31,15,32,500,20,158,19,0,18,0,17,0,16,483,15,200,14,602,13,446,12,0,11,115,10,548,1982,2552
1773712649,22,20,22,8,23,75,24,100,25,201,26,0,27,500,28,268,29,0,30,305,31,15,32,500,20,158,19,0,18,0,17,0,16,408,15,200,14,602,13,446,12,0,11,115,10,548,1972,2477
1773712650,22,16,22,8,23,75,24,100,25,201,26,0,27,500,28,268,29,0,30,305,31,15,32,500,16,439,15,0,14,200,13,731,12,0,11,582,10,548,9,0,8,500,7,0,6,650,1972,3650
1773712651,21,17,21,8,22,20,23,75,24,100,25,201,26,0,27,500,28,268,29,0,30,305,31,15,17,28,16,408,15,0,14,200,13,731,12,0,11,582,10,548,9,0,8,500,7,0,1492,2997
1773712652,22,17,22,8,23,75,24,100,25,201,26,0,27,500,28,268,29,0,30,305,31,15,32,500,17,28,16,408,15,0,14,200,13,655,12,0,11,582,10,548,9,0,8,500,7,0,1972,2921
1773712653,21,17,21,8,22,54,23,77,24,139,25,201,26,0,27,500,28,268,29,0,30,0,31,530,17,28,16,408,15,200,14,80,13,655,12,0,11,582,10,548,9,0,8,500,7,0,1777,3001
1773712654,21,17,21,8,22,54,23,77,24,139,25,201,26,0,27,500,28,268,29,0,30,310,31,15,17,28,16,408,15,0,14,200,13,655,12,0,11,582,10,548,9,0,8,500,7,0,1572,2921
1773712655,21,17,21,8,22,54,23,77,24,139,25,201,26,0,27,500,28,268,29,0,30,0,31,535,17,28,16,408,15,200,14,74,13,655,12,0,11,582,10,548,9,0,8,500,7,0,1782,2995
1773712656,21,17,21,8,22,54,23,77,24,139,25,201,26,0,27,500,28,268,29,0,30,0,31,535,17,28,16,408,15,200,14,74,13,655,12,0,11,582,10,548,9,0,8,500,7,0,1782,2995
1773712657,21,17,21,8,22,54,23,77,24,139,25,201,26,0,27,500,28,268,29,0,30,0,31,535,17,28,16,408,15,0,14,200,13,655,12,0,11,582,10,548,9,0,8,500,7,0,1782,2921
1773712658,21,17,21,8,22,54,23,77,24,139,25,201,26,0,27,500,28,268,29,0,30,0,31,535,17,28,16,408,15,200,14,78,13,655,12,0,11,582,10,548,9,0,8,500,7,0,1782,2999
1773712659,21,17,21,8,22,54,23,77,24,139,25,201,26,0,27,500,28,268,29,0,30,0,31,535,17,28,16,408,15,200,14,78,13,655,12,0,11,582,10,548,9,0,8,500,7,0,1782,2999
1773712660,21,17,21,8,22,54,23,77,24,139,25,201,26,0,27,500,28,268,29,0,30,0,31,535,17,28,16,408,15,0,14,200,13,655,12,0,11,582,10,548,9,0,8,500,7,0,1782,2921
1773712661,21,17,21,8,22,54,23,77,24,139,25,201,26,0,27,500,28,268,29,0,30,0,31,530,17,28,16,408,15,200,14,73,13,655,12,0,11,582,10,548,9,0,8,500,7,0,1777,2994
1773712662,21,17,21,23,22,54,23,77,24,139,25,201,26,0,27,500,28,268,29,0,30,0,31,515,17,28,16,408,15,200,14,73,13,655,12,0,11,582,10,548,9,0,8,500,7,0,1777,2994
1773712663,21,17,21,23,22,54,23,77,24,139,25,201,26,0,27,500,28,268,29,0,30,0,31,515,17,28,16,408,15,0,14,278,13,655,12,0,11,582,10,548,9,0,8,500,7,0,1777,2999
1773712664,21,17,21,23,22,54,23,77,24,139,25,201,26,0,27,500,28,268,29,0,30,0,31,515,17,28,16,408,15,200,14,78,13,655,12,0,11,582,10,548,9,0,8,500,7,0,1777,2999
1773712665,21,17,21,23,22,54,23,77,24,139,25,201,26,0,27,500,28,268,29,0,30,305,31,0,17,28,16,408,15,0,14,200,13,655,12,0,11,582,10,548,9,0,8,500,7,0,1567,2921
1773712666,21,17,21,23,22,54,23,77,24,139,25,201,26,0,27,500,28,268,29,0,30,0,31,515,17,28,16,408,15,0,14,200,13,655,12,0,11,582,10,548,9,0,8,500,7,0,1777,2921
1773712667,21,17,21,23,22,54,23,77,24,139,25,201,26,0,27,500,28,268,29,0,30,0,31,445,17,28,16,408,15,0,14,200,13,655,12,0,11,582,10,548,9,0,8,500,7,0,1707,2921
1773712668,21,17,21,23,22,54,23,77,24,139,25,201,26,0,27,500,28,268,29,0,30,0,31,557,17,228,16,408,15,0,14,500,13,155,12,0,11,582,10,548,9,0,8,500,7,0,1819,2921
1773712669,21,17,21,23,22,54,23,77,24,139,25,201,26,0,27,500,28,268,29,0,30,0,31,450,17,228,16,408,15,0,14,500,13,155,12,255,11,467,10,548,9,0,8,500,7,0,1712,3061
1773712670,21,17,21,23,22,54,23,77,24,139,25,201,26,0,27,0,28,0,29,0,30,500,31,520,17,228,16,408,15,0,14,500,13,155,12,255,11,467,10,25,9,0,8,1056,7,0,1514,3094
1773712671,21,17,21,23,22,54,23,77,24,139,25,201,26,0,27,0,28,0,29,500,30,380,31,0,17,228,16,408,15,0,14,500,13,155,12,255,11,467,10,25,9,0,8,1056,7,0,1374,3094
1773712672,21,17,21,23,22,54,23,77,24,139,25,201,26,0,27,0,28,0,29,0,30,500,31,520,17,228,16,408,15,0,14,500,13,155,12,255,11,467,10,25,9,0,8,1056,7,0,1514,3094
1773712673,21,17,21,23,22,54,23,77,24,139,25,201,26,0,27,0,28,0,29,500,30,310,31,0,17,228,16,408,15,0,14,500,13,155,12,255,11,467,10,25,9,0,8,1056,7,0,1304,3094
1773712674,21,17,21,23,22,54,23,177,24,239,25,1,26,0,27,0,28,0,29,0,30,500,31,520,17,228,16,408,15,0,14,500,13,155,12,248,11,467,10,25,9,538,8,1056,7,0,1514,3625
1773712675,21,17,21,23,22,93,23,177,24,200,25,1,26,0,27,0,28,0,29,500,30,749,31,0,17,228,16,1152,15,0,14,500,13,155,12,248,11,467,10,25,9,538,8,1056,7,0,1743,4369
1773712676,21,17,21,23,22,93,23,177,24,200,25,1,26,0,27,0,28,0,29,500,30,819,31,0,17,228,16,1152,15,0,14,500,13,155,12,248,11,467,10,585,9,538,8,1056,7,0,1813,4929
1773712677,21,17,21,23,22,93,23,177,24,200,25,1,26,0,27,0,28,0,29,500,30,819,31,0,17,228,16,1152,15,0,14,500,13,155,12,248,11,467,10,585,9,538,8,1056,7,0,1813,4929
1773712678,21,17,21,23,22,93,23,177,24,200,25,1,26,0,27,0,28,0,29,500,30,819,31,0,17,228,16,1152,15,0,14,500,13,155,12,248,11,467,10,585,9,538,8,1056,7,0,1813,4929
1773712679,21,17,21,23,22,93,23,100,24,200,25,1,26,0,27,0,28,0,29,500,30,819,31,0,17,228,16,1152,15,0,14,500,13,155,12,248,11,467,10,585,9,538,8,1056,7,0,1736,4929
1773712680,21,17,21,23,22,93,23,100,24,200,25,1,26,0,27,0,28,0,29,500,30,819,31,0,17,228,16,1152,15,0,14,500,13,155,12,248,11,467,10,585,9,538,8,1056,7,0,1736,4929
1773712681,21,17,21,23,22,93,23,100,24,200,25,1,26,0,27,0,28,0,29,500,30,819,31,0,17,228,16,1152,15,0,14,500,13,155,12,248,11,467,10,585,9,538,8,1056,7,0,1736,4929
1773712682,21,17,21,23,22,93,23,100,24,200,25,1,26,0,27,0,28,0,29,500,30,819,31,0,17,228,16,1152,15,0,14,500,13,155,12,248,11,467,10,585,9,538,8,1056,7,0,1736,4929
1773712683,21,17,21,23,22,93,23,100,24,200,25,1,26,0,27,0,28,0,29,500,30,819,31,0,17,228,16,1152,15,0,14,500,13,155,12,248,11,467,10,585,9,538,8,1056,7,0,1736,4929
1773712684,21,17,21,23,22,93,23,100,24,200,25,1,26,0,27,0,28,0,29,500,30,819,31,0,17,228,16,1152,15,0,14,500,13,155,12,248,11,467,10,585,9,538,8,1056,7,0,1736,4929
1773712685,21,17,21,24,22,93,23,100,24,200,25,1,26,0,27,0,28,0,29,500,30,378,31,0,17,234,16,408,15,0,14,500,13,155,12,248,11,467,10,585,9,538,8,1056,7,0,1296,4191
1773712686,21,17,21,24,22,93,23,100,24,200,25,1,26,0,27,0,28,0,29,500,30,378,31,0,17,234,16,408,15,0,14,500,13,155,12,248,11,467,10,585,9,538,8,1056,7,0,1296,4191
1773712687,21,17,21,24,22,93,23,100,24,200,25,1,26,0,27,0,28,0,29,500,30,378,31,0,17,234,16,408,15,0,14,500,13,155,12,248,11,467,10,585,9,538,8,1056,7,0,1296,4191
1773712688,21,17,21,24,22,93,23,100,24,200,25,1,26,0,27,0,28,0,29,500,30,378,31,0,17,34,16,608,15,0,14,0,13,655,12,0,11,645,10,585,9,538,8,1056,7,0,1296,4121
1773712689,21,17,21,24,22,93,23,100,24,200,25,1,26,0,27,0,28,0,29,500,30,378,31,0,17,34,16,608,15,0,14,0,13,655,12,0,11,645,10,585,9,538,8,1056,7,0,1296,4121
1773712690,21,17,21,24,22,93,23,100,24,200,25,1,26,0,27,0,28,0,29,500,30,378,31,0,17,46,16,608,15,0,14,0,13,655,12,0,11,645,10,585,9,538,8,1056,7,0,1296,4133
1773712691,21,17,21,24,22,93,23,100,24,200,25,1,26,0,27,0,28,0,29,500,30,378,31,0,17,34,16,608,15,0,14,0,13,655,12,0,11,645,10,585,9,538,8,1056,7,0,1296,4121
1773712692,21,17,21,24,22,93,23,100,24,200,25,1,26,0,27,0,28,0,29,500,30,378,31,0,17,34,16,608,15,0,14,0,13,655,12,0,11,645,10,585,9,538,8,1056,7,0,1296,4121
1773712693,21,17,21,24,22,93,23,100,24,200,25,1,26,0,27,0,28,0,29,500,30,378,31,0,17,34,16,608,15,0,14,0,13,655,12,0,11,645,10,585,9,538,8,1056,7,0,1296,4121
1773712694,21,17,21,24,22,93,23,100,24,200,25,1,26,0,27,0,28,0,29,500,30,378,31,0,17,34,16,608,15,0,14,0,13,655,12,0,11,645,10,585,9,538,8,1056,7,0,1296,4121
1773712695,21,17,21,24,22,93,23,100,24,200,25,1,26,0,27,0,28,0,29,500,30,378,31,0,17,34,16,608,15,0,14,0,13,655,12,0,11,645,10,585,9,538,8,1056,7,0,1296,4121
1773712696,21,17,21,24,22,93,23,100,24,200,25,1,26,0,27,0,28,0,29,500,30,378,31,0,17,34,16,608,15,0,14,0,13,655,12,0,11,645,10,585,9,538,8,1056,7,0,1296,4121
1773712697,21,17,21,24,22,93,23,100,24,200,25,1,26,0,27,0,28,0,29,500,30,378,31,0,17,34,16,408,15,0,14,200,13,655,12,0,11,575,10,585,9,538,8,1056,7,0,1296,4051
1773712698,21,17,21,24,22,93,23,100,24,200,25,1,26,0,27,0,28,0,29,500,30,378,31,0,17,34,16,408,15,0,14,200,13,655,12,0,11,575,10,585,9,538,8,1056,7,0,1296,4051
1773712699,21,17,21,24,22,93,23,100,24,200,25,1,26,0,27,0,28,0,29,500,30,378,31,0,17,34,16,408,15,0,14,200,13,655,12,0,11,575,10,585,9,538,8,1056,7,0,1296,4051
1773712700,21,17,21,24,22,93,23,100,24,200,25,1,26,0,27,0,28,0,29,500,30,378,31,0,17,34,16,408,15,0,14,200,13,655,12,0,11,575,10,585,9,538,8,1056,7,0,1296,4051
1773712701,21,17,21,24,22,93,23,100,24,200,25,1,26,0,27,0,28,0,29,500,30,378,31,0,17,34,16,408,15,0,14,200,13,655,12,0,11,575,10,585,9,538,8,1056,7,0,1296,4051
1773712702,21,17,21,24,22,93,23,100,24,200,25,1,26,0,27,0,28,0,29,500,30,378,31,0,17,34,16,469,15,0,14,0,13,655,12,17,11,467,10,585,9,538,8,1056,7,0,1296,3821
1773712703,21,17,21,24,22,93,23,100,24,200,25,1,26,0,27,0,28,0,29,500,30,389,31,0,17,34,16,469,15,0,14,0,13,655,12,108,11,467,10,585,9,538,8,1056,7,0,1307,3912
1773712704,21,17,21,24,22,93,23,100,24,200,25,1,26,0,27,0,28,0,29,500,30,389,31,0,17,34,16,469,15,0,14,0,13,655,12,108,11,467,10,585,9,538,8,1056,7,0,1307,3912
1773712705,21,17,21,24,22,93,23,100,24,200,25,1,26,0,27,0,28,0,29,500,30,389,31,0,17,34,16,469,15,0,14,0,13,655,12,108,11,467,10,585,9,538,8,1056,7,0,1307,3912
1773712706,21,17,21,24,22,93,23,100,24,200,25,1,26,0,27,0,28,0,29,500,30,389,31,0,17,34,16,469,15,0,14,0,13,655,12,108,11,467,10,585,9,538,8,1056,7,0,1307,3912
1773712707,21,17,21,24,22,93,23,100,24,200,25,1,26,0,27,0,28,0,29,500,30,389,31,0,17,34,16,469,15,0,14,0,13,655,12,108,11,467,10,585,9,538,8,1056,7,0,1307,3912
1773712708,21,17,21,24,22,93,23,100,24,200,25,1,26,0,27,0,28,0,29,500,30,389,31,0,17,34,16,469,15,0,14,0,13,655,12,108,11,467,10,585,9,538,8,1056,7,0,1307,3912
1773712709,21,17,21,24,22,93,23,100,24,200,25,1,26,0,27,0,28,0,29,500,30,389,31,0,17,34,16,469,15,0,14,0,13,655,12,108,11,467,10,585,9,538,8,1056,7,0,1307,3912
1773712710,21,17,21,24,22,93,23,100,24,200,25,1,26,0,27,0,28,0,29,500,30,389,31,0,17,34,16,469,15,0,14,0,13,655,12,108,11,467,10,585,9,538,8,1056,7,0,1307,3912
1773712711,21,17,21,24,22,93,23,100,24,200,25,1,26,0,27,0,28,0,29,500,30,389,31,0,17,34,16,469,15,0,14,0,13,655,12,108,11,467,10,585,9,538,8,1056,7,0,1307,3912
1773712712,21,17,21,24,22,93,23,100,24,200,25,1,26,0,27,0,28,0,29,500,30,389,31,0,17,34,16,469,15,0,14,0,13,655,12,108,11,467,10,585,9,538,8,1056,7,0,1307,3912
1773712713,21,17,21,24,22,93,23,100,24,200,25,1,26,0,27,0,28,0,29,500,30,389,31,0,17,34,16,469,15,0,14,0,13,655,12,108,11,467,10,585,9,538,8,1056,7,0,1307,3912
1773712714,21,17,21,24,22,93,23,100,24,200,25,1,26,0,27,0,28,0,29,500,30,389,31,0,17,34,16,469,15,0,14,0,13,655,12,108,11,467,10,585,9,538,8,1056,7,0,1307,3912
1773712715,21,17,21,24,22,93,23,100,24,200,25,1,26,0,27,0,28,0,29,500,30,389,31,0,17,34,16,469,15,0,14,0,13,655,12,108,11,467,10,585,9,538,8,1056,7,0,1307,3912
1773712716,21,17,21,84,22,93,23,100,24,200,25,1,26,0,27,0,28,0,29,500,30,389,31,0,17,34,16,469,15,0,14,0,13,655,12,108,11,467,10,585,9,538,8,1056,7,0,1367,3912
1773712717,21,17,21,16,22,93,23,100,24,200,25,1,26,0,27,0,28,0,29,500,30,389,31,0,17,34,16,469,15,0,14,0,13,655,12,108,11,467,10,585,9,538,8,1056,7,0,1299,3912
1773712718,21,17,21,16,22,93,23,100,24,200,25,1,26,0,27,0,28,0,29,500,30,389,31,0,17,34,16,469,15,0,14,0,13,655,12,108,11,467,10,585,9,538,8,1056,7,0,1299,3912
1773712719,21,17,21,16,22,93,23,100,24,200,25,1,26,0,27,500,28,214,29,0,30,417,31,0,17,34,16,269,15,0,14,200,13,655,12,0,11,107,10,585,9,538,8,500,7,0,1541,2888
1773712720,21,17,21,16,22,93,23,100,24,200,25,1,26,0,27,500,28,214,29,0,30,389,31,0,17,34,16,269,15,0,14,200,13,655,12,0,11,107,10,585,9,538,8,500,7,0,1513,2888
1773712721,21,17,21,16,22,93,23,100,24,200,25,1,26,0,27,500,28,214,29,0,30,389,31,0,17,34,16,269,15,0,14,200,13,655,12,0,11,107,10,585,9,538,8,500,7,0,1513,2888
1773712722,21,17,21,16,22,93,23,100,24,200,25,1,26,0,27,500,28,214,29,0,30,389,31,0,17,34,16,269,15,0,14,200,13,155,12,500,11,16,10,585,9,538,8,0,7,0,1513,2297
1773712723,21,17,21,16,22,93,23,100,24,200,25,1,26,0,27,500,28,214,29,0,30,389,31,0,17,34,16,269,15,0,14,200,13,155,12,500,11,31,10,585,9,538,8,0,7,0,1513,2312
1773712724,21,17,21,101,22,93,23,100,24,200,25,1,26,0,27,500,28,214,29,0,30,389,31,0,17,29,16,269,15,0,14,200,13,155,12,500,11,31,10,585,9,538,8,0,7,0,1598,2307
1773712725,21,17,21,101,22,93,23,100,24,200,25,1,26,0,27,500,28,214,29,0,30,389,31,0,17,29,16,269,15,0,14,200,13,155,12,500,11,31,10,25,9,538,8,0,7,0,1598,1747
1773712726,21,17,21,101,22,93,23,100,24,200,25,1,26,0,27,500,28,214,29,0,30,389,31,0,17,29,16,269,15,0,14,200,13,155,12,500,11,31,10,25,9,538,8,0,7,0,1598,1747
1773712727,21,17,21,101,22,93,23,100,24,200,25,1,26,0,27,500,28,214,29,0,30,389,31,0,17,29,16,269,15,0,14,200,13,155,12,500,11,31,10,25,9,538,8,0,7,0,1598,1747
1773712728,21,17,21,101,22,93,23,100,24,200,25,1,26,0,27,500,28,214,29,0,30,389,31,0,17,29,16,269,15,0,14,200,13,155,12,500,11,31,10,25,9,538,8,0,7,0,1598,1747
1773712729,21,17,21,94,22,93,23,100,24,200,25,1,26,0,27,500,28,214,29,0,30,389,31,0,17,29,16,269,15,0,14,200,13,155,12,500,11,16,10,40,9,538,8,0,7,0,1591,1747
1773712730,21,17,21,94,22,93,23,100,24,200,25,1,26,0,27,500,28,214,29,0,30,389,31,0,17,29,16,269,15,0,14,200,13,155,12,500,11,16,10,40,9,538,8,0,7,0,1591,1747
1773712731,21,17,21,94,22,93,23,100,24,200,25,1,26,0,27,500,28,214,29,0,30,389,31,0,17,29,16,269,15,0,14,200,13,155,12,500,11,16,10,40,9,538,8,0,7,0,1591,1747
1773712732,21,17,21,94,22,93,23,100,24,200,25,1,26,0,27,500,28,214,29,0,30,389,31,0,17,29,16,269,15,0,14,200,13,155,12,500,11,16,10,40,9,538,8,0,7,0,1591,1747
1773712733,21,17,21,94,22,93,23,100,24,200,25,1,26,0,27,500,28,214,29,0,30,389,31,0,17,29,16,269,15,0,14,200,13,155,12,500,11,16,10,40,9,538,8,0,7,0,1591,1747
1773712734,21,17,21,94,22,93,23,100,24,200,25,1,26,0,27,500,28,214,29,0,30,389,31,0,17,29,16,269,15,0,14,200,13,155,12,500,11,16,10,40,9,538,8,0,7,0,1591,1747
1773712735,21,17,21,94,22,93,23,100,24,200,25,1,26,0,27,500,28,214,29,0,30,389,31,0,17,29,16,269,15,0,14,200,13,155,12,500,11,16,10,40,9,538,8,0,7,0,1591,1747
1773712736,21,17,21,94,22,93,23,100,24,200,25,1,26,0,27,500,28,214,29,520,30,0,31,0,17,29,16,269,15,735,14,0,13,155,12,0,11,12,10,40,9,538,8,0,7,0,1722,1778
1773712737,21,17,21,94,22,93,23,100,24,200,25,1,26,0,27,500,28,214,29,520,30,0,31,0,17,29,16,269,15,735,14,0,13,155,12,0,11,12,10,40,9,538,8,0,7,0,1722,1778
1773712738,21,17,21,94,22,93,23,100,24,200,25,1,26,0,27,500,28,214,29,520,30,0,31,0,17,29,16,269,15,735,14,0,13,155,12,0,11,12,10,40,9,538,8,0,7,0,1722,1778
1773712739,21,17,21,94,22,93,23,100,24,200,25,1,26,0,27,500,28,214,29,520,30,0,31,0,17,29,16,284,15,735,14,0,13,155,12,0,11,12,10,25,9,538,8,0,7,0,1722,1778
1773712740,21,17,21,94,22,93,23,100,24,200,25,1,26,0,27,500,28,214,29,520,30,0,31,0,17,29,16,284,15,735,14,0,13,155,12,0,11,12,10,25,9,538,8,0,7,0,1722,1778
1773712741,21,17,21,94,22,0,23,100,24,200,25,1,26,0,27,500,28,214,29,520,30,0,31,0,17,29,16,284,15,735,14,0,13,155,12,0,11,12,10,307,9,538,8,0,7,0,1629,2060
1773712742,21,17,21,94,22,0,23,100,24,200,25,1,26,744,27,0,28,0,29,520,30,0,31,0,17,29,16,284,15,735,14,0,13,155,12,0,11,12,10,307,9,538,8,0,7,0,1659,2060
1773712743,21,17,21,94,22,0,23,100,24,200,25,1,26,744,27,0,28,0,29,520,30,0,31,0,17,29,16,284,15,735,14,0,13,155,12,0,11,12,10,307,9,538,8,0,7,0,1659,2060
1773712744,21,17,21,94,22,0,23,100,24,200,25,1,26,744,27,0,28,0,29,520,30,0,31,0,17,29,16,284,15,735,14,0,13,155,12,0,11,12,10,307,9,538,8,0,7,0,1659,2060
1773712745,21,17,21,94,22,0,23,100,24,200,25,1,26,244,27,0,28,500,29,0,30,529,31,0,17,29,16,269,15,15,14,200,13,155,12,500,11,12,10,307,9,538,8,0,7,0,1668,2025
1773712746,21,17,21,93,22,0,23,100,24,200,25,1,26,244,27,0,28,0,29,500,30,389,31,0,17,29,16,269,15,15,14,200,13,155,12,500,11,12,10,307,9,538,8,0,7,0,1527,2025
1773712747,21,17,21,93,22,0,23,100,24,200,25,1,26,244,27,0,28,0,29,500,30,389,31,0,17,28,16,269,15,15,14,200,13,155,12,500,11,12,10,307,9,538,8,0,7,0,1527,2024
1773712748,21,17,21,113,22,0,23,100,24,200,25,1,26,244,27,0,28,0,29,500,30,389,31,0,17,28,16,269,15,15,14,200,13,155,12,500,11,12,10,307,9,538,8,0,7,0,1547,2024
1773712749,21,17,21,139,22,0,23,100,24,200,25,1,26,244,27,0,28,0,29,500,30,437,31,0,17,28,16,269,15,15,14,200,13,155,12,500,11,12,10,307,9,538,8,0,7,0,1621,2024
1773712750,20,17,20,14,21,93,22,0,23,100,24,200,25,1,26,244,27,0,28,0,29,500,30,389,17,9,16,269,15,15,14,200,13,155,12,500,11,163,10,307,9,538,8,0,7,0,1541,2156
1773712751,20,17,20,14,21,93,22,0,23,100,24,200,25,1,26,244,27,0,28,0,29,500,30,389,17,9,16,269,15,15,14,200,13,155,12,500,11,163,10,307,9,538,8,0,7,0,1541,2156
1773712752,20,17,20,14,21,93,22,0,23,100,24,200,25,1,26,244,27,0,28,0,29,500,30,389,17,9,16,269,15,15,14,200,13,155,12,500,11,163,10,307,9,538,8,0,7,0,1541,2156
1773712753,20,17,20,14,21,93,22,0,23,100,24,200,25,1,26,244,27,0,28,0,29,500,30,389,17,9,16,269,15,15,14,200,13,155,12,500,11,163,10,307,9,538,8,0,7,0,1541,2156
1773712754,20,17,20,14,21,100,22,0,23,100,24,200,25,1,26,244,27,0,28,0,29,500,30,534,17,9,16,269,15,15,14,200,13,155,12,500,11,163,10,307,9,538,8,0,7,0,1693,2156
1773712755,20,17,20,14,21,100,22,0,23,100,24,200,25,1,26,244,27,0,28,0,29,500,30,569,17,9,16,269,15,15,14,200,13,155,12,500,11,163,10,307,9,538,8,0,7,0,1728,2156
1773712756,20,17,20,14,21,100,22,0,23,100,24,200,25,1,26,244,27,0,28,0,29,500,30,569,17,36,16,269,15,15,14,200,13,155,12,500,11,163,10,307,9,538,8,0,7,0,1728,2183
1773712757,20,17,20,14,21,100,22,0,23,100,24,200,25,1,26,244,27,0,28,0,29,500,30,569,17,36,16,269,15,15,14,200,13,155,12,500,11,163,10,307,9,538,8,0,7,0,1728,2183
1773712758,20,17,20,14,21,100,22,0,23,100,24,200,25,1,26,244,27,0,28,0,29,500,30,569,17,36,16,269,15,15,14,200,13,155,12,500,11,163,10,307,9,538,8,0,7,0,1728,2183
1773712759,20,17,20,14,21,100,22,0,23,100,24,200,25,1,26,244,27,0,28,0,29,500,30,569,17,36,16,269,15,15,14,200,13,155,12,500,11,163,10,307,9,538,8,0,7,0,1728,2183
1773712760,20,17,20,14,21,100,22,0,23,100,24,200,25,1,26,244,27,0,28,0,29,500,30,569,17,36,16,269,15,0,14,200,13,155,12,500,11,163,10,307,9,538,8,0,7,0,1728,2168
1773712761,20,17,20,14,21,100,22,0,23,100,24,200,25,1,26,244,27,0,28,0,29,500,30,569,17,36,16,269,15,0,14,200,13,155,12,500,11,163,10,307,9,538,8,0,7,0,1728,2168
1773712762,20,17,20,14,21,100,22,0,23,100,24,200,25,1,26,244,27,0,28,0,29,500,30,569,17,36,16,269,15,0,14,200,13,155,12,500,11,163,10,307,9,538,8,0,7,0,1728,2168
1773712763,20,17,20,14,21,100,22,0,23,100,24,200,25,1,26,244,27,0,28,0,29,500,30,569,17,36,16,269,15,0,14,200,13,155,12,500,11,163,10,307,9,538,8,0,7,0,1728,2168
1773712764,20,17,20,14,21,100,22,0,23,100,24,200,25,1,26,244,27,0,28,0,29,500,30,569,17,36,16,269,15,0,14,200,13,155,12,500,11,163,10,307,9,538,8,0,7,0,1728,2168
1773712765,20,17,20,14,21,100,22,0,23,100,24,200,25,1,26,244,27,0,28,0,29,500,30,569,17,36,16,269,15,0,14,200,13,155,12,500,11,163,10,307,9,538,8,0,7,0,1728,2168
1773712766,20,17,20,14,21,100,22,0,23,100,24,200,25,1,26,244,27,0,28,0,29,500,30,569,17,36,16,269,15,0,14,200,13,155,12,500,11,163,10,307,9,538,8,0,7,0,1728,2168
1773712767,20,17,20,14,21,100,22,0,23,100,24,200,25,1,26,244,27,0,28,0,29,500,30,569,17,36,16,269,15,0,14,200,13,155,12,500,11,163,10,307,9,538,8,0,7,0,1728,2168
1773712768,20,16,20,14,21,100,22,200,23,100,24,0,25,501,26,244,27,0,28,479,29,0,30,0,16,36,15,735,14,268,13,155,12,0,11,157,10,307,9,538,8,0,7,0,6,0,1638,2196
1773712769,20,16,20,14,21,193,22,200,23,0,24,0,25,501,26,0,27,0,28,474,29,0,30,0,16,36,15,735,14,268,13,155,12,0,11,157,10,307,9,538,8,0,7,0,6,0,1382,2196
1773712770,20,16,20,14,21,193,22,200,23,0,24,0,25,501,26,0,27,0,28,474,29,0,30,0,16,36,15,735,14,268,13,236,12,0,11,157,10,307,9,538,8,0,7,0,6,0,1382,2277
1773712771,20,17,20,14,21,178,22,200,23,0,24,0,25,501,26,0,27,15,28,485,29,0,30,0,17,15,16,36,15,735,14,268,13,155,12,0,11,157,10,307,9,538,8,0,7,0,1393,2211
1773712772,20,17,20,14,21,178,22,0,23,0,24,200,25,501,26,0,27,15,28,485,29,0,30,0,17,15,16,36,15,735,14,355,13,155,12,0,11,157,10,307,9,538,8,0,7,0,1393,2298
1773712773,20,17,20,14,21,178,22,0,23,0,24,200,25,501,26,0,27,15,28,485,29,0,30,0,17,15,16,36,15,735,14,355,13,155,12,0,11,157,10,307,9,538,8,0,7,0,1393,2298
1773712774,20,17,20,14,21,178,22,0,23,0,24,200,25,501,26,0,27,15,28,485,29,0,30,0,17,15,16,36,15,735,14,268,13,155,12,0,11,157,10,307,9,538,8,0,7,0,1393,2211
1773712775,20,17,20,14,21,178,22,0,23,0,24,200,25,501,26,0,27,15,28,485,29,0,30,0,17,15,16,36,15,735,14,355,13,155,12,0,11,157,10,307,9,538,8,0,7,0,1393,2298
1773712776,20,17,20,14,21,78,22,0,23,100,24,200,25,529,26,0,27,15,28,0,29,259,30,0,17,15,16,27,15,735,14,87,13,289,12,0,11,151,10,307,9,538,8,241,7,0,1195,2390
1773712777,20,17,20,14,21,87,22,0,23,100,24,200,25,529,26,0,27,15,28,0,29,259,30,0,17,15,16,27,15,0,14,50,13,489,12,0,11,0,10,525,9,0,8,241,7,0,1204,1347
1773712778,20,17,20,14,21,87,22,0,23,300,24,0,25,29,26,500,27,15,28,0,29,259,30,0,17,15,16,0,15,0,14,88,13,289,12,0,11,200,10,25,9,500,8,57,7,0,1204,1174
1773712779,20,17,20,14,21,87,22,100,23,200,24,0,25,29,26,500,27,15,28,0,29,259,30,0,17,15,16,0,15,0,14,88,13,289,12,0,11,200,10,25,9,500,8,57,7,0,1204,1174
1773712780,20,17,20,14,21,87,22,0,23,300,24,0,25,29,26,500,27,15,28,0,29,259,30,0,17,15,16,0,15,0,14,135,13,289,12,0,11,200,10,25,9,500,8,57,7,0,1204,1221
1773712781,20,16,20,14,21,87,22,0,23,100,24,200,25,1,26,0,27,503,28,0,29,0,30,0,16,15,15,0,14,85,13,155,12,0,11,468,10,25,9,500,8,57,7,0,6,635,905,1940
1773712782,20,16,20,14,21,87,22,0,23,100,24,200,25,1,26,0,27,500,28,14,29,0,30,0,16,15,15,0,14,0,13,155,12,0,11,468,10,25,9,0,8,557,7,0,6,635,916,1855
1773712783,20,16,20,14,21,87,22,0,23,100,24,200,25,1,26,0,27,500,28,14,29,0,30,0,16,15,15,0,14,0,13,233,12,0,11,468,10,25,9,0,8,557,7,0,6,635,916,1933
1773712784,20,16,20,14,21,87,22,0,23,100,24,200,25,1,26,0,27,500,28,14,29,0,30,0,16,15,15,0,14,0,13,238,12,0,11,468,10,25,9,0,8,557,7,0,6,635,916,1938
1773712785,20,16,20,14,21,87,22,0,23,100,24,200,25,1,26,0,27,500,28,14,29,0,30,0,16,15,15,0,14,0,13,236,12,0,11,468,10,25,9,0,8,557,7,0,6,635,916,1936
1773712786,20,16,20,14,21,87,22,0,23,100,24,200,25,1,26,0,27,500,28,14,29,0,30,0,16,15,15,0,14,0,13,236,12,0,11,468,10,25,9,0,8,557,7,0,6,635,916,1936
1773712787,20,16,20,14,21,87,22,0,23,100,24,200,25,1,26,0,27,500,28,14,29,0,30,0,16,15,15,0,14,0,13,160,12,0,11,468,10,25,9,0,8,557,7,0,6,635,916,1860
1773712788,20,16,20,14,21,87,22,0,23,100,24,200,25,1,26,0,27,500,28,14,29,0,30,0,16,15,15,0,14,0,13,236,12,0,11,468,10,25,9,0,8,557,7,0,6,635,916,1936
1773712789,20,15,20,29,21,87,22,0,23,100,24,200,25,1,26,0,27,500,28,14,29,0,30,0,15,15,14,0,13,236,12,0,11,468,10,25,9,0,8,557,7,0,6,635,5,454,931,2390
1773712790,20,15,20,29,21,87,22,0,23,100,24,200,25,1,26,0,27,500,28,14,29,0,30,0,15,15,14,0,13,160,12,0,11,468,10,25,9,0,8,557,7,0,6,635,5,454,931,2314
1773712791,20,15,20,29,21,87,22,0,23,100,24,200,25,1,26,0,27,500,28,14,29,0,30,0,15,15,14,0,13,160,12,78,11,468,10,25,9,0,8,557,7,0,6,635,5,454,931,2392
1773712792,20,15,20,29,21,87,22,0,23,100,24,200,25,1,26,0,27,500,28,14,29,0,30,0,15,15,14,0,13,160,12,78,11,468,10,25,9,0,8,557,7,0,6,635,5,454,931,2392
1773712793,20,15,20,29,21,87,22,0,23,100,24,200,25,1,26,0,27,500,28,14,29,0,30,0,15,15,14,0,13,160,12,76,11,468,10,25,9,0,8,557,7,0,6,635,5,454,931,2390
1773712794,20,14,20,29,21,87,22,0,23,100,24,200,25,1,26,0,27,500,28,14,29,0,30,0,14,15,13,155,12,76,11,468,10,25,9,0,8,563,7,0,6,635,5,454,4,1118,931,3509
1773712795,20,14,20,29,21,87,22,0,23,100,24,200,25,1,26,0,27,500,28,14,29,0,30,0,14,97,13,155,12,0,11,468,10,25,9,0,8,563,7,0,6,635,5,454,4,1118,931,3515
1773712796,20,14,20,29,21,87,22,0,23,100,24,200,25,1,26,0,27,500,28,14,29,0,30,0,14,97,13,155,12,0,11,547,10,25,9,0,8,563,7,0,6,635,5,454,4,618,931,3094
1773712797,20,14,20,29,21,87,22,0,23,100,24,200,25,1,26,0,27,500,28,14,29,0,30,0,14,97,13,155,12,0,11,547,10,25,9,0,8,563,7,0,6,635,5,454,4,618,931,3094
1773712798,20,14,20,29,21,87,22,0,23,100,24,200,25,1,26,0,27,500,28,14,29,0,30,0,14,97,13,155,12,0,11,468,10,25,9,0,8,563,7,0,6,635,5,454,4,618,931,3015
1773712799,20,14,20,29,21,87,22,0,23,100,24,200,25,1,26,0,27,500,28,14,29,0,30,0,14,97,13,155,12,0,11,557,10,25,9,0,8,563,7,0,6,635,5,454,4,618,931,3104
1773712800,20,14,20,29,21,87,22,0,23,100,24,200,25,1,26,0,27,500,28,14,29,0,30,0,14,97,13,155,12,0,11,557,10,25,9,0,8,563,7,0,6,635,5,454,4,618,931,3104
1773712801,20,14,20,29,21,87,22,0,23,100,24,200,25,1,26,0,27,500,28,14,29,0,30,0,14,97,13,155,12,0,11,468,10,25,9,0,8,563,7,0,6,635,5,454,4,618,931,3015
1773712802,20,14,20,29,21,87,22,0,23,100,24,200,25,1,26,0,27,500,28,14,29,0,30,0,14,97,13,155,12,0,11,544,10,25,9,0,8,563,7,0,6,635,5,454,4,618,931,3091
1773712803,20,14,20,29,21,87,22,0,23,100,24,200,25,1,26,0,27,500,28,14,29,0,30,0,14,97,13,155,12,0,11,468,10,25,9,0,8,563,7,0,6,635,5,454,4,618,931,3015
1773712804,20,14,20,29,21,87,22,0,23,100,24,200,25,1,26,0,27,500,28,14,29,0,30,0,14,97,13,155,12,0,11,546,10,25,9,0,8,563,7,0,6,635,5,454,4,618,931,3093
1773712805,20,14,20,29,21,87,22,0,23,100,24,200,25,1,26,0,27,500,28,14,29,0,30,0,14,97,13,155,12,0,11,546,10,25,9,0,8,563,7,0,6,635,5,454,4,618,931,3093
1773712806,20,14,20,29,21,87,22,0,23,100,24,200,25,1,26,0,27,500,28,14,29,0,30,0,14,97,13,155,12,0,11,468,10,25,9,0,8,563,7,0,6,635,5,454,4,618,931,3015
1773712807,20,14,20,29,21,87,22,0,23,100,24,200,25,1,26,0,27,500,28,14,29,0,30,0,14,97,13,355,12,0,11,358,10,25,9,500,8,154,7,0,6,635,5,454,4,618,931,3196
1773712808,20,14,20,29,21,87,22,0,23,100,24,200,25,1,26,0,27,500,28,14,29,0,30,0,14,97,13,355,12,0,11,358,10,25,9,500,8,154,7,0,6,635,5,454,4,1118,931,3696
1773712809,20,14,20,29,21,87,22,0,23,100,24,200,25,1,26,0,27,500,28,14,29,0,30,0,14,97,13,355,12,0,11,268,10,25,9,500,8,154,7,0,6,635,5,454,4,1118,931,3606
1773712810,20,14,20,29,21,87,22,0,23,100,24,200,25,1,26,0,27,500,28,14,29,0,30,0,14,106,13,623,12,0,11,0,10,525,9,0,8,154,7,0,6,635,5,454,4,1118,931,3615
1773712811,20,14,20,29,21,87,22,0,23,100,24,200,25,1,26,0,27,500,28,14,29,0,30,0,14,106,13,623,12,0,11,0,10,531,9,0,8,0,7,0,6,635,5,454,4,1118,931,3467
1773712812,20,14,20,29,21,87,22,0,23,100,24,200,25,1,26,0,27,500,28,14,29,0,30,0,14,61,13,155,12,200,11,268,10,25,9,500,8,140,7,0,6,635,5,454,4,1118,931,3556
1773712813,20,14,20,29,21,87,22,0,23,100,24,200,25,1,26,0,27,500,28,14,29,0,30,0,14,61,13,155,12,200,11,268,10,25,9,500,8,140,7,0,6,635,5,454,4,1118,931,3556
1773712814,20,14,20,29,21,87,22,0,23,100,24,200,25,1,26,0,27,500,28,14,29,0,30,0,14,61,13,155,12,200,11,268,10,25,9,500,8,140,7,0,6,635,5,454,4,1118,931,3556
1773712815,20,14,20,29,21,87,22,0,23,100,24,200,25,1,26,0,27,500,28,14,29,0,30,0,14,61,13,155,12,200,11,268,10,25,9,500,8,140,7,0,6,635,5,454,4,1118,931,3556
1773712816,20,14,20,29,21,87,22,0,23,100,24,200,25,1,26,0,27,500,28,14,29,0,30,0,14,61,13,155,12,200,11,268,10,25,9,500,8,140,7,0,6,635,5,454,4,1118,931,3556
1773712817,20,14,20,29,21,187,22,200,23,0,24,500,25,1,26,0,27,439,28,0,29,0,30,0,14,787,13,155,12,200,11,268,10,25,9,500,8,751,7,0,6,635,5,454,4,1118,1356,4893
1773712818,20,17,20,29,21,87,22,200,23,100,24,500,25,1,26,0,27,439,28,500,29,0,30,0,17,50,16,0,15,0,14,787,13,422,12,200,11,0,10,25,9,500,8,751,7,0,1856,2735
1773712819,20,17,20,29,21,187,22,0,23,0,24,700,25,1,26,307,27,439,28,500,29,0,30,0,17,50,16,0,15,0,14,787,13,422,12,200,11,0,10,25,9,500,8,751,7,0,2163,2735
1773712820,20,17,20,29,21,87,22,200,23,100,24,500,25,1,26,307,27,439,28,500,29,0,30,0,17,50,16,0,15,0,14,862,13,422,12,200,11,0,10,25,9,500,8,751,7,0,2163,2810
1773712821,20,18,20,14,21,87,22,200,23,100,24,500,25,16,26,307,27,439,28,500,29,0,30,0,18,15,17,50,16,0,15,0,14,862,13,422,12,0,11,0,10,25,9,0,8,751,2163,2125
1773712822,20,18,20,14,21,87,22,200,23,100,24,500,25,16,26,307,27,439,28,500,29,0,30,0,18,15,17,50,16,0,15,111,14,787,13,422,12,0,11,0,10,25,9,0,8,761,2163,2171
1773712823,20,18,20,14,21,87,22,0,23,100,24,700,25,16,26,307,27,439,28,500,29,0,30,0,18,15,17,50,16,0,15,111,14,787,13,422,12,0,11,0,10,25,9,0,8,761,2163,2171
1773712824,20,18,20,14,21,87,22,200,23,100,24,500,25,16,26,307,27,439,28,500,29,0,30,0,18,15,17,50,16,0,15,36,14,787,13,422,12,0,11,0,10,25,9,0,8,761,2163,2096
1773712825,20,18,20,14,21,187,22,0,23,0,24,700,25,16,26,307,27,439,28,500,29,0,30,0,18,15,17,50,16,0,15,116,14,787,13,422,12,0,11,0,10,25,9,0,8,761,2163,2176
1773712826,20,18,20,14,21,94,22,200,23,100,24,500,25,16,26,307,27,439,28,500,29,0,30,0,18,15,17,50,16,0,15,116,14,787,13,422,12,0,11,0,10,25,9,173,8,761,2170,2349
1773712827,20,18,20,14,21,194,22,0,23,0,24,200,25,16,26,807,27,0,28,18,29,0,30,0,18,15,17,50,16,0,15,36,14,61,13,622,12,0,11,0,10,25,9,173,8,761,1249,1743
1773712828,20,18,20,14,21,194,22,0,23,0,24,200,25,16,26,807,27,0,28,18,29,0,30,0,18,15,17,50,16,0,15,117,14,61,13,622,12,0,11,0,10,25,9,173,8,761,1249,1824
1773712829,21,20,21,94,22,100,23,0,24,200,25,16,26,0,27,500,28,9,29,0,30,0,31,259,20,2,19,0,18,15,17,50,16,133,15,117,14,261,13,155,12,0,11,500,10,668,1178,1901
1773712830,21,20,21,94,22,100,23,0,24,200,25,16,26,0,27,500,28,9,29,0,30,0,31,259,20,2,19,0,18,15,17,50,16,133,15,36,14,261,13,155,12,0,11,409,10,668,1178,1729
1773712831,21,20,21,94,22,100,23,0,24,200,25,16,26,0,27,500,28,9,29,0,30,0,31,259,20,2,19,0,18,15,17,50,16,213,15,36,14,261,13,155,12,0,11,409,10,668,1178,1809
1773712832,21,20,21,94,22,100,23,0,24,200,25,1,26,0,27,500,28,9,29,0,30,0,31,274,20,2,19,0,18,15,17,50,16,133,15,36,14,261,13,155,12,0,11,409,10,668,1178,1729
1773712833,21,20,21,94,22,100,23,0,24,200,25,1,26,0,27,500,28,9,29,0,30,0,31,274,20,2,19,0,18,15,17,50,16,222,15,36,14,261,13,155,12,0,11,409,10,668,1178,1818
1773712834,21,20,21,108,22,100,23,0,24,200,25,1,26,0,27,500,28,9,29,0,30,0,31,274,20,2,19,0,18,15,17,50,16,222,15,36,14,261,13,155,12,0,11,409,10,668,1192,1818
1773712835,21,20,21,108,22,100,23,0,24,200,25,1,26,0,27,500,28,9,29,0,30,0,31,274,20,2,19,0,18,15,17,50,16,133,15,36,14,261,13,155,12,0,11,409,10,668,1192,1729
1773712836,21,20,21,101,22,100,23,0,24,200,25,1,26,0,27,500,28,9,29,0,30,0,31,274,20,2,19,0,18,15,17,50,16,215,15,36,14,261,13,155,12,0,11,409,10,668,1185,1811
1773712837,21,20,21,111,22,100,23,0,24,200,25,1,26,0,27,504,28,0,29,0,30,0,31,274,20,2,19,0,18,15,17,50,16,215,15,36,14,261,13,155,12,0,11,409,10,668,1190,1811
1773712838,21,20,21,111,22,100,23,0,24,200,25,1,26,0,27,504,28,0,29,0,30,0,31,274,20,2,19,0,18,15,17,50,16,217,15,36,14,261,13,155,12,0,11,409,10,668,1190,1813
1773712839,21,20,21,111,22,0,23,100,24,200,25,1,26,0,27,504,28,0,29,0,30,0,31,274,20,2,19,0,18,15,17,50,16,217,15,36,14,261,13,155,12,0,11,409,10,668,1190,1813
1773712840,21,20,21,111,22,0,23,100,24,200,25,1,26,0,27,504,28,0,29,0,30,0,31,274,20,2,19,0,18,15,17,50,16,133,15,36,14,261,13,155,12,0,11,409,10,668,1190,1729
1773712841,21,20,21,111,22,0,23,100,24,200,25,1,26,0,27,504,28,0,29,0,30,0,31,259,20,2,19,0,18,15,17,50,16,215,15,36,14,261,13,155,12,0,11,409,10,668,1175,1811
1773712842,21,20,21,111,22,0,23,100,24,200,25,1,26,0,27,504,28,0,29,0,30,0,31,259,20,2,19,0,18,15,17,50,16,215,15,36,14,261,13,155,12,0,11,409,10,668,1175,1811
1773712843,21,20,21,107,22,0,23,100,24,200,25,1,26,0,27,504,28,0,29,0,30,0,31,259,20,2,19,0,18,15,17,50,16,133,15,36,14,261,13,155,12,0,11,409,10,668,1171,1729
1773712844,21,20,21,107,22,0,23,100,24,200,25,1,26,0,27,504,28,0,29,0,30,0,31,259,20,2,19,0,18,15,17,50,16,133,15,36,14,261,13,155,12,0,11,409,10,668,1171,1729
1773712845,21,20,21,107,22,0,23,100,24,200,25,1,26,0,27,504,28,0,29,0,30,0,31,259,20,2,19,0,18,15,17,50,16,133,15,36,14,261,13,155,12,0,11,409,10,668,1171,1729
1773712846,21,20,21,107,22,0,23,100,24,200,25,1,26,0,27,504,28,0,29,0,30,0,31,259,20,2,19,0,18,15,17,50,16,133,15,36,14,261,13,155,12,0,11,409,10,668,1171,1729
1773712847,21,20,21,107,22,0,23,100,24,200,25,1,26,0,27,504,28,0,29,0,30,0,31,259,20,2,19,0,18,15,17,50,16,133,15,36,14,261,13,155,12,0,11,409,10,668,1171,1729
1773712848,21,20,21,107,22,0,23,100,24,200,25,1,26,0,27,504,28,0,29,0,30,0,31,259,20,2,19,0,18,15,17,50,16,133,15,36,14,261,13,155,12,0,11,409,10,668,1171,1729
1773712849,21,20,21,107,22,0,23,100,24,200,25,1,26,0,27,504,28,0,29,0,30,0,31,259,20,2,19,0,18,15,17,50,16,133,15,36,14,261,13,155,12,0,11,409,10,668,1171,1729
1773712850,21,20,21,107,22,0,23,100,24,200,25,1,26,0,27,504,28,0,29,0,30,0,31,259,20,2,19,0,18,15,17,50,16,133,15,36,14,261,13,155,12,0,11,409,10,668,1171,1729
1773712851,21,20,21,107,22,0,23,100,24,200,25,1,26,0,27,504,28,0,29,0,30,0,31,259,20,2,19,0,18,15,17,50,16,133,15,36,14,261,13,155,12,0,11,409,10,668,1171,1729
1773712852,21,20,21,107,22,0,23,100,24,200,25,1,26,0,27,504,28,0,29,0,30,0,31,259,20,2,19,0,18,15,17,50,16,133,15,36,14,261,13,155,12,0,11,409,10,668,1171,1729
1773712853,21,20,21,107,22,0,23,100,24,200,25,1,26,0,27,504,28,0,29,0,30,5000,31,259,20,2,19,0,18,15,17,50,16,133,15,36,14,261,13,155,12,0,11,409,10,668,6171,1729
1773712854,21,20,21,107,22,0,23,100,24,200,25,1,26,0,27,504,28,0,29,0,30,5000,31,259,20,2,19,0,18,15,17,50,16,133,15,36,14,261,13,155,12,500,11,409,10,668,6171,2229
1773712855,21,20,21,107,22,0,23,100,24,200,25,1,26,0,27,504,28,0,29,0,30,5000,31,259,20,2,19,0,18,15,17,50,16,258,15,36,14,200,13,155,12,500,11,409,10,670,6171,2295
1773712856,21,20,21,85,22,0,23,100,24,200,25,1,26,225,27,504,28,0,29,0,30,5000,31,259,20,2,19,0,18,15,17,50,16,258,15,36,14,200,13,155,12,500,11,409,10,670,6374,2295
1773712857,21,20,21,85,22,0,23,100,24,200,25,16,26,225,27,504,28,0,29,0,30,5000,31,259,20,2,19,0,18,15,17,50,16,258,15,36,14,200,13,155,12,500,11,409,10,670,6389,2295
1773712858,21,20,21,85,22,0,23,100,24,200,25,16,26,225,27,504,28,0,29,0,30,5000,31,259,20,2,19,0,18,15,17,50,16,258,15,36,14,200,13,155,12,500,11,409,10,670,6389,2295
1773712859,21,20,21,85,22,0,23,100,24,200,25,16,26,225,27,504,28,0,29,0,30,5000,31,259,20,2,19,0,18,15,17,50,16,258,15,36,14,200,13,155,12,500,11,409,10,670,6389,2295
1773712860,21,20,21,85,22,0,23,100,24,200,25,16,26,225,27,504,28,0,29,0,30,5000,31,259,20,2,19,0,18,15,17,55,16,258,15,36,14,200,13,155,12,500,11,409,10,670,6389,2300
1773712861,21,20,21,85,22,0,23,100,24,200,25,16,26,225,27,504,28,0,29,0,30,5000,31,259,20,2,19,0,18,15,17,55,16,258,15,36,14,200,13,155,12,500,11,409,10,670,6389,2300
1773712862,21,20,21,85,22,0,23,100,24,200,25,16,26,225,27,504,28,0,29,0,30,5000,31,259,20,2,19,0,18,15,17,55,16,258,15,36,14,200,13,155,12,500,11,409,10,670,6389,2300
1773712863,21,20,21,85,22,0,23,100,24,200,25,16,26,225,27,504,28,0,29,0,30,5000,31,259,20,2,19,0,18,15,17,55,16,258,15,36,14,200,13,155,12,500,11,409,10,670,6389,2300
1773712864,21,20,21,85,22,0,23,100,24,200,25,16,26,225,27,504,28,0,29,0,30,5000,31,259,20,2,19,0,18,15,17,55,16,258,15,36,14,200,13,155,12,500,11,409,10,670,6389,2300
1773712865,21,18,21,75,22,0,23,100,24,200,25,16,26,225,27,504,28,0,29,0,30,5000,31,259,18,14,17,50,16,0,15,110,14,258,13,155,12,0,11,200,10,525,9,0,8,58,6379,1370
1773712866,21,18,21,75,22,0,23,100,24,200,25,16,26,225,27,504,28,0,29,0,30,5000,31,259,18,14,17,50,16,0,15,110,14,258,13,155,12,0,11,200,10,525,9,0,8,80,6379,1392
1773712867,21,18,21,75,22,0,23,100,24,200,25,16,26,225,27,504,28,0,29,0,30,5000,31,259,18,14,17,50,16,0,15,36,14,258,13,155,12,0,11,200,10,525,9,0,8,80,6379,1318
1773712868,21,18,21,75,22,0,23,100,24,200,25,16,26,225,27,504,28,0,29,0,30,5000,31,259,18,14,17,50,16,0,15,115,14,258,13,155,12,0,11,200,10,525,9,0,8,80,6379,1397
1773712869,21,18,21,75,22,0,23,100,24,200,25,16,26,225,27,504,28,0,29,0,30,5000,31,259,18,14,17,50,16,0,15,115,14,258,13,155,12,0,11,200,10,525,9,0,8,80,6379,1397
1773712870,21,18,21,75,22,0,23,100,24,200,25,16,26,225,27,504,28,0,29,0,30,5000,31,259,18,14,17,50,16,0,15,36,14,258,13,155,12,0,11,200,10,525,9,0,8,80,6379,1318
1773712871,21,18,21,75,22,0,23,100,24,200,25,16,26,225,27,504,28,0,29,0,30,5000,31,259,18,14,17,50,16,0,15,113,14,258,13,155,12,0,11,200,10,525,9,0,8,80,6379,1395
1773712872,21,18,21,75,22,0,23,100,24,200,25,16,26,225,27,504,28,0,29,0,30,5000,31,259,18,14,17,50,16,0,15,113,14,258,13,155,12,0,11,200,10,525,9,0,8,80,6379,1395
1773712873,21,18,21,75,22,0,23,100,24,200,25,16,26,225,27,504,28,0,29,0,30,5000,31,259,18,14,17,50,16,0,15,120,14,258,13,155,12,0,11,200,10,525,9,0,8,0,6379,1322
1773712874,21,18,21,75,22,0,23,100,24,200,25,16,26,225,27,504,28,0,29,0,30,5000,31,259,18,14,17,50,16,0,15,120,14,258,13,155,12,0,11,200,10,25,9,0,8,70,6379,892
1773712875,21,18,21,75,22,0,23,100,24,200,25,16,26,225,27,504,28,0,29,0,30,5000,31,259,18,14,17,50,16,0,15,36,14,129,13,155,12,0,11,200,10,525,9,0,8,70,6379,1179
1773712876,21,18,21,75,22,0,23,100,24,200,25,16,26,225,27,504,28,0,29,0,30,5000,31,259,18,14,17,50,16,0,15,110,14,129,13,155,12,0,11,200,10,525,9,0,8,70,6379,1253
1773712877,21,18,21,75,22,0,23,100,24,200,25,16,26,225,27,504,28,0,29,0,30,5000,31,259,18,14,17,50,16,0,15,110,14,129,13,155,12,0,11,200,10,525,9,0,8,70,6379,1253
1773712878,21,18,21,75,22,0,23,100,24,200,25,16,26,225,27,504,28,0,29,0,30,5000,31,259,18,14,17,50,16,0,15,36,14,129,13,155,12,0,11,200,10,525,9,0,8,70,6379,1179
1773712879,21,18,21,75,22,0,23,100,24,200,25,16,26,225,27,504,28,0,29,0,30,5000,31,259,18,14,17,50,16,0,15,36,14,129,13,155,12,0,11,200,10,525,9,0,8,70,6379,1179
1773712880,21,18,21,75,22,0,23,100,24,200,25,16,26,225,27,504,28,0,29,0,30,5000,31,259,18,14,17,50,16,0,15,36,14,129,13,155,12,0,11,200,10,525,9,0,8,70,6379,1179
1773712881,21,18,21,75,22,0,23,100,24,200,25,16,26,225,27,504,28,0,29,0,30,5000,31,259,18,14,17,50,16,0,15,36,14,129,13,155,12,0,11,200,10,525,9,0,8,70,6379,1179
1773712882,21,18,21,75,22,0,23,100,24,200,25,16,26,225,27,504,28,0,29,0,30,5000,31,259,18,14,17,50,16,0,15,36,14,129,13,155,12,0,11,200,10,525,9,0,8,70,6379,1179
1773712883,21,18,21,75,22,0,23,100,24,200,25,16,26,225,27,504,28,0,29,0,30,5000,31,259,18,14,17,50,16,0,15,36,14,129,13,155,12,0,11,200,10,525,9,0,8,70,6379,1179
1773712884,21,18,21,75,22,0,23,100,24,200,25,16,26,225,27,504,28,0,29,0,30,5000,31,259,18,14,17,50,16,0,15,36,14,129,13,155,12,0,11,200,10,525,9,0,8,70,6379,1179
1773712885,21,18,21,75,22,0,23,100,24,200,25,16,26,225,27,504,28,0,29,0,30,5000,31,259,18,14,17,50,16,0,15,36,14,129,13,155,12,0,11,200,10,525,9,0,8,70,6379,1179
1773712886,21,18,21,75,22,0,23,100,24,200,25,16,26,225,27,504,28,0,29,0,30,5000,31,259,18,14,17,50,16,0,15,36,14,129,13,155,12,0,11,200,10,525,9,0,8,70,6379,1179
1773712887,21,18,21,75,22,0,23,100,24,200,25,16,26,225,27,0,28,500,29,84,30,5000,31,259,18,14,17,50,16,0,15,36,14,258,13,155,12,0,11,200,10,525,9,0,8,648,6459,1886
1773712888,21,18,21,75,22,70,23,170,24,200,25,16,26,0,27,0,28,500,29,274,30,5000,31,259,18,14,17,50,16,0,15,36,14,258,13,155,12,0,11,200,10,525,9,159,8,648,6564,2045
1773712889,21,18,21,75,22,70,23,170,24,200,25,16,26,0,27,0,28,500,29,274,30,5000,31,259,18,14,17,50,16,0,15,36,14,258,13,155,12,0,11,200,10,525,9,159,8,648,6564,2045
1773712890,21,18,21,75,22,70,23,170,24,200,25,16,26,0,27,0,28,500,29,274,30,5000,31,259,18,14,17,50,16,0,15,36,14,258,13,155,12,0,11,200,10,525,9,159,8,648,6564,2045
1773712891,21,18,21,75,22,70,23,170,24,200,25,16,26,0,27,0,28,500,29,274,30,5000,31,259,18,14,17,50,16,0,15,36,14,258,13,155,12,0,11,200,10,525,9,159,8,648,6564,2045
1773712892,21,17,21,75,22,70,23,170,24,200,25,16,26,0,27,0,28,500,29,274,30,5000,31,259,17,50,16,0,15,36,14,328,13,155,12,0,11,200,10,525,9,159,8,648,7,0,6564,2101
1773712893,21,17,21,75,22,70,23,170,24,200,25,16,26,0,27,0,28,500,29,274,30,5000,31,259,17,49,16,0,15,36,14,328,13,155,12,0,11,200,10,525,9,159,8,647,7,0,6564,2099
1773712894,21,17,21,75,22,70,23,170,24,200,25,16,26,0,27,0,28,500,29,274,30,5000,31,259,17,49,16,0,15,36,14,258,13,155,12,0,11,200,10,525,9,159,8,647,7,0,6564,2029
1773712895,21,17,21,75,22,70,23,170,24,200,25,16,26,0,27,0,28,500,29,274,30,5000,31,259,17,49,16,0,15,36,14,337,13,155,12,0,11,200,10,525,9,159,8,647,7,0,6564,2108
1773712896,21,17,21,75,22,70,23,170,24,200,25,16,26,0,27,0,28,500,29,278,30,5000,31,259,17,49,16,0,15,36,14,337,13,155,12,0,11,200,10,525,9,159,8,647,7,0,6568,2108
1773712897,21,17,21,75,22,70,23,170,24,200,25,16,26,0,27,0,28,500,29,278,30,5000,31,259,17,49,16,0,15,36,14,327,13,155,12,0,11,200,10,525,9,159,8,647,7,0,6568,2098
1773712898,21,17,21,75,22,70,23,170,24,200,25,16,26,0,27,0,28,500,29,278,30,5000,31,259,17,49,16,0,15,36,14,327,13,155,12,0,11,200,10,525,9,159,8,647,7,0,6568,2098
1773712899,21,17,21,75,22,70,23,170,24,200,25,16,26,0,27,0,28,500,29,278,30,5000,31,259,17,49,16,0,15,36,14,258,13,155,12,0,11,200,10,525,9,159,8,647,7,0,6568,2029
1773712900,21,17,21,75,22,70,23,170,24,200,25,16,26,0,27,0,28,500,29,274,30,5000,31,259,17,49,16,0,15,36,14,335,13,155,12,0,11,200,10,525,9,159,8,647,7,0,6564,2106
1773712901,21,17,21,75,22,70,23,170,24,200,25,16,26,0,27,0,28,500,29,274,30,5000,31,259,17,49,16,0,15,36,14,335,13,155,12,0,11,200,10,525,9,159,8,647,7,0,6564,2106
1773712902,21,17,21,75,22,70,23,170,24,200,25,16,26,0,27,0,28,500,29,274,30,5000,31,259,17,49,16,0,15,36,14,258,13,155,12,0,11,200,10,525,9,159,8,647,7,0,6564,2029
1773712903,21,17,21,75,22,70,23,170,24,200,25,16,26,0,27,0,28,500,29,274,30,5000,31,259,17,45,16,0,15,36,14,333,13,155,12,0,11,200,10,525,9,159,8,644,7,0,6564,2097
1773712904,21,17,21,75,22,70,23,170,24,200,25,16,26,0,27,0,28,500,29,274,30,5000,31,259,17,45,16,0,15,36,14,333,13,155,12,0,11,200,10,525,9,159,8,644,7,0,6564,2097
1773712905,21,17,21,75,22,70,23,170,24,200,25,16,26,0,27,0,28,500,29,274,30,5000,31,259,17,45,16,0,15,36,14,258,13,155,12,0,11,200,10,525,9,159,8,644,7,0,6564,2022
1773712906,21,17,21,75,22,70,23,170,24,200,25,16,26,0,27,0,28,500,29,274,30,5000,31,259,17,45,16,0,15,36,14,258,13,155,12,0,11,200,10,525,9,159,8,644,7,0,6564,2022
1773712907,21,17,21,75,22,70,23,170,24,200,25,16,26,0,27,0,28,500,29,274,30,5000,31,259,17,45,16,0,15,36,14,258,13,155,12,0,11,200,10,525,9,159,8,644,7,0,6564,2022
1773712908,21,17,21,75,22,70,23,170,24,200,25,16,26,0,27,0,28,500,29,274,30,5000,31,259,17,45,16,0,15,36,14,258,13,155,12,0,11,200,10,525,9,159,8,644,7,0,6564,2022
1773712909,21,17,21,75,22,70,23,170,24,200,25,16,26,0,27,0,28,500,29,274,30,5000,31,259,17,45,16,0,15,36,14,258,13,155,12,0,11,200,10,525,9,159,8,644,7,0,6564,2022
1773712910,21,17,21,75,22,70,23,170,24,200,25,16,26,0,27,0,28,500,29,274,30,5000,31,259,17,45,16,0,15,36,14,258,13,155,12,0,11,200,10,525,9,159,8,644,7,0,6564,2022
1773712911,21,17,21,75,22,70,23,170,24,200,25,16,26,0,27,0,28,500,29,274,30,5000,31,259,17,45,16,0,15,36,14,258,13,155,12,0,11,200,10,525,9,159,8,644,7,0,6564,2022
1773712912,21,17,21,75,22,70,23,170,24,200,25,16,26,0,27,0,28,500,29,274,30,5000,31,259,17,45,16,0,15,36,14,258,13,155,12,0,11,200,10,525,9,159,8,644,7,0,6564,2022
1773712913,21,17,21,75,22,70,23,170,24,200,25,16,26,0,27,0,28,500,29,274,30,5000,31,259,17,45,16,0,15,36,14,258,13,155,12,0,11,200,10,525,9,159,8,644,7,0,6564,2022
1773712914,21,17,21,75,22,70,23,170,24,200,25,16,26,0,27,0,28,500,29,274,30,5000,31,259,17,45,16,0,15,36,14,258,13,155,12,0,11,200,10,525,9,159,8,644,7,0,6564,2022
1773712915,21,17,21,75,22,70,23,170,24,200,25,16,26,0,27,0,28,500,29,274,30,5000,31,259,17,36,16,0,15,36,14,258,13,155,12,0,11,200,10,525,9,159,8,579,7,417,6564,2365
1773712916,21,17,21,75,22,70,23,170,24,200,25,16,26,0,27,0,28,500,29,274,30,5000,31,259,17,36,16,0,15,36,14,258,13,155,12,0,11,200,10,525,9,159,8,579,7,417,6564,2365
1773712917,21,17,21,75,22,70,23,170,24,200,25,16,26,0,27,0,28,500,29,274,30,5000,31,259,17,36,16,0,15,36,14,258,13,155,12,0,11,200,10,525,9,159,8,579,7,406,6564,2354
1773712918,21,17,21,75,22,70,23,170,24,200,25,16,26,0,27,0,28,500,29,274,30,5000,31,259,17,36,16,0,15,36,14,258,13,155,12,0,11,200,10,525,9,159,8,579,7,406,6564,2354
1773712919,22,17,22,22,23,177,24,200,25,16,26,0,27,764,28,0,29,84,30,5000,31,259,32,0,17,36,16,0,15,36,14,258,13,155,12,0,11,200,10,525,9,0,8,579,7,635,6522,2424
1773712920,22,17,22,44,23,170,24,200,25,16,26,0,27,764,28,0,29,84,30,5000,31,259,32,0,17,36,16,0,15,36,14,0,13,413,12,0,11,200,10,25,9,500,8,31,7,229,6537,1470
1773712921,22,17,22,44,23,170,24,200,25,16,26,0,27,764,28,0,29,84,30,5000,31,259,32,0,17,62,16,0,15,36,14,0,13,413,12,0,11,200,10,25,9,500,8,76,7,229,6537,1541
1773712922,22,17,22,44,23,170,24,200,25,16,26,0,27,764,28,0,29,84,30,5000,31,259,32,0,17,62,16,0,15,36,14,0,13,413,12,0,11,200,10,25,9,500,8,76,7,229,6537,1541
1773712923,22,17,22,10,23,170,24,200,25,16,26,0,27,764,28,0,29,84,30,5000,31,259,32,0,17,62,16,0,15,36,14,0,13,413,12,0,11,200,10,25,9,500,8,76,7,229,6503,1541
1773712924,21,17,21,55,22,10,23,170,24,200,25,16,26,0,27,764,28,0,29,84,30,5000,31,259,17,62,16,0,15,36,14,0,13,413,12,0,11,200,10,525,9,0,8,76,7,229,6558,1541
1773712925,21,17,21,55,22,0,23,170,24,200,25,16,26,0,27,764,28,0,29,84,30,5000,31,259,17,62,16,0,15,36,14,0,13,413,12,0,11,200,10,525,9,0,8,76,7,229,6548,1541
1773712926,21,17,21,55,22,0,23,170,24,200,25,16,26,0,27,764,28,0,29,84,30,5000,31,259,17,62,16,0,15,36,14,0,13,413,12,0,11,200,10,25,9,500,8,68,7,229,6548,1533
1773712927,21,17,21,55,22,0,23,170,24,200,25,16,26,0,27,764,28,0,29,84,30,5000,31,259,17,62,16,0,15,36,14,0,13,413,12,0,11,200,10,25,9,500,8,68,7,229,6548,1533
1773712928,21,17,21,55,22,0,23,100,24,200,25,16,26,87,27,764,28,0,29,112,30,5000,31,259,17,62,16,0,15,36,14,0,13,413,12,0,11,200,10,25,9,500,8,68,7,229,6593,1533
1773712929,21,17,21,43,22,187,23,0,24,200,25,16,26,0,27,500,28,198,29,84,30,5000,31,259,17,62,16,0,15,36,14,0,13,413,12,0,11,200,10,25,9,500,8,96,7,229,6487,1561
1773712930,21,17,21,43,22,100,23,202,24,0,25,16,26,0,27,587,28,198,29,112,30,5000,31,259,17,62,16,0,15,36,14,0,13,413,12,0,11,200,10,25,9,500,8,96,7,229,6517,1561
1773712931,21,17,21,43,22,100,23,202,24,0,25,16,26,0,27,587,28,198,29,112,30,5000,31,259,17,62,16,0,15,36,14,0,13,413,12,0,11,200,10,25,9,500,8,96,7,229,6517,1561
1773712932,21,17,21,43,22,0,23,102,24,200,25,16,26,0,27,601,28,198,29,0,30,5000,31,259,17,62,16,0,15,36,14,0,13,413,12,0,11,200,10,25,9,500,8,96,7,229,6419,1561
1773712933,21,17,21,43,22,100,23,291,24,0,25,16,26,0,27,500,28,240,29,0,30,5000,31,259,17,62,16,0,15,36,14,0,13,413,12,0,11,200,10,525,9,0,8,96,7,229,6449,1561
1773712934,21,17,21,10,22,100,23,202,24,0,25,16,26,90,27,500,28,240,29,0,30,5000,31,259,17,85,16,0,15,36,14,0,13,413,12,0,11,200,10,525,9,0,8,110,7,229,6417,1598
1773712935,21,17,21,10,22,190,23,202,24,0,25,16,26,0,27,500,28,240,29,0,30,5000,31,259,17,128,16,0,15,36,14,0,13,413,12,0,11,200,10,25,9,0,8,139,7,229,6417,1170
1773712936,21,17,21,30,22,190,23,202,24,0,25,16,26,0,27,500,28,240,29,0,30,5000,31,259,17,54,16,0,15,36,14,0,13,413,12,0,11,200,10,25,9,500,8,87,7,229,6437,1544
1773712937,21,17,21,30,22,190,23,202,24,0,25,16,26,0,27,500,28,240,29,0,30,5000,31,259,17,54,16,0,15,36,14,0,13,413,12,0,11,200,10,25,9,500,8,87,7,229,6437,1544
1773712938,21,17,21,26,22,190,23,202,24,0,25,16,26,0,27,500,28,240,29,0,30,5000,31,259,17,54,16,0,15,36,14,0,13,413,12,0,11,200,10,25,9,500,8,87,7,229,6433,1544
1773712939,21,17,21,26,22,190,23,202,24,0,25,16,26,0,27,500,28,240,29,0,30,5000,31,259,17,54,16,0,15,36,14,0,13,413,12,0,11,200,10,25,9,500,8,53,7,229,6433,1510
1773712940,21,17,21,26,22,190,23,202,24,0,25,16,26,0,27,500,28,240,29,0,30,5000,31,259,17,54,16,0,15,36,14,0,13,413,12,0,11,200,10,25,9,500,8,57,7,229,6433,1514
1773712941,21,17,21,120,22,190,23,202,24,0,25,16,26,0,27,500,28,240,29,0,30,5000,31,259,17,54,16,0,15,36,14,0,13,413,12,0,11,200,10,25,9,500,8,57,7,229,6527,1514
1773712942,21,17,21,120,22,190,23,202,24,0,25,16,26,0,27,500,28,240,29,0,30,5000,31,259,17,54,16,0,15,36,14,0,13,413,12,0,11,200,10,25,9,500,8,57,7,229,6527,1514
1773712943,21,17,21,120,22,190,23,202,24,0,25,16,26,0,27,500,28,240,29,0,30,5000,31,259,17,54,16,0,15,36,14,0,13,413,12,0,11,200,10,25,9,500,8,57,7,229,6527,1514
1773712944,21,17,21,120,22,190,23,202,24,0,25,16,26,0,27,500,28,240,29,0,30,5000,31,259,17,54,16,0,15,36,14,0,13,413,12,0,11,200,10,25,9,500,8,57,7,229,6527,1514
1773712945,21,17,21,120,22,190,23,202,24,0,25,16,26,0,27,500,28,240,29,0,30,5000,31,259,17,54,16,0,15,36,14,0,13,413,12,0,11,200,10,25,9,500,8,57,7,229,6527,1514
1773712946,19,17,19,10,20,100,21,120,22,90,23,202,24,0,25,16,26,0,27,500,28,240,29,0,17,26,16,0,15,36,14,0,13,413,12,0,11,200,10,25,9,500,8,57,7,229,1278,1486
1773712947,19,17,19,10,20,121,21,100,22,90,23,202,24,0,25,16,26,0,27,500,28,240,29,0,17,26,16,0,15,36,14,0,13,413,12,0,11,200,10,25,9,500,8,57,7,229,1279,1486
1773712948,23,17,23,22,24,187,25,16,26,0,27,500,28,240,29,0,30,5000,31,259,32,500,33,0,17,26,16,0,15,36,14,0,13,283,12,0,11,200,10,25,9,500,8,57,7,229,6724,1356
1773712949,21,17,21,10,22,78,23,0,24,200,25,16,26,0,27,500,28,264,29,0,30,5000,31,259,17,26,16,0,15,36,14,1,13,412,12,0,11,200,10,25,9,500,8,57,7,229,6327,1486
1773712950,21,17,21,10,22,15,23,62,24,200,25,16,26,45,27,500,28,264,29,0,30,5000,31,259,17,26,16,0,15,36,14,1,13,412,12,0,11,200,10,25,9,500,8,57,7,229,6371,1486
1773712951,22,17,22,25,23,62,24,200,25,16,26,45,27,500,28,264,29,0,30,5000,31,259,32,0,17,53,16,0,15,36,14,1,13,412,12,0,11,200,10,25,9,500,8,57,7,229,6371,1513
1773712952,21,17,21,10,22,75,23,62,24,200,25,16,26,45,27,500,28,264,29,0,30,5000,31,259,17,53,16,0,15,36,14,1,13,412,12,0,11,200,10,25,9,500,8,57,7,229,6431,1513
1773712953,22,17,22,25,23,62,24,200,25,16,26,45,27,500,28,264,29,0,30,5000,31,259,32,0,17,53,16,0,15,36,14,1,13,412,12,0,11,200,10,25,9,500,8,57,7,229,6371,1513
1773712954,22,17,22,25,23,62,24,200,25,16,26,45,27,500,28,264,29,0,30,5000,31,259,32,0,17,53,16,0,15,36,14,1,13,412,12,0,11,200,10,25,9,500,8,57,7,229,6371,1513
1773712955,22,17,22,37,23,62,24,200,25,16,26,45,27,500,28,240,29,0,30,5000,31,259,32,0,17,53,16,0,15,36,14,1,13,612,12,0,11,0,10,525,9,77,8,0,7,229,6359,1533
1773712956,22,17,22,10,23,62,24,200,25,16,26,45,27,500,28,198,29,32,30,5000,31,259,32,0,17,53,16,0,15,36,14,1,13,612,12,0,11,500,10,25,9,74,8,0,7,229,6322,1530
1773712957,22,17,22,10,23,69,24,200,25,16,26,45,27,500,28,198,29,32,30,5000,31,259,32,0,17,53,16,0,15,36,14,1,13,612,12,0,11,0,10,525,9,71,8,0,7,229,6329,1527
1773712958,22,17,22,10,23,69,24,200,25,16,26,45,27,500,28,198,29,32,30,5000,31,259,32,0,17,53,16,0,15,37,14,200,13,412,12,0,11,500,10,25,9,99,8,0,7,229,6329,1555
1773712959,22,17,22,10,23,69,24,201,25,16,26,45,27,500,28,198,29,32,30,5000,31,259,32,0,17,53,16,0,15,36,14,1,13,612,12,0,11,0,10,525,9,70,8,0,7,229,6330,1526
1773712960,22,17,22,10,23,118,24,201,25,16,26,0,27,545,28,0,29,276,30,5000,31,259,32,0,17,53,16,0,15,79,14,42,13,412,12,0,11,200,10,525,9,70,8,0,7,229,6425,1610
1773712961,22,17,22,10,23,118,24,201,25,16,26,0,27,500,28,45,29,242,30,5000,31,259,32,0,17,53,16,0,15,36,14,44,13,612,12,0,11,0,10,525,9,98,8,0,7,229,6391,1597
1773712962,22,17,22,10,23,118,24,201,25,16,26,0,27,500,28,45,29,242,30,5000,31,259,32,0,17,53,16,0,15,36,14,44,13,612,12,0,11,0,10,525,9,70,8,0,7,229,6391,1569
1773712963,22,17,22,10,23,118,24,201,25,16,26,0,27,500,28,45,29,242,30,5000,31,259,32,0,17,53,16,0,15,36,14,44,13,612,12,0,11,0,10,525,9,70,8,0,7,229,6391,1569
1773712964,22,17,22,59,23,317,24,1,25,516,26,0,27,0,28,495,29,205,30,5000,31,259,32,0,17,53,16,44,15,771,14,0,13,612,12,0,11,0,10,525,9,70,8,0,7,229,6852,2304
1773712965,21,17,21,9,22,132,23,249,24,1,25,516,26,0,27,0,28,450,29,205,30,5000,31,259,17,53,16,44,15,771,14,0,13,412,12,0,11,0,10,25,9,70,8,0,7,229,6821,1604
1773712966,21,17,21,10,22,132,23,249,24,1,25,516,26,0,27,0,28,450,29,205,30,5000,31,259,17,54,16,44,15,771,14,0,13,412,12,0,11,0,10,25,9,70,8,0,7,229,6822,1605
1773712967,21,17,21,10,22,132,23,249,24,1,25,516,26,0,27,0,28,492,29,205,30,5000,31,259,17,54,16,44,15,771,14,0,13,412,12,0,11,0,10,25,9,70,8,0,7,229,6864,1605
1773712968,21,17,21,10,22,132,23,249,24,1,25,516,26,0,27,0,28,450,29,205,30,5000,31,259,17,54,16,44,15,771,14,0,13,412,12,0,11,0,10,25,9,70,8,0,7,229,6822,1605
1773712969,21,17,21,10,22,132,23,200,24,1,25,516,26,0,27,0,28,450,29,205,30,5000,31,259,17,54,16,44,15,771,14,0,13,412,12,0,11,0,10,25,9,70,8,0,7,229,6773,1605
1773712970,21,17,21,10,22,94,23,200,24,39,25,516,26,0,27,0,28,450,29,205,30,5000,31,259,17,54,16,44,15,771,14,0,13,412,12,0,11,0,10,25,9,626,8,0,7,229,6773,2161
1773712971,21,17,21,10,22,94,23,200,24,39,25,516,26,0,27,0,28,450,29,205,30,5000,31,259,17,54,16,44,15,771,14,0,13,412,12,0,11,0,10,89,9,556,8,0,7,229,6773,2155
1773712972,21,17,21,10,22,94,23,200,24,39,25,516,26,0,27,0,28,450,29,205,30,5000,31,259,17,54,16,43,15,771,14,0,13,412,12,0,11,0,10,95,9,556,8,0,7,229,6773,2160
1773712973,21,17,21,10,22,94,23,200,24,39,25,516,26,0,27,0,28,450,29,205,30,5000,31,259,17,54,16,43,15,771,14,0,13,412,12,0,11,0,10,95,9,556,8,0,7,229,6773,2160
1773712974,21,17,21,1,22,16,23,90,24,201,25,16,26,0,27,535,28,0,29,254,30,5000,31,259,17,54,16,0,15,36,14,42,13,612,12,0,11,0,10,595,9,556,8,0,7,0,6372,1895
1773712975,21,17,21,1,22,16,23,90,24,201,25,16,26,0,27,500,28,35,29,281,30,5000,31,259,17,54,16,0,15,36,14,42,13,612,12,0,11,0,10,595,9,556,8,0,7,0,6399,1895
1773712976,21,17,21,1,22,16,23,90,24,201,25,16,26,0,27,500,28,35,29,281,30,5000,31,259,17,54,16,0,15,36,14,42,13,612,12,0,11,0,10,595,9,556,8,0,7,0,6399,1895
1773712977,21,17,21,1,22,16,23,90,24,201,25,16,26,0,27,500,28,35,29,281,30,5000,31,259,17,54,16,0,15,36,14,42,13,412,12,0,11,200,10,36,9,556,8,0,7,0,6399,1336
1773712978,21,17,21,1,22,16,23,90,24,201,25,16,26,0,27,500,28,35,29,281,30,5000,31,259,17,54,16,0,15,36,14,43,13,412,12,0,11,200,10,536,9,556,8,0,7,0,6399,1837
1773712979,21,17,21,1,22,16,23,90,24,201,25,16,26,0,27,500,28,35,29,281,30,5000,31,259,17,54,16,0,15,36,14,43,13,412,12,0,11,200,10,536,9,556,8,0,7,0,6399,1837
1773712980,21,17,21,1,22,16,23,90,24,201,25,16,26,35,27,0,28,500,29,281,30,5000,31,259,17,54,16,0,15,36,14,43,13,412,12,0,11,200,10,536,9,556,8,0,7,0,6399,1837
1773712981,21,17,21,1,22,9,23,97,24,201,25,16,26,0,27,0,28,500,29,283,30,5000,31,259,17,54,16,0,15,36,14,43,13,612,12,0,11,0,10,525,9,598,8,0,7,0,6366,1868
1773712982,21,17,21,1,22,9,23,97,24,201,25,16,26,0,27,0,28,500,29,317,30,5000,31,259,17,54,16,0,15,36,14,43,13,612,12,0,11,0,10,525,9,598,8,0,7,0,6400,1868
1773712983,21,17,21,1,22,9,23,97,24,201,25,16,26,0,27,0,28,500,29,317,30,5000,31,259,17,54,16,0,15,36,14,43,13,612,12,0,11,0,10,525,9,598,8,0,7,0,6400,1868
1773712984,21,17,21,1,22,9,23,97,24,201,25,16,26,0,27,0,28,500,29,317,30,5000,31,259,17,54,16,0,15,36,14,43,13,612,12,0,11,0,10,525,9,598,8,0,7,0,6400,1868
1773712985,21,17,21,1,22,9,23,90,24,201,25,16,26,0,27,0,28,536,29,281,30,5000,31,259,17,54,16,0,15,36,14,43,13,612,12,0,11,0,10,525,9,598,8,0,7,0,6393,1868
1773712986,21,17,21,1,22,9,23,90,24,201,25,16,26,0,27,36,28,500,29,281,30,5000,31,259,17,54,16,0,15,36,14,43,13,612,12,0,11,0,10,525,9,598,8,0,7,0,6393,1868
1773712987,21,17,21,1,22,9,23,90,24,201,25,16,26,0,27,36,28,500,29,281,30,5000,31,259,17,54,16,0,15,36,14,43,13,612,12,0,11,0,10,525,9,598,8,0,7,0,6393,1868
1773712988,21,17,21,60,22,100,23,40,24,201,25,16,26,0,27,536,28,0,29,281,30,5000,31,259,17,54,16,0,15,36,14,44,13,612,12,0,11,0,10,525,9,605,8,0,7,0,6493,1876
1773712989,21,17,21,51,22,100,23,40,24,201,25,16,26,0,27,0,28,500,29,247,30,5036,31,259,17,54,16,0,15,36,14,44,13,612,12,0,11,0,10,525,9,598,8,0,7,0,6450,1869
1773712990,21,17,21,51,22,100,23,40,24,201,25,16,26,0,27,0,28,500,29,317,30,5000,31,259,17,54,16,0,15,36,14,44,13,612,12,0,11,0,10,525,9,605,8,0,7,0,6484,1876
1773712991,21,17,21,51,22,100,23,40,24,201,25,16,26,0,27,500,28,36,29,281,30,5000,31,259,17,54,16,0,15,36,14,44,13,612,12,0,11,0,10,525,9,598,8,0,7,0,6484,1869
1773712992,21,17,21,51,22,100,23,40,24,201,25,16,26,0,27,500,28,36,29,281,30,5000,31,259,17,54,16,0,15,36,14,44,13,612,12,0,11,0,10,525,9,604,8,0,7,0,6484,1875
1773712993,21,17,21,51,22,100,23,40,24,201,25,16,26,0,27,500,28,36,29,281,30,5000,31,259,17,54,16,0,15,36,14,44,13,612,12,0,11,0,10,525,9,604,8,0,7,0,6484,1875
1773712994,21,17,21,51,22,100,23,40,24,201,25,16,26,36,27,0,28,500,29,281,30,5000,31,259,17,54,16,0,15,36,14,44,13,612,12,0,11,0,10,525,9,604,8,0,7,0,6484,1875
1773712995,21,17,21,51,22,100,23,40,24,201,25,16,26,0,27,0,28,500,29,281,30,5036,31,259,17,54,16,0,15,36,14,44,13,612,12,0,11,0,10,525,9,597,8,0,7,0,6484,1868
1773712996,21,17,21,51,22,100,23,40,24,201,25,16,26,0,27,0,28,500,29,317,30,5000,31,259,17,54,16,0,15,36,14,44,13,612,12,0,11,0,10,525,9,597,8,0,7,0,6484,1868
1773712997,21,17,21,51,22,100,23,40,24,201,25,16,26,0,27,0,28,500,29,317,30,5000,31,259,17,54,16,0,15,36,14,44,13,612,12,0,11,0,10,525,9,597,8,0,7,0,6484,1868
1773712998,21,17,21,51,22,100,23,40,24,201,25,16,26,0,27,0,28,500,29,317,30,5000,31,259,17,54,16,0,15,36,14,44,13,612,12,0,11,0,10,525,9,597,8,0,7,0,6484,1868
1773712999,21,17,21,51,22,100,23,40,24,201,25,16,26,0,27,0,28,500,29,283,30,5000,31,259,17,54,16,0,15,36,14,44,13,612,12,0,11,0,10,525,9,597,8,0,7,0,6450,1868
1773713000,21,17,21,51,22,100,23,40,24,201,25,16,26,36,27,0,28,500,29,281,30,5000,31,259,17,54,16,0,15,36,14,44,13,612,12,0,11,0,10,525,9,597,8,0,7,0,6484,1868
1773713001,21,17,21,51,22,100,23,40,24,201,25,16,26,0,27,0,28,500,29,281,30,5000,31,259,17,54,16,0,15,36,14,44,13,612,12,0,11,0,10,525,9,597,8,0,7,0,6448,1868
1773713002,21,17,21,51,22,100,23,40,24,201,25,16,26,0,27,0,28,500,29,281,30,5036,31,259,17,54,16,0,15,36,14,44,13,612,12,0,11,0,10,525,9,597,8,0,7,0,6484,1868
1773713003,21,17,21,51,22,100,23,40,24,201,25,16,26,0,27,0,28,500,29,281,30,5036,31,259,17,54,16,0,15,36,14,44,13,612,12,0,11,0,10,525,9,597,8,0,7,0,6484,1868
1773713004,21,17,21,51,22,100,23,240,24,1,25,16,26,500,27,237,28,0,29,513,30,5036,31,259,17,54,16,0,15,771,14,44,13,612,12,0,11,0,10,525,9,604,8,0,7,0,6953,2610
1773713005,21,17,21,51,22,151,23,200,24,1,25,41,26,500,27,237,28,0,29,512,30,5000,31,259,17,54,16,44,15,771,14,0,13,412,12,0,11,0,10,25,9,597,8,0,7,0,6952,1903
1773713006,21,17,21,51,22,151,23,200,24,1,25,41,26,500,27,237,28,0,29,512,30,5000,31,259,17,54,16,44,15,771,14,0,13,412,12,0,11,0,10,42,9,556,8,0,7,0,6952,1879
1773713007,21,17,21,51,22,151,23,200,24,1,25,41,26,500,27,237,28,0,29,512,30,5000,31,259,17,54,16,44,15,771,14,0,13,412,12,0,11,0,10,42,9,556,8,0,7,0,6952,1879
1773713008,21,17,21,51,22,151,23,200,24,1,25,41,26,500,27,237,28,0,29,513,30,5000,31,259,17,54,16,44,15,771,14,0,13,412,12,0,11,0,10,25,9,594,8,0,7,0,6953,1900
1773713009,21,17,21,51,22,151,23,200,24,1,25,41,26,500,27,237,28,0,29,513,30,5000,31,259,17,54,16,44,15,771,14,0,13,412,12,0,11,0,10,25,9,591,8,0,7,0,6953,1897
1773713010,21,17,21,52,22,151,23,200,24,1,25,41,26,500,27,237,28,0,29,513,30,5000,31,259,17,54,16,44,15,771,14,0,13,412,12,0,11,0,10,25,9,556,8,58,7,0,6954,1920
1773713011,21,17,21,52,22,151,23,200,24,1,25,41,26,500,27,237,28,0,29,513,30,5000,31,259,17,54,16,44,15,771,14,0,13,412,12,0,11,0,10,25,9,556,8,58,7,0,6954,1920
1773713012,21,17,21,52,22,151,23,200,24,1,25,41,26,500,27,237,28,0,29,513,30,5000,31,259,17,54,16,44,15,771,14,0,13,412,12,0,11,0,10,25,9,556,8,86,7,0,6954,1948
1773713013,21,17,21,52,22,151,23,200,24,1,25,41,26,500,27,237,28,0,29,513,30,5000,31,259,17,54,16,44,15,771,14,0,13,412,12,0,11,0,10,25,9,556,8,58,7,0,6954,1920
1773713014,21,17,21,52,22,100,23,55,24,201,25,16,26,0,27,737,28,0,29,76,30,5000,31,259,17,54,16,0,15,36,14,44,13,412,12,0,11,200,10,25,9,500,8,58,7,0,6496,1329
1773713015,21,17,21,52,22,100,23,55,24,201,25,16,26,0,27,737,28,0,29,76,30,5000,31,259,17,54,16,0,15,36,14,44,13,412,12,0,11,200,10,525,9,0,8,58,7,0,6496,1329
1773713016,21,17,21,52,22,100,23,55,24,201,25,16,26,0,27,737,28,0,29,76,30,5000,31,259,17,54,16,0,15,36,14,44,13,412,12,0,11,200,10,25,9,500,8,58,7,0,6496,1329
1773713017,21,17,21,42,22,100,23,55,24,201,25,16,26,0,27,737,28,0,29,76,30,5000,31,259,17,54,16,0,15,36,14,44,13,412,12,0,11,200,10,25,9,500,8,58,7,0,6486,1329
1773713018,21,17,21,51,22,100,23,55,24,201,25,16,26,0,27,737,28,0,29,76,30,5000,31,259,17,54,16,0,15,36,14,50,13,612,12,0,11,0,10,525,9,0,8,95,7,0,6495,1372
1773713019,21,17,21,51,22,100,23,55,24,201,25,16,26,23,27,737,28,0,29,76,30,5000,31,259,17,54,16,0,15,36,14,50,13,412,12,0,11,200,10,525,9,0,8,86,7,0,6518,1363
1773713020,21,17,21,51,22,100,23,55,24,201,25,16,26,23,27,737,28,0,29,76,30,5000,31,259,17,54,16,0,15,36,14,50,13,412,12,0,11,200,10,25,9,500,8,86,7,0,6518,1363
1773713021,21,17,21,51,22,100,23,55,24,201,25,16,26,23,27,737,28,0,29,73,30,5000,31,259,17,54,16,0,15,36,14,50,13,412,12,0,11,200,10,525,9,0,8,128,7,0,6515,1405
1773713022,21,17,21,51,22,100,23,55,24,201,25,16,26,23,27,737,28,0,29,73,30,5000,31,259,17,54,16,0,15,36,14,50,13,412,12,0,11,200,10,525,9,0,8,128,7,0,6515,1405
1773713023,21,17,21,51,22,100,23,55,24,201,25,16,26,23,27,737,28,0,29,73,30,5000,31,259,17,54,16,0,15,36,14,50,13,412,12,0,11,200,10,525,9,0,8,128,7,0,6515,1405
1773713024,21,17,21,51,22,100,23,55,24,201,25,16,26,23,27,737,28,0,29,73,30,5000,31,259,17,54,16,0,15,36,14,50,13,612,12,0,11,0,10,525,9,0,8,128,7,0,6515,1405
1773713025,21,17,21,51,22,100,23,55,24,201,25,16,26,23,27,737,28,0,29,73,30,5000,31,259,17,54,16,0,15,86,14,200,13,412,12,0,11,500,10,25,9,137,8,0,7,0,6515,1414
1773713026,21,17,21,61,22,100,23,55,24,201,25,16,26,23,27,737,28,16,29,0,30,5000,31,259,17,53,16,0,15,36,14,50,13,612,12,0,11,500,10,25,9,188,8,0,7,0,6468,1464
1773713027,21,17,21,101,22,0,23,105,24,201,25,16,26,203,27,500,28,16,29,0,30,5000,31,259,17,53,16,0,15,36,14,50,13,612,12,0,11,500,10,25,9,188,8,0,7,0,6401,1464
1773713028,21,17,21,101,22,0,23,105,24,201,25,16,26,203,27,500,28,16,29,0,30,5000,31,259,17,53,16,0,15,36,14,50,13,612,12,0,11,0,10,525,9,120,8,0,7,0,6401,1396
1773713029,21,17,21,101,22,0,23,105,24,201,25,16,26,203,27,500,28,16,29,0,30,5000,31,259,17,53,16,0,15,36,14,50,13,612,12,0,11,0,10,525,9,120,8,0,7,0,6401,1396
1773713030,21,17,21,101,22,0,23,105,24,201,25,16,26,203,27,500,28,16,29,0,30,5000,31,259,17,53,16,0,15,36,14,50,13,612,12,0,11,0,10,525,9,120,8,0,7,0,6401,1396
1773713031,21,17,21,101,22,0,23,105,24,201,25,16,26,203,27,500,28,16,29,0,30,5000,31,259,17,53,16,0,15,36,14,50,13,612,12,0,11,0,10,525,9,120,8,0,7,0,6401,1396
1773713032,21,17,21,101,22,15,23,105,24,201,25,1,26,203,27,500,28,16,29,0,30,5000,31,259,17,53,16,0,15,36,14,50,13,612,12,0,11,0,10,525,9,104,8,0,7,0,6401,1380
1773713033,21,17,21,101,22,15,23,105,24,201,25,1,26,203,27,500,28,20,29,0,30,5000,31,259,17,53,16,0,15,36,14,50,13,612,12,0,11,0,10,525,9,104,8,0,7,0,6405,1380
1773713034,21,17,21,101,22,15,23,105,24,201,25,1,26,203,27,500,28,20,29,0,30,5000,31,259,17,53,16,0,15,36,14,50,13,612,12,0,11,0,10,525,9,104,8,0,7,0,6405,1380
1773713035,21,17,21,101,22,15,23,105,24,201,25,1,26,203,27,500,28,20,29,0,30,5000,31,259,17,53,16,0,15,36,14,50,13,612,12,0,11,0,10,525,9,104,8,0,7,0,6405,1380
1773713036,21,17,21,101,22,15,23,105,24,201,25,1,26,203,27,500,28,20,29,0,30,5000,31,259,17,53,16,0,15,36,14,50,13,612,12,0,11,0,10,525,9,104,8,0,7,0,6405,1380
1773713037,21,17,21,101,22,15,23,105,24,201,25,1,26,203,27,500,28,20,29,0,30,5000,31,259,17,53,16,0,15,36,14,50,13,612,12,0,11,0,10,525,9,104,8,0,7,0,6405,1380
1773713038,21,17,21,101,22,15,23,105,24,201,25,1,26,203,27,500,28,20,29,0,30,5000,31,259,17,53,16,0,15,36,14,50,13,612,12,0,11,0,10,525,9,104,8,0,7,0,6405,1380
1773713039,21,17,21,101,22,15,23,105,24,201,25,1,26,203,27,500,28,20,29,0,30,5000,31,259,17,53,16,0,15,36,14,50,13,612,12,0,11,0,10,525,9,104,8,0,7,0,6405,1380
1773713040,21,17,21,101,22,15,23,105,24,201,25,1,26,203,27,500,28,20,29,0,30,5000,31,259,17,53,16,0,15,36,14,50,13,612,12,0,11,0,10,525,9,104,8,0,7,0,6405,1380
1773713041,19,17,19,10,20,50,21,101,22,15,23,55,24,201,25,1,26,203,27,500,28,20,29,0,17,26,16,0,15,86,14,0,13,612,12,0,11,0,10,525,9,104,8,0,7,0,1156,1353
1773713042,19,17,19,10,20,50,21,101,22,15,23,55,24,201,25,1,26,203,27,500,28,20,29,0,17,26,16,0,15,36,14,50,13,612,12,0,11,0,10,525,9,104,8,0,7,0,1156,1353
1773713043,19,17,19,10,20,50,21,101,22,15,23,55,24,201,25,1,26,203,27,500,28,20,29,0,17,26,16,0,15,36,14,50,13,412,12,0,11,200,10,525,9,63,8,0,7,0,1156,1312
1773713044,19,17,19,10,20,50,21,101,22,0,23,70,24,201,25,1,26,203,27,500,28,20,29,0,17,26,16,0,15,36,14,50,13,412,12,0,11,200,10,525,9,63,8,0,7,15,1156,1327
1773713045,19,17,19,10,20,50,21,101,22,0,23,70,24,201,25,1,26,203,27,500,28,20,29,0,17,26,16,0,15,36,14,50,13,412,12,0,11,200,10,525,9,63,8,0,7,15,1156,1327
1773713046,19,17,19,10,20,50,21,101,22,0,23,70,24,201,25,1,26,203,27,500,28,20,29,0,17,26,16,0,15,36,14,50,13,412,12,0,11,200,10,525,9,63,8,0,7,15,1156,1327
1773713047,19,17,19,10,20,50,21,101,22,0,23,70,24,201,25,1,26,203,27,500,28,20,29,0,17,26,16,0,15,36,14,50,13,612,12,0,11,0,10,525,9,63,8,0,7,15,1156,1327
1773713048,19,17,19,10,20,50,21,101,22,0,23,70,24,201,25,1,26,203,27,500,28,20,29,0,17,26,16,0,15,36,14,50,13,612,12,0,11,0,10,525,9,63,8,0,7,15,1156,1327
1773713049,19,17,19,10,20,50,21,101,22,0,23,70,24,201,25,1,26,203,27,500,28,20,29,0,17,26,16,0,15,36,14,50,13,612,12,0,11,0,10,525,9,63,8,0,7,15,1156,1327
1773713050,19,17,19,10,20,50,21,101,22,0,23,70,24,201,25,1,26,203,27,500,28,20,29,0,17,26,16,0,15,36,14,50,13,612,12,0,11,0,10,525,9,63,8,0,7,15,1156,1327
1773713051,19,17,19,10,20,50,21,101,22,0,23,70,24,201,25,1,26,203,27,500,28,20,29,0,17,26,16,0,15,36,14,50,13,412,12,0,11,200,10,525,9,79,8,0,7,15,1156,1343
1773713052,19,17,19,10,20,50,21,101,22,0,23,70,24,201,25,1,26,203,27,500,28,20,29,0,17,26,16,0,15,36,14,50,13,412,12,0,11,200,10,525,9,79,8,0,7,15,1156,1343
1773713053,19,17,19,10,20,50,21,101,22,0,23,70,24,201,25,1,26,203,27,500,28,20,29,0,17,26,16,0,15,36,14,50,13,412,12,0,11,200,10,525,9,79,8,0,7,15,1156,1343
1773713054,19,17,19,10,20,50,21,101,22,0,23,70,24,201,25,1,26,203,27,500,28,20,29,0,17,26,16,0,15,36,14,50,13,412,12,0,11,200,10,525,9,79,8,0,7,15,1156,1343
1773713055,19,17,19,10,20,50,21,101,22,0,23,70,24,201,25,1,26,203,27,500,28,20,29,0,17,26,16,0,15,36,14,50,13,412,12,0,11,200,10,525,9,79,8,0,7,15,1156,1343
1773713056,19,17,19,10,20,50,21,101,22,0,23,70,24,201,25,1,26,203,27,500,28,20,29,0,17,26,16,0,15,36,14,50,13,412,12,0,11,200,10,525,9,79,8,0,7,15,1156,1343
1773713057,19,17,19,10,20,50,21,101,22,0,23,70,24,201,25,1,26,203,27,500,28,20,29,0,17,26,16,0,15,36,14,50,13,412,12,0,11,200,10,525,9,79,8,0,7,15,1156,1343
1773713058,19,17,19,10,20,50,21,101,22,0,23,70,24,201,25,1,26,203,27,500,28,20,29,0,17,26,16,0,15,36,14,50,13,412,12,0,11,200,10,525,9,79,8,0,7,15,1156,1343
1773713059,19,17,19,10,20,50,21,101,22,0,23,70,24,201,25,1,26,203,27,500,28,20,29,0,17,26,16,0,15,36,14,50,13,412,12,0,11,200,10,525,9,79,8,0,7,15,1156,1343
1773713060,19,17,19,10,20,50,21,101,22,0,23,70,24,201,25,1,26,203,27,500,28,20,29,0,17,26,16,0,15,36,14,50,13,412,12,0,11,200,10,525,9,79,8,0,7,15,1156,1343
1773713061,19,17,19,10,20,50,21,101,22,0,23,70,24,201,25,1,26,203,27,500,28,20,29,0,17,26,16,0,15,36,14,50,13,412,12,0,11,200,10,525,9,79,8,0,7,15,1156,1343
1773713062,19,17,19,10,20,50,21,101,22,0,23,70,24,201,25,1,26,203,27,0,28,500,29,25,17,26,16,0,15,36,14,50,13,412,12,0,11,200,10,525,9,0,8,77,7,15,1161,1341
1773713063,19,17,19,10,20,50,21,101,22,0,23,70,24,201,25,1,26,180,27,0,28,500,29,79,17,26,16,0,15,36,14,50,13,412,12,0,11,200,10,525,9,0,8,77,7,15,1192,1341
1773713064,19,17,19,10,20,50,21,101,22,0,23,70,24,201,25,1,26,180,27,526,28,0,29,79,17,26,16,0,15,36,14,50,13,412,12,0,11,200,10,525,9,0,8,77,7,15,1218,1341
1773713065,19,17,19,10,20,100,21,101,22,0,23,270,24,1,25,1,26,0,27,0,28,500,29,457,17,26,16,0,15,36,14,100,13,412,12,0,11,200,10,525,9,0,8,251,7,593,1440,2143
1773713066,19,17,19,10,20,100,21,101,22,81,23,215,24,1,25,1,26,0,27,0,28,500,29,457,17,26,16,0,15,36,14,100,13,412,12,0,11,200,10,525,9,0,8,251,7,593,1466,2143
1773713067,19,17,19,10,20,100,21,101,22,81,23,215,24,1,25,1,26,0,27,0,28,500,29,457,17,26,16,0,15,36,14,100,13,412,12,0,11,200,10,525,9,0,8,251,7,593,1466,2143
1773713068,19,17,19,10,20,100,21,101,22,81,23,215,24,1,25,1,26,0,27,500,28,82,29,264,17,26,16,0,15,36,14,100,13,412,12,0,11,200,10,525,9,0,8,251,7,593,1355,2143
1773713069,19,17,19,10,20,100,21,101,22,81,23,215,24,1,25,1,26,0,27,500,28,75,29,264,17,26,16,0,15,36,14,100,13,412,12,0,11,200,10,525,9,0,8,251,7,593,1348,2143
1773713070,19,17,19,10,20,100,21,101,22,81,23,15,24,201,25,1,26,0,27,500,28,47,29,264,17,26,16,0,15,36,14,100,13,412,12,0,11,200,10,525,9,0,8,251,7,593,1320,2143
1773713071,19,17,19,25,20,100,21,101,22,0,23,277,24,1,25,1,26,0,27,500,28,47,29,264,17,26,16,0,15,51,14,100,13,412,12,0,11,200,10,525,9,0,8,251,7,578,1316,2143
1773713072,19,17,19,25,20,100,21,101,22,0,23,0,24,201,25,1,26,81,27,500,28,47,29,264,17,26,16,0,15,51,14,100,13,412,12,0,11,200,10,25,9,0,8,250,7,578,1320,1642
1773713073,19,17,19,25,20,100,21,101,22,0,23,200,24,1,25,1,26,0,27,500,28,128,29,264,17,26,16,0,15,51,14,100,13,412,12,0,11,200,10,25,9,0,8,250,7,578,1320,1642
1773713074,19,17,19,25,20,100,21,101,22,0,23,0,24,201,25,1,26,0,27,500,28,81,29,446,17,26,16,0,15,51,14,100,13,612,12,0,11,0,10,25,9,0,8,250,7,578,1455,1642
1773713075,19,17,19,25,20,100,21,101,22,0,23,0,24,201,25,1,26,0,27,500,28,81,29,446,17,26,16,0,15,51,14,100,13,612,12,0,11,0,10,25,9,0,8,250,7,578,1455,1642
1773713076,19,17,19,25,20,100,21,101,22,0,23,0,24,201,25,1,26,0,27,500,28,81,29,446,17,26,16,0,15,51,14,100,13,612,12,0,11,0,10,25,9,0,8,250,7,578,1455,1642
1773713077,19,17,19,25,20,100,21,101,22,0,23,79,24,201,25,1,26,0,27,0,28,500,29,446,17,26,16,0,15,51,14,100,13,612,12,0,11,0,10,25,9,0,8,250,7,578,1453,1642
1773713078,19,17,19,25,20,100,21,101,22,0,23,79,24,201,25,1,26,0,27,0,28,500,29,446,17,26,16,0,15,51,14,100,13,612,12,0,11,0,10,25,9,0,8,250,7,578,1453,1642
1773713079,19,17,19,25,20,50,21,101,22,0,23,79,24,201,25,1,26,0,27,0,28,500,29,446,17,26,16,0,15,51,14,50,13,612,12,0,11,0,10,525,9,329,8,250,7,578,1403,2421
1773713080,19,17,19,25,20,50,21,101,22,0,23,79,24,201,25,1,26,0,27,0,28,500,29,446,17,26,16,0,15,51,14,50,13,257,12,0,11,200,10,525,9,329,8,250,7,578,1403,2266
1773713081,19,17,19,10,20,50,21,101,22,15,23,79,24,201,25,1,26,0,27,0,28,500,29,334,17,26,16,0,15,36,14,50,13,257,12,200,11,15,10,525,9,329,8,251,7,578,1291,2267
1773713082,19,17,19,10,20,50,21,101,22,15,23,79,24,201,25,1,26,0,27,0,28,500,29,306,17,26,16,0,15,36,14,50,13,257,12,200,11,15,10,525,9,329,8,251,7,578,1263,2267
1773713083,19,17,19,10,20,50,21,101,22,15,23,79,24,201,25,1,26,0,27,0,28,500,29,306,17,26,16,0,15,36,14,50,13,257,12,200,11,15,10,525,9,329,8,251,7,578,1263,2267
1773713084,19,17,19,10,20,50,21,101,22,15,23,79,24,201,25,1,26,0,27,0,28,500,29,306,17,26,16,0,15,36,14,50,13,257,12,200,11,15,10,525,9,329,8,251,7,578,1263,2267
1773713085,19,17,19,10,20,50,21,101,22,15,23,79,24,201,25,1,26,0,27,0,28,500,29,306,17,26,16,0,15,36,14,50,13,257,12,200,11,15,10,525,9,329,8,251,7,578,1263,2267
1773713086,19,17,19,10,20,50,21,101,22,15,23,79,24,201,25,1,26,0,27,0,28,500,29,306,17,26,16,0,15,36,14,50,13,257,12,200,11,15,10,525,9,329,8,251,7,578,1263,2267
1773713087,19,17,19,10,20,50,21,101,22,15,23,79,24,201,25,1,26,0,27,0,28,500,29,306,17,26,16,0,15,36,14,50,13,457,12,0,11,15,10,525,9,371,8,174,7,578,1263,2232
1773713088,19,17,19,10,20,50,21,101,22,15,23,79,24,201,25,1,26,0,27,761,28,0,29,96,17,26,16,0,15,36,14,50,13,457,12,0,11,43,10,525,9,329,8,174,7,578,1314,2218
1773713089,20,17,20,15,21,101,22,15,23,79,24,201,25,1,26,0,27,761,28,0,29,26,30,5488,17,26,16,0,15,36,14,50,13,457,12,0,11,43,10,525,9,329,8,174,7,578,6687,2218
1773713090,20,17,20,15,21,101,22,15,23,79,24,201,25,1,26,0,27,761,28,0,29,26,30,5460,17,26,16,0,15,36,14,50,13,457,12,0,11,43,10,525,9,329,8,174,7,578,6659,2218
1773713091,20,17,20,15,21,101,22,15,23,79,24,201,25,1,26,0,27,761,28,0,29,26,30,5460,17,26,16,0,15,36,14,50,13,457,12,0,11,43,10,525,9,329,8,174,7,578,6659,2218
1773713092,20,17,20,39,21,101,22,15,23,79,24,201,25,1,26,0,27,761,28,0,29,26,30,5460,17,26,16,0,15,36,14,50,13,457,12,0,11,15,10,561,9,329,8,174,7,578,6683,2226
1773713093,20,17,20,39,21,101,22,15,23,79,24,201,25,1,26,0,27,761,28,0,29,26,30,5460,17,26,16,0,15,36,14,50,13,457,12,0,11,15,10,561,9,329,8,174,7,578,6683,2226
1773713094,20,17,20,39,21,101,22,15,23,79,24,201,25,1,26,0,27,761,28,0,29,26,30,5460,17,26,16,0,15,36,14,50,13,457,12,0,11,15,10,561,9,329,8,174,7,578,6683,2226
1773713095,20,17,20,39,21,101,22,15,23,79,24,201,25,1,26,0,27,761,28,0,29,26,30,5472,17,26,16,0,15,36,14,50,13,457,12,0,11,15,10,561,9,329,8,174,7,578,6695,2226
1773713096,20,17,20,39,21,101,22,15,23,79,24,201,25,1,26,0,27,761,28,0,29,26,30,5486,17,26,16,0,15,36,14,50,13,457,12,0,11,15,10,561,9,329,8,174,7,578,6709,2226
1773713097,20,17,20,39,21,101,22,15,23,79,24,201,25,1,26,0,27,761,28,0,29,26,30,5472,17,26,16,0,15,36,14,50,13,457,12,0,11,15,10,561,9,329,8,174,7,578,6695,2226
1773713098,20,17,20,39,21,101,22,15,23,79,24,201,25,1,26,0,27,761,28,0,29,63,30,5000,17,26,16,0,15,36,14,50,13,457,12,0,11,15,10,561,9,329,8,174,7,578,6260,2226
1773713099,20,17,20,39,21,101,22,15,23,79,24,201,25,1,26,0,27,761,28,0,29,26,30,5450,17,26,16,0,15,36,14,50,13,457,12,0,11,15,10,561,9,329,8,0,7,578,6673,2052
1773713100,20,17,20,39,21,101,22,15,23,79,24,201,25,1,26,0,27,761,28,0,29,26,30,5450,17,26,16,0,15,36,14,50,13,457,12,0,11,15,10,561,9,329,8,0,7,578,6673,2052
1773713101,19,17,19,10,20,50,21,101,22,15,23,79,24,201,25,1,26,0,27,761,28,0,29,68,17,26,16,0,15,36,14,100,13,457,12,0,11,15,10,561,9,0,8,0,7,578,1286,1773
1773713102,19,17,19,10,20,50,21,101,22,15,23,79,24,201,25,1,26,0,27,761,28,0,29,68,17,26,16,0,15,36,14,100,13,457,12,0,11,15,10,561,9,0,8,0,7,578,1286,1773
1773713103,19,17,19,25,20,50,21,101,22,0,23,79,24,201,25,1,26,0,27,761,28,0,29,68,17,26,16,0,15,51,14,100,13,457,12,0,11,0,10,561,9,0,8,0,7,578,1286,1773
1773713104,19,17,19,25,20,50,21,101,22,0,23,79,24,201,25,1,26,0,27,761,28,0,29,68,17,26,16,0,15,51,14,100,13,457,12,0,11,0,10,561,9,0,8,0,7,578,1286,1773
1773713105,19,17,19,25,20,50,21,101,22,0,23,79,24,201,25,1,26,0,27,761,28,0,29,68,17,26,16,0,15,51,14,100,13,457,12,0,11,0,10,561,9,0,8,0,7,578,1286,1773
1773713106,19,17,19,25,20,50,21,101,22,0,23,79,24,201,25,1,26,0,27,761,28,0,29,246,17,26,16,0,15,51,14,100,13,457,12,0,11,0,10,561,9,0,8,0,7,578,1464,1773
1773713107,19,17,19,25,20,50,21,101,22,0,23,79,24,201,25,1,26,0,27,761,28,0,29,246,17,26,16,0,15,51,14,100,13,457,12,0,11,0,10,561,9,0,8,0,7,578,1464,1773
1773713108,19,17,19,25,20,50,21,101,22,0,23,79,24,201,25,1,26,0,27,761,28,0,29,246,17,26,16,0,15,51,14,100,13,457,12,0,11,0,10,561,9,0,8,0,7,578,1464,1773
1773713109,19,17,19,10,20,50,21,101,22,0,23,79,24,201,25,1,26,0,27,761,28,15,29,96,17,26,16,0,15,36,14,100,13,457,12,0,11,15,10,561,9,0,8,0,7,578,1314,1773
1773713110,19,17,19,10,20,50,21,101,22,0,23,79,24,201,25,1,26,227,27,500,28,15,29,100,17,26,16,0,15,36,14,100,13,457,12,0,11,15,10,561,9,0,8,0,7,578,1284,1773
1773713111,19,17,19,10,20,50,21,101,22,0,23,79,24,201,25,1,26,227,27,500,28,15,29,72,17,26,16,0,15,36,14,100,13,457,12,0,11,15,10,561,9,0,8,0,7,578,1256,1773
1773713112,19,17,19,10,20,50,21,101,22,0,23,79,24,201,25,1,26,227,27,500,28,15,29,72,17,26,16,0,15,36,14,100,13,257,12,200,11,15,10,561,9,0,8,0,7,578,1256,1773
1773713113,19,17,19,10,20,50,21,101,22,0,23,79,24,201,25,1,26,227,27,500,28,31,29,26,17,26,16,0,15,36,14,100,13,257,12,200,11,15,10,525,9,0,8,62,7,578,1226,1799
1773713114,19,17,19,10,20,50,21,101,22,0,23,79,24,201,25,1,26,227,27,500,28,31,29,26,17,26,16,0,15,36,14,100,13,257,12,200,11,15,10,525,9,0,8,62,7,578,1226,1799
1773713115,19,17,19,10,20,50,21,101,22,79,23,200,24,1,25,16,26,227,27,500,28,16,29,26,17,26,16,0,15,51,14,100,13,257,12,0,11,200,10,525,9,0,8,61,7,578,1226,1798
1773713116,19,17,19,10,20,50,21,101,22,79,23,200,24,1,25,16,26,227,27,500,28,16,29,26,17,26,16,0,15,51,14,100,13,257,12,0,11,200,10,525,9,0,8,61,7,578,1226,1798
1773713117,19,17,19,10,20,50,21,180,22,0,23,200,24,1,25,16,26,737,27,0,28,0,29,292,17,26,16,0,15,51,14,100,13,257,12,0,11,200,10,525,9,0,8,61,7,578,1486,1798
1773713118,19,17,19,10,20,50,21,101,22,0,23,200,24,1,25,95,26,246,27,0,28,500,29,292,17,26,16,0,15,51,14,100,13,257,12,0,11,200,10,525,9,0,8,61,7,0,1495,1220
1773713119,19,17,19,10,20,50,21,101,22,0,23,200,24,1,25,95,26,246,27,0,28,500,29,292,17,26,16,0,15,51,14,100,13,257,12,0,11,200,10,525,9,0,8,61,7,0,1495,1220
1773713120,19,17,19,10,20,50,21,101,22,0,23,79,24,201,25,16,26,227,27,500,28,51,29,292,17,26,16,0,15,51,14,100,13,257,12,0,11,200,10,525,9,0,8,58,7,0,1527,1217
1773713121,19,17,19,10,20,50,21,101,22,0,23,79,24,201,25,16,26,227,27,500,28,51,29,292,17,26,16,0,15,51,14,100,13,257,12,0,11,200,10,525,9,0,8,58,7,0,1527,1217
1773713122,19,17,19,45,20,50,21,101,22,200,23,33,24,1,25,16,26,727,27,0,28,79,29,292,17,26,16,0,15,51,14,0,13,100,12,127,11,200,10,25,9,500,8,605,7,0,1544,1634
1773713123,19,17,19,77,20,50,21,180,22,0,23,223,24,1,25,16,26,727,27,0,28,0,29,292,17,26,16,0,15,51,14,0,13,100,12,127,11,200,10,25,9,500,8,577,7,0,1566,1606
1773713124,19,17,19,77,20,50,21,101,22,79,23,223,24,1,25,16,26,727,27,0,28,0,29,292,17,26,16,0,15,51,14,0,13,100,12,127,11,200,10,25,9,500,8,542,7,70,1566,1641
1773713125,18,17,18,15,19,44,20,50,21,101,22,79,23,223,24,1,25,1,26,727,27,0,28,0,17,26,16,0,15,36,14,0,13,100,12,127,11,200,10,40,9,500,8,542,7,70,1241,1641
1773713126,17,15,17,34,18,15,19,10,20,50,21,101,22,0,23,223,24,1,25,83,26,727,27,266,15,36,14,0,13,0,12,100,11,256,10,240,9,0,8,542,7,58,6,543,5,740,1510,2515
1773713127,17,15,17,34,18,15,19,10,20,50,21,101,22,200,23,23,24,1,25,83,26,727,27,266,15,36,14,0,13,0,12,100,11,256,10,240,9,0,8,542,7,78,6,543,5,740,1510,2535
1773713128,17,15,17,34,18,15,19,10,20,50,21,101,22,200,23,23,24,1,25,83,26,727,27,266,15,36,14,0,13,0,12,100,11,256,10,240,9,0,8,542,7,43,6,543,5,740,1510,2500
1773713129,17,15,17,34,18,15,19,10,20,50,21,187,22,200,23,23,24,1,25,1,26,727,27,266,15,36,14,0,13,0,12,100,11,256,10,240,9,0,8,542,7,0,6,614,5,740,1514,2528
1773713130,17,15,17,34,18,15,19,10,20,50,21,187,22,200,23,23,24,1,25,1,26,727,27,266,15,36,14,0,13,0,12,100,11,256,10,240,9,0,8,542,7,50,6,543,5,740,1514,2507
1773713131,17,15,17,34,18,0,19,25,20,50,21,187,22,200,23,23,24,1,25,1,26,727,27,266,15,36,14,0,13,0,12,115,11,256,10,225,9,0,8,542,7,32,6,543,5,740,1514,2489
1773713132,17,15,17,34,18,0,19,25,20,50,21,187,22,200,23,23,24,1,25,1,26,727,27,266,15,36,14,0,13,0,12,115,11,456,10,25,9,0,8,542,7,67,6,543,5,740,1514,2524
1773713133,17,15,17,34,18,0,19,25,20,50,21,187,22,200,23,23,24,1,25,1,26,727,27,266,15,36,14,0,13,0,12,115,11,456,10,25,9,0,8,542,7,67,6,543,5,740,1514,2524
1773713134,17,15,17,34,18,0,19,25,20,50,21,187,22,200,23,23,24,1,25,1,26,727,27,266,15,36,14,0,13,0,12,115,11,456,10,25,9,0,8,542,7,67,6,543,5,740,1514,2524
1773713135,17,15,17,34,18,0,19,25,20,50,21,187,22,200,23,23,24,1,25,1,26,727,27,266,15,36,14,0,13,0,12,115,11,456,10,25,9,0,8,542,7,67,6,543,5,740,1514,2524
1773713136,17,15,17,34,18,0,19,25,20,50,21,187,22,200,23,23,24,1,25,1,26,727,27,266,15,36,14,0,13,0,12,115,11,456,10,25,9,0,8,542,7,67,6,543,5,740,1514,2524
1773713137,17,15,17,34,18,0,19,25,20,50,21,187,22,200,23,23,24,1,25,1,26,727,27,266,15,36,14,0,13,0,12,115,11,456,10,25,9,0,8,542,7,67,6,543,5,740,1514,2524
1773713138,17,15,17,34,18,0,19,25,20,50,21,187,22,200,23,23,24,1,25,1,26,727,27,266,15,36,14,0,13,0,12,115,11,456,10,25,9,0,8,542,7,67,6,543,5,740,1514,2524
1773713139,17,14,17,34,18,10,19,47,20,238,21,187,22,200,23,23,24,1,25,1,26,500,27,266,14,15,13,41,12,65,11,256,10,225,9,0,8,542,7,49,6,543,5,740,4,338,1507,2814
1773713140,17,14,17,34,18,0,19,57,20,238,21,187,22,200,23,23,24,1,25,1,26,500,27,266,14,15,13,41,12,65,11,256,10,225,9,0,8,542,7,49,6,543,5,740,4,338,1507,2814
1773713141,17,14,17,34,18,10,19,47,20,238,21,187,22,200,23,23,24,1,25,1,26,500,27,266,14,15,13,41,12,65,11,256,10,225,9,0,8,542,7,49,6,543,5,740,4,338,1507,2814
1773713142,17,14,17,34,18,10,19,47,20,238,21,187,22,200,23,23,24,1,25,1,26,500,27,266,14,15,13,41,12,65,11,256,10,225,9,0,8,542,7,49,6,543,5,740,4,338,1507,2814
1773713143,17,14,17,34,18,0,19,57,20,238,21,187,22,200,23,23,24,1,25,1,26,500,27,266,14,15,13,41,12,65,11,256,10,225,9,0,8,542,7,49,6,543,5,740,4,338,1507,2814
1773713144,17,14,17,34,18,10,19,47,20,238,21,187,22,200,23,23,24,1,25,1,26,500,27,266,14,15,13,41,12,65,11,256,10,225,9,0,8,542,7,49,6,543,5,740,4,338,1507,2814
1773713145,17,14,17,34,18,0,19,57,20,238,21,387,22,0,23,23,24,501,25,1,26,0,27,266,14,30,13,41,12,50,11,256,10,225,9,0,8,542,7,49,6,543,5,740,4,338,1507,2814
1773713146,17,14,17,34,18,0,19,57,20,438,21,1,22,0,23,609,24,1,25,1,26,0,27,266,14,30,13,41,12,50,11,256,10,225,9,0,8,542,7,49,6,543,5,740,4,338,1407,2814
1773713147,17,14,17,34,18,10,19,47,20,438,21,1,22,86,23,523,24,1,25,1,26,0,27,266,14,30,13,41,12,50,11,256,10,225,9,0,8,563,7,0,6,543,5,740,4,338,1407,2786
1773713148,17,14,17,34,18,0,19,57,20,438,21,1,22,86,23,523,24,1,25,1,26,0,27,266,14,30,13,41,12,50,11,256,10,225,9,0,8,563,7,0,6,543,5,740,4,338,1407,2786
1773713149,17,14,17,34,18,42,19,215,20,238,21,1,22,586,23,23,24,1,25,1,26,0,27,266,14,30,13,41,12,50,11,256,10,225,9,0,8,21,7,0,6,543,5,740,4,338,1407,2244
1773713150,17,14,17,34,18,42,19,215,20,238,21,1,22,0,23,500,24,52,25,1,26,86,27,266,14,30,13,41,12,50,11,256,10,225,9,0,8,521,7,0,6,543,5,740,4,338,1435,2744
1773713151,17,14,17,34,18,42,19,200,20,238,21,1,22,0,23,500,24,52,25,16,26,86,27,266,14,15,13,36,12,50,11,256,10,225,9,0,8,0,7,500,6,610,5,740,4,338,1435,2770
1773713152,17,14,17,34,18,42,19,200,20,238,21,1,22,0,23,500,24,52,25,16,26,86,27,266,14,15,13,36,12,50,11,256,10,225,9,0,8,0,7,500,6,610,5,740,4,338,1435,2770
1773713153,17,14,17,34,18,42,19,200,20,238,21,1,22,0,23,500,24,52,25,16,26,86,27,266,14,15,13,36,12,50,11,256,10,225,9,0,8,0,7,500,6,610,5,740,4,338,1435,2770
1773713154,17,14,17,34,18,42,19,200,20,238,21,1,22,0,23,500,24,52,25,16,26,86,27,266,14,15,13,36,12,50,11,256,10,225,9,0,8,0,7,500,6,610,5,740,4,338,1435,2770
1773713155,17,14,17,34,18,42,19,200,20,238,21,1,22,0,23,500,24,52,25,16,26,0,27,266,14,15,13,36,12,50,11,256,10,225,9,0,8,0,7,500,6,610,5,740,4,338,1349,2770
1773713156,17,14,17,34,18,42,19,200,20,238,21,1,22,586,23,0,24,52,25,16,26,0,27,266,14,15,13,36,12,50,11,256,10,225,9,0,8,0,7,500,6,610,5,740,4,338,1435,2770
1773713157,17,14,17,34,18,42,19,215,20,238,21,1,22,0,23,500,24,52,25,1,26,0,27,352,14,15,13,36,12,50,11,256,10,225,9,0,8,0,7,500,6,610,5,740,4,338,1435,2770
1773713158,17,14,17,10,18,42,19,215,20,238,21,1,22,0,23,500,24,48,25,1,26,0,27,352,14,15,13,36,12,50,11,256,10,225,9,0,8,0,7,500,6,610,5,740,4,338,1407,2770
1773713159,17,14,17,10,18,42,19,215,20,238,21,1,22,0,23,500,24,46,25,1,26,0,27,352,14,15,13,36,12,50,11,256,10,225,9,0,8,0,7,500,6,610,5,740,4,338,1405,2770
1773713160,17,14,17,10,18,42,19,215,20,238,21,1,22,0,23,500,24,46,25,1,26,0,27,352,14,15,13,36,12,50,11,256,10,225,9,0,8,0,7,500,6,610,5,740,4,338,1405,2770
1773713161,17,16,17,10,18,42,19,215,20,238,21,1,22,0,23,500,24,46,25,1,26,0,27,266,16,744,15,0,14,15,13,36,12,305,11,532,10,25,9,0,8,678,7,0,6,560,1319,2895
1773713162,17,16,17,10,18,42,19,215,20,238,21,92,22,0,23,500,24,46,25,1,26,0,27,266,16,744,15,0,14,0,13,86,12,255,11,532,10,25,9,0,8,678,7,703,6,0,1410,3023
1773713163,17,16,17,10,18,42,19,215,20,238,21,1,22,0,23,500,24,18,25,1,26,91,27,266,16,744,15,0,14,0,13,86,12,255,11,532,10,25,9,0,8,678,7,703,6,0,1382,3023
1773713164,17,16,17,10,18,42,19,215,20,238,21,1,22,0,23,500,24,18,25,1,26,91,27,266,16,744,15,0,14,0,13,86,12,255,11,532,10,25,9,0,8,678,7,703,6,0,1382,3023
1773713165,17,16,17,10,18,42,19,215,20,238,21,1,22,0,23,500,24,18,25,1,26,91,27,266,16,744,15,0,14,0,13,86,12,255,11,532,10,25,9,0,8,678,7,703,6,0,1382,3023
1773713166,17,16,17,10,18,42,19,215,20,238,21,1,22,0,23,500,24,18,25,1,26,91,27,266,16,764,15,0,14,0,13,86,12,255,11,532,10,25,9,0,8,678,7,703,6,0,1382,3043
1773713167,17,16,17,10,18,42,19,215,20,238,21,1,22,591,23,0,24,18,25,1,26,0,27,266,16,744,15,0,14,0,13,86,12,255,11,532,10,25,9,0,8,678,7,682,6,0,1382,3002
1773713168,17,16,17,10,18,42,19,215,20,238,21,92,22,0,23,500,24,18,25,1,26,0,27,266,16,744,15,0,14,0,13,86,12,255,11,532,10,25,9,0,8,678,7,682,6,0,1382,3002
1773713169,17,16,17,10,18,42,19,215,20,238,21,1,22,0,23,500,24,18,25,1,26,0,27,357,16,744,15,0,14,0,13,86,12,255,11,532,10,25,9,0,8,678,7,647,6,0,1382,2967
1773713170,17,16,17,10,18,42,19,215,20,238,21,1,22,0,23,500,24,18,25,1,26,0,27,357,16,744,15,0,14,0,13,86,12,255,11,532,10,25,9,0,8,678,7,647,6,0,1382,2967
1773713171,17,13,17,10,18,0,19,15,20,0,21,139,22,259,23,200,24,18,25,1,26,500,27,357,13,72,12,50,11,532,10,280,9,0,8,678,7,0,6,0,5,215,4,0,3,1561,1499,3388
1773713172,17,13,17,10,18,0,19,36,20,43,21,79,22,459,23,0,24,18,25,49,26,500,27,266,13,72,12,50,11,532,10,280,9,0,8,678,7,0,6,0,5,219,4,257,3,1561,1460,3649
1773713173,19,13,19,25,20,38,21,79,22,259,23,200,24,1,25,49,26,22,27,0,28,0,29,500,13,72,12,50,11,532,10,280,9,0,8,678,7,0,6,37,5,206,4,257,3,1561,1173,3673
1773713174,19,13,19,25,20,70,21,107,22,259,23,200,24,1,25,1,26,500,27,45,28,0,29,0,13,72,12,50,11,532,10,280,9,0,8,678,7,0,6,0,5,215,4,257,3,1561,1208,3645
1773713175,19,13,19,15,20,32,21,138,22,259,23,200,24,1,25,1,26,500,27,45,28,0,29,0,13,72,12,50,11,532,10,280,9,0,8,678,7,0,6,0,5,215,4,257,3,1561,1191,3645
1773713176,19,13,19,15,20,0,21,79,22,259,23,200,24,1,25,1,26,500,27,45,28,0,29,0,13,72,12,0,11,50,10,280,9,200,8,678,7,0,6,37,5,775,4,257,3,1561,1100,3910
1773713177,19,13,19,15,20,0,21,79,22,259,23,0,24,201,25,1,26,517,27,0,28,0,29,0,13,72,12,0,11,50,10,280,9,0,8,678,7,0,6,0,5,784,4,257,3,1561,1072,3682
1773713178,19,14,19,15,20,0,21,79,22,259,23,0,24,201,25,1,26,17,27,0,28,0,29,500,14,50,13,72,12,250,11,0,10,780,9,0,8,678,7,322,6,0,5,775,4,257,1072,3184
1773713179,21,15,21,79,22,259,23,0,24,201,25,1,26,0,27,0,28,500,29,72,30,5000,31,0,15,46,14,50,13,86,12,200,11,0,10,780,9,0,8,678,7,322,6,0,5,775,6112,2937
1773713180,21,15,21,79,22,259,23,0,24,201,25,1,26,0,27,0,28,500,29,72,30,5000,31,0,15,46,14,50,13,36,12,250,11,0,10,780,9,0,8,678,7,361,6,0,5,775,6112,2976
1773713181,21,15,21,79,22,259,23,0,24,201,25,1,26,0,27,0,28,500,29,72,30,5000,31,0,15,46,14,50,13,86,12,0,11,200,10,780,9,0,8,678,7,361,6,0,5,775,6112,2976
1773713182,21,15,21,43,22,259,23,0,24,201,25,1,26,0,27,0,28,500,29,72,30,5000,31,0,15,46,14,50,13,86,12,0,11,200,10,780,9,0,8,0,7,361,6,0,5,775,6076,2298
1773713183,21,15,21,19,22,259,23,0,24,201,25,1,26,0,27,0,28,500,29,55,30,5000,31,0,15,46,14,50,13,86,12,0,11,200,10,780,9,0,8,0,7,361,6,0,5,775,6035,2298
1773713184,23,15,23,20,24,208,25,1,26,0,27,0,28,500,29,50,30,5000,31,0,32,265,33,0,15,46,14,50,13,36,12,250,11,0,10,780,9,0,8,0,7,361,6,0,5,775,6044,2298
1773713185,23,15,23,20,24,208,25,1,26,0,27,0,28,500,29,50,30,5000,31,0,32,265,33,0,15,46,14,50,13,36,12,250,11,0,10,780,9,0,8,0,7,361,6,0,5,775,6044,2298
1773713186,23,15,23,20,24,201,25,1,26,0,27,0,28,500,29,50,30,5000,31,0,32,265,33,0,15,46,14,50,13,86,12,0,11,200,10,780,9,0,8,0,7,361,6,0,5,775,6037,2298
1773713187,22,15,22,42,23,44,24,201,25,1,26,0,27,0,28,500,29,66,30,5000,31,0,32,265,15,46,14,50,13,36,12,505,11,0,10,525,9,0,8,95,7,0,6,0,5,775,6119,2032
1773713188,21,15,21,38,22,66,23,101,24,201,25,1,26,0,27,0,28,500,29,289,30,5000,31,0,15,46,14,50,13,86,12,455,11,0,10,525,9,0,8,95,7,0,6,582,5,775,6196,2614
1773713189,21,15,21,38,22,66,23,101,24,201,25,1,26,0,27,0,28,500,29,289,30,5000,31,0,15,46,14,50,13,86,12,455,11,0,10,525,9,0,8,95,7,0,6,582,5,775,6196,2614
1773713190,21,15,21,53,22,66,23,101,24,201,25,1,26,0,27,0,28,500,29,274,30,5000,31,0,15,46,14,50,13,86,12,455,11,0,10,525,9,0,8,95,7,0,6,582,5,775,6196,2614
1773713191,21,15,21,43,22,66,23,101,24,201,25,1,26,0,27,0,28,500,29,274,30,5000,31,0,15,46,14,50,13,86,12,455,11,0,10,525,9,0,8,95,7,0,6,582,5,775,6186,2614
1773713192,21,15,21,53,22,66,23,101,24,201,25,1,26,0,27,0,28,500,29,274,30,5000,31,0,15,46,14,100,13,236,12,755,11,0,10,25,9,324,8,0,7,0,6,582,5,775,6196,2843
1773713193,21,15,21,43,22,66,23,101,24,201,25,1,26,0,27,0,28,500,29,274,30,5000,31,0,15,46,14,100,13,236,12,755,11,0,10,25,9,324,8,0,7,0,6,582,5,775,6186,2843
1773713194,21,15,21,43,22,66,23,101,24,201,25,1,26,0,27,0,28,500,29,274,30,5000,31,0,15,46,14,100,13,236,12,755,11,0,10,25,9,321,8,0,7,0,6,582,5,775,6186,2840
1773713195,21,15,21,43,22,66,23,101,24,201,25,1,26,0,27,0,28,500,29,274,30,5000,31,0,15,46,14,100,13,236,12,755,11,0,10,25,9,310,8,0,7,0,6,582,5,775,6186,2829
1773713196,21,15,21,53,22,66,23,101,24,201,25,1,26,0,27,0,28,500,29,274,30,5000,31,0,15,46,14,100,13,236,12,755,11,0,10,25,9,310,8,0,7,0,6,582,5,775,6196,2829
1773713197,21,15,21,53,22,24,23,101,24,201,25,1,26,0,27,0,28,500,29,274,30,5000,31,0,15,46,14,100,13,236,12,755,11,0,10,25,9,310,8,0,7,0,6,582,5,775,6154,2829
1773713198,21,15,21,15,22,34,23,101,24,201,25,1,26,0,27,0,28,500,29,274,30,5000,31,0,15,46,14,100,13,236,12,755,11,0,10,25,9,310,8,0,7,0,6,582,5,775,6126,2829
1773713199,21,15,21,15,22,34,23,101,24,201,25,1,26,0,27,0,28,500,29,274,30,5000,31,0,15,46,14,100,13,236,12,755,11,0,10,25,9,310,8,0,7,0,6,582,5,775,6126,2829
1773713200,22,15,22,49,23,101,24,201,25,1,26,0,27,0,28,500,29,274,30,5000,31,0,32,265,15,51,14,100,13,236,12,755,11,0,10,25,9,310,8,0,7,0,6,582,5,775,6391,2834
1773713201,22,15,22,49,23,101,24,201,25,1,26,0,27,0,28,500,29,274,30,5000,31,0,32,265,15,51,14,100,13,236,12,755,11,0,10,25,9,310,8,0,7,0,6,582,5,775,6391,2834
1773713202,22,15,22,49,23,101,24,201,25,1,26,0,27,0,28,500,29,274,30,5000,31,0,32,265,15,51,14,100,13,236,12,755,11,0,10,25,9,310,8,0,7,0,6,582,5,775,6391,2834
1773713203,22,15,22,49,23,101,24,201,25,1,26,0,27,0,28,500,29,274,30,5000,31,0,32,265,15,51,14,100,13,236,12,755,11,0,10,25,9,310,8,0,7,0,6,582,5,775,6391,2834
1773713204,22,15,22,49,23,101,24,201,25,1,26,0,27,0,28,500,29,274,30,5000,31,0,32,265,15,51,14,100,13,236,12,755,11,0,10,25,9,310,8,0,7,0,6,582,5,775,6391,2834
1773713205,22,15,22,49,23,101,24,201,25,1,26,0,27,0,28,500,29,274,30,5000,31,0,32,265,15,51,14,100,13,236,12,755,11,0,10,25,9,310,8,0,7,0,6,582,5,775,6391,2834
1773713206,22,15,22,49,23,101,24,201,25,1,26,0,27,0,28,500,29,274,30,5000,31,0,32,265,15,51,14,100,13,236,12,755,11,0,10,25,9,310,8,0,7,0,6,582,5,775,6391,2834
1773713207,22,15,22,49,23,101,24,201,25,1,26,0,27,0,28,500,29,274,30,5000,31,0,32,265,15,51,14,100,13,236,12,755,11,0,10,25,9,310,8,0,7,0,6,582,5,775,6391,2834
1773713208,22,15,22,49,23,101,24,201,25,1,26,0,27,0,28,500,29,274,30,5000,31,0,32,265,15,51,14,100,13,236,12,755,11,0,10,25,9,310,8,0,7,0,6,582,5,775,6391,2834
1773713209,22,15,22,49,23,101,24,201,25,1,26,0,27,0,28,500,29,274,30,5000,31,0,32,265,15,51,14,100,13,236,12,755,11,0,10,25,9,310,8,0,7,0,6,582,5,775,6391,2834
1773713210,22,21,22,15,23,111,24,201,25,1,26,0,27,206,28,500,29,35,30,5000,31,0,32,265,21,29,20,0,19,0,18,50,17,127,16,0,15,215,14,50,13,536,12,0,11,0,6334,1007
1773713211,22,16,22,25,23,101,24,201,25,1,26,0,27,706,28,0,29,35,30,5000,31,0,32,265,16,50,15,15,14,505,13,36,12,0,11,500,10,25,9,345,8,0,7,0,6,582,6334,2058
1773713212,22,15,22,48,23,101,24,201,25,1,26,0,27,706,28,0,29,35,30,5000,31,0,32,265,15,70,14,505,13,36,12,0,11,500,10,25,9,345,8,500,7,0,6,582,5,775,6357,3338
1773713213,22,15,22,48,23,101,24,201,25,1,26,0,27,706,28,0,29,35,30,5000,31,0,32,765,15,82,14,505,13,36,12,0,11,500,10,25,9,333,8,500,7,0,6,582,5,775,6857,3338
1773713214,21,15,21,10,22,62,23,101,24,201,25,1,26,0,27,706,28,0,29,35,30,5000,31,0,15,94,14,505,13,36,12,0,11,500,10,25,9,361,8,960,7,0,6,582,5,775,6116,3838
1773713215,21,16,21,45,22,62,23,101,24,201,25,1,26,0,27,706,28,0,29,67,30,5000,31,0,16,50,15,100,14,505,13,36,12,0,11,500,10,25,9,376,8,960,7,0,6,582,6183,3134
1773713216,21,16,21,45,22,62,23,101,24,201,25,1,26,0,27,706,28,0,29,67,30,5000,31,0,16,31,15,50,14,505,13,36,12,0,11,500,10,25,9,376,8,960,7,0,6,582,6183,3065
1773713217,21,16,21,45,22,62,23,101,24,201,25,1,26,0,27,706,28,0,29,67,30,5000,31,0,16,31,15,50,14,505,13,36,12,0,11,500,10,25,9,376,8,960,7,0,6,582,6183,3065
1773713218,21,16,21,45,22,62,23,101,24,201,25,1,26,0,27,706,28,0,29,67,30,5000,31,0,16,31,15,50,14,505,13,36,12,0,11,500,10,25,9,376,8,960,7,0,6,582,6183,3065
1773713219,21,16,21,20,22,48,23,101,24,201,25,1,26,0,27,706,28,0,29,51,30,5000,31,0,16,31,15,50,14,505,13,36,12,0,11,500,10,25,9,376,8,960,7,0,6,582,6128,3065
1773713220,21,16,21,20,22,48,23,101,24,201,25,1,26,0,27,706,28,0,29,51,30,0,31,0,16,31,15,50,14,505,13,36,12,0,11,500,10,25,9,376,8,960,7,0,6,582,1128,3065
1773713221,21,16,21,20,22,48,23,101,24,201,25,1,26,0,27,706,28,0,29,51,30,0,31,0,16,31,15,50,14,505,13,36,12,0,11,500,10,25,9,376,8,960,7,0,6,582,1128,3065
1773713222,21,16,21,28,22,48,23,101,24,201,25,1,26,0,27,706,28,0,29,51,30,0,31,0,16,31,15,50,14,505,13,36,12,0,11,500,10,25,9,376,8,960,7,0,6,582,1136,3065
1773713223,21,16,21,28,22,48,23,101,24,201,25,1,26,0,27,706,28,0,29,51,30,0,31,0,16,31,15,50,14,505,13,36,12,0,11,500,10,25,9,376,8,960,7,0,6,582,1136,3065
1773713224,21,16,21,28,22,48,23,101,24,201,25,1,26,0,27,706,28,0,29,51,30,0,31,0,16,31,15,50,14,505,13,36,12,0,11,500,10,25,9,376,8,960,7,0,6,582,1136,3065
1773713225,21,16,21,28,22,48,23,101,24,201,25,1,26,0,27,706,28,0,29,51,30,0,31,0,16,31,15,50,14,505,13,36,12,0,11,500,10,25,9,376,8,960,7,0,6,582,1136,3065
1773713226,21,16,21,28,22,48,23,101,24,201,25,1,26,0,27,706,28,0,29,51,30,0,31,0,16,31,15,50,14,505,13,36,12,0,11,500,10,25,9,376,8,960,7,0,6,582,1136,3065
1773713227,21,16,21,28,22,48,23,101,24,201,25,1,26,0,27,706,28,0,29,51,30,0,31,0,16,31,15,50,14,505,13,36,12,0,11,500,10,25,9,376,8,960,7,0,6,582,1136,3065
1773713228,21,16,21,28,22,48,23,101,24,201,25,1,26,0,27,706,28,0,29,51,30,0,31,0,16,31,15,50,14,505,13,36,12,0,11,500,10,25,9,376,8,960,7,0,6,582,1136,3065
1773713229,21,16,21,28,22,48,23,101,24,201,25,1,26,0,27,706,28,0,29,51,30,0,31,0,16,31,15,50,14,505,13,36,12,0,11,500,10,25,9,393,8,960,7,0,6,582,1136,3082
1773713230,21,16,21,28,22,48,23,101,24,201,25,1,26,0,27,706,28,0,29,51,30,0,31,0,16,31,15,50,14,505,13,36,12,0,11,500,10,25,9,393,8,960,7,0,6,582,1136,3082
1773713231,21,16,21,28,22,48,23,101,24,201,25,1,26,0,27,706,28,0,29,51,30,0,31,0,16,31,15,50,14,505,13,36,12,0,11,500,10,25,9,393,8,960,7,0,6,582,1136,3082
1773713232,21,16,21,28,22,48,23,101,24,201,25,1,26,0,27,706,28,0,29,51,30,0,31,0,16,31,15,50,14,505,13,36,12,0,11,500,10,25,9,393,8,960,7,0,6,582,1136,3082
1773713233,21,16,21,28,22,48,23,101,24,201,25,1,26,0,27,706,28,0,29,51,30,0,31,0,16,31,15,50,14,505,13,36,12,0,11,500,10,25,9,393,8,960,7,0,6,582,1136,3082
1773713234,21,16,21,28,22,48,23,101,24,201,25,1,26,0,27,706,28,0,29,51,30,0,31,0,16,31,15,50,14,505,13,36,12,0,11,500,10,25,9,393,8,960,7,0,6,582,1136,3082
1773713235,21,16,21,28,22,48,23,101,24,201,25,1,26,0,27,706,28,0,29,51,30,0,31,0,16,91,15,50,14,505,13,36,12,0,11,500,10,25,9,376,8,960,7,0,6,582,1136,3125
1773713236,21,17,21,28,22,48,23,101,24,201,25,1,26,0,27,706,28,0,29,51,30,0,31,0,17,15,16,31,15,50,14,505,13,36,12,0,11,500,10,25,9,361,8,960,7,0,1136,2483
1773713237,21,17,21,28,22,48,23,101,24,201,25,1,26,0,27,706,28,0,29,51,30,0,31,0,17,15,16,31,15,50,14,505,13,36,12,0,11,500,10,25,9,361,8,960,7,0,1136,2483
1773713238,21,17,21,28,22,48,23,101,24,201,25,1,26,0,27,706,28,0,29,51,30,0,31,0,17,15,16,31,15,50,14,455,13,36,12,0,11,500,10,25,9,361,8,960,7,0,1136,2433
1773713239,21,17,21,28,22,48,23,101,24,201,25,1,26,0,27,706,28,0,29,51,30,0,31,0,17,15,16,31,15,50,14,455,13,36,12,0,11,500,10,25,9,378,8,960,7,0,1136,2450
1773713240,21,17,21,28,22,48,23,101,24,201,25,1,26,0,27,706,28,0,29,51,30,0,31,0,17,15,16,31,15,50,14,455,13,36,12,0,11,500,10,25,9,378,8,960,7,0,1136,2450
1773713241,21,16,21,28,22,48,23,101,24,201,25,1,26,0,27,706,28,0,29,51,30,0,31,0,16,31,15,50,14,455,13,36,12,0,11,500,10,25,9,376,8,960,7,0,6,582,1136,3015
1773713242,21,16,21,28,22,48,23,101,24,201,25,1,26,0,27,706,28,0,29,51,30,0,31,0,16,31,15,50,14,455,13,36,12,0,11,500,10,25,9,376,8,960,7,0,6,582,1136,3015
1773713243,21,16,21,28,22,48,23,101,24,201,25,1,26,0,27,706,28,0,29,51,30,0,31,0,16,31,15,50,14,455,13,36,12,0,11,500,10,25,9,376,8,960,7,0,6,582,1136,3015
1773713244,21,16,21,28,22,48,23,101,24,201,25,1,26,0,27,706,28,0,29,51,30,0,31,0,16,31,15,50,14,455,13,36,12,0,11,500,10,281,9,15,8,460,7,0,6,582,1136,2410
1773713245,21,16,21,28,22,48,23,101,24,201,25,1,26,0,27,706,28,0,29,28,30,0,31,0,16,31,15,50,14,455,13,36,12,0,11,500,10,281,9,15,8,460,7,0,6,582,1113,2410
1773713246,21,16,21,28,22,48,23,101,24,201,25,1,26,0,27,706,28,0,29,28,30,0,31,0,16,31,15,50,14,455,13,36,12,0,11,515,10,281,9,0,8,460,7,0,6,582,1113,2410
1773713247,21,16,21,28,22,48,23,101,24,201,25,1,26,0,27,706,28,0,29,28,30,0,31,0,16,31,15,50,14,455,13,36,12,0,11,515,10,281,9,0,8,460,7,0,6,582,1113,2410
1773713248,21,16,21,28,22,48,23,101,24,201,25,1,26,0,27,706,28,0,29,28,30,0,31,0,16,31,15,50,14,455,13,36,12,0,11,515,10,281,9,0,8,460,7,0,6,582,1113,2410
1773713249,21,16,21,28,22,48,23,101,24,201,25,1,26,0,27,706,28,0,29,28,30,0,31,0,16,31,15,50,14,455,13,36,12,0,11,515,10,263,9,0,8,460,7,0,6,582,1113,2392
1773713250,21,16,21,28,22,48,23,101,24,201,25,1,26,0,27,706,28,0,29,28,30,0,31,0,16,31,15,50,14,455,13,36,12,0,11,515,10,263,9,0,8,460,7,0,6,582,1113,2392
1773713251,21,17,21,28,22,48,23,101,24,201,25,1,26,0,27,706,28,0,29,28,30,0,31,0,17,15,16,31,15,50,14,455,13,36,12,0,11,500,10,263,9,0,8,460,7,0,1113,1810
1773713252,21,17,21,28,22,48,23,101,24,201,25,1,26,0,27,706,28,0,29,28,30,0,31,0,17,15,16,31,15,50,14,455,13,36,12,0,11,500,10,263,9,0,8,460,7,0,1113,1810
1773713253,21,17,21,28,22,48,23,101,24,201,25,1,26,0,27,706,28,0,29,28,30,0,31,0,17,15,16,31,15,50,14,455,13,36,12,0,11,500,10,263,9,0,8,460,7,0,1113,1810
1773713254,21,17,21,28,22,48,23,101,24,201,25,1,26,0,27,706,28,0,29,28,30,0,31,0,17,15,16,31,15,50,14,455,13,36,12,0,11,500,10,263,9,0,8,460,7,0,1113,1810
1773713255,21,17,21,28,22,48,23,101,24,201,25,1,26,0,27,706,28,0,29,28,30,0,31,0,17,15,16,31,15,50,14,455,13,36,12,0,11,500,10,263,9,0,8,460,7,0,1113,1810
1773713256,21,16,21,28,22,48,23,101,24,201,25,1,26,0,27,706,28,0,29,28,30,0,31,0,16,31,15,50,14,455,13,36,12,500,11,15,10,263,9,0,8,460,7,0,6,582,1113,2392
1773713257,21,16,21,28,22,48,23,101,24,201,25,1,26,0,27,706,28,0,29,28,30,0,31,0,16,31,15,50,14,455,13,36,12,500,11,15,10,263,9,0,8,460,7,0,6,582,1113,2392
1773713258,21,16,21,28,22,48,23,101,24,201,25,1,26,0,27,706,28,0,29,23,30,0,31,0,16,31,15,50,14,455,13,36,12,500,11,15,10,232,9,0,8,460,7,0,6,582,1108,2361
1773713259,21,16,21,28,22,48,23,101,24,201,25,1,26,0,27,706,28,0,29,23,30,0,31,0,16,31,15,50,14,255,13,236,12,0,11,15,10,565,9,0,8,460,7,0,6,582,1108,2194
1773713260,21,16,21,28,22,48,23,101,24,201,25,1,26,0,27,706,28,0,29,23,30,0,31,0,16,31,15,50,14,255,13,236,12,0,11,15,10,565,9,0,8,460,7,0,6,582,1108,2194
1773713261,21,16,21,28,22,48,23,101,24,201,25,1,26,0,27,706,28,0,29,23,30,0,31,0,16,31,15,50,14,255,13,236,12,0,11,15,10,565,9,0,8,460,7,0,6,582,1108,2194
1773713262,21,16,21,28,22,48,23,101,24,201,25,1,26,0,27,706,28,0,29,23,30,0,31,0,16,31,15,50,14,255,13,236,12,0,11,15,10,565,9,0,8,460,7,0,6,582,1108,2194
1773713263,21,16,21,28,22,48,23,101,24,201,25,1,26,0,27,706,28,0,29,23,30,0,31,0,16,31,15,50,14,255,13,236,12,0,11,15,10,565,9,0,8,460,7,0,6,582,1108,2194
1773713264,21,16,21,28,22,48,23,101,24,201,25,1,26,0,27,0,28,500,29,23,30,0,31,0,16,31,15,50,14,255,13,236,12,0,11,515,10,65,9,0,8,0,7,0,6,582,902,1734
1773713265,20,15,20,16,21,52,22,65,23,101,24,201,25,1,26,518,27,0,28,500,29,42,30,0,15,52,14,0,13,24,12,50,11,215,10,89,9,0,8,0,7,786,6,0,5,6,1496,1222
1773713266,20,15,20,16,21,52,22,65,23,10,24,201,25,1,26,518,27,0,28,500,29,42,30,0,15,52,14,0,13,24,12,0,11,65,10,261,9,0,8,0,7,786,6,0,5,6,1405,1194
1773713267,21,16,21,16,22,57,23,60,24,201,25,1,26,518,27,0,28,500,29,42,30,0,31,0,16,15,15,52,14,0,13,24,12,0,11,50,10,261,9,0,8,0,7,786,6,0,1395,1188
1773713268,21,16,21,26,22,103,23,60,24,201,25,1,26,518,27,0,28,500,29,70,30,0,31,0,16,15,15,52,14,0,13,24,12,0,11,50,10,261,9,0,8,0,7,786,6,0,1479,1188
1773713269,21,16,21,258,22,61,23,60,24,201,25,62,26,518,27,0,28,0,29,210,30,0,31,0,16,15,15,0,14,0,13,24,12,25,11,0,10,225,9,50,8,0,7,286,6,559,1370,1184
1773713270,21,16,21,258,22,61,23,60,24,201,25,62,26,518,27,0,28,0,29,193,30,0,31,0,16,15,15,0,14,0,13,24,12,25,11,0,10,225,9,50,8,0,7,286,6,553,1353,1178
1773713271,21,16,21,258,22,61,23,121,24,201,25,1,26,518,27,0,28,0,29,193,30,0,31,0,16,15,15,0,14,0,13,24,12,25,11,0,10,225,9,50,8,0,7,286,6,553,1353,1178
1773713272,21,16,21,301,22,61,23,60,24,201,25,1,26,518,27,0,28,0,29,193,30,0,31,0,16,15,15,0,14,0,13,24,12,25,11,0,10,225,9,50,8,0,7,286,6,553,1335,1178
1773713273,20,16,20,15,21,301,22,46,23,60,24,201,25,1,26,518,27,0,28,0,29,193,30,0,16,15,15,0,14,0,13,24,12,25,11,0,10,225,9,50,8,0,7,286,6,553,1335,1178
1773713274,20,16,20,15,21,301,22,46,23,60,24,201,25,1,26,518,27,0,28,0,29,193,30,0,16,15,15,0,14,0,13,24,12,25,11,0,10,225,9,50,8,0,7,286,6,553,1335,1178
1773713275,20,16,20,15,21,301,22,46,23,60,24,201,25,1,26,518,27,0,28,0,29,193,30,0,16,15,15,0,14,0,13,24,12,25,11,0,10,225,9,50,8,0,7,286,6,553,1335,1178
1773713276,19,11,19,10,20,126,21,258,22,46,23,10,24,719,25,1,26,0,27,0,28,0,29,213,11,70,10,49,9,0,8,250,7,49,6,500,5,6,4,553,3,1658,2,484,1,1300,1383,4919
1773713277,19,11,19,10,20,65,21,258,22,46,23,10,24,719,25,1,26,0,27,0,28,61,29,213,11,70,10,99,9,0,8,200,7,49,6,500,5,6,4,553,3,1658,2,484,1,1300,1383,4919
1773713278,20,11,20,47,21,239,22,46,23,73,24,201,25,1,26,518,27,0,28,0,29,211,30,0,11,70,10,99,9,0,8,200,7,49,6,500,5,6,4,553,3,1658,2,484,1,1300,1336,4919
1773713279,19,11,19,46,20,47,21,239,22,0,23,73,24,201,25,1,26,518,27,0,28,0,29,211,11,70,10,49,9,250,8,0,7,56,6,500,5,6,4,553,3,1658,2,484,1,1300,1336,4926
1773713280,19,11,19,46,20,47,21,239,22,0,23,73,24,719,25,1,26,0,27,0,28,500,29,211,11,70,10,49,9,50,8,200,7,56,6,500,5,6,4,553,3,1658,2,484,1,1300,1836,4926
1773713281,18,11,18,10,19,46,20,50,21,300,22,0,23,63,24,519,25,1,26,0,27,0,28,0,11,70,10,49,9,300,8,0,7,56,6,500,5,6,4,553,3,1658,2,484,1,1300,989,4976
1773713282,19,11,19,56,20,50,21,300,22,0,23,200,24,519,25,1,26,0,27,0,28,52,29,0,11,70,10,49,9,300,8,0,7,56,6,500,5,6,4,553,3,1658,2,484,1,1300,1178,4976
1773713283,18,11,18,10,19,46,20,47,21,300,22,0,23,0,24,519,25,1,26,0,27,41,28,0,11,70,10,149,9,200,8,0,7,56,6,500,5,6,4,553,3,1658,2,484,1,1300,964,4976
1773713284,18,11,18,25,19,46,20,50,21,300,22,0,23,200,24,518,25,1,26,0,27,0,28,178,11,70,10,149,9,200,8,0,7,56,6,500,5,6,4,553,3,1658,2,484,1,1300,1318,4976
1773713285,18,11,18,15,19,56,20,50,21,300,22,0,23,200,24,518,25,1,26,0,27,84,28,0,11,70,10,149,9,200,8,0,7,56,6,500,5,6,4,553,3,1658,2,484,1,1300,1224,4976
1773713286,18,11,18,25,19,46,20,50,21,300,22,0,23,200,24,518,25,1,26,0,27,17,28,0,11,70,10,149,9,200,8,0,7,56,6,500,5,6,4,553,3,1658,2,484,1,1300,1157,4976
1773713287,18,11,18,25,19,46,20,50,21,300,22,72,23,200,24,518,25,1,26,0,27,45,28,0,11,70,10,149,9,200,8,0,7,56,6,500,5,6,4,553,3,1658,2,484,1,1300,1257,4976
1773713288,18,11,18,15,19,56,20,50,21,300,22,72,23,200,24,518,25,1,26,0,27,17,28,0,11,70,10,149,9,200,8,0,7,56,6,500,5,6,4,553,3,1658,2,484,1,1300,1229,4976
1773713289,18,11,18,25,19,46,20,50,21,300,22,72,23,200,24,518,25,1,26,0,27,45,28,0,11,70,10,149,9,200,8,0,7,56,6,500,5,6,4,553,3,1658,2,484,1,1300,1257,4976
1773713290,18,11,18,15,19,56,20,50,21,300,22,72,23,200,24,518,25,1,26,0,27,52,28,0,11,70,10,149,9,200,8,0,7,56,6,500,5,6,4,553,3,1658,2,484,1,1300,1264,4976
1773713291,18,11,18,15,19,56,20,50,21,300,22,72,23,200,24,518,25,1,26,0,27,52,28,0,11,70,10,149,9,200,8,0,7,56,6,500,5,6,4,553,3,1658,2,484,1,1300,1264,4976
1773713292,18,11,18,25,19,46,20,50,21,300,22,0,23,200,24,518,25,1,26,45,27,0,28,0,11,70,10,54,9,100,8,200,7,56,6,500,5,6,4,553,3,1658,2,484,1,1300,1185,4981
1773713293,18,11,18,15,19,56,20,50,21,300,22,200,23,72,24,518,25,1,26,0,27,80,28,0,11,70,10,54,9,300,8,0,7,56,6,500,5,6,4,0,3,1286,2,105,1,1926,1292,4303
1773713294,18,12,18,25,19,46,20,50,21,300,22,0,23,272,24,518,25,1,26,0,27,17,28,0,12,15,11,0,10,154,9,0,8,200,7,56,6,500,5,6,4,0,3,1286,2,105,1229,2322
1773713295,18,16,18,371,19,0,20,0,21,50,22,517,23,0,24,1,25,16,26,185,27,0,28,0,16,15,15,0,14,18,13,36,12,15,11,0,10,149,9,0,8,200,7,56,6,785,1140,1274
1773713296,18,16,18,371,19,0,20,0,21,50,22,517,23,0,24,1,25,88,26,185,27,0,28,0,16,15,15,0,14,0,13,0,12,15,11,50,10,49,9,300,8,0,7,0,6,827,1212,1256
1773713297,18,16,18,371,19,0,20,0,21,50,22,517,23,0,24,1,25,88,26,185,27,0,28,0,16,15,15,0,14,0,13,0,12,15,11,50,10,149,9,200,8,0,7,0,6,820,1212,1249
1773713298,18,16,18,371,19,0,20,0,21,122,22,517,23,0,24,1,25,16,26,185,27,0,28,0,16,15,15,0,14,0,13,0,12,15,11,50,10,49,9,200,8,100,7,0,6,820,1212,1249
1773713299,18,16,18,371,19,0,20,0,21,122,22,517,23,0,24,1,25,16,26,185,27,0,28,0,16,15,15,0,14,0,13,0,12,15,11,50,10,49,9,200,8,100,7,0,6,820,1212,1249
1773713300,18,16,18,371,19,0,20,15,21,122,22,517,23,0,24,1,25,1,26,185,27,0,28,0,16,15,15,0,14,0,13,0,12,15,11,50,10,49,9,200,8,100,7,0,6,820,1212,1249
1773713301,18,16,18,371,19,0,20,15,21,122,22,517,23,0,24,1,25,1,26,185,27,0,28,0,16,15,15,0,14,0,13,0,12,15,11,50,10,149,9,0,8,0,7,200,6,820,1212,1249
1773713302,18,16,18,371,19,0,20,15,21,122,22,517,23,0,24,1,25,1,26,185,27,0,28,0,16,15,15,0,14,0,13,0,12,15,11,50,10,149,9,0,8,0,7,200,6,820,1212,1249
1773713303,18,16,18,371,19,0,20,15,21,122,22,517,23,0,24,1,25,1,26,185,27,0,28,0,16,15,15,0,14,0,13,0,12,15,11,50,10,149,9,0,8,0,7,200,6,820,1212,1249
1773713304,18,16,18,371,19,0,20,15,21,122,22,517,23,0,24,1,25,1,26,185,27,0,28,0,16,15,15,0,14,0,13,0,12,15,11,50,10,49,9,200,8,100,7,0,6,820,1212,1249
1773713305,18,16,18,371,19,0,20,15,21,119,22,517,23,0,24,1,25,1,26,185,27,0,28,0,16,15,15,0,14,0,13,0,12,0,11,50,10,99,9,0,8,0,7,200,6,827,1209,1191
1773713306,18,12,18,371,19,0,20,15,21,119,22,517,23,0,24,1,25,1,26,185,27,0,28,0,12,15,11,48,10,99,9,0,8,0,7,200,6,542,5,6,4,285,3,1000,2,105,1209,2300
1773713307,17,11,17,57,18,361,19,0,20,48,21,239,22,517,23,0,24,1,25,1,26,185,27,0,11,90,10,49,9,200,8,50,7,0,6,542,5,6,4,285,3,1000,2,105,1,1926,1409,4253
1773713308,17,11,17,57,18,361,19,0,20,87,21,200,22,517,23,0,24,1,25,51,26,0,27,0,11,90,10,49,9,200,8,50,7,0,6,567,5,6,4,285,3,1000,2,105,1,1926,1274,4278
1773713309,16,11,16,10,17,47,18,361,19,0,20,87,21,200,22,517,23,0,24,1,25,51,26,0,11,90,10,49,9,200,8,50,7,0,6,567,5,6,4,285,3,1000,2,105,1,1926,1274,4278
1773713310,17,11,17,57,18,361,19,0,20,87,21,200,22,517,23,0,24,1,25,40,26,0,27,0,11,90,10,99,9,200,8,0,7,0,6,567,5,6,4,285,3,1000,2,105,1,1926,1263,4278
1773713311,16,11,16,10,17,47,18,361,19,0,20,87,21,200,22,517,23,0,24,1,25,40,26,0,11,90,10,49,9,200,8,50,7,0,6,567,5,6,4,285,3,1651,2,745,1,1926,1263,5569
1773713312,17,11,17,57,18,361,19,0,20,87,21,200,22,517,23,0,24,1,25,40,26,0,27,0,11,90,10,99,9,200,8,0,7,0,6,567,5,6,4,285,3,1651,2,745,1,1926,1263,5569
1773713313,17,11,17,57,18,361,19,0,20,87,21,200,22,517,23,0,24,1,25,40,26,0,27,0,11,90,10,99,9,200,8,0,7,0,6,567,5,6,4,285,3,1651,2,745,1,1926,1263,5569
1773713314,16,11,16,10,17,47,18,361,19,0,20,87,21,200,22,517,23,0,24,1,25,40,26,0,11,90,10,99,9,200,8,0,7,0,6,567,5,6,4,285,3,1651,2,745,1,1926,1263,5569
1773713315,17,11,17,57,18,358,19,0,20,87,21,200,22,517,23,0,24,1,25,40,26,0,27,0,11,90,10,99,9,200,8,0,7,0,6,567,5,6,4,285,3,1651,2,745,1,1926,1260,5569
1773713316,16,11,16,10,17,47,18,358,19,0,20,87,21,200,22,517,23,0,24,1,25,40,26,0,11,95,10,49,9,0,8,50,7,200,6,567,5,6,4,285,3,1651,2,745,1,1300,1260,4948
1773713317,17,11,17,57,18,358,19,0,20,87,21,200,22,517,23,0,24,1,25,40,26,0,27,0,11,95,10,49,9,0,8,50,7,200,6,567,5,6,4,285,3,1651,2,745,1,1300,1260,4948
1773713318,17,11,17,57,18,358,19,0,20,87,21,200,22,517,23,0,24,1,25,40,26,0,27,0,11,95,10,49,9,0,8,50,7,200,6,567,5,6,4,285,3,1651,2,745,1,1300,1260,4948
1773713319,16,11,16,10,17,47,18,358,19,0,20,87,21,200,22,517,23,0,24,1,25,40,26,0,11,95,10,49,9,0,8,50,7,200,6,567,5,6,4,285,3,1651,2,745,1,1300,1260,4948
1773713320,17,11,17,57,18,358,19,0,20,87,21,200,22,517,23,0,24,1,25,40,26,0,27,0,11,95,10,49,9,0,8,50,7,200,6,567,5,6,4,285,3,1651,2,745,1,1300,1260,4948
1773713321,16,11,16,10,17,47,18,358,19,0,20,87,21,200,22,517,23,0,24,1,25,40,26,0,11,95,10,49,9,0,8,50,7,200,6,567,5,6,4,285,3,1651,2,745,1,1300,1260,4948
1773713322,17,11,17,57,18,358,19,0,20,87,21,200,22,517,23,0,24,1,25,40,26,0,27,0,11,95,10,49,9,0,8,50,7,200,6,567,5,6,4,285,3,1651,2,745,1,1300,1260,4948
1773713323,17,11,17,57,18,358,19,0,20,87,21,200,22,517,23,0,24,1,25,40,26,0,27,0,11,95,10,49,9,0,8,50,7,200,6,567,5,6,4,285,3,1651,2,745,1,1300,1260,4948
1773713324,16,11,16,10,17,47,18,358,19,0,20,87,21,200,22,517,23,0,24,1,25,40,26,0,11,95,10,49,9,0,8,50,7,200,6,567,5,6,4,285,3,1651,2,745,1,1300,1260,4948
1773713325,17,11,17,57,18,358,19,0,20,87,21,200,22,517,23,0,24,1,25,40,26,0,27,0,11,95,10,49,9,0,8,50,7,200,6,567,5,6,4,285,3,1651,2,745,1,1300,1260,4948
1773713326,17,11,17,57,18,358,19,0,20,87,21,200,22,517,23,0,24,1,25,40,26,0,27,0,11,90,10,49,9,200,8,50,7,0,6,567,5,6,4,285,3,1651,2,745,1,1300,1260,4943
1773713327,16,11,16,10,17,47,18,358,19,0,20,87,21,200,22,517,23,0,24,1,25,40,26,0,11,90,10,99,9,200,8,0,7,0,6,567,5,6,4,285,3,1651,2,745,1,1300,1260,4943
1773713328,16,11,16,10,17,47,18,358,19,0,20,87,21,200,22,517,23,0,24,1,25,40,26,0,11,90,10,49,9,200,8,50,7,0,6,567,5,6,4,285,3,1651,2,745,1,1300,1260,4943
1773713329,17,11,17,57,18,358,19,0,20,87,21,200,22,517,23,0,24,1,25,40,26,0,27,0,11,90,10,49,9,200,8,50,7,0,6,567,5,6,4,285,3,1651,2,745,1,1300,1260,4943
1773713330,16,11,16,10,17,47,18,358,19,0,20,87,21,200,22,517,23,0,24,1,25,40,26,0,11,90,10,49,9,200,8,50,7,0,6,567,5,6,4,285,3,1651,2,745,1,1300,1260,4943
1773713331,17,11,17,57,18,358,19,0,20,87,21,200,22,517,23,0,24,1,25,40,26,0,27,0,11,90,10,49,9,200,8,50,7,0,6,567,5,6,4,285,3,1651,2,745,1,1300,1260,4943
1773713332,17,11,17,33,18,358,19,0,20,87,21,200,22,517,23,0,24,1,25,24,26,0,27,0,11,89,10,49,9,200,8,50,7,0,6,567,5,6,4,285,3,1000,2,745,1,1300,1220,4291
1773713333,17,11,17,33,18,358,19,0,20,87,21,200,22,517,23,0,24,1,25,24,26,0,27,0,11,89,10,49,9,200,8,50,7,0,6,567,5,6,4,285,3,1000,2,105,1,1905,1220,4256
1773713334,17,11,17,33,18,358,19,0,20,87,21,200,22,517,23,0,24,1,25,24,26,0,27,0,11,82,10,49,9,200,8,50,7,0,6,562,5,6,4,285,3,1000,2,105,1,1905,1220,4244
1773713335,17,11,17,33,18,358,19,0,20,87,21,200,22,517,23,0,24,1,25,24,26,0,27,0,11,82,10,49,9,200,8,50,7,0,6,562,5,6,4,285,3,1000,2,105,1,1905,1220,4244
1773713336,17,11,17,33,18,358,19,0,20,87,21,200,22,517,23,0,24,1,25,24,26,0,27,0,11,82,10,49,9,200,8,50,7,0,6,562,5,6,4,285,3,1000,2,105,1,1905,1220,4244
1773713337,17,11,17,33,18,358,19,0,20,87,21,200,22,517,23,0,24,1,25,24,26,0,27,0,11,82,10,99,9,0,8,0,7,200,6,562,5,6,4,285,3,1000,2,105,1,1905,1220,4244
1773713338,17,11,17,33,18,358,19,0,20,87,21,0,22,517,23,0,24,1,25,22,26,0,27,0,11,82,10,49,9,200,8,50,7,0,6,562,5,6,4,285,3,1000,2,105,1,1905,1018,4244
1773713339,17,11,17,33,18,358,19,0,20,15,21,72,22,517,23,0,24,1,25,22,26,0,27,0,11,82,10,99,9,0,8,0,7,200,6,562,5,6,4,285,3,1000,2,105,1,1905,1018,4244
1773713340,17,11,17,33,18,358,19,0,20,15,21,72,22,517,23,0,24,1,25,22,26,0,27,0,11,82,10,49,9,200,8,50,7,0,6,562,5,6,4,285,3,1000,2,105,1,1905,1018,4244
1773713341,17,11,17,32,18,358,19,0,20,15,21,72,22,517,23,0,24,1,25,22,26,0,27,0,11,82,10,99,9,0,8,0,7,200,6,562,5,6,4,285,3,1000,2,105,1,1905,1017,4244
1773713342,17,11,17,32,18,358,19,0,20,15,21,72,22,517,23,0,24,1,25,22,26,0,27,0,11,82,10,99,9,0,8,0,7,200,6,562,5,6,4,285,3,1000,2,105,1,1905,1017,4244
1773713343,17,11,17,32,18,358,19,0,20,15,21,72,22,517,23,0,24,1,25,22,26,0,27,0,11,82,10,99,9,0,8,0,7,200,6,562,5,6,4,285,3,1000,2,105,1,1905,1017,4244
1773713344,17,11,17,56,18,358,19,0,20,15,21,72,22,517,23,0,24,1,25,22,26,0,27,0,11,82,10,99,9,200,8,0,7,0,6,562,5,6,4,285,3,1000,2,105,1,1905,1041,4244
1773713345,17,10,17,60,18,360,19,0,20,15,21,272,22,517,23,0,24,0,25,22,26,0,27,0,10,25,9,0,8,55,7,224,6,0,5,506,4,0,3,1000,2,342,1,1905,0,0,1246,4057
1773713346,16,10,16,10,17,50,18,360,19,0,20,87,21,200,22,517,23,0,24,0,25,41,26,0,10,25,9,0,8,55,7,224,6,0,5,506,4,45,3,1000,2,105,1,2189,0,0,1265,4149
1773713347,16,10,16,10,17,50,18,360,19,0,20,87,21,200,22,517,23,0,24,0,25,41,26,0,10,25,9,0,8,55,7,224,6,0,5,506,4,45,3,1000,2,105,1,2189,0,0,1265,4149
1773713348,16,11,16,10,17,102,18,358,19,0,20,287,21,0,22,517,23,0,24,0,25,76,26,0,11,10,10,25,9,105,8,250,7,24,6,0,5,506,4,60,3,1000,2,105,1,2189,1350,4274
1773713349,16,11,16,10,17,102,18,358,19,72,20,215,21,0,22,517,23,0,24,0,25,76,26,0,11,10,10,25,9,105,8,200,7,24,6,0,5,506,4,35,3,1000,2,722,1,2189,1350,4816
1773713350,16,10,16,10,17,24,18,358,19,272,20,15,21,0,22,517,23,0,24,0,25,87,26,0,10,25,9,105,8,200,7,24,6,0,5,506,4,35,3,1000,2,722,1,2189,0,0,1283,4806
1773713351,16,11,16,10,17,102,18,358,19,200,20,15,21,72,22,517,23,0,24,114,25,1,26,0,11,10,10,25,9,100,8,205,7,24,6,0,5,506,4,63,3,1000,2,722,1,2189,1389,4844
1773713352,16,11,16,56,17,102,18,312,19,0,20,215,21,72,22,517,23,0,24,86,25,1,26,0,11,10,10,25,9,100,8,205,7,24,6,0,5,506,4,63,3,1000,2,722,1,2189,1361,4844
1773713353,16,11,16,56,17,102,18,312,19,0,20,531,21,72,22,0,23,0,24,86,25,1,26,0,11,10,10,25,9,105,8,200,7,24,6,0,5,506,4,63,3,1000,2,722,1,2189,1160,4844
1773713354,15,11,15,10,16,46,17,102,18,312,19,0,20,531,21,0,22,0,23,60,24,86,25,1,11,10,10,25,9,105,8,200,7,24,6,0,5,506,4,55,3,1000,2,722,1,2189,1148,4836
1773713355,16,11,16,56,17,102,18,312,19,0,20,531,21,0,22,0,23,60,24,86,25,1,26,0,11,10,10,25,9,105,8,0,7,224,6,0,5,533,4,0,3,1000,2,722,1,2189,1148,4808
1773713356,16,10,16,56,17,102,18,312,19,72,20,531,21,0,22,0,23,0,24,75,25,1,26,0,10,25,9,0,8,105,7,224,6,0,5,506,4,97,3,1000,2,722,1,1584,0,0,1149,4263
1773713357,15,11,15,10,16,46,17,102,18,312,19,72,20,531,21,0,22,0,23,0,24,75,25,1,11,10,10,25,9,105,8,200,7,24,6,0,5,506,4,55,3,1000,2,722,1,2146,1149,4793
1773713358,16,11,16,56,17,102,18,312,19,72,20,531,21,0,22,0,23,0,24,75,25,1,26,0,11,10,10,25,9,105,8,200,7,24,6,0,5,506,4,55,3,1576,2,722,1,2146,1149,5369
1773713359,15,10,15,10,16,46,17,102,18,312,19,72,20,531,21,0,22,0,23,0,24,0,25,216,10,25,9,0,8,105,7,224,6,0,5,506,4,97,3,1576,2,722,1,2146,0,0,1289,5401
1773713360,16,10,16,56,17,102,18,312,19,72,20,531,21,0,22,0,23,0,24,0,25,216,26,0,10,25,9,0,8,105,7,224,6,0,5,506,4,62,3,1576,2,722,1,2146,0,0,1289,5366
1773713361,16,11,16,56,17,102,18,312,19,272,20,531,21,0,22,0,23,0,24,33,25,1,26,0,11,10,10,25,9,105,8,200,7,24,6,0,5,506,4,53,3,1576,2,722,1,2146,1307,5367
1773713362,15,10,15,10,16,46,17,102,18,312,19,272,20,531,21,0,22,0,23,0,24,75,25,1,10,25,9,105,8,0,7,224,6,0,5,506,4,88,3,1576,2,722,1,2146,0,0,1349,5392
1773713363,15,10,15,10,16,46,17,102,18,312,19,72,20,531,21,0,22,0,23,0,24,0,25,211,10,25,9,0,8,105,7,224,6,0,5,506,4,60,3,1576,2,722,1,2146,0,0,1284,5364
1773713364,16,11,16,56,17,102,18,312,19,272,20,531,21,0,22,0,23,5,24,0,25,1,26,0,11,10,10,25,9,100,8,205,7,24,6,0,5,506,4,53,3,1576,2,722,1,2146,1279,5367
1773713365,16,11,16,56,17,102,18,312,19,272,20,531,21,0,22,0,23,33,24,0,25,1,26,0,11,10,10,25,9,100,8,205,7,24,6,0,5,506,4,53,3,1576,2,722,1,2146,1307,5367
1773713366,15,10,15,10,16,46,17,102,18,312,19,72,20,531,21,0,22,0,23,0,24,0,25,216,10,25,9,0,8,105,7,224,6,0,5,506,4,95,3,1576,2,722,1,2146,0,0,1289,5399
1773713367,16,10,16,56,17,102,18,312,19,72,20,531,21,0,22,0,23,0,24,5,25,1,26,0,10,25,9,0,8,105,7,224,6,0,5,506,4,60,3,1576,2,722,1,2146,0,0,1079,5364
1773713368,15,11,15,10,16,46,17,102,18,312,19,272,20,531,21,0,22,0,23,33,24,0,25,1,11,10,10,25,9,0,8,305,7,24,6,0,5,506,4,53,3,1576,2,105,1,2146,1307,4750
1773713369,16,11,16,56,17,102,18,384,19,200,20,531,21,0,22,0,23,33,24,0,25,1,26,0,11,10,10,25,9,105,8,0,7,224,6,0,5,531,4,0,3,1576,2,105,1,2146,1307,4722
1773713370,16,10,16,56,17,102,18,384,19,0,20,531,21,0,22,0,23,0,24,75,25,1,26,0,10,25,9,5,8,100,7,224,6,0,5,506,4,95,3,1576,2,105,1,2146,0,0,1149,4782
1773713371,15,10,15,10,16,46,17,102,18,384,19,0,20,531,21,0,22,0,23,0,24,75,25,1,10,25,9,105,8,200,7,24,6,0,5,506,4,91,3,1576,2,105,1,2146,0,0,1149,4778
1773713372,16,11,16,56,17,102,18,384,19,200,20,531,21,0,22,0,23,0,24,103,25,1,26,0,11,10,10,25,9,105,8,200,7,24,6,0,5,506,4,49,3,1576,2,105,1,2146,1377,4746
1773713373,16,10,16,56,17,102,18,384,19,200,20,531,21,0,22,0,23,0,24,75,25,1,26,0,10,25,9,0,8,105,7,224,6,0,5,506,4,91,3,1576,2,634,1,2146,0,0,1349,5307
1773713374,15,10,15,10,16,46,17,102,18,384,19,200,20,531,21,0,22,0,23,0,24,0,25,244,10,25,9,0,8,105,7,224,6,0,5,506,4,91,3,1576,2,634,1,2146,0,0,1517,5307
1773713375,12,10,12,25,13,490,14,1,15,0,16,146,17,515,18,297,19,72,20,15,21,0,22,0,10,25,9,5,8,100,7,224,6,0,5,506,4,98,3,1000,2,634,1,2146,0,0,1561,4738
1773713376,12,10,12,25,13,491,14,0,15,0,16,146,17,515,18,297,19,208,20,15,21,0,22,0,10,25,9,5,8,0,7,124,6,200,5,6,4,500,3,1000,2,930,1,1300,0,0,1697,4090
1773713377,12,10,12,25,13,491,14,0,15,0,16,146,17,587,18,297,19,208,20,15,21,0,22,0,10,25,9,5,8,0,7,124,6,200,5,6,4,500,3,1000,2,934,1,1300,0,0,1769,4094
1773713378,12,10,12,25,13,491,14,0,15,0,16,146,17,587,18,297,19,208,20,15,21,0,22,0,10,25,9,5,8,0,7,124,6,200,5,6,4,500,3,1000,2,934,1,1300,0,0,1769,4094
1773713379,12,10,12,4,13,491,14,0,15,0,16,146,17,587,18,297,19,208,20,15,21,0,22,0,10,25,9,5,8,0,7,124,6,200,5,6,4,500,3,1000,2,934,1,1300,0,0,1748,4094
1773713380,12,10,12,4,13,491,14,0,15,0,16,100,17,587,18,297,19,208,20,15,21,0,22,0,10,25,9,0,8,0,7,129,6,200,5,6,4,500,3,1000,2,934,1,1300,0,0,1702,4094
1773713381,12,10,12,3,13,491,14,0,15,0,16,100,17,587,18,297,19,208,20,15,21,0,22,0,10,25,9,0,8,0,7,129,6,200,5,6,4,500,3,1000,2,934,1,1300,0,0,1701,4094
1773713382,12,10,12,3,13,491,14,0,15,0,16,100,17,587,18,297,19,208,20,15,21,0,22,0,10,25,9,0,8,0,7,129,6,200,5,6,4,500,3,1000,2,934,1,1300,0,0,1701,4094
1773713383,12,10,12,3,13,491,14,0,15,0,16,100,17,587,18,297,19,208,20,15,21,0,22,0,10,25,9,0,8,0,7,129,6,200,5,6,4,500,3,1000,2,934,1,1300,0,0,1701,4094
1773713384,12,10,12,18,13,491,14,0,15,0,16,100,17,587,18,297,19,208,20,0,21,0,22,0,10,25,9,0,8,0,7,129,6,200,5,6,4,500,3,1000,2,934,1,1300,0,0,1701,4094
1773713385,12,10,12,18,13,491,14,0,15,0,16,100,17,587,18,297,19,208,20,0,21,0,22,0,10,25,9,0,8,0,7,129,6,200,5,6,4,500,3,1000,2,934,1,1300,0,0,1701,4094
1773713386,12,10,12,18,13,491,14,0,15,0,16,50,17,587,18,297,19,208,20,0,21,0,22,0,10,25,9,0,8,0,7,79,6,200,5,6,4,500,3,1000,2,899,1,1300,0,0,1651,4009
1773713387,12,10,12,2,13,491,14,0,15,0,16,50,17,587,18,297,19,208,20,0,21,0,22,0,10,25,9,0,8,0,7,79,6,200,5,6,4,500,3,1000,2,899,1,1300,0,0,1635,4009
1773713388,12,10,12,12,13,491,14,0,15,0,16,50,17,587,18,297,19,208,20,0,21,0,22,0,10,25,9,0,8,0,7,79,6,200,5,6,4,500,3,1000,2,899,1,1300,0,0,1645,4009
1773713389,12,10,12,12,13,0,14,0,15,25,16,51,17,587,18,297,19,0,20,0,21,87,22,0,10,25,9,0,8,0,7,79,6,200,5,6,4,0,3,1000,2,746,1,1300,0,0,1059,3356
1773713390,12,10,12,2,13,0,14,0,15,35,16,51,17,515,18,297,19,0,20,30,21,36,22,0,10,25,9,0,8,55,7,224,6,0,5,506,4,0,3,1000,2,1401,1,1300,0,0,966,4511
1773713391,15,11,15,5,16,17,17,106,18,371,19,515,20,0,21,0,22,0,23,15,24,0,25,1,11,36,10,25,9,0,8,50,7,224,6,0,5,506,4,0,3,1000,2,1461,1,1583,1030,4885
1773713392,15,11,15,5,16,17,17,106,18,371,19,515,20,0,21,0,22,0,23,0,24,0,25,32,11,36,10,25,9,0,8,50,7,224,6,0,5,506,4,0,3,1000,2,1433,1,1583,1046,4857
1773713393,15,11,15,5,16,17,17,106,18,371,19,515,20,0,21,0,22,0,23,0,24,0,25,32,11,36,10,25,9,0,8,50,7,224,6,0,5,506,4,0,3,1000,2,1433,1,1583,1046,4857
1773713394,15,11,15,5,16,17,17,106,18,371,19,515,20,0,21,0,22,0,23,0,24,0,25,32,11,36,10,25,9,0,8,50,7,224,6,0,5,506,4,0,3,1000,2,1433,1,1583,1046,4857
1773713395,16,11,16,10,17,163,18,297,19,272,20,0,21,515,22,0,23,0,24,0,25,115,26,0,11,36,10,25,9,0,8,100,7,224,6,0,5,506,4,0,3,1862,2,105,1,2232,1372,5090
1773713396,16,11,16,25,17,163,18,297,19,0,20,272,21,515,22,0,23,0,24,16,25,1,26,0,11,36,10,25,9,100,8,0,7,224,6,15,5,506,4,73,3,1000,2,105,1,2232,1289,4316
1773713397,16,11,16,25,17,163,18,297,19,0,20,272,21,515,22,0,23,0,24,16,25,1,26,0,11,36,10,25,9,100,8,0,7,224,6,15,5,506,4,73,3,1000,2,105,1,2232,1289,4316
1773713398,16,11,16,25,17,163,18,297,19,0,20,272,21,515,22,0,23,0,24,16,25,1,26,0,11,36,10,25,9,100,8,0,7,224,6,15,5,506,4,73,3,1000,2,105,1,2232,1289,4316
1773713399,16,11,16,25,17,163,18,297,19,0,20,272,21,515,22,0,23,0,24,0,25,87,26,0,11,36,10,25,9,50,8,200,7,24,6,15,5,506,4,88,3,1000,2,105,1,2232,1359,4281
1773713400,16,11,16,18,17,156,18,297,19,0,20,272,21,515,22,0,23,0,24,0,25,80,26,0,11,36,10,25,9,50,8,0,7,224,6,15,5,506,4,88,3,1000,2,710,1,2232,1338,4886
1773713401,16,11,16,18,17,106,18,297,19,74,20,200,21,515,22,0,23,0,24,0,25,80,26,0,11,36,10,25,9,0,8,50,7,224,6,15,5,506,4,88,3,1000,2,710,1,2232,1290,4886
1773713402,16,11,16,18,17,106,18,297,19,74,20,200,21,515,22,0,23,0,24,0,25,80,26,0,11,36,10,25,9,0,8,50,7,224,6,15,5,506,4,78,3,1000,2,710,1,2232,1290,4876
1773713403,17,11,17,94,18,297,19,74,20,200,21,515,22,0,23,0,24,0,25,36,26,0,27,0,11,36,10,25,9,0,8,50,7,224,6,15,5,506,4,88,3,1000,2,710,1,2232,1216,4886
1773713404,16,11,16,10,17,94,18,297,19,74,20,200,21,515,22,0,23,0,24,0,25,36,26,0,11,36,10,25,9,0,8,50,7,224,6,15,5,506,4,95,3,1000,2,710,1,2232,1226,4893
1773713405,16,11,16,10,17,94,18,297,19,74,20,200,21,515,22,0,23,0,24,0,25,36,26,0,11,36,10,25,9,0,8,50,7,224,6,15,5,506,4,95,3,1000,2,710,1,2232,1226,4893
1773713406,16,11,16,10,17,106,18,297,19,74,20,200,21,515,22,0,23,0,24,0,25,45,26,0,11,36,10,25,9,0,8,100,7,224,6,15,5,506,4,95,3,1000,2,710,1,2232,1247,4943
1773713407,16,11,16,10,17,106,18,297,19,74,20,200,21,515,22,0,23,0,24,0,25,45,26,0,11,36,10,25,9,0,8,100,7,224,6,15,5,506,4,95,3,1000,2,710,1,2232,1247,4943
1773713408,16,12,16,10,17,106,18,297,19,74,20,200,21,515,22,0,23,0,24,0,25,45,26,0,12,15,11,36,10,25,9,100,8,200,7,24,6,0,5,506,4,95,3,1000,2,710,1247,2711
1773713409,16,12,16,10,17,106,18,297,19,74,20,200,21,515,22,0,23,0,24,0,25,36,26,0,12,15,11,36,10,25,9,100,8,200,7,24,6,0,5,506,4,165,3,1000,2,710,1238,2781
1773713410,16,12,16,10,17,106,18,297,19,74,20,200,21,515,22,0,23,0,24,0,25,45,26,0,12,15,11,41,10,25,9,100,8,200,7,24,6,0,5,506,4,134,3,1000,2,710,1247,2755
1773713411,16,12,16,10,17,106,18,297,19,74,20,200,21,515,22,0,23,0,24,0,25,45,26,0,12,15,11,41,10,25,9,100,8,200,7,24,6,0,5,506,4,134,3,1000,2,710,1247,2755
1773713412,16,12,16,10,17,106,18,297,19,74,20,200,21,515,22,0,23,0,24,0,25,45,26,0,12,15,11,41,10,25,9,100,8,200,7,24,6,0,5,506,4,134,3,1000,2,710,1247,2755
1773713413,16,11,16,25,17,106,18,297,19,74,20,200,21,515,22,0,23,0,24,0,25,45,26,0,11,41,10,25,9,100,8,200,7,24,6,15,5,506,4,134,3,1000,2,710,1,2232,1262,4987
1773713414,16,11,16,25,17,106,18,297,19,74,20,200,21,515,22,0,23,0,24,0,25,45,26,0,11,41,10,25,9,100,8,200,7,24,6,15,5,506,4,134,3,1000,2,710,1,2232,1262,4987
1773713415,16,11,16,10,17,101,18,297,19,74,20,200,21,515,22,0,23,0,24,0,25,45,26,0,11,41,10,25,9,100,8,200,7,24,6,15,5,506,4,134,3,1000,2,710,1,2232,1242,4987
1773713416,18,17,18,297,19,0,20,0,21,12,22,514,23,0,24,217,25,1,26,0,27,500,28,0,17,642,16,0,15,0,14,0,13,0,12,100,11,700,10,25,9,0,8,596,7,307,1541,2370
1773713417,18,17,18,297,19,0,20,0,21,120,22,514,23,0,24,0,25,1,26,34,27,0,28,0,17,642,16,0,15,0,14,100,13,0,12,0,11,0,10,25,9,0,8,596,7,307,966,1670
1773713418,18,17,18,297,19,0,20,25,21,120,22,514,23,0,24,0,25,1,26,0,27,149,28,0,17,642,16,0,15,0,14,0,13,200,12,100,11,500,10,25,9,0,8,596,7,307,1106,2370
1773713419,18,17,18,297,19,0,20,25,21,134,22,514,23,0,24,0,25,1,26,0,27,149,28,0,17,642,16,0,15,0,14,50,13,0,12,165,11,0,10,25,9,0,8,596,7,307,1120,1785
1773713420,18,17,18,297,19,0,20,35,21,96,22,514,23,0,24,0,25,1,26,0,27,149,28,0,17,642,16,0,15,0,14,150,13,200,12,15,11,0,10,25,9,45,8,0,7,307,1092,1384
1773713421,18,17,18,47,19,0,20,0,21,96,22,514,23,0,24,0,25,1,26,0,27,0,28,52,17,642,16,0,15,0,14,150,13,200,12,15,11,0,10,25,9,122,8,659,7,307,710,2120
1773713422,18,17,18,47,19,0,20,50,21,134,22,514,23,0,24,0,25,1,26,0,27,0,28,85,17,642,16,0,15,0,14,150,13,200,12,15,11,0,10,25,9,122,8,659,7,307,831,2120
1773713423,19,17,19,82,20,50,21,134,22,0,23,0,24,514,25,1,26,0,27,0,28,52,29,0,17,642,16,0,15,0,14,150,13,200,12,15,11,0,10,25,9,672,8,659,7,307,833,2670
1773713424,19,17,19,47,20,0,21,0,22,185,23,299,24,514,25,1,26,0,27,512,28,0,29,0,17,466,16,0,15,0,14,0,13,0,12,100,11,700,10,40,9,550,8,1195,7,307,1558,3358
1773713425,19,17,19,47,20,0,21,150,22,134,23,200,24,514,25,1,26,0,27,500,28,117,29,0,17,466,16,0,15,0,14,0,13,0,12,100,11,700,10,40,9,626,8,659,7,307,1663,2898
1773713426,19,14,19,47,20,0,21,150,22,140,23,11,24,514,25,1,26,0,27,0,28,122,29,0,14,37,13,0,12,0,11,100,10,247,9,550,8,659,7,24,6,366,5,669,4,282,985,2934
1773713427,19,14,19,47,20,0,21,50,22,200,23,211,24,514,25,1,26,0,27,0,28,180,29,0,14,37,13,0,12,0,11,150,10,240,9,578,8,659,7,24,6,648,5,669,4,0,1203,3005
1773713428,19,14,19,47,20,0,21,200,22,200,23,11,24,514,25,1,26,0,27,0,28,185,29,0,14,37,13,0,12,0,11,0,10,190,9,550,8,659,7,24,6,376,5,669,4,282,1158,2787
1773713429,19,14,19,47,20,0,21,140,22,200,23,211,24,514,25,1,26,0,27,500,28,157,29,0,14,37,13,0,12,0,11,0,10,190,9,550,8,659,7,24,6,366,5,700,4,282,1770,2808
1773713430,16,14,16,15,17,0,18,256,19,154,20,0,21,514,22,0,23,11,24,0,25,1,26,0,14,5,13,0,12,0,11,30,10,190,9,550,8,659,7,24,6,366,5,704,4,282,951,2810
1773713431,16,14,16,15,17,0,18,0,19,47,20,359,21,514,22,0,23,11,24,0,25,1,26,0,14,5,13,0,12,0,11,80,10,190,9,550,8,659,7,24,6,366,5,704,4,282,947,2860
1773713432,16,14,16,15,17,0,18,0,19,287,20,159,21,514,22,0,23,11,24,0,25,1,26,0,14,5,13,0,12,0,11,30,10,190,9,550,8,659,7,24,6,453,5,669,4,282,987,2862
1773713433,19,12,19,200,20,159,21,0,22,200,23,525,24,0,25,501,26,37,27,0,28,0,29,0,12,10,11,35,10,190,9,550,8,659,7,24,6,450,5,669,4,282,3,1000,2,105,1622,3974
1773713434,20,12,20,213,21,200,22,159,23,525,24,0,25,10,26,0,27,0,28,0,29,0,30,0,12,10,11,35,10,190,9,550,8,659,7,24,6,446,5,669,4,282,3,1000,2,105,1107,3970
1773713435,21,12,21,200,22,159,23,211,24,0,25,515,26,0,27,12,28,0,29,0,30,0,31,0,12,41,11,30,10,190,9,550,8,659,7,24,6,80,5,669,4,282,3,1000,2,105,1097,3630
1773713436,21,12,21,200,22,159,23,211,24,0,25,515,26,0,27,0,28,40,29,0,30,0,31,0,12,41,11,30,10,225,9,550,8,659,7,24,6,80,5,669,4,282,3,1000,2,105,1125,3665
1773713437,20,12,20,39,21,200,22,159,23,211,24,0,25,515,26,0,27,0,28,40,29,0,30,0,12,41,11,30,10,225,9,550,8,659,7,24,6,80,5,669,4,282,3,1000,2,105,1164,3665
1773713438,20,12,20,39,21,200,22,159,23,211,24,0,25,515,26,0,27,0,28,40,29,0,30,0,12,41,11,30,10,225,9,550,8,659,7,24,6,80,5,669,4,282,3,1000,2,105,1164,3665
1773713439,19,14,19,27,20,39,21,200,22,200,23,11,24,147,25,515,26,0,27,500,28,320,29,0,14,10,13,200,12,227,11,0,10,25,9,550,8,0,7,170,6,0,5,6,4,565,1959,1753
1773713440,19,14,19,27,20,39,21,0,22,0,23,411,24,147,25,515,26,0,27,12,28,0,29,0,14,10,13,200,12,227,11,0,10,25,9,0,8,500,7,170,6,0,5,6,4,1065,1151,2203
1773713441,16,14,16,15,17,0,18,0,19,186,20,239,21,514,22,0,23,11,24,0,25,1,26,0,14,10,13,0,12,400,11,0,10,25,9,515,8,35,7,24,6,282,5,577,4,783,966,2651
1773713442,16,14,16,15,17,0,18,0,19,27,20,239,21,714,22,0,23,11,24,0,25,1,26,149,14,10,13,200,12,0,11,200,10,25,9,515,8,35,7,24,6,282,5,577,4,783,1156,2651
1773713443,16,14,16,15,17,140,18,200,19,27,20,239,21,514,22,0,23,11,24,19,25,1,26,0,14,10,13,200,12,0,11,200,10,25,9,515,8,0,7,170,6,282,5,577,4,783,1166,2762
1773713444,16,14,16,15,17,0,18,140,19,227,20,239,21,514,22,0,23,11,24,19,25,1,26,0,14,10,13,200,12,0,11,200,10,25,9,515,8,0,7,199,6,282,5,577,4,783,1166,2791
1773713445,16,14,16,15,17,0,18,140,19,227,20,239,21,514,22,0,23,11,24,19,25,1,26,0,14,10,13,205,12,0,11,200,10,25,9,515,8,0,7,170,6,282,5,577,4,783,1166,2767
1773713446,16,14,16,15,17,0,18,140,19,227,20,239,21,514,22,0,23,11,24,19,25,1,26,0,14,10,13,205,12,0,11,200,10,25,9,515,8,0,7,199,6,282,5,577,4,783,1166,2796
1773713447,16,14,16,15,17,0,18,140,19,227,20,200,21,514,22,0,23,11,24,19,25,1,26,0,14,10,13,205,12,0,11,200,10,25,9,0,8,500,7,170,6,297,5,577,4,783,1127,2767
1773713448,16,14,16,15,17,0,18,200,19,140,20,200,21,514,22,0,23,11,24,0,25,160,26,0,14,10,13,205,12,0,11,200,10,25,9,0,8,500,7,170,6,297,5,577,4,783,1240,2767
1773713449,16,14,16,15,17,0,18,200,19,140,20,200,21,514,22,0,23,11,24,19,25,1,26,0,14,10,13,205,12,0,11,200,10,25,9,0,8,500,7,199,6,297,5,577,4,783,1100,2796
1773713450,15,14,15,130,16,15,17,0,18,200,19,140,20,200,21,514,22,0,23,11,24,0,25,160,14,10,13,205,12,0,11,200,10,25,9,0,8,500,7,170,6,297,5,577,4,783,1370,2767
1773713451,15,13,15,130,16,15,17,0,18,200,19,340,20,0,21,514,22,0,23,11,24,0,25,160,13,5,12,200,11,200,10,25,9,0,8,500,7,24,6,161,5,577,4,1065,3,1166,1370,3923
1773713452,15,13,15,130,16,15,17,0,18,0,19,400,20,174,21,514,22,0,23,11,24,19,25,1,13,5,12,200,11,200,10,25,9,0,8,500,7,24,6,193,5,577,4,565,3,1166,1264,3455
1773713453,22,13,22,219,23,211,24,0,25,1,26,0,27,0,28,500,29,244,30,0,31,0,32,0,13,10,12,205,11,200,10,287,9,0,8,500,7,24,6,165,5,577,4,283,3,1166,1175,3417
1773713454,22,13,22,33,23,211,24,200,25,1,26,0,27,500,28,23,29,0,30,0,31,243,32,500,13,220,12,205,11,0,10,287,9,0,8,500,7,170,6,15,5,577,4,283,3,1166,1711,3423
1773713455,22,13,22,33,23,211,24,200,25,1,26,0,27,500,28,23,29,0,30,0,31,243,32,500,13,220,12,205,11,0,10,287,9,0,8,500,7,170,6,15,5,577,4,783,3,1166,1711,3923
1773713456,22,15,22,233,23,211,24,0,25,1,26,0,27,500,28,56,29,0,30,23,31,354,32,500,15,405,14,0,13,200,12,262,11,500,10,25,9,286,8,0,7,24,6,15,5,577,1878,2294
1773713457,22,16,22,233,23,211,24,0,25,1,26,0,27,500,28,56,29,0,30,23,31,354,32,500,16,228,15,200,14,0,13,200,12,262,11,500,10,25,9,146,8,0,7,24,6,0,1878,1585
1773713458,22,16,22,233,23,211,24,0,25,1,26,0,27,500,28,56,29,0,30,23,31,354,32,500,16,228,15,200,14,0,13,200,12,262,11,500,10,25,9,146,8,0,7,24,6,0,1878,1585
1773713459,22,16,22,147,23,211,24,0,25,1,26,0,27,500,28,56,29,0,30,23,31,354,32,500,16,228,15,200,14,0,13,200,12,262,11,500,10,25,9,146,8,0,7,24,6,546,1792,2131
1773713460,22,16,22,207,23,211,24,0,25,1,26,0,27,500,28,56,29,0,30,33,31,354,32,500,16,228,15,200,14,0,13,200,12,262,11,500,10,25,9,146,8,0,7,24,6,546,1862,2131
1773713461,22,16,22,147,23,211,24,0,25,152,26,0,27,500,28,56,29,0,30,252,31,243,32,500,16,228,15,200,14,0,13,200,12,262,11,500,10,25,9,146,8,586,7,630,6,546,2061,3323
1773713462,22,16,22,147,23,211,24,0,25,1,26,0,27,500,28,56,29,40,30,252,31,243,32,500,16,228,15,200,14,0,13,200,12,262,11,500,10,25,9,146,8,586,7,630,6,546,1950,3323
1773713463,22,16,22,147,23,211,24,0,25,1,26,0,27,500,28,56,29,40,30,252,31,243,32,500,16,228,15,200,14,0,13,200,12,262,11,500,10,25,9,146,8,586,7,630,6,546,1950,3323
1773713464,22,15,22,200,23,211,24,0,25,1,26,0,27,500,28,56,29,40,30,252,31,243,32,500,15,206,14,400,13,0,12,262,11,500,10,25,9,578,8,586,7,630,6,546,5,6,2003,3739
1773713465,23,16,23,211,24,200,25,1,26,0,27,500,28,51,29,40,30,252,31,243,32,500,33,0,16,200,15,213,14,0,13,200,12,262,11,500,10,25,9,578,8,586,7,630,6,546,1998,3740
1773713466,22,17,22,13,23,161,24,200,25,1,26,151,27,500,28,23,29,0,30,252,31,243,32,0,17,26,16,200,15,178,14,0,13,200,12,262,11,500,10,25,9,593,8,586,7,630,1544,3200
1773713467,22,17,22,13,23,211,24,200,25,1,26,651,27,0,28,23,29,0,30,252,31,243,32,0,17,26,16,200,15,178,14,0,13,200,12,262,11,500,10,25,9,593,8,586,7,630,1594,3200
1773713468,22,17,22,13,23,216,24,200,25,1,26,0,27,500,28,23,29,0,30,289,31,243,32,0,17,26,16,200,15,178,14,0,13,200,12,262,11,500,10,25,9,593,8,586,7,630,1485,3200
1773713469,22,17,22,13,23,216,24,200,25,1,26,0,27,500,28,23,29,0,30,289,31,243,32,0,17,26,16,200,15,178,14,0,13,200,12,262,11,500,10,25,9,578,8,586,7,630,1485,3185
1773713470,22,17,22,13,23,216,24,200,25,1,26,0,27,500,28,23,29,0,30,289,31,243,32,0,17,26,16,200,15,178,14,0,13,200,12,262,11,500,10,25,9,578,8,586,7,630,1485,3185
1773713471,22,17,22,13,23,216,24,200,25,1,26,0,27,500,28,23,29,44,30,252,31,243,32,0,17,26,16,200,15,178,14,0,13,200,12,262,11,500,10,25,9,578,8,586,7,630,1492,3185
1773713472,22,17,22,73,23,216,24,200,25,1,26,0,27,500,28,23,29,44,30,252,31,243,32,0,17,26,16,200,15,178,14,0,13,200,12,262,11,500,10,25,9,578,8,586,7,630,1552,3185
1773713473,22,17,22,53,23,17,24,41,25,200,26,500,27,200,28,23,29,0,30,252,31,243,32,0,17,26,16,200,15,178,14,0,13,200,12,262,11,500,10,25,9,593,8,586,7,630,1529,3200
1773713474,22,17,22,13,23,255,24,281,25,0,26,0,27,500,28,23,29,0,30,252,31,243,32,0,17,26,16,200,15,178,14,0,13,200,12,262,11,500,10,25,9,593,8,586,7,630,1567,3200
1773713475,22,16,22,58,23,278,24,281,25,0,26,0,27,500,28,23,29,0,30,252,31,243,32,0,16,26,15,200,14,461,13,0,12,0,11,500,10,101,9,447,8,586,7,630,6,546,1635,3497
1773713476,22,16,22,18,23,278,24,281,25,0,26,0,27,500,28,23,29,0,30,252,31,243,32,0,16,26,15,240,14,461,13,0,12,155,11,500,10,101,9,447,8,586,7,630,6,546,1595,3692
1773713477,22,16,22,58,23,278,24,241,25,0,26,0,27,500,28,23,29,0,30,252,31,243,32,0,16,1010,15,200,14,261,13,0,12,655,11,0,10,101,9,447,8,586,7,630,6,546,1595,4436
1773713478,22,16,22,38,23,232,24,241,25,0,26,611,27,0,28,23,29,0,30,252,31,243,32,500,16,810,15,200,14,261,13,0,12,0,11,0,10,155,9,447,8,737,7,630,6,546,2140,3786
1773713479,22,16,22,78,23,232,24,241,25,0,26,0,27,500,28,51,29,0,30,252,31,354,32,500,16,810,15,0,14,0,13,400,12,261,11,0,10,180,9,447,8,586,7,630,6,546,2208,3860
1773713480,22,16,22,33,23,232,24,241,25,0,26,0,27,500,28,51,29,0,30,252,31,354,32,500,16,810,15,0,14,0,13,200,12,261,11,0,10,25,9,447,8,586,7,916,6,546,2163,3791
1773713481,22,16,22,33,23,232,24,241,25,0,26,0,27,500,28,51,29,0,30,252,31,354,32,500,16,810,15,0,14,200,13,139,12,261,11,0,10,25,9,447,8,586,7,949,6,546,2163,3963
1773713482,22,16,22,73,23,232,24,241,25,0,26,0,27,500,28,51,29,0,30,252,31,354,32,500,16,810,15,0,14,200,13,139,12,261,11,0,10,680,9,447,8,586,7,921,6,0,2203,4044
1773713483,22,16,22,33,23,32,24,200,25,278,26,700,27,0,28,51,29,0,30,0,31,354,32,500,16,810,15,0,14,0,13,200,12,261,11,0,10,680,9,447,8,586,7,976,6,0,2148,3960
1773713484,22,16,22,53,23,232,24,249,25,278,26,82,27,500,28,51,29,0,30,0,31,243,32,500,16,810,15,0,14,200,13,129,12,261,11,0,10,680,9,447,8,33,7,630,6,0,2188,3190
1773713485,22,16,22,13,23,212,24,200,25,278,26,0,27,500,28,51,29,0,30,0,31,243,32,500,16,810,15,0,14,0,13,200,12,261,11,0,10,680,9,447,8,0,7,941,6,0,1997,3339
1773713486,22,16,22,53,23,217,24,200,25,278,26,0,27,500,28,51,29,0,30,0,31,243,32,500,16,817,15,0,14,200,13,142,12,261,11,0,10,680,9,510,8,0,7,630,6,0,2042,3240
1773713487,22,16,22,13,23,217,24,200,25,278,26,0,27,500,28,51,29,0,30,0,31,243,32,500,16,73,15,0,14,200,13,142,12,261,11,0,10,680,9,0,8,36,7,24,6,224,2002,1640
1773713488,22,16,22,53,23,217,24,200,25,278,26,0,27,500,28,51,29,0,30,0,31,243,32,500,16,33,15,0,14,0,13,200,12,461,11,0,10,680,9,58,8,0,7,24,6,224,2042,1680
1773713489,22,16,22,13,23,217,24,200,25,278,26,0,27,500,28,51,29,0,30,0,31,243,32,500,16,33,15,0,14,200,13,136,12,461,11,0,10,680,9,0,8,30,7,24,6,224,2002,1788
1773713490,21,16,21,40,22,53,23,212,24,200,25,278,26,0,27,500,28,51,29,0,30,0,31,243,16,33,15,0,14,200,13,136,12,461,11,0,10,680,9,0,8,30,7,24,6,224,1577,1788
1773713491,21,14,21,45,22,253,23,212,24,0,25,278,26,0,27,500,28,54,29,0,30,0,31,243,14,66,13,207,12,461,11,0,10,680,9,52,8,0,7,24,6,224,5,627,4,1124,1585,3465
1773713492,21,14,21,45,22,253,23,212,24,0,25,278,26,0,27,500,28,54,29,0,30,0,31,243,14,66,13,207,12,461,11,151,10,680,9,0,8,0,7,195,6,224,5,627,4,1124,1585,3735
1773713493,21,14,21,45,22,253,23,212,24,0,25,278,26,0,27,500,28,54,29,0,30,0,31,243,14,26,13,207,12,261,11,200,10,680,9,0,8,25,7,24,6,224,5,627,4,1124,1585,3398
1773713494,21,15,21,45,22,253,23,212,24,0,25,278,26,0,27,500,28,54,29,0,30,0,31,243,15,9,14,26,13,207,12,611,11,0,10,680,9,0,8,25,7,24,6,224,5,627,1585,2433
1773713495,16,14,16,16,17,0,18,0,19,0,20,22,21,45,22,253,23,212,24,0,25,278,26,0,14,7,13,200,12,411,11,0,10,680,9,0,8,0,7,195,6,224,5,627,4,1124,826,3468
1773713496,16,14,16,16,17,0,18,0,19,0,20,22,21,40,22,253,23,212,24,0,25,278,26,0,14,50,13,200,12,461,11,0,10,680,9,0,8,30,7,24,6,224,5,627,4,1124,821,3420
1773713497,16,14,16,16,17,0,18,0,19,0,20,22,21,40,22,253,23,212,24,0,25,278,26,0,14,290,13,0,12,461,11,142,10,680,9,0,8,36,7,24,6,224,5,627,4,1124,821,3608
1773713498,16,14,16,16,17,0,18,0,19,0,20,22,21,97,22,253,23,212,24,0,25,278,26,0,14,90,13,400,12,261,11,142,10,680,9,64,8,0,7,24,6,224,5,627,4,1124,878,3636
1773713499,16,14,16,16,17,0,18,20,19,40,20,0,21,70,22,213,23,212,24,0,25,278,26,0,14,90,13,200,12,461,11,131,10,25,9,32,8,0,7,24,6,224,5,627,4,1124,849,2938
1773713500,16,15,16,16,17,0,18,20,19,40,20,0,21,70,22,213,23,212,24,46,25,278,26,0,15,34,14,0,13,207,12,261,11,331,10,25,9,4,8,0,7,24,6,224,5,627,895,1737
1773713501,15,13,15,9,16,16,17,0,18,20,19,40,20,0,21,70,22,213,23,212,24,46,25,278,13,207,12,0,11,200,10,286,9,0,8,500,7,24,6,398,5,627,4,1124,3,1589,904,4955
1773713502,15,13,15,9,16,16,17,0,18,20,19,40,20,0,21,70,22,213,23,212,24,46,25,278,13,7,12,0,11,250,10,631,9,0,8,0,7,52,6,0,5,6,4,624,3,1589,904,3159
1773713503,15,13,15,9,16,16,17,0,18,20,19,40,20,0,21,70,22,213,23,212,24,46,25,278,13,47,12,0,11,250,10,431,9,0,8,0,7,24,6,0,5,152,4,624,3,1589,904,3117
1773713504,15,13,15,9,16,16,17,0,18,20,19,40,20,0,21,70,22,213,23,212,24,46,25,278,13,7,12,0,11,250,10,286,9,0,8,200,7,24,6,500,5,263,4,785,3,1589,904,3904
1773713505,15,13,15,9,16,16,17,0,18,20,19,40,20,0,21,70,22,213,23,212,24,46,25,278,13,7,12,40,11,250,10,286,9,0,8,200,7,24,6,0,5,263,4,785,3,1589,904,3444
1773713506,15,13,15,9,16,16,17,0,18,20,19,40,20,0,21,70,22,213,23,212,24,46,25,278,13,7,12,40,11,250,10,486,9,0,8,0,7,24,6,0,5,298,4,624,3,1589,904,3318
1773713507,15,13,15,9,16,16,17,0,18,20,19,40,20,0,21,70,22,213,23,212,24,46,25,278,13,7,12,40,11,250,10,427,9,0,8,0,7,24,6,0,5,298,4,624,3,1589,904,3259
1773713508,15,13,15,9,16,16,17,0,18,20,19,40,20,0,21,70,22,263,23,212,24,0,25,278,13,7,12,40,11,250,10,427,9,0,8,0,7,24,6,88,5,263,4,624,3,1589,908,3312
1773713509,15,13,15,9,16,16,17,0,18,20,19,50,20,200,21,109,22,63,23,212,24,0,25,81,13,7,12,40,11,250,10,486,9,0,8,0,7,24,6,88,5,263,4,624,3,1589,760,3371
1773713510,15,13,15,9,16,16,17,0,18,20,19,40,20,0,21,50,22,298,23,212,24,0,25,124,13,10,12,45,11,250,10,486,9,0,8,0,7,24,6,35,5,263,4,624,3,1589,769,3326
1773713511,19,13,19,30,20,0,21,50,22,298,23,212,24,0,25,124,26,0,27,500,28,54,29,242,13,10,12,205,11,0,10,486,9,133,8,0,7,24,6,237,5,263,4,624,3,1589,1510,3571
1773713512,18,13,18,15,19,0,20,30,21,65,22,248,23,212,24,0,25,0,26,500,27,0,28,54,13,10,12,45,11,215,10,486,9,133,8,0,7,24,6,237,5,263,4,624,3,1589,1124,3626
1773713513,18,15,18,15,19,0,20,30,21,65,22,248,23,212,24,0,25,0,26,0,27,500,28,216,15,740,14,0,13,0,12,200,11,215,10,286,9,0,8,0,7,549,6,202,5,263,1286,2455
1773713514,18,15,18,15,19,0,20,30,21,65,22,248,23,212,24,0,25,0,26,0,27,500,28,216,15,740,14,200,13,200,12,261,11,15,10,25,9,0,8,146,7,24,6,202,5,263,1286,2076
1773713515,18,15,18,15,19,0,20,30,21,50,22,213,23,212,24,0,25,0,26,500,27,24,28,216,15,740,14,200,13,0,12,396,11,15,10,25,9,35,8,0,7,611,6,202,5,263,1260,2487
1773713516,18,15,18,15,19,0,20,30,21,20,22,213,23,212,24,0,25,0,26,500,27,24,28,216,15,740,14,200,13,200,12,396,11,15,10,25,9,0,8,146,7,611,6,202,5,263,1230,2798
1773713517,18,15,18,15,19,0,20,30,21,30,22,213,23,212,24,0,25,656,26,0,27,0,28,194,15,740,14,200,13,0,12,261,11,15,10,25,9,0,8,175,7,611,6,202,5,263,1350,2492
1773713518,20,16,20,30,21,10,22,228,23,212,24,0,25,500,26,156,27,0,28,194,29,0,30,0,16,45,15,740,14,200,13,127,12,261,11,0,10,25,9,0,8,146,7,611,6,202,1330,2357
1773713519,21,16,21,10,22,235,23,212,24,0,25,0,26,0,27,500,28,194,29,0,30,0,31,242,16,85,15,735,14,200,13,127,12,261,11,0,10,25,9,0,8,178,7,611,6,202,1393,2424
1773713520,20,16,20,200,21,105,22,28,23,212,24,0,25,0,26,0,27,500,28,194,29,0,30,0,16,245,15,735,14,0,13,0,12,261,11,0,10,25,9,0,8,144,7,611,6,202,1239,2223
1773713521,19,16,19,10,20,200,21,7,22,28,23,212,24,0,25,0,26,0,27,500,28,194,29,0,16,45,15,735,14,200,13,151,12,261,11,0,10,25,9,0,8,144,7,611,6,202,1151,2374
1773713522,18,16,18,10,19,40,20,200,21,7,22,28,23,212,24,0,25,0,26,500,27,28,28,194,16,45,15,735,14,200,13,151,12,261,11,0,10,25,9,0,8,767,7,611,6,202,1219,2997
1773713523,21,16,21,10,22,235,23,212,24,0,25,0,26,0,27,500,28,54,29,0,30,0,31,242,16,45,15,0,14,200,13,129,12,261,11,200,10,25,9,500,8,623,7,650,6,202,1253,2835
1773713524,21,16,21,10,22,235,23,212,24,0,25,0,26,0,27,500,28,54,29,0,30,0,31,242,16,45,15,0,14,190,13,129,12,461,11,0,10,25,9,28,8,623,7,611,6,202,1253,2314
1773713525,20,16,20,15,21,47,22,55,23,22,24,0,25,200,26,700,27,0,28,44,29,0,30,0,16,45,15,0,14,40,13,150,12,261,11,200,10,25,9,500,8,623,7,611,6,367,1083,2822
1773713526,20,16,20,15,21,17,22,200,23,136,24,240,25,0,26,0,27,500,28,44,29,0,30,0,16,45,15,0,14,190,13,154,12,261,11,0,10,25,9,0,8,623,7,699,6,202,1152,2199
1773713527,20,16,20,55,21,7,22,10,23,46,24,200,25,0,26,200,27,500,28,44,29,0,30,0,16,45,15,0,14,150,13,154,12,261,11,0,10,25,9,0,8,623,7,699,6,202,1062,2159
1773713528,20,16,20,15,21,0,22,0,23,24,24,260,25,200,26,0,27,500,28,44,29,0,30,0,16,45,15,0,14,40,13,150,12,461,11,0,10,25,9,500,8,623,7,699,6,202,1043,2745
1773713529,20,16,20,15,21,263,22,240,23,19,24,74,25,0,26,0,27,500,28,1366,29,0,30,0,16,85,15,735,14,150,13,149,12,461,11,0,10,25,9,500,8,623,7,804,6,202,2477,3734
1773713530,19,16,19,10,20,55,21,243,22,200,23,12,24,39,25,0,26,500,27,88,28,1850,29,0,16,85,15,735,14,150,13,149,12,461,11,0,10,25,9,500,8,623,7,804,6,202,2997,3734
1773713531,19,16,19,10,20,55,21,236,22,200,23,12,24,39,25,0,26,500,27,88,28,1846,29,0,16,45,15,735,14,0,13,150,12,261,11,0,10,25,9,0,8,623,7,804,6,202,2986,2845
1773713532,19,16,19,10,20,55,21,236,22,200,23,12,24,39,25,273,26,500,27,88,28,1846,29,0,16,45,15,735,14,0,13,150,12,261,11,0,10,25,9,0,8,623,7,804,6,202,3259,2845
1773713533,19,16,19,10,20,55,21,36,22,0,23,212,24,239,25,273,26,500,27,111,28,0,29,0,16,45,15,0,14,0,13,150,12,461,11,0,10,25,9,500,8,623,7,804,6,202,1436,2810
1773713534,19,16,19,10,20,55,21,0,22,245,23,232,24,39,25,332,26,0,27,500,28,51,29,0,16,45,15,0,14,40,13,150,12,461,11,0,10,25,9,500,8,623,7,804,6,202,1464,2850
1773713535,21,16,21,65,22,195,23,212,24,83,25,273,26,0,27,500,28,51,29,0,30,0,31,242,16,45,15,0,14,0,13,150,12,461,11,0,10,25,9,500,8,623,7,804,6,202,1621,2810
1773713536,21,16,21,15,22,195,23,212,24,83,25,273,26,0,27,500,28,51,29,0,30,0,31,242,16,45,15,0,14,0,13,150,12,461,11,0,10,25,9,500,8,623,7,803,6,202,1571,2809
1773713537,21,16,21,55,22,10,23,112,24,329,25,273,26,0,27,500,28,51,29,0,30,0,31,242,16,45,15,0,14,0,13,100,12,461,11,0,10,25,9,500,8,623,7,181,6,0,1572,1935
1773713538,21,16,21,54,22,0,23,112,24,290,25,273,26,0,27,523,28,0,29,0,30,0,31,242,16,45,15,0,14,0,13,100,12,461,11,0,10,25,9,500,8,623,7,181,6,0,1494,1935
1773713539,21,16,21,45,22,10,23,112,24,290,25,0,26,0,27,500,28,51,29,0,30,0,31,242,16,45,15,0,14,0,13,100,12,461,11,0,10,25,9,500,8,623,7,181,6,0,1250,1935
1773713540,21,16,21,39,22,40,23,52,24,300,25,0,26,585,27,0,28,51,29,0,30,15,31,242,16,45,15,0,14,0,13,100,12,461,11,0,10,25,9,500,8,623,7,181,6,0,1324,1935
1773713541,21,16,21,39,22,40,23,12,24,300,25,10,26,0,27,512,28,0,29,0,30,15,31,242,16,45,15,0,14,0,13,100,12,461,11,0,10,25,9,500,8,623,7,181,6,0,1170,1935
1773713542,21,16,21,39,22,40,23,22,24,200,25,100,26,0,27,512,28,0,29,0,30,85,31,242,16,45,15,0,14,40,13,100,12,461,11,0,10,25,9,500,8,623,7,181,6,0,1240,1975
1773713543,21,13,21,39,22,40,23,122,24,0,25,0,26,200,27,512,28,0,29,0,30,85,31,242,13,32,12,50,11,0,10,286,9,0,8,200,7,24,6,544,5,165,4,0,3,1636,1240,2937
1773713544,20,12,20,15,21,49,22,40,23,312,24,0,25,0,26,0,27,0,28,40,29,500,30,85,12,41,11,27,10,286,9,0,8,200,7,524,6,25,5,165,4,0,3,1636,2,297,1041,3201
1773713545,20,16,20,15,21,49,22,191,23,212,24,0,25,0,26,0,27,500,28,40,29,0,30,15,16,15,15,0,14,25,13,3,12,302,11,40,10,225,9,137,8,500,7,24,6,60,1022,1331
1773713546,20,16,20,15,21,49,22,191,23,212,24,0,25,0,26,80,27,500,28,40,29,0,30,15,16,15,15,0,14,30,13,67,12,297,11,0,10,225,9,0,8,500,7,24,6,659,1102,1817
1773713547,20,16,20,15,21,49,22,191,23,212,24,0,25,0,26,80,27,500,28,40,29,0,30,15,16,15,15,0,14,32,13,148,12,297,11,200,10,25,9,0,8,500,7,24,6,687,1102,1928
1773713548,20,16,20,15,21,49,22,191,23,212,24,0,25,0,26,80,27,500,28,40,29,0,30,15,16,15,15,0,14,32,13,148,12,297,11,200,10,25,9,0,8,500,7,65,6,608,1102,1890
1773713549,20,17,20,15,21,49,22,191,23,212,24,0,25,0,26,80,27,500,28,40,29,0,30,15,17,28,16,15,15,0,14,0,13,27,12,297,11,200,10,25,9,0,8,500,7,92,1102,1184
1773713550,20,17,20,15,21,49,22,191,23,212,24,0,25,0,26,80,27,500,28,40,29,0,30,15,17,28,16,15,15,0,14,27,13,129,12,297,11,200,10,25,9,0,8,500,7,92,1102,1313
1773713551,20,17,20,15,21,54,22,191,23,212,24,0,25,0,26,80,27,500,28,40,29,0,30,0,17,28,16,15,15,0,14,27,13,129,12,297,11,200,10,25,9,0,8,500,7,92,1092,1313
1773713552,20,17,20,55,21,54,22,151,23,212,24,0,25,0,26,80,27,500,28,40,29,0,30,0,17,28,16,15,15,0,14,0,13,27,12,297,11,200,10,25,9,0,8,500,7,92,1092,1184
1773713553,19,17,19,10,20,15,21,54,22,151,23,212,24,0,25,0,26,80,27,500,28,40,29,0,17,28,16,15,15,0,14,27,13,145,12,297,11,200,10,25,9,0,8,500,7,92,1062,1329
1773713554,20,17,20,15,21,54,22,151,23,212,24,0,25,0,26,80,27,500,28,40,29,0,30,0,17,28,16,15,15,0,14,3,13,145,12,297,11,200,10,25,9,0,8,500,7,96,1052,1309
1773713555,19,17,19,10,20,55,21,54,22,151,23,212,24,0,25,0,26,80,27,500,28,40,29,0,17,28,16,15,15,0,14,3,13,132,12,297,11,200,10,25,9,0,8,500,7,96,1102,1296
1773713556,20,17,20,15,21,54,22,151,23,212,24,0,25,0,26,80,27,500,28,40,29,0,30,0,17,28,16,15,15,0,14,3,13,132,12,297,11,200,10,25,9,0,8,500,7,96,1052,1296
1773713557,18,16,18,15,19,40,20,0,21,49,22,151,23,212,24,0,25,15,26,80,27,500,28,40,16,15,15,0,14,0,13,3,12,297,11,200,10,25,9,0,8,500,7,96,6,608,1102,1744
1773713558,20,16,20,15,21,49,22,151,23,212,24,0,25,15,26,80,27,500,28,40,29,0,30,0,16,15,15,0,14,3,13,143,12,297,11,200,10,25,9,0,8,500,7,96,6,608,1062,1887
1773713559,20,16,20,55,21,49,22,151,23,212,24,0,25,15,26,80,27,500,28,40,29,0,30,0,16,15,15,0,14,3,13,183,12,297,11,200,10,25,9,0,8,500,7,96,6,608,1102,1927
1773713560,20,16,20,15,21,49,22,151,23,212,24,0,25,15,26,80,27,500,28,40,29,0,30,0,16,15,15,22,14,0,13,8,12,297,11,200,10,25,9,0,8,500,7,96,6,608,1062,1771
1773713561,19,16,19,40,20,0,21,49,22,151,23,212,24,0,25,15,26,80,27,500,28,40,29,0,16,15,15,22,14,0,13,3,12,297,11,200,10,25,9,0,8,500,7,96,6,608,1087,1766
1773713562,20,16,20,15,21,49,22,151,23,212,24,0,25,15,26,80,27,500,28,40,29,0,30,0,16,15,15,0,14,5,13,3,12,297,11,200,10,25,9,0,8,500,7,96,6,608,1062,1749
1773713563,20,16,20,15,21,49,22,151,23,212,24,0,25,15,26,80,27,500,28,40,29,0,30,0,16,15,15,24,14,0,13,48,12,297,11,0,10,225,9,0,8,500,7,83,6,608,1062,1800
1773713564,18,16,18,15,19,0,20,0,21,49,22,151,23,212,24,0,25,15,26,80,27,500,28,40,16,15,15,24,14,0,13,3,12,297,11,0,10,225,9,0,8,500,7,24,6,646,1062,1734
1773713565,19,16,19,10,20,55,21,46,22,151,23,212,24,0,25,15,26,580,27,0,28,40,29,0,16,15,15,0,14,0,13,43,12,302,11,0,10,225,9,0,8,500,7,24,6,667,1109,1776
1773713566,19,16,19,10,20,15,21,39,22,151,23,212,24,0,25,15,26,0,27,500,28,45,29,0,16,15,15,21,14,0,13,48,12,297,11,0,10,225,9,0,8,500,7,24,6,639,987,1769
1773713567,20,16,20,15,21,46,22,151,23,212,24,0,25,0,26,0,27,500,28,17,29,0,30,41,16,15,15,21,14,0,13,3,12,297,11,200,10,25,9,0,8,500,7,111,6,608,982,1780
1773713568,18,16,18,15,19,0,20,0,21,49,22,0,23,312,24,0,25,0,26,0,27,500,28,17,16,15,15,21,14,0,13,43,12,297,11,200,10,25,9,0,8,500,7,111,6,608,893,1820
1773713569,20,16,20,55,21,70,22,100,23,212,24,0,25,0,26,0,27,500,28,45,29,0,30,0,16,15,15,21,14,0,13,48,12,297,11,200,10,25,9,0,8,500,7,111,6,608,982,1825
1773713570,19,16,19,10,20,15,21,63,22,100,23,212,24,0,25,0,26,0,27,500,28,40,29,0,16,15,15,21,14,0,13,3,12,297,11,200,10,25,9,0,8,500,7,111,6,608,940,1780
1773713571,18,16,18,15,19,40,20,0,21,49,22,100,23,212,24,0,25,0,26,131,27,500,28,40,16,15,15,21,14,0,13,43,12,297,11,200,10,25,9,0,8,500,7,83,6,608,1087,1792
1773713572,20,16,20,15,21,73,22,100,23,212,24,0,25,15,26,131,27,500,28,40,29,0,30,0,16,15,15,0,14,50,13,3,12,302,11,200,10,25,9,0,8,500,7,24,6,695,1086,1814
1773713573,19,16,19,10,20,55,21,39,22,164,23,212,24,0,25,15,26,67,27,500,28,40,29,0,16,15,15,21,14,0,13,43,12,302,11,0,10,225,9,0,8,500,7,83,6,608,1102,1797
1773713574,20,16,20,15,21,49,22,164,23,212,24,0,25,15,26,67,27,500,28,40,29,0,30,0,16,15,15,21,14,0,13,3,12,297,11,200,10,25,9,0,8,500,7,24,6,695,1062,1780
1773713575,18,16,18,15,19,40,20,0,21,49,22,164,23,212,24,0,25,15,26,67,27,500,28,40,16,15,15,26,14,0,13,3,12,297,11,0,10,225,9,0,8,500,7,76,6,608,1102,1750
1773713576,20,16,20,15,21,49,22,164,23,212,24,0,25,15,26,67,27,500,28,40,29,0,30,0,16,15,15,0,14,0,13,3,12,302,11,200,10,25,9,0,8,500,7,24,6,688,1062,1757
1773713577,19,13,19,10,20,55,21,39,22,164,23,212,24,0,25,7,26,67,27,500,28,40,29,0,13,45,12,39,11,0,10,485,9,0,8,0,7,574,6,0,5,6,4,604,3,1000,1094,2753
1773713578,18,12,18,15,19,40,20,0,21,49,22,164,23,212,24,0,25,7,26,67,27,500,28,40,12,50,11,0,10,285,9,0,8,200,7,24,6,529,5,6,4,604,3,1324,2,788,1094,3810
1773713579,20,12,20,15,21,49,22,164,23,212,24,0,25,7,26,67,27,500,28,40,29,0,30,0,12,47,11,43,10,285,9,348,8,0,7,24,6,529,5,6,4,604,3,1324,2,788,1054,3998
1773713580,19,12,19,10,20,55,21,39,22,164,23,212,24,0,25,7,26,67,27,500,28,40,29,0,12,41,11,40,10,285,9,348,8,0,7,24,6,525,5,6,4,604,3,1324,2,788,1094,3985
1773713581,19,12,19,10,20,15,21,39,22,164,23,212,24,0,25,7,26,0,27,500,28,40,29,0,12,41,11,40,10,285,9,337,8,0,7,24,6,525,5,6,4,604,3,1324,2,788,987,3974
1773713582,19,12,19,40,20,15,21,49,22,164,23,212,24,0,25,7,26,0,27,500,28,40,29,0,12,41,11,40,10,285,9,337,8,0,7,24,6,529,5,6,4,604,3,1324,2,788,1027,3978
1773713583,18,12,18,15,19,40,20,0,21,49,22,164,23,212,24,0,25,7,26,0,27,500,28,40,12,41,11,40,10,285,9,0,8,200,7,24,6,529,5,6,4,604,3,1324,2,788,1027,3841
1773713584,19,12,19,15,20,40,21,139,22,64,23,212,24,0,25,7,26,0,27,0,28,500,29,352,12,41,11,40,10,285,9,330,8,0,7,24,6,529,5,618,4,604,3,1324,2,788,1329,4583
1773713585,19,12,19,15,20,0,21,39,22,10,23,112,24,200,25,7,26,0,27,512,28,0,29,240,12,36,11,40,10,285,9,330,8,0,7,24,6,553,5,618,4,604,3,1324,2,788,1135,4602
1773713586,20,12,20,55,21,39,22,10,23,162,24,200,25,7,26,0,27,512,28,0,29,0,30,0,12,36,11,40,10,285,9,346,8,0,7,24,6,553,5,618,4,604,3,1324,2,788,985,4618
1773713587,19,12,19,10,20,55,21,39,22,100,23,262,24,0,25,7,26,0,27,500,28,40,29,0,12,36,11,40,10,285,9,346,8,0,7,24,6,553,5,618,4,604,3,1324,2,788,1013,4618
1773713588,20,12,20,15,21,49,22,100,23,212,24,0,25,7,26,0,27,500,28,40,29,0,30,0,12,36,11,40,10,285,9,0,8,200,7,24,6,553,5,618,4,604,3,1324,2,788,923,4472
1773713589,18,12,18,15,19,40,20,0,21,49,22,100,23,212,24,0,25,7,26,50,27,500,28,40,12,36,11,40,10,285,9,356,8,0,7,24,6,553,5,618,4,604,3,1324,2,788,1013,4628
1773713590,20,12,20,6,21,49,22,150,23,212,24,0,25,7,26,0,27,500,28,40,29,0,30,0,12,36,11,40,10,285,9,356,8,0,7,24,6,553,5,618,4,604,3,1324,2,788,964,4628
1773713591,20,12,20,46,21,49,22,150,23,212,24,0,25,7,26,0,27,500,28,40,29,0,30,0,12,36,11,40,10,285,9,0,8,200,7,24,6,553,5,618,4,604,3,1324,2,788,1004,4472
1773713592,22,12,22,13,23,10,24,207,25,7,26,81,27,500,28,40,29,0,30,0,31,240,32,0,12,36,11,90,10,285,9,0,8,200,7,24,6,553,5,618,4,0,3,1324,2,788,1098,3918
1773713593,22,12,22,29,23,40,24,207,25,7,26,81,27,500,28,40,29,0,30,0,31,240,32,0,12,36,11,90,10,285,9,0,8,200,7,24,6,553,5,618,4,0,3,1324,2,788,1144,3918
1773713594,22,12,22,29,23,75,24,207,25,7,26,81,27,500,28,40,29,0,30,23,31,240,32,0,12,36,11,90,10,285,9,0,8,200,7,524,6,60,5,618,4,0,3,1324,2,788,1202,3925
1773713595,22,12,22,36,23,75,24,200,25,7,26,119,27,500,28,40,29,0,30,0,31,240,32,0,12,41,11,90,10,285,9,0,8,200,7,524,6,60,5,618,4,0,3,1324,2,788,1217,3930
1773713596,22,12,22,36,23,75,24,200,25,7,26,119,27,500,28,40,29,0,30,0,31,240,32,0,12,41,11,90,10,285,9,0,8,200,7,524,6,53,5,618,4,0,3,1324,2,788,1217,3923
1773713597,22,15,22,36,23,75,24,200,25,7,26,119,27,500,28,40,29,0,30,0,31,240,32,0,15,735,14,0,13,0,12,36,11,90,10,285,9,0,8,200,7,524,6,200,5,618,1217,2688
1773713598,21,15,21,25,22,168,23,240,24,0,25,507,26,0,27,0,28,1759,29,0,30,0,31,240,15,735,14,0,13,0,12,36,11,50,10,285,9,0,8,0,7,24,6,172,5,618,2939,1920
1773713599,21,15,21,115,22,118,23,0,24,200,25,507,26,0,27,0,28,1759,29,0,30,0,31,240,15,735,14,0,13,0,12,36,11,186,10,285,9,0,8,0,7,66,6,0,5,618,2939,1926
1773713600,20,15,20,6,21,55,22,94,23,200,24,74,25,507,26,0,27,0,28,1759,29,0,30,0,15,735,14,0,13,0,12,86,11,136,10,285,9,0,8,0,7,66,6,0,5,618,2695,1926
1773713601,20,15,20,6,21,55,22,94,23,200,24,74,25,507,26,0,27,0,28,1759,29,0,30,0,15,735,14,0,13,15,12,36,11,50,10,285,9,0,8,0,7,66,6,0,5,618,2695,1805
1773713602,21,16,21,57,22,294,23,0,24,75,25,507,26,0,27,0,28,1769,29,0,30,0,31,240,16,3,15,735,14,0,13,15,12,346,11,140,10,25,9,0,8,0,7,94,6,0,2942,1358
1773713603,21,16,21,57,22,44,23,200,24,75,25,507,26,0,27,0,28,1734,29,0,30,0,31,240,16,3,15,735,14,0,13,65,12,296,11,140,10,25,9,0,8,453,7,94,6,617,2857,2428
1773713604,21,16,21,97,22,44,23,200,24,75,25,507,26,0,27,0,28,1734,29,0,30,0,31,240,16,3,15,735,14,0,13,65,12,260,11,0,10,25,9,0,8,453,7,94,6,617,2897,2252
1773713605,21,16,21,47,22,131,23,200,24,38,25,507,26,0,27,0,28,1734,29,0,30,0,31,240,16,3,15,735,14,50,13,167,12,260,11,0,10,25,9,0,8,453,7,94,6,617,2897,2404
1773713606,21,16,21,17,22,131,23,200,24,38,25,507,26,0,27,0,28,1734,29,0,30,0,31,240,16,3,15,735,14,50,13,167,12,260,11,0,10,25,9,0,8,453,7,94,6,617,2867,2404
1773713607,21,14,21,57,22,51,23,89,24,201,25,7,26,35,27,500,28,51,29,0,30,0,31,240,14,3,13,15,12,50,11,139,10,485,9,0,8,453,7,77,6,617,5,6,4,0,1231,1845
1773713608,21,14,21,17,22,51,23,89,24,201,25,7,26,35,27,500,28,51,29,0,30,0,31,240,14,43,13,15,12,50,11,139,10,485,9,0,8,453,7,24,6,648,5,6,4,0,1191,1863
1773713609,21,14,21,52,22,51,23,89,24,201,25,7,26,35,27,500,28,51,29,0,30,0,31,240,14,3,13,15,12,0,11,50,10,285,9,200,8,453,7,24,6,642,5,6,4,0,1226,1678
1773713610,21,14,21,22,22,51,23,89,24,201,25,7,26,35,27,500,28,51,29,0,30,0,31,240,14,3,13,15,12,50,11,173,10,485,9,0,8,453,7,24,6,648,5,6,4,0,1196,1857
1773713611,21,14,21,52,22,51,23,89,24,201,25,7,26,35,27,500,28,51,29,0,30,0,31,240,14,3,13,15,12,50,11,173,10,485,9,0,8,453,7,24,6,648,5,6,4,0,1226,1857
1773713612,21,12,21,12,22,54,23,89,24,201,25,7,26,35,27,500,28,51,29,0,30,0,31,240,12,4,11,95,10,485,9,135,8,453,7,24,6,642,5,6,4,0,3,1000,2,743,1189,3587
1773713613,21,12,21,62,22,44,23,89,24,201,25,7,26,35,27,500,28,51,29,0,30,0,31,240,12,4,11,95,10,485,9,135,8,453,7,24,6,642,5,6,4,0,3,1000,2,743,1229,3587
1773713614,21,12,21,12,22,54,23,89,24,201,25,7,26,35,27,500,28,51,29,0,30,0,31,240,12,4,11,95,10,485,9,0,8,453,7,24,6,642,5,6,4,0,3,1000,2,743,1189,3452
1773713615,21,12,21,12,22,44,23,89,24,201,25,7,26,35,27,500,28,51,29,0,30,0,31,240,12,34,11,95,10,485,9,136,8,453,7,24,6,642,5,6,4,0,3,1000,2,743,1179,3618
1773713616,21,12,21,52,22,44,23,89,24,201,25,7,26,35,27,500,28,51,29,0,30,0,31,240,12,34,11,95,10,485,9,136,8,453,7,24,6,648,5,6,4,0,3,1000,2,743,1219,3624
1773713617,21,12,21,52,22,44,23,89,24,201,25,7,26,35,27,500,28,51,29,0,30,0,31,240,12,34,11,95,10,285,9,200,8,453,7,24,6,642,5,6,4,0,3,1000,2,743,1219,3482
1773713618,21,12,21,12,22,44,23,89,24,201,25,7,26,35,27,500,28,51,29,0,30,0,31,240,12,34,11,95,10,485,9,150,8,453,7,24,6,648,5,6,4,0,3,1000,2,743,1179,3638
1773713619,21,12,21,52,22,44,23,89,24,201,25,7,26,35,27,500,28,51,29,0,30,0,31,240,12,34,11,95,10,285,9,200,8,453,7,24,6,642,5,6,4,0,3,1000,2,743,1219,3482
1773713620,21,12,21,12,22,44,23,89,24,201,25,7,26,35,27,500,28,51,29,0,30,0,31,240,12,34,11,95,10,285,9,330,8,453,7,24,6,642,5,6,4,0,3,1000,2,743,1179,3612
1773713621,21,12,21,19,22,44,23,89,24,201,25,7,26,35,27,500,28,51,29,0,30,0,31,240,12,39,11,90,10,285,9,330,8,453,7,24,6,642,5,6,4,0,3,1000,2,743,1186,3612
1773713622,20,13,20,15,21,59,22,44,23,89,24,201,25,0,26,35,27,500,28,51,29,0,30,0,13,15,12,39,11,90,10,285,9,200,8,453,7,24,6,646,5,6,4,0,3,1000,994,2758
1773713623,19,13,19,5,20,15,21,7,22,73,23,89,24,201,25,0,26,35,27,500,28,51,29,0,13,15,12,39,11,90,10,428,9,0,8,200,7,24,6,661,5,6,4,0,3,1000,976,2463
1773713624,19,13,19,5,20,55,21,7,22,51,23,89,24,201,25,0,26,35,27,500,28,51,29,0,13,15,12,39,11,90,10,428,9,0,8,200,7,24,6,44,5,6,4,602,3,1196,994,2644
1773713625,19,13,19,5,20,55,21,7,22,51,23,89,24,201,25,0,26,35,27,500,28,51,29,0,13,15,12,39,11,90,10,624,9,0,8,0,7,576,6,0,5,6,4,602,3,1196,994,3148
1773713626,19,13,19,5,20,55,21,7,22,51,23,89,24,201,25,0,26,35,27,500,28,51,29,0,13,15,12,39,11,90,10,624,9,0,8,0,7,570,6,0,5,6,4,602,3,1196,994,3142
1773713627,19,13,19,5,20,55,21,7,22,51,23,89,24,201,25,0,26,35,27,500,28,51,29,0,13,15,12,39,11,90,10,485,9,0,8,0,7,570,6,0,5,6,4,602,3,1196,994,3003
1773713628,19,13,19,5,20,55,21,7,22,51,23,89,24,201,25,0,26,35,27,500,28,51,29,0,13,15,12,39,11,90,10,627,9,0,8,0,7,570,6,0,5,6,4,602,3,1196,994,3145
1773713629,19,13,19,5,20,55,21,7,22,51,23,89,24,201,25,0,26,35,27,500,28,51,29,0,13,15,12,39,11,90,10,427,9,0,8,200,7,24,6,500,5,48,4,602,3,1196,994,3141
1773713630,19,13,19,5,20,55,21,7,22,44,23,89,24,201,25,0,26,35,27,500,28,51,29,0,13,15,12,39,11,90,10,634,9,0,8,0,7,561,6,0,5,6,4,602,3,1196,987,3143
1773713631,19,13,19,5,20,55,21,7,22,44,23,89,24,201,25,0,26,35,27,500,28,51,29,0,13,15,12,39,11,90,10,634,9,0,8,0,7,561,6,0,5,6,4,602,3,1196,987,3143
1773713632,19,13,19,7,20,47,21,0,22,44,23,89,24,201,25,0,26,35,27,500,28,51,29,0,13,15,12,39,11,90,10,485,9,0,8,0,7,561,6,0,5,6,4,602,3,1196,974,2994
1773713633,19,13,19,7,20,7,21,0,22,66,23,89,24,201,25,0,26,35,27,500,28,51,29,0,13,15,12,39,11,90,10,631,9,0,8,0,7,567,6,0,5,6,4,602,3,1196,956,3146
1773713634,19,13,19,7,20,7,21,40,22,44,23,105,24,201,25,0,26,35,27,500,28,51,29,0,13,15,12,39,11,90,10,631,9,0,8,0,7,567,6,0,5,6,4,602,3,1196,990,3146
1773713635,19,13,19,7,20,7,21,40,22,44,23,105,24,201,25,0,26,35,27,500,28,51,29,0,13,15,12,39,11,90,10,485,9,0,8,0,7,561,6,0,5,6,4,602,3,1196,990,2994
1773713636,19,13,19,7,20,7,21,40,22,44,23,105,24,201,25,0,26,35,27,500,28,51,29,0,13,15,12,39,11,90,10,485,9,0,8,0,7,567,6,0,5,6,4,602,3,1196,990,3000
1773713637,19,13,19,7,20,7,21,40,22,44,23,105,24,201,25,0,26,35,27,500,28,51,29,0,13,15,12,39,11,90,10,485,9,0,8,0,7,561,6,0,5,6,4,602,3,1196,990,2994
1773713638,19,13,19,7,20,7,21,40,22,44,23,105,24,201,25,0,26,35,27,500,28,51,29,0,13,15,12,39,11,90,10,485,9,0,8,500,7,61,6,0,5,6,4,1102,3,1196,990,3494
1773713639,19,13,19,7,20,7,21,40,22,44,23,105,24,201,25,0,26,35,27,500,28,51,29,0,13,15,12,39,11,90,10,485,9,0,8,500,7,61,6,0,5,6,4,1102,3,1196,990,3494
1773713640,19,13,19,7,20,7,21,40,22,44,23,105,24,201,25,0,26,35,27,500,28,51,29,0,13,15,12,39,11,90,10,485,9,0,8,500,7,61,6,0,5,6,4,1102,3,1196,990,3494
1773713641,19,13,19,7,20,7,21,40,22,44,23,105,24,201,25,0,26,35,27,500,28,51,29,0,13,15,12,39,11,90,10,485,9,0,8,500,7,61,6,0,5,6,4,1102,3,1196,990,3494
1773713642,19,13,19,7,20,7,21,40,22,44,23,105,24,201,25,0,26,35,27,500,28,51,29,0,13,15,12,39,11,90,10,485,9,0,8,500,7,61,6,0,5,6,4,1102,3,1196,990,3494
1773713643,19,13,19,7,20,7,21,40,22,44,23,105,24,201,25,0,26,35,27,500,28,51,29,0,13,15,12,39,11,90,10,485,9,0,8,500,7,61,6,0,5,6,4,1102,3,1196,990,3494
1773713644,19,13,19,7,20,7,21,40,22,44,23,105,24,201,25,0,26,35,27,500,28,51,29,0,13,15,12,39,11,90,10,485,9,0,8,500,7,61,6,0,5,6,4,1102,3,1196,990,3494
1773713645,19,13,19,7,20,7,21,40,22,44,23,105,24,201,25,0,26,35,27,500,28,51,29,0,13,15,12,39,11,90,10,485,9,0,8,500,7,61,6,0,5,6,4,1102,3,1196,990,3494
1773713646,21,13,21,31,22,44,23,105,24,201,25,0,26,35,27,500,28,51,29,0,30,0,31,240,13,15,12,39,11,90,10,485,9,0,8,500,7,70,6,0,5,6,4,1102,3,1196,1207,3503
1773713647,20,13,20,15,21,0,22,44,23,105,24,201,25,0,26,35,27,500,28,51,29,0,30,0,13,15,12,39,11,90,10,485,9,0,8,500,7,70,6,0,5,6,4,1102,3,1196,951,3503
1773713648,20,13,20,15,21,40,22,44,23,105,24,201,25,0,26,35,27,500,28,51,29,0,30,0,13,15,12,39,11,90,10,485,9,0,8,500,7,70,6,0,5,6,4,1102,3,1196,991,3503
1773713649,20,13,20,15,21,40,22,44,23,105,24,201,25,0,26,35,27,500,28,51,29,0,30,0,13,15,12,39,11,90,10,485,9,0,8,500,7,70,6,0,5,6,4,1102,3,1196,991,3503
1773713650,20,13,20,15,21,40,22,44,23,105,24,201,25,0,26,35,27,500,28,51,29,0,30,0,13,15,12,39,11,90,10,485,9,0,8,500,7,70,6,0,5,6,4,1102,3,1196,991,3503
1773713651,20,13,20,15,21,40,22,44,23,105,24,201,25,0,26,35,27,500,28,51,29,0,30,0,13,45,12,39,11,90,10,485,9,0,8,500,7,70,6,0,5,6,4,1102,3,1196,991,3533
1773713652,20,13,20,15,21,40,22,44,23,105,24,201,25,0,26,35,27,500,28,51,29,0,30,0,13,45,12,39,11,90,10,485,9,0,8,500,7,70,6,0,5,6,4,1102,3,1196,991,3533
1773713653,20,13,20,15,21,0,22,44,23,105,24,201,25,0,26,35,27,500,28,51,29,0,30,0,13,45,12,39,11,50,10,485,9,0,8,500,7,70,6,0,5,6,4,1102,3,1196,951,3493
1773713654,20,13,20,15,21,0,22,44,23,105,24,201,25,0,26,35,27,500,28,51,29,0,30,0,13,45,12,39,11,50,10,485,9,0,8,500,7,67,6,0,5,6,4,1102,3,1196,951,3490
1773713655,20,13,20,15,21,0,22,44,23,105,24,201,25,0,26,35,27,500,28,51,29,0,30,0,13,45,12,39,11,50,10,485,9,0,8,500,7,67,6,0,5,6,4,1102,3,1196,951,3490
1773713656,20,14,20,15,21,0,22,51,23,105,24,201,25,0,26,35,27,500,28,51,29,0,30,0,14,3,13,50,12,1,11,50,10,485,9,0,8,500,7,67,6,0,5,6,4,1102,958,2264
1773713657,20,14,20,15,21,0,22,51,23,105,24,201,25,0,26,35,27,500,28,51,29,0,30,0,14,3,13,50,12,1,11,50,10,485,9,0,8,500,7,67,6,0,5,6,4,1102,958,2264
1773713658,21,14,21,15,22,51,23,105,24,201,25,0,26,35,27,500,28,51,29,0,30,0,31,240,14,3,13,50,12,1,11,50,10,485,9,0,8,500,7,67,6,0,5,6,4,1102,1198,2264
1773713659,21,14,21,15,22,51,23,105,24,201,25,0,26,35,27,500,28,51,29,0,30,0,31,240,14,3,13,50,12,51,11,136,10,485,9,0,8,500,7,67,6,0,5,6,4,1102,1198,2400
1773713660,21,14,21,15,22,51,23,105,24,201,25,0,26,35,27,500,28,51,29,0,30,0,31,240,14,3,13,50,12,51,11,136,10,485,9,0,8,500,7,67,6,0,5,6,4,1102,1198,2400
1773713661,21,14,21,15,22,44,23,105,24,201,25,0,26,35,27,500,28,51,29,0,30,0,31,240,14,3,13,50,12,1,11,50,10,485,9,0,8,500,7,67,6,0,5,648,4,1102,1191,2906
1773713662,21,14,21,15,22,44,23,105,24,201,25,0,26,35,27,500,28,51,29,0,30,0,31,240,14,3,13,50,12,51,11,130,10,485,9,0,8,500,7,67,6,0,5,648,4,1102,1191,3036
1773713663,21,14,21,15,22,44,23,105,24,201,25,0,26,35,27,500,28,51,29,0,30,0,31,240,14,3,13,50,12,1,11,50,10,485,9,0,8,500,7,67,6,0,5,648,4,1102,1191,2906
1773713664,21,14,21,15,22,44,23,56,24,201,25,0,26,35,27,500,28,51,29,0,30,0,31,240,14,3,13,50,12,2,11,143,10,485,9,0,8,0,7,561,6,0,5,648,4,500,1142,2392
1773713665,21,14,21,15,22,44,23,56,24,201,25,0,26,35,27,500,28,51,29,0,30,0,31,240,14,3,13,50,12,2,11,143,10,485,9,0,8,0,7,561,6,0,5,648,4,500,1142,2392
1773713666,21,14,21,15,22,44,23,56,24,201,25,0,26,35,27,500,28,51,29,0,30,0,31,240,14,3,13,50,12,1,11,1,10,485,9,0,8,0,7,561,6,0,5,648,4,500,1142,2249
1773713667,21,14,21,15,22,44,23,56,24,201,25,0,26,35,27,500,28,51,29,0,30,0,31,240,14,3,13,50,12,2,11,144,10,485,9,0,8,0,7,561,6,0,5,648,4,500,1142,2393
1773713668,21,14,21,15,22,44,23,56,24,201,25,0,26,35,27,500,28,51,29,0,30,0,31,240,14,3,13,50,12,2,11,144,10,485,9,0,8,0,7,561,6,0,5,648,4,500,1142,2393
1773713669,21,14,21,15,22,44,23,56,24,201,25,0,26,35,27,500,28,51,29,0,30,0,31,240,14,3,13,50,12,1,11,1,10,485,9,0,8,0,7,561,6,0,5,648,4,500,1142,2249
1773713670,21,14,21,15,22,44,23,56,24,201,25,0,26,35,27,500,28,51,29,0,30,0,31,240,14,3,13,50,12,2,11,133,10,485,9,0,8,0,7,561,6,0,5,648,4,500,1142,2382
1773713671,21,14,21,15,22,44,23,56,24,201,25,0,26,35,27,500,28,51,29,0,30,0,31,240,14,3,13,50,12,2,11,133,10,485,9,0,8,0,7,561,6,0,5,648,4,500,1142,2382
1773713672,21,14,21,15,22,44,23,56,24,201,25,0,26,35,27,500,28,51,29,0,30,0,31,240,14,3,13,50,12,1,11,1,10,485,9,0,8,0,7,561,6,0,5,648,4,500,1142,2249
1773713673,21,14,21,15,22,44,23,78,24,201,25,0,26,0,27,500,28,51,29,0,30,0,31,240,14,3,13,50,12,1,11,1,10,485,9,0,8,0,7,561,6,0,5,648,4,1016,1129,2765
1773713674,21,14,21,15,22,44,23,78,24,201,25,0,26,0,27,500,28,51,29,0,30,0,31,240,14,3,13,50,12,1,11,1,10,485,9,0,8,0,7,561,6,0,5,648,4,1016,1129,2765
1773713675,21,14,21,15,22,44,23,78,24,201,25,0,26,0,27,500,28,51,29,0,30,0,31,240,14,3,13,50,12,1,11,1,10,485,9,0,8,0,7,561,6,0,5,648,4,1016,1129,2765
1773713676,21,14,21,15,22,44,23,78,24,201,25,0,26,0,27,500,28,51,29,0,30,0,31,240,14,3,13,50,12,1,11,1,10,485,9,0,8,0,7,561,6,0,5,648,4,1016,1129,2765
1773713677,21,14,21,15,22,44,23,78,24,201,25,0,26,0,27,500,28,51,29,0,30,0,31,240,14,3,13,50,12,1,11,1,10,485,9,0,8,0,7,561,6,0,5,648,4,1016,1129,2765
1773713678,21,14,21,15,22,44,23,78,24,201,25,0,26,0,27,500,28,51,29,0,30,0,31,240,14,3,13,50,12,1,11,1,10,485,9,0,8,0,7,561,6,0,5,648,4,1016,1129,2765
1773713679,21,14,21,15,22,44,23,78,24,201,25,0,26,0,27,500,28,51,29,0,30,0,31,240,14,3,13,50,12,1,11,1,10,485,9,0,8,0,7,561,6,0,5,648,4,1016,1129,2765
1773713680,21,14,21,15,22,44,23,78,24,201,25,0,26,0,27,500,28,51,29,0,30,0,31,240,14,3,13,50,12,1,11,1,10,485,9,0,8,0,7,561,6,0,5,648,4,1016,1129,2765
1773713681,21,14,21,15,22,44,23,78,24,201,25,0,26,0,27,500,28,51,29,0,30,0,31,240,14,3,13,50,12,1,11,1,10,485,9,0,8,0,7,561,6,0,5,648,4,1016,1129,2765
1773713682,21,14,21,15,22,44,23,78,24,201,25,0,26,0,27,500,28,51,29,0,30,0,31,240,14,3,13,50,12,1,11,1,10,485,9,0,8,0,7,561,6,0,5,648,4,1016,1129,2765
1773713683,21,14,21,15,22,44,23,78,24,201,25,0,26,0,27,500,28,51,29,0,30,0,31,240,14,3,13,50,12,1,11,1,10,485,9,0,8,0,7,561,6,0,5,648,4,1016,1129,2765
1773713684,21,14,21,15,22,44,23,78,24,201,25,0,26,0,27,500,28,51,29,0,30,0,31,240,14,3,13,50,12,1,11,1,10,485,9,0,8,0,7,561,6,0,5,648,4,1016,1129,2765
1773713685,21,14,21,15,22,44,23,78,24,201,25,0,26,0,27,500,28,51,29,0,30,0,31,240,14,3,13,50,12,0,11,1,10,285,9,0,8,200,7,524,6,0,5,6,4,1746,1129,2815
1773713686,21,14,21,15,22,44,23,78,24,201,25,0,26,0,27,500,28,51,29,0,30,0,31,240,14,3,13,50,12,0,11,1,10,285,9,0,8,200,7,524,6,0,5,6,4,1746,1129,2815
1773713687,21,14,21,15,22,44,23,78,24,201,25,0,26,0,27,500,28,51,29,0,30,0,31,240,14,3,13,50,12,0,11,1,10,285,9,0,8,200,7,524,6,0,5,6,4,1746,1129,2815
1773713688,21,14,21,15,22,44,23,127,24,201,25,0,26,0,27,500,28,51,29,0,30,0,31,240,14,3,13,50,12,0,11,50,10,285,9,0,8,200,7,524,6,0,5,6,4,1746,1178,2864
1773713689,21,14,21,15,22,44,23,127,24,201,25,0,26,0,27,500,28,51,29,0,30,0,31,240,14,3,13,50,12,0,11,50,10,285,9,0,8,200,7,524,6,0,5,6,4,1808,1178,2926
1773713690,21,14,21,15,22,44,23,127,24,201,25,0,26,0,27,500,28,51,29,0,30,0,31,240,14,3,13,50,12,0,11,50,10,485,9,0,8,0,7,524,6,0,5,6,4,1808,1178,2926
1773713691,21,14,21,15,22,44,23,127,24,201,25,0,26,0,27,500,28,51,29,0,30,0,31,240,14,3,13,50,12,0,11,50,10,285,9,0,8,200,7,524,6,0,5,6,4,1808,1178,2926
1773713692,21,14,21,15,22,44,23,127,24,201,25,0,26,0,27,500,28,51,29,0,30,0,31,240,14,3,13,50,12,0,11,50,10,285,9,0,8,200,7,524,6,0,5,6,4,1808,1178,2926
1773713693,21,14,21,15,22,44,23,127,24,201,25,0,26,0,27,500,28,51,29,0,30,0,31,240,14,3,13,50,12,0,11,50,10,485,9,0,8,0,7,524,6,0,5,6,4,1836,1178,2954
1773713694,21,14,21,15,22,44,23,127,24,201,25,0,26,0,27,500,28,51,29,0,30,0,31,240,14,3,13,50,12,0,11,50,10,485,9,0,8,0,7,524,6,0,5,6,4,1808,1178,2926
1773713695,21,14,21,15,22,44,23,127,24,201,25,0,26,0,27,500,28,51,29,0,30,0,31,240,14,3,13,50,12,0,11,50,10,285,9,0,8,200,7,524,6,0,5,6,4,1808,1178,2926
1773713696,21,14,21,15,22,44,23,127,24,201,25,0,26,0,27,500,28,51,29,0,30,0,31,240,14,3,13,50,12,0,11,50,10,285,9,0,8,200,7,524,6,0,5,6,4,1811,1178,2929
1773713697,21,14,21,15,22,44,23,127,24,201,25,0,26,0,27,500,28,51,29,0,30,0,31,240,14,3,13,50,12,0,11,50,10,485,9,0,8,0,7,524,6,0,5,6,4,1811,1178,2929
1773713698,21,14,21,15,22,44,23,127,24,201,25,0,26,0,27,500,28,51,29,0,30,0,31,240,14,3,13,50,12,0,11,50,10,485,9,0,8,0,7,524,6,0,5,6,4,1811,1178,2929
1773713699,21,14,21,15,22,44,23,127,24,201,25,0,26,0,27,500,28,51,29,0,30,0,31,240,14,3,13,50,12,0,11,50,10,285,9,0,8,200,7,524,6,0,5,6,4,1811,1178,2929
1773713700,21,14,21,15,22,44,23,127,24,201,25,0,26,0,27,500,28,51,29,0,30,0,31,240,14,3,13,50,12,0,11,50,10,485,9,0,8,0,7,524,6,0,5,6,4,1811,1178,2929
1773713701,21,14,21,15,22,44,23,127,24,201,25,0,26,0,27,500,28,51,29,0,30,0,31,240,14,3,13,50,12,0,11,50,10,485,9,0,8,0,7,524,6,0,5,6,4,1839,1178,2957
1773713702,21,14,21,15,22,44,23,127,24,201,25,0,26,0,27,500,28,51,29,0,30,0,31,240,14,3,13,50,12,0,11,50,10,485,9,0,8,0,7,524,6,0,5,6,4,1811,1178,2929
1773713703,21,14,21,15,22,44,23,127,24,201,25,0,26,0,27,500,28,51,29,0,30,0,31,240,14,3,13,50,12,0,11,50,10,285,9,0,8,200,7,24,6,500,5,71,4,516,1178,1699
1773713704,21,14,21,15,22,44,23,127,24,201,25,0,26,0,27,500,28,51,29,0,30,0,31,240,14,3,13,50,12,0,11,50,10,285,9,0,8,200,7,24,6,500,5,71,4,516,1178,1699
1773713705,21,14,21,15,22,44,23,127,24,201,25,0,26,0,27,500,28,51,29,0,30,0,31,240,14,3,13,50,12,0,11,50,10,285,9,0,8,200,7,24,6,500,5,71,4,516,1178,1699
1773713706,21,14,21,15,22,51,23,127,24,201,25,0,26,0,27,500,28,51,29,0,30,0,31,240,14,3,13,50,12,0,11,50,10,285,9,0,8,200,7,24,6,500,5,99,4,516,1185,1727
1773713707,21,14,21,15,22,51,23,127,24,201,25,0,26,0,27,500,28,51,29,0,30,0,31,240,14,3,13,50,12,0,11,50,10,285,9,0,8,200,7,24,6,500,5,99,4,516,1185,1727
1773713708,21,14,21,15,22,51,23,127,24,201,25,0,26,0,27,500,28,51,29,0,30,0,31,240,14,3,13,50,12,0,11,50,10,285,9,0,8,200,7,24,6,500,5,99,4,516,1185,1727
1773713709,21,13,21,15,22,51,23,127,24,201,25,0,26,436,27,500,28,51,29,0,30,0,31,0,13,50,12,0,11,3,10,25,9,4,8,200,7,266,6,0,5,6,4,597,3,1000,1381,2151
1773713710,21,13,21,15,22,51,23,127,24,201,25,0,26,436,27,500,28,51,29,0,30,0,31,0,13,50,12,0,11,0,10,29,9,136,8,0,7,466,6,0,5,6,4,532,3,1000,1381,2219
1773713711,21,13,21,15,22,44,23,127,24,201,25,0,26,436,27,500,28,51,29,0,30,0,31,0,13,50,12,0,11,0,10,25,9,0,8,204,7,266,6,0,5,6,4,562,3,1000,1374,2113
1773713712,21,13,21,15,22,44,23,127,24,201,25,0,26,436,27,500,28,51,29,0,30,0,31,0,13,50,12,0,11,0,10,53,9,133,8,0,7,466,6,0,5,6,4,562,3,1000,1374,2270
1773713713,20,13,20,200,21,515,22,31,23,562,24,1184,25,0,26,0,27,0,28,0,29,0,30,0,13,50,12,0,11,702,10,29,9,133,8,200,7,24,6,241,5,6,4,590,3,1000,2492,2975
1773713714,18,13,18,116,19,277,20,0,21,515,22,466,23,0,24,1693,25,0,26,0,27,0,28,500,13,50,12,4,11,702,10,25,9,0,8,0,7,24,6,241,5,516,4,662,3,1000,3567,3224
1773713715,18,13,18,76,19,200,20,77,21,515,22,466,23,0,24,1693,25,0,26,0,27,0,28,500,13,50,12,4,11,702,10,25,9,0,8,0,7,164,6,241,5,516,4,805,3,1000,3527,3507
1773713716,18,14,18,76,19,200,20,77,21,515,22,466,23,0,24,1693,25,0,26,0,27,0,28,500,14,3,13,50,12,4,11,702,10,25,9,0,8,0,7,164,6,241,5,516,4,600,3527,2305
1773713717,18,14,18,116,19,200,20,77,21,515,22,466,23,0,24,1693,25,0,26,0,27,0,28,500,14,3,13,50,12,4,11,842,10,25,9,0,8,0,7,24,6,241,5,516,4,600,3567,2305
1773713718,17,14,17,31,18,63,19,200,20,77,21,515,22,435,23,0,24,1693,25,0,26,0,27,0,14,18,13,20,12,4,11,842,10,25,9,0,8,0,7,24,6,253,5,516,4,600,3014,2302
1773713719,17,14,17,31,18,63,19,200,20,77,21,515,22,435,23,0,24,1693,25,0,26,0,27,0,14,18,13,20,12,4,11,702,10,25,9,0,8,0,7,24,6,253,5,516,4,600,3014,2162
1773713720,17,14,17,31,18,63,19,200,20,77,21,515,22,435,23,0,24,1693,25,0,26,0,27,0,14,18,13,5,12,19,11,852,10,25,9,0,8,0,7,24,6,253,5,516,4,600,3014,2312
1773713721,17,14,17,31,18,63,19,200,20,77,21,515,22,435,23,0,24,1704,25,0,26,0,27,0,14,18,13,50,12,19,11,857,10,25,9,0,8,0,7,24,6,253,5,516,4,600,3025,2362
1773713722,17,14,17,41,18,63,19,200,20,77,21,515,22,435,23,0,24,1704,25,0,26,0,27,0,14,18,13,0,12,19,11,707,10,25,9,0,8,0,7,24,6,253,5,516,4,600,3035,2162
1773713723,17,14,17,31,18,13,19,10,20,77,21,65,22,435,23,219,24,1,25,0,26,0,27,0,14,18,13,0,12,15,11,5,10,29,9,140,8,200,7,24,6,253,5,516,4,600,851,1800
1773713724,17,14,17,20,18,13,19,0,20,0,21,142,22,435,23,219,24,1,25,0,26,0,27,0,14,18,13,0,12,15,11,55,10,29,9,140,8,200,7,24,6,253,5,516,4,600,830,1850
1773713725,17,14,17,20,18,13,19,10,20,50,21,142,22,435,23,219,24,1,25,0,26,0,27,0,14,18,13,27,12,15,11,5,10,25,9,137,8,200,7,24,6,253,5,516,4,600,890,1820
1773713726,17,13,17,20,18,13,19,10,20,50,21,142,22,435,23,219,24,1,25,0,26,0,27,0,13,32,12,15,11,0,10,29,9,133,8,0,7,344,6,0,5,516,4,600,3,1000,890,2669
1773713727,17,13,17,20,18,13,19,0,20,25,21,142,22,635,23,19,24,1,25,0,26,0,27,0,13,41,12,15,11,50,10,25,9,0,8,0,7,465,6,0,5,516,4,600,3,1028,855,2740
1773713728,17,13,17,20,18,13,19,0,20,25,21,142,22,635,23,19,24,1,25,0,26,0,27,0,13,41,12,15,11,50,10,25,9,146,8,0,7,265,6,200,5,516,4,600,3,1028,855,2886
1773713729,17,13,17,20,18,13,19,0,20,25,21,142,22,635,23,19,24,1,25,0,26,0,27,0,13,41,12,15,11,65,10,49,9,146,8,0,7,465,6,0,5,516,4,600,3,1028,855,2925
1773713730,17,14,17,20,18,13,19,0,20,25,21,142,22,635,23,19,24,1,25,0,26,0,27,0,14,15,13,41,12,0,11,65,10,25,9,0,8,24,7,465,6,0,5,516,4,641,855,1792
1773713731,17,15,17,20,18,13,19,10,20,51,21,144,22,635,23,19,24,1,25,0,26,0,27,0,15,31,14,15,13,32,12,0,11,15,10,25,9,24,8,353,7,265,6,21,5,6,893,787
1773713732,17,15,17,20,18,13,19,10,20,51,21,144,22,635,23,19,24,1,25,0,26,0,27,0,15,31,14,15,13,32,12,0,11,15,10,49,9,200,8,153,7,265,6,543,5,6,893,1309
1773713733,17,15,17,20,18,13,19,10,20,51,21,144,22,635,23,19,24,1,25,0,26,0,27,0,15,31,14,15,13,32,12,0,11,39,10,154,9,0,8,200,7,265,6,43,5,506,893,1285
1773713734,17,15,17,20,18,13,19,10,20,51,21,144,22,635,23,19,24,1,25,0,26,0,27,0,15,31,14,15,13,32,12,0,11,39,10,154,9,0,8,200,7,265,6,543,5,6,893,1285
1773713735,17,14,17,20,18,13,19,25,20,51,21,129,22,635,23,19,24,1,25,0,26,0,27,0,14,31,13,37,12,15,11,15,10,25,9,224,8,0,7,265,6,500,5,69,4,0,893,1181
1773713736,17,14,17,20,18,13,19,25,20,51,21,129,22,635,23,19,24,1,25,0,26,0,27,0,14,31,13,37,12,15,11,15,10,49,9,154,8,200,7,265,6,0,5,52,4,500,893,1318
1773713737,17,14,17,20,18,13,19,25,20,51,21,129,22,635,23,19,24,1,25,0,26,0,27,0,14,31,13,37,12,15,11,15,10,49,9,154,8,200,7,265,6,0,5,52,4,500,893,1318
1773713738,17,14,17,20,18,13,19,25,20,130,21,279,22,435,23,19,24,1,25,0,26,0,27,0,14,31,13,37,12,15,11,15,10,25,9,24,8,200,7,265,6,0,5,552,4,0,922,1164
1773713739,17,14,17,20,18,13,19,25,20,130,21,279,22,435,23,19,24,1,25,0,26,0,27,0,14,31,13,37,12,15,11,15,10,49,9,152,8,200,7,265,6,0,5,52,4,500,922,1316
1773713740,17,14,17,20,18,13,19,25,20,130,21,279,22,435,23,19,24,1,25,0,26,0,27,0,14,31,13,37,12,15,11,15,10,49,9,152,8,200,7,265,6,0,5,52,4,500,922,1316
1773713741,17,14,17,20,18,13,19,25,20,130,21,279,22,435,23,19,24,1,25,0,26,0,27,0,14,31,13,37,12,15,11,0,10,49,9,138,8,200,7,265,6,0,5,52,4,500,922,1287
1773713742,17,14,17,20,18,13,19,25,20,130,21,279,22,435,23,19,24,1,25,0,26,0,27,0,14,31,13,37,12,15,11,0,10,49,9,138,8,200,7,265,6,0,5,52,4,500,922,1287
1773713743,17,14,17,20,18,13,19,25,20,130,21,279,22,435,23,19,24,1,25,0,26,0,27,0,14,31,13,37,12,15,11,0,10,25,9,24,8,200,7,265,6,0,5,552,4,0,922,1149
1773713744,17,14,17,20,18,13,19,25,20,130,21,279,22,435,23,19,24,1,25,0,26,0,27,0,14,31,13,37,12,15,11,0,10,49,9,139,8,200,7,265,6,0,5,52,4,500,922,1288
1773713745,17,14,17,20,18,13,19,25,20,130,21,279,22,435,23,19,24,1,25,0,26,0,27,0,14,31,13,37,12,15,11,0,10,49,9,139,8,200,7,265,6,0,5,52,4,500,922,1288
1773713746,17,14,17,20,18,13,19,25,20,130,21,279,22,435,23,19,24,1,25,0,26,0,27,0,14,31,13,37,12,15,11,0,10,25,9,24,8,200,7,265,6,0,5,552,4,0,922,1149
1773713747,17,14,17,20,18,13,19,25,20,130,21,279,22,435,23,0,24,27,25,0,26,0,27,0,14,46,13,37,12,0,11,0,10,49,9,132,8,200,7,265,6,0,5,52,4,500,929,1281
1773713748,17,15,17,20,18,13,19,25,20,130,21,279,22,435,23,0,24,27,25,0,26,0,27,0,15,3,14,46,13,37,12,0,11,0,10,25,9,24,8,200,7,265,6,0,5,552,929,1152
1773713749,19,15,19,37,20,7,21,109,22,200,23,435,24,501,25,0,26,45,27,0,28,0,29,0,15,3,14,46,13,5,12,0,11,0,10,25,9,24,8,441,7,24,6,0,5,552,1334,1120
1773713750,19,15,19,6,20,7,21,109,22,200,23,435,24,501,25,0,26,45,27,0,28,0,29,0,15,3,14,46,13,5,12,0,11,0,10,25,9,24,8,441,7,24,6,0,5,552,1303,1120
1773713751,19,15,19,6,20,7,21,137,22,200,23,435,24,501,25,0,26,45,27,0,28,0,29,0,15,3,14,46,13,5,12,0,11,0,10,25,9,24,8,441,7,24,6,0,5,552,1331,1120
1773713752,20,15,20,15,21,144,22,200,23,435,24,501,25,0,26,45,27,0,28,0,29,0,30,0,15,3,14,31,13,5,12,0,11,0,10,90,9,24,8,441,7,24,6,0,5,552,1340,1170
1773713753,20,15,20,15,21,144,22,200,23,435,24,501,25,0,26,45,27,0,28,0,29,0,30,0,15,3,14,31,13,5,12,0,11,0,10,90,9,24,8,441,7,80,6,0,5,506,1340,1180
1773713754,18,15,18,10,19,59,20,15,21,137,22,200,23,435,24,501,25,0,26,45,27,0,28,0,15,3,14,31,13,5,12,45,11,0,10,64,9,200,8,241,7,80,6,0,5,506,1402,1175
1773713755,18,15,18,10,19,59,20,15,21,137,22,200,23,435,24,501,25,0,26,45,27,0,28,0,15,3,14,31,13,5,12,0,11,0,10,40,9,24,8,441,7,24,6,37,5,506,1402,1111
1773713756,18,15,18,10,19,66,20,15,21,137,22,200,23,435,24,501,25,0,26,45,27,0,28,0,15,3,14,31,13,5,12,0,11,0,10,40,9,24,8,441,7,24,6,37,5,506,1409,1111
1773713757,18,15,18,10,19,66,20,15,21,137,22,200,23,435,24,501,25,0,26,45,27,0,28,0,15,3,14,31,13,5,12,20,11,0,10,64,9,200,8,241,7,24,6,37,5,506,1409,1131
1773713758,18,15,18,25,19,66,20,0,21,137,22,200,23,435,24,501,25,0,26,45,27,0,28,0,15,3,14,31,13,5,12,20,11,24,10,169,9,200,8,241,7,24,6,37,5,506,1409,1260
1773713759,18,15,18,25,19,66,20,0,21,137,22,200,23,435,24,501,25,0,26,45,27,0,28,0,15,3,14,31,13,5,12,20,11,24,10,169,9,200,8,241,7,24,6,37,5,506,1409,1260
1773713760,18,15,18,25,19,66,20,20,21,137,22,200,23,435,24,501,25,0,26,45,27,0,28,0,15,3,14,31,13,5,12,20,11,0,10,64,9,200,8,241,7,24,6,37,5,506,1429,1131
1773713761,18,15,18,25,19,59,20,20,21,97,22,200,23,435,24,501,25,0,26,45,27,0,28,0,15,3,14,31,13,5,12,20,11,24,10,180,9,0,8,441,7,24,6,37,5,506,1382,1271
1773713762,18,15,18,25,19,59,20,20,21,97,22,200,23,435,24,501,25,0,26,45,27,0,28,0,15,3,14,31,13,5,12,20,11,24,10,180,9,200,8,241,7,24,6,537,5,6,1382,1271
1773713763,18,15,18,25,19,59,20,20,21,97,22,200,23,435,24,501,25,0,26,45,27,0,28,0,15,3,14,31,13,5,12,20,11,24,10,169,9,0,8,441,7,24,6,37,5,506,1382,1260
1773713764,18,15,18,25,19,59,20,20,21,97,22,200,23,435,24,501,25,0,26,45,27,0,28,0,15,3,14,31,13,5,12,20,11,24,10,169,9,0,8,441,7,24,6,37,5,506,1382,1260
1773713765,18,15,18,25,19,59,20,20,21,97,22,200,23,435,24,501,25,0,26,45,27,0,28,0,15,3,14,31,13,0,12,20,11,0,10,40,9,224,8,241,7,24,6,37,5,506,1382,1126
1773713766,18,15,18,10,19,58,20,20,21,97,22,200,23,435,24,501,25,0,26,45,27,0,28,0,15,3,14,31,13,0,12,20,11,24,10,173,9,0,8,441,7,24,6,37,5,506,1366,1259
1773713767,18,15,18,10,19,58,20,20,21,97,22,200,23,435,24,501,25,0,26,45,27,0,28,0,15,3,14,31,13,0,12,20,11,24,10,173,9,0,8,441,7,24,6,37,5,506,1366,1259
1773713768,18,15,18,10,19,58,20,20,21,97,22,200,23,435,24,501,25,0,26,45,27,0,28,0,15,3,14,31,13,0,12,20,11,0,10,40,9,224,8,241,7,24,6,37,5,506,1366,1126
1773713769,18,15,18,25,19,58,20,20,21,97,22,200,23,435,24,501,25,0,26,45,27,0,28,0,15,3,14,31,13,0,12,20,11,0,10,194,9,200,8,241,7,24,6,37,5,506,1381,1256
1773713770,18,15,18,25,19,58,20,70,21,247,22,0,23,435,24,501,25,20,26,0,27,0,28,0,15,3,14,31,13,0,12,20,11,0,10,64,9,200,8,241,7,24,6,537,5,6,1356,1126
1773713771,18,15,18,25,19,58,20,121,21,200,22,0,23,435,24,501,25,20,26,0,27,0,28,0,15,3,14,31,13,0,12,20,11,0,10,64,9,200,8,241,7,24,6,537,5,6,1360,1126
1773713772,18,15,18,25,19,58,20,121,21,0,22,200,23,435,24,501,25,20,26,0,27,0,28,500,15,3,14,31,13,0,12,20,11,0,10,64,9,200,8,241,7,24,6,537,5,6,1860,1126
1773713773,18,15,18,25,19,58,20,50,21,200,22,71,23,435,24,501,25,20,26,0,27,0,28,500,15,3,14,31,13,0,12,20,11,0,10,64,9,200,8,241,7,24,6,537,5,6,1860,1126
1773713774,18,15,18,25,19,58,20,50,21,200,22,71,23,435,24,501,25,20,26,0,27,0,28,500,15,3,14,31,13,0,12,20,11,0,10,64,9,200,8,241,7,24,6,537,5,6,1860,1126
1773713775,18,15,18,25,19,58,20,50,21,200,22,71,23,435,24,501,25,20,26,0,27,0,28,500,15,3,14,31,13,0,12,20,11,0,10,64,9,200,8,241,7,24,6,537,5,6,1860,1126
1773713776,18,15,18,25,19,79,20,50,21,200,22,71,23,435,24,501,25,20,26,0,27,0,28,500,15,3,14,31,13,0,12,20,11,0,10,64,9,200,8,241,7,24,6,537,5,6,1881,1126
1773713777,18,15,18,25,19,79,20,50,21,200,22,71,23,435,24,501,25,20,26,0,27,0,28,500,15,3,14,31,13,0,12,20,11,0,10,64,9,200,8,241,7,24,6,537,5,6,1881,1126
1773713778,18,15,18,25,19,79,20,100,21,0,22,200,23,435,24,501,25,20,26,0,27,0,28,500,15,3,14,31,13,0,12,20,11,0,10,64,9,200,8,241,7,24,6,537,5,6,1860,1126
1773713779,18,15,18,25,19,79,20,0,21,250,22,0,23,485,24,501,25,20,26,0,27,0,28,500,15,3,14,31,13,0,12,20,11,0,10,64,9,200,8,241,7,24,6,537,5,6,1860,1126
1773713780,18,15,18,25,19,58,20,0,21,250,22,0,23,506,24,501,25,20,26,0,27,0,28,500,15,3,14,31,13,0,12,20,11,0,10,64,9,200,8,241,7,24,6,537,5,6,1860,1126
1773713781,18,15,18,25,19,58,20,0,21,250,22,0,23,506,24,501,25,20,26,0,27,0,28,500,15,3,14,31,13,0,12,20,11,0,10,64,9,200,8,241,7,24,6,537,5,6,1860,1126
1773713782,18,15,18,25,19,58,20,50,21,200,22,0,23,506,24,501,25,20,26,0,27,0,28,500,15,3,14,31,13,0,12,20,11,0,10,64,9,200,8,241,7,24,6,537,5,6,1860,1126
1773713783,18,15,18,25,19,58,20,50,21,200,22,71,23,435,24,501,25,20,26,0,27,0,28,500,15,3,14,31,13,0,12,20,11,0,10,64,9,200,8,241,7,24,6,537,5,6,1860,1126
1773713784,18,15,18,25,19,58,20,0,21,321,22,0,23,435,24,501,25,20,26,0,27,0,28,500,15,3,14,31,13,0,12,20,11,0,10,64,9,200,8,241,7,24,6,537,5,6,1860,1126
1773713785,18,15,18,25,19,58,20,0,21,250,22,0,23,435,24,501,25,20,26,0,27,71,28,500,15,3,14,31,13,0,12,20,11,0,10,64,9,200,8,241,7,24,6,537,5,6,1860,1126
1773713786,18,15,18,25,19,58,20,50,21,0,22,200,23,435,24,501,25,0,26,0,27,470,28,0,15,3,14,31,13,0,12,20,11,0,10,90,9,200,8,241,7,24,6,537,5,6,1739,1152
1773713787,18,15,18,25,19,81,20,50,21,0,22,200,23,435,24,501,25,0,26,48,27,371,28,0,15,3,14,31,13,0,12,20,11,0,10,90,9,200,8,241,7,24,6,537,5,6,1711,1152
1773713788,18,15,18,25,19,81,20,50,21,0,22,200,23,483,24,501,25,0,26,0,27,371,28,0,15,3,14,31,13,0,12,20,11,0,10,90,9,200,8,241,7,24,6,537,5,6,1711,1152
1773713789,18,15,18,65,19,58,20,123,21,200,22,48,23,435,24,1,25,0,26,0,27,448,28,0,15,3,14,31,13,0,12,20,11,0,10,90,9,200,8,241,7,24,6,537,5,6,1378,1152
1773713790,18,15,18,25,19,58,20,100,21,271,22,0,23,435,24,501,25,0,26,0,27,406,28,0,15,3,14,31,13,0,12,20,11,0,10,90,9,200,8,241,7,24,6,37,5,506,1796,1152
1773713791,18,15,18,25,19,58,20,100,21,0,22,200,23,435,24,1,25,71,26,340,27,0,28,500,15,3,14,31,13,0,12,20,11,0,10,90,9,200,8,241,7,24,6,37,5,506,1730,1152
1773713792,18,15,18,25,19,58,20,100,21,200,22,0,23,435,24,501,25,91,26,257,27,0,28,500,15,3,14,31,13,0,12,20,11,0,10,90,9,200,8,241,7,24,6,37,5,506,2167,1152
1773713793,18,15,18,25,19,58,20,100,21,200,22,0,23,435,24,501,25,91,26,257,27,0,28,500,15,3,14,31,13,0,12,20,11,0,10,90,9,200,8,241,7,24,6,37,5,506,2167,1152
1773713794,18,15,18,25,19,58,20,100,21,200,22,0,23,435,24,501,25,20,26,257,27,0,28,500,15,2,14,31,13,0,12,20,11,0,10,90,9,200,8,241,7,24,6,35,5,506,2096,1149
1773713795,18,15,18,70,19,65,20,0,21,300,22,0,23,435,24,501,25,20,26,257,27,0,28,500,15,2,14,31,13,0,12,20,11,0,10,90,9,200,8,241,7,24,6,35,5,506,2148,1149
1773713796,18,15,18,10,19,65,20,0,21,100,22,200,23,435,24,501,25,20,26,257,27,0,28,0,15,2,14,31,13,0,12,20,11,0,10,90,9,200,8,241,7,24,6,35,5,506,1588,1149
1773713797,18,15,18,10,19,65,20,0,21,300,22,0,23,435,24,501,25,20,26,257,27,0,28,500,15,2,14,31,13,0,12,20,11,0,10,90,9,200,8,241,7,24,6,35,5,506,2088,1149
1773713798,18,15,18,25,19,65,20,0,21,100,22,200,23,435,24,501,25,20,26,257,27,0,28,500,15,2,14,31,13,0,12,20,11,0,10,90,9,200,8,241,7,24,6,35,5,506,2103,1149
1773713799,18,15,18,25,19,65,20,100,21,200,22,0,23,435,24,501,25,20,26,257,27,0,28,0,15,2,14,31,13,0,12,20,11,0,10,90,9,200,8,241,7,24,6,35,5,506,1603,1149
1773713800,18,15,18,25,19,65,20,0,21,300,22,0,23,435,24,501,25,20,26,257,27,0,28,500,15,2,14,31,13,0,12,20,11,0,10,90,9,200,8,241,7,24,6,35,5,506,2103,1149
1773713801,20,15,20,105,21,0,22,200,23,435,24,501,25,20,26,257,27,0,28,500,29,0,30,5000,15,2,14,31,13,0,12,20,11,0,10,90,9,200,8,241,7,82,6,0,5,506,7018,1172
1773713802,20,15,20,28,21,300,22,0,23,435,24,501,25,20,26,257,27,0,28,500,29,0,30,5000,15,2,14,31,13,0,12,20,11,133,10,140,9,200,8,241,7,82,6,500,5,6,7041,1355
1773713803,20,15,20,128,21,0,22,200,23,435,24,501,25,20,26,257,27,0,28,0,29,0,30,5000,15,2,14,31,13,0,12,100,11,133,10,240,9,0,8,241,7,82,6,500,5,6,6541,1335
1773713804,20,15,20,28,21,300,22,0,23,435,24,501,25,20,26,257,27,0,28,500,29,0,30,5000,15,1,14,31,13,0,12,0,11,100,10,240,9,0,8,241,7,82,6,500,5,6,7041,1201
1773713805,18,15,18,10,19,0,20,14,21,300,22,0,23,435,24,501,25,20,26,257,27,0,28,0,15,1,14,31,13,0,12,100,11,147,10,240,9,0,8,241,7,582,6,0,5,6,1537,1348
1773713806,19,15,19,70,20,114,21,0,22,200,23,435,24,501,25,20,26,257,27,0,28,500,29,0,15,1,14,31,13,0,12,100,11,147,10,240,9,0,8,241,7,582,6,0,5,6,2097,1348
1773713807,20,15,20,208,21,250,22,0,23,0,24,501,25,433,26,257,27,396,28,0,29,0,30,5000,15,1,14,31,13,0,12,50,11,100,10,240,9,0,8,241,7,82,6,500,5,6,7045,1251
1773713808,19,15,19,33,20,88,21,200,22,100,23,0,24,501,25,433,26,257,27,378,28,0,29,0,15,1,14,31,13,115,12,135,11,0,10,225,9,0,8,241,7,582,6,0,5,6,1990,1336
1773713809,20,14,20,39,21,360,22,0,23,28,24,501,25,433,26,257,27,406,28,0,29,0,30,5000,14,31,13,15,12,0,11,100,10,225,9,0,8,241,7,24,6,538,5,6,4,568,7024,1748
1773713810,19,14,19,10,20,46,21,100,22,200,23,88,24,501,25,433,26,257,27,361,28,0,29,0,14,31,13,15,12,100,11,145,10,225,9,0,8,241,7,524,6,38,5,6,4,568,1996,1893
1773713811,20,14,20,46,21,100,22,200,23,88,24,501,25,433,26,257,27,406,28,0,29,0,30,5000,14,31,13,15,12,100,11,145,10,225,9,0,8,241,7,524,6,38,5,6,4,568,7031,1893
1773713812,19,14,19,10,20,146,21,0,22,200,23,88,24,501,25,433,26,257,27,361,28,0,29,0,14,31,13,15,12,0,11,100,10,225,9,0,8,241,7,24,6,538,5,6,4,568,1996,1748
1773713813,19,14,19,10,20,146,21,200,22,0,23,15,24,589,25,433,26,111,27,0,28,0,29,287,14,31,13,0,12,0,11,100,10,166,9,200,8,241,7,24,6,538,5,21,4,568,1791,1889
1773713814,19,12,19,30,20,104,21,300,22,0,23,15,24,501,25,433,26,111,27,0,28,0,29,287,12,54,11,100,10,366,9,0,8,0,7,524,6,281,5,21,4,568,3,1626,2,709,1781,4249
1773713815,19,12,19,205,20,39,21,0,22,200,23,15,24,501,25,433,26,111,27,0,28,0,29,287,12,54,11,0,10,25,9,238,8,200,7,24,6,274,5,521,4,568,3,1626,2,709,1791,4239
1773713816,20,13,20,46,21,300,22,0,23,15,24,501,25,471,26,67,27,0,28,50,29,287,30,5000,13,2,12,54,11,0,10,125,9,338,8,0,7,524,6,274,5,21,4,568,3,1626,6737,3532
1773713817,20,13,20,146,21,0,22,200,23,15,24,501,25,502,26,111,27,0,28,50,29,287,30,5000,13,2,12,54,11,0,10,125,9,200,8,0,7,24,6,274,5,521,4,568,3,1626,6812,3394
1773713818,20,13,20,146,21,0,22,200,23,103,24,501,25,433,26,111,27,0,28,0,29,287,30,5000,13,34,12,49,11,100,10,168,9,0,8,200,7,24,6,274,5,521,4,568,3,1626,6781,3564
1773713819,20,13,20,46,21,100,22,200,23,103,24,501,25,433,26,111,27,0,28,0,29,287,30,5000,13,49,12,49,11,100,10,168,9,0,8,200,7,24,6,274,5,506,4,568,3,1626,6781,3564
1773713820,20,13,20,46,21,300,22,0,23,103,24,501,25,433,26,111,27,0,28,0,29,287,30,5000,13,49,12,49,11,0,10,25,9,300,8,0,7,24,6,274,5,506,4,568,3,1000,6781,2795
1773713821,19,13,19,34,20,146,21,0,22,200,23,15,24,501,25,433,26,111,27,0,28,0,29,287,13,49,12,49,11,100,10,175,9,0,8,200,7,24,6,274,5,506,4,568,3,1000,1727,2945
1773713822,19,13,19,24,20,146,21,0,22,200,23,15,24,501,25,433,26,111,27,0,28,0,29,287,13,49,12,49,11,100,10,375,9,0,8,0,7,24,6,281,5,506,4,568,3,1620,1717,3572
1773713823,19,13,19,10,20,51,21,0,22,200,23,15,24,501,25,433,26,66,27,0,28,0,29,251,13,49,12,49,11,100,10,225,9,0,8,0,7,24,6,281,5,506,4,568,3,1620,1527,3422
1773713824,19,13,19,25,20,51,21,239,22,0,23,48,24,501,25,433,26,66,27,0,28,0,29,251,13,49,12,49,11,100,10,368,9,0,8,0,7,24,6,281,5,506,4,568,3,1620,1614,3565
1773713825,19,13,19,15,20,15,21,236,22,0,23,48,24,540,25,433,26,66,27,0,28,0,29,251,13,49,12,49,11,100,10,225,9,0,8,0,7,24,6,281,5,506,4,568,3,1620,1604,3422
1773713826,19,13,19,46,20,15,21,50,22,200,23,48,24,501,25,433,26,76,27,0,28,0,29,251,13,49,12,49,11,150,10,368,9,0,8,0,7,24,6,281,5,506,4,568,3,1620,1620,3615
1773713827,19,13,19,25,20,54,21,50,22,200,23,48,24,501,25,433,26,76,27,0,28,0,29,251,13,49,12,49,11,150,10,368,9,0,8,0,7,24,6,281,5,506,4,568,3,1620,1638,3615
1773713828,20,13,20,29,21,0,22,49,23,746,24,1,25,20,26,0,27,0,28,500,29,251,30,5000,13,49,12,49,11,150,10,225,9,0,8,0,7,24,6,784,5,6,4,568,3,1620,6596,3475
1773713829,20,13,20,29,21,10,22,89,23,696,24,1,25,20,26,0,27,0,28,500,29,251,30,5000,13,49,12,49,11,150,10,355,9,0,8,0,7,524,6,291,5,6,4,568,3,1620,6596,3612
1773713830,20,13,20,29,21,10,22,75,23,696,24,1,25,20,26,0,27,0,28,500,29,251,30,5000,13,49,12,149,11,0,10,355,9,0,8,0,7,524,6,291,5,6,4,568,3,1620,6582,3562
1773713831,21,13,21,8,22,39,23,63,24,1,25,236,26,433,27,0,28,500,29,310,30,5000,31,0,13,49,12,0,11,100,10,225,9,0,8,0,7,524,6,240,5,96,4,619,3,1620,6590,3473
1773713832,22,13,22,36,23,63,24,24,25,236,26,433,27,0,28,500,29,310,30,5000,31,0,32,330,13,49,12,0,11,100,10,225,9,0,8,0,7,524,6,240,5,92,4,619,3,1620,6932,3469
1773713833,22,13,22,36,23,63,24,60,25,200,26,433,27,0,28,500,29,310,30,5000,31,0,32,0,13,49,12,0,11,0,10,25,9,100,8,200,7,24,6,256,5,6,4,619,3,1620,6602,2899
1773713834,21,13,21,37,22,21,23,92,24,634,25,10,26,0,27,500,28,15,29,251,30,5000,31,0,13,34,12,119,11,0,10,25,9,147,8,200,7,24,6,263,5,521,4,619,3,1620,6560,3572
1773713835,21,13,21,37,22,44,23,107,24,634,25,10,26,0,27,500,28,15,29,251,30,5000,31,0,13,34,12,114,11,15,10,25,9,347,8,0,7,24,6,270,5,521,4,619,3,1000,6598,2969
1773713836,21,13,21,37,22,244,23,107,24,434,25,10,26,0,27,500,28,15,29,251,30,5000,31,0,13,34,12,14,11,15,10,171,9,300,8,0,7,24,6,263,5,521,4,619,3,1000,6598,2961
1773713837,19,13,19,14,20,43,21,215,22,0,23,481,24,501,25,0,26,38,27,0,28,15,29,251,13,2,12,35,11,115,10,171,9,0,8,200,7,24,6,239,5,21,4,642,3,1000,1558,2449
1773713838,18,13,18,48,19,24,20,87,21,215,22,0,23,433,24,501,25,20,26,0,27,0,28,15,13,2,12,35,11,15,10,25,9,0,8,100,7,224,6,239,5,21,4,627,3,1000,1343,2288
1773713839,18,13,18,48,19,25,20,80,21,215,22,0,23,433,24,501,25,20,26,0,27,0,28,0,13,2,12,35,11,15,10,25,9,0,8,452,7,24,6,239,5,521,4,637,3,1000,1322,2950
1773713840,18,13,18,48,19,25,20,80,21,215,22,0,23,433,24,501,25,20,26,0,27,0,28,500,13,2,12,35,11,15,10,25,9,100,8,352,7,24,6,239,5,521,4,637,3,1000,1822,2950
1773713841,18,13,18,48,19,25,20,80,21,215,22,0,23,433,24,501,25,20,26,0,27,0,28,500,13,2,12,35,11,15,10,25,9,100,8,200,7,24,6,239,5,521,4,637,3,1000,1822,2798
1773713842,18,13,18,48,19,25,20,80,21,215,22,0,23,433,24,501,25,20,26,0,27,0,28,500,13,2,12,35,11,15,10,125,9,134,8,200,7,24,6,239,5,521,4,637,3,1000,1822,2932
1773713843,18,12,18,48,19,25,20,80,21,215,22,0,23,433,24,501,25,20,26,0,27,0,28,500,12,35,11,15,10,125,9,134,8,200,7,24,6,239,5,521,4,619,3,1132,2,626,1822,3670
1773713844,18,12,18,48,19,25,20,80,21,215,22,0,23,433,24,501,25,20,26,0,27,0,28,500,12,35,11,15,10,25,9,15,8,234,7,224,6,239,5,506,4,619,3,1451,2,105,1822,3468
1773713845,18,12,18,48,19,25,20,80,21,215,22,0,23,433,24,501,25,20,26,0,27,0,28,500,12,30,11,15,10,25,9,115,8,334,7,24,6,239,5,506,4,693,3,1389,2,105,1822,3475
1773713846,18,12,18,48,19,25,20,80,21,215,22,0,23,433,24,501,25,20,26,0,27,0,28,500,12,30,11,15,10,25,9,115,8,200,7,24,6,239,5,506,4,693,3,1389,2,105,1822,3341
1773713847,18,12,18,48,19,25,20,56,21,215,22,286,23,433,24,501,25,20,26,0,27,0,28,0,12,30,11,15,10,125,9,166,8,200,7,24,6,239,5,506,4,693,3,1389,2,680,1584,4067
1773713848,18,12,18,48,19,25,20,56,21,215,22,286,23,433,24,501,25,20,26,0,27,0,28,0,12,30,11,15,10,125,9,166,8,200,7,24,6,239,5,506,4,693,3,1389,2,680,1584,4067
1773713849,18,12,18,48,19,10,20,44,21,42,22,486,23,433,24,1,25,0,26,46,27,0,28,0,12,30,11,15,10,25,9,100,8,200,7,24,6,239,5,59,4,619,3,1389,2,680,1110,3380
1773713850,18,12,18,48,19,0,20,0,21,86,22,486,23,433,24,1,25,0,26,18,27,0,28,0,12,30,11,15,10,125,9,137,8,200,7,24,6,739,5,59,4,619,3,1389,2,680,1072,4017
1773713851,18,12,18,48,19,0,20,0,21,86,22,486,23,433,24,1,25,0,26,18,27,0,28,0,12,30,11,15,10,125,9,137,8,200,7,24,6,739,5,59,4,619,3,1389,2,680,1072,4017
1773713852,18,12,18,48,19,0,20,0,21,86,22,486,23,433,24,1,25,0,26,46,27,0,28,0,12,30,11,15,10,25,9,100,8,200,7,24,6,239,5,59,4,500,3,1389,2,680,1100,3261
1773713853,18,12,18,48,19,0,20,0,21,86,22,486,23,433,24,1,25,0,26,46,27,0,28,0,12,30,11,15,10,125,9,154,8,200,7,24,6,239,5,58,4,0,3,1389,2,680,1100,2914
1773713854,18,12,18,48,19,0,20,0,21,86,22,486,23,433,24,1,25,0,26,46,27,0,28,0,12,30,11,15,10,125,9,154,8,200,7,24,6,239,5,58,4,0,3,1389,2,680,1100,2914
1773713855,18,12,18,48,19,0,20,0,21,86,22,486,23,433,24,1,25,0,26,46,27,0,28,0,12,30,11,15,10,25,9,233,8,200,7,24,6,239,5,58,4,500,3,1389,2,680,1100,3393
1773713856,18,11,18,48,19,0,20,0,21,86,22,486,23,433,24,1,25,0,26,46,27,0,28,0,11,30,10,138,9,133,8,200,7,24,6,739,5,58,4,0,3,1389,2,680,1,1917,1100,5308
1773713857,18,11,18,48,19,0,20,0,21,86,22,486,23,433,24,1,25,0,26,46,27,0,28,0,11,30,10,25,9,100,8,200,7,24,6,239,5,37,4,500,3,1389,2,680,1,1917,1100,5141
1773713858,18,11,18,48,19,0,20,0,21,86,22,486,23,433,24,1,25,0,26,46,27,0,28,0,11,30,10,25,9,100,8,332,7,24,6,239,5,537,4,0,3,1389,2,680,1,1917,1100,5273
1773713859,18,11,18,48,19,0,20,0,21,86,22,486,23,433,24,1,25,0,26,46,27,0,28,0,11,30,10,25,9,100,8,332,7,24,6,239,5,537,4,0,3,1389,2,680,1,1917,1100,5273
1773713860,18,11,18,48,19,0,20,0,21,86,22,486,23,433,24,1,25,0,26,46,27,0,28,0,11,30,10,25,9,100,8,200,7,24,6,239,5,537,4,0,3,1389,2,680,1,1917,1100,5141
1773713861,18,11,18,48,19,0,20,0,21,86,22,486,23,433,24,1,25,0,26,46,27,0,28,0,11,30,10,25,9,15,8,257,7,224,6,0,5,506,4,282,3,1000,2,680,1,1917,1100,4936
1773713862,18,11,18,48,19,0,20,0,21,86,22,486,23,433,24,1,25,0,26,46,27,0,28,0,11,30,10,25,9,15,8,257,7,224,6,0,5,506,4,282,3,1000,2,680,1,1917,1100,4936
1773713863,17,11,17,14,18,48,19,10,20,212,21,559,22,286,23,433,24,1194,25,0,26,0,27,0,11,732,10,25,9,15,8,251,7,224,6,0,5,506,4,239,3,1113,2,680,1,1917,2756,5702
1773713864,17,11,17,24,18,104,19,0,20,200,21,515,22,286,23,433,24,1694,25,0,26,0,27,0,11,732,10,25,9,115,8,151,7,224,6,0,5,836,4,927,3,1113,2,680,1,1917,3256,6720
1773713865,17,11,17,14,18,58,19,212,20,44,21,515,22,286,23,433,24,1722,25,0,26,0,27,0,11,732,10,25,9,15,8,100,7,224,6,0,5,836,4,927,3,1113,2,680,1,1917,3284,6569
1773713866,17,11,17,14,18,70,19,200,20,44,21,515,22,286,23,433,24,1694,25,0,26,0,27,0,11,732,10,25,9,115,8,135,7,224,6,0,5,836,4,927,3,1113,2,680,1,1917,3256,6704
1773713867,17,11,17,24,18,60,19,200,20,44,21,515,22,286,23,433,24,1694,25,0,26,0,27,0,11,732,10,25,9,115,8,135,7,224,6,0,5,836,4,927,3,1113,2,680,1,1917,3256,6704
1773713868,17,12,17,23,18,60,19,200,20,44,21,515,22,0,23,433,24,1740,25,0,26,0,27,0,12,15,11,732,10,25,9,0,8,0,7,24,6,100,5,336,4,1050,3,1000,2,680,3015,3962
1773713869,17,12,17,23,18,60,19,200,20,0,21,15,22,317,23,433,24,1704,25,0,26,0,27,0,12,15,11,732,10,25,9,0,8,0,7,124,6,153,5,336,4,1050,3,1000,2,680,2752,4115
1773713870,17,12,17,23,18,60,19,200,20,0,21,59,22,273,23,433,24,1704,25,0,26,0,27,0,12,15,11,732,10,25,9,0,8,0,7,124,6,153,5,336,4,1050,3,1000,2,680,2752,4115
1773713871,17,12,17,23,18,60,19,200,20,0,21,59,22,273,23,433,24,1704,25,0,26,0,27,0,12,15,11,732,10,25,9,0,8,0,7,24,6,237,5,336,4,1050,3,1000,2,680,2752,4099
1773713872,17,12,17,13,18,48,19,0,20,0,21,71,22,273,23,433,24,1732,25,0,26,0,27,0,12,15,11,732,10,25,9,0,8,0,7,124,6,755,5,336,4,980,3,1000,2,105,2570,4072
1773713873,17,12,17,13,18,48,19,0,20,0,21,71,22,273,23,452,24,1,25,0,26,0,27,0,12,15,11,30,10,25,9,50,8,0,7,124,6,618,5,336,4,980,3,1000,2,105,858,3283
1773713874,17,12,17,13,18,48,19,0,20,200,21,71,22,273,23,433,24,29,25,0,26,0,27,0,12,15,11,30,10,25,9,0,8,139,7,324,6,618,5,336,4,927,3,1053,2,105,1067,3572
1773713875,17,12,17,23,18,48,19,56,20,200,21,15,22,273,23,433,24,29,25,0,26,0,27,0,12,15,11,30,10,25,9,0,8,239,7,224,6,618,5,336,4,927,3,1053,2,105,1077,3572
1773713876,17,12,17,23,18,48,19,56,20,200,21,15,22,273,23,433,24,29,25,0,26,0,27,0,12,15,11,30,10,25,9,0,8,100,7,224,6,618,5,336,4,927,3,1053,2,105,1077,3433
1773713877,17,12,17,13,18,58,19,56,20,200,21,15,22,273,23,433,24,29,25,0,26,0,27,0,12,15,11,30,10,25,9,100,8,137,7,224,6,618,5,336,4,927,3,1053,2,105,1077,3570
1773713878,17,12,17,23,18,48,19,56,20,200,21,15,22,273,23,433,24,29,25,0,26,0,27,0,12,15,11,30,10,25,9,100,8,137,7,224,6,618,5,336,4,927,3,1053,2,105,1077,3570
1773713879,17,12,17,13,18,58,19,56,20,200,21,15,22,273,23,433,24,29,25,0,26,0,27,0,12,15,11,30,10,25,9,0,8,100,7,224,6,618,5,6,4,927,3,1053,2,105,1077,3103
1773713880,17,12,17,23,18,63,19,0,20,256,21,0,22,273,23,433,24,29,25,0,26,0,27,0,12,15,11,30,10,25,9,100,8,154,7,224,6,618,5,6,4,282,3,1000,2,105,1077,2559
1773713881,17,12,17,23,18,63,19,0,20,212,21,42,22,273,23,433,24,29,25,0,26,0,27,0,12,15,11,30,10,25,9,100,8,154,7,224,6,618,5,6,4,282,3,1000,2,105,1075,2559
1773713882,17,12,17,23,18,75,19,0,20,200,21,42,22,773,23,433,24,99,25,0,26,0,27,0,12,15,11,30,10,25,9,0,8,100,7,224,6,618,5,6,4,282,3,1000,2,105,1645,2405
1773713883,17,12,17,23,18,75,19,0,20,200,21,42,22,773,23,433,24,127,25,0,26,0,27,0,12,15,11,30,10,25,9,100,8,131,7,224,6,618,5,6,4,282,3,1000,2,105,1673,2536
1773713884,17,12,17,23,18,63,19,212,20,0,21,42,22,273,23,433,24,99,25,0,26,0,27,0,12,15,11,30,10,25,9,100,8,131,7,224,6,618,5,6,4,282,3,1000,2,415,1145,2846
1773713885,17,12,17,23,18,60,19,0,20,200,21,15,22,273,23,433,24,99,25,0,26,0,27,0,12,15,11,30,10,25,9,0,8,100,7,224,6,618,5,6,4,282,3,1000,2,415,1103,2715
1773713886,17,12,17,23,18,60,19,200,20,0,21,15,22,773,23,433,24,127,25,0,26,0,27,0,12,15,11,30,10,25,9,100,8,133,7,224,6,0,5,506,4,282,3,1000,2,415,1631,2730
1773713887,17,12,17,23,18,48,19,212,20,0,21,15,22,315,23,433,24,99,25,0,26,0,27,0,12,15,11,30,10,25,9,100,8,133,7,224,6,0,5,506,4,282,3,1000,2,415,1145,2730
1773713888,17,12,17,23,18,60,19,200,20,0,21,515,22,315,23,433,24,127,25,0,26,0,27,0,12,15,11,732,10,25,9,0,8,100,7,224,6,0,5,6,4,782,3,1000,2,415,1673,3299
1773713889,17,12,17,23,18,60,19,200,20,42,21,515,22,273,23,433,24,1782,25,0,26,0,27,0,12,15,11,732,10,25,9,0,8,100,7,224,6,0,5,666,4,1354,3,1113,2,415,3328,4644
1773713890,17,12,17,23,18,60,19,215,20,42,21,931,22,273,23,56,24,501,25,0,26,0,27,0,12,15,11,732,10,25,9,0,8,100,7,224,6,0,5,666,4,1354,3,1113,2,415,2101,4644
1773713891,16,12,16,10,17,54,18,248,19,15,20,0,21,931,22,273,23,151,24,501,25,0,26,0,12,15,11,732,10,25,9,0,8,100,7,224,6,0,5,666,4,1354,3,1113,2,415,2183,4644
1773713892,17,12,17,35,18,248,19,15,20,0,21,973,22,273,23,151,24,501,25,0,26,0,27,0,12,15,11,732,10,25,9,0,8,100,7,224,6,0,5,666,4,1354,3,1113,2,415,2196,4644
1773713893,17,12,17,35,18,248,19,15,20,0,21,973,22,273,23,151,24,501,25,0,26,0,27,0,12,15,11,732,10,25,9,0,8,100,7,224,6,0,5,666,4,1354,3,1113,2,415,2196,4644
1773713894,17,12,17,35,18,248,19,15,20,0,21,973,22,273,23,151,24,501,25,0,26,0,27,0,12,15,11,732,10,25,9,0,8,100,7,224,6,0,5,666,4,1354,3,1113,2,415,2196,4644
1773713895,17,12,17,35,18,248,19,15,20,0,21,973,22,273,23,151,24,501,25,0,26,0,27,0,12,15,11,732,10,25,9,0,8,100,7,224,6,0,5,666,4,1354,3,1113,2,415,2196,4644
1773713896,17,12,17,35,18,248,19,15,20,184,21,931,22,0,23,151,24,501,25,0,26,0,27,0,12,15,11,732,10,25,9,0,8,100,7,224,6,0,5,666,4,1354,3,1113,2,415,2065,4644
1773713897,17,12,17,77,18,248,19,15,20,184,21,931,22,0,23,151,24,501,25,0,26,0,27,0,12,15,11,732,10,25,9,0,8,100,7,224,6,0,5,666,4,1354,3,1113,2,415,2107,4644
1773713898,17,12,17,35,18,248,19,57,20,184,21,931,22,0,23,151,24,1,25,0,26,0,27,0,12,15,11,30,10,25,9,0,8,100,7,224,6,0,5,666,4,1397,3,1000,2,415,1607,3872
1773713899,17,12,17,35,18,248,19,57,20,184,21,931,22,0,23,151,24,1,25,0,26,0,27,0,12,15,11,30,10,25,9,0,8,100,7,224,6,0,5,666,4,1397,3,1000,2,415,1607,3872
1773713900,17,12,17,35,18,248,19,57,20,184,21,931,22,0,23,151,24,1,25,0,26,0,27,0,12,15,11,30,10,25,9,0,8,100,7,224,6,0,5,666,4,1397,3,1000,2,415,1607,3872
1773713901,17,12,17,35,18,248,19,57,20,184,21,931,22,0,23,151,24,1,25,0,26,0,27,0,12,15,11,30,10,25,9,0,8,100,7,224,6,0,5,666,4,1397,3,1000,2,415,1607,3872
1773713902,17,12,17,35,18,248,19,57,20,184,21,931,22,0,23,151,24,1,25,0,26,0,27,0,12,15,11,30,10,25,9,0,8,100,7,224,6,0,5,666,4,1354,3,1053,2,415,1607,3882
1773713903,17,12,17,77,18,248,19,15,20,184,21,931,22,0,23,151,24,1,25,0,26,0,27,0,12,15,11,30,10,75,9,0,8,100,7,224,6,0,5,666,4,1354,3,1053,2,415,1607,3932
1773713904,16,12,16,10,17,67,18,248,19,15,20,184,21,931,22,0,23,151,24,1,25,0,26,0,12,15,11,30,10,25,9,0,8,100,7,224,6,0,5,666,4,1354,3,1053,2,415,1607,3882
1773713905,16,12,16,10,17,67,18,248,19,15,20,184,21,931,22,0,23,151,24,1,25,0,26,0,12,15,11,30,10,25,9,0,8,100,7,224,6,0,5,666,4,1354,3,1053,2,415,1607,3882
1773713906,16,12,16,10,17,67,18,248,19,15,20,184,21,931,22,0,23,151,24,1,25,0,26,0,12,15,11,30,10,25,9,0,8,100,7,224,6,0,5,666,4,1354,3,1053,2,105,1607,3572
1773713907,17,12,17,23,18,248,19,15,20,226,21,431,22,0,23,0,24,1338,25,0,26,0,27,0,12,15,11,732,10,25,9,0,8,100,7,224,6,0,5,666,4,1354,3,1053,2,105,2281,4274
1773713908,17,12,17,23,18,248,19,15,20,184,21,431,22,0,23,0,24,1838,25,0,26,0,27,0,12,15,11,732,10,25,9,0,8,100,7,224,6,0,5,666,4,1354,3,1053,2,494,2739,4663
1773713909,17,12,17,23,18,248,19,57,20,184,21,431,22,0,23,0,24,1838,25,0,26,0,27,0,12,15,11,732,10,25,9,0,8,100,7,224,6,631,5,666,4,1354,3,1053,2,494,2781,5294
1773713910,17,12,17,23,18,248,19,57,20,184,21,431,22,0,23,0,24,1838,25,0,26,0,27,0,12,15,11,732,10,25,9,0,8,0,7,124,6,631,5,666,4,1004,3,1000,2,494,2781,4691
1773713911,17,12,17,23,18,248,19,57,20,184,21,431,22,0,23,0,24,1838,25,0,26,0,27,0,12,15,11,732,10,25,9,0,8,0,7,124,6,631,5,666,4,1004,3,1000,2,494,2781,4691
1773713912,17,12,17,23,18,248,19,57,20,184,21,431,22,0,23,0,24,1837,25,0,26,0,27,0,12,15,11,732,10,25,9,0,8,100,7,174,6,631,5,666,4,994,3,1000,2,494,2780,4831
1773713913,17,12,17,23,18,248,19,57,20,184,21,431,22,0,23,0,24,1837,25,0,26,0,27,0,12,15,11,732,10,25,9,0,8,100,7,174,6,631,5,666,4,994,3,1000,2,494,2780,4831
1773713914,17,12,17,23,18,248,19,57,20,184,21,431,22,0,23,0,24,1837,25,0,26,0,27,0,12,15,11,732,10,25,9,0,8,0,7,124,6,631,5,666,4,994,3,1000,2,494,2780,4681
1773713915,17,12,17,23,18,248,19,57,20,184,21,431,22,0,23,0,24,1837,25,0,26,0,27,0,12,15,11,732,10,25,9,0,8,100,7,158,6,631,5,666,4,994,3,1000,2,494,2780,4815
1773713916,17,12,17,23,18,248,19,57,20,184,21,431,22,0,23,0,24,1837,25,0,26,0,27,0,12,15,11,732,10,25,9,0,8,100,7,158,6,631,5,666,4,994,3,1000,2,494,2780,4815
1773713917,17,12,17,23,18,248,19,57,20,0,21,431,22,500,23,150,24,1,25,0,26,0,27,267,12,15,11,30,10,25,9,0,8,200,7,124,6,631,5,6,4,379,3,1000,2,494,1677,2904
1773713918,17,12,17,23,18,248,19,15,20,42,21,431,22,500,23,150,24,1,25,0,26,0,27,267,12,15,11,30,10,125,9,132,8,200,7,24,6,631,5,6,4,379,3,1000,2,494,1677,3036
1773713919,17,12,17,23,18,248,19,15,20,42,21,431,22,500,23,150,24,1,25,0,26,0,27,267,12,15,11,30,10,25,9,100,8,200,7,24,6,631,5,6,4,379,3,1000,2,494,1677,2904
1773713920,17,12,17,23,18,248,19,15,20,42,21,431,22,500,23,178,24,1,25,0,26,0,27,267,12,15,11,30,10,25,9,100,8,352,7,24,6,631,5,6,4,305,3,1000,2,494,1705,2982
1773713921,16,12,16,10,17,96,18,248,19,15,20,0,21,431,22,500,23,178,24,1,25,0,26,0,12,15,11,30,10,25,9,100,8,352,7,24,6,631,5,6,4,305,3,1000,2,494,1479,2982
1773713922,16,12,16,15,17,23,18,248,19,0,20,0,21,431,22,500,23,178,24,1,25,0,26,0,12,15,11,80,10,25,9,100,8,200,7,24,6,631,5,6,4,305,3,1000,2,494,1396,2880
1773713923,16,12,16,15,17,23,18,248,19,0,20,0,21,514,22,500,23,178,24,1,25,0,26,0,12,15,11,30,10,25,9,248,8,0,7,224,6,631,5,6,4,305,3,1000,2,494,1479,2978
1773713924,16,12,16,15,17,23,18,248,19,0,20,0,21,514,22,500,23,178,24,1,25,0,26,0,12,15,11,30,10,125,9,148,8,0,7,224,6,631,5,6,4,305,3,1000,2,494,1479,2978
1773713925,16,12,16,15,17,23,18,248,19,0,20,0,21,514,22,500,23,178,24,1,25,0,26,0,12,15,11,30,10,25,9,0,8,300,7,24,6,631,5,6,4,305,3,1000,2,494,1479,2830
1773713926,16,12,16,15,17,23,18,248,19,0,20,0,21,431,22,500,23,178,24,1,25,0,26,0,12,15,11,30,10,125,9,157,8,200,7,24,6,0,5,6,4,305,3,1000,2,494,1396,2356
1773713927,17,12,17,119,18,248,19,0,20,0,21,931,22,0,23,119,24,1,25,0,26,15,27,267,12,15,11,30,10,125,9,157,8,200,7,24,6,0,5,6,4,305,3,1000,2,494,1700,2356
1773713928,16,12,16,10,17,157,18,200,19,0,20,0,21,931,22,0,23,119,24,1,25,0,26,15,12,15,11,30,10,25,9,100,8,200,7,24,6,0,5,6,4,805,3,1599,2,494,1433,3298
1773713929,16,12,16,10,17,61,18,200,19,96,20,0,21,931,22,0,23,119,24,1,25,0,26,15,12,15,11,30,10,125,9,139,8,200,7,24,6,0,5,6,4,304,3,1599,2,105,1433,2547
1773713930,16,12,16,10,17,61,18,96,19,0,20,200,21,931,22,0,23,119,24,1,25,0,26,15,12,15,11,35,10,125,9,139,8,200,7,24,6,0,5,6,4,574,3,1599,2,105,1433,2822
1773713931,16,13,16,10,17,61,18,0,19,0,20,200,21,931,22,73,23,119,24,1,25,0,26,15,13,35,12,725,11,0,10,25,9,0,8,0,7,124,6,238,5,32,4,270,3,1599,1410,3048
1773713932,16,13,16,10,17,61,18,0,19,0,20,200,21,931,22,73,23,119,24,1,25,0,26,15,13,35,12,725,11,0,10,25,9,100,8,135,7,24,6,238,5,636,4,270,3,1599,1410,3787
1773713933,16,13,16,10,17,61,18,0,19,0,20,200,21,946,22,73,23,119,24,1,25,0,26,0,13,35,12,725,11,0,10,25,9,100,8,135,7,24,6,238,5,636,4,270,3,1599,1410,3787
1773713934,16,13,16,10,17,61,18,0,19,0,20,200,21,946,22,73,23,119,24,1,25,0,26,0,13,35,12,725,11,0,10,25,9,0,8,0,7,124,6,238,5,636,4,270,3,1599,1410,3652
1773713935,16,13,16,10,17,61,18,0,19,0,20,200,21,946,22,0,23,119,24,1,25,0,26,0,13,35,12,725,11,0,10,25,9,100,8,155,7,24,6,238,5,610,4,391,3,1599,1337,3902
1773713936,16,13,16,10,17,61,18,0,19,0,20,200,21,946,22,0,23,119,24,1,25,0,26,0,13,35,12,725,11,0,10,25,9,100,8,155,7,24,6,238,5,706,4,270,3,1599,1337,3877
1773713937,16,13,16,10,17,61,18,0,19,0,20,200,21,946,22,0,23,119,24,1,25,0,26,0,13,35,12,725,11,0,10,25,9,0,8,0,7,124,6,238,5,636,4,270,3,1599,1337,3652
1773713938,16,13,16,10,17,28,18,0,19,0,20,200,21,931,22,0,23,119,24,1,25,0,26,0,13,35,12,725,11,0,10,25,9,100,8,134,7,24,6,238,5,706,4,270,3,1599,1289,3856
1773713939,17,13,17,38,18,0,19,200,20,260,21,931,22,0,23,119,24,1,25,0,26,0,27,0,13,35,12,725,11,0,10,25,9,100,8,134,7,24,6,238,5,706,4,270,3,1599,1549,3856
1773713940,17,13,17,28,18,10,19,200,20,260,21,931,22,0,23,119,24,1,25,0,26,0,27,0,13,35,12,725,11,0,10,25,9,0,8,0,7,124,6,238,5,706,4,270,3,1599,1549,3722
1773713941,16,13,16,10,17,88,18,0,19,200,20,260,21,931,22,0,23,119,24,1,25,0,26,0,13,35,12,15,11,0,10,25,9,249,8,200,7,24,6,238,5,634,4,270,3,1599,1609,3289
1773713942,16,13,16,10,17,186,18,0,19,200,20,260,21,931,22,0,23,119,24,1,25,0,26,0,13,35,12,15,11,0,10,25,9,249,8,200,7,24,6,238,5,634,4,270,3,1599,1707,3289
1773713943,17,13,17,15,18,207,19,15,20,260,21,431,22,0,23,109,24,1,25,0,26,0,27,0,13,35,12,15,11,0,10,25,9,100,8,200,7,24,6,738,5,652,4,270,3,1599,1038,3658
1773713944,17,13,17,15,18,207,19,15,20,260,21,431,22,0,23,81,24,1,25,0,26,0,27,89,13,35,12,15,11,0,10,125,9,146,8,200,7,24,6,738,5,652,4,270,3,1599,1099,3804
1773713945,17,13,17,15,18,246,19,15,20,260,21,431,22,0,23,81,24,1,25,0,26,0,27,89,13,35,12,15,11,0,10,25,9,100,8,200,7,24,6,738,5,652,4,270,3,1599,1138,3658
1773713946,17,13,17,15,18,239,19,15,20,260,21,431,22,0,23,81,24,1,25,0,26,0,27,0,13,30,12,15,11,0,10,125,9,136,8,200,7,24,6,238,5,645,4,270,3,1599,1042,3282
1773713947,17,13,17,15,18,239,19,15,20,260,21,431,22,0,23,102,24,1,25,0,26,0,27,0,13,30,12,15,11,0,10,125,9,136,8,200,7,24,6,238,5,641,4,270,3,1599,1063,3278
1773713948,16,13,16,15,17,108,18,239,19,0,20,260,21,431,22,0,23,102,24,1,25,0,26,0,13,30,12,15,11,0,10,25,9,0,8,100,7,224,6,238,5,27,4,500,3,1000,1156,2159
1773713949,16,13,16,15,17,171,18,239,19,0,20,260,21,431,22,0,23,102,24,1,25,0,26,0,13,30,12,15,11,0,10,25,9,100,8,141,7,224,6,238,5,27,4,500,3,1000,1219,2300
1773713950,16,13,16,15,17,171,18,239,19,0,20,260,21,431,22,0,23,102,24,1,25,0,26,0,13,30,12,15,11,0,10,25,9,100,8,141,7,224,6,238,5,27,4,500,3,1000,1219,2300
1773713951,16,13,16,15,17,210,18,0,19,200,20,260,21,431,22,0,23,102,24,1,25,0,26,0,13,30,12,15,11,0,10,25,9,0,8,100,7,224,6,238,5,27,4,500,3,1000,1219,2159
1773713952,16,13,16,15,17,54,18,200,19,156,20,260,21,431,22,0,23,102,24,1,25,0,26,0,13,30,12,15,11,0,10,25,9,100,8,145,7,224,6,238,5,27,4,500,3,1000,1219,2304
1773713953,16,13,16,15,17,54,18,200,19,156,20,260,21,431,22,0,23,102,24,1,25,0,26,0,13,30,12,15,11,0,10,25,9,100,8,145,7,224,6,238,5,27,4,500,3,1000,1219,2304
1773713954,17,13,17,54,18,200,19,171,20,260,21,431,22,0,23,102,24,1,25,0,26,0,27,0,13,30,12,15,11,0,10,25,9,0,8,100,7,224,6,238,5,27,4,500,3,1000,1219,2159
1773713955,17,13,17,54,18,200,19,171,20,260,21,431,22,0,23,102,24,1,25,0,26,0,27,0,13,30,12,15,11,0,10,25,9,100,8,153,7,224,6,238,5,27,4,500,3,1000,1219,2312
1773713956,17,13,17,54,18,200,19,171,20,260,21,431,22,0,23,102,24,1,25,0,26,0,27,0,13,35,12,15,11,0,10,25,9,100,8,353,7,24,6,238,5,27,4,0,3,1000,1219,1817
1773713957,17,13,17,185,18,200,19,40,20,260,21,431,22,0,23,102,24,1,25,0,26,0,27,0,13,35,12,15,11,0,10,25,9,100,8,200,7,24,6,238,5,30,4,500,3,1000,1219,2167
1773713958,17,13,17,185,18,200,19,40,20,260,21,431,22,0,23,102,24,1,25,0,26,0,27,0,13,35,12,15,11,0,10,125,9,136,8,200,7,24,6,238,5,30,4,500,3,1000,1219,2303
1773713959,16,13,16,15,17,185,18,200,19,25,20,260,21,431,22,0,23,102,24,1,25,0,26,0,13,35,12,15,11,0,10,125,9,136,8,200,7,24,6,238,5,30,4,500,3,1000,1219,2303
1773713960,16,13,16,15,17,185,18,200,19,25,20,260,21,431,22,0,23,130,24,1,25,0,26,0,13,35,12,15,11,0,10,25,9,100,8,200,7,24,6,238,5,30,4,500,3,1000,1247,2167
1773713961,16,13,16,15,17,185,18,200,19,25,20,260,21,431,22,0,23,102,24,1,25,0,26,0,13,30,12,15,11,0,10,25,9,100,8,156,7,224,6,238,5,27,4,500,3,1000,1219,2315
1773713962,16,13,16,15,17,185,18,200,19,25,20,260,21,431,22,0,23,102,24,1,25,0,26,0,13,30,12,15,11,0,10,25,9,100,8,156,7,224,6,238,5,27,4,500,3,1000,1219,2315
1773713963,16,13,16,15,17,185,18,0,19,0,20,200,21,431,22,0,23,102,24,1,25,0,26,0,13,30,12,15,11,0,10,25,9,0,8,100,7,224,6,238,5,27,4,500,3,1000,934,2159
1773713964,16,13,16,15,17,54,18,131,19,0,20,225,21,431,22,500,23,102,24,1,25,0,26,0,13,30,12,15,11,0,10,25,9,100,8,141,7,224,6,238,5,27,4,500,3,1000,1459,2300
1773713965,16,13,16,15,17,61,18,0,19,200,20,156,21,431,22,500,23,102,24,1,25,0,26,0,13,30,12,15,11,0,10,25,9,100,8,141,7,224,6,238,5,27,4,500,3,1000,1466,2300
1773713966,16,13,16,15,17,61,18,0,19,200,20,156,21,431,22,0,23,102,24,1,25,0,26,0,13,30,12,15,11,0,10,25,9,0,8,100,7,224,6,238,5,27,4,500,3,1000,966,2159
1773713967,16,13,16,15,17,61,18,0,19,200,20,156,21,431,22,0,23,102,24,1,25,0,26,0,13,30,12,15,11,0,10,25,9,100,8,154,7,224,6,238,5,27,4,500,3,1000,966,2313
1773713968,16,13,16,15,17,61,18,0,19,200,20,156,21,431,22,0,23,102,24,1,25,0,26,0,13,30,12,15,11,0,10,25,9,100,8,154,7,224,6,238,5,27,4,500,3,1000,966,2313
1773713969,17,13,17,192,18,200,19,15,20,25,21,931,22,0,23,130,24,1,25,0,26,0,27,198,13,30,12,15,11,0,10,25,9,0,8,100,7,224,6,238,5,27,4,500,3,1000,1692,2159
1773713970,17,13,17,185,18,200,19,15,20,25,21,431,22,0,23,130,24,1,25,0,26,0,27,198,13,30,12,15,11,0,10,25,9,100,8,138,7,224,6,238,5,27,4,500,3,1000,1185,2297
1773713971,17,13,17,185,18,200,19,15,20,25,21,431,22,0,23,130,24,1,25,0,26,0,27,198,13,30,12,15,11,0,10,25,9,100,8,138,7,224,6,238,5,27,4,500,3,1617,1185,2914
1773713972,17,13,17,185,18,200,19,15,20,25,21,431,22,0,23,102,24,1,25,0,26,0,27,198,13,30,12,15,11,0,10,25,9,0,8,100,7,224,6,238,5,27,4,500,3,1617,1157,2776
1773713973,17,13,17,185,18,200,19,15,20,25,21,431,22,0,23,102,24,1,25,0,26,0,27,198,13,30,12,15,11,0,10,25,9,100,8,135,7,224,6,238,5,27,4,500,3,1617,1157,2911
1773713974,16,13,16,15,17,54,18,0,19,200,20,25,21,431,22,500,23,102,24,1,25,0,26,0,13,30,12,15,11,0,10,25,9,100,8,135,7,224,6,238,5,27,4,500,3,1617,1328,2911
1773713975,16,13,16,15,17,61,18,0,19,200,20,25,21,431,22,500,23,102,24,1,25,0,26,0,13,30,12,15,11,0,10,25,9,0,8,100,7,224,6,238,5,27,4,500,3,1617,1335,2776
1773713976,15,12,15,9,16,15,17,61,18,0,19,200,20,156,21,431,22,0,23,130,24,1,25,0,12,15,11,0,10,130,9,157,8,0,7,224,6,238,5,6,4,531,3,1617,2,558,1003,3476
1773713977,15,12,15,9,16,15,17,61,18,0,19,200,20,156,21,431,22,0,23,102,24,1,25,0,12,15,11,0,10,130,9,157,8,0,7,224,6,238,5,6,4,521,3,1617,2,558,975,3466
1773713978,15,12,15,9,16,15,17,61,18,0,19,200,20,156,21,431,22,0,23,130,24,1,25,0,12,15,11,0,10,30,9,50,8,100,7,224,6,238,5,6,4,524,3,1617,2,558,1003,3362
1773713979,16,12,16,9,17,61,18,200,19,15,20,25,21,431,22,0,23,102,24,1,25,0,26,0,12,15,11,0,10,125,9,141,8,0,7,224,6,238,5,6,4,524,3,1617,2,558,844,3448
1773713980,16,12,16,9,17,193,18,200,19,15,20,26,21,431,22,0,23,102,24,1,25,0,26,0,12,15,11,0,10,125,9,341,8,0,7,24,6,238,5,506,4,323,3,1617,2,558,977,3747
1773713981,16,12,16,9,17,193,18,200,19,15,20,26,21,431,22,0,23,102,24,1,25,0,26,0,12,46,11,0,10,125,9,205,8,0,7,24,6,738,5,6,4,323,3,1617,2,558,977,3642
1773713982,16,12,16,9,17,193,18,200,19,15,20,26,21,431,22,0,23,102,24,1,25,0,26,0,12,46,11,0,10,125,9,335,8,0,7,24,6,738,5,6,4,323,3,1617,2,558,977,3772
1773713983,16,12,16,9,17,193,18,200,19,15,20,26,21,431,22,0,23,102,24,1,25,0,26,0,12,46,11,0,10,125,9,335,8,0,7,24,6,738,5,6,4,323,3,1617,2,558,977,3772
1773713984,16,12,16,9,17,193,18,200,19,15,20,26,21,431,22,0,23,102,24,1,25,0,26,0,12,46,11,0,10,125,9,205,8,0,7,24,6,238,5,506,4,323,3,1617,2,558,977,3642
1773713985,16,12,16,9,17,193,18,0,19,200,20,26,21,431,22,0,23,102,24,1,25,0,26,0,12,46,11,0,10,125,9,348,8,0,7,24,6,738,5,6,4,323,3,1617,2,558,962,3785
1773713986,16,12,16,9,17,61,18,0,19,200,20,26,21,431,22,500,23,102,24,1,25,0,26,0,12,46,11,0,10,125,9,205,8,0,7,24,6,238,5,506,4,323,3,1617,2,558,1330,3642
1773713987,16,12,16,9,17,61,18,0,19,200,20,433,21,431,22,500,23,102,24,1,25,0,26,0,12,46,11,0,10,125,9,205,8,0,7,24,6,238,5,506,4,323,3,1617,2,558,1737,3642
1773713988,16,12,16,9,17,61,18,200,19,158,20,275,21,431,22,500,23,102,24,1,25,0,26,0,12,46,11,0,10,125,9,341,8,0,7,24,6,738,5,6,4,323,3,1617,2,558,1737,3778
1773713989,16,12,16,9,17,61,18,200,19,158,20,275,21,431,22,500,23,102,24,1,25,0,26,0,12,46,11,0,10,125,9,205,8,0,7,24,6,238,5,506,4,323,3,1617,2,558,1737,3642
1773713990,16,12,16,9,17,61,18,200,19,158,20,275,21,431,22,500,23,102,24,1,25,0,26,0,12,46,11,0,10,125,9,205,8,0,7,24,6,238,5,506,4,323,3,1617,2,558,1737,3642
1773713991,16,12,16,9,17,194,18,0,19,225,20,275,21,431,22,500,23,102,24,1,25,0,26,0,12,46,11,0,10,125,9,205,8,0,7,24,6,238,5,506,4,323,3,1617,2,558,1737,3642
1773713992,16,12,16,9,17,61,18,333,19,25,20,275,21,431,22,500,23,102,24,1,25,0,26,0,12,46,11,0,10,125,9,205,8,0,7,24,6,238,5,506,4,323,3,1617,2,558,1737,3642
1773713993,16,12,16,9,17,61,18,200,19,158,20,275,21,431,22,500,23,102,24,1,25,0,26,0,12,46,11,0,10,125,9,205,8,0,7,24,6,238,5,506,4,323,3,1617,2,558,1737,3642
1773713994,16,12,16,9,17,61,18,200,19,158,20,275,21,431,22,500,23,102,24,1,25,0,26,0,12,46,11,0,10,125,9,205,8,0,7,24,6,238,5,506,4,323,3,1617,2,558,1737,3642
1773713995,16,12,16,19,17,61,18,200,19,158,20,275,21,431,22,500,23,102,24,1,25,0,26,0,12,46,11,0,10,125,9,200,8,0,7,24,6,238,5,506,4,318,3,1617,2,558,1747,3632
1773713996,16,12,16,19,17,54,18,200,19,158,20,275,21,431,22,500,23,102,24,1,25,0,26,0,12,46,11,0,10,125,9,0,8,200,7,24,6,238,5,506,4,318,3,1000,2,105,1740,2562
1773713997,16,12,16,19,17,187,18,200,19,25,20,275,21,431,22,500,23,102,24,1,25,0,26,0,12,46,11,0,10,25,9,100,8,200,7,24,6,238,5,506,4,318,3,1000,2,105,1740,2562
1773713998,16,12,16,19,17,187,18,200,19,25,20,275,21,431,22,500,23,102,24,1,25,0,26,0,12,46,11,0,10,125,9,0,8,200,7,24,6,238,5,506,4,318,3,1000,2,105,1740,2562
1773713999,16,12,16,19,17,187,18,200,19,25,20,275,21,431,22,500,23,102,24,1,25,0,26,0,12,39,11,0,10,25,9,300,8,0,7,24,6,238,5,506,4,159,3,1000,2,105,1740,2396
1773714000,16,12,16,19,17,194,18,200,19,25,20,275,21,431,22,0,23,130,24,1,25,0,26,0,12,39,11,0,10,25,9,100,8,200,7,24,6,238,5,506,4,86,3,1000,2,105,1275,2323
1773714001,16,11,16,34,17,54,18,200,19,151,20,775,21,431,22,0,23,102,24,1,25,0,26,0,11,41,10,25,9,305,8,0,7,169,6,238,5,521,4,80,3,1000,2,711,1,1947,1748,5037
1773714002,16,11,16,34,17,54,18,200,19,151,20,275,21,431,22,0,23,102,24,1,25,0,26,0,11,41,10,25,9,305,8,0,7,169,6,238,5,521,4,622,3,1539,2,711,1,1947,1248,6118
1773714003,16,11,16,34,17,54,18,200,19,151,20,775,21,431,22,0,23,130,24,1,25,0,26,0,11,41,10,25,9,305,8,0,7,24,6,238,5,521,4,622,3,1539,2,711,1,1947,1776,5973
1773714004,16,11,16,43,17,54,18,200,19,151,20,275,21,431,22,0,23,102,24,1,25,0,26,0,11,41,10,25,9,305,8,0,7,169,6,238,5,521,4,622,3,1539,2,711,1,1947,1257,6118
1773714005,15,11,15,10,16,64,17,54,18,200,19,151,20,775,21,431,22,0,23,130,24,1,25,0,11,46,10,25,9,300,8,0,7,169,6,238,5,521,4,622,3,1539,2,711,1,1947,1816,6118
1773714006,16,11,16,34,17,54,18,200,19,151,20,275,21,431,22,0,23,102,24,1,25,0,26,0,11,46,10,25,9,300,8,0,7,24,6,238,5,521,4,622,3,1539,2,711,1,1947,1248,5973
1773714007,16,11,16,34,17,54,18,200,19,151,20,775,21,431,22,0,23,102,24,1,25,0,26,0,11,46,10,25,9,300,8,0,7,168,6,238,5,521,4,622,3,1539,2,711,1,1947,1748,6117
1773714008,16,13,16,34,17,54,18,200,19,151,20,275,21,431,22,0,23,102,24,1,25,0,26,0,13,718,12,0,11,46,10,25,9,300,8,0,7,168,6,238,5,521,4,622,3,1539,1248,4177
1773714009,16,13,16,34,17,15,18,200,19,151,20,0,21,431,22,0,23,102,24,1,25,0,26,0,13,718,12,0,11,10,10,125,9,0,8,0,7,24,6,238,5,97,4,542,3,1539,934,3293
1773714010,16,13,16,24,17,25,18,0,19,200,20,151,21,931,22,0,23,102,24,1,25,0,26,0,13,718,12,0,11,10,10,25,9,100,8,153,7,24,6,238,5,97,4,542,3,1539,1434,3446
1773714011,16,13,16,31,17,25,18,200,19,0,20,0,21,931,22,65,23,102,24,1,25,0,26,0,13,718,12,0,11,10,10,25,9,100,8,153,7,24,6,238,5,97,4,542,3,1539,1355,3446
1773714012,16,14,16,9,17,22,18,0,19,10,20,215,21,981,22,65,23,102,24,1,25,0,26,86,14,15,13,718,12,0,11,10,10,25,9,0,8,0,7,124,6,238,5,82,4,542,1491,1754
1773714013,16,14,16,9,17,22,18,0,19,10,20,215,21,981,22,65,23,102,24,1,25,0,26,86,14,15,13,718,12,0,11,10,10,25,9,100,8,138,7,24,6,238,5,82,4,542,1491,1892
1773714014,16,14,16,9,17,22,18,0,19,10,20,215,21,981,22,65,23,102,24,1,25,0,26,86,14,15,13,718,12,0,11,10,10,25,9,100,8,138,7,24,6,238,5,82,4,542,1491,1892
1773714015,16,14,16,9,17,25,18,200,19,0,20,15,21,931,22,0,23,102,24,1,25,0,26,0,14,15,13,718,12,0,11,10,10,25,9,0,8,0,7,124,6,276,5,82,4,542,1283,1792
1773714016,16,14,16,9,17,25,18,200,19,0,20,15,21,931,22,0,23,102,24,1,25,0,26,0,14,15,13,718,12,0,11,10,10,25,9,100,8,137,7,24,6,276,5,82,4,542,1283,1929
1773714017,16,14,16,9,17,25,18,200,19,0,20,166,21,931,22,0,23,102,24,1,25,0,26,0,14,15,13,718,12,0,11,10,10,25,9,100,8,137,7,24,6,276,5,82,4,542,1434,1929
1773714018,16,14,16,9,17,25,18,200,19,0,20,166,21,931,22,0,23,102,24,1,25,0,26,0,14,15,13,0,12,0,11,60,10,25,9,200,8,0,7,124,6,776,5,82,4,542,1434,1824
1773714019,16,14,16,9,17,25,18,334,19,0,20,15,21,931,22,0,23,102,24,1,25,0,26,0,14,15,13,30,12,0,11,0,10,125,9,348,8,0,7,24,6,276,5,82,4,542,1417,1442
1773714020,16,14,16,9,17,25,18,207,19,151,20,15,21,431,22,0,23,102,24,1,25,0,26,0,14,15,13,0,12,0,11,0,10,130,9,348,8,0,7,24,6,276,5,82,4,0,941,875
1773714021,16,14,16,9,17,25,18,240,19,0,20,15,21,931,22,66,23,102,24,1,25,0,26,85,14,15,13,0,12,0,11,50,10,130,9,0,8,200,7,24,6,776,5,106,4,0,1474,1301
1773714022,16,14,16,9,17,25,18,240,19,0,20,15,21,931,22,66,23,102,24,1,25,0,26,85,14,15,13,25,12,0,11,100,10,183,9,0,8,200,7,24,6,776,5,106,4,0,1474,1429
1773714023,16,11,16,9,17,40,18,233,19,0,20,0,21,931,22,66,23,102,24,1,25,0,26,85,11,120,10,178,9,0,8,200,7,24,6,0,5,6,4,355,3,1520,2,744,1,1300,1467,4447
1773714024,16,11,16,9,17,40,18,233,19,0,20,151,21,931,22,0,23,130,24,1,25,0,26,0,11,20,10,25,9,100,8,200,7,24,6,500,5,6,4,355,3,1520,2,744,1,1300,1495,4794
1773714025,16,11,16,9,17,40,18,233,19,0,20,151,21,431,22,0,23,102,24,1,25,0,26,0,11,20,10,125,9,200,8,154,7,24,6,0,5,506,4,355,3,1520,2,744,1,1300,967,4948
1773714026,16,11,16,9,17,47,18,233,19,0,20,151,21,431,22,0,23,102,24,1,25,0,26,0,11,15,10,130,9,200,8,154,7,24,6,0,5,506,4,355,3,1520,2,744,1,1300,974,4948
1773714027,17,16,17,37,18,210,19,0,20,151,21,0,22,928,23,102,24,1,25,0,26,0,27,0,16,11,15,0,14,0,13,0,12,0,11,15,10,30,9,300,8,0,7,300,6,514,1429,1170
1773714028,17,11,17,37,18,200,19,10,20,0,21,594,22,500,23,102,24,1,25,0,26,0,27,259,11,4,10,125,9,5,8,351,7,24,6,0,5,506,4,42,3,1796,2,744,1,1300,1703,4897
1773714029,17,11,17,47,18,200,19,173,20,0,21,443,22,0,23,102,24,1,25,0,26,0,27,259,11,4,10,25,9,39,8,351,7,24,6,0,5,6,4,614,3,1796,2,744,1,1300,1225,4903
1773714030,17,11,17,47,18,221,19,38,20,0,21,443,22,545,23,102,24,1,25,0,26,87,27,259,11,4,10,25,9,39,8,200,7,24,6,0,5,6,4,614,3,1796,2,744,1,1955,1743,5407
1773714031,17,11,17,47,18,221,19,38,20,0,21,443,22,545,23,102,24,1,25,0,26,87,27,259,11,4,10,25,9,39,8,200,7,24,6,0,5,6,4,614,3,1796,2,744,1,1955,1743,5407
1773714032,16,11,16,9,17,47,18,221,19,38,20,0,21,943,22,45,23,130,24,1,25,0,26,87,11,4,10,25,9,39,8,333,7,24,6,0,5,6,4,642,3,1796,2,744,1,1955,1521,5568
1773714033,16,11,16,9,17,47,18,221,19,38,20,132,21,443,22,500,23,102,24,1,25,0,26,0,11,4,10,59,9,205,8,133,7,24,6,0,5,6,4,562,3,1796,2,744,1,1955,1493,5488
1773714034,16,11,16,9,17,47,18,232,19,53,20,132,21,428,22,500,23,102,24,1,25,0,26,0,11,10,10,64,9,215,8,0,7,24,6,0,5,506,4,62,3,1796,2,105,1,1955,1504,4737
1773714035,16,11,16,9,17,47,18,232,19,53,20,132,21,428,22,0,23,130,24,1,25,0,26,0,11,10,10,64,9,215,8,0,7,24,6,141,5,506,4,62,3,1796,2,712,1,1955,1032,5485
1773714036,16,11,16,9,17,47,18,232,19,53,20,132,21,428,22,0,23,102,24,1,25,0,26,0,11,10,10,64,9,215,8,0,7,24,6,141,5,6,4,562,3,1796,2,712,1,1955,1004,5485
1773714037,16,11,16,9,17,182,18,200,19,53,20,0,21,428,22,0,23,102,24,1,25,0,26,0,11,10,10,64,9,215,8,0,7,24,6,0,5,506,4,572,3,1796,2,712,1,1955,975,5854
1773714038,16,11,16,19,17,172,18,200,19,53,20,0,21,428,22,0,23,102,24,1,25,0,26,0,11,10,10,64,9,215,8,0,7,24,6,147,5,506,4,572,3,1796,2,712,1,1955,975,6001
1773714039,16,11,16,34,17,210,18,200,19,0,20,0,21,428,22,0,23,102,24,1,25,0,26,0,11,10,10,64,9,215,8,0,7,24,6,147,5,506,4,572,3,1796,2,712,1,1955,975,6001
1773714040,16,11,16,34,17,68,18,200,19,135,20,0,21,928,22,0,23,130,24,1,25,0,26,0,11,10,10,64,9,215,8,0,7,24,6,0,5,506,4,572,3,1796,2,712,1,1955,1496,5854
1773714041,16,11,16,41,17,68,18,0,19,0,20,200,21,581,22,0,23,102,24,1,25,0,26,0,11,10,10,64,9,215,8,0,7,24,6,143,5,506,4,572,3,1796,2,712,1,1955,993,5997
1773714042,16,11,16,41,17,68,18,0,19,200,20,153,21,428,22,500,23,102,24,1,25,0,26,0,11,10,10,64,9,215,8,0,7,24,6,143,5,506,4,572,3,1796,2,712,1,1955,1493,5997
1773714043,16,11,16,41,17,68,18,0,19,0,20,200,21,428,22,567,23,102,24,1,25,0,26,0,11,10,10,64,9,215,8,0,7,24,6,141,5,506,4,572,3,1796,2,712,1,1955,1407,5995
1773714044,16,11,16,41,17,68,18,0,19,0,20,200,21,428,22,67,23,102,24,1,25,0,26,0,11,10,10,64,9,215,8,0,7,24,6,141,5,506,4,572,3,1796,2,712,1,1955,907,5995
1773714045,16,11,16,26,17,68,18,0,19,0,20,200,21,428,22,82,23,102,24,1,25,0,26,0,11,10,10,64,9,215,8,0,7,24,6,0,5,506,4,572,3,1796,2,712,1,1955,907,5854
1773714046,16,11,16,19,17,75,18,200,19,136,20,0,21,428,22,515,23,102,24,1,25,0,26,0,11,10,10,64,9,215,8,0,7,24,6,0,5,506,4,572,3,1796,2,712,1,1955,1476,5854
1773714047,16,11,16,19,17,75,18,0,19,0,20,200,21,1081,22,15,23,102,24,1,25,0,26,0,11,10,10,64,9,215,8,0,7,24,6,152,5,506,4,572,3,1796,2,712,1,1955,1493,6006
1773714048,16,11,16,19,17,75,18,0,19,0,20,200,21,581,22,15,23,102,24,1,25,0,26,0,11,10,10,64,9,215,8,0,7,24,6,0,5,506,4,572,3,1796,2,712,1,1955,993,5854
1773714049,16,10,16,19,17,75,18,336,19,0,20,0,21,428,22,515,23,102,24,1,25,0,26,0,10,73,9,215,8,0,7,24,6,0,5,506,4,571,3,1796,2,712,1,1955,0,0,1476,5852
1773714050,16,11,16,19,17,75,18,0,19,0,20,200,21,428,22,515,23,102,24,1,25,0,26,0,11,9,10,64,9,215,8,0,7,24,6,0,5,506,4,571,3,1796,2,712,1,1955,1340,5852
1773714051,16,11,16,19,17,60,18,0,19,0,20,200,21,443,22,515,23,102,24,1,25,0,26,0,11,9,10,64,9,215,8,0,7,24,6,0,5,506,4,571,3,1796,2,712,1,1955,1340,5852
1773714052,16,11,16,19,17,60,18,0,19,0,20,200,21,443,22,515,23,102,24,1,25,0,26,0,11,9,10,64,9,215,8,0,7,24,6,0,5,506,4,571,3,1796,2,712,1,1955,1340,5852
1773714053,16,11,16,19,17,60,18,0,19,0,20,200,21,443,22,515,23,102,24,1,25,0,26,0,11,9,10,64,9,215,8,0,7,24,6,0,5,506,4,571,3,1796,2,712,1,1955,1340,5852
1773714054,16,11,16,19,17,60,18,0,19,0,20,200,21,443,22,515,23,102,24,1,25,0,26,0,11,9,10,64,9,215,8,0,7,24,6,0,5,506,4,571,3,1796,2,712,1,1955,1340,5852
1773714055,16,11,16,19,17,60,18,0,19,0,20,200,21,443,22,515,23,102,24,1,25,0,26,0,11,9,10,64,9,215,8,0,7,24,6,0,5,506,4,571,3,1796,2,712,1,1955,1340,5852
1773714056,16,11,16,19,17,60,18,0,19,0,20,200,21,443,22,515,23,102,24,1,25,0,26,153,11,9,10,64,9,215,8,0,7,24,6,0,5,506,4,571,3,1796,2,712,1,1955,1493,5852
1773714057,16,11,16,19,17,60,18,0,19,0,20,200,21,428,22,530,23,102,24,1,25,0,26,0,11,9,10,64,9,215,8,0,7,24,6,0,5,506,4,571,3,1796,2,712,1,1955,1340,5852
1773714058,16,11,16,19,17,60,18,0,19,0,20,200,21,928,22,30,23,130,24,1,25,0,26,0,11,9,10,64,9,215,8,0,7,24,6,0,5,506,4,571,3,1796,2,712,1,1955,1368,5852
1773714059,16,11,16,19,17,60,18,0,19,0,20,200,21,428,22,530,23,102,24,1,25,0,26,0,11,9,10,30,9,249,8,0,7,24,6,0,5,141,4,550,3,1276,2,105,1,1300,1340,3684
1773714060,16,11,16,19,17,60,18,0,19,0,20,200,21,428,22,530,23,102,24,1,25,0,26,0,11,9,10,30,9,249,8,0,7,24,6,0,5,141,4,1146,3,1276,2,673,1,1922,1340,5470
1773714061,16,11,16,19,17,60,18,137,19,200,20,281,21,428,22,30,23,102,24,1,25,0,26,0,11,9,10,30,9,249,8,0,7,24,6,0,5,6,4,1157,3,1799,2,673,1,1922,1258,5869
1773714062,16,11,16,19,17,75,18,0,19,200,20,281,21,428,22,15,23,102,24,1,25,0,26,0,11,9,10,30,9,234,8,0,7,39,6,0,5,144,4,1157,3,1799,2,673,1,1922,1121,6007
1773714063,16,11,16,19,17,75,18,0,19,200,20,281,21,428,22,15,23,102,24,1,25,0,26,0,11,9,10,30,9,234,8,0,7,39,6,0,5,144,4,1157,3,1799,2,673,1,1922,1121,6007
1773714064,16,11,16,19,17,75,18,0,19,200,20,281,21,428,22,15,23,102,24,1,25,0,26,0,11,9,10,25,9,239,8,0,7,39,6,0,5,154,4,1157,3,1799,2,673,1,1922,1121,6017
1773714065,16,11,16,19,17,75,18,200,19,141,20,281,21,428,22,15,23,102,24,1,25,0,26,0,11,9,10,25,9,239,8,0,7,39,6,0,5,154,4,1157,3,1799,2,673,1,1922,1262,6017
1773714066,16,11,16,19,17,68,18,200,19,141,20,281,21,428,22,15,23,102,24,1,25,0,26,0,11,9,10,25,9,239,8,0,7,39,6,0,5,6,4,1157,3,1799,2,673,1,1922,1255,5869
1773714067,16,10,16,19,17,53,18,200,19,156,20,281,21,428,22,15,23,130,24,1,25,0,26,0,10,33,9,39,8,200,7,39,6,0,5,144,4,656,3,1799,2,673,1,1922,0,0,1283,5505
1773714068,16,11,16,19,17,53,18,200,19,156,20,281,21,428,22,15,23,130,24,1,25,0,26,0,11,8,10,25,9,39,8,200,7,39,6,0,5,144,4,656,3,1799,2,673,1,1922,1283,5505
1773714069,16,11,16,19,17,53,18,200,19,156,20,281,21,428,22,15,23,130,24,1,25,0,26,0,11,8,10,25,9,39,8,200,7,39,6,0,5,6,4,656,3,1799,2,673,1,1922,1283,5367
1773714070,16,11,16,19,17,53,18,200,19,156,20,281,21,428,22,15,23,102,24,1,25,0,26,0,11,8,10,25,9,39,8,338,7,39,6,0,5,6,4,656,3,1799,2,673,1,1922,1255,5505
1773714071,16,11,16,19,17,53,18,200,19,156,20,281,21,428,22,15,23,102,24,1,25,0,26,0,11,8,10,25,9,39,8,338,7,39,6,0,5,506,4,656,3,1799,2,673,1,1922,1255,6005
1773714072,16,11,16,15,17,26,18,207,19,141,20,281,21,428,22,15,23,150,24,1,25,0,26,0,11,8,10,25,9,39,8,200,7,39,6,0,5,506,4,656,3,1799,2,673,1,1300,1264,5245
1773714073,16,11,16,15,17,26,18,207,19,141,20,281,21,428,22,15,23,178,24,1,25,0,26,0,11,46,10,25,9,39,8,350,7,39,6,0,5,506,4,656,3,1799,2,673,1,1300,1292,5433
1773714074,16,11,16,15,17,26,18,207,19,141,20,281,21,428,22,15,23,178,24,1,25,0,26,0,11,46,10,25,9,39,8,350,7,39,6,0,5,506,4,656,3,1799,2,673,1,1300,1292,5433
1773714075,16,11,16,15,17,26,18,207,19,141,20,281,21,428,22,15,23,178,24,1,25,0,26,0,11,46,10,25,9,39,8,200,7,39,6,0,5,506,4,656,3,1799,2,673,1,1300,1292,5283
1773714076,16,11,16,15,17,26,18,207,19,141,20,281,21,428,22,15,23,178,24,1,25,0,26,0,11,46,10,25,9,39,8,338,7,39,6,0,5,506,4,656,3,1799,2,673,1,1300,1292,5421
1773714077,16,11,16,15,17,26,18,207,19,141,20,281,21,428,22,15,23,178,24,1,25,0,26,0,11,46,10,25,9,39,8,338,7,39,6,0,5,506,4,656,3,1799,2,673,1,1300,1292,5421
1773714078,17,11,17,26,18,200,19,156,20,281,21,428,22,15,23,178,24,1,25,0,26,0,27,0,11,46,10,25,9,34,8,200,7,39,6,0,5,506,4,653,3,1799,2,673,1,1300,1285,5275
1773714079,17,11,17,26,18,200,19,156,20,281,21,428,22,15,23,178,24,1,25,0,26,0,27,0,11,46,10,59,9,0,8,340,7,39,6,0,5,6,4,757,3,1276,2,105,1,1300,1285,3928
1773714080,16,11,16,10,17,16,18,200,19,156,20,281,21,428,22,15,23,178,24,1,25,0,26,0,11,46,10,59,9,0,8,340,7,39,6,0,5,506,4,57,3,1276,2,712,1,1886,1285,4921
1773714081,16,11,16,10,17,155,18,200,19,156,20,0,21,428,22,15,23,178,24,1,25,0,26,0,11,46,10,59,9,0,8,200,7,39,6,0,5,506,4,57,3,1276,2,712,1,1886,1143,4781
1773714082,16,11,16,10,17,155,18,237,19,15,20,147,21,428,22,15,23,178,24,1,25,0,26,0,11,46,10,59,9,0,8,341,7,39,6,0,5,6,4,557,3,1276,2,712,1,1886,1186,4922
1773714083,16,12,16,25,17,155,18,237,19,0,20,147,21,428,22,15,23,178,24,1,25,0,26,0,12,15,11,46,10,59,9,0,8,341,7,24,6,0,5,6,4,557,3,1276,2,712,1186,3036
1773714084,16,12,16,25,17,155,18,237,19,0,20,147,21,428,22,15,23,178,24,1,25,0,26,0,12,15,11,46,10,59,9,0,8,200,7,24,6,0,5,506,4,57,3,1276,2,712,1186,2895
1773714085,16,12,16,25,17,155,18,237,19,0,20,147,21,428,22,15,23,178,24,1,25,0,26,0,12,15,11,46,10,59,9,0,8,200,7,24,6,0,5,506,4,57,3,1276,2,712,1186,2895
1773714086,16,12,16,25,17,155,18,237,19,0,20,147,21,428,22,15,23,178,24,1,25,0,26,0,12,15,11,51,10,59,9,128,8,200,7,24,6,0,5,6,4,557,3,1276,2,712,1186,3028
1773714087,16,12,16,25,17,155,18,237,19,0,20,147,21,428,22,15,23,178,24,1,25,0,26,0,12,15,11,51,10,25,9,34,8,200,7,24,6,500,5,6,4,57,3,1276,2,712,1186,2900
1773714088,16,12,16,40,17,155,18,200,19,0,20,0,21,428,22,0,23,178,24,1,25,0,26,0,12,15,11,51,10,59,9,138,8,200,7,24,6,0,5,6,4,557,3,1276,2,712,1002,3038
1773714089,16,13,16,40,17,155,18,0,19,0,20,200,21,428,22,0,23,200,24,1324,25,0,26,0,13,32,12,49,11,710,10,25,9,138,8,200,7,24,6,0,5,481,4,1118,3,1463,2347,4240
1773714090,16,13,16,40,17,155,18,0,19,0,20,200,21,428,22,138,23,200,24,1824,25,0,26,0,13,32,12,49,11,710,10,25,9,0,8,200,7,24,6,0,5,481,4,1118,3,1463,2985,4102
1773714091,16,12,16,40,17,155,18,0,19,0,20,200,21,428,22,138,23,200,24,1823,25,0,26,0,12,49,11,710,10,25,9,138,8,200,7,24,6,0,5,481,4,1118,3,1463,2,712,2984,4920
1773714092,16,12,16,40,17,155,18,0,19,0,20,200,21,428,22,138,23,200,24,1823,25,0,26,0,12,49,11,710,10,25,9,138,8,200,7,24,6,0,5,481,4,1118,3,1463,2,712,2984,4920
1773714093,16,12,16,41,17,158,18,0,19,200,20,151,21,428,22,0,23,294,24,500,25,0,26,0,12,35,11,702,10,25,9,0,8,0,7,24,6,154,5,281,4,558,3,1533,2,712,1772,4024
1773714094,16,12,16,30,17,10,18,245,19,0,20,200,21,928,22,0,23,246,24,500,25,0,26,0,12,15,11,702,10,25,9,0,8,0,7,25,6,154,5,281,4,758,3,1533,2,712,2159,4205
1773714095,16,12,16,30,17,11,18,244,19,138,20,0,21,428,22,0,23,95,24,500,25,0,26,0,12,15,11,702,10,25,9,0,8,0,7,24,6,1,5,281,4,758,3,1533,2,712,1446,4051
1773714096,16,12,16,40,17,53,18,241,19,0,20,700,21,428,22,0,23,129,24,500,25,0,26,151,12,52,11,702,10,25,9,0,8,0,7,74,6,137,5,281,4,758,3,1567,2,712,2242,4308
1773714097,16,12,16,40,17,53,18,241,19,0,20,700,21,428,22,0,23,129,24,500,25,0,26,151,12,52,11,702,10,25,9,0,8,0,7,74,6,137,5,281,4,558,3,1567,2,712,2242,4108
1773714098,16,12,16,20,17,96,18,241,19,0,20,200,21,428,22,108,23,129,24,500,25,0,26,43,12,52,11,702,10,25,9,0,8,0,7,74,6,134,5,281,4,558,3,1567,2,712,1765,4105
1773714099,16,12,16,20,17,50,18,241,19,0,20,351,21,928,22,0,23,129,24,0,25,0,26,43,12,52,11,0,10,25,9,50,8,200,7,24,6,334,5,781,4,593,3,1463,2,105,1762,3627
1773714100,16,12,16,20,17,50,18,241,19,0,20,151,21,428,22,0,23,129,24,0,25,0,26,43,12,52,11,0,10,25,9,50,8,200,7,24,6,200,5,781,4,683,3,1463,2,669,1062,4147
1773714101,16,12,16,27,17,100,18,241,19,0,20,151,21,428,22,0,23,164,24,0,25,0,26,43,12,52,11,0,10,125,9,135,8,200,7,24,6,0,5,281,4,593,3,1463,2,669,1154,3542
1773714102,16,12,16,27,17,100,18,241,19,0,20,151,21,428,22,0,23,164,24,0,25,0,26,43,12,52,11,0,10,125,9,135,8,200,7,24,6,0,5,281,4,658,3,1463,2,669,1154,3607
1773714103,16,12,16,27,17,100,18,241,19,0,20,200,21,928,22,0,23,164,24,0,25,0,26,0,12,52,11,0,10,25,9,100,8,200,7,24,6,200,5,281,4,596,3,1463,2,669,1660,3610
1773714104,16,12,16,27,17,100,18,241,19,0,20,0,21,928,22,0,23,192,24,0,25,0,26,0,12,52,11,0,10,125,9,139,8,200,7,24,6,500,5,281,4,928,3,1463,2,669,1488,4381
1773714105,16,12,16,27,17,0,18,100,19,0,20,200,21,928,22,0,23,165,24,0,25,0,26,0,12,52,11,0,10,25,9,100,8,200,7,24,6,500,5,281,4,928,3,1463,2,669,1420,4242
1773714106,16,12,16,87,17,0,18,300,19,0,20,200,21,928,22,0,23,165,24,0,25,0,26,0,12,57,11,0,10,25,9,100,8,200,7,24,6,0,5,281,4,596,3,1463,2,669,1680,3415
1773714107,16,12,16,27,17,100,18,0,19,200,20,246,21,428,22,0,23,165,24,0,25,0,26,0,12,57,11,0,10,125,9,130,8,200,7,24,6,0,5,281,4,796,3,1463,2,669,1166,3745
1773714108,16,12,16,27,17,0,18,300,19,0,20,246,21,428,22,0,23,165,24,0,25,0,26,0,12,57,11,0,10,125,9,130,8,200,7,24,6,500,5,281,4,728,3,1463,2,669,1166,4177
1773714109,16,12,16,27,17,100,18,0,19,200,20,246,21,428,22,0,23,193,24,12,25,0,26,0,12,57,11,0,10,25,9,100,8,200,7,24,6,0,5,281,4,38,3,1463,2,669,1206,2857
1773714110,16,12,16,20,17,100,18,200,19,15,20,246,21,428,22,0,23,165,24,12,25,0,26,0,12,57,11,0,10,125,9,142,8,200,7,24,6,0,5,281,4,38,3,1463,2,669,1186,2999
1773714111,16,12,16,20,17,100,18,200,19,15,20,246,21,428,22,0,23,165,24,12,25,0,26,0,12,57,11,0,10,125,9,142,8,200,7,24,6,0,5,281,4,238,3,1562,2,669,1186,3298
1773714112,16,12,16,20,17,100,18,200,19,15,20,246,21,428,22,0,23,165,24,12,25,0,26,0,12,57,11,0,10,25,9,100,8,200,7,24,6,0,5,281,4,538,3,1562,2,669,1186,3456
1773714113,16,12,16,20,17,100,18,200,19,15,20,246,21,428,22,0,23,165,24,12,25,0,26,0,12,57,11,0,10,125,9,137,8,200,7,24,6,0,5,281,4,100,3,1562,2,669,1186,3155
1773714114,16,12,16,20,17,100,18,200,19,15,20,246,21,428,22,0,23,193,24,12,25,0,26,0,12,57,11,0,10,125,9,137,8,200,7,24,6,500,5,281,4,170,3,1562,2,669,1214,3725
1773714115,16,12,16,20,17,100,18,200,19,15,20,246,21,428,22,0,23,165,24,12,25,0,26,0,12,57,11,0,10,25,9,100,8,200,7,24,6,500,5,281,4,238,3,1562,2,669,1186,3656
1773714116,16,12,16,20,17,100,18,200,19,168,20,246,21,428,22,0,23,165,24,12,25,0,26,0,12,57,11,0,10,25,9,100,8,200,7,24,6,0,5,281,4,590,3,1562,2,669,1339,3508
1773714117,16,12,16,20,17,100,18,200,19,168,20,246,21,428,22,0,23,175,24,12,25,0,26,0,12,57,11,0,10,25,9,100,8,200,7,24,6,200,5,781,4,35,3,1562,2,669,1349,3653
1773714118,16,12,16,20,17,100,18,200,19,168,20,246,21,428,22,0,23,203,24,12,25,0,26,0,12,57,11,0,10,25,9,100,8,200,7,24,6,0,5,781,4,35,3,1562,2,669,1377,3453
1773714119,16,12,16,20,17,100,18,200,19,168,20,246,21,428,22,0,23,175,24,12,25,0,26,0,12,57,11,0,10,25,9,100,8,200,7,24,6,0,5,281,4,735,3,1562,2,669,1349,3653
1773714120,16,12,16,20,17,100,18,200,19,168,20,246,21,428,22,0,23,203,24,12,25,0,26,0,12,57,11,0,10,25,9,100,8,200,7,24,6,500,5,281,4,367,3,1562,2,669,1377,3785
1773714121,16,12,16,20,17,100,18,200,19,168,20,246,21,428,22,0,23,175,24,12,25,0,26,0,12,57,11,0,10,25,9,100,8,200,7,24,6,500,5,281,4,35,3,1562,2,669,1349,3453
1773714122,16,12,16,20,17,100,18,200,19,168,20,246,21,428,22,0,23,203,24,12,25,0,26,0,12,57,11,0,10,25,9,100,8,200,7,24,6,200,5,781,4,90,3,1562,2,669,1377,3708
1773714123,16,12,16,20,17,100,18,200,19,168,20,246,21,428,22,0,23,175,24,12,25,0,26,0,12,57,11,0,10,25,9,100,8,200,7,24,6,0,5,781,4,35,3,1562,2,669,1349,3453
1773714124,16,12,16,20,17,100,18,200,19,168,20,246,21,428,22,0,23,175,24,12,25,0,26,0,12,57,11,0,10,25,9,100,8,200,7,24,6,0,5,281,4,735,3,1562,2,669,1349,3653
1773714125,16,12,16,20,17,100,18,200,19,168,20,246,21,428,22,0,23,175,24,12,25,0,26,0,12,57,11,0,10,25,9,100,8,200,7,24,6,0,5,481,4,535,3,1562,2,669,1349,3653
1773714126,16,12,16,20,17,100,18,200,19,168,20,246,21,428,22,0,23,175,24,12,25,0,26,0,12,57,11,0,10,25,9,100,8,200,7,24,6,500,5,281,4,35,3,1562,2,669,1349,3453
1773714127,16,12,16,80,17,100,18,200,19,168,20,246,21,428,22,0,23,175,24,12,25,0,26,0,12,57,11,0,10,25,9,100,8,200,7,24,6,0,5,281,4,535,3,1562,2,669,1409,3453
1773714128,16,12,16,20,17,100,18,200,19,153,20,246,21,428,22,0,23,175,24,12,25,0,26,0,12,57,11,0,10,25,9,100,8,200,7,24,6,200,5,281,4,35,3,1562,2,669,1334,3153
1773714129,16,12,16,20,17,100,18,200,19,153,20,246,21,428,22,0,23,134,24,12,25,0,26,0,12,57,11,0,10,25,9,100,8,200,7,24,6,0,5,781,4,35,3,1562,2,669,1293,3453
1773714130,16,12,16,20,17,100,18,200,19,153,20,246,21,428,22,0,23,175,24,12,25,0,26,0,12,57,11,0,10,25,9,100,8,200,7,24,6,0,5,281,4,535,3,1562,2,669,1334,3453
1773714131,16,12,16,80,17,100,18,200,19,153,20,246,21,428,22,0,23,175,24,12,25,0,26,0,12,57,11,0,10,25,9,100,8,200,7,24,6,200,5,781,4,35,3,1562,2,669,1394,3653
1773714132,16,12,16,20,17,100,18,200,19,153,20,246,21,428,22,0,23,175,24,12,25,0,26,0,12,57,11,0,10,25,9,100,8,200,7,24,6,0,5,781,4,35,3,1562,2,669,1334,3453
1773714133,16,13,16,40,17,100,18,200,19,153,20,246,21,428,22,0,23,203,24,12,25,0,26,0,13,5,12,57,11,0,10,25,9,100,8,200,7,24,6,0,5,781,4,238,3,1562,1382,2992
1773714134,16,13,16,20,17,100,18,200,19,153,20,246,21,428,22,0,23,175,24,12,25,0,26,0,13,5,12,57,11,0,10,25,9,100,8,200,7,24,6,0,5,281,4,31,3,1562,1334,2285
1773714135,16,13,16,20,17,100,18,200,19,153,20,0,21,428,22,0,23,175,24,12,25,0,26,0,13,5,12,57,11,0,10,25,9,100,8,0,7,224,6,0,5,281,4,531,3,1000,1088,2223
1773714136,16,13,16,20,17,0,18,100,19,200,20,185,21,428,22,0,23,175,24,12,25,0,26,0,13,5,12,57,11,0,10,25,9,100,8,156,7,224,6,0,5,281,4,531,3,1000,1120,2379
1773714137,16,13,16,20,17,0,18,100,19,200,20,385,21,928,22,0,23,175,24,12,25,0,26,0,13,5,12,57,11,0,10,25,9,100,8,356,7,24,6,0,5,281,4,231,3,1000,1820,2079
1773714138,16,13,16,15,17,100,18,200,19,15,20,185,21,428,22,0,23,172,24,12,25,0,26,0,13,5,12,57,11,0,10,25,9,234,8,200,7,24,6,0,5,319,4,500,3,1000,1127,2364
1773714139,16,13,16,15,17,100,18,200,19,15,20,685,21,428,22,0,23,172,24,12,25,0,26,0,13,5,12,57,11,0,10,125,9,134,8,200,7,24,6,0,5,281,4,31,3,1000,1627,1857
1773714140,16,13,16,15,17,100,18,200,19,15,20,185,21,428,22,0,23,172,24,12,25,0,26,0,13,5,12,57,11,0,10,25,9,0,8,100,7,224,6,0,5,281,4,531,3,1000,1127,2223
1773714141,16,13,16,15,17,100,18,200,19,15,20,185,21,428,22,0,23,172,24,12,25,0,26,0,13,5,12,57,11,0,10,25,9,100,8,330,7,24,6,0,5,781,4,31,3,1000,1127,2353
1773714142,16,13,16,15,17,100,18,200,19,15,20,185,21,428,22,0,23,172,24,12,25,0,26,0,13,5,12,57,11,0,10,25,9,100,8,330,7,24,6,0,5,281,4,31,3,1000,1127,1853
1773714143,16,13,16,15,17,100,18,200,19,15,20,185,21,428,22,0,23,172,24,12,25,0,26,0,13,5,12,57,11,0,10,25,9,0,8,100,7,224,6,0,5,281,4,531,3,1000,1127,2223
1773714144,16,13,16,15,17,100,18,200,19,15,20,185,21,428,22,0,23,102,24,12,25,0,26,0,13,5,12,57,11,0,10,25,9,100,8,329,7,24,6,0,5,281,4,31,3,1000,1057,1852
1773714145,16,13,16,15,17,0,18,300,19,0,20,185,21,428,22,15,23,172,24,12,25,0,26,0,13,5,12,57,11,0,10,25,9,100,8,329,7,24,6,0,5,319,4,200,3,1000,1127,2059
1773714146,16,13,16,15,17,100,18,340,19,0,20,46,21,928,22,15,23,172,24,12,25,0,26,0,13,5,12,57,11,0,10,125,9,143,8,200,7,24,6,0,5,281,4,238,3,1000,1628,2073
1773714147,16,13,16,15,17,100,18,0,19,200,20,386,21,928,22,15,23,172,24,12,25,0,26,0,13,5,12,57,11,0,10,125,9,143,8,200,7,24,6,0,5,281,4,231,3,1000,1828,2066
1773714148,16,13,16,15,17,100,18,200,19,140,20,46,21,428,22,15,23,102,24,12,25,0,26,0,13,5,12,57,11,0,10,25,9,100,8,200,7,24,6,0,5,281,4,531,3,1000,1058,2223
1773714149,16,13,16,15,17,0,18,100,19,200,20,386,21,928,22,15,23,172,24,12,25,0,26,0,13,5,12,57,11,0,10,25,9,248,8,200,7,24,6,0,5,281,4,738,3,1000,1828,2578
1773714150,16,13,16,15,17,100,18,200,19,15,20,386,21,928,22,0,23,172,24,12,25,0,26,0,13,5,12,57,11,0,10,125,9,148,8,200,7,24,6,0,5,281,4,231,3,1000,1828,2071
1773714151,16,13,16,15,17,100,18,200,19,15,20,186,21,428,22,0,23,172,24,12,25,0,26,0,13,5,12,57,11,0,10,25,9,100,8,200,7,24,6,0,5,281,4,538,3,1000,1128,2230
1773714152,16,13,16,15,17,100,18,200,19,15,20,186,21,428,22,0,23,172,24,12,25,0,26,0,13,5,12,57,11,0,10,25,9,100,8,200,7,24,6,0,5,281,4,538,3,1000,1128,2230
1773714153,16,13,16,15,17,100,18,200,19,15,20,686,21,428,22,0,23,172,24,12,25,0,26,0,13,5,12,57,11,0,10,125,9,133,8,200,7,24,6,0,5,281,4,31,3,1000,1628,1856
1773714154,16,13,16,15,17,107,18,200,19,201,20,500,21,428,22,0,23,172,24,12,25,0,26,0,13,5,12,57,11,0,10,125,9,133,8,200,7,24,6,0,5,281,4,31,3,1559,1635,2415
1773714155,16,13,16,15,17,100,18,200,19,201,20,0,21,428,22,0,23,102,24,12,25,0,26,0,13,5,12,57,11,0,10,25,9,0,8,100,7,224,6,0,5,281,4,231,3,1559,1058,2482
1773714156,16,13,16,15,17,100,18,200,19,15,20,200,21,928,22,71,23,102,24,12,25,0,26,115,13,5,12,57,11,0,10,25,9,100,8,146,7,224,6,0,5,281,4,731,3,1559,1758,3128
1773714157,16,13,16,15,17,100,18,200,19,15,20,0,21,928,22,71,23,172,24,12,25,0,26,115,13,5,12,57,11,0,10,25,9,100,8,146,7,224,6,0,5,281,4,531,3,1559,1628,2928
1773714158,16,13,16,15,17,100,18,200,19,15,20,200,21,928,22,120,23,172,24,12,25,0,26,115,13,5,12,57,11,0,10,25,9,100,8,141,7,224,6,0,5,281,4,731,3,1559,1877,3123
1773714159,16,13,16,15,17,100,18,200,19,15,20,186,21,928,22,0,23,102,24,12,25,0,26,0,13,5,12,57,11,0,10,25,9,100,8,141,7,224,6,0,5,281,4,531,3,1559,1558,2923
1773714160,16,13,16,15,17,107,18,200,19,15,20,186,21,428,22,0,23,172,24,12,25,0,26,0,13,5,12,57,11,0,10,25,9,0,8,100,7,224,6,0,5,281,4,538,3,1559,1135,2789
1773714161,16,13,16,15,17,107,18,200,19,15,20,186,21,428,22,0,23,172,24,12,25,0,26,0,13,5,12,57,11,0,10,25,9,0,8,245,7,224,6,0,5,781,4,31,3,1559,1135,2927
1773714162,16,13,16,15,17,107,18,200,19,201,20,0,21,928,22,0,23,172,24,12,25,0,26,0,13,5,12,57,11,0,10,25,9,100,8,345,7,24,6,0,5,281,4,538,3,1559,1635,2934
1773714163,16,13,16,15,17,107,18,200,19,15,20,0,21,928,22,0,23,172,24,12,25,0,26,0,13,5,12,57,11,0,10,25,9,0,8,100,7,224,6,0,5,281,4,531,3,1559,1449,2782
1773714164,16,13,16,15,17,107,18,200,19,15,20,200,21,928,22,0,23,172,24,12,25,0,26,0,13,5,12,57,11,0,10,25,9,100,8,200,7,24,6,200,5,781,4,31,3,1559,1649,2982
1773714165,16,13,16,15,17,107,18,200,19,15,20,200,21,928,22,120,23,102,24,12,25,0,26,66,13,5,12,57,11,0,10,125,9,129,8,0,7,224,6,200,5,781,4,31,3,1559,1765,3111
1773714166,16,13,16,15,17,107,18,200,19,15,20,200,21,928,22,0,23,172,24,12,25,0,26,66,13,5,12,57,11,0,10,125,9,129,8,200,7,24,6,0,5,281,4,669,3,1559,1715,3049
1773714167,16,13,16,15,17,107,18,200,19,15,20,200,21,928,22,120,23,172,24,12,25,0,26,66,13,5,12,57,11,0,10,125,9,132,8,200,7,24,6,200,5,319,4,638,3,1559,1835,3259
1773714168,16,13,16,15,17,107,18,200,19,155,20,246,21,928,22,0,23,200,24,12,25,0,26,66,13,5,12,57,11,0,10,125,9,132,8,200,7,24,6,0,5,519,4,638,3,1559,1929,3259
1773714169,16,13,16,15,17,107,18,200,19,155,20,246,21,928,22,0,23,200,24,12,25,0,26,66,13,5,12,57,11,0,10,25,9,100,8,200,7,24,6,0,5,781,4,869,3,1559,1929,3620
1773714170,16,13,16,75,17,107,18,200,19,155,20,246,21,928,22,0,23,200,24,12,25,0,26,66,13,5,12,57,11,0,10,125,9,148,8,200,7,24,6,0,5,481,4,669,3,1559,1989,3268
1773714171,16,13,16,38,17,100,18,200,19,407,20,246,21,928,22,0,23,200,24,12,25,0,26,66,13,5,12,57,11,0,10,125,9,148,8,200,7,24,6,0,5,281,4,869,3,1559,2197,3268
1773714172,16,13,16,84,17,100,18,386,19,267,20,246,21,928,22,0,23,269,24,12,25,0,26,0,13,5,12,57,11,0,10,25,9,100,8,200,7,24,6,0,5,819,4,838,3,1559,2292,3627
1773714173,16,13,16,15,17,100,18,386,19,267,20,246,21,928,22,0,23,200,24,12,25,0,26,0,13,5,12,57,11,0,10,125,9,150,8,200,7,24,6,0,5,281,4,869,3,1559,2154,3270
1773714174,16,13,16,15,17,100,18,386,19,267,20,246,21,928,22,0,23,200,24,12,25,0,26,0,13,5,12,57,11,0,10,125,9,150,8,200,7,24,6,0,5,519,4,638,3,1000,2154,2718
1773714175,16,13,16,15,17,107,18,386,19,267,20,246,21,928,22,0,23,200,24,12,25,0,26,0,13,5,12,57,11,0,10,25,9,100,8,200,7,24,6,0,5,819,4,838,3,1000,2161,3068
1773714176,16,13,16,15,17,122,18,386,19,252,20,246,21,928,22,0,23,200,24,12,25,0,26,0,13,5,12,57,11,0,10,125,9,144,8,200,7,24,6,0,5,281,4,669,3,1000,2161,2505
1773714177,16,13,16,15,17,122,18,386,19,252,20,246,21,928,22,0,23,200,24,12,25,0,26,0,13,5,12,57,11,0,10,125,9,144,8,200,7,24,6,0,5,281,4,876,3,1000,2161,2712
1773714178,16,13,16,15,17,122,18,386,19,252,20,246,21,928,22,0,23,200,24,12,25,0,26,0,13,5,12,57,11,0,10,25,9,100,8,200,7,24,6,0,5,819,4,838,3,1000,2161,3068
1773714179,16,12,16,15,17,122,18,386,19,252,20,246,21,928,22,0,23,200,24,12,25,0,26,0,12,57,11,0,10,25,9,0,8,100,7,224,6,0,5,481,4,638,3,1111,2,105,2161,2741
1773714180,16,12,16,59,17,115,18,386,19,252,20,246,21,928,22,0,23,200,24,12,25,0,26,0,12,57,11,0,10,25,9,100,8,200,7,24,6,200,5,339,4,638,3,1000,2,105,2198,2688
1773714181,16,12,16,59,17,100,18,386,19,252,20,46,21,428,22,0,23,205,24,12,25,0,26,0,12,57,11,0,10,25,9,100,8,200,7,24,6,0,5,839,4,638,3,1000,2,705,1488,3588
1773714182,16,12,16,59,17,100,18,386,19,252,20,46,21,428,22,0,23,205,24,12,25,0,26,0,12,57,11,0,10,25,9,100,8,200,7,24,6,200,5,839,4,638,3,1000,2,705,1488,3788
1773714183,16,12,16,31,17,100,18,386,19,252,20,46,21,428,22,0,23,194,24,12,25,0,26,0,12,57,11,0,10,25,9,100,8,200,7,24,6,0,5,839,4,638,3,1000,2,705,1449,3588
1773714184,16,12,16,31,17,100,18,386,19,252,20,46,21,428,22,0,23,194,24,12,25,0,26,0,12,57,11,0,10,25,9,100,8,200,7,24,6,200,5,839,4,638,3,1000,2,705,1449,3788
1773714185,16,12,16,31,17,100,18,386,19,252,20,46,21,428,22,0,23,194,24,12,25,0,26,0,12,57,11,0,10,25,9,100,8,200,7,24,6,0,5,839,4,638,3,1000,2,705,1449,3588
1773714186,16,12,16,76,17,100,18,386,19,252,20,46,21,428,22,0,23,194,24,12,25,0,26,0,12,57,11,0,10,25,9,100,8,200,7,24,6,0,5,839,4,638,3,1000,2,705,1494,3588
1773714187,16,12,16,36,17,100,18,386,19,252,20,46,21,428,22,0,23,194,24,12,25,0,26,0,12,57,11,0,10,25,9,100,8,200,7,24,6,0,5,839,4,638,3,1000,2,705,1454,3588
1773714188,15,12,15,27,16,29,17,100,18,386,19,252,20,46,21,453,22,0,23,0,24,12,25,0,12,57,11,0,10,25,9,100,8,200,7,24,6,200,5,839,4,0,3,1000,2,705,1305,3150
1773714189,15,12,15,27,16,29,17,100,18,200,19,252,20,46,21,453,22,0,23,0,24,12,25,0,12,57,11,0,10,25,9,100,8,200,7,24,6,200,5,839,4,0,3,1000,2,705,1119,3150
1773714190,15,12,15,27,16,129,17,140,18,200,19,252,20,46,21,453,22,0,23,0,24,12,25,0,12,57,11,0,10,25,9,100,8,200,7,24,6,200,5,839,4,0,3,1000,2,705,1259,3150
1773714191,15,12,15,20,16,105,17,140,18,200,19,252,20,46,21,453,22,0,23,0,24,12,25,0,12,57,11,0,10,25,9,100,8,200,7,24,6,200,5,839,4,0,3,1000,2,705,1228,3150
1773714192,15,12,15,20,16,105,17,140,18,200,19,252,20,46,21,453,22,0,23,0,24,12,25,0,12,57,11,0,10,25,9,100,8,200,7,24,6,200,5,839,4,0,3,1000,2,705,1228,3150
1773714193,15,12,15,20,16,105,17,140,18,200,19,252,20,46,21,453,22,0,23,0,24,12,25,0,12,57,11,0,10,25,9,100,8,200,7,24,6,200,5,839,4,0,3,1000,2,705,1228,3150
1773714194,15,12,15,20,16,5,17,0,18,476,19,0,20,46,21,953,22,0,23,0,24,12,25,0,12,57,11,0,10,25,9,100,8,200,7,24,6,200,5,839,4,0,3,1000,2,705,1512,3150
1773714195,15,12,15,20,16,5,17,0,18,300,19,0,20,246,21,953,22,0,23,0,24,12,25,0,12,57,11,0,10,25,9,100,8,200,7,24,6,200,5,839,4,0,3,1000,2,705,1536,3150
1773714196,15,12,15,27,16,5,17,0,18,300,19,140,20,246,21,953,22,0,23,0,24,12,25,0,12,57,11,0,10,25,9,100,8,200,7,24,6,200,5,839,4,0,3,1000,2,705,1683,3150
1773714197,15,12,15,27,16,5,17,0,18,344,19,140,20,246,21,953,22,0,23,0,24,12,25,0,12,57,11,0,10,25,9,100,8,200,7,24,6,200,5,839,4,0,3,1000,2,705,1727,3150
1773714198,15,12,15,27,16,0,17,0,18,344,19,140,20,246,21,953,22,0,23,0,24,12,25,0,12,57,11,0,10,25,9,100,8,200,7,24,6,200,5,839,4,0,3,1000,2,705,1722,3150
1773714199,15,12,15,27,16,0,17,100,18,244,19,140,20,246,21,953,22,0,23,0,24,12,25,0,12,57,11,0,10,25,9,100,8,200,7,24,6,200,5,839,4,0,3,1000,2,705,1722,3150
1773714200,15,12,15,2,16,0,17,100,18,244,19,140,20,46,21,428,22,0,23,189,24,12,25,0,12,57,11,0,10,25,9,100,8,200,7,24,6,200,5,839,4,0,3,1000,2,705,1161,3150
1773714201,15,12,15,2,16,0,17,100,18,244,19,0,20,191,21,428,22,0,23,189,24,12,25,0,12,57,11,0,10,25,9,100,8,200,7,24,6,200,5,839,4,0,3,1000,2,705,1166,3150
1773714202,17,15,17,100,18,244,19,0,20,191,21,428,22,0,23,189,24,12,25,0,26,0,27,281,15,98,14,0,13,0,12,57,11,0,10,25,9,100,8,200,7,24,6,200,5,839,1445,1543
1773714203,16,15,16,16,17,100,18,244,19,0,20,691,21,428,22,0,23,193,24,12,25,0,26,0,15,98,14,0,13,0,12,20,11,200,10,25,9,0,8,100,7,372,6,500,5,6,1684,1321
1773714204,16,15,16,16,17,100,18,244,19,0,20,691,21,428,22,0,23,124,24,12,25,0,26,0,15,98,14,0,13,0,12,20,11,200,10,25,9,0,8,100,7,372,6,500,5,6,1615,1321
1773714205,16,15,16,16,17,100,18,244,19,0,20,691,21,428,22,0,23,124,24,12,25,0,26,0,15,98,14,0,13,0,12,153,11,200,10,25,9,0,8,600,7,372,6,0,5,6,1615,1454
1773714206,16,15,16,16,17,100,18,244,19,15,20,500,21,428,22,0,23,124,24,12,25,0,26,0,15,98,14,0,13,0,12,153,11,200,10,25,9,0,8,600,7,372,6,0,5,180,1439,1628
1773714207,16,15,16,16,17,100,18,200,19,209,20,500,21,428,22,0,23,124,24,12,25,0,26,0,15,98,14,0,13,0,12,20,11,200,10,25,9,0,8,600,7,372,6,0,5,180,1589,1495
1773714208,16,12,16,26,17,100,18,200,19,209,20,500,21,428,22,0,23,124,24,12,25,0,26,0,12,189,11,0,10,25,9,0,8,200,7,24,6,0,5,729,4,910,3,1343,2,672,1599,4092
1773714209,16,12,16,33,17,100,18,200,19,209,20,500,21,428,22,0,23,124,24,12,25,0,26,0,12,20,11,0,10,25,9,20,8,50,7,24,6,200,5,180,4,924,3,1343,2,672,1606,3458
1773714210,16,12,16,33,17,100,18,200,19,209,20,500,21,428,22,0,23,194,24,12,25,0,26,0,12,20,11,0,10,25,9,0,8,166,7,224,6,0,5,180,4,910,3,1416,2,672,1676,3613
1773714211,16,12,16,33,17,100,18,200,19,209,20,500,21,428,22,0,23,194,24,12,25,0,26,0,12,58,11,0,10,25,9,44,8,146,7,224,6,0,5,180,4,910,3,1416,2,672,1676,3675
1773714212,16,12,16,33,17,100,18,200,19,209,20,500,21,428,22,0,23,194,24,12,25,0,26,0,12,43,11,0,10,25,9,0,8,44,7,224,6,15,5,180,4,910,3,1416,2,672,1676,3529
1773714213,16,12,16,33,17,139,18,200,19,209,20,500,21,428,22,0,23,194,24,12,25,0,26,0,12,43,11,0,10,25,9,44,8,147,7,224,6,15,5,180,4,910,3,1416,2,672,1715,3676
1773714214,16,12,16,33,17,139,18,200,19,209,20,500,21,428,22,0,23,194,24,12,25,0,26,0,12,43,11,0,10,25,9,44,8,147,7,224,6,15,5,180,4,910,3,1416,2,672,1715,3676
1773714215,16,12,16,33,17,89,18,200,19,209,20,500,21,428,22,0,23,159,24,12,25,0,26,0,12,43,11,0,10,25,9,0,8,0,7,224,6,15,5,180,4,910,3,1402,2,672,1630,3471
1773714216,16,12,16,33,17,89,18,200,19,209,20,500,21,428,22,0,23,159,24,12,25,0,26,0,12,43,11,0,10,25,9,0,8,148,7,224,6,15,5,180,4,910,3,1402,2,672,1630,3619
1773714217,16,12,16,33,17,89,18,200,19,209,20,500,21,428,22,0,23,159,24,12,25,0,26,0,12,43,11,0,10,25,9,0,8,148,7,224,6,15,5,180,4,910,3,1402,2,672,1630,3619
1773714218,16,12,16,33,17,89,18,200,19,209,20,500,21,428,22,0,23,159,24,12,25,0,26,0,12,43,11,0,10,25,9,15,8,0,7,224,6,0,5,180,4,910,3,1402,2,672,1630,3471
1773714219,16,12,16,33,17,89,18,200,19,209,20,500,21,428,22,0,23,159,24,12,25,0,26,0,12,43,11,0,10,25,9,15,8,125,7,224,6,0,5,180,4,910,3,1402,2,672,1630,3596
1773714220,16,12,16,33,17,89,18,200,19,209,20,500,21,428,22,0,23,159,24,12,25,0,26,0,12,43,11,0,10,25,9,15,8,125,7,224,6,0,5,180,4,910,3,1402,2,672,1630,3596
1773714221,16,12,16,38,17,89,18,200,19,209,20,0,21,447,22,0,23,0,24,12,25,0,26,0,12,48,11,0,10,25,9,15,8,0,7,224,6,0,5,180,4,910,3,1088,2,672,995,3162
1773714222,16,12,16,38,17,89,18,200,19,15,20,200,21,947,22,0,23,0,24,12,25,0,26,0,12,48,11,0,10,25,9,15,8,142,7,224,6,0,5,380,4,910,3,1088,2,672,1501,3504
1773714223,15,11,15,28,16,66,17,179,18,0,19,200,20,492,21,500,22,54,23,0,24,12,25,0,11,3,10,25,9,15,8,147,7,24,6,200,5,6,4,472,3,1000,2,145,1,1400,1531,3437
1773714224,13,11,13,10,14,50,15,257,16,816,17,0,18,200,19,263,20,638,21,500,22,54,23,0,11,3,10,25,9,15,8,55,7,24,6,200,5,6,4,472,3,1000,2,139,1,1400,2788,3339
1773714225,13,11,13,10,14,50,15,257,16,816,17,0,18,200,19,263,20,638,21,500,22,54,23,0,11,3,10,25,9,15,8,5,7,162,6,200,5,6,4,472,3,1000,2,139,1,1400,2788,3427
1773714226,13,11,13,10,14,50,15,257,16,816,17,0,18,200,19,263,20,638,21,500,22,54,23,0,11,3,10,25,9,15,8,5,7,162,6,200,5,6,4,472,3,1000,2,139,1,1919,2788,3946
1773714227,13,11,13,10,14,50,15,257,16,816,17,0,18,200,19,263,20,424,21,500,22,54,23,0,11,3,10,25,9,15,8,5,7,156,6,200,5,6,4,472,3,1000,2,139,1,1919,2574,3940
1773714228,13,11,13,10,14,65,15,257,16,816,17,0,18,200,19,477,20,424,21,500,22,54,23,0,11,3,10,25,9,0,8,20,7,156,6,200,5,6,4,472,3,1000,2,160,1,1919,2803,3961
1773714229,13,11,13,10,14,65,15,257,16,816,17,140,18,200,19,337,20,424,21,500,22,54,23,0,11,3,10,25,9,0,8,70,7,24,6,200,5,6,4,472,3,1000,2,160,1,1919,2803,3879
1773714230,13,11,13,510,14,65,15,257,16,16,17,140,18,200,19,337,20,424,21,500,22,54,23,0,11,3,10,25,9,0,8,20,7,160,6,200,5,6,4,472,3,1000,2,160,1,1919,2503,3965
1773714231,12,10,12,28,13,500,14,15,15,39,16,66,17,140,18,424,19,263,20,0,21,0,22,235,10,25,9,0,8,15,7,165,6,0,5,206,4,0,3,1000,2,432,1,1919,0,0,1710,3762
1773714232,12,10,12,28,13,500,14,15,15,39,16,66,17,214,18,424,19,263,20,0,21,0,22,235,10,25,9,0,8,15,7,29,6,200,5,6,4,0,3,1000,2,434,1,1919,0,0,1784,3628
1773714233,12,10,12,13,13,500,14,15,15,39,16,66,17,214,18,424,19,263,20,0,21,0,22,231,10,25,9,0,8,15,7,167,6,200,5,6,4,0,3,1000,2,437,1,1919,0,0,1765,3769
1773714234,12,10,12,13,13,500,14,15,15,39,16,66,17,214,18,424,19,263,20,0,21,0,22,231,10,25,9,0,8,15,7,29,6,200,5,6,4,0,3,1000,2,437,1,1919,0,0,1765,3631
1773714235,12,10,12,13,13,500,14,0,15,0,16,81,17,214,18,424,19,263,20,0,21,0,22,231,10,25,9,0,8,15,7,169,6,200,5,6,4,0,3,1000,2,448,1,1919,0,0,1726,3782
1773714236,12,10,12,13,13,500,14,0,15,0,16,81,17,214,18,424,19,263,20,0,21,0,22,231,10,67,9,0,8,15,7,164,6,200,5,6,4,0,3,1000,2,448,1,1919,0,0,1726,3819
1773714237,12,10,12,13,13,500,14,0,15,0,16,81,17,214,18,424,19,263,20,0,21,0,22,231,10,67,9,0,8,15,7,24,6,200,5,6,4,0,3,1000,2,448,1,1919,0,0,1726,3679
1773714238,12,10,12,13,13,500,14,0,15,0,16,81,17,214,18,424,19,263,20,0,21,0,22,231,10,67,9,0,8,15,7,24,6,200,5,6,4,0,3,1000,2,448,1,1919,0,0,1726,3679
1773714239,12,10,12,13,13,500,14,0,15,0,16,81,17,214,18,424,19,263,20,0,21,0,22,231,10,67,9,0,8,15,7,24,6,200,5,6,4,0,3,1000,2,441,1,1919,0,0,1726,3672
1773714240,12,10,12,13,13,500,14,0,15,0,16,81,17,214,18,424,19,263,20,0,21,0,22,231,10,67,9,0,8,15,7,24,6,200,5,6,4,0,3,1000,2,441,1,1919,0,0,1726,3672
1773714241,12,11,12,3,13,510,14,0,15,0,16,81,17,214,18,424,19,263,20,0,21,0,22,222,11,15,10,30,9,0,8,0,7,24,6,200,5,6,4,0,3,1042,2,377,1,1919,1717,3613
1773714242,12,11,12,3,13,510,14,0,15,0,16,81,17,214,18,424,19,263,20,0,21,0,22,222,11,15,10,30,9,0,8,0,7,24,6,200,5,6,4,0,3,1042,2,377,1,1919,1717,3613
1773714243,12,11,12,3,13,510,14,0,15,0,16,81,17,214,18,424,19,263,20,0,21,0,22,222,11,15,10,30,9,0,8,0,7,24,6,200,5,6,4,0,3,1042,2,377,1,1919,1717,3613
1773714244,12,11,12,3,13,510,14,5,15,0,16,81,17,214,18,424,19,263,20,0,21,0,22,222,11,15,10,30,9,0,8,50,7,24,6,200,5,6,4,0,3,1042,2,377,1,1919,1722,3663
1773714245,12,11,12,3,13,510,14,5,15,0,16,81,17,214,18,424,19,263,20,0,21,0,22,222,11,15,10,30,9,0,8,50,7,24,6,200,5,6,4,0,3,1042,2,377,1,1919,1722,3663
1773714246,12,10,12,13,13,500,14,5,15,0,16,81,17,214,18,424,19,263,20,0,21,0,22,222,10,25,9,15,8,0,7,29,6,200,5,6,4,10,3,1000,2,377,1,1919,0,0,1722,3581
1773714247,12,10,12,13,13,500,14,5,15,0,16,81,17,214,18,424,19,263,20,0,21,0,22,222,10,25,9,15,8,0,7,29,6,200,5,6,4,10,3,1000,2,377,1,1919,0,0,1722,3581
1773714248,12,10,12,13,13,500,14,5,15,0,16,81,17,214,18,424,19,263,20,0,21,0,22,231,10,25,9,15,8,0,7,29,6,200,5,6,4,10,3,1000,2,377,1,1919,0,0,1731,3581
1773714249,12,10,12,13,13,500,14,5,15,0,16,81,17,214,18,424,19,263,20,0,21,0,22,231,10,25,9,15,8,0,7,29,6,200,5,6,4,10,3,1000,2,377,1,1919,0,0,1731,3581
1773714250,12,10,12,13,13,500,14,5,15,0,16,81,17,214,18,424,19,263,20,0,21,0,22,231,10,25,9,15,8,0,7,29,6,200,5,6,4,10,3,1000,2,377,1,1919,0,0,1731,3581
1773714251,12,10,12,13,13,500,14,5,15,0,16,81,17,214,18,424,19,263,20,0,21,0,22,231,10,25,9,0,8,15,7,29,6,200,5,6,4,0,3,1000,2,441,1,1919,0,0,1731,3635
1773714252,12,10,12,13,13,500,14,5,15,0,16,81,17,214,18,424,19,263,20,0,21,0,22,231,10,25,9,0,8,15,7,29,6,200,5,6,4,0,3,1000,2,441,1,1919,0,0,1731,3635
1773714253,12,10,12,13,13,500,14,5,15,0,16,81,17,214,18,424,19,263,20,0,21,0,22,231,10,25,9,0,8,15,7,29,6,200,5,6,4,0,3,1000,2,441,1,1919,0,0,1731,3635
1773714254,12,10,12,13,13,500,14,5,15,0,16,81,17,214,18,424,19,263,20,0,21,0,22,231,10,25,9,0,8,15,7,29,6,200,5,6,4,0,3,1000,2,441,1,1919,0,0,1731,3635
1773714255,12,10,12,13,13,500,14,5,15,0,16,81,17,214,18,424,19,263,20,0,21,0,22,231,10,25,9,0,8,15,7,29,6,200,5,6,4,0,3,1000,2,441,1,1919,0,0,1731,3635
1773714256,12,10,12,13,13,500,14,5,15,0,16,81,17,214,18,424,19,263,20,0,21,0,22,231,10,25,9,0,8,15,7,29,6,200,5,6,4,0,3,1000,2,441,1,1919,0,0,1731,3635
1773714257,12,10,12,13,13,500,14,5,15,0,16,81,17,214,18,424,19,263,20,0,21,0,22,231,10,25,9,0,8,15,7,29,6,200,5,6,4,0,3,1000,2,441,1,1919,0,0,1731,3635
1773714258,13,10,13,3,14,5,15,10,16,88,17,414,18,0,19,0,20,423,21,47,22,0,23,0,10,25,9,0,8,15,7,29,6,200,5,6,4,0,3,1000,2,448,1,1400,0,0,990,3123
1773714259,13,10,13,3,14,5,15,10,16,82,17,0,18,50,19,414,20,423,21,500,22,54,23,0,10,25,9,0,8,15,7,29,6,200,5,6,4,0,3,1000,2,448,1,1400,0,0,1541,3123
1773714260,13,10,13,3,14,5,15,10,16,82,17,50,18,200,19,214,20,423,21,500,22,59,23,0,10,25,9,0,8,15,7,29,6,200,5,6,4,0,3,1000,2,448,1,1400,0,0,1546,3123
1773714261,13,10,13,3,14,5,15,43,16,38,17,50,18,200,19,214,20,423,21,500,22,59,23,0,10,25,9,0,8,15,7,29,6,200,5,6,4,0,3,1000,2,448,1,1400,0,0,1535,3123
1773714262,13,10,13,3,14,5,15,33,16,33,17,50,18,215,19,214,20,423,21,500,22,59,23,0,10,25,9,0,8,15,7,29,6,200,5,6,4,0,3,1000,2,448,1,1400,0,0,1535,3123
1773714263,13,10,13,3,14,5,15,33,16,17,17,50,18,215,19,214,20,423,21,500,22,59,23,0,10,25,9,0,8,15,7,29,6,200,5,6,4,0,3,1000,2,444,1,1400,0,0,1519,3119
1773714264,13,10,13,3,14,5,15,33,16,67,17,175,18,215,19,64,20,423,21,500,22,59,23,0,10,25,9,0,8,15,7,29,6,200,5,6,4,0,3,2000,2,444,1,1400,0,0,1544,4119
1773714265,13,10,13,3,14,5,15,50,16,50,17,150,18,215,19,64,20,423,21,500,22,59,23,0,10,25,9,0,8,15,7,29,6,200,5,6,4,0,3,2000,2,444,1,1400,0,0,1519,4119
1773714266,13,10,13,3,14,15,15,40,16,50,17,150,18,215,19,64,20,423,21,500,22,59,23,0,10,35,9,0,8,15,7,29,6,200,5,6,4,0,3,2000,2,444,1,1400,0,0,1519,4129
1773714267,14,10,14,2,15,50,16,65,17,150,18,200,19,64,20,423,21,500,22,59,23,0,24,12,10,35,9,0,8,15,7,29,6,200,5,6,4,0,3,2000,2,444,1,1400,0,0,1525,4129
1773714268,14,10,14,2,15,50,16,65,17,150,18,200,19,64,20,423,21,500,22,59,23,0,24,12,10,35,9,0,8,15,7,29,6,200,5,6,4,0,3,2000,2,444,1,1400,0,0,1525,4129
1773714269,14,10,14,12,15,40,16,65,17,150,18,200,19,64,20,423,21,500,22,59,23,0,24,12,10,35,9,0,8,15,7,29,6,200,5,6,4,0,3,2000,2,444,1,1400,0,0,1525,4129
1773714270,14,10,14,2,15,50,16,65,17,150,18,200,19,64,20,423,21,500,22,59,23,0,24,12,10,35,9,0,8,15,7,29,6,200,5,6,4,0,3,2000,2,469,1,1400,0,0,1525,4154
1773714271,14,10,14,2,15,43,16,65,17,150,18,200,19,64,20,423,21,500,22,54,23,0,24,12,10,35,9,0,8,15,7,29,6,200,5,6,4,0,3,2000,2,469,1,1400,0,0,1513,4154
1773714272,14,10,14,2,15,43,16,65,17,150,18,200,19,64,20,423,21,500,22,54,23,0,24,12,10,35,9,0,8,15,7,29,6,200,5,6,4,0,3,2000,2,469,1,1400,0,0,1513,4154
1773714273,13,10,13,17,14,2,15,43,16,65,17,150,18,200,19,64,20,423,21,500,22,54,23,0,10,35,9,0,8,15,7,29,6,200,5,6,4,0,3,2000,2,469,1,1400,0,0,1518,4154
1773714274,13,10,13,17,14,2,15,43,16,65,17,150,18,200,19,64,20,423,21,500,22,54,23,0,10,35,9,0,8,15,7,29,6,200,5,6,4,0,3,2000,2,469,1,1400,0,0,1518,4154
1773714275,13,10,13,17,14,2,15,43,16,65,17,150,18,200,19,64,20,423,21,500,22,54,23,0,10,35,9,0,8,15,7,29,6,200,5,6,4,0,3,2000,2,469,1,1400,0,0,1518,4154
1773714276,13,10,13,17,14,2,15,43,16,65,17,150,18,200,19,64,20,423,21,500,22,54,23,0,10,35,9,0,8,15,7,29,6,200,5,6,4,0,3,2000,2,469,1,1400,0,0,1518,4154
1773714277,13,10,13,17,14,2,15,43,16,65,17,150,18,200,19,64,20,423,21,500,22,54,23,0,10,35,9,0,8,15,7,29,6,200,5,6,4,0,3,2000,2,469,1,1400,0,0,1518,4154
1773714278,13,10,13,17,14,2,15,43,16,65,17,150,18,200,19,64,20,423,21,500,22,54,23,0,10,35,9,0,8,15,7,29,6,200,5,6,4,0,3,2000,2,469,1,1400,0,0,1518,4154
1773714279,13,10,13,17,14,2,15,43,16,65,17,150,18,200,19,64,20,423,21,500,22,54,23,0,10,35,9,0,8,15,7,29,6,200,5,6,4,0,3,2000,2,469,1,1400,0,0,1518,4154
1773714280,11,10,11,17,12,162,13,0,14,52,15,233,16,15,17,150,18,422,19,0,20,149,21,0,10,35,9,0,8,15,7,29,6,200,5,6,4,0,3,2000,2,451,1,1400,0,0,1200,4136
1773714281,11,10,11,17,12,162,13,0,14,52,15,233,16,15,17,214,18,422,19,0,20,149,21,0,10,35,9,0,8,15,7,29,6,200,5,6,4,0,3,2000,2,451,1,1400,0,0,1264,4136
1773714282,11,10,11,17,12,162,13,0,14,52,15,200,16,15,17,214,18,422,19,0,20,149,21,0,10,35,9,0,8,15,7,29,6,200,5,6,4,0,3,2000,2,451,1,1400,0,0,1231,4136
1773714283,11,10,11,17,12,162,13,0,14,52,15,200,16,15,17,214,18,422,19,0,20,149,21,0,10,35,9,0,8,15,7,29,6,200,5,6,4,0,3,2000,2,430,1,1400,0,0,1231,4115
1773714284,11,10,11,17,12,162,13,0,14,2,15,50,16,200,17,214,18,422,19,0,20,149,21,0,10,35,9,0,8,15,7,29,6,0,5,206,4,0,3,2000,2,430,1,1400,0,0,1216,4115
1773714285,11,10,11,17,12,162,13,0,14,2,15,50,16,200,17,214,18,422,19,0,20,149,21,0,10,35,9,0,8,15,7,29,6,136,5,206,4,0,3,2000,2,430,1,1400,0,0,1216,4251
1773714286,11,10,11,17,12,162,13,0,14,52,15,200,16,0,17,214,18,422,19,0,20,149,21,0,10,35,9,0,8,15,7,29,6,136,5,206,4,0,3,2000,2,430,1,1400,0,0,1216,4251
1773714287,11,8,11,27,12,152,13,0,14,252,15,0,16,500,17,214,18,622,19,1202,20,0,21,0,8,10,7,36,6,655,5,206,4,200,3,2000,2,430,1,1400,0,0,-1,0,-2,0,2969,4937
1773714288,11,8,11,27,12,154,13,0,14,252,15,0,16,500,17,214,18,622,19,1202,20,500,21,0,8,10,7,36,6,655,5,206,4,200,3,2000,2,430,1,1919,0,0,-1,0,-2,0,3471,5456
1773714289,11,8,11,27,12,154,13,50,14,202,15,0,16,500,17,214,18,622,19,1202,20,500,21,0,8,10,7,36,6,655,5,352,4,200,3,2000,2,430,1,1919,0,0,-1,0,-2,0,3471,5602
1773714290,11,8,11,27,12,154,13,50,14,202,15,0,16,500,17,214,18,622,19,1202,20,500,21,0,8,10,7,36,6,655,5,206,4,200,3,2000,2,419,1,1919,0,0,-1,0,-2,0,3471,5445
1773714291,11,8,11,67,12,154,13,0,14,202,15,0,16,500,17,214,18,622,19,1202,20,500,21,0,8,10,7,36,6,655,5,6,4,350,3,2000,2,144,1,2190,0,0,-1,0,-2,0,3461,5391
1773714292,11,8,11,67,12,154,13,0,14,202,15,0,16,0,17,500,18,622,19,1237,20,500,21,0,8,10,7,36,6,655,5,6,4,350,3,2000,2,144,1,2190,0,0,-1,0,-2,0,3282,5391
1773714293,11,7,11,67,12,154,13,0,14,202,15,202,16,0,17,500,18,622,19,1237,20,500,21,0,7,36,6,655,5,6,4,200,3,2000,2,144,1,1919,0,0,-1,0,-2,0,-3,0,3484,4960
1773714294,11,7,11,67,12,154,13,0,14,202,15,0,16,0,17,500,18,833,19,1237,20,500,21,0,7,36,6,655,5,152,4,200,3,2000,2,144,1,1919,0,0,-1,0,-2,0,-3,0,3493,5106
1773714295,11,7,11,67,12,152,13,0,14,202,15,0,16,500,17,0,18,833,19,1237,20,500,21,0,7,46,6,655,5,152,4,200,3,2000,2,144,1,2190,0,0,-1,0,-2,0,-3,0,3491,5387
1773714296,11,8,11,67,12,152,13,0,14,202,15,0,16,0,17,500,18,833,19,1237,20,500,21,0,8,10,7,41,6,655,5,6,4,200,3,2000,2,144,1,2190,0,0,-1,0,-2,0,3491,5246
1773714297,11,8,11,67,12,152,13,0,14,2,15,0,16,0,17,200,18,422,19,160,20,0,21,0,8,10,7,41,6,0,5,206,4,125,3,2000,2,105,1,2293,0,0,-1,0,-2,0,1003,4780
1773714298,11,8,11,67,12,152,13,0,14,2,15,0,16,200,17,211,18,422,19,160,20,0,21,0,8,10,7,41,6,0,5,206,4,125,3,2000,2,144,1,2190,0,0,-1,0,-2,0,1214,4716
1773714299,11,8,11,67,12,152,13,0,14,0,15,0,16,200,17,0,18,422,19,160,20,0,21,0,8,10,7,41,6,0,5,206,4,0,3,2000,2,144,1,2190,0,0,-1,0,-2,0,1001,4591
1773714300,11,7,11,67,12,152,13,0,14,0,15,0,16,200,17,71,18,422,19,160,20,0,21,0,7,41,6,0,5,206,4,136,3,2000,2,105,1,2029,0,0,-1,0,-2,0,-3,0,1072,4517
1773714301,11,7,11,79,12,152,13,0,14,0,15,0,16,0,17,200,18,422,19,160,20,0,21,0,7,41,6,0,5,206,4,136,3,2000,2,105,1,2024,0,0,-1,0,-2,0,-3,0,1013,4512
1773714302,11,7,11,79,12,152,13,0,14,0,15,0,16,0,17,200,18,422,19,160,20,0,21,0,7,41,6,0,5,206,4,0,3,2000,2,105,1,2024,0,0,-1,0,-2,0,-3,0,1013,4376
1773714303,11,7,11,78,12,152,13,0,14,0,15,0,16,0,17,200,18,422,19,160,20,0,21,0,7,713,6,0,5,206,4,340,3,2000,2,105,1,2024,0,0,-1,0,-2,0,-3,0,1012,5388
1773714304,11,7,11,78,12,152,13,0,14,0,15,0,16,0,17,700,18,422,19,200,20,1806,21,0,7,713,6,0,5,206,4,340,3,2000,2,734,1,2024,0,0,-1,0,-2,0,-3,0,3358,6017
1773714305,11,7,11,78,12,152,13,0,14,0,15,0,16,0,17,700,18,422,19,200,20,1806,21,0,7,713,6,0,5,206,4,345,3,2000,2,734,1,2024,0,0,-1,0,-2,0,-3,0,3358,6022
1773714306,11,7,11,78,12,152,13,0,14,0,15,0,16,0,17,700,18,422,19,200,20,1806,21,0,7,713,6,0,5,206,4,345,3,2000,2,734,1,2024,0,0,-1,0,-2,0,-3,0,3358,6022
1773714307,11,7,11,78,12,152,13,0,14,0,15,0,16,0,17,700,18,422,19,200,20,1806,21,0,7,713,6,0,5,206,4,200,3,2000,2,734,1,2024,0,0,-1,0,-2,0,-3,0,3358,5877
1773714308,11,7,11,78,12,152,13,0,14,0,15,0,16,0,17,700,18,422,19,200,20,1806,21,0,7,713,6,0,5,206,4,344,3,2000,2,734,1,2024,0,0,-1,0,-2,0,-3,0,3358,6021
1773714309,11,7,11,78,12,152,13,0,14,0,15,0,16,0,17,700,18,422,19,200,20,1806,21,0,7,713,6,0,5,206,4,344,3,2000,2,734,1,2024,0,0,-1,0,-2,0,-3,0,3358,6021
1773714310,11,7,11,78,12,152,13,0,14,0,15,0,16,0,17,700,18,422,19,200,20,1806,21,0,7,713,6,0,5,206,4,200,3,2000,2,734,1,2024,0,0,-1,0,-2,0,-3,0,3358,5877
1773714311,11,7,11,78,12,152,13,0,14,0,15,0,16,0,17,700,18,422,19,200,20,1806,21,0,7,713,6,0,5,206,4,200,3,2000,2,734,1,2024,0,0,-1,0,-2,0,-3,0,3358,5877
1773714312,11,7,11,78,12,152,13,0,14,0,15,0,16,0,17,700,18,422,19,200,20,1806,21,0,7,713,6,0,5,206,4,200,3,2000,2,734,1,2024,0,0,-1,0,-2,0,-3,0,3358,5877
1773714313,11,7,11,78,12,152,13,0,14,0,15,0,16,0,17,700,18,422,19,188,20,0,21,0,7,41,6,0,5,206,4,200,3,2000,2,734,1,1505,0,0,-1,0,-2,0,-3,0,1540,4686
1773714314,11,7,11,78,12,152,13,0,14,0,15,0,16,0,17,700,18,422,19,188,20,0,21,0,7,41,6,0,5,206,4,200,3,2000,2,734,1,1505,0,0,-1,0,-2,0,-3,0,1540,4686
1773714315,11,7,11,78,12,152,13,0,14,0,15,0,16,0,17,700,18,422,19,188,20,0,21,0,7,41,6,0,5,206,4,200,3,2000,2,734,1,1505,0,0,-1,0,-2,0,-3,0,1540,4686
1773714316,11,7,11,78,12,152,13,0,14,0,15,0,16,0,17,700,18,422,19,188,20,0,21,0,7,41,6,0,5,206,4,200,3,2000,2,734,1,1505,0,0,-1,0,-2,0,-3,0,1540,4686
1773714317,11,7,11,78,12,152,13,0,14,0,15,0,16,0,17,700,18,422,19,188,20,0,21,0,7,41,6,0,5,206,4,200,3,2000,2,734,1,1505,0,0,-1,0,-2,0,-3,0,1540,4686
1773714318,11,7,11,78,12,152,13,0,14,0,15,0,16,0,17,700,18,422,19,188,20,0,21,0,7,41,6,0,5,206,4,200,3,2000,2,734,1,1505,0,0,-1,0,-2,0,-3,0,1540,4686
1773714319,11,7,11,78,12,152,13,0,14,0,15,0,16,0,17,700,18,422,19,188,20,0,21,0,7,41,6,0,5,206,4,200,3,2000,2,734,1,1505,0,0,-1,0,-2,0,-3,0,1540,4686
1773714320,11,7,11,78,12,152,13,0,14,0,15,0,16,0,17,700,18,422,19,188,20,0,21,0,7,41,6,0,5,206,4,200,3,2000,2,734,1,1505,0,0,-1,0,-2,0,-3,0,1540,4686
1773714321,11,7,11,78,12,152,13,0,14,0,15,0,16,0,17,700,18,422,19,188,20,0,21,0,7,41,6,0,5,206,4,200,3,2000,2,734,1,1505,0,0,-1,0,-2,0,-3,0,1540,4686
1773714322,11,7,11,78,12,152,13,0,14,0,15,0,16,0,17,700,18,422,19,188,20,0,21,0,7,41,6,0,5,206,4,200,3,2000,2,734,1,1505,0,0,-1,0,-2,0,-3,0,1540,4686
1773714323,11,7,11,28,12,152,13,0,14,0,15,0,16,0,17,200,18,422,19,179,20,0,21,0,7,41,6,0,5,206,4,200,3,2000,2,734,1,1505,0,0,-1,0,-2,0,-3,0,981,4686
1773714324,11,7,11,34,12,152,13,0,14,0,15,0,16,0,17,200,18,422,19,0,20,138,21,0,7,41,6,1,5,206,4,200,3,2000,2,105,1,1505,0,0,-1,0,-2,0,-3,0,946,4058
1773714325,11,7,11,34,12,152,13,0,14,0,15,0,16,0,17,700,18,422,19,166,20,0,21,0,7,41,6,1,5,206,4,200,3,2000,2,105,1,1505,0,0,-1,0,-2,0,-3,0,1474,4058
1773714326,11,8,11,50,12,152,13,0,14,50,15,200,16,328,17,500,18,422,19,166,20,0,21,0,8,2,7,91,6,200,5,130,4,200,3,2000,2,142,1,1670,0,0,-1,0,-2,0,1868,4435
1773714327,11,8,11,50,12,152,13,0,14,50,15,200,16,328,17,500,18,422,19,166,20,0,21,0,8,2,7,91,6,200,5,130,4,0,3,2000,2,142,1,1670,0,0,-1,0,-2,0,1868,4235
1773714328,11,8,11,22,12,152,13,0,14,50,15,200,16,328,17,500,18,422,19,169,20,0,21,0,8,57,7,41,6,50,5,206,4,0,3,2000,2,142,1,1670,0,0,-1,0,-2,0,1843,4166
1773714329,11,8,11,22,12,152,13,0,14,250,15,0,16,328,17,500,18,422,19,71,20,0,21,0,8,57,7,41,6,50,5,357,4,200,3,2000,2,138,1,1670,0,0,-1,0,-2,0,1745,4513
1773714330,11,8,11,21,12,152,13,0,14,250,15,0,16,328,17,500,18,422,19,71,20,0,21,0,8,62,7,36,6,250,5,157,4,200,3,2000,2,105,1,1742,0,0,-1,0,-2,0,1744,4552
1773714331,11,8,11,21,12,152,13,50,14,200,15,0,16,328,17,500,18,422,19,71,20,0,21,0,8,62,7,86,6,200,5,6,4,0,3,2000,2,105,1,1742,0,0,-1,0,-2,0,1744,4201
1773714332,11,8,11,21,12,152,13,50,14,200,15,0,16,328,17,500,18,422,19,71,20,0,21,0,8,62,7,86,6,200,5,6,4,139,3,2000,2,105,1,1742,0,0,-1,0,-2,0,1744,4340
1773714333,11,8,11,21,12,152,13,50,14,200,15,0,16,328,17,500,18,422,19,71,20,0,21,0,8,62,7,86,6,200,5,6,4,139,3,2000,2,105,1,1742,0,0,-1,0,-2,0,1744,4340
1773714334,11,8,11,21,12,152,13,50,14,200,15,0,16,328,17,500,18,422,19,71,20,0,21,0,8,62,7,86,6,200,5,6,4,149,3,2000,2,105,1,1742,0,0,-1,0,-2,0,1744,4350
1773714335,11,8,11,21,12,152,13,50,14,0,15,200,16,328,17,500,18,422,19,71,20,0,21,0,8,62,7,86,6,200,5,6,4,149,3,2000,2,105,1,1742,0,0,-1,0,-2,0,1744,4350
1773714336,11,8,11,21,12,152,13,0,14,250,15,0,16,328,17,500,18,422,19,71,20,0,21,0,8,62,7,86,6,200,5,6,4,200,3,2000,2,105,1,1742,0,0,-1,0,-2,0,1744,4401
1773714337,11,8,11,21,12,152,13,50,14,200,15,0,16,328,17,500,18,422,19,71,20,0,21,0,8,62,7,86,6,200,5,6,4,146,3,2000,2,105,1,1742,0,0,-1,0,-2,0,1744,4347
1773714338,11,8,11,21,12,152,13,0,14,250,15,0,16,328,17,500,18,422,19,71,20,0,21,0,8,62,7,86,6,200,5,6,4,346,3,2000,2,105,1,1742,0,0,-1,0,-2,0,1744,4547
1773714339,11,8,11,21,12,152,13,0,14,250,15,0,16,328,17,500,18,422,19,68,20,0,21,0,8,62,7,86,6,200,5,6,4,0,3,2000,2,105,1,1742,0,0,-1,0,-2,0,1741,4201
1773714340,11,8,11,21,12,152,13,50,14,200,15,0,16,328,17,500,18,422,19,68,20,0,21,0,8,62,7,86,6,200,5,6,4,133,3,2000,2,105,1,1742,0,0,-1,0,-2,0,1741,4334
1773714341,11,8,11,21,12,152,13,50,14,200,15,0,16,328,17,500,18,422,19,68,20,0,21,0,8,62,7,86,6,200,5,6,4,133,3,2000,2,105,1,1742,0,0,-1,0,-2,0,1741,4334
1773714342,11,8,11,22,12,152,13,0,14,50,15,200,16,328,17,500,18,422,19,68,20,0,21,0,8,62,7,86,6,200,5,6,4,0,3,2000,2,105,1,1742,0,0,-1,0,-2,0,1742,4201
1773714343,11,8,11,22,12,152,13,0,14,50,15,200,16,328,17,500,18,422,19,68,20,0,21,0,8,62,7,86,6,200,5,6,4,124,3,2000,2,105,1,1742,0,0,-1,0,-2,0,1742,4325
1773714344,11,8,11,22,12,152,13,0,14,50,15,200,16,328,17,500,18,422,19,68,20,0,21,0,8,62,7,86,6,200,5,6,4,124,3,2000,2,105,1,1742,0,0,-1,0,-2,0,1742,4325
1773714345,11,8,11,22,12,152,13,0,14,50,15,200,16,328,17,500,18,422,19,68,20,0,21,0,8,62,7,86,6,200,5,6,4,0,3,2000,2,105,1,1742,0,0,-1,0,-2,0,1742,4201
1773714346,11,8,11,22,12,152,13,0,14,50,15,200,16,328,17,500,18,422,19,43,20,0,21,0,8,62,7,86,6,200,5,133,4,0,3,2000,2,105,1,1742,0,0,-1,0,-2,0,1717,4328
1773714347,11,8,11,22,12,152,13,0,14,50,15,200,16,328,17,500,18,422,19,43,20,0,21,0,8,62,7,86,6,200,5,133,4,0,3,2000,2,105,1,1742,0,0,-1,0,-2,0,1717,4328
1773714348,11,8,11,22,12,152,13,0,14,50,15,200,16,328,17,500,18,422,19,43,20,0,21,0,8,62,7,86,6,200,5,6,4,0,3,2000,2,105,1,1742,0,0,-1,0,-2,0,1717,4201
1773714349,11,8,11,162,12,152,13,0,14,0,15,200,16,328,17,500,18,422,19,43,20,0,21,0,8,62,7,86,6,200,5,6,4,340,3,2000,2,105,1,1742,0,0,-1,0,-2,0,1807,4541
1773714350,11,8,11,162,12,152,13,0,14,0,15,200,16,328,17,500,18,422,19,43,20,0,21,0,8,62,7,86,6,200,5,6,4,140,3,2000,2,105,1,1742,0,0,-1,0,-2,0,1807,4341
1773714351,11,8,11,162,12,152,13,0,14,0,15,200,16,328,17,500,18,422,19,43,20,0,21,0,8,62,7,86,6,200,5,145,4,200,3,2000,2,105,1,1742,0,0,-1,0,-2,0,1807,4540
1773714352,11,8,11,162,12,152,13,0,14,0,15,200,16,328,17,500,18,422,19,43,20,0,21,0,8,62,7,86,6,200,5,145,4,200,3,2000,2,105,1,1742,0,0,-1,0,-2,0,1807,4540
1773714353,11,8,11,162,12,152,13,0,14,0,15,200,16,328,17,500,18,422,19,43,20,0,21,0,8,62,7,86,6,200,5,6,4,700,3,2000,2,247,1,1670,0,0,-1,0,-2,0,1807,4971
1773714354,11,8,11,162,12,152,13,0,14,0,15,200,16,328,17,500,18,422,19,43,20,0,21,0,8,62,7,86,6,200,5,148,4,700,3,2000,2,247,1,1670,0,0,-1,0,-2,0,1807,5113
1773714355,11,8,11,162,12,152,13,0,14,0,15,200,16,328,17,500,18,422,19,43,20,0,21,0,8,62,7,86,6,200,5,148,4,700,3,2000,2,247,1,1670,0,0,-1,0,-2,0,1807,5113
1773714356,11,8,11,162,12,152,13,0,14,0,15,200,16,328,17,500,18,422,19,43,20,0,21,0,8,62,7,86,6,200,5,6,4,700,3,2000,2,247,1,1670,0,0,-1,0,-2,0,1807,4971
1773714357,11,8,11,162,12,152,13,0,14,0,15,200,16,328,17,500,18,422,19,43,20,0,21,0,8,62,7,82,6,200,5,143,4,200,3,2000,2,238,1,1670,0,0,-1,0,-2,0,1807,4595
1773714358,11,8,11,162,12,152,13,0,14,0,15,200,16,328,17,500,18,422,19,43,20,0,21,0,8,741,7,82,6,200,5,143,4,700,3,2000,2,249,1,2265,0,0,-1,0,-2,0,1807,6380
1773714359,11,8,11,162,12,152,13,0,14,0,15,200,16,328,17,500,18,422,19,43,20,0,21,0,8,741,7,36,6,0,5,52,4,200,3,2000,2,249,1,2265,0,0,-1,0,-2,0,1807,5543
1773714360,11,8,11,162,12,152,13,0,14,337,15,200,16,0,17,500,18,422,19,43,20,0,21,0,8,741,7,36,6,50,5,158,4,583,3,2562,2,815,1,2265,0,0,-1,0,-2,0,1816,7210
1773714361,11,8,11,162,12,152,13,0,14,337,15,200,16,0,17,500,18,422,19,43,20,0,21,0,8,741,7,36,6,50,5,158,4,583,3,2562,2,815,1,2265,0,0,-1,0,-2,0,1816,7210
1773714362,11,8,11,162,12,152,13,0,14,337,15,200,16,0,17,500,18,422,19,43,20,0,21,0,8,741,7,36,6,50,5,135,4,783,3,2562,2,815,1,2265,0,0,-1,0,-2,0,1816,7387
1773714363,11,8,11,212,12,152,13,0,14,337,15,200,16,0,17,500,18,422,19,78,20,0,21,0,8,741,7,36,6,50,5,135,4,583,3,2562,2,818,1,2265,0,0,-1,0,-2,0,1901,7190
1773714364,11,8,11,212,12,152,13,0,14,337,15,200,16,0,17,500,18,422,19,78,20,0,21,0,8,741,7,36,6,50,5,6,4,583,3,2562,2,818,1,2265,0,0,-1,0,-2,0,1901,7061
1773714365,11,8,11,212,12,152,13,0,14,337,15,200,16,0,17,500,18,422,19,78,20,0,21,0,8,741,7,36,6,50,5,6,4,583,3,2562,2,818,1,2265,0,0,-1,0,-2,0,1901,7061
1773714366,11,8,11,212,12,152,13,0,14,337,15,200,16,0,17,500,18,422,19,78,20,0,21,0,8,741,7,36,6,50,5,6,4,583,3,2562,2,818,1,2265,0,0,-1,0,-2,0,1901,7061
1773714367,11,8,11,212,12,152,13,0,14,337,15,200,16,0,17,500,18,422,19,78,20,0,21,0,8,741,7,36,6,50,5,6,4,783,3,2562,2,818,1,2265,0,0,-1,0,-2,0,1901,7261
1773714368,11,8,11,212,12,152,13,0,14,337,15,200,16,0,17,500,18,422,19,40,20,0,21,0,8,60,7,36,6,0,5,206,4,583,3,2562,2,675,1,2681,0,0,-1,0,-2,0,1863,6803
1773714369,11,8,11,202,12,152,13,0,14,337,15,200,16,0,17,500,18,422,19,78,20,0,21,0,8,60,7,36,6,0,5,206,4,583,3,2562,2,675,1,2681,0,0,-1,0,-2,0,1891,6803
1773714370,10,6,10,28,11,202,12,163,13,0,14,337,15,200,16,420,17,500,18,0,19,78,20,0,6,981,5,200,4,754,3,2562,2,675,1,2681,0,0,-1,0,-2,0,-3,0,-4,0,1928,7853
1773714371,9,6,9,10,10,129,11,101,12,163,13,0,14,337,15,0,16,420,17,0,18,85,19,0,6,981,5,200,4,754,3,2562,2,675,1,2681,0,0,-1,0,-2,0,-3,0,-4,0,1245,7853
1773714372,9,7,9,10,10,129,11,101,12,163,13,200,14,337,15,0,16,420,17,0,18,85,19,0,7,200,6,981,5,200,4,619,3,2562,2,675,1,2681,0,0,-1,0,-2,0,-3,0,1445,7918
1773714373,9,6,9,10,10,129,11,101,12,163,13,200,14,337,15,0,16,420,17,0,18,85,19,0,6,981,5,200,4,752,3,2562,2,675,1,2681,0,0,-1,0,-2,0,-3,0,-4,0,1445,7851
1773714374,9,6,9,10,10,129,11,111,12,163,13,200,14,337,15,0,16,420,17,0,18,85,19,0,6,981,5,200,4,752,3,2562,2,675,1,2681,0,0,-1,0,-2,0,-3,0,-4,0,1455,7851
1773714375,9,7,9,9,10,129,11,111,12,163,13,0,14,337,15,0,16,420,17,0,18,84,19,0,7,54,6,981,5,200,4,619,3,2562,2,675,1,2681,0,0,-1,0,-2,0,-3,0,1253,7772
1773714376,9,7,9,9,10,129,11,111,12,163,13,0,14,337,15,0,16,420,17,0,18,84,19,0,7,54,6,981,5,200,4,762,3,2562,2,675,1,2681,0,0,-1,0,-2,0,-3,0,1253,7915
1773714377,9,7,9,9,10,129,11,111,12,163,13,0,14,337,15,0,16,420,17,0,18,84,19,0,7,54,6,981,5,200,4,762,3,2562,2,675,1,2681,0,0,-1,0,-2,0,-3,0,1253,7915
1773714378,9,7,9,9,10,129,11,111,12,163,13,0,14,337,15,0,16,420,17,0,18,84,19,0,7,254,6,981,5,200,4,744,3,2562,2,675,1,2681,0,0,-1,0,-2,0,-3,0,1253,8097
1773714379,9,6,9,9,10,129,11,121,12,163,13,0,14,337,15,0,16,420,17,0,18,84,19,0,6,90,5,200,4,125,3,2000,2,105,1,1400,0,0,-1,0,-2,0,-3,0,-4,0,1263,3920
1773714380,9,6,9,9,10,129,11,122,12,163,13,0,14,337,15,0,16,420,17,0,18,84,19,0,6,90,5,200,4,200,3,2000,2,105,1,1400,0,0,-1,0,-2,0,-3,0,-4,0,1264,3995
1773714381,9,6,9,9,10,129,11,122,12,163,13,0,14,337,15,0,16,420,17,0,18,84,19,0,6,90,5,200,4,0,3,2135,2,105,1,1400,0,0,-1,0,-2,0,-3,0,-4,0,1264,3930
1773714382,9,6,9,9,10,329,11,1450,12,163,13,0,14,337,15,0,16,420,17,0,18,84,19,0,6,90,5,200,4,200,3,2135,2,105,1,1400,0,0,-1,0,-2,0,-3,0,-4,0,2792,4130
1773714383,10,6,10,141,11,1450,12,163,13,0,14,337,15,0,16,420,17,0,18,84,19,0,20,0,6,112,5,200,4,200,3,2000,2,105,1,1400,0,0,-1,0,-2,0,-3,0,-4,0,2595,4017
1773714384,9,7,9,10,10,241,11,1450,12,163,13,0,14,0,15,0,16,420,17,0,18,85,19,0,7,10,6,162,5,200,4,322,3,2000,2,105,1,1792,0,0,-1,0,-2,0,-3,0,2369,4591
1773714385,9,7,9,10,10,241,11,1450,12,163,13,0,14,0,15,0,16,420,17,0,18,85,19,0,7,10,6,162,5,200,4,322,3,2000,2,105,1,1792,0,0,-1,0,-2,0,-3,0,2369,4591
1773714386,9,7,9,29,10,241,11,1450,12,163,13,0,14,0,15,0,16,420,17,15,18,0,19,0,7,10,6,212,5,200,4,200,3,2000,2,105,1,1792,0,0,-1,0,-2,0,-3,0,2318,4519
1773714387,11,7,11,946,12,163,13,0,14,0,15,0,16,420,17,0,18,0,19,148,20,0,21,0,7,10,6,212,5,200,4,335,3,2000,2,105,1,1827,0,0,-1,0,-2,0,-3,0,1677,4689
1773714388,10,7,10,50,11,946,12,163,13,0,14,0,15,0,16,420,17,0,18,0,19,733,20,0,7,1,6,212,5,200,4,335,3,2000,2,105,1,1820,0,0,-1,0,-2,0,-3,0,2312,4673
1773714389,10,7,10,50,11,946,12,163,13,0,14,0,15,0,16,420,17,0,18,0,19,36,20,0,7,31,6,212,5,200,4,336,3,2000,2,105,1,1785,0,0,-1,0,-2,0,-3,0,1615,4669
1773714390,9,7,9,37,10,50,11,948,12,163,13,0,14,0,15,116,16,420,17,298,18,0,19,0,7,31,6,262,5,200,4,336,3,2000,2,105,1,1820,0,0,-1,0,-2,0,-3,0,2032,4754
1773714391,9,7,9,37,10,50,11,948,12,163,13,0,14,0,15,116,16,420,17,298,18,0,19,0,7,31,6,262,5,200,4,200,3,2000,2,105,1,2464,0,0,-1,0,-2,0,-3,0,2032,5262
1773714392,9,6,9,37,10,50,11,948,12,163,13,0,14,0,15,116,16,420,17,298,18,0,19,0,6,262,5,200,4,337,3,2000,2,105,1,2464,0,0,-1,0,-2,0,-3,0,-4,0,2032,5368
1773714393,9,6,9,37,10,50,11,948,12,163,13,0,14,0,15,116,16,420,17,298,18,0,19,0,6,262,5,200,4,337,3,2000,2,105,1,2464,0,0,-1,0,-2,0,-3,0,-4,0,2032,5368
1773714394,9,6,9,37,10,51,11,0,12,363,13,0,14,500,15,116,16,420,17,298,18,0,19,0,6,262,5,200,4,200,3,2000,2,105,1,2469,0,0,-1,0,-2,0,-3,0,-4,0,1785,5236
1773714395,10,6,10,39,11,51,12,363,13,0,14,0,15,500,16,420,17,298,18,0,19,0,20,0,6,262,5,200,4,200,3,2129,2,105,1,2469,0,0,-1,0,-2,0,-3,0,-4,0,1671,5365
1773714396,10,6,10,39,11,51,12,363,13,0,14,116,15,500,16,420,17,298,18,0,19,0,20,500,6,262,5,200,4,0,3,2129,2,105,1,2469,0,0,-1,0,-2,0,-3,0,-4,0,2287,5165
1773714397,10,6,10,39,11,51,12,363,13,0,14,116,15,500,16,428,17,0,18,0,19,0,20,0,6,262,5,200,4,200,3,2000,2,105,1,2469,0,0,-1,0,-2,0,-3,0,-4,0,1497,5236
1773714398,10,6,10,39,11,51,12,363,13,0,14,116,15,500,16,428,17,0,18,0,19,0,20,0,6,262,5,200,4,200,3,2123,2,105,1,2044,0,0,-1,0,-2,0,-3,0,-4,0,1497,4934
1773714399,10,6,10,39,11,51,12,363,13,0,14,116,15,500,16,445,17,0,18,0,19,0,20,0,6,262,5,200,4,200,3,2123,2,105,1,2469,0,0,-1,0,-2,0,-3,0,-4,0,1514,5359
1773714400,10,6,10,39,11,51,12,163,13,0,14,116,15,700,16,445,17,0,18,0,19,0,20,0,6,262,5,200,4,200,3,2000,2,105,1,2044,0,0,-1,0,-2,0,-3,0,-4,0,1514,4811
1773714401,10,6,10,39,11,51,12,163,13,0,14,116,15,700,16,428,17,0,18,0,19,0,20,0,6,262,5,200,4,200,3,2132,2,105,1,2469,0,0,-1,0,-2,0,-3,0,-4,0,1497,5368
1773714402,10,6,10,39,11,51,12,163,13,0,14,116,15,700,16,445,17,0,18,0,19,0,20,0,6,262,5,200,4,200,3,2000,2,105,1,2469,0,0,-1,0,-2,0,-3,0,-4,0,1514,5236
1773714403,11,6,11,51,12,163,13,0,14,116,15,0,16,420,17,0,18,0,19,0,20,0,21,175,6,262,5,200,4,200,3,2135,2,105,1,2469,0,0,-1,0,-2,0,-3,0,-4,0,925,5371
1773714404,10,8,10,52,11,50,12,164,13,0,14,200,15,116,16,420,17,0,18,0,19,239,20,0,8,47,7,160,6,258,5,0,4,200,3,2135,2,105,1,2434,0,0,-1,0,-2,0,1241,5339
1773714405,10,8,10,52,11,51,12,163,13,0,14,0,15,316,16,420,17,0,18,0,19,71,20,0,8,47,7,160,6,258,5,0,4,700,3,2000,2,245,1,2313,0,0,-1,0,-2,0,1073,5723
1773714406,10,8,10,92,11,50,12,163,13,0,14,0,15,316,16,420,17,0,18,0,19,71,20,0,8,47,7,160,6,258,5,139,4,200,3,2000,2,1083,1,2313,0,0,-1,0,-2,0,1112,6200
1773714407,10,8,10,92,11,50,12,163,13,0,14,0,15,316,16,420,17,0,18,0,19,71,20,0,8,47,7,160,6,258,5,139,4,200,3,2000,2,1083,1,2313,0,0,-1,0,-2,0,1112,6200
1773714408,10,8,10,92,11,50,12,163,13,0,14,0,15,116,16,420,17,0,18,0,19,71,20,0,8,47,7,160,6,258,5,0,4,700,3,2000,2,1121,1,2313,0,0,-1,0,-2,0,912,6599
1773714409,10,8,10,92,11,50,12,163,13,0,14,0,15,316,16,420,17,0,18,0,19,71,20,0,8,47,7,160,6,258,5,140,4,700,3,2000,2,1093,1,2313,0,0,-1,0,-2,0,1112,6711
1773714410,10,8,10,92,11,50,12,163,13,0,14,0,15,316,16,420,17,0,18,0,19,71,20,0,8,47,7,160,6,258,5,140,4,700,3,2000,2,1093,1,2313,0,0,-1,0,-2,0,1112,6711
1773714411,10,8,10,92,11,50,12,163,13,0,14,0,15,316,16,420,17,0,18,0,19,71,20,0,8,47,7,160,6,258,5,145,4,700,3,2000,2,1093,1,2313,0,0,-1,0,-2,0,1112,6716
1773714412,10,8,10,92,11,50,12,163,13,0,14,0,15,200,16,420,17,0,18,0,19,71,20,0,8,47,7,160,6,258,5,145,4,200,3,2000,2,1090,1,2313,0,0,-1,0,-2,0,996,6213
1773714413,11,8,11,49,12,163,13,0,14,0,15,541,16,420,17,0,18,0,19,71,20,0,21,0,8,47,7,160,6,258,5,0,4,700,3,2000,2,1089,1,2313,0,0,-1,0,-2,0,1244,6567
1773714414,9,8,9,4,10,0,11,59,12,163,13,0,14,0,15,541,16,420,17,0,18,0,19,71,8,47,7,160,6,258,5,139,4,200,3,2000,2,1089,1,2313,0,0,-1,0,-2,0,1258,6206
1773714415,9,7,9,4,10,0,11,59,12,163,13,0,14,0,15,541,16,420,17,4,18,0,19,0,7,160,6,258,5,139,4,200,3,2000,2,943,1,2470,0,0,-1,0,-2,0,-3,0,1191,6170
1773714416,9,7,9,4,10,0,11,100,12,163,13,0,14,200,15,341,16,420,17,0,18,74,19,0,7,50,6,208,5,200,4,200,3,2000,2,978,1,1669,0,0,-1,0,-2,0,-3,0,1302,5305
1773714417,9,7,9,4,10,0,11,100,12,163,13,0,14,200,15,341,16,420,17,0,18,74,19,0,7,50,6,208,5,200,4,138,3,2000,2,978,1,1669,0,0,-1,0,-2,0,-3,0,1302,5243
1773714418,9,7,9,14,10,79,11,100,12,163,13,0,14,200,15,341,16,420,17,0,18,74,19,0,7,10,6,208,5,200,4,138,3,2000,2,943,1,1826,0,0,-1,0,-2,0,-3,0,1391,5325
1773714419,9,7,9,14,10,92,11,100,12,163,13,0,14,200,15,341,16,420,17,0,18,74,19,0,7,10,6,58,5,350,4,0,3,2000,2,943,1,1960,0,0,-1,0,-2,0,-3,0,1404,5321
1773714420,9,7,9,14,10,92,11,100,12,163,13,0,14,200,15,341,16,420,17,0,18,74,19,0,7,10,6,58,5,350,4,142,3,2000,2,943,1,1932,0,0,-1,0,-2,0,-3,0,1404,5435
1773714421,10,7,10,92,11,100,12,163,13,0,14,200,15,341,16,420,17,0,18,74,19,0,20,0,7,10,6,58,5,350,4,200,3,2000,2,943,1,1988,0,0,-1,0,-2,0,-3,0,1390,5549
1773714422,10,7,10,92,11,100,12,163,13,0,14,200,15,341,16,420,17,0,18,74,19,0,20,0,7,10,6,58,5,350,4,325,3,2000,2,943,1,1988,0,0,-1,0,-2,0,-3,0,1390,5674
1773714423,10,7,10,92,11,100,12,163,13,0,14,200,15,341,16,420,17,0,18,74,19,0,20,0,7,10,6,58,5,350,4,325,3,2000,2,943,1,1988,0,0,-1,0,-2,0,-3,0,1390,5674
1773714424,10,7,10,92,11,100,12,163,13,200,14,111,15,341,16,420,17,0,18,74,19,0,20,0,7,10,6,58,5,350,4,0,3,2000,2,105,1,1988,0,0,-1,0,-2,0,-3,0,1501,4511
1773714425,10,7,10,92,11,100,12,163,13,200,14,111,15,341,16,420,17,0,18,74,19,0,20,0,7,70,6,58,5,350,4,330,3,2000,2,105,1,1988,0,0,-1,0,-2,0,-3,0,1501,4901
1773714426,9,7,9,24,10,93,11,100,12,163,13,200,14,111,15,341,16,420,17,0,18,74,19,0,7,70,6,58,5,350,4,330,3,2000,2,105,1,1998,0,0,-1,0,-2,0,-3,0,1526,4911
1773714427,9,7,9,24,10,93,11,100,12,163,13,200,14,111,15,341,16,420,17,0,18,74,19,0,7,70,6,58,5,350,4,0,3,2000,2,105,1,2660,0,0,-1,0,-2,0,-3,0,1526,5243
1773714428,9,7,9,24,10,93,11,100,12,163,13,200,14,111,15,341,16,420,17,0,18,74,19,0,7,70,6,58,5,350,4,145,3,2000,2,105,1,2660,0,0,-1,0,-2,0,-3,0,1526,5388
1773714429,9,7,9,24,10,93,11,151,12,163,13,200,14,111,15,341,16,420,17,0,18,74,19,0,7,70,6,208,5,0,4,200,3,2000,2,105,1,2660,0,0,-1,0,-2,0,-3,0,1577,5243
1773714430,9,7,9,24,10,93,11,100,12,163,13,200,14,111,15,341,16,420,17,0,18,74,19,0,7,70,6,58,5,350,4,0,3,2000,2,105,1,2660,0,0,-1,0,-2,0,-3,0,1526,5243
1773714431,9,7,9,24,10,93,11,100,12,163,13,200,14,111,15,341,16,420,17,0,18,74,19,0,7,70,6,208,5,200,4,0,3,2000,2,105,1,2660,0,0,-1,0,-2,0,-3,0,1526,5243
1773714432,9,7,9,24,10,93,11,100,12,163,13,200,14,111,15,341,16,420,17,0,18,74,19,0,7,70,6,208,5,200,4,0,3,2000,2,105,1,2660,0,0,-1,0,-2,0,-3,0,1526,5243
1773714433,9,7,9,24,10,93,11,100,12,163,13,200,14,111,15,341,16,420,17,0,18,74,19,0,7,70,6,208,5,200,4,0,3,2000,2,105,1,2660,0,0,-1,0,-2,0,-3,0,1526,5243
1773714434,9,7,9,24,10,93,11,100,12,163,13,200,14,111,15,341,16,420,17,0,18,74,19,0,7,70,6,208,5,200,4,0,3,2000,2,105,1,2660,0,0,-1,0,-2,0,-3,0,1526,5243
1773714435,9,7,9,24,10,93,11,100,12,163,13,200,14,111,15,341,16,420,17,0,18,74,19,0,7,70,6,208,5,200,4,0,3,2000,2,105,1,2660,0,0,-1,0,-2,0,-3,0,1526,5243
1773714436,9,7,9,9,10,93,11,100,12,163,13,200,14,111,15,341,16,420,17,0,18,74,19,0,7,70,6,208,5,200,4,0,3,2000,2,105,1,2660,0,0,-1,0,-2,0,-3,0,1511,5243
1773714437,9,7,9,9,10,93,11,100,12,163,13,200,14,111,15,341,16,420,17,0,18,74,19,0,7,70,6,208,5,200,4,0,3,2000,2,105,1,2660,0,0,-1,0,-2,0,-3,0,1511,5243
1773714438,9,7,9,9,10,93,11,100,12,163,13,0,14,200,15,128,16,420,17,0,18,74,19,0,7,70,6,58,5,350,4,200,3,2000,2,142,1,2330,0,0,-1,0,-2,0,-3,0,1187,5150
1773714439,9,7,9,9,10,93,11,100,12,163,13,0,14,200,15,128,16,420,17,0,18,74,19,0,7,70,6,58,5,150,4,200,3,2000,2,114,1,2330,0,0,-1,0,-2,0,-3,0,1187,4922
1773714440,9,7,9,9,10,93,11,100,12,163,13,0,14,200,15,128,16,420,17,0,18,74,19,0,7,70,6,58,5,150,4,200,3,2000,2,114,1,2330,0,0,-1,0,-2,0,-3,0,1187,4922
1773714441,9,7,9,9,10,93,11,100,12,163,13,0,14,200,15,128,16,420,17,0,18,74,19,0,7,70,6,58,5,150,4,200,3,2000,2,114,1,2330,0,0,-1,0,-2,0,-3,0,1187,4922
1773714442,10,7,10,93,11,100,12,163,13,0,14,0,15,328,16,420,17,0,18,0,19,211,20,0,7,70,6,258,5,150,4,200,3,2000,2,125,1,2330,0,0,-1,0,-2,0,-3,0,1315,5133
1773714443,9,7,9,15,10,93,11,100,12,163,13,0,14,130,15,200,16,420,17,0,18,2,19,0,7,70,6,408,5,0,4,0,3,2000,2,223,1,2330,0,0,-1,0,-2,0,-3,0,1123,5031
1773714444,9,7,9,15,10,93,11,38,12,163,13,0,14,130,15,200,16,420,17,0,18,2,19,0,7,170,6,258,5,0,4,0,3,2000,2,985,1,2330,0,0,-1,0,-2,0,-3,0,1061,5743
1773714445,9,7,9,15,10,93,11,38,12,163,13,0,14,130,15,200,16,420,17,0,18,2,19,0,7,170,6,258,5,0,4,0,3,2000,2,985,1,1668,0,0,-1,0,-2,0,-3,0,1061,5081
1773714446,9,7,9,15,10,93,11,38,12,163,13,0,14,130,15,200,16,420,17,0,18,2,19,0,7,170,6,258,5,0,4,0,3,2000,2,985,1,1668,0,0,-1,0,-2,0,-3,0,1061,5081
1773714447,9,7,9,15,10,93,11,38,12,163,13,0,14,130,15,200,16,420,17,0,18,2,19,0,7,170,6,258,5,0,4,0,3,2000,2,985,1,1668,0,0,-1,0,-2,0,-3,0,1061,5081
1773714448,9,7,9,14,10,93,11,38,12,163,13,0,14,130,15,200,16,420,17,0,18,0,19,93,7,170,6,258,5,0,4,0,3,2000,2,985,1,1668,0,0,-1,0,-2,0,-3,0,1151,5081
1773714449,9,7,9,14,10,93,11,38,12,163,13,0,14,130,15,200,16,420,17,9,18,0,19,0,7,170,6,258,5,0,4,0,3,2000,2,978,1,1668,0,0,-1,0,-2,0,-3,0,1067,5074
1773714450,9,7,9,14,10,93,11,38,12,163,13,0,14,130,15,200,16,420,17,9,18,0,19,0,7,170,6,258,5,0,4,0,3,2000,2,985,1,1668,0,0,-1,0,-2,0,-3,0,1067,5081
1773714451,9,7,9,14,10,93,11,38,12,163,13,0,14,0,15,200,16,420,17,79,18,0,19,0,7,170,6,258,5,0,4,0,3,2000,2,985,1,1668,0,0,-1,0,-2,0,-3,0,1007,5081
1773714452,9,7,9,15,10,93,11,38,12,163,13,0,14,200,15,130,16,420,17,79,18,0,19,0,7,170,6,258,5,0,4,0,3,2000,2,985,1,1668,0,0,-1,0,-2,0,-3,0,1138,5081
1773714453,9,7,9,15,10,93,11,38,12,163,13,0,14,200,15,130,16,420,17,79,18,0,19,0,7,170,6,258,5,0,4,0,3,2000,2,985,1,1668,0,0,-1,0,-2,0,-3,0,1138,5081
1773714454,9,7,9,15,10,93,11,38,12,163,13,0,14,200,15,130,16,420,17,79,18,0,19,0,7,170,6,258,5,0,4,0,3,2000,2,985,1,1668,0,0,-1,0,-2,0,-3,0,1138,5081
1773714455,9,7,9,15,10,93,11,38,12,163,13,0,14,200,15,251,16,420,17,81,18,0,19,0,7,170,6,258,5,0,4,0,3,2000,2,985,1,1668,0,0,-1,0,-2,0,-3,0,1261,5081
1773714456,9,7,9,15,10,93,11,38,12,163,13,0,14,200,15,251,16,420,17,81,18,0,19,0,7,170,6,258,5,0,4,0,3,2000,2,985,1,1668,0,0,-1,0,-2,0,-3,0,1261,5081
1773714457,8,7,8,200,9,778,10,93,11,38,12,163,13,0,14,0,15,251,16,420,17,221,18,0,7,110,6,258,5,0,4,200,3,2000,2,974,1,1400,0,0,-1,0,-2,0,-3,0,2164,4942
1773714458,8,7,8,200,9,778,10,93,11,38,12,163,13,0,14,0,15,251,16,420,17,361,18,0,7,10,6,158,5,200,4,200,3,2000,2,114,1,1400,0,0,-1,0,-2,0,-3,0,2304,4082
1773714459,8,7,8,200,9,778,10,93,11,37,12,163,13,0,14,0,15,251,16,420,17,361,18,0,7,10,6,158,5,200,4,200,3,2000,2,114,1,1400,0,0,-1,0,-2,0,-3,0,2303,4082
1773714460,8,7,8,200,9,778,10,93,11,37,12,163,13,0,14,0,15,251,16,420,17,431,18,0,7,10,6,158,5,200,4,200,3,2000,2,114,1,1400,0,0,-1,0,-2,0,-3,0,2373,4082
1773714461,8,7,8,200,9,778,10,93,11,37,12,163,13,0,14,0,15,251,16,420,17,431,18,0,7,10,6,158,5,200,4,200,3,2000,2,114,1,1400,0,0,-1,0,-2,0,-3,0,2373,4082
1773714462,8,7,8,200,9,778,10,93,11,37,12,163,13,0,14,0,15,251,16,420,17,431,18,0,7,70,6,158,5,200,4,200,3,2000,2,114,1,1400,0,0,-1,0,-2,0,-3,0,2373,4142
1773714463,8,7,8,200,9,778,10,93,11,37,12,163,13,0,14,0,15,251,16,420,17,431,18,0,7,10,6,158,5,200,4,200,3,2000,2,114,1,1400,0,0,-1,0,-2,0,-3,0,2373,4082
1773714464,8,7,8,200,9,778,10,93,11,37,12,163,13,0,14,0,15,251,16,420,17,431,18,0,7,10,6,158,5,200,4,200,3,2000,2,114,1,1400,0,0,-1,0,-2,0,-3,0,2373,4082
1773714465,8,7,8,196,9,778,10,93,11,37,12,163,13,0,14,0,15,251,16,420,17,428,18,0,7,10,6,158,5,200,4,200,3,2000,2,114,1,1400,0,0,-1,0,-2,0,-3,0,2366,4082
1773714466,8,7,8,196,9,778,10,93,11,37,12,163,13,0,14,0,15,251,16,420,17,428,18,0,7,10,6,158,5,200,4,200,3,2000,2,114,1,1400,0,0,-1,0,-2,0,-3,0,2366,4082
1773714467,8,7,8,196,9,778,10,93,11,37,12,163,13,0,14,0,15,251,16,420,17,428,18,0,7,10,6,158,5,200,4,200,3,2000,2,114,1,1400,0,0,-1,0,-2,0,-3,0,2366,4082
1773714468,8,7,8,196,9,778,10,93,11,37,12,163,13,0,14,0,15,251,16,420,17,428,18,0,7,10,6,158,5,200,4,200,3,2000,2,114,1,1400,0,0,-1,0,-2,0,-3,0,2366,4082
1773714469,8,7,8,196,9,778,10,93,11,37,12,163,13,0,14,0,15,251,16,420,17,428,18,0,7,10,6,158,5,200,4,200,3,2000,2,114,1,1400,0,0,-1,0,-2,0,-3,0,2366,4082
1773714470,8,7,8,196,9,778,10,93,11,37,12,163,13,0,14,0,15,251,16,420,17,428,18,0,7,10,6,158,5,200,4,200,3,2000,2,114,1,1400,0,0,-1,0,-2,0,-3,0,2366,4082
1773714471,8,7,8,196,9,778,10,93,11,37,12,163,13,0,14,0,15,251,16,420,17,428,18,0,7,10,6,158,5,200,4,200,3,2000,2,114,1,1400,0,0,-1,0,-2,0,-3,0,2366,4082
1773714472,8,6,8,196,9,778,10,93,11,100,12,163,13,0,14,418,15,251,16,0,17,428,18,0,6,108,5,0,4,400,3,2133,2,105,1,1400,0,0,-1,0,-2,0,-3,0,-4,0,2427,4146
1773714473,8,7,8,196,9,778,10,93,11,100,12,163,13,0,14,418,15,0,16,0,17,428,18,0,7,10,6,108,5,0,4,400,3,2133,2,105,1,1442,0,0,-1,0,-2,0,-3,0,2176,4198
1773714474,8,7,8,196,9,778,10,93,11,100,12,163,13,0,14,418,15,0,16,0,17,428,18,0,7,10,6,108,5,0,4,400,3,2000,2,105,1,1442,0,0,-1,0,-2,0,-3,0,2176,4065
1773714475,8,7,8,196,9,778,10,93,11,100,12,163,13,0,14,418,15,0,16,270,17,428,18,0,7,10,6,158,5,200,4,338,3,2000,2,105,1,1476,0,0,-1,0,-2,0,-3,0,2446,4287
1773714476,8,7,8,196,9,778,10,93,11,100,12,163,13,0,14,418,15,0,16,270,17,428,18,0,7,10,6,158,5,200,4,338,3,2000,2,105,1,1476,0,0,-1,0,-2,0,-3,0,2446,4287
1773714477,8,7,8,196,9,778,10,93,11,100,12,163,13,0,14,418,15,0,16,270,17,428,18,0,7,10,6,158,5,200,4,200,3,2000,2,105,1,1476,0,0,-1,0,-2,0,-3,0,2446,4149
1773714478,8,7,8,196,9,778,10,93,11,100,12,163,13,0,14,418,15,0,16,270,17,428,18,0,7,10,6,108,5,0,4,545,3,2000,2,105,1,1442,0,0,-1,0,-2,0,-3,0,2446,4210
1773714479,8,7,8,196,9,778,10,93,11,100,12,163,13,0,14,418,15,0,16,270,17,428,18,0,7,10,6,58,5,50,4,545,3,2000,2,105,1,1442,0,0,-1,0,-2,0,-3,0,2446,4210
1773714480,8,7,8,196,9,778,10,93,11,100,12,163,13,0,14,418,15,0,16,270,17,428,18,0,7,10,6,58,5,50,4,400,3,2000,2,105,1,1442,0,0,-1,0,-2,0,-3,0,2446,4065
1773714481,8,7,8,196,9,778,10,93,11,100,12,163,13,0,14,418,15,0,16,270,17,428,18,0,7,10,6,58,5,50,4,529,3,2000,2,105,1,1442,0,0,-1,0,-2,0,-3,0,2446,4194
1773714482,8,7,8,196,9,778,10,93,11,100,12,163,13,0,14,418,15,0,16,270,17,428,18,0,7,10,6,58,5,50,4,400,3,2000,2,105,1,1442,0,0,-1,0,-2,0,-3,0,2446,4065
1773714483,8,7,8,196,9,778,10,93,11,100,12,163,13,0,14,418,15,0,16,270,17,428,18,0,7,10,6,58,5,50,4,539,3,2000,2,105,1,1442,0,0,-1,0,-2,0,-3,0,2446,4204
1773714484,8,7,8,196,9,778,10,93,11,100,12,163,13,0,14,418,15,0,16,270,17,428,18,0,7,10,6,58,5,50,4,539,3,2000,2,105,1,1442,0,0,-1,0,-2,0,-3,0,2446,4204
1773714485,8,7,8,196,9,778,10,93,11,100,12,163,13,0,14,418,15,0,16,270,17,428,18,0,7,10,6,58,5,50,4,400,3,2000,2,105,1,1442,0,0,-1,0,-2,0,-3,0,2446,4065
1773714486,8,7,8,196,9,778,10,93,11,100,12,163,13,0,14,418,15,0,16,270,17,428,18,0,7,10,6,58,5,50,4,539,3,2000,2,105,1,1442,0,0,-1,0,-2,0,-3,0,2446,4204
1773714487,8,7,8,196,9,778,10,93,11,100,12,163,13,0,14,418,15,0,16,270,17,428,18,0,7,10,6,58,5,50,4,539,3,2000,2,105,1,1442,0,0,-1,0,-2,0,-3,0,2446,4204
1773714488,8,7,8,196,9,778,10,93,11,100,12,163,13,0,14,418,15,0,16,270,17,428,18,0,7,10,6,58,5,50,4,400,3,2000,2,105,1,1442,0,0,-1,0,-2,0,-3,0,2446,4065
1773714489,8,7,8,196,9,778,10,93,11,100,12,163,13,0,14,418,15,0,16,270,17,428,18,0,7,10,6,58,5,50,4,400,3,2000,2,105,1,1442,0,0,-1,0,-2,0,-3,0,2446,4065
1773714490,8,7,8,196,9,778,10,93,11,100,12,163,13,0,14,418,15,0,16,270,17,428,18,0,7,10,6,58,5,50,4,400,3,2000,2,105,1,1442,0,0,-1,0,-2,0,-3,0,2446,4065
1773714491,8,7,8,196,9,778,10,93,11,100,12,163,13,0,14,418,15,0,16,270,17,428,18,0,7,10,6,58,5,50,4,400,3,2000,2,105,1,1442,0,0,-1,0,-2,0,-3,0,2446,4065
1773714492,8,7,8,196,9,778,10,93,11,100,12,163,13,0,14,418,15,0,16,270,17,428,18,0,7,10,6,58,5,50,4,400,3,2000,2,105,1,1442,0,0,-1,0,-2,0,-3,0,2446,4065
1773714493,8,7,8,196,9,778,10,93,11,100,12,163,13,0,14,418,15,0,16,270,17,428,18,0,7,10,6,58,5,50,4,400,3,2000,2,105,1,1442,0,0,-1,0,-2,0,-3,0,2446,4065
1773714494,8,7,8,196,9,778,10,93,11,100,12,163,13,0,14,418,15,0,16,270,17,428,18,0,7,10,6,58,5,50,4,400,3,2000,2,105,1,1442,0,0,-1,0,-2,0,-3,0,2446,4065
1773714495,9,8,9,798,10,93,11,100,12,163,13,0,14,418,15,0,16,270,17,291,18,0,19,0,8,483,7,10,6,108,5,144,4,200,3,2000,2,105,1,1456,0,0,-1,0,-2,0,2133,4506
1773714496,9,8,9,798,10,93,11,100,12,163,13,0,14,418,15,0,16,270,17,291,18,0,19,0,8,483,7,10,6,108,5,922,4,711,3,2000,2,821,1,1456,0,0,-1,0,-2,0,2133,6511
1773714497,9,8,9,798,10,93,11,100,12,163,13,0,14,418,15,0,16,270,17,291,18,0,19,0,8,483,7,10,6,108,5,778,4,711,3,2000,2,821,1,1456,0,0,-1,0,-2,0,2133,6367
1773714498,9,8,9,799,10,93,11,100,12,163,13,0,14,418,15,0,16,270,17,291,18,0,19,0,8,483,7,10,6,108,5,910,4,711,3,2000,2,821,1,1456,0,0,-1,0,-2,0,2134,6499
1773714499,9,8,9,799,10,93,11,100,12,163,13,0,14,418,15,0,16,270,17,291,18,0,19,0,8,483,7,10,6,108,5,910,4,711,3,2000,2,821,1,1456,0,0,-1,0,-2,0,2134,6499
1773714500,9,8,9,799,10,93,11,100,12,163,13,0,14,418,15,104,16,149,17,0,18,0,19,133,8,483,7,10,6,108,5,778,4,711,3,2000,2,821,1,1449,0,0,-1,0,-2,0,1959,6360
1773714501,9,8,9,799,10,93,11,100,12,163,13,0,14,418,15,104,16,441,17,0,18,0,19,133,8,483,7,0,6,108,5,902,4,711,3,2000,2,821,1,1400,0,0,-1,0,-2,0,2251,6425
1773714502,9,8,9,799,10,93,11,100,12,163,13,0,14,418,15,237,16,441,17,0,18,0,19,0,8,483,7,0,6,108,5,902,4,711,3,2000,2,821,1,1400,0,0,-1,0,-2,0,2251,6425
1773714503,9,8,9,799,10,93,11,100,12,163,13,0,14,418,15,237,16,441,17,0,18,0,19,0,8,483,7,0,6,108,5,916,4,711,3,2000,2,821,1,1400,0,0,-1,0,-2,0,2251,6439
1773714504,9,8,9,799,10,93,11,50,12,163,13,0,14,418,15,237,16,0,17,615,18,0,19,0,8,483,7,0,6,108,5,916,4,711,3,2000,2,821,1,1400,0,0,-1,0,-2,0,2375,6439
1773714505,8,6,8,220,9,779,10,93,11,50,12,163,13,0,14,418,15,0,16,237,17,615,18,0,6,22,5,50,4,400,3,2000,2,821,1,1400,0,0,-1,0,-2,0,-3,0,-4,0,2575,4693
1773714506,8,6,8,220,9,779,10,93,11,50,12,163,13,0,14,418,15,0,16,237,17,615,18,0,6,22,5,50,4,400,3,2126,2,821,1,1400,0,0,-1,0,-2,0,-3,0,-4,0,2575,4819
1773714507,8,6,8,220,9,779,10,93,11,50,12,163,13,0,14,418,15,0,16,237,17,615,18,0,6,22,5,50,4,400,3,2126,2,821,1,1400,0,0,-1,0,-2,0,-3,0,-4,0,2575,4819
1773714508,8,6,8,220,9,779,10,93,11,50,12,163,13,0,14,418,15,0,16,237,17,650,18,0,6,22,5,26,4,400,3,2000,2,821,1,1400,0,0,-1,0,-2,0,-3,0,-4,0,2610,4669
1773714509,8,6,8,220,9,779,10,93,11,50,12,163,13,0,14,418,15,0,16,237,17,650,18,0,6,22,5,26,4,400,3,2140,2,821,1,1400,0,0,-1,0,-2,0,-3,0,-4,0,2610,4809
1773714510,8,6,8,220,9,779,10,93,11,50,12,163,13,0,14,418,15,0,16,237,17,650,18,0,6,22,5,26,4,400,3,2140,2,821,1,1400,0,0,-1,0,-2,0,-3,0,-4,0,2610,4809
1773714511,8,6,8,120,9,779,10,93,11,50,12,163,13,0,14,418,15,0,16,237,17,650,18,0,6,22,5,26,4,400,3,2139,2,821,1,1400,0,0,-1,0,-2,0,-3,0,-4,0,2510,4808
1773714512,8,6,8,20,9,779,10,93,11,50,12,163,13,0,14,418,15,0,16,237,17,650,18,0,6,22,5,26,4,400,3,2139,2,105,1,1400,0,0,-1,0,-2,0,-3,0,-4,0,2410,4092
1773714513,8,6,8,20,9,779,10,93,11,50,12,163,13,0,14,418,15,0,16,237,17,650,18,0,6,22,5,27,4,400,3,2000,2,105,1,1400,0,0,-1,0,-2,0,-3,0,-4,0,2410,3954
1773714514,8,6,8,20,9,779,10,93,11,50,12,163,13,0,14,418,15,0,16,237,17,650,18,0,6,22,5,28,4,400,3,2143,2,105,1,1400,0,0,-1,0,-2,0,-3,0,-4,0,2410,4098
1773714515,8,6,8,20,9,779,10,93,11,50,12,163,13,0,14,418,15,0,16,237,17,650,18,0,6,22,5,28,4,400,3,2143,2,105,1,1400,0,0,-1,0,-2,0,-3,0,-4,0,2410,4098
1773714516,9,6,9,798,10,93,11,50,12,163,13,0,14,418,15,0,16,237,17,650,18,0,19,0,6,22,5,29,4,400,3,2000,2,105,1,1400,0,0,-1,0,-2,0,-3,0,-4,0,2409,3956
1773714517,9,6,9,798,10,93,11,50,12,163,13,0,14,418,15,0,16,237,17,650,18,0,19,0,6,22,5,29,4,400,3,2146,2,105,1,1400,0,0,-1,0,-2,0,-3,0,-4,0,2409,4102
1773714518,9,6,9,798,10,93,11,50,12,163,13,0,14,418,15,0,16,237,17,650,18,0,19,0,6,22,5,29,4,400,3,2146,2,105,1,1400,0,0,-1,0,-2,0,-3,0,-4,0,2409,4102
1773714519,9,6,9,798,10,93,11,50,12,163,13,0,14,418,15,0,16,237,17,650,18,0,19,0,6,22,5,29,4,400,3,2000,2,105,1,1400,0,0,-1,0,-2,0,-3,0,-4,0,2409,3956
1773714520,9,6,9,798,10,93,11,50,12,163,13,0,14,418,15,0,16,237,17,650,18,0,19,0,6,22,5,29,4,400,3,2000,2,105,1,1400,0,0,-1,0,-2,0,-3,0,-4,0,2409,3956
1773714521,9,6,9,798,10,93,11,50,12,163,13,0,14,418,15,0,16,237,17,643,18,0,19,0,6,22,5,29,4,400,3,2000,2,105,1,1400,0,0,-1,0,-2,0,-3,0,-4,0,2402,3956
1773714522,9,6,9,798,10,93,11,50,12,163,13,0,14,418,15,0,16,237,17,643,18,0,19,0,6,22,5,29,4,400,3,2000,2,105,1,1400,0,0,-1,0,-2,0,-3,0,-4,0,2402,3956
1773714523,9,6,9,798,10,93,11,50,12,163,13,0,14,418,15,0,16,237,17,643,18,0,19,0,6,22,5,29,4,400,3,2000,2,105,1,1400,0,0,-1,0,-2,0,-3,0,-4,0,2402,3956
1773714524,9,6,9,20,10,51,11,200,12,163,13,363,14,418,15,0,16,237,17,643,18,0,19,0,6,22,5,29,4,200,3,2000,2,105,1,1400,0,0,-1,0,-2,0,-3,0,-4,0,2095,3756
1773714525,9,6,9,171,10,51,11,200,12,163,13,363,14,418,15,0,16,237,17,643,18,0,19,0,6,22,5,29,4,200,3,2000,2,105,1,1400,0,0,-1,0,-2,0,-3,0,-4,0,2246,3756
1773714526,8,6,8,1510,9,20,10,1,11,50,12,1513,13,363,14,0,15,0,16,0,17,0,18,0,6,22,5,0,4,0,3,2000,2,105,1,1400,0,0,-1,0,-2,0,-3,0,-4,0,3457,3527
1773714527,8,6,8,1510,9,20,10,1,11,50,12,1513,13,363,14,0,15,345,16,500,17,0,18,0,6,22,5,0,4,0,3,2000,2,105,1,1400,0,0,-1,0,-2,0,-3,0,-4,0,4302,3527
1773714528,8,6,8,1510,9,20,10,1,11,50,12,1513,13,363,14,0,15,345,16,500,17,0,18,0,6,22,5,0,4,0,3,2000,2,105,1,1400,0,0,-1,0,-2,0,-3,0,-4,0,4302,3527
1773714529,8,6,8,1510,9,20,10,1,11,50,12,1513,13,363,14,0,15,345,16,500,17,0,18,0,6,22,5,0,4,0,3,2000,2,105,1,1400,0,0,-1,0,-2,0,-3,0,-4,0,4302,3527
1773714530,8,6,8,1530,9,0,10,1,11,50,12,1513,13,363,14,0,15,345,16,500,17,0,18,0,6,22,5,0,4,0,3,2000,2,105,1,1400,0,0,-1,0,-2,0,-3,0,-4,0,4302,3527
1773714531,8,6,8,1530,9,0,10,1,11,50,12,1513,13,363,14,0,15,345,16,500,17,0,18,0,6,22,5,0,4,0,3,2000,2,105,1,1400,0,0,-1,0,-2,0,-3,0,-4,0,4302,3527
1773714532,8,6,8,1530,9,0,10,1,11,50,12,1513,13,363,14,0,15,345,16,500,17,0,18,0,6,22,5,0,4,0,3,2000,2,105,1,1400,0,0,-1,0,-2,0,-3,0,-4,0,4302,3527
1773714533,8,6,8,1530,9,0,10,1,11,50,12,1513,13,363,14,0,15,345,16,500,17,0,18,0,6,22,5,0,4,0,3,2000,2,105,1,1400,0,0,-1,0,-2,0,-3,0,-4,0,4302,3527
1773714534,8,6,8,1530,9,0,10,1,11,50,12,1513,13,363,14,0,15,345,16,500,17,0,18,0,6,22,5,0,4,0,3,2000,2,105,1,1400,0,0,-1,0,-2,0,-3,0,-4,0,4302,3527
1773714535,8,6,8,1550,9,0,10,1,11,50,12,1513,13,363,14,0,15,345,16,500,17,0,18,0,6,22,5,0,4,0,3,2000,2,105,1,1400,0,0,-1,0,-2,0,-3,0,-4,0,4322,3527
1773714536,8,6,8,1550,9,0,10,1,11,50,12,1513,13,363,14,0,15,345,16,500,17,0,18,0,6,22,5,0,4,0,3,2000,2,105,1,1400,0,0,-1,0,-2,0,-3,0,-4,0,4322,3527
1773714537,8,6,8,1550,9,0,10,1,11,50,12,1513,13,363,14,0,15,345,16,500,17,0,18,0,6,22,5,0,4,0,3,2000,2,105,1,1400,0,0,-1,0,-2,0,-3,0,-4,0,4322,3527
1773714538,8,6,8,1550,9,0,10,1,11,50,12,1513,13,363,14,0,15,345,16,500,17,0,18,0,6,22,5,0,4,0,3,2000,2,105,1,1400,0,0,-1,0,-2,0,-3,0,-4,0,4322,3527
1773714539,8,6,8,1550,9,0,10,1,11,50,12,1513,13,363,14,0,15,345,16,500,17,0,18,0,6,22,5,0,4,0,3,2000,2,105,1,1400,0,0,-1,0,-2,0,-3,0,-4,0,4322,3527
1773714540,8,6,8,1550,9,0,10,1,11,50,12,1513,13,363,14,0,15,345,16,500,17,0,18,0,6,22,5,0,4,0,3,2000,2,105,1,1400,0,0,-1,0,-2,0,-3,0,-4,0,4322,3527
1773714541,8,6,8,1550,9,0,10,1,11,50,12,1513,13,363,14,0,15,345,16,500,17,0,18,0,6,22,5,0,4,0,3,2000,2,105,1,1400,0,0,-1,0,-2,0,-3,0,-4,0,4322,3527
1773714542,8,6,8,1550,9,0,10,1,11,50,12,1513,13,363,14,0,15,345,16,500,17,0,18,0,6,22,5,0,4,0,3,2000,2,105,1,1400,0,0,-1,0,-2,0,-3,0,-4,0,4322,3527
1773714543,8,6,8,100,9,0,10,1,11,200,12,579,13,364,14,0,15,345,16,0,17,0,18,0,6,22,5,0,4,36,3,2000,2,105,1,1400,0,0,-1,0,-2,0,-3,0,-4,0,1589,3563
1773714544,8,6,8,905,9,0,10,1,11,50,12,163,13,654,14,416,15,0,16,98,17,0,18,0,6,22,5,0,4,36,3,2000,2,105,1,1400,0,0,-1,0,-2,0,-3,0,-4,0,2287,3563
1773714545,8,6,8,905,9,0,10,1,11,50,12,163,13,654,14,416,15,0,16,98,17,0,18,0,6,22,5,0,4,36,3,2000,2,105,1,1400,0,0,-1,0,-2,0,-3,0,-4,0,2287,3563
1773714546,8,6,8,905,9,0,10,1,11,50,12,163,13,654,14,416,15,0,16,98,17,0,18,0,6,22,5,0,4,36,3,2000,2,105,1,1400,0,0,-1,0,-2,0,-3,0,-4,0,2287,3563
1773714547,8,6,8,905,9,0,10,1,11,50,12,163,13,654,14,416,15,0,16,98,17,0,18,0,6,22,5,0,4,36,3,2000,2,105,1,1400,0,0,-1,0,-2,0,-3,0,-4,0,2287,3563
1773714548,8,6,8,905,9,0,10,1,11,50,12,163,13,654,14,416,15,0,16,98,17,0,18,0,6,22,5,0,4,36,3,2000,2,105,1,1400,0,0,-1,0,-2,0,-3,0,-4,0,2287,3563
1773714549,8,6,8,50,9,50,10,364,11,201,12,163,13,291,14,416,15,119,16,0,17,0,18,0,6,22,5,0,4,36,3,2000,2,105,1,1400,0,0,-1,0,-2,0,-3,0,-4,0,1654,3563
1773714550,8,6,8,50,9,50,10,365,11,200,12,163,13,291,14,416,15,0,16,98,17,0,18,0,6,22,5,0,4,36,3,2000,2,105,1,1400,0,0,-1,0,-2,0,-3,0,-4,0,1633,3563
1773714551,8,6,8,50,9,50,10,365,11,200,12,163,13,291,14,416,15,0,16,98,17,0,18,0,6,22,5,0,4,36,3,2000,2,105,1,1400,0,0,-1,0,-2,0,-3,0,-4,0,1633,3563
1773714552,8,6,8,50,9,50,10,365,11,200,12,163,13,291,14,416,15,0,16,98,17,0,18,0,6,22,5,0,4,36,3,2000,2,105,1,1400,0,0,-1,0,-2,0,-3,0,-4,0,1633,3563
1773714553,8,6,8,50,9,50,10,365,11,200,12,163,13,291,14,416,15,0,16,98,17,0,18,0,6,22,5,0,4,36,3,2000,2,105,1,1400,0,0,-1,0,-2,0,-3,0,-4,0,1633,3563
1773714554,8,6,8,50,9,50,10,365,11,200,12,163,13,291,14,416,15,0,16,98,17,0,18,0,6,22,5,0,4,36,3,2000,2,105,1,1400,0,0,-1,0,-2,0,-3,0,-4,0,1633,3563
1773714555,8,6,8,50,9,50,10,365,11,200,12,163,13,291,14,416,15,0,16,98,17,0,18,0,6,22,5,0,4,36,3,2000,2,105,1,1400,0,0,-1,0,-2,0,-3,0,-4,0,1633,3563
1773714556,8,6,8,50,9,50,10,365,11,200,12,163,13,291,14,416,15,0,16,98,17,0,18,0,6,22,5,0,4,36,3,2000,2,105,1,1400,0,0,-1,0,-2,0,-3,0,-4,0,1633,3563
1773714557,8,6,8,50,9,50,10,365,11,200,12,163,13,291,14,416,15,0,16,98,17,0,18,0,6,22,5,0,4,36,3,2000,2,105,1,1400,0,0,-1,0,-2,0,-3,0,-4,0,1633,3563
1773714558,8,6,8,50,9,50,10,365,11,200,12,163,13,291,14,416,15,0,16,98,17,0,18,0,6,22,5,0,4,36,3,2000,2,105,1,1400,0,0,-1,0,-2,0,-3,0,-4,0,1633,3563
1773714559,8,6,8,50,9,50,10,365,11,200,12,163,13,291,14,416,15,119,16,0,17,0,18,0,6,22,5,0,4,36,3,2000,2,105,1,1400,0,0,-1,0,-2,0,-3,0,-4,0,1654,3563
1773714560,8,6,8,50,9,50,10,365,11,200,12,163,13,291,14,416,15,119,16,0,17,0,18,0,6,22,5,0,4,36,3,2000,2,105,1,1400,0,0,-1,0,-2,0,-3,0,-4,0,1654,3563
1773714561,8,6,8,50,9,50,10,365,11,200,12,163,13,291,14,416,15,119,16,0,17,0,18,0,6,22,5,0,4,36,3,2000,2,105,1,1400,0,0,-1,0,-2,0,-3,0,-4,0,1654,3563
1773714562,8,6,8,50,9,50,10,365,11,200,12,163,13,291,14,416,15,119,16,0,17,0,18,0,6,22,5,0,4,36,3,2000,2,105,1,1400,0,0,-1,0,-2,0,-3,0,-4,0,1654,3563
1773714563,8,6,8,50,9,50,10,365,11,200,12,163,13,291,14,416,15,118,16,0,17,0,18,0,6,22,5,0,4,36,3,2000,2,105,1,1400,0,0,-1,0,-2,0,-3,0,-4,0,1653,3563
1773714564,8,6,8,50,9,50,10,365,11,200,12,163,13,291,14,416,15,0,16,342,17,0,18,0,6,22,5,0,4,36,3,2000,2,105,1,1400,0,0,-1,0,-2,0,-3,0,-4,0,1877,3563
1773714565,8,6,8,50,9,50,10,365,11,200,12,163,13,291,14,416,15,0,16,342,17,0,18,0,6,22,5,0,4,36,3,2000,2,105,1,1400,0,0,-1,0,-2,0,-3,0,-4,0,1877,3563
1773714566,8,6,8,50,9,50,10,365,11,200,12,163,13,291,14,416,15,0,16,342,17,0,18,0,6,22,5,0,4,36,3,2000,2,105,1,1400,0,0,-1,0,-2,0,-3,0,-4,0,1877,3563
1773714567,8,6,8,50,9,50,10,365,11,200,12,163,13,291,14,416,15,0,16,342,17,0,18,0,6,22,5,0,4,36,3,2000,2,105,1,1400,0,0,-1,0,-2,0,-3,0,-4,0,1877,3563
1773714568,8,6,8,50,9,50,10,365,11,200,12,163,13,291,14,416,15,0,16,342,17,0,18,0,6,22,5,0,4,36,3,2000,2,105,1,1400,0,0,-1,0,-2,0,-3,0,-4,0,1877,3563
1773714569,8,6,8,50,9,50,10,365,11,200,12,163,13,291,14,416,15,0,16,343,17,0,18,0,6,22,5,0,4,36,3,2000,2,105,1,1400,0,0,-1,0,-2,0,-3,0,-4,0,1878,3563
1773714570,8,6,8,50,9,50,10,365,11,200,12,163,13,291,14,416,15,0,16,307,17,0,18,0,6,22,5,0,4,236,3,2000,2,105,1,1400,0,0,-1,0,-2,0,-3,0,-4,0,1842,3763
1773714571,8,6,8,50,9,50,10,365,11,200,12,163,13,291,14,416,15,0,16,342,17,0,18,0,6,22,5,0,4,236,3,2000,2,105,1,1400,0,0,-1,0,-2,0,-3,0,-4,0,1877,3763
1773714572,8,6,8,50,9,50,10,365,11,200,12,163,13,291,14,416,15,0,16,342,17,0,18,0,6,22,5,0,4,236,3,2000,2,105,1,1400,0,0,-1,0,-2,0,-3,0,-4,0,1877,3763
1773714573,8,6,8,50,9,50,10,365,11,200,12,163,13,291,14,416,15,0,16,342,17,0,18,0,6,22,5,0,4,236,3,2000,2,105,1,1400,0,0,-1,0,-2,0,-3,0,-4,0,1877,3763
1773714574,8,6,8,50,9,50,10,365,11,200,12,163,13,291,14,416,15,0,16,342,17,0,18,0,6,22,5,0,4,236,3,2000,2,105,1,1400,0,0,-1,0,-2,0,-3,0,-4,0,1877,3763
1773714575,10,9,10,49,11,201,12,163,13,291,14,416,15,0,16,338,17,0,18,0,19,0,20,500,9,586,8,0,7,0,6,22,5,0,4,442,3,2000,2,105,1,2076,0,0,-1,0,1958,5231
1773714576,10,9,10,50,11,201,12,163,13,0,14,416,15,215,16,307,17,0,18,0,19,128,20,500,9,544,8,0,7,0,6,472,5,881,4,1162,3,2000,2,784,1,2053,0,0,-1,0,1980,7896
1773714577,10,9,10,50,11,201,12,163,13,0,14,416,15,215,16,307,17,0,18,0,19,128,20,500,9,544,8,0,7,0,6,472,5,881,4,801,3,2000,2,784,1,2053,0,0,-1,0,1980,7535
1773714578,10,9,10,50,11,201,12,163,13,0,14,416,15,215,16,307,17,0,18,0,19,128,20,500,9,544,8,0,7,0,6,847,5,881,4,801,3,2000,2,784,1,2224,0,0,-1,0,1980,8081
1773714579,10,9,10,50,11,201,12,163,13,0,14,416,15,215,16,307,17,0,18,0,19,128,20,500,9,544,8,0,7,0,6,647,5,881,4,801,3,2000,2,784,1,2224,0,0,-1,0,1980,7881
1773714580,10,9,10,50,11,201,12,163,13,0,14,416,15,215,16,307,17,0,18,0,19,128,20,500,9,544,8,0,7,0,6,272,5,881,4,801,3,2000,2,784,1,2399,0,0,-1,0,1980,7681
1773714581,10,9,10,50,11,201,12,163,13,0,14,416,15,215,16,307,17,0,18,0,19,128,20,500,9,544,8,0,7,0,6,658,5,881,4,801,3,2000,2,784,1,2399,0,0,-1,0,1980,8067
1773714582,10,9,10,50,11,201,12,163,13,0,14,416,15,215,16,307,17,0,18,0,19,128,20,500,9,544,8,0,7,0,6,658,5,881,4,801,3,2000,2,784,1,2399,0,0,-1,0,1980,8067
1773714583,10,9,10,50,11,201,12,163,13,0,14,416,15,215,16,307,17,0,18,0,19,128,20,500,9,544,8,0,7,0,6,272,5,881,4,801,3,2000,2,784,1,2399,0,0,-1,0,1980,7681
1773714584,10,9,10,50,11,201,12,163,13,0,14,416,15,215,16,307,17,0,18,0,19,128,20,500,9,544,8,0,7,0,6,655,5,881,4,801,3,2000,2,784,1,2399,0,0,-1,0,1980,8064
1773714585,10,7,10,50,11,201,12,163,13,0,14,416,15,0,16,308,17,0,18,0,19,128,20,500,7,504,6,222,5,50,4,801,3,2000,2,784,1,1752,0,0,-1,0,-2,0,-3,0,1766,6113
1773714586,10,7,10,50,11,201,12,163,13,291,14,416,15,0,16,308,17,0,18,0,19,128,20,500,7,504,6,222,5,50,4,1177,3,2000,2,784,1,1752,0,0,-1,0,-2,0,-3,0,2057,6489
1773714587,10,7,10,50,11,201,12,163,13,291,14,416,15,0,16,308,17,0,18,0,19,128,20,500,7,504,6,222,5,50,4,1177,3,2773,2,784,1,1752,0,0,-1,0,-2,0,-3,0,2057,7262
1773714588,10,7,10,50,11,201,12,163,13,291,14,416,15,0,16,308,17,0,18,0,19,128,20,500,7,504,6,222,5,50,4,801,3,2773,2,784,1,1752,0,0,-1,0,-2,0,-3,0,2057,6886
1773714589,10,8,10,50,11,201,12,163,13,291,14,416,15,0,16,308,17,0,18,0,19,128,20,500,8,60,7,504,6,272,5,321,4,801,3,2773,2,784,1,1752,0,0,-1,0,-2,0,2057,7267
1773714590,10,8,10,50,11,201,12,163,13,291,14,416,15,0,16,308,17,0,18,0,19,128,20,500,8,60,7,504,6,272,5,321,4,801,3,2773,2,784,1,1752,0,0,-1,0,-2,0,2057,7267
1773714591,10,8,10,50,11,201,12,163,13,291,14,416,15,0,16,308,17,0,18,0,19,128,20,500,8,60,7,504,6,222,5,50,4,801,3,2773,2,784,1,1752,0,0,-1,0,-2,0,2057,6946
1773714592,10,8,10,50,11,201,12,163,13,291,14,416,15,0,16,308,17,0,18,0,19,128,20,500,8,60,7,0,6,272,5,322,4,801,3,2773,2,784,1,1601,0,0,-1,0,-2,0,2057,6613
1773714593,10,7,10,30,11,201,12,163,13,291,14,416,15,0,16,308,17,0,18,0,19,128,20,500,7,348,6,248,5,322,4,36,3,2773,2,105,1,1601,0,0,-1,0,-2,0,-3,0,2037,5433
1773714594,8,7,8,10,9,0,10,181,11,201,12,163,13,291,14,416,15,0,16,308,17,0,18,0,7,45,6,67,5,66,4,236,3,2773,2,105,1,1431,0,0,-1,0,-2,0,-3,0,1570,4723
1773714595,8,7,8,10,9,0,10,182,11,200,12,163,13,291,14,416,15,0,16,308,17,0,18,0,7,45,6,22,5,66,4,581,3,2773,2,105,1,1431,0,0,-1,0,-2,0,-3,0,1570,5023
1773714596,8,7,8,10,9,0,10,182,11,200,12,163,13,291,14,416,15,0,16,308,17,0,18,0,7,18,6,22,5,66,4,381,3,2773,2,105,1,1412,0,0,-1,0,-2,0,-3,0,1570,4777
1773714597,8,7,8,10,9,0,10,182,11,200,12,163,13,291,14,416,15,0,16,308,17,0,18,0,7,18,6,22,5,66,4,400,3,2773,2,105,1,1412,0,0,-1,0,-2,0,-3,0,1570,4796
1773714598,8,7,8,10,9,0,10,182,11,200,12,163,13,291,14,416,15,0,16,308,17,0,18,0,7,18,6,22,5,66,4,400,3,2773,2,105,1,1412,0,0,-1,0,-2,0,-3,0,1570,4796
1773714599,8,7,8,10,9,0,10,182,11,200,12,163,13,291,14,416,15,0,16,308,17,0,18,0,7,18,6,22,5,40,4,62,3,2773,2,105,1,1412,0,0,-1,0,-2,0,-3,0,1570,4432
1773714600,8,7,8,10,9,0,10,182,11,200,12,163,13,291,14,416,15,0,16,308,17,0,18,0,7,18,6,22,5,66,4,394,3,2773,2,105,1,1412,0,0,-1,0,-2,0,-3,0,1570,4790
1773714601,8,7,8,10,9,0,10,182,11,200,12,163,13,291,14,416,15,0,16,308,17,0,18,0,7,18,6,22,5,66,4,394,3,2773,2,105,1,1412,0,0,-1,0,-2,0,-3,0,1570,4790
1773714602,8,7,8,10,9,0,10,182,11,200,12,163,13,291,14,416,15,0,16,308,17,0,18,0,7,18,6,22,5,40,4,62,3,2773,2,105,1,1412,0,0,-1,0,-2,0,-3,0,1570,4432
1773714603,8,7,8,10,9,500,10,31,11,200,12,163,13,291,14,416,15,0,16,308,17,0,18,0,7,18,6,22,5,26,4,384,3,2000,2,105,1,1412,0,0,-1,0,-2,0,-3,0,1919,3967
1773714604,8,7,8,10,9,500,10,31,11,200,12,163,13,291,14,416,15,0,16,308,17,0,18,0,7,18,6,22,5,0,4,62,3,2000,2,105,1,1412,0,0,-1,0,-2,0,-3,0,1919,3619
1773714605,8,7,8,10,9,500,10,31,11,200,12,163,13,291,14,416,15,0,16,308,17,0,18,0,7,18,6,22,5,26,4,357,3,2000,2,105,1,1412,0,0,-1,0,-2,0,-3,0,1919,3940
1773714606,8,7,8,10,9,500,10,31,11,200,12,163,13,291,14,416,15,0,16,308,17,0,18,0,7,18,6,22,5,26,4,357,3,2000,2,105,1,1412,0,0,-1,0,-2,0,-3,0,1919,3940
1773714607,8,7,8,10,9,500,10,31,11,200,12,163,13,291,14,416,15,0,16,308,17,0,18,0,7,18,6,22,5,0,4,62,3,2000,2,105,1,1412,0,0,-1,0,-2,0,-3,0,1919,3619
1773714608,8,7,8,10,9,500,10,31,11,200,12,163,13,291,14,416,15,0,16,308,17,0,18,0,7,18,6,22,5,0,4,62,3,2000,2,105,1,1412,0,0,-1,0,-2,0,-3,0,1919,3619
1773714609,8,7,8,10,9,500,10,31,11,200,12,163,13,291,14,416,15,0,16,308,17,0,18,0,7,18,6,22,5,0,4,62,3,2000,2,105,1,1412,0,0,-1,0,-2,0,-3,0,1919,3619
1773714610,8,7,8,10,9,500,10,30,11,200,12,163,13,291,14,416,15,0,16,308,17,0,18,0,7,18,6,22,5,0,4,62,3,2000,2,105,1,1412,0,0,-1,0,-2,0,-3,0,1918,3619
1773714611,8,7,8,10,9,500,10,30,11,200,12,163,13,291,14,416,15,0,16,308,17,0,18,0,7,18,6,22,5,0,4,62,3,2000,2,105,1,1412,0,0,-1,0,-2,0,-3,0,1918,3619
1773714612,8,7,8,10,9,500,10,30,11,200,12,163,13,291,14,416,15,0,16,308,17,0,18,0,7,18,6,22,5,0,4,62,3,2000,2,105,1,1412,0,0,-1,0,-2,0,-3,0,1918,3619
1773714613,8,7,8,10,9,457,10,30,11,200,12,163,13,291,14,416,15,0,16,308,17,0,18,0,7,18,6,22,5,0,4,62,3,2000,2,105,1,1412,0,0,-1,0,-2,0,-3,0,1875,3619
1773714614,9,8,9,457,10,30,11,200,12,163,13,291,14,416,15,0,16,308,17,0,18,0,19,0,8,669,7,2,6,22,5,0,4,62,3,2000,2,105,1,1401,0,0,-1,0,-2,0,1865,4261
1773714615,9,8,9,477,10,30,11,200,12,163,13,291,14,416,15,0,16,308,17,0,18,0,19,0,8,669,7,2,6,48,5,669,4,798,3,2000,2,710,1,1440,0,0,-1,0,-2,0,1885,6336
1773714616,9,8,9,477,10,93,11,200,12,163,13,291,14,416,15,0,16,308,17,0,18,0,19,0,8,669,7,2,6,48,5,992,4,798,3,2000,2,710,1,1440,0,0,-1,0,-2,0,1948,6659
1773714617,9,8,9,477,10,93,11,200,12,163,13,291,14,416,15,0,16,308,17,0,18,0,19,0,8,669,7,2,6,48,5,992,4,798,3,2000,2,710,1,1440,0,0,-1,0,-2,0,1948,6659
1773714618,9,8,9,477,10,926,11,200,12,163,13,291,14,416,15,0,16,308,17,0,18,0,19,0,8,669,7,2,6,48,5,869,4,798,3,2000,2,710,1,1440,0,0,-1,0,-2,0,2781,6536
1773714619,9,8,9,477,10,926,11,200,12,163,13,291,14,416,15,0,16,308,17,0,18,0,19,0,8,669,7,2,6,48,5,991,4,798,3,2000,2,710,1,1440,0,0,-1,0,-2,0,2781,6658
1773714620,9,8,9,477,10,926,11,200,12,163,13,291,14,416,15,0,16,308,17,0,18,0,19,0,8,669,7,2,6,48,5,991,4,798,3,2000,2,710,1,1440,0,0,-1,0,-2,0,2781,6658
1773714621,9,8,9,477,10,926,11,200,12,163,13,291,14,416,15,0,16,308,17,0,18,0,19,0,8,669,7,2,6,48,5,869,4,798,3,2000,2,710,1,1440,0,0,-1,0,-2,0,2781,6536
1773714622,9,8,9,477,10,926,11,200,12,163,13,291,14,416,15,0,16,308,17,0,18,0,19,0,8,669,7,2,6,48,5,1029,4,798,3,2000,2,710,1,1440,0,0,-1,0,-2,0,2781,6696
1773714623,9,8,9,477,10,926,11,200,12,163,13,291,14,416,15,0,16,308,17,0,18,0,19,0,8,669,7,2,6,48,5,1029,4,798,3,2000,2,710,1,1440,0,0,-1,0,-2,0,2781,6696
1773714624,9,7,9,477,10,926,11,200,12,163,13,291,14,416,15,0,16,308,17,0,18,0,19,0,7,2,6,48,5,200,4,798,3,2000,2,710,1,1440,0,0,-1,0,-2,0,-3,0,2781,5198
1773714625,9,7,9,477,10,926,11,200,12,163,13,291,14,416,15,0,16,308,17,0,18,0,19,0,7,2,6,48,5,200,4,1185,3,2000,2,710,1,1415,0,0,-1,0,-2,0,-3,0,2781,5560
1773714626,9,7,9,477,10,926,11,200,12,163,13,291,14,416,15,0,16,308,17,0,18,0,19,0,7,2,6,48,5,200,4,798,3,2000,2,710,1,1415,0,0,-1,0,-2,0,-3,0,2781,5173
1773714627,9,7,9,477,10,926,11,200,12,163,13,291,14,416,15,0,16,308,17,0,18,0,19,0,7,2,6,48,5,200,4,1140,3,2000,2,710,1,1415,0,0,-1,0,-2,0,-3,0,2781,5515
1773714628,9,7,9,477,10,926,11,200,12,163,13,291,14,416,15,0,16,308,17,0,18,0,19,0,7,2,6,48,5,200,4,1140,3,2000,2,710,1,1415,0,0,-1,0,-2,0,-3,0,2781,5515
1773714629,9,7,9,477,10,926,11,200,12,163,13,291,14,416,15,0,16,308,17,0,18,0,19,0,7,2,6,48,5,200,4,798,3,2000,2,710,1,1415,0,0,-1,0,-2,0,-3,0,2781,5173
1773714630,9,7,9,477,10,926,11,200,12,163,13,291,14,416,15,0,16,308,17,0,18,0,19,0,7,1002,6,22,5,26,4,1123,3,2000,2,710,1,1415,0,0,-1,0,-2,0,-3,0,2781,6298
1773714631,9,7,9,477,10,926,11,200,12,163,13,291,14,416,15,0,16,308,17,0,18,0,19,0,7,1002,6,22,5,26,4,1123,3,2767,2,710,1,1415,0,0,-1,0,-2,0,-3,0,2781,7065
1773714632,9,7,9,477,10,926,11,200,12,163,13,291,14,416,15,0,16,308,17,0,18,0,19,0,7,1002,6,22,5,26,4,1117,3,2767,2,710,1,1415,0,0,-1,0,-2,0,-3,0,2781,7059
1773714633,9,7,9,527,10,926,11,200,12,163,13,291,14,416,15,0,16,308,17,0,18,0,19,0,7,1002,6,22,5,26,4,1117,3,2767,2,710,1,1415,0,0,-1,0,-2,0,-3,0,2831,7059
1773714634,9,7,9,527,10,926,11,200,12,163,13,291,14,416,15,0,16,308,17,0,18,0,19,0,7,1002,6,22,5,26,4,798,3,2767,2,710,1,1415,0,0,-1,0,-2,0,-3,0,2831,6740
1773714635,9,7,9,527,10,926,11,200,12,163,13,0,14,416,15,216,16,308,17,0,18,0,19,0,7,1002,6,22,5,26,4,1117,3,2767,2,710,1,1415,0,0,-1,0,-2,0,-3,0,2756,7059
1773714636,9,7,9,527,10,926,11,200,12,163,13,0,14,416,15,216,16,308,17,0,18,0,19,134,7,1002,6,22,5,26,4,1117,3,2767,2,710,1,1415,0,0,-1,0,-2,0,-3,0,2890,7059
1773714637,9,7,9,527,10,926,11,200,12,163,13,0,14,416,15,216,16,308,17,0,18,0,19,134,7,1000,6,22,5,0,4,798,3,2767,2,710,1,1400,0,0,-1,0,-2,0,-3,0,2890,6697
1773714638,9,8,9,527,10,926,11,200,12,163,13,0,14,416,15,216,16,308,17,0,18,0,19,134,8,679,7,1000,6,22,5,355,4,798,3,2767,2,710,1,1878,0,0,-1,0,-2,0,2890,8209
1773714639,9,8,9,527,10,896,11,30,12,163,13,0,14,416,15,216,16,498,17,0,18,0,19,134,8,679,7,1000,6,22,5,562,4,798,3,2767,2,710,1,1878,0,0,-1,0,-2,0,2880,8416
1773714640,9,8,9,527,10,50,11,200,12,163,13,0,14,416,15,349,16,498,17,0,18,0,19,134,8,679,7,1000,6,62,5,527,4,798,3,2767,2,710,1,1906,0,0,-1,0,-2,0,2337,8449
1773714641,9,8,9,527,10,50,11,200,12,163,13,0,14,416,15,349,16,498,17,0,18,0,19,134,8,679,7,1000,6,62,5,527,4,798,3,2767,2,710,1,1906,0,0,-1,0,-2,0,2337,8449
1773714642,9,8,9,527,10,50,11,200,12,163,13,0,14,416,15,349,16,498,17,0,18,0,19,134,8,679,7,1000,6,62,5,207,4,798,3,2767,2,710,1,1906,0,0,-1,0,-2,0,2337,8129
1773714643,9,8,9,527,10,50,11,200,12,163,13,0,14,416,15,349,16,498,17,0,18,0,19,134,8,679,7,1000,6,62,5,557,4,798,3,2767,2,710,1,1906,0,0,-1,0,-2,0,2337,8479
1773714644,9,8,9,527,10,50,11,200,12,163,13,0,14,416,15,349,16,498,17,0,18,0,19,134,8,679,7,1000,6,62,5,557,4,798,3,2767,2,710,1,10035,0,0,-1,0,-2,0,2337,16608
1773714645,9,8,9,547,10,50,11,200,12,163,13,0,14,416,15,349,16,498,17,0,18,0,19,134,8,646,7,1000,6,62,5,207,4,798,3,2767,2,710,1,10026,0,0,-1,0,-2,0,2357,16216
1773714646,9,8,9,547,10,50,11,200,12,163,13,0,14,416,15,349,16,498,17,0,18,0,19,134,8,618,7,1000,6,61,5,581,4,798,3,2767,2,710,1,9529,0,0,-1,0,-2,0,2357,16064
1773714647,9,7,9,547,10,50,11,200,12,163,13,0,14,416,15,349,16,498,17,0,18,0,19,134,7,1000,6,45,5,581,4,798,3,2767,2,710,1,9529,0,0,-1,0,-2,0,-3,0,2357,15430
1773714648,9,7,9,547,10,50,11,200,12,163,13,0,14,416,15,349,16,498,17,0,18,0,19,134,7,1000,6,45,5,207,4,798,3,2767,2,710,1,9529,0,0,-1,0,-2,0,-3,0,2357,15056
1773714649,9,7,9,547,10,50,11,200,12,163,13,0,14,416,15,349,16,498,17,0,18,0,19,134,7,1000,6,45,5,207,4,1126,3,2767,2,710,1,9529,0,0,-1,0,-2,0,-3,0,2357,15384
1773714650,9,7,9,547,10,50,11,200,12,163,13,0,14,416,15,349,16,498,17,0,18,0,19,134,7,1000,6,45,5,207,4,798,3,2767,2,710,1,9529,0,0,-1,0,-2,0,-3,0,2357,15056
1773714651,9,7,9,547,10,50,11,200,12,163,13,0,14,416,15,349,16,498,17,0,18,0,19,134,7,1000,6,45,5,207,4,1132,3,2767,2,710,1,9529,0,0,-1,0,-2,0,-3,0,2357,15390
1773714652,9,7,9,547,10,50,11,200,12,163,13,0,14,416,15,349,16,498,17,0,18,0,19,134,7,1000,6,45,5,207,4,1132,3,2767,2,710,1,9529,0,0,-1,0,-2,0,-3,0,2357,15390
1773714653,9,7,9,547,10,50,11,200,12,163,13,291,14,416,15,58,16,498,17,0,18,0,19,134,7,1000,6,45,5,207,4,798,3,2767,2,710,1,9529,0,0,-1,0,-2,0,-3,0,2357,15056
1773714654,9,7,9,547,10,50,11,200,12,163,13,291,14,416,15,58,16,498,17,0,18,0,19,134,7,1000,6,45,5,207,4,1153,3,2767,2,710,1,9529,0,0,-1,0,-2,0,-3,0,2357,15411
1773714655,9,7,9,547,10,50,11,200,12,163,13,291,14,416,15,58,16,498,17,0,18,0,19,134,7,1000,6,45,5,207,4,1153,3,2767,2,710,1,9529,0,0,-1,0,-2,0,-3,0,2357,15411
1773714656,9,7,9,547,10,50,11,200,12,163,13,291,14,416,15,58,16,498,17,0,18,0,19,134,7,1000,6,45,5,207,4,798,3,2767,2,710,1,9529,0,0,-1,0,-2,0,-3,0,2357,15056
1773714657,9,7,9,547,10,50,11,200,12,163,13,291,14,416,15,58,16,498,17,0,18,0,19,134,7,1000,6,45,5,207,4,1121,3,2767,2,710,1,9529,0,0,-1,0,-2,0,-3,0,2357,15379
1773714658,8,7,8,457,9,90,10,50,11,200,12,163,13,291,14,421,15,58,16,0,17,0,18,0,7,1000,6,22,5,24,4,1121,3,2767,2,710,1,9529,0,0,-1,0,-2,0,-3,0,1730,15173
1773714659,8,7,8,457,9,90,10,50,11,200,12,163,13,291,14,421,15,0,16,0,17,0,18,0,7,1000,6,22,5,24,4,798,3,2767,2,710,1,9529,0,0,-1,0,-2,0,-3,0,1672,14850
1773714660,8,7,8,457,9,90,10,50,11,200,12,163,13,291,14,442,15,0,16,0,17,0,18,0,7,1000,6,22,5,24,4,1182,3,2767,2,710,1,9529,0,0,-1,0,-2,0,-3,0,1693,15234
1773714661,8,7,8,255,9,50,10,50,11,200,12,163,13,291,14,442,15,0,16,0,17,0,18,0,7,1000,6,22,5,24,4,1182,3,2767,2,710,1,9529,0,0,-1,0,-2,0,-3,0,1451,15234
1773714662,8,7,8,255,9,50,10,50,11,200,12,163,13,291,14,442,15,0,16,0,17,0,18,0,7,1000,6,22,5,24,4,798,3,2767,2,710,1,9529,0,0,-1,0,-2,0,-3,0,1451,14850
1773714663,8,7,8,255,9,50,10,50,11,200,12,163,13,291,14,442,15,0,16,0,17,0,18,0,7,1000,6,22,5,24,4,798,3,2767,2,710,1,9529,0,0,-1,0,-2,0,-3,0,1451,14850
1773714664,8,7,8,255,9,284,10,50,11,200,12,163,13,291,14,442,15,0,16,0,17,0,18,0,7,1000,6,22,5,1,4,798,3,2767,2,710,1,9529,0,0,-1,0,-2,0,-3,0,1685,14827
1773714665,8,7,8,255,9,292,10,50,11,200,12,163,13,291,14,442,15,0,16,0,17,0,18,0,7,1672,6,22,5,1,4,798,3,2767,2,710,1,9529,0,0,-1,0,-2,0,-3,0,1693,15499
1773714666,8,7,8,255,9,342,10,0,11,200,12,163,13,291,14,841,15,0,16,0,17,0,18,0,7,1672,6,22,5,0,4,798,3,2767,2,710,1,9529,0,0,-1,0,-2,0,-3,0,2092,15498
1773714667,8,7,8,255,9,342,10,0,11,200,12,163,13,415,14,841,15,0,16,500,17,0,18,0,7,1672,6,22,5,30,4,798,3,2767,2,710,1,9529,0,0,-1,0,-2,0,-3,0,2716,15528
1773714668,8,7,8,255,9,292,10,250,11,0,12,163,13,415,14,841,15,0,16,500,17,0,18,0,7,1672,6,22,5,30,4,798,3,2767,2,710,1,9529,0,0,-1,0,-2,0,-3,0,2716,15528
1773714669,8,7,8,255,9,292,10,50,11,200,12,163,13,415,14,841,15,0,16,500,17,0,18,0,7,1670,6,22,5,30,4,798,3,2767,2,710,1,9529,0,0,-1,0,-2,0,-3,0,2716,15526
1773714670,8,7,8,255,9,342,10,200,11,0,12,163,13,415,14,841,15,0,16,500,17,0,18,0,7,1670,6,22,5,130,4,798,3,2767,2,710,1,9529,0,0,-1,0,-2,0,-3,0,2716,15626
1773714671,8,7,8,255,9,342,10,200,11,0,12,163,13,415,14,841,15,0,16,500,17,0,18,0,7,1670,6,22,5,130,4,798,3,2767,2,710,1,9529,0,0,-1,0,-2,0,-3,0,2716,15626
1773714672,8,7,8,255,9,292,10,50,11,200,12,163,13,415,14,841,15,0,16,500,17,0,18,0,7,1670,6,22,5,130,4,798,3,2767,2,710,1,9529,0,0,-1,0,-2,0,-3,0,2716,15626
1773714673,8,7,8,255,9,292,10,50,11,200,12,163,13,415,14,841,15,0,16,500,17,0,18,0,7,1670,6,22,5,130,4,798,3,2767,2,710,1,9529,0,0,-1,0,-2,0,-3,0,2716,15626
1773714674,8,7,8,537,9,342,10,200,11,0,12,163,13,415,14,841,15,0,16,500,17,0,18,0,7,1670,6,22,5,130,4,798,3,2767,2,710,1,9529,0,0,-1,0,-2,0,-3,0,2998,15626
1773714675,8,7,8,537,9,342,10,200,11,0,12,163,13,415,14,841,15,0,16,500,17,0,18,0,7,998,6,22,5,130,4,798,3,2767,2,710,1,9529,0,0,-1,0,-2,0,-3,0,2998,14954
1773714676,8,7,8,537,9,342,10,200,11,0,12,163,13,415,14,841,15,0,16,500,17,0,18,0,7,998,6,22,5,130,4,798,3,2767,2,710,1,9529,0,0,-1,0,-2,0,-3,0,2998,14954
1773714677,8,7,8,537,9,342,10,200,11,0,12,163,13,415,14,841,15,0,16,500,17,0,18,0,7,998,6,22,5,130,4,798,3,2767,2,710,1,9529,0,0,-1,0,-2,0,-3,0,2998,14954
1773714678,8,7,8,537,9,392,10,200,11,0,12,163,13,415,14,841,15,0,16,500,17,0,18,0,7,998,6,22,5,130,4,798,3,2767,2,710,1,9529,0,0,-1,0,-2,0,-3,0,3048,14954
1773714679,8,7,8,537,9,392,10,200,11,0,12,163,13,415,14,841,15,0,16,500,17,0,18,0,7,998,6,22,5,130,4,798,3,2767,2,710,1,9529,0,0,-1,0,-2,0,-3,0,3048,14954
1773714680,8,7,8,537,9,392,10,200,11,0,12,163,13,415,14,841,15,0,16,500,17,0,18,0,7,998,6,22,5,130,4,798,3,2767,2,710,1,9529,0,0,-1,0,-2,0,-3,0,3048,14954
1773714681,8,7,8,537,9,392,10,200,11,0,12,163,13,415,14,841,15,0,16,500,17,0,18,0,7,998,6,22,5,130,4,798,3,2767,2,710,1,9529,0,0,-1,0,-2,0,-3,0,3048,14954
1773714682,8,7,8,537,9,392,10,200,11,0,12,163,13,415,14,841,15,0,16,500,17,0,18,0,7,998,6,22,5,130,4,798,3,2767,2,710,1,9529,0,0,-1,0,-2,0,-3,0,3048,14954
1773714683,8,7,8,537,9,392,10,200,11,0,12,163,13,415,14,841,15,0,16,500,17,0,18,0,7,998,6,22,5,130,4,798,3,2767,2,710,1,9529,0,0,-1,0,-2,0,-3,0,3048,14954
1773714684,8,7,8,587,9,931,10,200,11,0,12,163,13,415,14,841,15,0,16,500,17,0,18,0,7,998,6,22,5,130,4,798,3,2767,2,710,1,9529,0,0,-1,0,-2,0,-3,0,3637,14954
1773714685,8,7,8,587,9,931,10,200,11,0,12,163,13,415,14,841,15,0,16,500,17,0,18,0,7,998,6,22,5,130,4,798,3,2767,2,710,1,9529,0,0,-1,0,-2,0,-3,0,3637,14954
1773714686,8,7,8,564,9,931,10,200,11,0,12,163,13,415,14,841,15,0,16,500,17,0,18,0,7,998,6,22,5,130,4,798,3,2767,2,710,1,9529,0,0,-1,0,-2,0,-3,0,3614,14954
1773714687,8,7,8,564,9,931,10,200,11,0,12,163,13,415,14,841,15,0,16,500,17,0,18,0,7,998,6,22,5,130,4,798,3,2767,2,710,1,9529,0,0,-1,0,-2,0,-3,0,3614,14954
1773714688,8,7,8,514,9,50,10,50,11,200,12,163,13,415,14,841,15,0,16,500,17,0,18,0,7,998,6,22,5,130,4,798,3,2767,2,710,1,9529,0,0,-1,0,-2,0,-3,0,2733,14954
1773714689,8,7,8,514,9,50,10,50,11,200,12,163,13,415,14,841,15,0,16,500,17,0,18,0,7,998,6,22,5,130,4,798,3,2767,2,710,1,9529,0,0,-1,0,-2,0,-3,0,2733,14954
1773714690,8,7,8,514,9,50,10,50,11,200,12,163,13,415,14,841,15,0,16,500,17,0,18,0,7,998,6,22,5,130,4,798,3,2767,2,710,1,9529,0,0,-1,0,-2,0,-3,0,2733,14954
1773714691,8,7,8,514,9,50,10,50,11,200,12,163,13,415,14,841,15,0,16,500,17,0,18,0,7,998,6,22,5,130,4,798,3,2767,2,710,1,9529,0,0,-1,0,-2,0,-3,0,2733,14954
1773714692,8,7,8,514,9,50,10,50,11,200,12,163,13,415,14,841,15,0,16,500,17,0,18,0,7,998,6,22,5,130,4,798,3,2767,2,710,1,9529,0,0,-1,0,-2,0,-3,0,2733,14954
1773714693,8,7,8,514,9,50,10,50,11,200,12,163,13,415,14,841,15,0,16,500,17,0,18,0,7,998,6,22,5,130,4,798,3,2767,2,710,1,9529,0,0,-1,0,-2,0,-3,0,2733,14954
1773714694,8,7,8,514,9,50,10,50,11,200,12,163,13,415,14,841,15,0,16,500,17,0,18,0,7,998,6,22,5,130,4,798,3,2767,2,710,1,9529,0,0,-1,0,-2,0,-3,0,2733,14954
1773714695,8,7,8,514,9,50,10,50,11,200,12,163,13,415,14,841,15,0,16,500,17,0,18,0,7,998,6,22,5,130,4,798,3,2767,2,710,1,9529,0,0,-1,0,-2,0,-3,0,2733,14954
1773714696,8,7,8,514,9,50,10,50,11,200,12,163,13,415,14,841,15,0,16,500,17,0,18,0,7,998,6,22,5,130,4,798,3,2767,2,710,1,9529,0,0,-1,0,-2,0,-3,0,2733,14954
1773714697,8,7,8,1114,9,50,10,50,11,200,12,163,13,415,14,841,15,0,16,500,17,0,18,0,7,998,6,22,5,100,4,831,3,2767,2,710,1,9529,0,0,-1,0,-2,0,-3,0,3333,14957
1773714698,8,7,8,1114,9,50,10,50,11,200,12,163,13,415,14,841,15,0,16,500,17,0,18,0,7,998,6,22,5,133,4,798,3,2767,2,710,1,9529,0,0,-1,0,-2,0,-3,0,3333,14957
1773714699,8,7,8,1114,9,50,10,50,11,200,12,163,13,415,14,841,15,0,16,500,17,0,18,0,7,998,6,22,5,133,4,798,3,2767,2,710,1,9529,0,0,-1,0,-2,0,-3,0,3333,14957
1773714700,8,7,8,1114,9,50,10,50,11,200,12,163,13,415,14,841,15,0,16,500,17,0,18,0,7,998,6,22,5,133,4,798,3,2767,2,710,1,9529,0,0,-1,0,-2,0,-3,0,3333,14957
1773714701,8,7,8,1114,9,50,10,50,11,200,12,163,13,415,14,841,15,0,16,500,17,0,18,0,7,997,6,22,5,133,4,798,3,2767,2,710,1,9529,0,0,-1,0,-2,0,-3,0,3333,14956
1773714702,8,7,8,1114,9,50,10,50,11,200,12,163,13,415,14,841,15,0,16,500,17,0,18,0,7,997,6,22,5,133,4,798,3,2767,2,710,1,9529,0,0,-1,0,-2,0,-3,0,3333,14956
1773714703,8,7,8,1114,9,50,10,50,11,200,12,163,13,415,14,841,15,0,16,500,17,0,18,0,7,997,6,22,5,133,4,798,3,2767,2,710,1,9529,0,0,-1,0,-2,0,-3,0,3333,14956
1773714704,8,7,8,1114,9,50,10,50,11,200,12,163,13,415,14,841,15,0,16,500,17,0,18,0,7,997,6,22,5,133,4,798,3,2767,2,710,1,9529,0,0,-1,0,-2,0,-3,0,3333,14956
1773714705,8,7,8,1114,9,50,10,50,11,200,12,163,13,415,14,841,15,0,16,500,17,0,18,0,7,997,6,22,5,133,4,798,3,2767,2,710,1,9529,0,0,-1,0,-2,0,-3,0,3333,14956
1773714706,8,7,8,1114,9,50,10,50,11,200,12,163,13,415,14,841,15,0,16,500,17,0,18,0,7,997,6,22,5,133,4,798,3,2767,2,710,1,9529,0,0,-1,0,-2,0,-3,0,3333,14956
1773714707,8,7,8,1114,9,50,10,50,11,200,12,163,13,415,14,841,15,0,16,500,17,0,18,0,7,997,6,22,5,133,4,798,3,2767,2,710,1,9529,0,0,-1,0,-2,0,-3,0,3333,14956
1773714708,8,7,8,1114,9,50,10,50,11,200,12,163,13,415,14,841,15,0,16,500,17,0,18,0,7,997,6,22,5,133,4,798,3,2767,2,710,1,9529,0,0,-1,0,-2,0,-3,0,3333,14956
1773714709,8,7,8,1114,9,50,10,50,11,200,12,163,13,415,14,841,15,0,16,500,17,0,18,0,7,997,6,22,5,133,4,798,3,2767,2,710,1,9529,0,0,-1,0,-2,0,-3,0,3333,14956
1773714710,8,7,8,1114,9,50,10,50,11,200,12,163,13,415,14,841,15,0,16,500,17,0,18,0,7,979,6,22,5,133,4,798,3,2767,2,710,1,9529,0,0,-1,0,-2,0,-3,0,3333,14938
1773714711,8,7,8,1114,9,50,10,50,11,200,12,163,13,415,14,841,15,0,16,500,17,0,18,0,7,979,6,22,5,133,4,798,3,2767,2,710,1,9529,0,0,-1,0,-2,0,-3,0,3333,14938
1773714712,8,7,8,1114,9,50,10,50,11,200,12,163,13,415,14,841,15,0,16,500,17,0,18,0,7,979,6,22,5,133,4,798,3,2767,2,710,1,9529,0,0,-1,0,-2,0,-3,0,3333,14938
1773714713,8,7,8,1114,9,50,10,50,11,200,12,163,13,415,14,841,15,0,16,500,17,0,18,0,7,979,6,22,5,133,4,798,3,2767,2,710,1,9529,0,0,-1,0,-2,0,-3,0,3333,14938
1773714714,8,7,8,1114,9,50,10,50,11,200,12,163,13,415,14,841,15,0,16,500,17,0,18,0,7,979,6,22,5,133,4,798,3,2767,2,710,1,9529,0,0,-1,0,-2,0,-3,0,3333,14938
1773714715,8,7,8,1091,9,50,10,50,11,200,12,163,13,415,14,841,15,0,16,500,17,0,18,0,7,979,6,22,5,133,4,798,3,2767,2,710,1,9529,0,0,-1,0,-2,0,-3,0,3310,14938
1773714716,8,7,8,1091,9,50,10,50,11,200,12,163,13,415,14,841,15,0,16,500,17,0,18,0,7,942,6,22,5,133,4,798,3,2767,2,710,1,9529,0,0,-1,0,-2,0,-3,0,3310,14901
1773714717,8,7,8,1114,9,50,10,50,11,200,12,163,13,415,14,841,15,0,16,500,17,0,18,0,7,942,6,22,5,133,4,798,3,2767,2,710,1,9529,0,0,-1,0,-2,0,-3,0,3333,14901
1773714718,8,7,8,1114,9,50,10,50,11,200,12,163,13,415,14,841,15,0,16,500,17,0,18,0,7,942,6,22,5,133,4,798,3,2767,2,710,1,9529,0,0,-1,0,-2,0,-3,0,3333,14901
1773714719,8,7,8,1114,9,50,10,50,11,200,12,163,13,415,14,841,15,0,16,500,17,0,18,0,7,942,6,22,5,133,4,798,3,2767,2,710,1,9529,0,0,-1,0,-2,0,-3,0,3333,14901
1773714720,8,7,8,1114,9,50,10,50,11,200,12,163,13,415,14,841,15,0,16,500,17,0,18,0,7,942,6,22,5,133,4,798,3,2767,2,710,1,9529,0,0,-1,0,-2,0,-3,0,3333,14901
1773714721,8,7,8,1114,9,50,10,50,11,200,12,163,13,0,14,841,15,0,16,500,17,0,18,0,7,942,6,22,5,133,4,798,3,2767,2,710,1,9529,0,0,-1,0,-2,0,-3,0,2918,14901
1773714722,8,7,8,1114,9,50,10,50,11,200,12,163,13,0,14,841,15,0,16,500,17,0,18,0,7,942,6,22,5,133,4,798,3,2767,2,710,1,9529,0,0,-1,0,-2,0,-3,0,2918,14901
1773714723,8,7,8,1114,9,50,10,50,11,200,12,163,13,0,14,841,15,0,16,500,17,0,18,0,7,942,6,22,5,133,4,798,3,2767,2,710,1,9529,0,0,-1,0,-2,0,-3,0,2918,14901
1773714724,8,7,8,1114,9,50,10,50,11,200,12,163,13,0,14,841,15,0,16,500,17,0,18,0,7,942,6,22,5,133,4,798,3,2767,2,710,1,9529,0,0,-1,0,-2,0,-3,0,2918,14901
1773714725,8,7,8,1114,9,50,10,50,11,200,12,163,13,0,14,841,15,0,16,500,17,0,18,0,7,942,6,22,5,133,4,798,3,2767,2,710,1,9529,0,0,-1,0,-2,0,-3,0,2918,14901
1773714726,8,7,8,1114,9,50,10,50,11,200,12,163,13,0,14,442,15,0,16,0,17,0,18,0,7,942,6,22,5,133,4,798,3,2767,2,710,1,9529,0,0,-1,0,-2,0,-3,0,2019,14901
1773714727,8,7,8,1114,9,50,10,0,11,50,12,163,13,0,14,442,15,0,16,0,17,0,18,0,7,942,6,22,5,133,4,798,3,2767,2,710,1,9529,0,0,-1,0,-2,0,-3,0,1819,14901
1773714728,8,7,8,1114,9,50,10,0,11,50,12,163,13,0,14,442,15,0,16,500,17,0,18,0,7,942,6,22,5,133,4,798,3,2767,2,710,1,9529,0,0,-1,0,-2,0,-3,0,2319,14901
1773714729,8,7,8,1114,9,50,10,0,11,50,12,163,13,0,14,985,15,0,16,500,17,0,18,0,7,942,6,22,5,133,4,798,3,2767,2,710,1,9529,0,0,-1,0,-2,0,-3,0,2862,14901
1773714730,8,7,8,1114,9,50,10,0,11,50,12,163,13,0,14,985,15,0,16,500,17,0,18,0,7,942,6,22,5,133,4,798,3,2767,2,710,1,9529,0,0,-1,0,-2,0,-3,0,2862,14901
1773714731,8,7,8,1114,9,50,10,0,11,50,12,163,13,0,14,985,15,0,16,500,17,0,18,0,7,942,6,22,5,133,4,798,3,2767,2,710,1,9529,0,0,-1,0,-2,0,-3,0,2862,14901
1773714732,8,7,8,1114,9,50,10,0,11,50,12,163,13,0,14,985,15,0,16,500,17,0,18,0,7,942,6,22,5,133,4,798,3,2767,2,710,1,9529,0,0,-1,0,-2,0,-3,0,2862,14901
1773714733,8,7,8,1114,9,50,10,0,11,50,12,163,13,406,14,985,15,0,16,500,17,0,18,0,7,942,6,22,5,133,4,798,3,2767,2,710,1,9529,0,0,-1,0,-2,0,-3,0,3268,14901
1773714734,8,7,8,1114,9,50,10,0,11,50,12,163,13,406,14,985,15,0,16,500,17,0,18,0,7,947,6,22,5,133,4,798,3,2767,2,710,1,9529,0,0,-1,0,-2,0,-3,0,3268,14906
1773714735,8,7,8,1114,9,50,10,0,11,50,12,163,13,406,14,985,15,0,16,500,17,0,18,0,7,947,6,22,5,133,4,798,3,2767,2,710,1,9529,0,0,-1,0,-2,0,-3,0,3268,14906
1773714736,8,7,8,1114,9,50,10,0,11,50,12,163,13,406,14,985,15,0,16,500,17,0,18,0,7,947,6,22,5,133,4,798,3,2767,2,710,1,9529,0,0,-1,0,-2,0,-3,0,3268,14906
1773714737,8,7,8,1114,9,50,10,0,11,50,12,163,13,406,14,985,15,0,16,500,17,0,18,0,7,947,6,22,5,133,4,798,3,2767,2,710,1,9529,0,0,-1,0,-2,0,-3,0,3268,14906
1773714738,8,7,8,1114,9,50,10,0,11,50,12,163,13,406,14,985,15,0,16,500,17,0,18,0,7,947,6,22,5,133,4,798,3,2767,2,710,1,9529,0,0,-1,0,-2,0,-3,0,3268,14906
1773714739,8,7,8,1114,9,50,10,0,11,50,12,163,13,406,14,985,15,0,16,500,17,0,18,0,7,947,6,22,5,133,4,798,3,2767,2,710,1,9529,0,0,-1,0,-2,0,-3,0,3268,14906
1773714740,8,7,8,1114,9,50,10,0,11,50,12,163,13,406,14,985,15,0,16,500,17,0,18,0,7,947,6,22,5,133,4,798,3,2767,2,710,1,9529,0,0,-1,0,-2,0,-3,0,3268,14906
1773714741,8,7,8,1114,9,50,10,0,11,50,12,163,13,406,14,985,15,0,16,500,17,0,18,0,7,947,6,22,5,133,4,798,3,2767,2,710,1,9529,0,0,-1,0,-2,0,-3,0,3268,14906
1773714742,8,7,8,1114,9,50,10,0,11,50,12,163,13,406,14,985,15,0,16,500,17,0,18,0,7,947,6,22,5,133,4,798,3,2767,2,710,1,9529,0,0,-1,0,-2,0,-3,0,3268,14906
1773714743,8,7,8,1114,9,50,10,0,11,50,12,163,13,406,14,985,15,0,16,500,17,0,18,0,7,947,6,22,5,133,4,798,3,2767,2,710,1,9529,0,0,-1,0,-2,0,-3,0,3268,14906
1773714744,8,7,8,1114,9,50,10,0,11,50,12,163,13,406,14,985,15,0,16,500,17,0,18,0,7,947,6,22,5,133,4,798,3,2767,2,710,1,9529,0,0,-1,0,-2,0,-3,0,3268,14906
1773714745,8,7,8,1963,9,50,10,0,11,50,12,163,13,406,14,985,15,0,16,500,17,0,18,0,7,942,6,22,5,133,4,798,3,2767,2,710,1,9529,0,0,-1,0,-2,0,-3,0,4117,14901
1773714746,8,7,8,1963,9,50,10,0,11,50,12,163,13,406,14,985,15,0,16,500,17,0,18,0,7,942,6,22,5,133,4,798,3,2767,2,710,1,9529,0,0,-1,0,-2,0,-3,0,4117,14901
1773714747,8,7,8,1963,9,50,10,0,11,50,12,163,13,406,14,985,15,0,16,500,17,0,18,0,7,942,6,22,5,100,4,831,3,2767,2,710,1,9529,0,0,-1,0,-2,0,-3,0,4117,14901
1773714748,8,7,8,1963,9,50,10,0,11,50,12,163,13,406,14,985,15,0,16,500,17,0,18,0,7,937,6,22,5,133,4,798,3,2767,2,710,1,9529,0,0,-1,0,-2,0,-3,0,4117,14896
1773714749,8,7,8,1958,9,50,10,0,11,50,12,163,13,406,14,985,15,0,16,500,17,0,18,0,7,937,6,22,5,133,4,798,3,2767,2,710,1,9529,0,0,-1,0,-2,0,-3,0,4112,14896
1773714750,8,7,8,1958,9,50,10,0,11,50,12,163,13,406,14,985,15,0,16,500,17,0,18,0,7,937,6,22,5,133,4,798,3,2767,2,710,1,9529,0,0,-1,0,-2,0,-3,0,4112,14896
1773714751,8,7,8,1958,9,50,10,0,11,50,12,163,13,406,14,985,15,0,16,500,17,0,18,0,7,937,6,22,5,133,4,798,3,2767,2,710,1,9529,0,0,-1,0,-2,0,-3,0,4112,14896
1773714752,8,7,8,1960,9,50,10,0,11,50,12,163,13,406,14,985,15,0,16,500,17,0,18,0,7,937,6,22,5,133,4,798,3,2767,2,710,1,9529,0,0,-1,0,-2,0,-3,0,4114,14896
1773714753,8,7,8,1960,9,50,10,0,11,50,12,163,13,406,14,985,15,0,16,500,17,0,18,0,7,937,6,22,5,133,4,798,3,2767,2,710,1,9529,0,0,-1,0,-2,0,-3,0,4114,14896
1773714754,8,7,8,1086,9,50,10,0,11,50,12,163,13,406,14,985,15,0,16,500,17,0,18,0,7,937,6,22,5,133,4,798,3,2767,2,710,1,9529,0,0,-1,0,-2,0,-3,0,3240,14896
1773714755,8,7,8,1086,9,50,10,0,11,50,12,163,13,406,14,985,15,0,16,500,17,0,18,0,7,937,6,22,5,133,4,798,3,2767,2,710,1,9529,0,0,-1,0,-2,0,-3,0,3240,14896
1773714756,8,7,8,1086,9,50,10,0,11,50,12,163,13,406,14,985,15,0,16,500,17,0,18,0,7,937,6,22,5,133,4,798,3,2767,2,710,1,9529,0,0,-1,0,-2,0,-3,0,3240,14896
1773714757,8,7,8,1086,9,50,10,0,11,50,12,163,13,406,14,985,15,0,16,500,17,0,18,0,7,937,6,22,5,133,4,798,3,2767,2,710,1,9529,0,0,-1,0,-2,0,-3,0,3240,14896
1773714758,8,7,8,1086,9,50,10,0,11,50,12,163,13,406,14,985,15,0,16,500,17,0,18,0,7,937,6,22,5,100,4,798,3,2767,2,710,1,9529,0,0,-1,0,-2,0,-3,0,3240,14863
1773714759,8,7,8,1086,9,50,10,0,11,50,12,163,13,406,14,985,15,0,16,500,17,0,18,0,7,937,6,22,5,100,4,798,3,2767,2,710,1,9529,0,0,-1,0,-2,0,-3,0,3240,14863
1773714760,8,7,8,1086,9,50,10,0,11,50,12,163,13,406,14,416,15,0,16,700,17,0,18,0,7,928,6,22,5,100,4,798,3,2767,2,710,1,9529,0,0,-1,0,-2,0,-3,0,2871,14854
1773714761,8,7,8,1086,9,50,10,0,11,50,12,163,13,406,14,416,15,0,16,1200,17,0,18,0,7,928,6,22,5,100,4,798,3,2767,2,710,1,9529,0,0,-1,0,-2,0,-3,0,3371,14854
1773714762,8,6,8,754,9,50,10,0,11,50,12,163,13,406,14,416,15,0,16,527,17,0,18,0,6,22,5,100,4,36,3,2000,2,105,1,9529,0,0,-1,0,-2,0,-3,0,-4,0,2366,11792
1773714763,8,6,8,754,9,50,10,0,11,50,12,163,13,406,14,416,15,0,16,527,17,0,18,0,6,22,5,100,4,36,3,2000,2,105,1,9529,0,0,-1,0,-2,0,-3,0,-4,0,2366,11792
1773714764,8,6,8,754,9,50,10,0,11,50,12,163,13,406,14,416,15,0,16,527,17,0,18,0,6,22,5,100,4,36,3,2334,2,105,1,9529,0,0,-1,0,-2,0,-3,0,-4,0,2366,12126
1773714765,8,6,8,754,9,50,10,0,11,50,12,163,13,406,14,416,15,0,16,527,17,0,18,0,6,22,5,100,4,36,3,2334,2,105,1,9529,0,0,-1,0,-2,0,-3,0,-4,0,2366,12126
1773714766,8,6,8,754,9,50,10,0,11,50,12,163,13,406,14,416,15,0,16,527,17,0,18,0,6,22,5,100,4,36,3,2360,2,105,1,9529,0,0,-1,0,-2,0,-3,0,-4,0,2366,12152
1773714767,8,6,8,826,9,50,10,0,11,50,12,163,13,406,14,416,15,0,16,527,17,0,18,0,6,22,5,100,4,36,3,2360,2,105,1,9529,0,0,-1,0,-2,0,-3,0,-4,0,2438,12152
1773714768,8,6,8,826,9,50,10,0,11,50,12,163,13,406,14,416,15,0,16,527,17,0,18,0,6,22,5,100,4,36,3,2000,2,105,1,9529,0,0,-1,0,-2,0,-3,0,-4,0,2438,11792
1773714769,8,6,8,826,9,50,10,0,11,50,12,163,13,406,14,416,15,0,16,527,17,0,18,0,6,22,5,100,4,36,3,2354,2,105,1,9529,0,0,-1,0,-2,0,-3,0,-4,0,2438,12146
1773714770,8,6,8,826,9,50,10,0,11,50,12,163,13,406,14,416,15,0,16,527,17,0,18,0,6,22,5,100,4,36,3,2354,2,105,1,9529,0,0,-1,0,-2,0,-3,0,-4,0,2438,12146
1773714771,8,6,8,826,9,50,10,0,11,50,12,163,13,406,14,416,15,0,16,527,17,0,18,0,6,22,5,100,4,36,3,2000,2,105,1,9529,0,0,-1,0,-2,0,-3,0,-4,0,2438,11792
1773714772,8,6,8,826,9,50,10,0,11,50,12,163,13,406,14,416,15,0,16,527,17,0,18,0,6,22,5,100,4,36,3,2381,2,105,1,9529,0,0,-1,0,-2,0,-3,0,-4,0,2438,12173
1773714773,8,6,8,826,9,50,10,0,11,50,12,163,13,406,14,416,15,0,16,527,17,0,18,0,6,22,5,100,4,36,3,2381,2,105,1,9529,0,0,-1,0,-2,0,-3,0,-4,0,2438,12173
1773714774,8,6,8,823,9,50,10,0,11,50,12,163,13,406,14,416,15,0,16,527,17,0,18,0,6,22,5,100,4,36,3,2000,2,105,1,9529,0,0,-1,0,-2,0,-3,0,-4,0,2435,11792
1773714775,8,6,8,823,9,50,10,0,11,50,12,163,13,406,14,416,15,0,16,527,17,0,18,0,6,22,5,100,4,36,3,2338,2,105,1,9529,0,0,-1,0,-2,0,-3,0,-4,0,2435,12130
1773714776,8,6,8,823,9,50,10,0,11,50,12,163,13,406,14,416,15,0,16,527,17,0,18,0,6,22,5,100,4,36,3,2338,2,105,1,9529,0,0,-1,0,-2,0,-3,0,-4,0,2435,12130
1773714777,8,6,8,823,9,50,10,0,11,50,12,163,13,406,14,416,15,0,16,527,17,0,18,0,6,22,5,100,4,36,3,2000,2,105,1,9529,0,0,-1,0,-2,0,-3,0,-4,0,2435,11792
1773714778,8,6,8,823,9,50,10,0,11,50,12,163,13,406,14,416,15,0,16,527,17,0,18,0,6,22,5,100,4,36,3,2000,2,105,1,9529,0,0,-1,0,-2,0,-3,0,-4,0,2435,11792
1773714779,8,6,8,826,9,50,10,0,11,50,12,163,13,406,14,416,15,0,16,527,17,0,18,0,6,22,5,100,4,36,3,2000,2,105,1,9529,0,0,-1,0,-2,0,-3,0,-4,0,2438,11792
1773714780,8,6,8,826,9,50,10,0,11,50,12,163,13,406,14,416,15,0,16,527,17,0,18,0,6,22,5,100,4,36,3,2000,2,105,1,9529,0,0,-1,0,-2,0,-3,0,-4,0,2438,11792
1773714781,8,6,8,826,9,50,10,0,11,50,12,163,13,406,14,416,15,0,16,527,17,0,18,0,6,22,5,100,4,36,3,2000,2,105,1,9529,0,0,-1,0,-2,0,-3,0,-4,0,2438,11792
1773714782,8,6,8,796,9,50,10,0,11,50,12,163,13,406,14,416,15,0,16,506,17,0,18,0,6,22,5,100,4,36,3,2000,2,105,1,9529,0,0,-1,0,-2,0,-3,0,-4,0,2387,11792
1773714783,8,6,8,796,9,50,10,0,11,50,12,163,13,406,14,416,15,0,16,506,17,0,18,0,6,22,5,100,4,36,3,2000,2,105,1,9529,0,0,-1,0,-2,0,-3,0,-4,0,2387,11792
1773714784,8,6,8,826,9,50,10,0,11,50,12,163,13,406,14,416,15,0,16,506,17,0,18,0,6,22,5,100,4,36,3,2000,2,105,1,9529,0,0,-1,0,-2,0,-3,0,-4,0,2417,11792
1773714785,8,6,8,826,9,50,10,0,11,50,12,163,13,406,14,416,15,0,16,506,17,0,18,0,6,22,5,100,4,36,3,2000,2,105,1,9529,0,0,-1,0,-2,0,-3,0,-4,0,2417,11792
1773714786,8,6,8,826,9,50,10,0,11,50,12,163,13,406,14,416,15,0,16,506,17,0,18,0,6,22,5,100,4,36,3,2000,2,105,1,9529,0,0,-1,0,-2,0,-3,0,-4,0,2417,11792
1773714787,8,6,8,826,9,50,10,0,11,50,12,163,13,406,14,416,15,0,16,506,17,0,18,0,6,22,5,100,4,36,3,2000,2,105,1,9529,0,0,-1,0,-2,0,-3,0,-4,0,2417,11792
1773714788,8,6,8,803,9,50,10,0,11,50,12,163,13,406,14,416,15,0,16,541,17,0,18,0,6,22,5,100,4,36,3,2000,2,105,1,9529,0,0,-1,0,-2,0,-3,0,-4,0,2429,11792
1773714789,8,6,8,803,9,50,10,0,11,50,12,163,13,406,14,416,15,0,16,541,17,0,18,0,6,22,5,100,4,36,3,2000,2,105,1,9529,0,0,-1,0,-2,0,-3,0,-4,0,2429,11792
1773714790,8,6,8,826,9,50,10,0,11,50,12,163,13,406,14,416,15,0,16,541,17,0,18,0,6,22,5,100,4,36,3,2000,2,105,1,9529,0,0,-1,0,-2,0,-3,0,-4,0,2452,11792
1773714791,8,6,8,826,9,50,10,0,11,50,12,163,13,406,14,416,15,0,16,541,17,0,18,0,6,22,5,100,4,36,3,2000,2,105,1,9529,0,0,-1,0,-2,0,-3,0,-4,0,2452,11792
1773714792,8,6,8,826,9,50,10,0,11,50,12,163,13,406,14,416,15,0,16,541,17,0,18,0,6,22,5,100,4,36,3,2000,2,105,1,9529,0,0,-1,0,-2,0,-3,0,-4,0,2452,11792
1773714793,8,6,8,826,9,50,10,0,11,50,12,163,13,406,14,416,15,0,16,541,17,0,18,0,6,22,5,100,4,36,3,2000,2,105,1,9529,0,0,-1,0,-2,0,-3,0,-4,0,2452,11792
1773714794,8,6,8,826,9,50,10,0,11,50,12,163,13,406,14,416,15,0,16,541,17,0,18,0,6,22,5,100,4,36,3,2000,2,105,1,9529,0,0,-1,0,-2,0,-3,0,-4,0,2452,11792
1773714795,8,6,8,826,9,50,10,0,11,50,12,163,13,406,14,416,15,0,16,541,17,0,18,0,6,22,5,100,4,36,3,2000,2,105,1,9529,0,0,-1,0,-2,0,-3,0,-4,0,2452,11792
1773714796,8,6,8,826,9,50,10,0,11,50,12,163,13,406,14,416,15,0,16,541,17,0,18,0,6,22,5,100,4,36,3,2000,2,105,1,9529,0,0,-1,0,-2,0,-3,0,-4,0,2452,11792
1773714797,8,6,8,826,9,50,10,0,11,50,12,163,13,406,14,416,15,0,16,541,17,0,18,0,6,22,5,100,4,36,3,2000,2,105,1,9529,0,0,-1,0,-2,0,-3,0,-4,0,2452,11792
1773714798,8,6,8,826,9,50,10,0,11,50,12,163,13,406,14,416,15,0,16,541,17,0,18,0,6,22,5,100,4,36,3,2000,2,105,1,9529,0,0,-1,0,-2,0,-3,0,-4,0,2452,11792
1773714799,8,6,8,826,9,50,10,0,11,50,12,163,13,406,14,416,15,0,16,541,17,0,18,0,6,22,5,100,4,36,3,2000,2,105,1,9529,0,0,-1,0,-2,0,-3,0,-4,0,2452,11792
1773714800,8,6,8,826,9,50,10,0,11,50,12,163,13,406,14,416,15,0,16,541,17,0,18,0,6,22,5,100,4,36,3,2000,2,105,1,9529,0,0,-1,0,-2,0,-3,0,-4,0,2452,11792
1773714801,8,6,8,826,9,50,10,0,11,50,12,163,13,406,14,416,15,0,16,541,17,0,18,0,6,22,5,100,4,36,3,2000,2,105,1,9529,0,0,-1,0,-2,0,-3,0,-4,0,2452,11792
1773714802,8,6,8,826,9,50,10,0,11,50,12,163,13,406,14,416,15,0,16,541,17,0,18,0,6,22,5,100,4,36,3,2000,2,105,1,9529,0,0,-1,0,-2,0,-3,0,-4,0,2452,11792
1773714803,8,6,8,826,9,50,10,0,11,50,12,163,13,406,14,416,15,0,16,541,17,0,18,0,6,22,5,100,4,36,3,2000,2,105,1,9529,0,0,-1,0,-2,0,-3,0,-4,0,2452,11792
1773714804,8,6,8,826,9,50,10,0,11,50,12,163,13,406,14,416,15,0,16,541,17,0,18,0,6,22,5,100,4,36,3,2000,2,105,1,9529,0,0,-1,0,-2,0,-3,0,-4,0,2452,11792
1773714805,8,6,8,826,9,50,10,0,11,50,12,163,13,406,14,416,15,0,16,541,17,0,18,0,6,22,5,100,4,36,3,2000,2,105,1,9529,0,0,-1,0,-2,0,-3,0,-4,0,2452,11792
1773714806,8,6,8,826,9,50,10,0,11,50,12,163,13,406,14,416,15,0,16,541,17,0,18,0,6,22,5,600,4,36,3,2000,2,105,1,9529,0,0,-1,0,-2,0,-3,0,-4,0,2452,12292
1773714807,8,6,8,826,9,50,10,0,11,50,12,163,13,406,14,416,15,0,16,541,17,0,18,0,6,22,5,600,4,36,3,2000,2,105,1,9529,0,0,-1,0,-2,0,-3,0,-4,0,2452,12292
1773714808,8,6,8,826,9,50,10,0,11,50,12,163,13,406,14,416,15,0,16,541,17,0,18,0,6,22,5,600,4,36,3,2000,2,105,1,9529,0,0,-1,0,-2,0,-3,0,-4,0,2452,12292
1773714809,8,6,8,1643,9,50,10,0,11,50,12,163,13,406,14,416,15,0,16,540,17,0,18,0,6,22,5,600,4,36,3,2000,2,105,1,9529,0,0,-1,0,-2,0,-3,0,-4,0,3268,12292
1773714810,8,6,8,1643,9,50,10,0,11,50,12,163,13,406,14,416,15,0,16,540,17,0,18,0,6,22,5,600,4,36,3,2000,2,105,1,9529,0,0,-1,0,-2,0,-3,0,-4,0,3268,12292
1773714811,8,6,8,1643,9,50,10,0,11,50,12,163,13,406,14,416,15,0,16,540,17,0,18,0,6,22,5,600,4,36,3,2000,2,105,1,9529,0,0,-1,0,-2,0,-3,0,-4,0,3268,12292
1773714812,8,6,8,1643,9,50,10,0,11,50,12,163,13,406,14,416,15,0,16,540,17,0,18,0,6,22,5,600,4,36,3,2000,2,105,1,9529,0,0,-1,0,-2,0,-3,0,-4,0,3268,12292
1773714813,8,6,8,1608,9,50,10,0,11,50,12,163,13,406,14,416,15,0,16,540,17,0,18,0,6,22,5,600,4,36,3,2000,2,105,1,9529,0,0,-1,0,-2,0,-3,0,-4,0,3233,12292
1773714814,8,6,8,1608,9,50,10,0,11,50,12,163,13,406,14,416,15,0,16,540,17,0,18,0,6,22,5,600,4,36,3,2000,2,105,1,9529,0,0,-1,0,-2,0,-3,0,-4,0,3233,12292
1773714815,8,6,8,1608,9,50,10,0,11,50,12,163,13,406,14,416,15,0,16,540,17,0,18,0,6,22,5,600,4,36,3,2000,2,105,1,9529,0,0,-1,0,-2,0,-3,0,-4,0,3233,12292
1773714816,8,6,8,1610,9,50,10,0,11,50,12,163,13,406,14,416,15,0,16,540,17,0,18,0,6,22,5,600,4,36,3,2000,2,2868,1,9529,0,0,-1,0,-2,0,-3,0,-4,0,3235,15055
1773714817,8,6,8,1610,9,50,10,0,11,50,12,163,13,406,14,416,15,0,16,540,17,0,18,0,6,22,5,600,4,36,3,2000,2,2868,1,9529,0,0,-1,0,-2,0,-3,0,-4,0,3235,15055
1773714818,8,6,8,1611,9,50,10,0,11,50,12,163,13,406,14,416,15,0,16,540,17,0,18,0,6,22,5,600,4,36,3,2000,2,2868,1,9529,0,0,-1,0,-2,0,-3,0,-4,0,3236,15055
1773714819,8,6,8,1611,9,50,10,0,11,50,12,163,13,406,14,416,15,0,16,540,17,0,18,0,6,22,5,600,4,36,3,2000,2,2868,1,9529,0,0,-1,0,-2,0,-3,0,-4,0,3236,15055
1773714820,8,6,8,1611,9,50,10,0,11,50,12,163,13,406,14,416,15,0,16,540,17,0,18,0,6,22,5,600,4,36,3,2000,2,2868,1,9529,0,0,-1,0,-2,0,-3,0,-4,0,3236,15055
1773714821,8,6,8,1611,9,50,10,0,11,50,12,163,13,406,14,416,15,0,16,540,17,0,18,0,6,22,5,600,4,36,3,2000,2,2868,1,9529,0,0,-1,0,-2,0,-3,0,-4,0,3236,15055
1773714822,8,6,8,1611,9,50,10,0,11,50,12,163,13,406,14,416,15,0,16,540,17,0,18,0,6,22,5,600,4,36,3,2000,2,2868,1,9529,0,0,-1,0,-2,0,-3,0,-4,0,3236,15055
1773714823,8,6,8,1611,9,50,10,0,11,50,12,163,13,406,14,416,15,0,16,540,17,0,18,0,6,22,5,600,4,36,3,2000,2,2868,1,9529,0,0,-1,0,-2,0,-3,0,-4,0,3236,15055
1773714824,8,6,8,1611,9,50,10,0,11,50,12,163,13,406,14,416,15,0,16,540,17,0,18,0,6,22,5,600,4,36,3,2000,2,2868,1,9529,0,0,-1,0,-2,0,-3,0,-4,0,3236,15055
1773714825,6,5,6,30,7,0,8,1611,9,50,10,0,11,50,12,573,13,406,14,0,15,56,16,0,5,600,4,36,3,2000,2,2868,1,9529,0,0,-1,0,-2,0,-3,0,-4,0,-5,0,2776,15033
1773714826,6,5,6,70,7,261,8,1571,9,50,10,0,11,50,12,573,13,21,14,0,15,0,16,0,5,600,4,36,3,2000,2,2868,1,9529,0,0,-1,0,-2,0,-3,0,-4,0,-5,0,2596,15033
1773714827,6,5,6,70,7,311,8,1571,9,50,10,0,11,0,12,573,13,0,14,56,15,0,16,0,5,600,4,36,3,2000,2,3240,1,9529,0,0,-1,0,-2,0,-3,0,-4,0,-5,0,2631,15405
1773714828,6,5,6,70,7,311,8,1571,9,50,10,0,11,0,12,573,13,0,14,56,15,0,16,0,5,600,4,36,3,2000,2,3240,1,9529,0,0,-1,0,-2,0,-3,0,-4,0,-5,0,2631,15405
1773714829,6,5,6,70,7,311,8,1571,9,50,10,0,11,0,12,573,13,0,14,56,15,0,16,0,5,600,4,36,3,2000,2,3199,1,9529,0,0,-1,0,-2,0,-3,0,-4,0,-5,0,2631,15364
1773714830,6,5,6,70,7,311,8,1571,9,50,10,0,11,0,12,573,13,0,14,56,15,0,16,0,5,600,4,36,3,2000,2,3199,1,9529,0,0,-1,0,-2,0,-3,0,-4,0,-5,0,2631,15364
1773714831,6,5,6,111,7,311,8,1550,9,50,10,0,11,0,12,573,13,39,14,56,15,0,16,0,5,600,4,36,3,2000,2,2868,1,9529,0,0,-1,0,-2,0,-3,0,-4,0,-5,0,2690,15033
1773714832,6,5,6,111,7,311,8,1550,9,50,10,0,11,0,12,573,13,39,14,56,15,0,16,0,5,600,4,36,3,2000,2,3208,1,9529,0,0,-1,0,-2,0,-3,0,-4,0,-5,0,2690,15373
1773714833,6,5,6,110,7,311,8,1550,9,50,10,0,11,0,12,573,13,39,14,160,15,0,16,0,5,600,4,36,3,2000,2,3208,1,9529,0,0,-1,0,-2,0,-3,0,-4,0,-5,0,2793,15373
1773714834,6,5,6,110,7,311,8,1550,9,50,10,0,11,0,12,573,13,112,14,160,15,0,16,0,5,600,4,36,3,2000,2,2868,1,9529,0,0,-1,0,-2,0,-3,0,-4,0,-5,0,2866,15033
1773714835,6,5,6,110,7,311,8,1550,9,50,10,0,11,0,12,573,13,112,14,160,15,0,16,0,5,600,4,36,3,2000,2,3231,1,9529,0,0,-1,0,-2,0,-3,0,-4,0,-5,0,2866,15396
1773714836,6,5,6,110,7,311,8,1550,9,50,10,0,11,0,12,573,13,112,14,160,15,0,16,0,5,600,4,36,3,2000,2,3231,1,9529,0,0,-1,0,-2,0,-3,0,-4,0,-5,0,2866,15396
1773714837,6,5,6,110,7,311,8,1550,9,50,10,0,11,0,12,573,13,112,14,160,15,0,16,0,5,600,4,36,3,2000,2,2868,1,9529,0,0,-1,0,-2,0,-3,0,-4,0,-5,0,2866,15033
1773714838,6,5,6,110,7,311,8,1551,9,50,10,0,11,0,12,573,13,112,14,160,15,0,16,0,5,600,4,36,3,2000,2,3219,1,9529,0,0,-1,0,-2,0,-3,0,-4,0,-5,0,2867,15384
1773714839,6,5,6,110,7,311,8,1551,9,50,10,0,11,0,12,573,13,112,14,196,15,0,16,0,5,600,4,36,3,2000,2,3219,1,9529,0,0,-1,0,-2,0,-3,0,-4,0,-5,0,2903,15384
1773714840,6,5,6,110,7,311,8,1551,9,50,10,0,11,0,12,573,13,112,14,196,15,0,16,0,5,600,4,36,3,2000,2,2868,1,9529,0,0,-1,0,-2,0,-3,0,-4,0,-5,0,2903,15033
1773714841,6,5,6,110,7,311,8,1551,9,50,10,0,11,0,12,573,13,112,14,196,15,0,16,0,5,600,4,36,3,2000,2,2868,1,9529,0,0,-1,0,-2,0,-3,0,-4,0,-5,0,2903,15033
1773714842,6,5,6,110,7,311,8,1551,9,50,10,0,11,0,12,573,13,112,14,196,15,0,16,0,5,600,4,36,3,2000,2,2868,1,9529,0,0,-1,0,-2,0,-3,0,-4,0,-5,0,2903,15033
1773714843,6,5,6,110,7,311,8,1551,9,50,10,0,11,0,12,573,13,112,14,196,15,0,16,0,5,600,4,36,3,2000,2,2868,1,9529,0,0,-1,0,-2,0,-3,0,-4,0,-5,0,2903,15033
1773714844,6,5,6,110,7,311,8,1551,9,50,10,0,11,0,12,573,13,112,14,196,15,0,16,0,5,600,4,36,3,2000,2,2868,1,9529,0,0,-1,0,-2,0,-3,0,-4,0,-5,0,2903,15033
1773714845,6,5,6,110,7,311,8,1551,9,50,10,0,11,0,12,573,13,112,14,196,15,0,16,0,5,600,4,36,3,2000,2,2868,1,9529,0,0,-1,0,-2,0,-3,0,-4,0,-5,0,2903,15033
1773714846,6,5,6,110,7,311,8,1551,9,50,10,0,11,0,12,573,13,112,14,196,15,0,16,0,5,600,4,36,3,2000,2,2868,1,9529,0,0,-1,0,-2,0,-3,0,-4,0,-5,0,2903,15033
1773714847,6,5,6,110,7,311,8,1551,9,50,10,0,11,0,12,573,13,112,14,196,15,0,16,0,5,600,4,36,3,2000,2,2868,1,9529,0,0,-1,0,-2,0,-3,0,-4,0,-5,0,2903,15033
1773714848,6,5,6,110,7,311,8,1551,9,50,10,0,11,0,12,573,13,112,14,196,15,0,16,0,5,600,4,36,3,2000,2,2868,1,9529,0,0,-1,0,-2,0,-3,0,-4,0,-5,0,2903,15033
1773714849,6,5,6,110,7,311,8,1551,9,50,10,0,11,0,12,573,13,112,14,196,15,0,16,0,5,600,4,36,3,2000,2,2868,1,9529,0,0,-1,0,-2,0,-3,0,-4,0,-5,0,2903,15033
1773714850,6,5,6,110,7,311,8,1551,9,50,10,0,11,0,12,573,13,112,14,196,15,0,16,0,5,600,4,36,3,2000,2,2868,1,9529,0,0,-1,0,-2,0,-3,0,-4,0,-5,0,2903,15033
1773714851,6,5,6,110,7,311,8,1551,9,50,10,0,11,0,12,573,13,112,14,196,15,0,16,0,5,600,4,36,3,2000,2,2868,1,9529,0,0,-1,0,-2,0,-3,0,-4,0,-5,0,2903,15033
1773714852,6,5,6,110,7,311,8,1551,9,50,10,0,11,0,12,573,13,112,14,196,15,0,16,0,5,600,4,36,3,2000,2,2868,1,9529,0,0,-1,0,-2,0,-3,0,-4,0,-5,0,2903,15033
1773714853,6,5,6,110,7,311,8,1551,9,50,10,0,11,0,12,573,13,112,14,196,15,0,16,0,5,600,4,36,3,2000,2,2868,1,9529,0,0,-1,0,-2,0,-3,0,-4,0,-5,0,2903,15033
1773714854,6,5,6,110,7,311,8,1551,9,50,10,0,11,0,12,573,13,112,14,196,15,0,16,0,5,600,4,36,3,2000,2,2868,1,9529,0,0,-1,0,-2,0,-3,0,-4,0,-5,0,2903,15033
1773714855,6,5,6,110,7,311,8,1551,9,50,10,0,11,0,12,573,13,112,14,196,15,0,16,0,5,600,4,36,3,2000,2,2868,1,9529,0,0,-1,0,-2,0,-3,0,-4,0,-5,0,2903,15033
1773714856,6,5,6,110,7,311,8,1551,9,50,10,0,11,0,12,573,13,112,14,196,15,0,16,0,5,600,4,36,3,2000,2,2868,1,9529,0,0,-1,0,-2,0,-3,0,-4,0,-5,0,2903,15033
1773714857,6,5,6,110,7,311,8,1551,9,50,10,0,11,0,12,573,13,112,14,196,15,0,16,0,5,600,4,36,3,2000,2,2868,1,9529,0,0,-1,0,-2,0,-3,0,-4,0,-5,0,2903,15033
1773714858,6,5,6,110,7,311,8,1551,9,50,10,0,11,0,12,573,13,112,14,196,15,0,16,0,5,600,4,36,3,2000,2,2868,1,9529,0,0,-1,0,-2,0,-3,0,-4,0,-5,0,2903,15033
1773714859,6,5,6,110,7,311,8,1551,9,50,10,0,11,0,12,573,13,112,14,196,15,0,16,0,5,600,4,36,3,2000,2,2868,1,9529,0,0,-1,0,-2,0,-3,0,-4,0,-5,0,2903,15033
1773714860,6,5,6,110,7,311,8,1551,9,50,10,0,11,0,12,573,13,112,14,196,15,0,16,0,5,600,4,36,3,2000,2,2868,1,9529,0,0,-1,0,-2,0,-3,0,-4,0,-5,0,2903,15033
1773714861,6,5,6,110,7,311,8,1551,9,50,10,0,11,0,12,573,13,112,14,196,15,0,16,0,5,600,4,36,3,2000,2,2868,1,9529,0,0,-1,0,-2,0,-3,0,-4,0,-5,0,2903,15033
1773714862,6,5,6,110,7,311,8,1551,9,50,10,0,11,0,12,573,13,112,14,196,15,0,16,0,5,600,4,36,3,2000,2,2868,1,9529,0,0,-1,0,-2,0,-3,0,-4,0,-5,0,2903,15033
1773714863,6,5,6,110,7,311,8,1551,9,50,10,0,11,0,12,573,13,112,14,196,15,0,16,0,5,600,4,36,3,2000,2,2868,1,9529,0,0,-1,0,-2,0,-3,0,-4,0,-5,0,2903,15033
1773714864,6,5,6,110,7,311,8,1551,9,50,10,0,11,0,12,573,13,112,14,196,15,0,16,0,5,600,4,36,3,2000,2,2868,1,9529,0,0,-1,0,-2,0,-3,0,-4,0,-5,0,2903,15033
1773714865,6,5,6,110,7,311,8,1551,9,50,10,0,11,0,12,573,13,112,14,196,15,0,16,0,5,600,4,36,3,2000,2,2868,1,9529,0,0,-1,0,-2,0,-3,0,-4,0,-5,0,2903,15033
1773714866,6,5,6,110,7,311,8,1551,9,50,10,0,11,0,12,573,13,112,14,196,15,0,16,0,5,600,4,36,3,2000,2,2868,1,9529,0,0,-1,0,-2,0,-3,0,-4,0,-5,0,2903,15033
1773714867,6,4,6,110,7,311,8,1551,9,50,10,0,11,0,12,573,13,112,14,196,15,0,16,0,4,36,3,2000,2,2868,1,9907,0,0,-1,0,-2,0,-3,0,-4,0,-5,0,-6,0,2903,14811
1773714868,6,4,6,110,7,311,8,1551,9,50,10,0,11,0,12,573,13,112,14,196,15,0,16,0,4,36,3,2000,2,2868,1,9907,0,0,-1,0,-2,0,-3,0,-4,0,-5,0,-6,0,2903,14811
1773714869,6,4,6,110,7,311,8,1551,9,50,10,0,11,0,12,573,13,112,14,196,15,0,16,0,4,36,3,2000,2,2868,1,9529,0,0,-1,0,-2,0,-3,0,-4,0,-5,0,-6,0,2903,14433
1773714870,6,4,6,110,7,311,8,1551,9,50,10,0,11,0,12,573,13,112,14,196,15,0,16,0,4,36,3,2000,2,2868,1,9899,0,0,-1,0,-2,0,-3,0,-4,0,-5,0,-6,0,2903,14803
1773714871,6,4,6,610,7,311,8,1551,9,50,10,0,11,0,12,573,13,112,14,196,15,0,16,0,4,36,3,2000,2,2868,1,9899,0,0,-1,0,-2,0,-3,0,-4,0,-5,0,-6,0,3403,14803
1773714872,6,4,6,610,7,311,8,1551,9,50,10,0,11,0,12,573,13,112,14,196,15,0,16,0,4,36,3,2000,2,2868,1,9529,0,0,-1,0,-2,0,-3,0,-4,0,-5,0,-6,0,3403,14433
1773714873,6,4,6,610,7,311,8,1551,9,50,10,0,11,0,12,573,13,112,14,196,15,0,16,0,4,36,3,2000,2,2868,1,9924,0,0,-1,0,-2,0,-3,0,-4,0,-5,0,-6,0,3403,14828
1773714874,6,4,6,610,7,311,8,1551,9,50,10,0,11,0,12,573,13,112,14,196,15,0,16,0,4,36,3,2000,2,2868,1,9924,0,0,-1,0,-2,0,-3,0,-4,0,-5,0,-6,0,3403,14828
1773714875,6,4,6,610,7,311,8,1551,9,50,10,0,11,0,12,573,13,112,14,196,15,0,16,0,4,36,3,2000,2,2868,1,9875,0,0,-1,0,-2,0,-3,0,-4,0,-5,0,-6,0,3403,14779
1773714876,6,4,6,610,7,311,8,1551,9,50,10,0,11,0,12,573,13,112,14,196,15,0,16,0,4,46,3,2036,2,2868,1,9875,0,0,-1,0,-2,0,-3,0,-4,0,-5,0,-6,0,3403,14825
1773714877,6,4,6,610,7,311,8,1551,9,50,10,0,11,0,12,573,13,112,14,196,15,0,16,0,4,46,3,2036,2,2868,1,9529,0,0,-1,0,-2,0,-3,0,-4,0,-5,0,-6,0,3403,14479
1773714878,6,4,6,610,7,311,8,672,9,50,10,0,11,0,12,573,13,112,14,196,15,0,16,0,4,46,3,2036,2,2868,1,9860,0,0,-1,0,-2,0,-3,0,-4,0,-5,0,-6,0,2524,14810
1773714879,6,4,6,610,7,311,8,672,9,50,10,0,11,0,12,573,13,112,14,196,15,0,16,0,4,46,3,2036,2,2868,1,9860,0,0,-1,0,-2,0,-3,0,-4,0,-5,0,-6,0,2524,14810
1773714880,5,3,5,21,6,529,7,311,8,672,9,50,10,0,11,0,12,573,13,112,14,210,15,0,3,2062,2,2868,1,9529,0,0,-1,0,-2,0,-3,0,-4,0,-5,0,-6,0,-7,0,2478,14459
1773714881,5,4,5,46,6,529,7,311,8,672,9,50,10,0,11,0,12,573,13,64,14,0,15,0,4,26,3,2036,2,2868,1,9529,0,0,-1,0,-2,0,-3,0,-4,0,-5,0,-6,0,2245,14459
1773714882,5,4,5,338,6,529,7,50,8,687,9,50,10,0,11,0,12,573,13,42,14,60,15,0,4,26,3,2036,2,2868,1,9529,0,0,-1,0,-2,0,-3,0,-4,0,-5,0,-6,0,2329,14459
1773714883,5,4,5,338,6,529,7,50,8,687,9,50,10,0,11,0,12,573,13,42,14,60,15,0,4,26,3,2036,2,2868,1,9529,0,0,-1,0,-2,0,-3,0,-4,0,-5,0,-6,0,2329,14459
1773714884,5,4,5,338,6,529,7,50,8,1556,9,50,10,0,11,0,12,573,13,42,14,60,15,308,4,26,3,2036,2,2868,1,9529,0,0,-1,0,-2,0,-3,0,-4,0,-5,0,-6,0,3506,14459
1773714885,5,4,5,338,6,529,7,50,8,1556,9,50,10,0,11,0,12,573,13,42,14,60,15,308,4,26,3,2036,2,2868,1,9529,0,0,-1,0,-2,0,-3,0,-4,0,-5,0,-6,0,3506,14459
1773714886,5,4,5,338,6,529,7,50,8,1556,9,50,10,0,11,401,12,573,13,0,14,60,15,0,4,26,3,2036,2,2868,1,9529,0,0,-1,0,-2,0,-3,0,-4,0,-5,0,-6,0,3557,14459
1773714887,5,4,5,338,6,529,7,50,8,1556,9,50,10,0,11,401,12,573,13,0,14,60,15,0,4,26,3,2036,2,2868,1,9529,0,0,-1,0,-2,0,-3,0,-4,0,-5,0,-6,0,3557,14459
1773714888,5,4,5,322,6,529,7,50,8,1556,9,50,10,0,11,401,12,573,13,0,14,200,15,0,4,26,3,2036,2,2868,1,9529,0,0,-1,0,-2,0,-3,0,-4,0,-5,0,-6,0,3681,14459
1773714889,5,4,5,322,6,529,7,50,8,1556,9,50,10,0,11,401,12,573,13,0,14,200,15,0,4,10,3,2036,2,2868,1,9529,0,0,-1,0,-2,0,-3,0,-4,0,-5,0,-6,0,3681,14443
1773714890,5,4,5,822,6,29,7,50,8,672,9,50,10,0,11,401,12,573,13,0,14,200,15,0,4,10,3,2036,2,2868,1,9529,0,0,-1,0,-2,0,-3,0,-4,0,-5,0,-6,0,2797,14443
1773714891,5,4,5,822,6,29,7,50,8,672,9,50,10,0,11,401,12,573,13,0,14,200,15,0,4,10,3,2036,2,2868,1,9529,0,0,-1,0,-2,0,-3,0,-4,0,-5,0,-6,0,2797,14443
1773714892,5,4,5,822,6,29,7,50,8,672,9,50,10,0,11,401,12,573,13,0,14,200,15,0,4,10,3,2036,2,2868,1,9529,0,0,-1,0,-2,0,-3,0,-4,0,-5,0,-6,0,2797,14443
1773714893,5,4,5,822,6,29,7,50,8,672,9,50,10,0,11,401,12,573,13,0,14,200,15,0,4,10,3,2036,2,2868,1,9529,0,0,-1,0,-2,0,-3,0,-4,0,-5,0,-6,0,2797,14443
1773714894,5,4,5,822,6,29,7,50,8,672,9,50,10,0,11,401,12,573,13,0,14,200,15,0,4,10,3,2036,2,2868,1,9529,0,0,-1,0,-2,0,-3,0,-4,0,-5,0,-6,0,2797,14443
1773714895,5,4,5,822,6,29,7,50,8,672,9,50,10,0,11,401,12,573,13,0,14,200,15,0,4,10,3,2036,2,2868,1,9529,0,0,-1,0,-2,0,-3,0,-4,0,-5,0,-6,0,2797,14443
1773714896,5,3,5,822,6,29,7,50,8,672,9,50,10,0,11,401,12,573,13,0,14,200,15,0,3,2036,2,2868,1,9529,0,0,-1,0,-2,0,-3,0,-4,0,-5,0,-6,0,-7,0,2797,14433
1773714897,5,3,5,822,6,29,7,50,8,672,9,50,10,0,11,401,12,573,13,0,14,200,15,0,3,2036,2,2868,1,9529,0,0,-1,0,-2,0,-3,0,-4,0,-5,0,-6,0,-7,0,2797,14433
1773714898,5,3,5,822,6,29,7,50,8,672,9,50,10,0,11,401,12,573,13,0,14,200,15,0,3,100,2,2868,1,9529,0,0,-1,0,-2,0,-3,0,-4,0,-5,0,-6,0,-7,0,2797,12497
1773714899,5,3,5,822,6,29,7,50,8,672,9,50,10,0,11,401,12,573,13,0,14,200,15,0,3,100,2,2868,1,9529,0,0,-1,0,-2,0,-3,0,-4,0,-5,0,-6,0,-7,0,2797,12497
1773714900,5,3,5,842,6,29,7,50,8,672,9,50,10,0,11,401,12,573,13,0,14,200,15,0,3,100,2,2868,1,9529,0,0,-1,0,-2,0,-3,0,-4,0,-5,0,-6,0,-7,0,2817,12497
1773714901,5,3,5,842,6,29,7,50,8,672,9,50,10,0,11,0,12,573,13,0,14,200,15,0,3,100,2,2868,1,9529,0,0,-1,0,-2,0,-3,0,-4,0,-5,0,-6,0,-7,0,2416,12497
1773714902,5,3,5,842,6,29,7,50,8,672,9,50,10,0,11,0,12,573,13,0,14,200,15,0,3,100,2,2868,1,9529,0,0,-1,0,-2,0,-3,0,-4,0,-5,0,-6,0,-7,0,2416,12497
1773714903,5,3,5,842,6,29,7,50,8,672,9,50,10,0,11,0,12,573,13,0,14,200,15,350,3,100,2,2868,1,9529,0,0,-1,0,-2,0,-3,0,-4,0,-5,0,-6,0,-7,0,2766,12497
1773714904,5,3,5,842,6,29,7,50,8,672,9,50,10,0,11,0,12,573,13,0,14,200,15,350,3,100,2,2868,1,9529,0,0,-1,0,-2,0,-3,0,-4,0,-5,0,-6,0,-7,0,2766,12497
1773714905,5,3,5,842,6,29,7,50,8,672,9,50,10,0,11,0,12,573,13,0,14,200,15,350,3,100,2,2868,1,9529,0,0,-1,0,-2,0,-3,0,-4,0,-5,0,-6,0,-7,0,2766,12497
1773714906,5,3,5,842,6,29,7,50,8,672,9,50,10,0,11,0,12,573,13,0,14,200,15,350,3,100,2,2868,1,9529,0,0,-1,0,-2,0,-3,0,-4,0,-5,0,-6,0,-7,0,2766,12497
1773714907,5,3,5,842,6,29,7,0,8,72,9,50,10,0,11,50,12,573,13,0,14,200,15,350,3,100,2,2868,1,9529,0,0,-1,0,-2,0,-3,0,-4,0,-5,0,-6,0,-7,0,2166,12497
1773714908,5,3,5,842,6,29,7,0,8,72,9,50,10,0,11,50,12,573,13,0,14,200,15,350,3,100,2,2868,1,9529,0,0,-1,0,-2,0,-3,0,-4,0,-5,0,-6,0,-7,0,2166,12497
1773714909,5,3,5,842,6,29,7,0,8,72,9,50,10,0,11,50,12,573,13,0,14,200,15,350,3,100,2,2868,1,9529,0,0,-1,0,-2,0,-3,0,-4,0,-5,0,-6,0,-7,0,2166,12497
1773714910,5,3,5,178,6,29,7,0,8,72,9,100,10,0,11,200,12,573,13,0,14,200,15,350,3,100,2,2868,1,9529,0,0,-1,0,-2,0,-3,0,-4,0,-5,0,-6,0,-7,0,1702,12497
1773714911,5,3,5,178,6,29,7,0,8,72,9,100,10,0,11,200,12,573,13,0,14,200,15,350,3,100,2,2868,1,9529,0,0,-1,0,-2,0,-3,0,-4,0,-5,0,-6,0,-7,0,1702,12497
1773714912,5,3,5,178,6,29,7,0,8,72,9,100,10,200,11,0,12,573,13,0,14,200,15,350,3,100,2,2868,1,9529,0,0,-1,0,-2,0,-3,0,-4,0,-5,0,-6,0,-7,0,1702,12497
1773714913,5,3,5,178,6,29,7,0,8,72,9,100,10,200,11,0,12,573,13,0,14,200,15,350,3,100,2,2868,1,9529,0,0,-1,0,-2,0,-3,0,-4,0,-5,0,-6,0,-7,0,1702,12497
1773714914,5,3,5,178,6,29,7,0,8,72,9,100,10,200,11,0,12,573,13,0,14,200,15,350,3,100,2,2868,1,9529,0,0,-1,0,-2,0,-3,0,-4,0,-5,0,-6,0,-7,0,1702,12497
1773714915,5,3,5,178,6,29,7,0,8,72,9,100,10,200,11,0,12,573,13,0,14,200,15,350,3,100,2,2868,1,9529,0,0,-1,0,-2,0,-3,0,-4,0,-5,0,-6,0,-7,0,1702,12497
1773714916,5,3,5,520,6,29,7,0,8,72,9,100,10,200,11,0,12,573,13,0,14,200,15,350,3,100,2,2868,1,9529,0,0,-1,0,-2,0,-3,0,-4,0,-5,0,-6,0,-7,0,2044,12497
1773714917,5,3,5,842,6,29,7,0,8,72,9,100,10,200,11,0,12,573,13,0,14,200,15,350,3,100,2,2868,1,9529,0,0,-1,0,-2,0,-3,0,-4,0,-5,0,-6,0,-7,0,2366,12497
1773714918,5,2,5,842,6,29,7,0,8,72,9,100,10,200,11,0,12,573,13,0,14,200,15,350,2,2888,1,9529,0,0,-1,0,-2,0,-3,0,-4,0,-5,0,-6,0,-7,0,-8,0,2366,12417
1773714919,5,3,5,852,6,29,7,0,8,72,9,50,10,0,11,50,12,573,13,0,14,558,15,350,3,56,2,2868,1,9529,0,0,-1,0,-2,0,-3,0,-4,0,-5,0,-6,0,-7,0,2534,12453
1773714920,5,3,5,852,6,29,7,0,8,72,9,50,10,0,11,50,12,573,13,0,14,558,15,350,3,56,2,2868,1,9529,0,0,-1,0,-2,0,-3,0,-4,0,-5,0,-6,0,-7,0,2534,12453
1773714921,5,3,5,852,6,29,7,0,8,72,9,50,10,0,11,50,12,573,13,0,14,558,15,350,3,56,2,2868,1,9529,0,0,-1,0,-2,0,-3,0,-4,0,-5,0,-6,0,-7,0,2534,12453
1773714922,5,3,5,852,6,29,7,0,8,72,9,50,10,0,11,50,12,573,13,0,14,558,15,350,3,56,2,2868,1,9529,0,0,-1,0,-2,0,-3,0,-4,0,-5,0,-6,0,-7,0,2534,12453
1773714923,5,3,5,852,6,29,7,0,8,72,9,50,10,0,11,50,12,573,13,0,14,558,15,350,3,56,2,2868,1,9529,0,0,-1,0,-2,0,-3,0,-4,0,-5,0,-6,0,-7,0,2534,12453
1773714924,5,3,5,852,6,29,7,0,8,72,9,50,10,0,11,50,12,573,13,0,14,558,15,350,3,56,2,2868,1,9529,0,0,-1,0,-2,0,-3,0,-4,0,-5,0,-6,0,-7,0,2534,12453
1773714925,5,3,5,852,6,29,7,0,8,72,9,50,10,0,11,50,12,573,13,0,14,558,15,350,3,56,2,2868,1,9529,0,0,-1,0,-2,0,-3,0,-4,0,-5,0,-6,0,-7,0,2534,12453
1773714926,5,2,5,842,6,29,7,0,8,72,9,50,10,50,11,215,12,573,13,0,14,558,15,350,2,2868,1,9529,0,0,-1,0,-2,0,-3,0,-4,0,-5,0,-6,0,-7,0,-8,0,2739,12397
1773714927,5,2,5,842,6,29,7,0,8,72,9,50,10,50,11,215,12,573,13,391,14,593,15,0,2,2868,1,9529,0,0,-1,0,-2,0,-3,0,-4,0,-5,0,-6,0,-7,0,-8,0,2815,12397
1773714928,5,2,5,842,6,29,7,0,8,72,9,50,10,50,11,215,12,573,13,391,14,593,15,0,2,2868,1,9529,0,0,-1,0,-2,0,-3,0,-4,0,-5,0,-6,0,-7,0,-8,0,2815,12397
1773714929,5,2,5,786,6,29,7,0,8,0,9,50,10,50,11,215,12,573,13,391,14,593,15,0,2,2868,1,9529,0,0,-1,0,-2,0,-3,0,-4,0,-5,0,-6,0,-7,0,-8,0,2687,12397
1773714930,5,2,5,786,6,29,7,0,8,0,9,50,10,50,11,215,12,573,13,391,14,593,15,0,2,2868,1,9529,0,0,-1,0,-2,0,-3,0,-4,0,-5,0,-6,0,-7,0,-8,0,2687,12397
1773714931,5,2,5,914,6,29,7,0,8,0,9,50,10,50,11,215,12,573,13,391,14,593,15,0,2,2868,1,9529,0,0,-1,0,-2,0,-3,0,-4,0,-5,0,-6,0,-7,0,-8,0,2815,12397
1773714932,5,2,5,914,6,29,7,0,8,0,9,50,10,50,11,215,12,573,13,391,14,593,15,0,2,2868,1,9529,0,0,-1,0,-2,0,-3,0,-4,0,-5,0,-6,0,-7,0,-8,0,2815,12397
1773714933,5,2,5,914,6,29,7,0,8,0,9,50,10,50,11,215,12,573,13,391,14,593,15,0,2,2379,1,9529,0,0,-1,0,-2,0,-3,0,-4,0,-5,0,-6,0,-7,0,-8,0,2815,11908
1773714934,5,2,5,914,6,29,7,0,8,0,9,50,10,50,11,215,12,573,13,391,14,593,15,0,2,2379,1,9529,0,0,-1,0,-2,0,-3,0,-4,0,-5,0,-6,0,-7,0,-8,0,2815,11908
1773714935,5,2,5,914,6,29,7,0,8,0,9,50,10,50,11,215,12,573,13,391,14,593,15,0,2,2379,1,9529,0,0,-1,0,-2,0,-3,0,-4,0,-5,0,-6,0,-7,0,-8,0,2815,11908
1773714936,5,2,5,934,6,29,7,0,8,0,9,50,10,50,11,215,12,573,13,391,14,593,15,0,2,2379,1,9529,0,0,-1,0,-2,0,-3,0,-4,0,-5,0,-6,0,-7,0,-8,0,2835,11908
1773714937,5,2,5,934,6,29,7,0,8,0,9,50,10,50,11,215,12,573,13,391,14,593,15,0,2,2379,1,9529,0,0,-1,0,-2,0,-3,0,-4,0,-5,0,-6,0,-7,0,-8,0,2835,11908
1773714938,5,2,5,934,6,29,7,0,8,0,9,50,10,50,11,215,12,573,13,391,14,593,15,0,2,2379,1,9529,0,0,-1,0,-2,0,-3,0,-4,0,-5,0,-6,0,-7,0,-8,0,2835,11908
1773714939,5,2,5,934,6,29,7,0,8,0,9,50,10,50,11,215,12,573,13,391,14,593,15,0,2,2379,1,9529,0,0,-1,0,-2,0,-3,0,-4,0,-5,0,-6,0,-7,0,-8,0,2835,11908
1773714940,5,2,5,934,6,29,7,0,8,0,9,50,10,50,11,215,12,573,13,391,14,593,15,0,2,2379,1,9529,0,0,-1,0,-2,0,-3,0,-4,0,-5,0,-6,0,-7,0,-8,0,2835,11908
1773714941,5,2,5,934,6,29,7,0,8,0,9,50,10,50,11,215,12,573,13,391,14,593,15,0,2,2379,1,9529,0,0,-1,0,-2,0,-3,0,-4,0,-5,0,-6,0,-7,0,-8,0,2835,11908
1773714942,5,2,5,934,6,29,7,0,8,0,9,50,10,50,11,215,12,573,13,391,14,593,15,0,2,2379,1,9529,0,0,-1,0,-2,0,-3,0,-4,0,-5,0,-6,0,-7,0,-8,0,2835,11908
1773714943,5,2,5,934,6,29,7,0,8,0,9,50,10,50,11,215,12,573,13,391,14,593,15,0,2,2379,1,9529,0,0,-1,0,-2,0,-3,0,-4,0,-5,0,-6,0,-7,0,-8,0,2835,11908
1773714944,5,2,5,934,6,29,7,0,8,0,9,50,10,50,11,215,12,573,13,391,14,593,15,0,2,2379,1,9529,0,0,-1,0,-2,0,-3,0,-4,0,-5,0,-6,0,-7,0,-8,0,2835,11908
1773714945,5,2,5,934,6,29,7,0,8,0,9,50,10,50,11,215,12,573,13,391,14,593,15,0,2,2379,1,9529,0,0,-1,0,-2,0,-3,0,-4,0,-5,0,-6,0,-7,0,-8,0,2835,11908
1773714946,5,2,5,934,6,29,7,0,8,0,9,50,10,50,11,215,12,573,13,391,14,593,15,0,2,2379,1,9529,0,0,-1,0,-2,0,-3,0,-4,0,-5,0,-6,0,-7,0,-8,0,2835,11908
1773714947,5,2,5,934,6,29,7,0,8,0,9,50,10,50,11,215,12,573,13,391,14,593,15,0,2,2379,1,9529,0,0,-1,0,-2,0,-3,0,-4,0,-5,0,-6,0,-7,0,-8,0,2835,11908
1773714948,5,2,5,934,6,29,7,0,8,0,9,50,10,50,11,215,12,573,13,391,14,593,15,0,2,2379,1,9529,0,0,-1,0,-2,0,-3,0,-4,0,-5,0,-6,0,-7,0,-8,0,2835,11908
1773714949,5,2,5,934,6,29,7,0,8,0,9,50,10,50,11,215,12,573,13,556,14,0,15,0,2,2379,1,9529,0,0,-1,0,-2,0,-3,0,-4,0,-5,0,-6,0,-7,0,-8,0,2407,11908
1773714950,5,2,5,934,6,29,7,0,8,0,9,50,10,50,11,215,12,573,13,165,14,0,15,0,2,2379,1,9529,0,0,-1,0,-2,0,-3,0,-4,0,-5,0,-6,0,-7,0,-8,0,2016,11908
1773714951,5,2,5,981,6,29,7,0,8,0,9,50,10,50,11,215,12,573,13,196,14,0,15,0,2,2379,1,9529,0,0,-1,0,-2,0,-3,0,-4,0,-5,0,-6,0,-7,0,-8,0,2094,11908
1773714952,5,2,5,951,6,29,7,0,8,0,9,50,10,50,11,215,12,573,13,196,14,0,15,350,2,2379,1,9529,0,0,-1,0,-2,0,-3,0,-4,0,-5,0,-6,0,-7,0,-8,0,2414,11908
1773714953,5,2,5,951,6,29,7,0,8,0,9,50,10,50,11,215,12,573,13,196,14,0,15,350,2,2379,1,9529,0,0,-1,0,-2,0,-3,0,-4,0,-5,0,-6,0,-7,0,-8,0,2414,11908
1773714954,4,2,4,424,5,951,6,29,7,0,8,0,9,100,10,407,11,215,12,627,13,0,14,0,2,2379,1,9529,0,0,-1,0,-2,0,-3,0,-4,0,-5,0,-6,0,-7,0,-8,0,2753,11908
1773714955,4,2,4,424,5,951,6,29,7,0,8,0,9,100,10,407,11,215,12,627,13,0,14,0,2,3379,1,9529,0,0,-1,0,-2,0,-3,0,-4,0,-5,0,-6,0,-7,0,-8,0,2753,12908
1773714956,4,2,4,464,5,911,6,29,7,0,8,0,9,100,10,407,11,215,12,627,13,0,14,0,2,3379,1,9529,0,0,-1,0,-2,0,-3,0,-4,0,-5,0,-6,0,-7,0,-8,0,2753,12908
1773714957,4,2,4,464,5,911,6,29,7,0,8,0,9,100,10,407,11,215,12,627,13,0,14,0,2,3379,1,9529,0,0,-1,0,-2,0,-3,0,-4,0,-5,0,-6,0,-7,0,-8,0,2753,12908
1773714958,4,2,4,464,5,911,6,29,7,0,8,0,9,100,10,407,11,215,12,627,13,0,14,0,2,3379,1,9529,0,0,-1,0,-2,0,-3,0,-4,0,-5,0,-6,0,-7,0,-8,0,2753,12908
1773714959,4,2,4,464,5,911,6,29,7,0,8,0,9,100,10,407,11,215,12,592,13,0,14,0,2,3379,1,9529,0,0,-1,0,-2,0,-3,0,-4,0,-5,0,-6,0,-7,0,-8,0,2718,12908
1773714960,4,2,4,464,5,911,6,29,7,0,8,0,9,100,10,407,11,215,12,592,13,0,14,0,2,3379,1,9529,0,0,-1,0,-2,0,-3,0,-4,0,-5,0,-6,0,-7,0,-8,0,2718,12908
1773714961,4,2,4,464,5,911,6,29,7,0,8,0,9,100,10,407,11,504,12,163,13,0,14,0,2,3379,1,9529,0,0,-1,0,-2,0,-3,0,-4,0,-5,0,-6,0,-7,0,-8,0,2578,12908
1773714962,4,2,4,464,5,911,6,29,7,0,8,0,9,100,10,407,11,504,12,163,13,0,14,0,2,3379,1,9529,0,0,-1,0,-2,0,-3,0,-4,0,-5,0,-6,0,-7,0,-8,0,2578,12908
1773714963,4,2,4,464,5,911,6,29,7,0,8,0,9,100,10,407,11,504,12,163,13,0,14,0,2,3379,1,9529,0,0,-1,0,-2,0,-3,0,-4,0,-5,0,-6,0,-7,0,-8,0,2578,12908
1773714964,4,2,4,464,5,911,6,29,7,0,8,0,9,100,10,407,11,215,12,592,13,0,14,0,2,3379,1,9529,0,0,-1,0,-2,0,-3,0,-4,0,-5,0,-6,0,-7,0,-8,0,2718,12908
1773714965,4,2,4,464,5,911,6,29,7,0,8,0,9,100,10,407,11,504,12,163,13,0,14,0,2,3379,1,9529,0,0,-1,0,-2,0,-3,0,-4,0,-5,0,-6,0,-7,0,-8,0,2578,12908
1773714966,4,2,4,484,5,911,6,29,7,0,8,0,9,100,10,407,11,504,12,163,13,0,14,0,2,3679,1,9429,0,0,-1,0,-2,0,-3,0,-4,0,-5,0,-6,0,-7,0,-8,0,2598,13108
1773714967,4,2,4,484,5,911,6,29,7,0,8,0,9,100,10,407,11,504,12,163,13,0,14,0,2,3679,1,9429,0,0,-1,0,-2,0,-3,0,-4,0,-5,0,-6,0,-7,0,-8,0,2598,13108
1773714968,4,2,4,484,5,911,6,29,7,0,8,0,9,100,10,407,11,504,12,163,13,0,14,0,2,3679,1,9429,0,0,-1,0,-2,0,-3,0,-4,0,-5,0,-6,0,-7,0,-8,0,2598,13108
1773714969,3,2,3,197,4,254,5,911,6,29,7,0,8,0,9,100,10,407,11,140,12,163,13,0,2,3679,1,9429,0,0,-1,0,-2,0,-3,0,-4,0,-5,0,-6,0,-7,0,-8,0,2201,13108
1773714970,3,2,3,197,4,254,5,911,6,29,7,0,8,0,9,100,10,407,11,415,12,163,13,0,2,3679,1,9429,0,0,-1,0,-2,0,-3,0,-4,0,-5,0,-6,0,-7,0,-8,0,2476,13108
1773714971,3,2,3,237,4,244,5,911,6,29,7,0,8,0,9,50,10,407,11,415,12,163,13,0,2,3679,1,9429,0,0,-1,0,-2,0,-3,0,-4,0,-5,0,-6,0,-7,0,-8,0,2456,13108
1773714972,4,2,4,206,5,911,6,29,7,0,8,0,9,50,10,407,11,0,12,475,13,0,14,0,2,4179,1,9429,0,0,-1,0,-2,0,-3,0,-4,0,-5,0,-6,0,-7,0,-8,0,2078,13608
1773714973,4,2,4,156,5,911,6,29,7,0,8,0,9,100,10,407,11,0,12,440,13,0,14,0,2,4179,1,9429,0,0,-1,0,-2,0,-3,0,-4,0,-5,0,-6,0,-7,0,-8,0,2043,13608
1773714974,4,2,4,156,5,911,6,29,7,0,8,0,9,100,10,407,11,0,12,440,13,0,14,0,2,4179,1,9429,0,0,-1,0,-2,0,-3,0,-4,0,-5,0,-6,0,-7,0,-8,0,2043,13608
1773714975,4,2,4,156,5,911,6,29,7,0,8,0,9,100,10,407,11,0,12,440,13,0,14,0,2,4179,1,9429,0,0,-1,0,-2,0,-3,0,-4,0,-5,0,-6,0,-7,0,-8,0,2043,13608
1773714976,4,2,4,176,5,913,6,29,7,0,8,0,9,100,10,407,11,0,12,549,13,0,14,0,2,4179,1,9429,0,0,-1,0,-2,0,-3,0,-4,0,-5,0,-6,0,-7,0,-8,0,2174,13608
1773714977,4,2,4,176,5,913,6,29,7,0,8,0,9,100,10,407,11,0,12,549,13,0,14,0,2,4179,1,9429,0,0,-1,0,-2,0,-3,0,-4,0,-5,0,-6,0,-7,0,-8,0,2174,13608
1773714978,4,2,4,176,5,913,6,29,7,0,8,0,9,100,10,407,11,0,12,549,13,0,14,0,2,4179,1,9429,0,0,-1,0,-2,0,-3,0,-4,0,-5,0,-6,0,-7,0,-8,0,2174,13608
1773714979,4,2,4,166,5,913,6,29,7,0,8,0,9,100,10,407,11,0,12,549,13,0,14,0,2,4179,1,10429,0,0,-1,0,-2,0,-3,0,-4,0,-5,0,-6,0,-7,0,-8,0,2164,14608
1773714980,4,2,4,166,5,913,6,29,7,0,8,0,9,100,10,407,11,0,12,549,13,0,14,0,2,4179,1,10429,0,0,-1,0,-2,0,-3,0,-4,0,-5,0,-6,0,-7,0,-8,0,2164,14608
1773714981,4,2,4,166,5,913,6,29,7,0,8,0,9,100,10,407,11,0,12,549,13,0,14,0,2,4179,1,10429,0,0,-1,0,-2,0,-3,0,-4,0,-5,0,-6,0,-7,0,-8,0,2164,14608
1773714982,4,2,4,166,5,913,6,29,7,0,8,0,9,100,10,407,11,0,12,549,13,0,14,0,2,4179,1,10429,0,0,-1,0,-2,0,-3,0,-4,0,-5,0,-6,0,-7,0,-8,0,2164,14608
1773714983,4,2,4,166,5,913,6,29,7,0,8,0,9,100,10,407,11,0,12,549,13,0,14,0,2,4179,1,10429,0,0,-1,0,-2,0,-3,0,-4,0,-5,0,-6,0,-7,0,-8,0,2164,14608
1773714984,4,2,4,166,5,72,6,29,7,50,8,200,9,50,10,407,11,0,12,549,13,0,14,0,2,4179,1,10429,0,0,-1,0,-2,0,-3,0,-4,0,-5,0,-6,0,-7,0,-8,0,1523,14608
1773714985,4,2,4,166,5,72,6,29,7,50,8,200,9,50,10,407,11,0,12,549,13,0,14,0,2,4179,1,10429,0,0,-1,0,-2,0,-3,0,-4,0,-5,0,-6,0,-7,0,-8,0,1523,14608
1773714986,4,2,4,166,5,72,6,29,7,50,8,200,9,50,10,407,11,0,12,549,13,0,14,0,2,4179,1,10429,0,0,-1,0,-2,0,-3,0,-4,0,-5,0,-6,0,-7,0,-8,0,1523,14608
1773714987,4,2,4,166,5,72,6,29,7,50,8,200,9,50,10,407,11,0,12,549,13,0,14,0,2,4179,1,10429,0,0,-1,0,-2,0,-3,0,-4,0,-5,0,-6,0,-7,0,-8,0,1523,14608
1773714988,4,2,4,166,5,72,6,29,7,50,8,200,9,50,10,407,11,0,12,549,13,0,14,0,2,4179,1,10429,0,0,-1,0,-2,0,-3,0,-4,0,-5,0,-6,0,-7,0,-8,0,1523,14608
1773714989,4,2,4,166,5,72,6,29,7,50,8,200,9,50,10,407,11,0,12,549,13,0,14,0,2,4179,1,10429,0,0,-1,0,-2,0,-3,0,-4,0,-5,0,-6,0,-7,0,-8,0,1523,14608
1773714990,4,2,4,166,5,72,6,29,7,50,8,200,9,50,10,407,11,0,12,549,13,0,14,0,2,4179,1,10429,0,0,-1,0,-2,0,-3,0,-4,0,-5,0,-6,0,-7,0,-8,0,1523,14608
1773714991,4,2,4,166,5,72,6,29,7,50,8,200,9,50,10,407,11,0,12,549,13,0,14,0,2,4179,1,10429,0,0,-1,0,-2,0,-3,0,-4,0,-5,0,-6,0,-7,0,-8,0,1523,14608
1773714992,4,2,4,166,5,72,6,29,7,50,8,200,9,50,10,407,11,0,12,549,13,0,14,0,2,4179,1,10429,0,0,-1,0,-2,0,-3,0,-4,0,-5,0,-6,0,-7,0,-8,0,1523,14608
1773714993,4,2,4,166,5,72,6,29,7,50,8,200,9,50,10,407,11,0,12,549,13,0,14,0,2,4179,1,10429,0,0,-1,0,-2,0,-3,0,-4,0,-5,0,-6,0,-7,0,-8,0,1523,14608
1773714994,4,2,4,166,5,72,6,29,7,50,8,200,9,50,10,407,11,0,12,549,13,0,14,0,2,4179,1,10429,0,0,-1,0,-2,0,-3,0,-4,0,-5,0,-6,0,-7,0,-8,0,1523,14608
1773714995,4,2,4,166,5,72,6,29,7,50,8,200,9,50,10,407,11,0,12,549,13,0,14,0,2,4179,1,10429,0,0,-1,0,-2,0,-3,0,-4,0,-5,0,-6,0,-7,0,-8,0,1523,14608
1773714996,4,2,4,166,5,72,6,29,7,50,8,200,9,50,10,407,11,0,12,549,13,0,14,0,2,4179,1,10429,0,0,-1,0,-2,0,-3,0,-4,0,-5,0,-6,0,-7,0,-8,0,1523,14608
1773714997,4,2,4,121,5,72,6,29,7,50,8,200,9,50,10,407,11,0,12,517,13,0,14,0,2,4179,1,10429,0,0,-1,0,-2,0,-3,0,-4,0,-5,0,-6,0,-7,0,-8,0,1446,14608
1773714998,4,2,4,20,5,72,6,29,7,0,8,201,9,201,10,607,11,14,12,163,13,0,14,0,2,4179,1,10429,0,0,-1,0,-2,0,-3,0,-4,0,-5,0,-6,0,-7,0,-8,0,1307,14608
1773714999,4,2,4,30,5,72,6,29,7,0,8,0,9,100,10,607,11,14,12,163,13,0,14,0,2,4179,1,10429,0,0,-1,0,-2,0,-3,0,-4,0,-5,0,-6,0,-7,0,-8,0,1015,14608
1773715000,4,2,4,30,5,117,6,29,7,0,8,0,9,100,10,607,11,0,12,212,13,0,14,0,2,4179,1,10429,0,0,-1,0,-2,0,-3,0,-4,0,-5,0,-6,0,-7,0,-8,0,1095,14608
1773715001,4,2,4,7,5,117,6,29,7,0,8,0,9,100,10,407,11,0,12,198,13,0,14,0,2,4179,1,10429,0,0,-1,0,-2,0,-3,0,-4,0,-5,0,-6,0,-7,0,-8,0,858,14608
1773715002,5,3,5,124,6,29,7,50,8,200,9,50,10,407,11,0,12,163,13,121,14,0,15,0,3,88,2,4179,1,10429,0,0,-1,0,-2,0,-3,0,-4,0,-5,0,-6,0,-7,0,1144,14696
1773715003,5,3,5,146,6,29,7,50,8,200,9,50,10,407,11,0,12,248,13,226,14,0,15,0,3,88,2,4179,1,10429,0,0,-1,0,-2,0,-3,0,-4,0,-5,0,-6,0,-7,0,1356,14696
1773715004,5,3,5,146,6,29,7,0,8,50,9,250,10,407,11,0,12,321,13,226,14,0,15,0,3,88,2,4179,1,10429,0,0,-1,0,-2,0,-3,0,-4,0,-5,0,-6,0,-7,0,1429,14696
1773715005,5,3,5,146,6,79,7,0,8,0,9,250,10,407,11,0,12,321,13,226,14,0,15,192,3,88,2,4179,1,10429,0,0,-1,0,-2,0,-3,0,-4,0,-5,0,-6,0,-7,0,1621,14696
1773715006,5,3,5,146,6,29,7,0,8,50,9,250,10,407,11,0,12,321,13,226,14,0,15,192,3,88,2,4179,1,10429,0,0,-1,0,-2,0,-3,0,-4,0,-5,0,-6,0,-7,0,1621,14696
1773715007,5,3,5,146,6,29,7,0,8,50,9,250,10,407,11,0,12,321,13,226,14,0,15,192,3,88,2,4179,1,10429,0,0,-1,0,-2,0,-3,0,-4,0,-5,0,-6,0,-7,0,1621,14696
1773715008,5,3,5,146,6,29,7,0,8,50,9,250,10,407,11,0,12,321,13,226,14,0,15,192,3,88,2,4179,1,10429,0,0,-1,0,-2,0,-3,0,-4,0,-5,0,-6,0,-7,0,1621,14696
1773715009,5,3,5,146,6,29,7,0,8,50,9,250,10,407,11,0,12,321,13,226,14,0,15,192,3,88,2,4179,1,10429,0,0,-1,0,-2,0,-3,0,-4,0,-5,0,-6,0,-7,0,1621,14696
1773715010,5,3,5,46,6,29,7,0,8,10,9,100,10,607,11,0,12,163,13,0,14,114,15,0,3,98,2,4179,1,10429,0,0,-1,0,-2,0,-3,0,-4,0,-5,0,-6,0,-7,0,1069,14706
1773715011,5,3,5,46,6,29,7,0,8,10,9,100,10,607,11,0,12,163,13,80,14,114,15,0,3,98,2,4179,1,10429,0,0,-1,0,-2,0,-3,0,-4,0,-5,0,-6,0,-7,0,1149,14706
1773715012,5,3,5,46,6,29,7,0,8,10,9,100,10,607,11,0,12,163,13,80,14,114,15,0,3,98,2,4179,1,10429,0,0,-1,0,-2,0,-3,0,-4,0,-5,0,-6,0,-7,0,1149,14706
1773715013,5,3,5,46,6,29,7,0,8,10,9,100,10,607,11,0,12,163,13,80,14,114,15,0,3,198,2,4179,1,10429,0,0,-1,0,-2,0,-3,0,-4,0,-5,0,-6,0,-7,0,1149,14806
1773715014,5,3,5,139,6,29,7,0,8,50,9,250,10,407,11,0,12,163,13,80,14,254,15,0,3,198,2,4179,1,10429,0,0,-1,0,-2,0,-3,0,-4,0,-5,0,-6,0,-7,0,1372,14806
1773715015,5,3,5,139,6,29,7,0,8,50,9,250,10,407,11,0,12,163,13,178,14,254,15,0,3,198,2,4179,1,10429,0,0,-1,0,-2,0,-3,0,-4,0,-5,0,-6,0,-7,0,1470,14806
1773715016,5,3,5,139,6,29,7,0,8,50,9,250,10,407,11,0,12,163,13,178,14,254,15,172,3,188,2,4179,1,10429,0,0,-1,0,-2,0,-3,0,-4,0,-5,0,-6,0,-7,0,1642,14796
1773715017,5,3,5,139,6,29,7,0,8,50,9,250,10,407,11,0,12,163,13,178,14,254,15,172,3,188,2,4179,1,10429,0,0,-1,0,-2,0,-3,0,-4,0,-5,0,-6,0,-7,0,1642,14796
1773715018,5,3,5,139,6,29,7,0,8,50,9,250,10,407,11,0,12,163,13,178,14,254,15,172,3,188,2,4179,1,10429,0,0,-1,0,-2,0,-3,0,-4,0,-5,0,-6,0,-7,0,1642,14796
1773715019,5,3,5,139,6,29,7,0,8,50,9,250,10,407,11,0,12,163,13,178,14,254,15,172,3,188,2,4179,1,10429,0,0,-1,0,-2,0,-3,0,-4,0,-5,0,-6,0,-7,0,1642,14796
1773715020,5,3,5,139,6,29,7,0,8,50,9,250,10,407,11,0,12,163,13,178,14,254,15,172,3,188,2,4179,1,10429,0,0,-1,0,-2,0,-3,0,-4,0,-5,0,-6,0,-7,0,1642,14796
1773715021,5,3,5,139,6,29,7,0,8,50,9,250,10,407,11,0,12,163,13,178,14,254,15,172,3,188,2,4179,1,10429,0,0,-1,0,-2,0,-3,0,-4,0,-5,0,-6,0,-7,0,1642,14796
1773715022,5,3,5,139,6,29,7,0,8,50,9,250,10,407,11,0,12,163,13,178,14,254,15,172,3,188,2,4179,1,10429,0,0,-1,0,-2,0,-3,0,-4,0,-5,0,-6,0,-7,0,1642,14796
1773715023,5,3,5,139,6,29,7,0,8,50,9,250,10,407,11,0,12,163,13,178,14,254,15,172,3,188,2,4179,1,10429,0,0,-1,0,-2,0,-3,0,-4,0,-5,0,-6,0,-7,0,1642,14796
1773715024,5,3,5,139,6,29,7,0,8,50,9,250,10,407,11,0,12,163,13,178,14,254,15,172,3,188,2,4179,1,10429,0,0,-1,0,-2,0,-3,0,-4,0,-5,0,-6,0,-7,0,1642,14796
1773715025,5,3,5,817,6,29,7,0,8,50,9,50,10,407,11,0,12,163,13,178,14,254,15,172,3,188,2,4179,1,10429,0,0,-1,0,-2,0,-3,0,-4,0,-5,0,-6,0,-7,0,2120,14796
1773715026,5,3,5,817,6,29,7,0,8,0,9,100,10,407,11,0,12,163,13,178,14,254,15,0,3,188,2,4179,1,10429,0,0,-1,0,-2,0,-3,0,-4,0,-5,0,-6,0,-7,0,1948,14796
1773715027,9,3,9,15,10,0,11,162,12,363,13,178,14,0,15,336,16,0,17,0,18,0,19,0,3,146,2,4180,1,10429,0,0,-1,0,-2,0,-3,0,-4,0,-5,0,-6,0,-7,0,1054,14755
1773715028,8,4,8,10,9,15,10,38,11,1,12,363,13,0,14,235,15,336,16,0,17,0,18,0,4,187,3,101,2,4179,1,10429,0,0,-1,0,-2,0,-3,0,-4,0,-5,0,-6,0,998,14896
1773715029,9,4,9,15,10,38,11,11,12,363,13,0,14,0,15,336,16,0,17,0,18,0,19,0,4,187,3,101,2,4179,1,10429,0,0,-1,0,-2,0,-3,0,-4,0,-5,0,-6,0,763,14896
1773715030,10,4,10,69,11,151,12,363,13,0,14,0,15,0,16,724,17,325,18,0,19,0,20,0,4,188,3,100,2,4179,1,10429,0,0,-1,0,-2,0,-3,0,-4,0,-5,0,-6,0,1632,14896
1773715031,6,4,6,1,7,0,8,31,9,151,10,72,11,200,12,163,13,0,14,325,15,50,16,0,4,188,3,100,2,4179,1,10429,0,0,-1,0,-2,0,-3,0,-4,0,-5,0,-6,0,993,14896
1773715032,6,4,6,1,7,0,8,31,9,151,10,72,11,0,12,363,13,0,14,325,15,0,16,29,4,188,3,100,2,4179,1,10429,0,0,-1,0,-2,0,-3,0,-4,0,-5,0,-6,0,972,14896
1773715033,8,4,8,30,9,0,10,38,11,1,12,363,13,0,14,0,15,0,16,549,17,0,18,0,4,188,3,100,2,4179,1,10429,0,0,-1,0,-2,0,-3,0,-4,0,-5,0,-6,0,981,14896
1773715034,8,4,8,20,9,0,10,38,11,1,12,363,13,0,14,0,15,0,16,825,17,196,18,0,4,188,3,100,2,4179,1,10429,0,0,-1,0,-2,0,-3,0,-4,0,-5,0,-6,0,1443,14896
1773715035,8,4,8,20,9,0,10,38,11,11,12,363,13,0,14,0,15,0,16,825,17,196,18,0,4,188,3,100,2,4179,1,10429,0,0,-1,0,-2,0,-3,0,-4,0,-5,0,-6,0,1453,14896
1773715036,7,4,7,40,8,20,9,0,10,39,11,10,12,363,13,0,14,0,15,0,16,825,17,196,4,188,3,100,2,4179,1,10429,0,0,-1,0,-2,0,-3,0,-4,0,-5,0,-6,0,1493,14896
1773715037,7,4,7,80,8,20,9,10,10,88,11,228,12,163,13,325,14,0,15,0,16,0,17,0,4,36,3,150,2,4179,1,10429,0,0,-1,0,-2,0,-3,0,-4,0,-5,0,-6,0,914,14794
1773715038,6,4,6,10,7,40,8,20,9,0,10,88,11,228,12,163,13,325,14,0,15,0,16,0,4,36,3,100,2,4229,1,10429,0,0,-1,0,-2,0,-3,0,-4,0,-5,0,-6,0,874,14794
1773715039,7,4,7,80,8,20,9,10,10,50,11,228,12,163,13,325,14,0,15,0,16,0,17,0,4,36,3,100,2,4229,1,10429,0,0,-1,0,-2,0,-3,0,-4,0,-5,0,-6,0,876,14794
1773715040,6,4,6,10,7,40,8,20,9,0,10,50,11,228,12,163,13,325,14,0,15,0,16,0,4,36,3,100,2,4229,1,10429,0,0,-1,0,-2,0,-3,0,-4,0,-5,0,-6,0,836,14794
1773715041,6,4,6,60,7,79,8,0,9,0,10,0,11,227,12,163,13,325,14,0,15,0,16,0,4,36,3,100,2,4229,1,10429,0,0,-1,0,-2,0,-3,0,-4,0,-5,0,-6,0,854,14794
1773715042,6,4,6,10,7,79,8,0,9,50,10,151,11,227,12,163,13,325,14,0,15,0,16,0,4,36,3,100,2,4229,1,10429,0,0,-1,0,-2,0,-3,0,-4,0,-5,0,-6,0,1005,14794
1773715043,6,4,6,10,7,79,8,0,9,50,10,151,11,227,12,163,13,325,14,0,15,0,16,0,4,36,3,100,2,4229,1,10429,0,0,-1,0,-2,0,-3,0,-4,0,-5,0,-6,0,1005,14794
1773715044,6,4,6,10,7,79,8,0,9,50,10,151,11,227,12,163,13,325,14,0,15,0,16,0,4,36,3,100,2,4229,1,10429,0,0,-1,0,-2,0,-3,0,-4,0,-5,0,-6,0,1005,14794
1773715045,6,4,6,50,7,39,8,0,9,50,10,151,11,227,12,163,13,325,14,0,15,0,16,0,4,36,3,100,2,4229,1,10429,0,0,-1,0,-2,0,-3,0,-4,0,-5,0,-6,0,1005,14794
1773715046,6,4,6,50,7,39,8,0,9,50,10,151,11,227,12,163,13,325,14,0,15,0,16,0,4,36,3,100,2,4229,1,10429,0,0,-1,0,-2,0,-3,0,-4,0,-5,0,-6,0,1005,14794
1773715047,6,4,6,50,7,39,8,0,9,50,10,151,11,227,12,163,13,325,14,0,15,0,16,0,4,36,3,100,2,4229,1,10429,0,0,-1,0,-2,0,-3,0,-4,0,-5,0,-6,0,1005,14794
1773715048,6,4,6,50,7,39,8,0,9,50,10,151,11,227,12,163,13,325,14,0,15,0,16,0,4,36,3,100,2,4229,1,10429,0,0,-1,0,-2,0,-3,0,-4,0,-5,0,-6,0,1005,14794
1773715049,6,4,6,19,7,39,8,10,9,250,10,0,11,527,12,163,13,325,14,0,15,0,16,0,4,36,3,100,2,4229,1,10429,0,0,-1,0,-2,0,-3,0,-4,0,-5,0,-6,0,1333,14794
1773715050,6,4,6,50,7,107,8,0,9,351,10,0,11,527,12,163,13,325,14,0,15,0,16,500,4,36,3,100,2,4229,1,10429,0,0,-1,0,-2,0,-3,0,-4,0,-5,0,-6,0,2023,14794
1773715051,6,4,6,10,7,58,8,201,9,0,10,200,11,527,12,163,13,325,14,0,15,0,16,500,4,36,3,100,2,4229,1,10429,0,0,-1,0,-2,0,-3,0,-4,0,-5,0,-6,0,1984,14794
1773715052,6,4,6,10,7,58,8,201,9,0,10,200,11,527,12,163,13,325,14,0,15,0,16,500,4,36,3,100,2,4229,1,10429,0,0,-1,0,-2,0,-3,0,-4,0,-5,0,-6,0,1984,14794
1773715053,6,4,6,10,7,58,8,201,9,0,10,200,11,527,12,163,13,325,14,0,15,0,16,500,4,36,3,100,2,4229,1,10429,0,0,-1,0,-2,0,-3,0,-4,0,-5,0,-6,0,1984,14794
1773715054,6,4,6,10,7,58,8,201,9,0,10,200,11,527,12,163,13,325,14,0,15,0,16,500,4,36,3,600,2,4229,1,10429,0,0,-1,0,-2,0,-3,0,-4,0,-5,0,-6,0,1984,15294
1773715055,6,4,6,10,7,58,8,201,9,0,10,200,11,527,12,163,13,325,14,0,15,0,16,500,4,36,3,600,2,4229,1,10429,0,0,-1,0,-2,0,-3,0,-4,0,-5,0,-6,0,1984,15294
1773715056,6,4,6,19,7,49,8,201,9,0,10,200,11,527,12,163,13,325,14,0,15,0,16,500,4,36,3,600,2,4229,1,10429,0,0,-1,0,-2,0,-3,0,-4,0,-5,0,-6,0,1984,15294
1773715057,6,4,6,19,7,49,8,201,9,0,10,200,11,527,12,163,13,325,14,0,15,0,16,500,4,36,3,600,2,4229,1,10429,0,0,-1,0,-2,0,-3,0,-4,0,-5,0,-6,0,1984,15294
1773715058,6,4,6,19,7,49,8,201,9,0,10,200,11,527,12,163,13,325,14,0,15,0,16,500,4,36,3,600,2,4229,1,10429,0,0,-1,0,-2,0,-3,0,-4,0,-5,0,-6,0,1984,15294
1773715059,6,4,6,19,7,49,8,50,9,0,10,200,11,527,12,163,13,325,14,0,15,0,16,500,4,36,3,600,2,4229,1,10429,0,0,-1,0,-2,0,-3,0,-4,0,-5,0,-6,0,1833,15294
1773715060,6,4,6,10,7,58,8,0,9,50,10,200,11,527,12,163,13,325,14,0,15,0,16,500,4,36,3,600,2,4229,1,10429,0,0,-1,0,-2,0,-3,0,-4,0,-5,0,-6,0,1833,15294
1773715061,6,4,6,10,7,58,8,50,9,200,10,0,11,527,12,163,13,325,14,0,15,0,16,500,4,36,3,600,2,4229,1,10429,0,0,-1,0,-2,0,-3,0,-4,0,-5,0,-6,0,1833,15294
1773715062,6,4,6,10,7,58,8,50,9,200,10,0,11,527,12,163,13,325,14,0,15,0,16,500,4,36,3,600,2,4229,1,10429,0,0,-1,0,-2,0,-3,0,-4,0,-5,0,-6,0,1833,15294
1773715063,9,4,9,1155,10,23,11,500,12,163,13,0,14,730,15,324,16,500,17,0,18,0,19,0,4,36,3,600,2,4229,1,10429,0,0,-1,0,-2,0,-3,0,-4,0,-5,0,-6,0,3395,15294
1773715064,8,4,8,33,9,686,10,0,11,500,12,163,13,0,14,714,15,324,16,500,17,0,18,0,4,36,3,650,2,4179,1,10429,0,0,-1,0,-2,0,-3,0,-4,0,-5,0,-6,0,2920,15294
1773715065,8,4,8,33,9,686,10,0,11,500,12,163,13,0,14,714,15,324,16,500,17,0,18,0,4,36,3,650,2,4179,1,10429,0,0,-1,0,-2,0,-3,0,-4,0,-5,0,-6,0,2920,15294
1773715066,8,4,8,33,9,686,10,0,11,500,12,163,13,0,14,714,15,324,16,500,17,0,18,0,4,36,3,650,2,4179,1,10429,0,0,-1,0,-2,0,-3,0,-4,0,-5,0,-6,0,2920,15294
1773715067,7,4,7,10,8,47,9,686,10,0,11,500,12,163,13,0,14,714,15,324,16,500,17,0,4,36,3,650,2,4179,1,10429,0,0,-1,0,-2,0,-3,0,-4,0,-5,0,-6,0,2944,15294
1773715068,8,4,8,57,9,686,10,0,11,500,12,163,13,0,14,714,15,324,16,500,17,0,18,0,4,36,3,650,2,4179,1,10429,0,0,-1,0,-2,0,-3,0,-4,0,-5,0,-6,0,2944,15294
1773715069,8,4,8,57,9,686,10,0,11,500,12,163,13,0,14,714,15,324,16,500,17,0,18,0,4,36,3,650,2,4179,1,10429,0,0,-1,0,-2,0,-3,0,-4,0,-5,0,-6,0,2944,15294
1773715070,7,4,7,10,8,47,9,686,10,0,11,500,12,163,13,0,14,714,15,324,16,500,17,0,4,36,3,650,2,4179,1,10429,0,0,-1,0,-2,0,-3,0,-4,0,-5,0,-6,0,2944,15294
1773715071,8,4,8,57,9,686,10,0,11,500,12,163,13,0,14,714,15,324,16,500,17,0,18,0,4,36,3,650,2,4179,1,10429,0,0,-1,0,-2,0,-3,0,-4,0,-5,0,-6,0,2944,15294
1773715072,7,4,7,10,8,47,9,686,10,0,11,500,12,163,13,0,14,714,15,324,16,500,17,0,4,36,3,650,2,4179,1,10429,0,0,-1,0,-2,0,-3,0,-4,0,-5,0,-6,0,2944,15294
1773715073,6,4,6,10,7,151,8,47,9,686,10,0,11,500,12,163,13,0,14,714,15,324,16,500,4,36,3,650,2,4179,1,10429,0,0,-1,0,-2,0,-3,0,-4,0,-5,0,-6,0,3095,15294
1773715074,7,4,7,10,8,47,9,686,10,0,11,500,12,163,13,0,14,714,15,324,16,500,17,0,4,36,3,650,2,4179,1,10429,0,0,-1,0,-2,0,-3,0,-4,0,-5,0,-6,0,2944,15294
1773715075,8,4,8,57,9,686,10,0,11,500,12,163,13,0,14,714,15,324,16,500,17,0,18,0,4,36,3,650,2,4179,1,10429,0,0,-1,0,-2,0,-3,0,-4,0,-5,0,-6,0,2944,15294
1773715076,7,4,7,57,8,151,9,686,10,0,11,500,12,163,13,0,14,714,15,324,16,500,17,0,4,36,3,650,2,4179,1,10429,0,0,-1,0,-2,0,-3,0,-4,0,-5,0,-6,0,3095,15294
1773715077,6,4,6,10,7,0,8,0,9,0,10,0,11,250,12,163,13,0,14,500,15,400,16,0,4,36,3,650,2,4179,1,10429,0,0,-1,0,-2,0,-3,0,-4,0,-5,0,-6,0,1323,15294
1773715078,9,7,9,40,10,0,11,50,12,363,13,0,14,0,15,500,16,210,17,324,18,0,19,0,7,40,6,0,5,0,4,86,3,600,2,4179,1,10679,0,0,-1,0,-2,0,-3,0,1487,15584
1773715079,11,7,11,501,12,363,13,0,14,0,15,0,16,500,17,816,18,0,19,0,20,500,21,0,7,40,6,0,5,50,4,639,3,600,2,4179,1,10679,0,0,-1,0,-2,0,-3,0,2680,16187
1773715080,9,7,9,10,10,151,11,50,12,363,13,0,14,0,15,0,16,500,17,816,18,0,19,0,7,40,6,0,5,100,4,639,3,600,2,4179,1,10679,0,0,-1,0,-2,0,-3,0,1890,16237
1773715081,9,7,9,10,10,151,11,50,12,363,13,0,14,0,15,0,16,500,17,816,18,0,19,0,7,40,6,0,5,0,4,136,3,600,2,4179,1,10679,0,0,-1,0,-2,0,-3,0,1890,15634
1773715082,9,7,9,40,10,151,11,50,12,363,13,0,14,0,15,0,16,500,17,816,18,0,19,0,7,40,6,0,5,100,4,547,3,600,2,4179,1,10679,0,0,-1,0,-2,0,-3,0,1920,16145
1773715083,9,7,9,40,10,151,11,50,12,363,13,0,14,0,15,0,16,500,17,509,18,0,19,0,7,40,6,0,5,0,4,136,3,600,2,4179,1,10679,0,0,-1,0,-2,0,-3,0,1613,15634
1773715084,9,7,9,40,10,151,11,50,12,363,13,0,14,0,15,0,16,500,17,509,18,0,19,0,7,40,6,0,5,100,4,627,3,600,2,4179,1,10679,0,0,-1,0,-2,0,-3,0,1613,16225
1773715085,9,7,9,40,10,151,11,50,12,363,13,0,14,0,15,0,16,500,17,509,18,0,19,0,7,40,6,0,5,100,4,627,3,600,2,4179,1,10679,0,0,-1,0,-2,0,-3,0,1613,16225
1773715086,9,7,9,40,10,151,11,50,12,363,13,0,14,0,15,0,16,713,17,324,18,0,19,0,7,40,6,0,5,100,4,36,3,600,2,4179,1,10679,0,0,-1,0,-2,0,-3,0,1641,15634
1773715087,9,7,9,40,10,151,11,50,12,363,13,0,14,0,15,0,16,500,17,509,18,0,19,0,7,40,6,100,5,151,4,619,3,600,2,4179,1,10679,0,0,-1,0,-2,0,-3,0,1613,16368
1773715088,9,7,9,40,10,151,11,50,12,363,13,0,14,0,15,0,16,500,17,509,18,0,19,0,7,40,6,100,5,151,4,619,3,600,2,4179,1,10679,0,0,-1,0,-2,0,-3,0,1613,16368
1773715089,9,7,9,40,10,151,11,50,12,363,13,0,14,0,15,0,16,500,17,509,18,0,19,0,7,40,6,0,5,100,4,751,3,600,2,4179,1,10679,0,0,-1,0,-2,0,-3,0,1613,16349
1773715090,9,7,9,40,10,151,11,50,12,363,13,0,14,0,15,0,16,500,17,509,18,0,19,0,7,35,6,0,5,100,4,751,3,600,2,4179,1,10679,0,0,-1,0,-2,0,-3,0,1613,16344
1773715091,9,7,9,40,10,151,11,50,12,363,13,0,14,0,15,0,16,500,17,509,18,0,19,0,7,35,6,0,5,100,4,187,3,600,2,4179,1,10679,0,0,-1,0,-2,0,-3,0,1613,15780
1773715092,9,7,9,40,10,151,11,50,12,363,13,0,14,0,15,0,16,500,17,509,18,0,19,0,7,35,6,0,5,100,4,187,3,600,2,4179,1,10679,0,0,-1,0,-2,0,-3,0,1613,15780
1773715093,9,7,9,40,10,151,11,50,12,363,13,0,14,0,15,0,16,500,17,509,18,0,19,0,7,35,6,0,5,100,4,187,3,600,2,4179,1,10679,0,0,-1,0,-2,0,-3,0,1613,15780
1773715094,9,7,9,40,10,151,11,50,12,363,13,0,14,0,15,0,16,500,17,509,18,0,19,0,7,35,6,0,5,100,4,187,3,600,2,4179,1,10679,0,0,-1,0,-2,0,-3,0,1613,15780
1773715095,9,7,9,40,10,151,11,50,12,363,13,0,14,0,15,0,16,500,17,509,18,0,19,0,7,35,6,0,5,100,4,187,3,600,2,4179,1,10679,0,0,-1,0,-2,0,-3,0,1613,15780
1773715096,9,7,9,41,10,151,11,50,12,363,13,0,14,0,15,0,16,500,17,509,18,0,19,0,7,35,6,0,5,100,4,187,3,600,2,4179,1,10679,0,0,-1,0,-2,0,-3,0,1614,15780
1773715097,9,7,9,41,10,151,11,50,12,363,13,0,14,0,15,0,16,500,17,509,18,0,19,0,7,35,6,0,5,100,4,187,3,600,2,4179,1,10679,0,0,-1,0,-2,0,-3,0,1614,15780
1773715098,9,7,9,41,10,151,11,50,12,363,13,0,14,0,15,0,16,500,17,509,18,0,19,0,7,35,6,0,5,100,4,187,3,600,2,4179,1,10679,0,0,-1,0,-2,0,-3,0,1614,15780
1773715099,9,7,9,41,10,151,11,50,12,363,13,0,14,0,15,0,16,500,17,509,18,0,19,0,7,35,6,0,5,100,4,187,3,600,2,4179,1,10679,0,0,-1,0,-2,0,-3,0,1614,15780
1773715100,9,7,9,41,10,151,11,50,12,363,13,0,14,0,15,0,16,500,17,509,18,0,19,0,7,35,6,0,5,100,4,187,3,600,2,4179,1,10679,0,0,-1,0,-2,0,-3,0,1614,15780
1773715101,9,7,9,41,10,151,11,50,12,363,13,0,14,0,15,0,16,500,17,509,18,0,19,0,7,35,6,0,5,100,4,187,3,600,2,4179,1,10679,0,0,-1,0,-2,0,-3,0,1614,15780
1773715102,9,7,9,41,10,151,11,50,12,363,13,0,14,0,15,0,16,500,17,509,18,0,19,0,7,35,6,0,5,100,4,387,3,600,2,4179,1,10679,0,0,-1,0,-2,0,-3,0,1614,15980
1773715103,9,7,9,41,10,151,11,50,12,363,13,0,14,0,15,0,16,500,17,509,18,0,19,0,7,35,6,0,5,100,4,387,3,600,2,4179,1,10679,0,0,-1,0,-2,0,-3,0,1614,15980
1773715104,9,7,9,41,10,151,11,50,12,363,13,0,14,0,15,0,16,500,17,509,18,0,19,0,7,35,6,0,5,100,4,387,3,600,2,4179,1,10679,0,0,-1,0,-2,0,-3,0,1614,15980
1773715105,9,7,9,41,10,151,11,50,12,363,13,0,14,0,15,0,16,500,17,509,18,0,19,0,7,35,6,0,5,100,4,387,3,600,2,3179,1,10679,0,0,-1,0,-2,0,-3,0,1614,14980
1773715106,9,7,9,41,10,151,11,50,12,352,13,0,14,0,15,0,16,500,17,509,18,0,19,0,7,35,6,0,5,100,4,387,3,600,2,3179,1,10679,0,0,-1,0,-2,0,-3,0,1603,14980
1773715107,9,7,9,41,10,151,11,50,12,352,13,0,14,0,15,0,16,500,17,509,18,0,19,0,7,35,6,0,5,100,4,387,3,600,2,3179,1,10679,0,0,-1,0,-2,0,-3,0,1603,14980
1773715108,9,7,9,74,10,151,11,50,12,352,13,0,14,0,15,0,16,500,17,509,18,0,19,0,7,35,6,0,5,100,4,387,3,600,2,3179,1,10679,0,0,-1,0,-2,0,-3,0,1636,14980
1773715109,9,8,9,74,10,151,11,50,12,352,13,0,14,0,15,0,16,500,17,509,18,0,19,0,8,5,7,35,6,0,5,100,4,387,3,600,2,3179,1,10679,0,0,-1,0,-2,0,1636,14985
1773715110,9,8,9,74,10,151,11,50,12,352,13,0,14,0,15,0,16,500,17,509,18,0,19,0,8,5,7,35,6,0,5,100,4,187,3,600,2,3179,1,10679,0,0,-1,0,-2,0,1636,14785
1773715111,9,8,9,74,10,151,11,50,12,352,13,0,14,0,15,0,16,500,17,509,18,0,19,0,8,5,7,35,6,0,5,100,4,387,3,600,2,3179,1,10679,0,0,-1,0,-2,0,1636,14985
1773715112,9,8,9,74,10,151,11,50,12,352,13,0,14,0,15,0,16,500,17,509,18,0,19,0,8,5,7,35,6,0,5,100,4,387,3,600,2,3179,1,10679,0,0,-1,0,-2,0,1636,14985
1773715113,9,8,9,74,10,151,11,50,12,352,13,0,14,0,15,0,16,500,17,509,18,0,19,0,8,5,7,35,6,0,5,100,4,387,3,600,2,3179,1,10679,0,0,-1,0,-2,0,1636,14985
1773715114,9,8,9,74,10,151,11,50,12,352,13,0,14,0,15,0,16,500,17,509,18,0,19,0,8,5,7,35,6,0,5,100,4,387,3,600,2,3179,1,10679,0,0,-1,0,-2,0,1636,14985
1773715115,9,8,9,74,10,151,11,50,12,352,13,0,14,0,15,0,16,500,17,509,18,0,19,0,8,5,7,35,6,0,5,100,4,387,3,600,2,3179,1,10679,0,0,-1,0,-2,0,1636,14985
1773715116,9,8,9,74,10,151,11,50,12,352,13,0,14,0,15,0,16,500,17,509,18,0,19,0,8,5,7,35,6,0,5,100,4,387,3,600,2,3179,1,10679,0,0,-1,0,-2,0,1636,14985
1773715117,9,8,9,74,10,151,11,50,12,352,13,0,14,0,15,0,16,500,17,509,18,0,19,0,8,5,7,35,6,0,5,100,4,387,3,600,2,3179,1,10679,0,0,-1,0,-2,0,1636,14985
1773715118,9,8,9,74,10,151,11,50,12,352,13,0,14,0,15,0,16,500,17,509,18,0,19,0,8,5,7,35,6,0,5,100,4,387,3,600,2,3179,1,10679,0,0,-1,0,-2,0,1636,14985
1773715119,9,8,9,74,10,151,11,50,12,352,13,0,14,0,15,0,16,500,17,509,18,0,19,0,8,5,7,35,6,0,5,100,4,387,3,600,2,3179,1,10679,0,0,-1,0,-2,0,1636,14985
1773715120,9,8,9,74,10,151,11,50,12,352,13,0,14,0,15,0,16,500,17,509,18,0,19,0,8,5,7,35,6,0,5,100,4,187,3,600,2,3179,1,10679,0,0,-1,0,-2,0,1636,14785
1773715121,9,8,9,74,10,151,11,50,12,352,13,0,14,0,15,0,16,500,17,509,18,0,19,0,8,5,7,35,6,0,5,100,4,387,3,600,2,3179,1,10679,0,0,-1,0,-2,0,1636,14985
1773715122,9,8,9,74,10,151,11,50,12,352,13,0,14,0,15,0,16,500,17,509,18,0,19,0,8,5,7,35,6,0,5,100,4,387,3,600,2,3179,1,10679,0,0,-1,0,-2,0,1636,14985
1773715123,9,8,9,74,10,151,11,50,12,352,13,0,14,0,15,0,16,500,17,509,18,0,19,0,8,5,7,35,6,0,5,100,4,387,3,600,2,3179,1,10679,0,0,-1,0,-2,0,1636,14985
1773715124,9,8,9,74,10,151,11,50,12,352,13,0,14,0,15,0,16,856,17,509,18,0,19,0,8,5,7,35,6,0,5,100,4,387,3,600,2,3179,1,10679,0,0,-1,0,-2,0,1992,14985
1773715125,9,8,9,74,10,151,11,50,12,352,13,0,14,0,15,0,16,856,17,509,18,0,19,0,8,5,7,35,6,0,5,100,4,387,3,600,2,3179,1,10679,0,0,-1,0,-2,0,1992,14985
1773715126,9,8,9,74,10,151,11,50,12,352,13,0,14,0,15,0,16,856,17,509,18,0,19,0,8,5,7,35,6,0,5,100,4,387,3,600,2,3179,1,10679,0,0,-1,0,-2,0,1992,14985
1773715127,9,8,9,74,10,151,11,50,12,352,13,0,14,0,15,0,16,856,17,509,18,0,19,0,8,5,7,35,6,0,5,100,4,387,3,600,2,3179,1,10679,0,0,-1,0,-2,0,1992,14985
1773715128,9,8,9,74,10,151,11,50,12,352,13,0,14,0,15,0,16,856,17,509,18,0,19,0,8,5,7,35,6,0,5,100,4,387,3,600,2,3179,1,10679,0,0,-1,0,-2,0,1992,14985
1773715129,9,8,9,74,10,151,11,50,12,352,13,0,14,0,15,0,16,856,17,509,18,0,19,0,8,5,7,35,6,0,5,100,4,387,3,600,2,3179,1,10679,0,0,-1,0,-2,0,1992,14985
1773715130,9,8,9,74,10,151,11,50,12,352,13,0,14,0,15,0,16,856,17,509,18,0,19,0,8,5,7,35,6,0,5,100,4,387,3,600,2,3179,1,10679,0,0,-1,0,-2,0,1992,14985
1773715131,9,8,9,74,10,151,11,50,12,352,13,0,14,0,15,0,16,856,17,509,18,0,19,0,8,5,7,35,6,0,5,100,4,387,3,600,2,3179,1,10679,0,0,-1,0,-2,0,1992,14985
1773715132,9,8,9,74,10,151,11,50,12,352,13,0,14,0,15,0,16,856,17,509,18,0,19,0,8,5,7,35,6,0,5,100,4,387,3,600,2,3179,1,10679,0,0,-1,0,-2,0,1992,14985
1773715133,9,8,9,74,10,151,11,50,12,352,13,0,14,0,15,0,16,856,17,509,18,0,19,0,8,5,7,35,6,0,5,100,4,387,3,600,2,3179,1,10679,0,0,-1,0,-2,0,1992,14985
1773715134,9,8,9,74,10,151,11,50,12,352,13,0,14,0,15,0,16,856,17,509,18,0,19,0,8,5,7,35,6,0,5,100,4,387,3,600,2,3179,1,10679,0,0,-1,0,-2,0,1992,14985
1773715135,9,8,9,74,10,151,11,50,12,352,13,0,14,0,15,0,16,856,17,509,18,0,19,0,8,5,7,35,6,0,5,100,4,387,3,600,2,3179,1,10679,0,0,-1,0,-2,0,1992,14985
1773715136,9,8,9,74,10,151,11,50,12,352,13,0,14,0,15,0,16,856,17,509,18,0,19,0,8,5,7,35,6,0,5,100,4,387,3,600,2,3179,1,10679,0,0,-1,0,-2,0,1992,14985
1773715137,9,8,9,74,10,151,11,50,12,352,13,0,14,0,15,0,16,856,17,509,18,0,19,0,8,5,7,35,6,0,5,100,4,387,3,600,2,3179,1,10679,0,0,-1,0,-2,0,1992,14985
1773715138,9,8,9,74,10,151,11,50,12,352,13,0,14,0,15,500,16,356,17,509,18,0,19,0,8,5,7,35,6,0,5,100,4,387,3,600,2,3179,1,10679,0,0,-1,0,-2,0,1992,14985
1773715139,9,8,9,74,10,151,11,50,12,352,13,0,14,0,15,500,16,356,17,509,18,0,19,0,8,5,7,35,6,0,5,100,4,387,3,600,2,3179,1,10679,0,0,-1,0,-2,0,1992,14985
1773715140,9,8,9,74,10,151,11,50,12,352,13,0,14,0,15,500,16,356,17,509,18,0,19,0,8,5,7,35,6,0,5,100,4,387,3,600,2,3179,1,10679,0,0,-1,0,-2,0,1992,14985
1773715141,9,8,9,74,10,151,11,50,12,352,13,0,14,0,15,500,16,206,17,324,18,0,19,0,8,5,7,35,6,0,5,100,4,387,3,600,2,3179,1,10679,0,0,-1,0,-2,0,1657,14985
1773715142,9,8,9,74,10,151,11,50,12,352,13,0,14,0,15,500,16,433,17,324,18,0,19,0,8,5,7,35,6,0,5,100,4,387,3,600,2,3179,1,10679,0,0,-1,0,-2,0,1884,14985
1773715143,9,8,9,74,10,151,11,50,12,352,13,0,14,0,15,500,16,433,17,324,18,0,19,0,8,5,7,35,6,0,5,100,4,387,3,600,2,3179,1,10679,0,0,-1,0,-2,0,1884,14985
1773715144,9,8,9,74,10,151,11,50,12,352,13,0,14,0,15,500,16,433,17,324,18,0,19,0,8,5,7,35,6,0,5,100,4,387,3,600,2,3179,1,10679,0,0,-1,0,-2,0,1884,14985
1773715145,9,8,9,64,10,151,11,50,12,352,13,0,14,0,15,500,16,433,17,324,18,0,19,0,8,5,7,35,6,0,5,100,4,387,3,600,2,3179,1,10679,0,0,-1,0,-2,0,1874,14985
1773715146,9,8,9,74,10,151,11,50,12,352,13,0,14,0,15,500,16,433,17,324,18,0,19,0,8,5,7,35,6,0,5,100,4,387,3,600,2,3179,1,10679,0,0,-1,0,-2,0,1884,14985
1773715147,9,8,9,74,10,151,11,50,12,352,13,0,14,0,15,500,16,433,17,324,18,0,19,123,8,5,7,35,6,0,5,100,4,387,3,600,2,3179,1,10679,0,0,-1,0,-2,0,2007,14985
1773715148,9,8,9,74,10,151,11,50,12,352,13,0,14,0,15,500,16,433,17,324,18,0,19,123,8,5,7,35,6,0,5,50,4,387,3,600,2,3179,1,10679,0,0,-1,0,-2,0,2007,14935
1773715149,9,8,9,74,10,151,11,50,12,352,13,0,14,0,15,500,16,433,17,324,18,0,19,123,8,5,7,35,6,0,5,50,4,387,3,600,2,3179,1,10679,0,0,-1,0,-2,0,2007,14935
1773715150,9,8,9,74,10,151,11,50,12,352,13,0,14,0,15,500,16,433,17,324,18,0,19,123,8,5,7,35,6,0,5,50,4,187,3,600,2,3179,1,10679,0,0,-1,0,-2,0,2007,14735
1773715151,9,8,9,74,10,151,11,50,12,352,13,0,14,0,15,500,16,433,17,324,18,0,19,123,8,5,7,35,6,0,5,50,4,187,3,600,2,3179,1,10679,0,0,-1,0,-2,0,2007,14735
1773715152,9,8,9,74,10,151,11,50,12,352,13,0,14,0,15,500,16,433,17,324,18,0,19,0,8,5,7,35,6,0,5,50,4,187,3,600,2,3179,1,10679,0,0,-1,0,-2,0,1884,14735
1773715153,9,8,9,74,10,151,11,50,12,352,13,0,14,0,15,500,16,433,17,324,18,0,19,0,8,5,7,35,6,0,5,50,4,187,3,600,2,3179,1,10679,0,0,-1,0,-2,0,1884,14735
1773715154,9,8,9,74,10,201,11,200,12,152,13,0,14,0,15,500,16,608,17,324,18,0,19,0,8,5,7,35,6,0,5,50,4,187,3,600,2,3179,1,10679,0,0,-1,0,-2,0,2059,14735
1773715155,9,8,9,74,10,179,11,200,12,152,13,0,14,0,15,500,16,608,17,324,18,0,19,0,8,5,7,35,6,0,5,50,4,187,3,600,2,3179,1,10679,0,0,-1,0,-2,0,2037,14735
1773715156,9,8,9,74,10,179,11,200,12,152,13,0,14,0,15,500,16,608,17,324,18,0,19,0,8,5,7,35,6,0,5,50,4,187,3,600,2,3179,1,10679,0,0,-1,0,-2,0,2037,14735
1773715157,9,8,9,74,10,179,11,200,12,152,13,0,14,0,15,500,16,608,17,324,18,0,19,0,8,5,7,35,6,0,5,50,4,187,3,600,2,3179,1,10679,0,0,-1,0,-2,0,2037,14735
1773715158,9,8,9,74,10,179,11,200,12,152,13,0,14,0,15,500,16,608,17,324,18,0,19,123,8,5,7,35,6,0,5,50,4,187,3,600,2,3179,1,10679,0,0,-1,0,-2,0,2160,14735
1773715159,9,8,9,74,10,179,11,200,12,152,13,0,14,0,15,500,16,608,17,324,18,0,19,123,8,5,7,35,6,0,5,50,4,187,3,600,2,3179,1,10679,0,0,-1,0,-2,0,2160,14735
1773715160,9,8,9,74,10,179,11,200,12,152,13,0,14,0,15,500,16,608,17,324,18,0,19,123,8,5,7,35,6,0,5,50,4,187,3,600,2,3179,1,10679,0,0,-1,0,-2,0,2160,14735
1773715161,9,8,9,74,10,179,11,200,12,152,13,0,14,0,15,500,16,607,17,324,18,0,19,123,8,3,7,35,6,0,5,50,4,187,3,600,2,3179,1,10679,0,0,-1,0,-2,0,2159,14733
1773715162,9,8,9,74,10,179,11,200,12,152,13,0,14,0,15,500,16,607,17,324,18,0,19,123,8,3,7,35,6,0,5,50,4,187,3,600,2,3179,1,10679,0,0,-1,0,-2,0,2159,14733
1773715163,9,8,9,74,10,179,11,200,12,152,13,0,14,0,15,500,16,607,17,324,18,0,19,123,8,3,7,35,6,0,5,50,4,187,3,600,2,3179,1,10679,0,0,-1,0,-2,0,2159,14733
1773715164,9,8,9,74,10,179,11,200,12,152,13,0,14,0,15,500,16,607,17,324,18,0,19,123,8,3,7,35,6,0,5,50,4,187,3,600,2,3179,1,10679,0,0,-1,0,-2,0,2159,14733
1773715165,9,8,9,74,10,179,11,200,12,152,13,0,14,0,15,500,16,607,17,324,18,0,19,123,8,3,7,35,6,0,5,50,4,187,3,600,2,3179,1,10679,0,0,-1,0,-2,0,2159,14733
1773715166,9,8,9,74,10,179,11,200,12,152,13,0,14,0,15,500,16,607,17,324,18,0,19,123,8,3,7,35,6,0,5,50,4,187,3,600,2,3179,1,10679,0,0,-1,0,-2,0,2159,14733
1773715167,9,8,9,74,10,179,11,200,12,152,13,0,14,0,15,500,16,607,17,324,18,0,19,123,8,3,7,35,6,0,5,50,4,187,3,600,2,3179,1,10679,0,0,-1,0,-2,0,2159,14733
1773715168,9,8,9,74,10,179,11,200,12,152,13,0,14,0,15,500,16,607,17,324,18,0,19,123,8,3,7,35,6,0,5,50,4,187,3,600,2,3179,1,10679,0,0,-1,0,-2,0,2159,14733
1773715169,9,8,9,74,10,179,11,200,12,152,13,0,14,0,15,500,16,607,17,324,18,0,19,123,8,3,7,35,6,0,5,50,4,187,3,600,2,3179,1,10679,0,0,-1,0,-2,0,2159,14733
1773715170,9,8,9,74,10,179,11,200,12,152,13,0,14,0,15,500,16,607,17,324,18,0,19,123,8,3,7,35,6,0,5,50,4,187,3,600,2,3179,1,10679,0,0,-1,0,-2,0,2159,14733
1773715171,9,8,9,74,10,179,11,200,12,152,13,0,14,0,15,500,16,607,17,324,18,0,19,123,8,3,7,35,6,0,5,50,4,187,3,600,2,3179,1,10679,0,0,-1,0,-2,0,2159,14733
1773715172,9,8,9,74,10,179,11,200,12,152,13,0,14,0,15,500,16,607,17,324,18,0,19,123,8,3,7,35,6,0,5,50,4,187,3,600,2,3179,1,10679,0,0,-1,0,-2,0,2159,14733
1773715173,9,8,9,74,10,179,11,200,12,152,13,0,14,0,15,500,16,607,17,324,18,0,19,123,8,3,7,35,6,0,5,50,4,187,3,600,2,3179,1,10679,0,0,-1,0,-2,0,2159,14733
1773715174,9,8,9,74,10,179,11,200,12,152,13,0,14,0,15,500,16,607,17,324,18,0,19,123,8,3,7,35,6,0,5,50,4,187,3,600,2,3179,1,10679,0,0,-1,0,-2,0,2159,14733
1773715175,9,8,9,74,10,179,11,200,12,152,13,0,14,0,15,500,16,607,17,324,18,0,19,123,8,3,7,35,6,0,5,50,4,187,3,600,2,3179,1,10679,0,0,-1,0,-2,0,2159,14733
1773715176,9,8,9,74,10,179,11,200,12,152,13,0,14,0,15,500,16,607,17,324,18,0,19,123,8,3,7,35,6,0,5,50,4,187,3,600,2,3179,1,10679,0,0,-1,0,-2,0,2159,14733
1773715177,9,8,9,74,10,179,11,200,12,152,13,0,14,0,15,500,16,607,17,324,18,0,19,123,8,3,7,35,6,0,5,50,4,187,3,600,2,3179,1,10679,0,0,-1,0,-2,0,2159,14733
1773715178,9,8,9,74,10,179,11,200,12,152,13,0,14,0,15,500,16,607,17,324,18,0,19,123,8,3,7,35,6,0,5,50,4,187,3,600,2,3179,1,10679,0,0,-1,0,-2,0,2159,14733
1773715179,9,8,9,74,10,179,11,200,12,152,13,0,14,0,15,500,16,607,17,324,18,0,19,123,8,3,7,35,6,0,5,50,4,187,3,600,2,3179,1,10679,0,0,-1,0,-2,0,2159,14733
1773715180,9,8,9,74,10,179,11,200,12,152,13,0,14,0,15,500,16,607,17,324,18,0,19,123,8,3,7,35,6,0,5,50,4,187,3,600,2,3179,1,10679,0,0,-1,0,-2,0,2159,14733
1773715181,9,8,9,74,10,179,11,200,12,152,13,0,14,0,15,500,16,607,17,324,18,0,19,123,8,3,7,35,6,0,5,50,4,187,3,600,2,3179,1,10679,0,0,-1,0,-2,0,2159,14733
1773715182,9,8,9,74,10,179,11,200,12,152,13,0,14,0,15,500,16,607,17,324,18,0,19,123,8,3,7,35,6,0,5,50,4,187,3,600,2,3179,1,10679,0,0,-1,0,-2,0,2159,14733
1773715183,9,7,9,74,10,179,11,200,12,152,13,0,14,0,15,500,16,607,17,324,18,0,19,123,7,22,6,0,5,50,4,187,3,600,2,3179,1,10679,0,0,-1,0,-2,0,-3,0,2159,14717
1773715184,9,7,9,74,10,179,11,200,12,152,13,0,14,0,15,500,16,607,17,324,18,0,19,123,7,22,6,0,5,50,4,187,3,600,2,3179,1,10679,0,0,-1,0,-2,0,-3,0,2159,14717
1773715185,9,7,9,74,10,151,11,200,12,152,13,0,14,0,15,500,16,607,17,324,18,0,19,123,7,22,6,0,5,40,4,187,3,600,2,3179,1,10687,0,0,-1,0,-2,0,-3,0,2131,14715
1773715186,9,7,9,74,10,151,11,200,12,152,13,0,14,0,15,500,16,607,17,324,18,0,19,123,7,22,6,0,5,40,4,187,3,600,2,3179,1,10679,0,0,-1,0,-2,0,-3,0,2131,14707
1773715187,9,7,9,74,10,151,11,200,12,152,13,0,14,0,15,500,16,607,17,324,18,0,19,123,7,22,6,0,5,40,4,187,3,600,2,3179,1,10679,0,0,-1,0,-2,0,-3,0,2131,14707
1773715188,9,7,9,74,10,151,11,200,12,152,13,0,14,0,15,500,16,607,17,324,18,0,19,123,7,22,6,0,5,40,4,187,3,600,2,3179,1,10679,0,0,-1,0,-2,0,-3,0,2131,14707
1773715189,9,7,9,74,10,151,11,200,12,152,13,0,14,0,15,500,16,607,17,324,18,0,19,123,7,22,6,0,5,40,4,187,3,600,2,3179,1,10679,0,0,-1,0,-2,0,-3,0,2131,14707
1773715190,9,7,9,74,10,151,11,200,12,152,13,0,14,0,15,500,16,607,17,324,18,0,19,123,7,22,6,0,5,40,4,187,3,600,2,3179,1,10679,0,0,-1,0,-2,0,-3,0,2131,14707
1773715191,9,7,9,74,10,151,11,200,12,152,13,0,14,0,15,500,16,607,17,324,18,0,19,123,7,22,6,0,5,40,4,187,3,600,2,3179,1,10679,0,0,-1,0,-2,0,-3,0,2131,14707
1773715192,9,7,9,74,10,151,11,200,12,152,13,0,14,0,15,500,16,607,17,324,18,0,19,123,7,22,6,0,5,40,4,187,3,600,2,3179,1,10679,0,0,-1,0,-2,0,-3,0,2131,14707
1773715193,9,7,9,74,10,151,11,200,12,152,13,0,14,0,15,500,16,607,17,324,18,0,19,123,7,22,6,0,5,40,4,187,3,600,2,3179,1,10679,0,0,-1,0,-2,0,-3,0,2131,14707
1773715194,9,7,9,74,10,151,11,200,12,152,13,0,14,0,15,500,16,607,17,324,18,0,19,123,7,22,6,0,5,40,4,187,3,600,2,3179,1,10679,0,0,-1,0,-2,0,-3,0,2131,14707
1773715195,9,7,9,74,10,151,11,200,12,152,13,0,14,0,15,500,16,607,17,324,18,0,19,123,7,22,6,0,5,40,4,187,3,600,2,3179,1,10679,0,0,-1,0,-2,0,-3,0,2131,14707
1773715196,9,7,9,74,10,151,11,200,12,152,13,0,14,0,15,500,16,607,17,324,18,0,19,123,7,22,6,0,5,40,4,187,3,600,2,3179,1,10679,0,0,-1,0,-2,0,-3,0,2131,14707
1773715197,9,7,9,74,10,151,11,200,12,152,13,0,14,0,15,500,16,607,17,324,18,0,19,123,7,22,6,0,5,40,4,187,3,600,2,3179,1,10679,0,0,-1,0,-2,0,-3,0,2131,14707
1773715198,9,7,9,74,10,151,11,200,12,152,13,0,14,0,15,500,16,607,17,324,18,0,19,123,7,22,6,0,5,40,4,187,3,600,2,3179,1,10679,0,0,-1,0,-2,0,-3,0,2131,14707
1773715199,9,7,9,74,10,151,11,200,12,152,13,0,14,0,15,500,16,607,17,324,18,0,19,123,7,22,6,0,5,40,4,187,3,600,2,3179,1,10679,0,0,-1,0,-2,0,-3,0,2131,14707
1773715200,9,7,9,74,10,151,11,200,12,152,13,0,14,0,15,500,16,607,17,324,18,0,19,123,7,22,6,0,5,40,4,187,3,600,2,3179,1,10679,0,0,-1,0,-2,0,-3,0,2131,14707
1773715201,9,7,9,74,10,151,11,200,12,152,13,0,14,0,15,500,16,607,17,324,18,0,19,123,7,22,6,0,5,40,4,187,3,600,2,3179,1,10679,0,0,-1,0,-2,0,-3,0,2131,14707
1773715202,9,7,9,74,10,151,11,200,12,152,13,0,14,0,15,500,16,607,17,324,18,0,19,123,7,22,6,0,5,40,4,187,3,600,2,3179,1,10679,0,0,-1,0,-2,0,-3,0,2131,14707
1773715203,9,7,9,74,10,151,11,200,12,152,13,0,14,0,15,500,16,607,17,324,18,0,19,123,7,22,6,0,5,40,4,187,3,600,2,3179,1,10679,0,0,-1,0,-2,0,-3,0,2131,14707
1773715204,9,7,9,74,10,151,11,200,12,152,13,0,14,0,15,500,16,607,17,324,18,0,19,123,7,22,6,0,5,40,4,187,3,600,2,3179,1,10679,0,0,-1,0,-2,0,-3,0,2131,14707
1773715205,9,7,9,74,10,151,11,200,12,152,13,0,14,0,15,500,16,604,17,324,18,0,19,123,7,22,6,0,5,40,4,187,3,600,2,3179,1,10679,0,0,-1,0,-2,0,-3,0,2128,14707
1773715206,9,7,9,74,10,151,11,200,12,152,13,0,14,0,15,500,16,604,17,324,18,0,19,123,7,22,6,0,5,40,4,187,3,600,2,3179,1,10679,0,0,-1,0,-2,0,-3,0,2128,14707
1773715207,9,7,9,74,10,151,11,200,12,152,13,0,14,0,15,500,16,604,17,324,18,0,19,123,7,22,6,0,5,40,4,187,3,600,2,3179,1,10679,0,0,-1,0,-2,0,-3,0,2128,14707
1773715208,9,7,9,74,10,151,11,200,12,152,13,0,14,0,15,500,16,604,17,324,18,0,19,123,7,17,6,0,5,40,4,187,3,600,2,3179,1,10679,0,0,-1,0,-2,0,-3,0,2128,14702
1773715209,9,7,9,74,10,151,11,200,12,152,13,0,14,0,15,500,16,604,17,324,18,0,19,123,7,17,6,0,5,40,4,187,3,600,2,3179,1,10679,0,0,-1,0,-2,0,-3,0,2128,14702
1773715210,9,7,9,74,10,151,11,200,12,152,13,0,14,0,15,500,16,604,17,324,18,0,19,123,7,17,6,0,5,40,4,187,3,600,2,3179,1,10679,0,0,-1,0,-2,0,-3,0,2128,14702
1773715211,9,7,9,69,10,151,11,200,12,152,13,0,14,0,15,500,16,604,17,324,18,0,19,123,7,17,6,0,5,40,4,187,3,600,2,3179,1,10679,0,0,-1,0,-2,0,-3,0,2123,14702
1773715212,9,7,9,69,10,151,11,200,12,152,13,0,14,0,15,500,16,604,17,324,18,0,19,123,7,17,6,0,5,40,4,187,3,600,2,3179,1,10679,0,0,-1,0,-2,0,-3,0,2123,14702
1773715213,9,7,9,74,10,151,11,200,12,152,13,0,14,0,15,500,16,604,17,324,18,0,19,123,7,17,6,0,5,40,4,187,3,600,2,3179,1,10679,0,0,-1,0,-2,0,-3,0,2128,14702
1773715214,9,7,9,74,10,151,11,200,12,152,13,0,14,0,15,500,16,429,17,324,18,0,19,123,7,17,6,0,5,40,4,187,3,600,2,3179,1,10679,0,0,-1,0,-2,0,-3,0,1953,14702
1773715215,9,7,9,74,10,151,11,200,12,152,13,0,14,0,15,500,16,429,17,324,18,0,19,123,7,17,6,0,5,40,4,187,3,600,2,3179,1,10679,0,0,-1,0,-2,0,-3,0,1953,14702
1773715216,9,7,9,74,10,151,11,200,12,152,13,0,14,0,15,500,16,429,17,324,18,0,19,123,7,17,6,0,5,40,4,187,3,600,2,3179,1,10679,0,0,-1,0,-2,0,-3,0,1953,14702
1773715217,9,7,9,74,10,151,11,200,12,152,13,0,14,0,15,500,16,429,17,324,18,0,19,123,7,17,6,0,5,40,4,187,3,600,2,3179,1,10679,0,0,-1,0,-2,0,-3,0,1953,14702
1773715218,9,7,9,74,10,151,11,200,12,152,13,0,14,0,15,500,16,429,17,324,18,0,19,123,7,17,6,0,5,40,4,187,3,600,2,3179,1,10679,0,0,-1,0,-2,0,-3,0,1953,14702
1773715219,9,7,9,74,10,151,11,200,12,152,13,0,14,0,15,500,16,429,17,324,18,0,19,123,7,17,6,0,5,40,4,187,3,600,2,3179,1,10679,0,0,-1,0,-2,0,-3,0,1953,14702
1773715220,9,7,9,74,10,151,11,200,12,152,13,0,14,0,15,500,16,429,17,324,18,0,19,123,7,17,6,0,5,40,4,187,3,600,2,3179,1,10679,0,0,-1,0,-2,0,-3,0,1953,14702
1773715221,9,7,9,74,10,151,11,200,12,152,13,0,14,0,15,500,16,429,17,324,18,0,19,123,7,17,6,0,5,40,4,187,3,600,2,3179,1,10679,0,0,-1,0,-2,0,-3,0,1953,14702
1773715222,9,7,9,74,10,151,11,200,12,152,13,0,14,0,15,500,16,429,17,324,18,0,19,123,7,17,6,0,5,40,4,187,3,600,2,3179,1,10679,0,0,-1,0,-2,0,-3,0,1953,14702
1773715223,9,7,9,74,10,151,11,200,12,152,13,0,14,0,15,500,16,429,17,324,18,0,19,123,7,17,6,0,5,40,4,187,3,600,2,3179,1,10679,0,0,-1,0,-2,0,-3,0,1953,14702
1773715224,9,7,9,74,10,151,11,200,12,152,13,0,14,0,15,500,16,429,17,324,18,0,19,123,7,17,6,0,5,40,4,187,3,600,2,3179,1,10679,0,0,-1,0,-2,0,-3,0,1953,14702
1773715225,8,5,8,20,9,45,10,151,11,200,12,152,13,0,14,500,15,141,16,203,17,324,18,0,5,1,4,187,3,600,2,3179,1,10429,0,0,-1,0,-2,0,-3,0,-4,0,-5,0,1736,14396
1773715226,8,5,8,20,9,45,10,151,11,200,12,152,13,0,14,0,15,500,16,430,17,324,18,0,5,31,4,187,3,600,2,3791,1,10429,0,0,-1,0,-2,0,-3,0,-4,0,-5,0,1822,15038
1773715227,8,5,8,20,9,45,10,151,11,200,12,152,13,0,14,0,15,500,16,430,17,324,18,0,5,31,4,187,3,600,2,3791,1,10429,0,0,-1,0,-2,0,-3,0,-4,0,-5,0,1822,15038
1773715228,8,5,8,20,9,45,10,151,11,200,12,152,13,0,14,0,15,500,16,430,17,324,18,0,5,31,4,187,3,600,2,3703,1,10429,0,0,-1,0,-2,0,-3,0,-4,0,-5,0,1822,14950
1773715229,8,5,8,20,9,45,10,151,11,200,12,152,13,0,14,0,15,500,16,430,17,324,18,0,5,31,4,187,3,600,2,3703,1,10429,0,0,-1,0,-2,0,-3,0,-4,0,-5,0,1822,14950
1773715230,8,5,8,20,9,45,10,151,11,200,12,152,13,0,14,0,15,500,16,430,17,324,18,0,5,31,4,187,3,600,2,3179,1,10429,0,0,-1,0,-2,0,-3,0,-4,0,-5,0,1822,14426
1773715231,8,3,8,10,9,54,10,1,11,200,12,152,13,0,14,0,15,500,16,429,17,324,18,0,3,388,2,3757,1,10677,0,0,-1,0,-2,0,-3,0,-4,0,-5,0,-6,0,-7,0,1670,14822
1773715232,7,4,7,10,8,151,9,54,10,50,11,200,12,152,13,0,14,0,15,320,16,295,17,0,4,96,3,588,2,3757,1,10429,0,0,-1,0,-2,0,-3,0,-4,0,-5,0,-6,0,1232,14870
1773715233,7,4,7,10,8,151,9,54,10,50,11,200,12,152,13,0,14,0,15,466,16,188,17,0,4,96,3,588,2,3179,1,10429,0,0,-1,0,-2,0,-3,0,-4,0,-5,0,-6,0,1271,14292
1773715234,7,4,7,10,8,151,9,54,10,50,11,200,12,152,13,0,14,0,15,466,16,188,17,0,4,96,3,588,2,3179,1,10943,0,0,-1,0,-2,0,-3,0,-4,0,-5,0,-6,0,1271,14806
1773715235,6,4,6,10,7,0,8,0,9,81,10,50,11,200,12,152,13,0,14,49,15,466,16,0,4,36,3,438,2,3179,1,10429,0,0,-1,0,-2,0,-3,0,-4,0,-5,0,-6,0,1008,14082
1773715236,7,4,7,60,8,0,9,54,10,0,11,200,12,152,13,0,14,0,15,1036,16,0,17,0,4,36,3,438,2,3179,1,11018,0,0,-1,0,-2,0,-3,0,-4,0,-5,0,-6,0,1502,14671
1773715237,7,4,7,40,8,0,9,44,10,50,11,200,12,152,13,0,14,42,15,320,16,0,17,0,4,36,3,438,2,3179,1,11018,0,0,-1,0,-2,0,-3,0,-4,0,-5,0,-6,0,848,14671
1773715238,7,4,7,40,8,0,9,44,10,50,11,200,12,152,13,0,14,0,15,536,16,0,17,0,4,36,3,438,2,3179,1,10429,0,0,-1,0,-2,0,-3,0,-4,0,-5,0,-6,0,1022,14082
1773715239,7,4,7,40,8,0,9,44,10,50,11,200,12,152,13,0,14,0,15,536,16,0,17,0,4,36,3,438,2,3179,1,11010,0,0,-1,0,-2,0,-3,0,-4,0,-5,0,-6,0,1022,14663
1773715240,7,4,7,40,8,0,9,44,10,50,11,200,12,152,13,0,14,0,15,536,16,0,17,0,4,36,3,438,2,3179,1,11010,0,0,-1,0,-2,0,-3,0,-4,0,-5,0,-6,0,1022,14663
1773715241,8,4,8,10,9,74,10,50,11,200,12,152,13,0,14,0,15,536,16,0,17,0,18,0,4,36,3,438,2,3179,1,11033,0,0,-1,0,-2,0,-3,0,-4,0,-5,0,-6,0,1022,14686
1773715242,8,4,8,10,9,74,10,50,11,200,12,152,13,0,14,0,15,536,16,0,17,0,18,0,4,36,3,438,2,3179,1,11033,0,0,-1,0,-2,0,-3,0,-4,0,-5,0,-6,0,1022,14686
1773715243,8,4,8,10,9,74,10,50,11,200,12,152,13,0,14,0,15,536,16,0,17,0,18,0,4,36,3,438,2,3179,1,10429,0,0,-1,0,-2,0,-3,0,-4,0,-5,0,-6,0,1022,14082
1773715244,8,4,8,10,9,74,10,50,11,200,12,152,13,0,14,0,15,452,16,189,17,0,18,0,4,36,3,438,2,3179,1,10994,0,0,-1,0,-2,0,-3,0,-4,0,-5,0,-6,0,1127,14647
1773715245,8,4,8,50,9,34,10,50,11,200,12,152,13,0,14,0,15,501,16,0,17,0,18,0,4,36,3,438,2,3179,1,10994,0,0,-1,0,-2,0,-3,0,-4,0,-5,0,-6,0,987,14647
1773715246,8,4,8,40,9,44,10,50,11,200,12,152,13,0,14,0,15,501,16,0,17,0,18,0,4,36,3,488,2,3179,1,10429,0,0,-1,0,-2,0,-3,0,-4,0,-5,0,-6,0,987,14132
1773715247,8,4,8,40,9,44,10,250,11,0,12,152,13,0,14,0,15,501,16,0,17,0,18,0,4,36,3,488,2,3179,1,10429,0,0,-1,0,-2,0,-3,0,-4,0,-5,0,-6,0,987,14132
1773715248,8,4,8,50,9,84,10,0,11,200,12,152,13,0,14,0,15,495,16,0,17,0,18,0,4,336,3,488,2,2879,1,10429,0,0,-1,0,-2,0,-3,0,-4,0,-5,0,-6,0,981,14132
1773715249,8,4,8,50,9,84,10,200,11,0,12,152,13,0,14,0,15,495,16,0,17,0,18,0,4,336,3,488,2,2879,1,10429,0,0,-1,0,-2,0,-3,0,-4,0,-5,0,-6,0,981,14132
1773715250,7,4,7,10,8,40,9,84,10,0,11,200,12,152,13,0,14,0,15,495,16,0,17,0,4,336,3,488,2,2879,1,10429,0,0,-1,0,-2,0,-3,0,-4,0,-5,0,-6,0,981,14132
1773715251,7,4,7,10,8,40,9,84,10,0,11,200,12,152,13,0,14,0,15,495,16,0,17,0,4,336,3,488,2,2879,1,10429,0,0,-1,0,-2,0,-3,0,-4,0,-5,0,-6,0,981,14132
1773715252,8,4,8,40,9,11,10,50,11,200,12,152,13,0,14,0,15,495,16,0,17,0,18,0,4,336,3,488,2,2879,1,10429,0,0,-1,0,-2,0,-3,0,-4,0,-5,0,-6,0,948,14132
1773715253,8,4,8,83,9,1,10,250,11,0,12,152,13,0,14,0,15,495,16,0,17,0,18,0,4,336,3,488,2,2879,1,10429,0,0,-1,0,-2,0,-3,0,-4,0,-5,0,-6,0,981,14132
1773715254,6,4,6,10,7,50,8,73,9,1,10,50,11,200,12,152,13,0,14,0,15,495,16,0,4,336,3,538,2,2879,1,10429,0,0,-1,0,-2,0,-3,0,-4,0,-5,0,-6,0,1031,14182
1773715255,6,4,6,50,7,50,8,33,9,51,10,0,11,200,12,152,13,0,14,682,15,320,16,0,4,336,3,488,2,2879,1,10429,0,0,-1,0,-2,0,-3,0,-4,0,-5,0,-6,0,1538,14132
1773715256,6,4,6,50,7,50,8,33,9,1,10,50,11,200,12,152,13,0,14,906,15,320,16,0,4,336,3,538,2,2879,1,10429,0,0,-1,0,-2,0,-3,0,-4,0,-5,0,-6,0,1762,14182
1773715257,6,4,6,50,7,50,8,33,9,1,10,250,11,0,12,152,13,0,14,906,15,320,16,0,4,336,3,488,2,2879,1,10429,0,0,-1,0,-2,0,-3,0,-4,0,-5,0,-6,0,1762,14132
1773715258,6,4,6,50,7,50,8,33,9,1,10,250,11,0,12,152,13,0,14,906,15,320,16,0,4,336,3,488,2,2879,1,10429,0,0,-1,0,-2,0,-3,0,-4,0,-5,0,-6,0,1762,14132
1773715259,6,4,6,50,7,50,8,33,9,51,10,0,11,200,12,152,13,0,14,906,15,320,16,0,4,336,3,488,2,2879,1,10429,0,0,-1,0,-2,0,-3,0,-4,0,-5,0,-6,0,1762,14132
1773715260,6,4,6,50,7,50,8,33,9,1,10,50,11,200,12,152,13,0,14,906,15,320,16,0,4,336,3,488,2,2879,1,10429,0,0,-1,0,-2,0,-3,0,-4,0,-5,0,-6,0,1762,14132
1773715261,6,4,6,50,7,50,8,33,9,51,10,0,11,200,12,152,13,0,14,906,15,320,16,0,4,336,3,488,2,2879,1,10429,0,0,-1,0,-2,0,-3,0,-4,0,-5,0,-6,0,1762,14132
1773715262,6,4,6,50,7,50,8,33,9,51,10,0,11,200,12,152,13,0,14,906,15,320,16,0,4,336,3,488,2,2879,1,10429,0,0,-1,0,-2,0,-3,0,-4,0,-5,0,-6,0,1762,14132
1773715263,6,4,6,100,7,0,8,33,9,51,10,0,11,200,12,152,13,0,14,906,15,320,16,0,4,336,3,488,2,2879,1,10429,0,0,-1,0,-2,0,-3,0,-4,0,-5,0,-6,0,1762,14132
1773715264,6,4,6,100,7,0,8,33,9,1,10,250,11,0,12,152,13,0,14,906,15,320,16,0,4,336,3,488,2,2879,1,10429,0,0,-1,0,-2,0,-3,0,-4,0,-5,0,-6,0,1762,14132
1773715265,6,4,6,100,7,0,8,33,9,1,10,250,11,0,12,152,13,0,14,906,15,320,16,0,4,336,3,488,2,2879,1,10429,0,0,-1,0,-2,0,-3,0,-4,0,-5,0,-6,0,1762,14132
1773715266,6,4,6,100,7,0,8,33,9,51,10,0,11,200,12,152,13,0,14,906,15,320,16,0,4,336,3,488,2,2879,1,10429,0,0,-1,0,-2,0,-3,0,-4,0,-5,0,-6,0,1762,14132
1773715267,6,4,6,100,7,0,8,33,9,51,10,0,11,200,12,152,13,0,14,906,15,320,16,0,4,336,3,488,2,2879,1,10429,0,0,-1,0,-2,0,-3,0,-4,0,-5,0,-6,0,1762,14132
1773715268,6,4,6,100,7,0,8,33,9,51,10,0,11,200,12,152,13,0,14,906,15,320,16,0,4,336,3,488,2,2879,1,10429,0,0,-1,0,-2,0,-3,0,-4,0,-5,0,-6,0,1762,14132
1773715269,6,4,6,100,7,0,8,33,9,1,10,250,11,0,12,152,13,0,14,906,15,320,16,0,4,336,3,488,2,2879,1,10429,0,0,-1,0,-2,0,-3,0,-4,0,-5,0,-6,0,1762,14132
1773715270,6,4,6,100,7,0,8,33,9,1,10,250,11,0,12,152,13,0,14,906,15,320,16,0,4,336,3,488,2,2879,1,10429,0,0,-1,0,-2,0,-3,0,-4,0,-5,0,-6,0,1762,14132
1773715271,6,4,6,100,7,0,8,33,9,51,10,0,11,200,12,152,13,0,14,906,15,320,16,0,4,336,3,488,2,2879,1,10429,0,0,-1,0,-2,0,-3,0,-4,0,-5,0,-6,0,1762,14132
1773715272,6,4,6,100,7,0,8,33,9,51,10,151,11,200,12,152,13,0,14,906,15,320,16,0,4,336,3,488,2,2879,1,10429,0,0,-1,0,-2,0,-3,0,-4,0,-5,0,-6,0,1913,14132
1773715273,6,4,6,100,7,0,8,33,9,51,10,351,11,0,12,152,13,0,14,906,15,320,16,0,4,336,3,488,2,2879,1,10429,0,0,-1,0,-2,0,-3,0,-4,0,-5,0,-6,0,1913,14132
1773715274,6,4,6,100,7,0,8,33,9,51,10,351,11,0,12,152,13,0,14,906,15,320,16,0,4,336,3,488,2,2879,1,10429,0,0,-1,0,-2,0,-3,0,-4,0,-5,0,-6,0,1913,14132
1773715275,6,4,6,100,7,0,8,33,9,51,10,351,11,0,12,152,13,0,14,906,15,320,16,0,4,336,3,488,2,2879,1,10429,0,0,-1,0,-2,0,-3,0,-4,0,-5,0,-6,0,1913,14132
1773715276,6,4,6,100,7,0,8,33,9,51,10,351,11,0,12,152,13,0,14,906,15,320,16,0,4,336,3,488,2,2879,1,10429,0,0,-1,0,-2,0,-3,0,-4,0,-5,0,-6,0,1913,14132
1773715277,6,4,6,100,7,0,8,33,9,51,10,351,11,0,12,152,13,0,14,906,15,320,16,0,4,336,3,488,2,2879,1,10429,0,0,-1,0,-2,0,-3,0,-4,0,-5,0,-6,0,1913,14132
1773715278,6,4,6,100,7,0,8,33,9,51,10,351,11,0,12,152,13,0,14,406,15,320,16,0,4,336,3,488,2,2879,1,10429,0,0,-1,0,-2,0,-3,0,-4,0,-5,0,-6,0,1413,14132
1773715279,10,4,10,500,11,0,12,152,13,0,14,500,15,495,16,0,17,0,18,0,19,126,20,500,4,336,3,488,2,2879,1,10429,0,0,-1,0,-2,0,-3,0,-4,0,-5,0,-6,0,2273,14132
1773715280,8,5,8,10,9,50,10,450,11,0,12,152,13,0,14,500,15,495,16,0,17,0,18,0,5,10,4,436,3,388,2,2879,1,10429,0,0,-1,0,-2,0,-3,0,-4,0,-5,0,1657,14142
1773715281,7,5,7,40,8,151,9,50,10,450,11,0,12,152,13,0,14,500,15,495,16,0,17,0,5,10,4,436,3,388,2,3466,1,10429,0,0,-1,0,-2,0,-3,0,-4,0,-5,0,1838,14729
1773715282,7,5,7,40,8,151,9,50,10,450,11,0,12,152,13,0,14,500,15,495,16,0,17,0,5,10,4,436,3,388,2,3466,1,10429,0,0,-1,0,-2,0,-3,0,-4,0,-5,0,1838,14729
1773715283,7,5,7,40,8,151,9,50,10,450,11,0,12,152,13,0,14,500,15,495,16,0,17,0,5,10,4,436,3,388,2,2879,1,10429,0,0,-1,0,-2,0,-3,0,-4,0,-5,0,1838,14142
1773715284,7,5,7,40,8,151,9,50,10,450,11,0,12,152,13,0,14,500,15,495,16,0,17,0,5,10,4,436,3,388,2,3385,1,10429,0,0,-1,0,-2,0,-3,0,-4,0,-5,0,1838,14648
1773715285,7,5,7,40,8,151,9,50,10,450,11,0,12,152,13,0,14,500,15,495,16,0,17,0,5,10,4,436,3,388,2,3385,1,10429,0,0,-1,0,-2,0,-3,0,-4,0,-5,0,1838,14648
1773715286,7,5,7,40,8,151,9,50,10,450,11,0,12,152,13,0,14,500,15,495,16,0,17,0,5,10,4,436,3,388,2,2879,1,10429,0,0,-1,0,-2,0,-3,0,-4,0,-5,0,1838,14142
1773715287,7,5,7,40,8,151,9,50,10,450,11,0,12,152,13,0,14,500,15,495,16,0,17,0,5,10,4,436,3,388,2,3396,1,10429,0,0,-1,0,-2,0,-3,0,-4,0,-5,0,1838,14659
1773715288,7,5,7,40,8,151,9,50,10,450,11,0,12,152,13,0,14,500,15,495,16,0,17,0,5,10,4,436,3,388,2,3396,1,10429,0,0,-1,0,-2,0,-3,0,-4,0,-5,0,1838,14659
1773715289,7,5,7,40,8,151,9,50,10,450,11,0,12,152,13,0,14,500,15,495,16,0,17,0,5,10,4,436,3,388,2,3470,1,10429,0,0,-1,0,-2,0,-3,0,-4,0,-5,0,1838,14733
1773715290,7,5,7,40,8,151,9,50,10,450,11,0,12,152,13,0,14,500,15,495,16,0,17,0,5,10,4,436,3,388,2,3470,1,10429,0,0,-1,0,-2,0,-3,0,-4,0,-5,0,1838,14733
1773715291,7,5,7,40,8,151,9,50,10,450,11,0,12,152,13,0,14,500,15,530,16,0,17,0,5,10,4,436,3,388,2,2879,1,10429,0,0,-1,0,-2,0,-3,0,-4,0,-5,0,1873,14142
1773715292,7,5,7,40,8,151,9,50,10,450,11,0,12,152,13,0,14,500,15,530,16,0,17,0,5,10,4,436,3,388,2,3421,1,10429,0,0,-1,0,-2,0,-3,0,-4,0,-5,0,1873,14684
1773715293,7,5,7,40,8,151,9,50,10,450,11,0,12,152,13,0,14,500,15,530,16,0,17,0,5,10,4,436,3,388,2,3421,1,10429,0,0,-1,0,-2,0,-3,0,-4,0,-5,0,1873,14684
1773715294,8,5,8,10,9,100,10,450,11,0,12,152,13,0,14,871,15,495,16,0,17,0,18,0,5,10,4,436,3,388,2,2879,1,10953,0,0,-1,0,-2,0,-3,0,-4,0,-5,0,2078,14666
1773715295,8,5,8,10,9,100,10,450,11,0,12,152,13,0,14,871,15,495,16,0,17,0,18,0,5,10,4,86,3,588,2,2879,1,10953,0,0,-1,0,-2,0,-3,0,-4,0,-5,0,2078,14516
1773715296,8,5,8,30,9,100,10,450,11,0,12,152,13,0,14,871,15,495,16,0,17,0,18,0,5,10,4,86,3,588,2,2879,1,10429,0,0,-1,0,-2,0,-3,0,-4,0,-5,0,2098,13992
1773715297,8,5,8,30,9,150,10,450,11,0,12,152,13,500,14,371,15,495,16,0,17,0,18,0,5,10,4,86,3,588,2,3480,1,10429,0,0,-1,0,-2,0,-3,0,-4,0,-5,0,2148,14593
1773715298,8,4,8,30,9,150,10,450,11,0,12,152,13,500,14,371,15,495,16,0,17,0,18,0,4,86,3,388,2,3480,1,10429,0,0,-1,0,-2,0,-3,0,-4,0,-5,0,-6,0,2148,14383
1773715299,8,4,8,30,9,150,10,450,11,0,12,152,13,500,14,371,15,495,16,0,17,0,18,0,4,86,3,388,2,2879,1,10429,0,0,-1,0,-2,0,-3,0,-4,0,-5,0,-6,0,2148,13782
1773715300,8,4,8,29,9,150,10,450,11,0,12,152,13,500,14,371,15,495,16,0,17,0,18,0,4,86,3,388,2,2879,1,10972,0,0,-1,0,-2,0,-3,0,-4,0,-5,0,-6,0,2147,14325
1773715301,8,4,8,29,9,200,10,450,11,0,12,152,13,500,14,371,15,495,16,0,17,0,18,0,4,136,3,588,2,2879,1,10429,0,0,-1,0,-2,0,-3,0,-4,0,-5,0,-6,0,2197,14032
1773715302,8,4,8,29,9,200,10,450,11,0,12,152,13,500,14,371,15,495,16,0,17,0,18,0,4,136,3,588,2,2879,1,10998,0,0,-1,0,-2,0,-3,0,-4,0,-5,0,-6,0,2197,14601
1773715303,8,4,8,29,9,200,10,450,11,0,12,152,13,500,14,371,15,495,16,0,17,0,18,0,4,136,3,588,2,2879,1,10998,0,0,-1,0,-2,0,-3,0,-4,0,-5,0,-6,0,2197,14601
1773715304,8,4,8,29,9,200,10,450,11,0,12,152,13,500,14,371,15,495,16,0,17,0,18,0,4,136,3,588,2,2879,1,10429,0,0,-1,0,-2,0,-3,0,-4,0,-5,0,-6,0,2197,14032
1773715305,8,4,8,29,9,200,10,450,11,0,12,152,13,500,14,371,15,495,16,0,17,0,18,0,4,136,3,588,2,2879,1,10979,0,0,-1,0,-2,0,-3,0,-4,0,-5,0,-6,0,2197,14582
1773715306,8,4,8,49,9,200,10,450,11,0,12,152,13,500,14,371,15,495,16,0,17,0,18,0,4,136,3,588,2,2879,1,10979,0,0,-1,0,-2,0,-3,0,-4,0,-5,0,-6,0,2217,14582
1773715307,8,4,8,49,9,200,10,450,11,0,12,152,13,500,14,371,15,495,16,0,17,0,18,0,4,136,3,588,2,2879,1,10986,0,0,-1,0,-2,0,-3,0,-4,0,-5,0,-6,0,2217,14589
1773715308,9,4,9,35,10,450,11,0,12,152,13,500,14,371,15,495,16,0,17,0,18,0,19,0,4,136,3,588,2,2879,1,10986,0,0,-1,0,-2,0,-3,0,-4,0,-5,0,-6,0,2003,14589
1773715309,8,4,8,10,9,150,10,450,11,0,12,152,13,500,14,371,15,495,16,0,17,0,18,0,4,136,3,388,2,2879,1,10429,0,0,-1,0,-2,0,-3,0,-4,0,-5,0,-6,0,2128,13832
1773715310,8,4,8,10,9,150,10,450,11,0,12,152,13,500,14,371,15,495,16,0,17,0,18,0,4,136,3,388,2,2879,1,10996,0,0,-1,0,-2,0,-3,0,-4,0,-5,0,-6,0,2128,14399
1773715311,8,4,8,10,9,150,10,450,11,0,12,152,13,500,14,371,15,495,16,0,17,0,18,0,4,136,3,388,2,2879,1,10996,0,0,-1,0,-2,0,-3,0,-4,0,-5,0,-6,0,2128,14399
1773715312,8,4,8,10,9,150,10,450,11,0,12,152,13,500,14,371,15,495,16,0,17,0,18,0,4,286,3,588,2,2879,1,10429,0,0,-1,0,-2,0,-3,0,-4,0,-5,0,-6,0,2128,14182
1773715313,8,4,8,10,9,150,10,450,11,0,12,152,13,500,14,371,15,495,16,0,17,0,18,0,4,286,3,388,2,2879,1,10429,0,0,-1,0,-2,0,-3,0,-4,0,-5,0,-6,0,2128,13982
1773715314,8,4,8,340,9,150,10,450,11,0,12,152,13,500,14,371,15,495,16,0,17,0,18,0,4,286,3,388,2,2879,1,10429,0,0,-1,0,-2,0,-3,0,-4,0,-5,0,-6,0,2458,13982
1773715315,7,4,7,10,8,330,9,150,10,450,11,0,12,152,13,500,14,371,15,600,16,0,17,0,4,286,3,388,2,2879,1,10429,0,0,-1,0,-2,0,-3,0,-4,0,-5,0,-6,0,2563,13982
1773715316,7,4,7,10,8,330,9,200,10,450,11,0,12,152,13,500,14,371,15,634,16,0,17,0,4,286,3,388,2,2879,1,10429,0,0,-1,0,-2,0,-3,0,-4,0,-5,0,-6,0,2647,13982
1773715317,6,4,6,10,7,200,8,500,9,50,10,250,11,0,12,292,13,0,14,0,15,320,16,0,4,36,3,638,2,2879,1,10429,0,0,-1,0,-2,0,-3,0,-4,0,-5,0,-6,0,1622,13982
1773715318,6,4,6,10,7,200,8,500,9,50,10,250,11,0,12,292,13,0,14,224,15,320,16,500,4,36,3,638,2,2879,1,10429,0,0,-1,0,-2,0,-3,0,-4,0,-5,0,-6,0,2346,13982
1773715319,6,4,6,10,7,200,8,500,9,0,10,250,11,0,12,292,13,0,14,224,15,320,16,500,4,36,3,638,2,2879,1,10429,0,0,-1,0,-2,0,-3,0,-4,0,-5,0,-6,0,2296,13982
1773715320,6,4,6,10,7,200,8,500,9,0,10,250,11,0,12,292,13,0,14,224,15,446,16,500,4,36,3,638,2,2879,1,10429,0,0,-1,0,-2,0,-3,0,-4,0,-5,0,-6,0,2422,13982
1773715321,6,4,6,30,7,200,8,500,9,0,10,250,11,0,12,292,13,0,14,224,15,320,16,0,4,36,3,638,2,2879,1,10429,0,0,-1,0,-2,0,-3,0,-4,0,-5,0,-6,0,1816,13982
1773715322,6,4,6,30,7,200,8,500,9,0,10,250,11,0,12,292,13,0,14,224,15,320,16,500,4,36,3,638,2,2879,1,10429,0,0,-1,0,-2,0,-3,0,-4,0,-5,0,-6,0,2316,13982
1773715323,6,4,6,30,7,200,8,500,9,0,10,250,11,0,12,292,13,0,14,224,15,320,16,500,4,36,3,638,2,2879,1,10429,0,0,-1,0,-2,0,-3,0,-4,0,-5,0,-6,0,2316,13982
1773715324,6,4,6,30,7,200,8,500,9,0,10,250,11,0,12,292,13,0,14,224,15,320,16,500,4,36,3,638,2,2879,1,10429,0,0,-1,0,-2,0,-3,0,-4,0,-5,0,-6,0,2316,13982
1773715325,6,4,6,30,7,200,8,500,9,0,10,250,11,0,12,292,13,0,14,224,15,320,16,500,4,36,3,638,2,2879,1,10429,0,0,-1,0,-2,0,-3,0,-4,0,-5,0,-6,0,2316,13982
1773715326,6,4,6,30,7,200,8,500,9,0,10,250,11,0,12,292,13,0,14,224,15,320,16,500,4,36,3,638,2,2879,1,10429,0,0,-1,0,-2,0,-3,0,-4,0,-5,0,-6,0,2316,13982
1773715327,6,4,6,30,7,200,8,500,9,0,10,250,11,0,12,292,13,0,14,224,15,446,16,500,4,36,3,638,2,2879,1,10429,0,0,-1,0,-2,0,-3,0,-4,0,-5,0,-6,0,2442,13982
1773715328,6,4,6,30,7,200,8,500,9,0,10,250,11,0,12,292,13,0,14,224,15,446,16,500,4,36,3,638,2,2879,1,10429,0,0,-1,0,-2,0,-3,0,-4,0,-5,0,-6,0,2442,13982
1773715329,6,4,6,30,7,200,8,500,9,0,10,250,11,0,12,292,13,0,14,224,15,446,16,500,4,36,3,638,2,2879,1,10429,0,0,-1,0,-2,0,-3,0,-4,0,-5,0,-6,0,2442,13982
1773715330,6,4,6,30,7,200,8,500,9,0,10,250,11,0,12,292,13,0,14,224,15,446,16,500,4,36,3,638,2,2879,1,10429,0,0,-1,0,-2,0,-3,0,-4,0,-5,0,-6,0,2442,13982
1773715331,6,4,6,30,7,200,8,500,9,0,10,250,11,0,12,292,13,0,14,224,15,446,16,500,4,36,3,638,2,2879,1,10429,0,0,-1,0,-2,0,-3,0,-4,0,-5,0,-6,0,2442,13982
1773715332,6,4,6,30,7,200,8,500,9,0,10,250,11,0,12,292,13,0,14,224,15,446,16,500,4,36,3,638,2,2879,1,10429,0,0,-1,0,-2,0,-3,0,-4,0,-5,0,-6,0,2442,13982
1773715333,6,4,6,30,7,200,8,500,9,0,10,250,11,0,12,292,13,0,14,224,15,446,16,500,4,36,3,638,2,2879,1,10429,0,0,-1,0,-2,0,-3,0,-4,0,-5,0,-6,0,2442,13982
1773715334,6,4,6,30,7,200,8,500,9,0,10,250,11,0,12,292,13,0,14,224,15,446,16,500,4,36,3,638,2,2879,1,10429,0,0,-1,0,-2,0,-3,0,-4,0,-5,0,-6,0,2442,13982
1773715335,6,4,6,30,7,200,8,500,9,0,10,250,11,0,12,292,13,0,14,224,15,446,16,500,4,36,3,638,2,2879,1,10429,0,0,-1,0,-2,0,-3,0,-4,0,-5,0,-6,0,2442,13982
1773715336,6,4,6,30,7,200,8,500,9,0,10,250,11,0,12,292,13,0,14,224,15,446,16,500,4,36,3,638,2,2879,1,10429,0,0,-1,0,-2,0,-3,0,-4,0,-5,0,-6,0,2442,13982
1773715337,6,4,6,30,7,200,8,500,9,0,10,250,11,0,12,292,13,0,14,224,15,446,16,500,4,36,3,638,2,2879,1,10429,0,0,-1,0,-2,0,-3,0,-4,0,-5,0,-6,0,2442,13982
1773715338,6,4,6,30,7,200,8,500,9,0,10,250,11,0,12,292,13,0,14,224,15,446,16,500,4,36,3,638,2,2879,1,10429,0,0,-1,0,-2,0,-3,0,-4,0,-5,0,-6,0,2442,13982
1773715339,6,4,6,30,7,200,8,500,9,0,10,250,11,0,12,292,13,318,14,0,15,126,16,500,4,36,3,638,2,2879,1,10429,0,0,-1,0,-2,0,-3,0,-4,0,-5,0,-6,0,2216,13982
1773715340,6,4,6,30,7,200,8,500,9,0,10,250,11,0,12,292,13,318,14,0,15,350,16,500,4,36,3,388,2,3129,1,10429,0,0,-1,0,-2,0,-3,0,-4,0,-5,0,-6,0,2440,13982
1773715341,6,4,6,30,7,200,8,500,9,0,10,250,11,0,12,292,13,318,14,0,15,350,16,500,4,36,3,388,2,3129,1,10429,0,0,-1,0,-2,0,-3,0,-4,0,-5,0,-6,0,2440,13982
1773715342,6,4,6,30,7,200,8,500,9,0,10,250,11,0,12,292,13,318,14,0,15,350,16,500,4,36,3,388,2,3129,1,10429,0,0,-1,0,-2,0,-3,0,-4,0,-5,0,-6,0,2440,13982
1773715343,6,4,6,30,7,200,8,500,9,0,10,250,11,0,12,292,13,318,14,0,15,350,16,500,4,36,3,388,2,3129,1,10429,0,0,-1,0,-2,0,-3,0,-4,0,-5,0,-6,0,2440,13982
1773715344,6,4,6,30,7,200,8,500,9,0,10,250,11,0,12,292,13,318,14,0,15,350,16,500,4,36,3,388,2,3129,1,10429,0,0,-1,0,-2,0,-3,0,-4,0,-5,0,-6,0,2440,13982
1773715345,6,4,6,30,7,200,8,500,9,0,10,250,11,0,12,292,13,318,14,0,15,350,16,500,4,36,3,388,2,3129,1,10429,0,0,-1,0,-2,0,-3,0,-4,0,-5,0,-6,0,2440,13982
1773715346,6,4,6,50,7,150,8,500,9,0,10,250,11,0,12,295,13,318,14,0,15,350,16,500,4,36,3,388,2,3129,1,10429,0,0,-1,0,-2,0,-3,0,-4,0,-5,0,-6,0,2413,13982
1773715347,6,4,6,50,7,150,8,500,9,0,10,250,11,0,12,295,13,318,14,0,15,350,16,500,4,36,3,388,2,3129,1,10429,0,0,-1,0,-2,0,-3,0,-4,0,-5,0,-6,0,2413,13982
1773715348,6,4,6,50,7,150,8,500,9,0,10,250,11,0,12,295,13,318,14,0,15,350,16,500,4,36,3,388,2,3129,1,10429,0,0,-1,0,-2,0,-3,0,-4,0,-5,0,-6,0,2413,13982
1773715349,6,4,6,50,7,150,8,500,9,0,10,250,11,0,12,295,13,318,14,0,15,350,16,500,4,36,3,388,2,3129,1,10429,0,0,-1,0,-2,0,-3,0,-4,0,-5,0,-6,0,2413,13982
1773715350,6,4,6,50,7,150,8,500,9,0,10,250,11,0,12,295,13,318,14,0,15,350,16,500,4,36,3,388,2,3079,1,10429,0,0,-1,0,-2,0,-3,0,-4,0,-5,0,-6,0,2413,13932
1773715351,6,4,6,50,7,150,8,500,9,0,10,250,11,0,12,295,13,318,14,0,15,350,16,500,4,36,3,388,2,3079,1,10429,0,0,-1,0,-2,0,-3,0,-4,0,-5,0,-6,0,2413,13932
1773715352,6,4,6,50,7,150,8,500,9,0,10,250,11,0,12,295,13,318,14,0,15,350,16,500,4,36,3,388,2,3079,1,10429,0,0,-1,0,-2,0,-3,0,-4,0,-5,0,-6,0,2413,13932
1773715353,6,4,6,50,7,100,8,500,9,0,10,250,11,0,12,295,13,318,14,0,15,350,16,500,4,36,3,388,2,3079,1,10429,0,0,-1,0,-2,0,-3,0,-4,0,-5,0,-6,0,2363,13932
1773715354,7,4,7,105,8,500,9,0,10,0,11,500,12,295,13,318,14,0,15,350,16,500,17,0,4,36,3,388,2,3079,1,10429,0,0,-1,0,-2,0,-3,0,-4,0,-5,0,-6,0,2568,13932
1773715355,6,4,6,15,7,100,8,500,9,0,10,0,11,500,12,295,13,318,14,0,15,350,16,500,4,36,3,388,2,3079,1,10429,0,0,-1,0,-2,0,-3,0,-4,0,-5,0,-6,0,2578,13932
1773715356,6,4,6,15,7,100,8,500,9,0,10,0,11,500,12,295,13,318,14,0,15,350,16,500,4,36,3,388,2,3079,1,10429,0,0,-1,0,-2,0,-3,0,-4,0,-5,0,-6,0,2578,13932
1773715357,6,4,6,15,7,100,8,500,9,0,10,0,11,500,12,295,13,318,14,0,15,350,16,500,4,36,3,388,2,3079,1,10429,0,0,-1,0,-2,0,-3,0,-4,0,-5,0,-6,0,2578,13932
1773715358,6,4,6,15,7,100,8,500,9,0,10,0,11,500,12,295,13,318,14,0,15,350,16,500,4,36,3,388,2,3079,1,10429,0,0,-1,0,-2,0,-3,0,-4,0,-5,0,-6,0,2578,13932
1773715359,6,4,6,15,7,100,8,500,9,0,10,0,11,500,12,295,13,318,14,0,15,350,16,500,4,36,3,388,2,3079,1,10429,0,0,-1,0,-2,0,-3,0,-4,0,-5,0,-6,0,2578,13932
1773715360,6,4,6,15,7,100,8,500,9,0,10,0,11,500,12,295,13,318,14,0,15,350,16,500,4,36,3,388,2,3079,1,10429,0,0,-1,0,-2,0,-3,0,-4,0,-5,0,-6,0,2578,13932
1773715361,6,4,6,15,7,100,8,500,9,0,10,0,11,500,12,295,13,318,14,0,15,350,16,500,4,36,3,388,2,3079,1,10429,0,0,-1,0,-2,0,-3,0,-4,0,-5,0,-6,0,2578,13932
1773715362,6,4,6,35,7,100,8,500,9,0,10,0,11,500,12,295,13,318,14,0,15,350,16,500,4,36,3,388,2,3079,1,10429,0,0,-1,0,-2,0,-3,0,-4,0,-5,0,-6,0,2598,13932
1773715363,6,4,6,35,7,150,8,500,9,0,10,0,11,500,12,295,13,318,14,0,15,350,16,500,4,36,3,388,2,3079,1,10429,0,0,-1,0,-2,0,-3,0,-4,0,-5,0,-6,0,2648,13932
1773715364,6,4,6,10,7,66,8,500,9,0,10,0,11,500,12,152,13,528,14,0,15,350,16,500,4,36,3,388,2,3029,1,10429,0,0,-1,0,-2,0,-3,0,-4,0,-5,0,-6,0,2606,13882
1773715365,7,4,7,66,8,500,9,0,10,0,11,500,12,152,13,528,14,0,15,350,16,500,17,0,4,36,3,388,2,3029,1,10429,0,0,-1,0,-2,0,-3,0,-4,0,-5,0,-6,0,2596,13882
1773715366,7,4,7,100,8,500,9,0,10,0,11,500,12,152,13,528,14,0,15,350,16,500,17,0,4,36,3,388,2,3079,1,10429,0,0,-1,0,-2,0,-3,0,-4,0,-5,0,-6,0,2630,13932
1773715367,7,4,7,100,8,500,9,0,10,0,11,500,12,152,13,528,14,0,15,350,16,500,17,0,4,36,3,388,2,3079,1,10429,0,0,-1,0,-2,0,-3,0,-4,0,-5,0,-6,0,2630,13932
1773715368,7,4,7,100,8,500,9,0,10,0,11,500,12,152,13,528,14,0,15,350,16,500,17,0,4,36,3,388,2,3079,1,10429,0,0,-1,0,-2,0,-3,0,-4,0,-5,0,-6,0,2630,13932
1773715369,7,4,7,100,8,500,9,0,10,0,11,500,12,152,13,528,14,0,15,350,16,500,17,0,4,36,3,388,2,3079,1,10429,0,0,-1,0,-2,0,-3,0,-4,0,-5,0,-6,0,2630,13932
1773715370,7,4,7,100,8,500,9,0,10,0,11,500,12,152,13,528,14,0,15,350,16,500,17,0,4,36,3,388,2,3079,1,10429,0,0,-1,0,-2,0,-3,0,-4,0,-5,0,-6,0,2630,13932
1773715371,7,4,7,100,8,500,9,0,10,0,11,500,12,152,13,528,14,0,15,350,16,500,17,0,4,36,3,388,2,3079,1,10429,0,0,-1,0,-2,0,-3,0,-4,0,-5,0,-6,0,2630,13932
1773715372,7,4,7,100,8,500,9,0,10,0,11,500,12,152,13,528,14,0,15,350,16,500,17,0,4,36,3,388,2,3079,1,10429,0,0,-1,0,-2,0,-3,0,-4,0,-5,0,-6,0,2630,13932
1773715373,7,4,7,100,8,500,9,0,10,0,11,500,12,152,13,528,14,0,15,350,16,500,17,0,4,36,3,388,2,3079,1,10429,0,0,-1,0,-2,0,-3,0,-4,0,-5,0,-6,0,2630,13932
1773715374,7,4,7,100,8,500,9,0,10,0,11,500,12,152,13,563,14,0,15,350,16,500,17,0,4,36,3,388,2,3079,1,10429,0,0,-1,0,-2,0,-3,0,-4,0,-5,0,-6,0,2665,13932
1773715375,7,4,7,100,8,500,9,0,10,0,11,500,12,152,13,563,14,0,15,350,16,500,17,0,4,36,3,388,2,3079,1,10429,0,0,-1,0,-2,0,-3,0,-4,0,-5,0,-6,0,2665,13932
1773715376,7,4,7,100,8,500,9,0,10,0,11,500,12,152,13,563,14,0,15,350,16,500,17,0,4,36,3,388,2,3079,1,10429,0,0,-1,0,-2,0,-3,0,-4,0,-5,0,-6,0,2665,13932
1773715377,7,4,7,100,8,500,9,0,10,0,11,500,12,152,13,563,14,0,15,350,16,500,17,0,4,36,3,388,2,3079,1,10429,0,0,-1,0,-2,0,-3,0,-4,0,-5,0,-6,0,2665,13932
1773715378,7,4,7,250,8,471,9,0,10,0,11,500,12,152,13,563,14,0,15,350,16,500,17,0,4,36,3,388,2,3079,1,10429,0,0,-1,0,-2,0,-3,0,-4,0,-5,0,-6,0,2786,13932
1773715379,6,4,6,50,7,200,8,471,9,0,10,0,11,500,12,152,13,493,14,0,15,0,16,0,4,36,3,388,2,3079,1,10429,0,0,-1,0,-2,0,-3,0,-4,0,-5,0,-6,0,1866,13932
1773715380,6,4,6,50,7,200,8,471,9,0,10,0,11,500,12,152,13,493,14,0,15,0,16,500,4,36,3,388,2,3079,1,10429,0,0,-1,0,-2,0,-3,0,-4,0,-5,0,-6,0,2366,13932
1773715381,6,4,6,50,7,200,8,471,9,0,10,0,11,500,12,152,13,493,14,0,15,0,16,500,4,36,3,388,2,3079,1,10429,0,0,-1,0,-2,0,-3,0,-4,0,-5,0,-6,0,2366,13932
1773715382,6,4,6,48,7,200,8,471,9,0,10,0,11,500,12,152,13,491,14,0,15,0,16,0,4,36,3,388,2,3129,1,10429,0,0,-1,0,-2,0,-3,0,-4,0,-5,0,-6,0,1862,13982
1773715383,6,4,6,48,7,200,8,471,9,0,10,0,11,500,12,152,13,491,14,0,15,0,16,500,4,36,3,388,2,3129,1,10429,0,0,-1,0,-2,0,-3,0,-4,0,-5,0,-6,0,2362,13982
1773715384,6,4,6,48,7,200,8,471,9,0,10,0,11,500,12,152,13,491,14,0,15,0,16,500,4,36,3,388,2,3129,1,10429,0,0,-1,0,-2,0,-3,0,-4,0,-5,0,-6,0,2362,13982
1773715385,6,4,6,50,7,200,8,471,9,0,10,0,11,500,12,152,13,493,14,0,15,350,16,500,4,36,3,388,2,3179,1,10429,0,0,-1,0,-2,0,-3,0,-4,0,-5,0,-6,0,2716,14032
1773715386,6,4,6,40,7,200,8,471,9,0,10,0,11,500,12,152,13,493,14,0,15,350,16,500,4,36,3,388,2,3179,1,10429,0,0,-1,0,-2,0,-3,0,-4,0,-5,0,-6,0,2706,14032
1773715387,6,4,6,40,7,200,8,471,9,0,10,0,11,500,12,152,13,493,14,0,15,0,16,500,4,36,3,388,2,3179,1,10429,0,0,-1,0,-2,0,-3,0,-4,0,-5,0,-6,0,2356,14032
1773715388,6,4,6,40,7,200,8,471,9,0,10,0,11,500,12,152,13,493,14,0,15,0,16,500,4,36,3,388,2,3179,1,10429,0,0,-1,0,-2,0,-3,0,-4,0,-5,0,-6,0,2356,14032
1773715389,6,4,6,50,7,200,8,471,9,0,10,0,11,500,12,152,13,493,14,0,15,0,16,500,4,36,3,688,2,2879,1,10429,0,0,-1,0,-2,0,-3,0,-4,0,-5,0,-6,0,2366,14032
1773715390,6,4,6,50,7,200,8,471,9,0,10,0,11,500,12,152,13,493,14,0,15,0,16,500,4,36,3,688,2,2879,1,10429,0,0,-1,0,-2,0,-3,0,-4,0,-5,0,-6,0,2366,14032
1773715391,6,4,6,50,7,200,8,471,9,0,10,0,11,500,12,152,13,493,14,0,15,0,16,500,4,36,3,688,2,2879,1,10429,0,0,-1,0,-2,0,-3,0,-4,0,-5,0,-6,0,2366,14032
1773715392,6,4,6,50,7,200,8,471,9,0,10,0,11,500,12,152,13,493,14,0,15,0,16,500,4,36,3,688,2,2879,1,10429,0,0,-1,0,-2,0,-3,0,-4,0,-5,0,-6,0,2366,14032
1773715393,6,4,6,36,7,200,8,471,9,0,10,0,11,500,12,152,13,483,14,0,15,0,16,0,4,36,3,688,2,2879,1,10429,0,0,-1,0,-2,0,-3,0,-4,0,-5,0,-6,0,1842,14032
1773715394,7,4,7,216,8,471,9,0,10,0,11,500,12,152,13,469,14,0,15,0,16,0,17,0,4,36,3,688,2,2879,1,10429,0,0,-1,0,-2,0,-3,0,-4,0,-5,0,-6,0,1808,14032
1773715395,6,4,6,36,7,180,8,471,9,0,10,0,11,500,12,152,13,469,14,0,15,0,16,0,4,36,3,688,2,2879,1,10429,0,0,-1,0,-2,0,-3,0,-4,0,-5,0,-6,0,1808,14032
1773715396,6,4,6,50,7,180,8,471,9,0,10,0,11,500,12,152,13,469,14,0,15,0,16,0,4,36,3,738,2,2879,1,10429,0,0,-1,0,-2,0,-3,0,-4,0,-5,0,-6,0,1822,14082
1773715397,6,4,6,50,7,180,8,471,9,0,10,0,11,500,12,152,13,469,14,0,15,0,16,500,4,36,3,738,2,2879,1,10429,0,0,-1,0,-2,0,-3,0,-4,0,-5,0,-6,0,2322,14082
1773715398,6,4,6,50,7,180,8,471,9,0,10,0,11,500,12,152,13,469,14,0,15,0,16,500,4,36,3,738,2,2879,1,10429,0,0,-1,0,-2,0,-3,0,-4,0,-5,0,-6,0,2322,14082
1773715399,6,4,6,50,7,180,8,471,9,0,10,0,11,500,12,152,13,478,14,0,15,0,16,0,4,36,3,738,2,2879,1,10429,0,0,-1,0,-2,0,-3,0,-4,0,-5,0,-6,0,1831,14082
1773715400,6,4,6,34,7,180,8,471,9,0,10,0,11,500,12,152,13,467,14,0,15,0,16,0,4,36,3,738,2,2879,1,10429,0,0,-1,0,-2,0,-3,0,-4,0,-5,0,-6,0,1804,14082
1773715401,6,4,6,305,7,180,8,0,9,0,10,0,11,700,12,152,13,467,14,0,15,0,16,0,4,36,3,738,2,2879,1,10429,0,0,-1,0,-2,0,-3,0,-4,0,-5,0,-6,0,1804,14082
1773715402,6,4,6,321,7,180,8,0,9,0,10,0,11,700,12,152,13,478,14,0,15,0,16,500,4,36,3,788,2,2879,1,10429,0,0,-1,0,-2,0,-3,0,-4,0,-5,0,-6,0,2331,14132
1773715403,6,4,6,321,7,180,8,0,9,0,10,0,11,700,12,152,13,478,14,0,15,0,16,500,4,36,3,788,2,2879,1,10429,0,0,-1,0,-2,0,-3,0,-4,0,-5,0,-6,0,2331,14132
1773715404,6,4,6,321,7,180,8,0,9,0,10,0,11,700,12,152,13,478,14,0,15,0,16,500,4,36,3,788,2,2879,1,10429,0,0,-1,0,-2,0,-3,0,-4,0,-5,0,-6,0,2331,14132
1773715405,6,4,6,321,7,180,8,0,9,0,10,0,11,700,12,152,13,478,14,0,15,0,16,500,4,36,3,788,2,2879,1,10429,0,0,-1,0,-2,0,-3,0,-4,0,-5,0,-6,0,2331,14132
1773715406,6,4,6,321,7,180,8,0,9,0,10,0,11,700,12,152,13,478,14,0,15,0,16,500,4,36,3,788,2,2879,1,10429,0,0,-1,0,-2,0,-3,0,-4,0,-5,0,-6,0,2331,14132
1773715407,6,4,6,321,7,180,8,0,9,0,10,0,11,700,12,152,13,478,14,0,15,0,16,500,4,36,3,788,2,2879,1,10429,0,0,-1,0,-2,0,-3,0,-4,0,-5,0,-6,0,2331,14132
1773715408,6,4,6,230,7,180,8,0,9,0,10,0,11,200,12,652,13,460,14,0,15,0,16,500,4,36,3,788,2,2879,1,10429,0,0,-1,0,-2,0,-3,0,-4,0,-5,0,-6,0,2222,14132
1773715409,6,4,6,230,7,180,8,0,9,0,10,0,11,200,12,652,13,460,14,0,15,0,16,500,4,36,3,788,2,2879,1,10429,0,0,-1,0,-2,0,-3,0,-4,0,-5,0,-6,0,2222,14132
1773715410,6,4,6,230,7,180,8,0,9,0,10,0,11,200,12,652,13,460,14,0,15,0,16,500,4,36,3,788,2,2879,1,10429,0,0,-1,0,-2,0,-3,0,-4,0,-5,0,-6,0,2222,14132
1773715411,6,4,6,230,7,180,8,0,9,0,10,0,11,200,12,652,13,460,14,0,15,0,16,500,4,36,3,788,2,2879,1,10429,0,0,-1,0,-2,0,-3,0,-4,0,-5,0,-6,0,2222,14132
1773715412,6,4,6,256,7,180,8,0,9,0,10,0,11,200,12,652,13,478,14,0,15,0,16,500,4,36,3,838,2,2879,1,10429,0,0,-1,0,-2,0,-3,0,-4,0,-5,0,-6,0,2266,14182
1773715413,6,4,6,256,7,180,8,0,9,0,10,0,11,700,12,152,13,478,14,0,15,0,16,500,4,36,3,838,2,2879,1,10429,0,0,-1,0,-2,0,-3,0,-4,0,-5,0,-6,0,2266,14182
1773715414,6,4,6,256,7,180,8,0,9,0,10,0,11,700,12,152,13,478,14,0,15,0,16,500,4,36,3,838,2,2879,1,10429,0,0,-1,0,-2,0,-3,0,-4,0,-5,0,-6,0,2266,14182
1773715415,6,4,6,254,7,180,8,0,9,0,10,0,11,700,12,152,13,477,14,0,15,0,16,500,4,36,3,788,2,2879,1,10429,0,0,-1,0,-2,0,-3,0,-4,0,-5,0,-6,0,2263,14132
1773715416,6,4,6,254,7,180,8,0,9,0,10,0,11,700,12,152,13,477,14,0,15,0,16,500,4,36,3,788,2,2879,1,10429,0,0,-1,0,-2,0,-3,0,-4,0,-5,0,-6,0,2263,14132
1773715417,6,4,6,230,7,180,8,0,9,0,10,0,11,200,12,652,13,460,14,0,15,0,16,500,4,36,3,788,2,2879,1,10429,0,0,-1,0,-2,0,-3,0,-4,0,-5,0,-6,0,2222,14132
1773715418,6,4,6,230,7,180,8,0,9,0,10,0,11,200,12,652,13,460,14,0,15,0,16,500,4,36,3,788,2,2879,1,10429,0,0,-1,0,-2,0,-3,0,-4,0,-5,0,-6,0,2222,14132
1773715419,6,4,6,206,7,180,8,0,9,0,10,0,11,200,12,778,13,318,14,0,15,0,16,0,4,36,3,738,2,2879,1,10429,0,0,-1,0,-2,0,-3,0,-4,0,-5,0,-6,0,1682,14082
1773715420,6,4,6,206,7,180,8,0,9,0,10,0,11,200,12,778,13,318,14,0,15,0,16,0,4,36,3,738,2,2879,1,10429,0,0,-1,0,-2,0,-3,0,-4,0,-5,0,-6,0,1682,14082
1773715421,6,4,6,206,7,180,8,0,9,0,10,0,11,200,12,778,13,318,14,0,15,0,16,0,4,36,3,738,2,2879,1,10429,0,0,-1,0,-2,0,-3,0,-4,0,-5,0,-6,0,1682,14082
1773715422,7,4,7,386,8,0,9,0,10,0,11,200,12,778,13,318,14,0,15,0,16,0,17,0,4,36,3,738,2,2879,1,10429,0,0,-1,0,-2,0,-3,0,-4,0,-5,0,-6,0,1682,14082
1773715423,7,4,7,406,8,0,9,0,10,0,11,200,12,778,13,318,14,0,15,0,16,0,17,0,4,36,3,738,2,2879,1,10429,0,0,-1,0,-2,0,-3,0,-4,0,-5,0,-6,0,1702,14082
1773715424,7,4,7,406,8,0,9,0,10,0,11,200,12,778,13,318,14,0,15,0,16,0,17,0,4,36,3,738,2,2879,1,10429,0,0,-1,0,-2,0,-3,0,-4,0,-5,0,-6,0,1702,14082
1773715425,7,4,7,406,8,0,9,0,10,0,11,200,12,778,13,318,14,0,15,0,16,0,17,0,4,36,3,738,2,2879,1,10429,0,0,-1,0,-2,0,-3,0,-4,0,-5,0,-6,0,1702,14082
1773715426,7,4,7,406,8,0,9,0,10,0,11,200,12,778,13,318,14,0,15,0,16,0,17,0,4,36,3,738,2,2879,1,10429,0,0,-1,0,-2,0,-3,0,-4,0,-5,0,-6,0,1702,14082
1773715427,7,4,7,406,8,0,9,0,10,0,11,200,12,778,13,318,14,0,15,0,16,0,17,0,4,36,3,738,2,2879,1,10429,0,0,-1,0,-2,0,-3,0,-4,0,-5,0,-6,0,1702,14082
1773715428,7,4,7,406,8,0,9,0,10,0,11,200,12,778,13,318,14,0,15,0,16,0,17,0,4,36,3,738,2,2879,1,10429,0,0,-1,0,-2,0,-3,0,-4,0,-5,0,-6,0,1702,14082
1773715429,7,4,7,406,8,0,9,0,10,0,11,200,12,778,13,318,14,0,15,0,16,0,17,0,4,36,3,738,2,2879,1,10429,0,0,-1,0,-2,0,-3,0,-4,0,-5,0,-6,0,1702,14082
1773715430,7,4,7,406,8,0,9,0,10,0,11,200,12,778,13,318,14,0,15,0,16,0,17,0,4,36,3,738,2,2879,1,10429,0,0,-1,0,-2,0,-3,0,-4,0,-5,0,-6,0,1702,14082
1773715431,7,4,7,406,8,0,9,0,10,0,11,200,12,778,13,318,14,0,15,0,16,0,17,0,4,36,3,738,2,2879,1,10429,0,0,-1,0,-2,0,-3,0,-4,0,-5,0,-6,0,1702,14082
1773715432,7,4,7,406,8,0,9,0,10,0,11,200,12,778,13,318,14,0,15,0,16,0,17,0,4,36,3,738,2,2879,1,10429,0,0,-1,0,-2,0,-3,0,-4,0,-5,0,-6,0,1702,14082
1773715433,7,4,7,406,8,0,9,0,10,0,11,200,12,778,13,318,14,0,15,0,16,0,17,0,4,36,3,738,2,2879,1,10429,0,0,-1,0,-2,0,-3,0,-4,0,-5,0,-6,0,1702,14082
1773715434,7,4,7,406,8,0,9,0,10,0,11,200,12,778,13,318,14,0,15,0,16,0,17,0,4,36,3,738,2,2879,1,10429,0,0,-1,0,-2,0,-3,0,-4,0,-5,0,-6,0,1702,14082
1773715435,7,4,7,406,8,0,9,0,10,0,11,200,12,778,13,318,14,0,15,0,16,0,17,0,4,36,3,738,2,2879,1,10429,0,0,-1,0,-2,0,-3,0,-4,0,-5,0,-6,0,1702,14082
1773715436,7,4,7,406,8,0,9,0,10,0,11,200,12,778,13,318,14,0,15,0,16,0,17,0,4,36,3,738,2,2879,1,10429,0,0,-1,0,-2,0,-3,0,-4,0,-5,0,-6,0,1702,14082
1773715437,7,4,7,406,8,0,9,0,10,0,11,200,12,778,13,318,14,0,15,0,16,0,17,0,4,36,3,738,2,2879,1,10429,0,0,-1,0,-2,0,-3,0,-4,0,-5,0,-6,0,1702,14082
1773715438,7,4,7,406,8,0,9,0,10,0,11,200,12,778,13,318,14,0,15,0,16,0,17,0,4,36,3,738,2,2879,1,10429,0,0,-1,0,-2,0,-3,0,-4,0,-5,0,-6,0,1702,14082
1773715439,7,4,7,406,8,0,9,0,10,0,11,200,12,778,13,318,14,0,15,0,16,0,17,0,4,36,3,738,2,2879,1,10429,0,0,-1,0,-2,0,-3,0,-4,0,-5,0,-6,0,1702,14082
1773715440,7,4,7,406,8,0,9,0,10,0,11,200,12,778,13,318,14,0,15,0,16,0,17,0,4,36,3,738,2,2879,1,10429,0,0,-1,0,-2,0,-3,0,-4,0,-5,0,-6,0,1702,14082
1773715441,7,4,7,406,8,0,9,0,10,0,11,200,12,778,13,318,14,0,15,0,16,0,17,0,4,36,3,738,2,2879,1,10429,0,0,-1,0,-2,0,-3,0,-4,0,-5,0,-6,0,1702,14082
1773715442,7,4,7,406,8,0,9,0,10,0,11,200,12,778,13,318,14,0,15,0,16,0,17,0,4,36,3,738,2,2879,1,10429,0,0,-1,0,-2,0,-3,0,-4,0,-5,0,-6,0,1702,14082
1773715443,7,4,7,406,8,0,9,0,10,0,11,200,12,778,13,318,14,0,15,0,16,0,17,0,4,36,3,738,2,2879,1,10429,0,0,-1,0,-2,0,-3,0,-4,0,-5,0,-6,0,1702,14082
1773715444,7,4,7,406,8,0,9,0,10,0,11,200,12,778,13,318,14,0,15,0,16,0,17,0,4,36,3,738,2,2879,1,10429,0,0,-1,0,-2,0,-3,0,-4,0,-5,0,-6,0,1702,14082
1773715445,7,5,7,406,8,0,9,0,10,0,11,200,12,778,13,318,14,0,15,0,16,0,17,0,5,50,4,36,3,738,2,3423,1,10429,0,0,-1,0,-2,0,-3,0,-4,0,-5,0,1702,14676
1773715446,7,5,7,406,8,0,9,0,10,0,11,200,12,778,13,318,14,0,15,0,16,0,17,0,5,50,4,36,3,738,2,3423,1,10429,0,0,-1,0,-2,0,-3,0,-4,0,-5,0,1702,14676
1773715447,7,5,7,406,8,0,9,0,10,0,11,200,12,778,13,318,14,0,15,0,16,0,17,0,5,50,4,36,3,738,2,2879,1,10429,0,0,-1,0,-2,0,-3,0,-4,0,-5,0,1702,14132
1773715448,7,5,7,406,8,0,9,0,10,0,11,200,12,778,13,318,14,0,15,0,16,0,17,0,5,50,4,36,3,738,2,3431,1,10429,0,0,-1,0,-2,0,-3,0,-4,0,-5,0,1702,14684
1773715449,7,5,7,406,8,0,9,0,10,0,11,200,12,778,13,318,14,0,15,0,16,0,17,0,5,44,4,36,3,738,2,3431,1,10429,0,0,-1,0,-2,0,-3,0,-4,0,-5,0,1702,14678
1773715450,7,5,7,406,8,0,9,0,10,0,11,200,12,778,13,318,14,0,15,0,16,0,17,0,5,44,4,36,3,738,2,2879,1,10429,0,0,-1,0,-2,0,-3,0,-4,0,-5,0,1702,14126
1773715451,7,5,7,406,8,0,9,0,10,0,11,200,12,778,13,318,14,0,15,0,16,0,17,0,5,44,4,36,3,738,2,3407,1,10429,0,0,-1,0,-2,0,-3,0,-4,0,-5,0,1702,14654
1773715452,7,5,7,406,8,0,9,0,10,0,11,200,12,778,13,318,14,0,15,0,16,0,17,0,5,44,4,36,3,738,2,3407,1,10429,0,0,-1,0,-2,0,-3,0,-4,0,-5,0,1702,14654
1773715453,7,5,7,406,8,0,9,0,10,0,11,200,12,778,13,318,14,0,15,0,16,0,17,0,5,44,4,36,3,738,2,2879,1,10429,0,0,-1,0,-2,0,-3,0,-4,0,-5,0,1702,14126
1773715454,7,5,7,406,8,0,9,0,10,0,11,200,12,778,13,318,14,0,15,0,16,0,17,0,5,44,4,36,3,738,2,3387,1,10429,0,0,-1,0,-2,0,-3,0,-4,0,-5,0,1702,14634
1773715455,7,5,7,406,8,0,9,0,10,0,11,200,12,778,13,318,14,0,15,0,16,0,17,0,5,44,4,36,3,738,2,3387,1,10429,0,0,-1,0,-2,0,-3,0,-4,0,-5,0,1702,14634
1773715456,7,5,7,406,8,0,9,0,10,0,11,200,12,778,13,318,14,0,15,0,16,0,17,0,5,44,4,36,3,738,2,3429,1,10429,0,0,-1,0,-2,0,-3,0,-4,0,-5,0,1702,14676
1773715457,7,5,7,406,8,0,9,0,10,0,11,200,12,778,13,318,14,0,15,0,16,0,17,0,5,44,4,36,3,738,2,3429,1,10429,0,0,-1,0,-2,0,-3,0,-4,0,-5,0,1702,14676
1773715458,7,5,7,406,8,0,9,0,10,0,11,200,12,778,13,318,14,0,15,0,16,0,17,0,5,44,4,36,3,738,2,2879,1,10429,0,0,-1,0,-2,0,-3,0,-4,0,-5,0,1702,14126
1773715459,7,5,7,406,8,0,9,0,10,0,11,700,12,452,13,318,14,0,15,0,16,0,17,0,5,44,4,36,3,738,2,2879,1,10429,0,0,-1,0,-2,0,-3,0,-4,0,-5,0,1876,14126
1773715460,6,5,6,10,7,406,8,0,9,0,10,0,11,700,12,452,13,318,14,0,15,0,16,500,5,44,4,36,3,738,2,2879,1,10429,0,0,-1,0,-2,0,-3,0,-4,0,-5,0,2386,14126
1773715461,6,5,6,30,7,386,8,0,9,0,10,0,11,700,12,452,13,318,14,0,15,0,16,500,5,44,4,36,3,738,2,2879,1,10429,0,0,-1,0,-2,0,-3,0,-4,0,-5,0,2386,14126
1773715462,6,5,6,30,7,386,8,0,9,0,10,0,11,700,12,452,13,318,14,0,15,0,16,500,5,44,4,36,3,738,2,2879,1,10429,0,0,-1,0,-2,0,-3,0,-4,0,-5,0,2386,14126
1773715463,6,5,6,30,7,386,8,0,9,0,10,0,11,700,12,452,13,318,14,0,15,0,16,500,5,54,4,36,3,738,2,2879,1,10429,0,0,-1,0,-2,0,-3,0,-4,0,-5,0,2386,14136
1773715464,6,5,6,30,7,386,8,0,9,0,10,0,11,700,12,452,13,318,14,0,15,0,16,500,5,54,4,36,3,738,2,2879,1,10429,0,0,-1,0,-2,0,-3,0,-4,0,-5,0,2386,14136
1773715465,6,5,6,30,7,386,8,0,9,0,10,0,11,700,12,802,13,318,14,0,15,0,16,500,5,54,4,36,3,738,2,2879,1,10429,0,0,-1,0,-2,0,-3,0,-4,0,-5,0,2736,14136
1773715466,6,5,6,30,7,386,8,0,9,0,10,0,11,700,12,802,13,318,14,0,15,0,16,500,5,54,4,36,3,738,2,2879,1,10429,0,0,-1,0,-2,0,-3,0,-4,0,-5,0,2736,14136
1773715467,6,5,6,30,7,386,8,0,9,0,10,0,11,700,12,802,13,318,14,0,15,0,16,500,5,54,4,36,3,738,2,2879,1,10429,0,0,-1,0,-2,0,-3,0,-4,0,-5,0,2736,14136
1773715468,6,5,6,30,7,386,8,0,9,0,10,0,11,700,12,802,13,318,14,0,15,0,16,500,5,54,4,36,3,738,2,2879,1,10429,0,0,-1,0,-2,0,-3,0,-4,0,-5,0,2736,14136
1773715469,6,5,6,30,7,386,8,0,9,0,10,0,11,700,12,802,13,318,14,0,15,0,16,500,5,54,4,36,3,738,2,2879,1,10429,0,0,-1,0,-2,0,-3,0,-4,0,-5,0,2736,14136
1773715470,6,5,6,30,7,386,8,0,9,0,10,0,11,700,12,802,13,318,14,0,15,0,16,500,5,54,4,36,3,738,2,2879,1,10429,0,0,-1,0,-2,0,-3,0,-4,0,-5,0,2736,14136
1773715471,6,5,6,30,7,386,8,0,9,0,10,0,11,700,12,802,13,318,14,0,15,0,16,500,5,54,4,36,3,738,2,2879,1,10429,0,0,-1,0,-2,0,-3,0,-4,0,-5,0,2736,14136
1773715472,6,5,6,30,7,386,8,0,9,0,10,0,11,700,12,152,13,318,14,0,15,0,16,500,5,54,4,36,3,738,2,2879,1,10429,0,0,-1,0,-2,0,-3,0,-4,0,-5,0,2086,14136
1773715473,6,5,6,30,7,386,8,0,9,0,10,0,11,700,12,152,13,318,14,0,15,0,16,500,5,54,4,36,3,738,2,2879,1,10429,0,0,-1,0,-2,0,-3,0,-4,0,-5,0,2086,14136
1773715474,6,5,6,30,7,180,8,406,9,0,10,0,11,500,12,152,13,318,14,0,15,0,16,500,5,54,4,36,3,738,2,2879,1,10429,0,0,-1,0,-2,0,-3,0,-4,0,-5,0,2086,14136
1773715475,6,5,6,30,7,180,8,406,9,0,10,0,11,500,12,152,13,318,14,0,15,0,16,500,5,54,4,36,3,738,2,2879,1,10429,0,0,-1,0,-2,0,-3,0,-4,0,-5,0,2086,14136
1773715476,6,5,6,30,7,180,8,406,9,0,10,0,11,500,12,152,13,318,14,0,15,0,16,500,5,54,4,36,3,738,2,2879,1,10429,0,0,-1,0,-2,0,-3,0,-4,0,-5,0,2086,14136
1773715477,6,5,6,30,7,180,8,406,9,0,10,0,11,500,12,152,13,318,14,0,15,0,16,500,5,54,4,36,3,738,2,2879,1,10429,0,0,-1,0,-2,0,-3,0,-4,0,-5,0,2086,14136
1773715478,6,5,6,30,7,180,8,406,9,0,10,0,11,500,12,152,13,318,14,0,15,0,16,500,5,54,4,36,3,738,2,2879,1,10429,0,0,-1,0,-2,0,-3,0,-4,0,-5,0,2086,14136
1773715479,6,5,6,30,7,180,8,406,9,0,10,0,11,500,12,152,13,318,14,0,15,0,16,500,5,54,4,36,3,738,2,2879,1,10429,0,0,-1,0,-2,0,-3,0,-4,0,-5,0,2086,14136
1773715480,6,5,6,30,7,180,8,406,9,0,10,0,11,500,12,152,13,318,14,0,15,0,16,500,5,54,4,36,3,738,2,2879,1,10429,0,0,-1,0,-2,0,-3,0,-4,0,-5,0,2086,14136
1773715481,6,5,6,30,7,180,8,406,9,0,10,0,11,500,12,152,13,318,14,0,15,0,16,500,5,54,4,36,3,738,2,2879,1,10429,0,0,-1,0,-2,0,-3,0,-4,0,-5,0,2086,14136
1773715482,6,5,6,30,7,180,8,406,9,0,10,0,11,500,12,152,13,318,14,0,15,0,16,500,5,54,4,36,3,738,2,2879,1,10429,0,0,-1,0,-2,0,-3,0,-4,0,-5,0,2086,14136
1773715483,6,5,6,30,7,180,8,406,9,0,10,0,11,500,12,152,13,318,14,0,15,0,16,500,5,54,4,36,3,738,2,2879,1,10429,0,0,-1,0,-2,0,-3,0,-4,0,-5,0,2086,14136
1773715484,6,5,6,181,7,180,8,406,9,0,10,0,11,500,12,152,13,318,14,0,15,0,16,500,5,54,4,36,3,738,2,2879,1,10429,0,0,-1,0,-2,0,-3,0,-4,0,-5,0,2237,14136
1773715485,6,5,6,181,7,180,8,406,9,0,10,0,11,500,12,152,13,318,14,0,15,0,16,500,5,54,4,36,3,738,2,2879,1,10429,0,0,-1,0,-2,0,-3,0,-4,0,-5,0,2237,14136
1773715486,6,5,6,181,7,180,8,406,9,0,10,0,11,500,12,152,13,318,14,0,15,0,16,500,5,54,4,36,3,738,2,2879,1,10429,0,0,-1,0,-2,0,-3,0,-4,0,-5,0,2237,14136
1773715487,6,5,6,181,7,180,8,406,9,0,10,0,11,500,12,152,13,318,14,0,15,0,16,500,5,54,4,36,3,738,2,2879,1,10429,0,0,-1,0,-2,0,-3,0,-4,0,-5,0,2237,14136
1773715488,6,5,6,181,7,180,8,406,9,0,10,0,11,500,12,152,13,318,14,0,15,0,16,500,5,54,4,36,3,738,2,2879,1,10429,0,0,-1,0,-2,0,-3,0,-4,0,-5,0,2237,14136
1773715489,6,5,6,181,7,180,8,406,9,0,10,0,11,500,12,152,13,318,14,0,15,0,16,500,5,54,4,36,3,738,2,2879,1,10429,0,0,-1,0,-2,0,-3,0,-4,0,-5,0,2237,14136
1773715490,6,5,6,387,7,180,8,0,9,0,10,0,11,700,12,152,13,318,14,0,15,0,16,500,5,54,4,36,3,738,2,2879,1,10429,0,0,-1,0,-2,0,-3,0,-4,0,-5,0,2237,14136
1773715491,6,5,6,387,7,180,8,0,9,0,10,0,11,700,12,152,13,318,14,0,15,0,16,500,5,54,4,36,3,738,2,2879,1,10429,0,0,-1,0,-2,0,-3,0,-4,0,-5,0,2237,14136
1773715492,6,5,6,387,7,180,8,0,9,0,10,0,11,700,12,152,13,318,14,0,15,0,16,500,5,54,4,36,3,738,2,2879,1,10429,0,0,-1,0,-2,0,-3,0,-4,0,-5,0,2237,14136
1773715493,6,5,6,216,7,180,8,0,9,0,10,0,11,700,12,152,13,318,14,0,15,0,16,500,5,10,4,36,3,738,2,2879,1,10429,0,0,-1,0,-2,0,-3,0,-4,0,-5,0,2066,14092
1773715494,6,5,6,216,7,180,8,0,9,0,10,0,11,700,12,152,13,318,14,0,15,0,16,500,5,10,4,36,3,738,2,2879,1,10429,0,0,-1,0,-2,0,-3,0,-4,0,-5,0,2066,14092
1773715495,6,5,6,216,7,180,8,0,9,0,10,0,11,700,12,152,13,318,14,0,15,0,16,500,5,10,4,36,3,738,2,2879,1,10429,0,0,-1,0,-2,0,-3,0,-4,0,-5,0,2066,14092
1773715496,6,5,6,216,7,180,8,0,9,0,10,0,11,700,12,152,13,318,14,0,15,0,16,500,5,10,4,36,3,738,2,2879,1,10429,0,0,-1,0,-2,0,-3,0,-4,0,-5,0,2066,14092
1773715497,6,5,6,216,7,180,8,0,9,0,10,0,11,700,12,152,13,318,14,0,15,0,16,500,5,10,4,36,3,738,2,2879,1,10429,0,0,-1,0,-2,0,-3,0,-4,0,-5,0,2066,14092
1773715498,6,5,6,216,7,180,8,0,9,0,10,0,11,700,12,152,13,318,14,0,15,0,16,500,5,10,4,36,3,738,2,2879,1,10429,0,0,-1,0,-2,0,-3,0,-4,0,-5,0,2066,14092
1773715499,6,5,6,216,7,180,8,0,9,0,10,0,11,700,12,152,13,318,14,0,15,0,16,500,5,10,4,36,3,738,2,2879,1,10429,0,0,-1,0,-2,0,-3,0,-4,0,-5,0,2066,14092
1773715500,6,5,6,236,7,180,8,0,9,0,10,0,11,700,12,152,13,318,14,0,15,0,16,500,5,10,4,36,3,738,2,2879,1,10429,0,0,-1,0,-2,0,-3,0,-4,0,-5,0,2086,14092
1773715501,6,5,6,236,7,180,8,0,9,0,10,0,11,700,12,152,13,318,14,0,15,0,16,500,5,10,4,36,3,738,2,2879,1,10429,0,0,-1,0,-2,0,-3,0,-4,0,-5,0,2086,14092
1773715502,6,5,6,236,7,180,8,0,9,0,10,0,11,700,12,152,13,318,14,0,15,0,16,500,5,10,4,36,3,738,2,2879,1,10429,0,0,-1,0,-2,0,-3,0,-4,0,-5,0,2086,14092
1773715503,6,5,6,236,7,180,8,0,9,0,10,0,11,700,12,152,13,318,14,0,15,0,16,500,5,10,4,36,3,738,2,2879,1,10429,0,0,-1,0,-2,0,-3,0,-4,0,-5,0,2086,14092
1773715504,6,5,6,236,7,180,8,0,9,0,10,0,11,700,12,152,13,318,14,0,15,0,16,500,5,10,4,36,3,738,2,2879,1,10429,0,0,-1,0,-2,0,-3,0,-4,0,-5,0,2086,14092
1773715505,6,5,6,236,7,180,8,0,9,0,10,0,11,700,12,152,13,318,14,0,15,0,16,500,5,10,4,36,3,738,2,2879,1,10429,0,0,-1,0,-2,0,-3,0,-4,0,-5,0,2086,14092
1773715506,6,5,6,236,7,180,8,0,9,0,10,0,11,700,12,152,13,318,14,0,15,0,16,500,5,10,4,36,3,738,2,2879,1,10429,0,0,-1,0,-2,0,-3,0,-4,0,-5,0,2086,14092
1773715507,6,5,6,236,7,180,8,0,9,0,10,0,11,700,12,152,13,318,14,0,15,0,16,500,5,10,4,36,3,738,2,2879,1,10429,0,0,-1,0,-2,0,-3,0,-4,0,-5,0,2086,14092
1773715508,6,5,6,236,7,180,8,0,9,0,10,0,11,700,12,152,13,318,14,0,15,0,16,500,5,10,4,36,3,738,2,2879,1,10429,0,0,-1,0,-2,0,-3,0,-4,0,-5,0,2086,14092
1773715509,6,5,6,236,7,180,8,0,9,0,10,0,11,700,12,152,13,318,14,0,15,0,16,500,5,10,4,36,3,738,2,2879,1,10429,0,0,-1,0,-2,0,-3,0,-4,0,-5,0,2086,14092
1773715510,6,5,6,236,7,180,8,0,9,0,10,0,11,700,12,152,13,318,14,0,15,0,16,500,5,10,4,36,3,738,2,2879,1,10429,0,0,-1,0,-2,0,-3,0,-4,0,-5,0,2086,14092
1773715511,6,5,6,236,7,180,8,0,9,0,10,0,11,700,12,793,13,318,14,0,15,0,16,500,5,10,4,36,3,738,2,2879,1,10429,0,0,-1,0,-2,0,-3,0,-4,0,-5,0,2727,14092
1773715512,6,5,6,236,7,180,8,0,9,0,10,0,11,700,12,793,13,318,14,0,15,0,16,500,5,10,4,36,3,738,2,2879,1,10429,0,0,-1,0,-2,0,-3,0,-4,0,-5,0,2727,14092
1773715513,6,5,6,236,7,180,8,0,9,0,10,0,11,700,12,793,13,318,14,0,15,0,16,500,5,10,4,36,3,738,2,2879,1,10429,0,0,-1,0,-2,0,-3,0,-4,0,-5,0,2727,14092
1773715514,6,5,6,236,7,180,8,0,9,0,10,0,11,700,12,793,13,318,14,0,15,0,16,500,5,10,4,36,3,738,2,2879,1,10429,0,0,-1,0,-2,0,-3,0,-4,0,-5,0,2727,14092
1773715515,6,5,6,236,7,180,8,0,9,0,10,0,11,700,12,793,13,318,14,0,15,0,16,500,5,10,4,36,3,738,2,2879,1,10429,0,0,-1,0,-2,0,-3,0,-4,0,-5,0,2727,14092
1773715516,6,5,6,236,7,180,8,0,9,0,10,0,11,700,12,863,13,318,14,0,15,0,16,500,5,10,4,36,3,738,2,2879,1,10429,0,0,-1,0,-2,0,-3,0,-4,0,-5,0,2797,14092
1773715517,6,5,6,236,7,180,8,0,9,0,10,0,11,700,12,863,13,318,14,0,15,0,16,500,5,10,4,36,3,738,2,2879,1,10429,0,0,-1,0,-2,0,-3,0,-4,0,-5,0,2797,14092
1773715518,6,5,6,236,7,0,8,0,9,0,10,0,11,0,12,863,13,318,14,0,15,0,16,0,5,10,4,36,3,738,2,2879,1,10429,0,0,-1,0,-2,0,-3,0,-4,0,-5,0,1417,14092
1773715519,6,5,6,236,7,0,8,0,9,0,10,0,11,200,12,652,13,318,14,0,15,165,16,0,5,10,4,36,3,738,2,2879,1,10429,0,0,-1,0,-2,0,-3,0,-4,0,-5,0,1571,14092
1773715520,6,5,6,236,7,0,8,0,9,0,10,351,11,0,12,652,13,483,14,0,15,0,16,0,5,10,4,36,3,738,2,2879,1,10429,0,0,-1,0,-2,0,-3,0,-4,0,-5,0,1722,14092
1773715521,6,5,6,236,7,0,8,0,9,0,10,351,11,0,12,652,13,483,14,0,15,0,16,0,5,10,4,36,3,738,2,2879,1,10429,0,0,-1,0,-2,0,-3,0,-4,0,-5,0,1722,14092
1773715522,6,5,6,236,7,0,8,0,9,0,10,351,11,0,12,652,13,483,14,0,15,0,16,0,5,10,4,36,3,738,2,2879,1,10429,0,0,-1,0,-2,0,-3,0,-4,0,-5,0,1722,14092
1773715523,6,5,6,236,7,0,8,0,9,0,10,351,11,0,12,652,13,483,14,0,15,0,16,0,5,10,4,36,3,738,2,2879,1,10429,0,0,-1,0,-2,0,-3,0,-4,0,-5,0,1722,14092
1773715524,6,5,6,236,7,0,8,0,9,0,10,351,11,0,12,652,13,483,14,0,15,0,16,0,5,10,4,36,3,738,2,2879,1,10429,0,0,-1,0,-2,0,-3,0,-4,0,-5,0,1722,14092
1773715525,6,5,6,236,7,0,8,0,9,0,10,351,11,0,12,652,13,483,14,0,15,0,16,0,5,10,4,36,3,738,2,2879,1,10429,0,0,-1,0,-2,0,-3,0,-4,0,-5,0,1722,14092
1773715526,6,5,6,236,7,0,8,0,9,0,10,351,11,0,12,652,13,483,14,0,15,0,16,0,5,10,4,36,3,738,2,2879,1,10429,0,0,-1,0,-2,0,-3,0,-4,0,-5,0,1722,14092
1773715527,6,5,6,236,7,0,8,0,9,0,10,351,11,0,12,652,13,483,14,0,15,0,16,0,5,10,4,36,3,738,2,2879,1,10429,0,0,-1,0,-2,0,-3,0,-4,0,-5,0,1722,14092
1773715528,6,5,6,236,7,0,8,0,9,0,10,351,11,0,12,652,13,483,14,0,15,0,16,0,5,10,4,36,3,738,2,2879,1,10429,0,0,-1,0,-2,0,-3,0,-4,0,-5,0,1722,14092
1773715529,6,5,6,236,7,0,8,0,9,0,10,351,11,0,12,652,13,483,14,0,15,0,16,0,5,10,4,36,3,738,2,2879,1,10429,0,0,-1,0,-2,0,-3,0,-4,0,-5,0,1722,14092
1773715530,6,5,6,236,7,0,8,0,9,0,10,351,11,0,12,652,13,483,14,0,15,0,16,0,5,10,4,36,3,738,2,2879,1,10429,0,0,-1,0,-2,0,-3,0,-4,0,-5,0,1722,14092
1773715531,6,5,6,236,7,0,8,0,9,0,10,351,11,0,12,652,13,483,14,0,15,0,16,0,5,10,4,36,3,738,2,2879,1,10429,0,0,-1,0,-2,0,-3,0,-4,0,-5,0,1722,14092
1773715532,6,5,6,236,7,0,8,0,9,0,10,351,11,0,12,652,13,483,14,0,15,0,16,0,5,10,4,36,3,738,2,2879,1,10429,0,0,-1,0,-2,0,-3,0,-4,0,-5,0,1722,14092
1773715533,6,5,6,236,7,0,8,0,9,0,10,351,11,0,12,652,13,483,14,0,15,0,16,0,5,10,4,36,3,738,2,2879,1,10429,0,0,-1,0,-2,0,-3,0,-4,0,-5,0,1722,14092
1773715534,6,5,6,236,7,0,8,0,9,0,10,351,11,0,12,652,13,483,14,0,15,0,16,0,5,10,4,36,3,738,2,2879,1,10429,0,0,-1,0,-2,0,-3,0,-4,0,-5,0,1722,14092
1773715535,6,5,6,236,7,0,8,0,9,0,10,351,11,0,12,652,13,483,14,0,15,0,16,0,5,10,4,36,3,738,2,2879,1,10429,0,0,-1,0,-2,0,-3,0,-4,0,-5,0,1722,14092
1773715536,6,5,6,236,7,0,8,0,9,0,10,351,11,0,12,652,13,483,14,0,15,0,16,0,5,10,4,36,3,738,2,2879,1,10429,0,0,-1,0,-2,0,-3,0,-4,0,-5,0,1722,14092
1773715537,6,5,6,236,7,0,8,0,9,0,10,351,11,0,12,652,13,483,14,0,15,0,16,0,5,10,4,36,3,738,2,2879,1,10429,0,0,-1,0,-2,0,-3,0,-4,0,-5,0,1722,14092
1773715538,6,5,6,236,7,0,8,0,9,0,10,351,11,0,12,652,13,165,14,0,15,0,16,0,5,10,4,36,3,738,2,2879,1,10429,0,0,-1,0,-2,0,-3,0,-4,0,-5,0,1404,14092
1773715539,6,5,6,236,7,0,8,0,9,0,10,351,11,0,12,652,13,165,14,0,15,0,16,0,5,10,4,36,3,738,2,2879,1,10429,0,0,-1,0,-2,0,-3,0,-4,0,-5,0,1404,14092
1773715540,6,5,6,236,7,0,8,0,9,0,10,351,11,0,12,652,13,165,14,0,15,0,16,0,5,10,4,36,3,738,2,2879,1,10429,0,0,-1,0,-2,0,-3,0,-4,0,-5,0,1404,14092
1773715541,6,5,6,236,7,0,8,0,9,0,10,351,11,0,12,652,13,165,14,0,15,0,16,0,5,10,4,36,3,738,2,2879,1,10429,0,0,-1,0,-2,0,-3,0,-4,0,-5,0,1404,14092
1773715542,6,5,6,236,7,0,8,0,9,0,10,351,11,0,12,652,13,165,14,0,15,0,16,0,5,10,4,36,3,738,2,2879,1,10429,0,0,-1,0,-2,0,-3,0,-4,0,-5,0,1404,14092
1773715543,6,4,6,236,7,0,8,0,9,0,10,351,11,0,12,652,13,165,14,0,15,0,16,0,4,25,3,738,2,2879,1,10429,0,0,-1,0,-2,0,-3,0,-4,0,-5,0,-6,0,1404,14071
1773715544,6,4,6,236,7,0,8,0,9,0,10,351,11,0,12,652,13,165,14,0,15,0,16,0,4,176,3,738,2,2879,1,10429,0,0,-1,0,-2,0,-3,0,-4,0,-5,0,-6,0,1404,14222
1773715545,6,4,6,236,7,0,8,0,9,0,10,351,11,0,12,652,13,165,14,0,15,0,16,0,4,176,3,738,2,2879,1,10429,0,0,-1,0,-2,0,-3,0,-4,0,-5,0,-6,0,1404,14222
1773715546,6,5,6,236,7,0,8,0,9,0,10,351,11,0,12,652,13,165,14,0,15,0,16,0,5,200,4,25,3,889,2,2879,1,11018,0,0,-1,0,-2,0,-3,0,-4,0,-5,0,1404,15011
1773715547,6,5,6,236,7,0,8,0,9,0,10,351,11,0,12,652,13,165,14,0,15,0,16,0,5,200,4,25,3,889,2,2879,1,11018,0,0,-1,0,-2,0,-3,0,-4,0,-5,0,1404,15011
1773715548,6,5,6,221,7,0,8,0,9,0,10,0,11,200,12,652,13,0,14,0,15,555,16,0,5,200,4,25,3,738,2,2879,1,10429,0,0,-1,0,-2,0,-3,0,-4,0,-5,0,1628,14271
1773715549,6,5,6,221,7,0,8,0,9,0,10,0,11,200,12,652,13,0,14,0,15,449,16,500,5,200,4,25,3,738,2,3377,1,10429,0,0,-1,0,-2,0,-3,0,-4,0,-5,0,2022,14769
1773715550,6,5,6,221,7,0,8,0,9,0,10,151,11,200,12,652,13,0,14,0,15,449,16,500,5,200,4,25,3,738,2,3377,1,10429,0,0,-1,0,-2,0,-3,0,-4,0,-5,0,2173,14769
1773715551,6,5,6,221,7,0,8,0,9,0,10,151,11,200,12,652,13,0,14,0,15,449,16,500,5,200,4,25,3,738,2,3462,1,10429,0,0,-1,0,-2,0,-3,0,-4,0,-5,0,2173,14854
1773715552,6,5,6,221,7,0,8,0,9,0,10,151,11,200,12,652,13,0,14,0,15,449,16,500,5,200,4,25,3,738,2,3462,1,10429,0,0,-1,0,-2,0,-3,0,-4,0,-5,0,2173,14854
1773715553,6,5,6,221,7,0,8,0,9,0,10,151,11,200,12,652,13,0,14,0,15,449,16,500,5,200,4,25,3,738,2,2879,1,10429,0,0,-1,0,-2,0,-3,0,-4,0,-5,0,2173,14271
1773715554,6,5,6,221,7,0,8,0,9,0,10,151,11,200,12,652,13,0,14,0,15,449,16,500,5,200,4,25,3,738,2,3482,1,10429,0,0,-1,0,-2,0,-3,0,-4,0,-5,0,2173,14874
1773715555,6,5,6,221,7,0,8,0,9,0,10,151,11,200,12,652,13,0,14,0,15,449,16,500,5,200,4,25,3,738,2,3482,1,10429,0,0,-1,0,-2,0,-3,0,-4,0,-5,0,2173,14874
1773715556,6,5,6,221,7,0,8,0,9,0,10,151,11,200,12,652,13,0,14,0,15,449,16,500,5,200,4,25,3,738,2,2879,1,10429,0,0,-1,0,-2,0,-3,0,-4,0,-5,0,2173,14271
1773715557,6,5,6,221,7,0,8,0,9,0,10,151,11,200,12,652,13,0,14,0,15,449,16,500,5,200,4,25,3,738,2,3436,1,10429,0,0,-1,0,-2,0,-3,0,-4,0,-5,0,2173,14828
1773715558,6,5,6,221,7,0,8,0,9,0,10,151,11,200,12,652,13,0,14,0,15,449,16,500,5,200,4,25,3,738,2,3436,1,10429,0,0,-1,0,-2,0,-3,0,-4,0,-5,0,2173,14828
1773715559,6,5,6,221,7,0,8,0,9,0,10,151,11,200,12,652,13,0,14,0,15,449,16,500,5,200,4,25,3,738,2,3470,1,10429,0,0,-1,0,-2,0,-3,0,-4,0,-5,0,2173,14862
1773715560,6,5,6,221,7,0,8,0,9,0,10,151,11,200,12,652,13,0,14,0,15,449,16,500,5,200,4,25,3,738,2,3470,1,10429,0,0,-1,0,-2,0,-3,0,-4,0,-5,0,2173,14862
1773715561,6,5,6,221,7,0,8,0,9,0,10,151,11,200,12,652,13,0,14,0,15,449,16,500,5,200,4,25,3,738,2,2879,1,10429,0,0,-1,0,-2,0,-3,0,-4,0,-5,0,2173,14271
1773715562,6,5,6,221,7,0,8,0,9,0,10,151,11,200,12,652,13,0,14,0,15,449,16,500,5,200,4,25,3,738,2,2879,1,10429,0,0,-1,0,-2,0,-3,0,-4,0,-5,0,2173,14271
1773715563,6,5,6,221,7,0,8,0,9,0,10,151,11,200,12,652,13,0,14,0,15,449,16,500,5,200,4,25,3,738,2,2879,1,10429,0,0,-1,0,-2,0,-3,0,-4,0,-5,0,2173,14271
1773715564,6,5,6,221,7,0,8,0,9,0,10,151,11,200,12,652,13,0,14,0,15,449,16,500,5,200,4,25,3,738,2,2879,1,10429,0,0,-1,0,-2,0,-3,0,-4,0,-5,0,2173,14271
1773715565,6,5,6,221,7,0,8,0,9,0,10,151,11,200,12,652,13,0,14,0,15,449,16,500,5,200,4,25,3,738,2,2879,1,10429,0,0,-1,0,-2,0,-3,0,-4,0,-5,0,2173,14271
1773715566,6,5,6,221,7,0,8,0,9,0,10,151,11,200,12,652,13,0,14,0,15,449,16,500,5,200,4,25,3,738,2,2879,1,10429,0,0,-1,0,-2,0,-3,0,-4,0,-5,0,2173,14271
1773715567,6,5,6,221,7,0,8,0,9,0,10,151,11,200,12,652,13,0,14,0,15,449,16,500,5,174,4,25,3,738,2,2879,1,10429,0,0,-1,0,-2,0,-3,0,-4,0,-5,0,2173,14245
1773715568,6,5,6,221,7,0,8,0,9,0,10,151,11,200,12,652,13,0,14,0,15,449,16,500,5,174,4,25,3,738,2,2879,1,10429,0,0,-1,0,-2,0,-3,0,-4,0,-5,0,2173,14245
1773715569,6,5,6,221,7,0,8,0,9,0,10,151,11,200,12,652,13,0,14,0,15,449,16,500,5,174,4,25,3,738,2,2879,1,10429,0,0,-1,0,-2,0,-3,0,-4,0,-5,0,2173,14245
1773715570,6,5,6,221,7,0,8,0,9,0,10,151,11,200,12,652,13,0,14,0,15,449,16,500,5,174,4,25,3,738,2,2879,1,10429,0,0,-1,0,-2,0,-3,0,-4,0,-5,0,2173,14245
1773715571,6,5,6,221,7,0,8,0,9,0,10,151,11,200,12,652,13,0,14,0,15,449,16,500,5,174,4,25,3,738,2,2879,1,10429,0,0,-1,0,-2,0,-3,0,-4,0,-5,0,2173,14245
1773715572,6,5,6,221,7,0,8,0,9,0,10,151,11,200,12,652,13,0,14,0,15,449,16,500,5,174,4,25,3,738,2,2879,1,10429,0,0,-1,0,-2,0,-3,0,-4,0,-5,0,2173,14245
1773715573,6,5,6,221,7,0,8,0,9,0,10,151,11,200,12,652,13,0,14,0,15,309,16,0,5,174,4,25,3,738,2,2879,1,10429,0,0,-1,0,-2,0,-3,0,-4,0,-5,0,1533,14245
1773715574,6,5,6,221,7,0,8,0,9,0,10,151,11,200,12,652,13,0,14,0,15,309,16,0,5,174,4,25,3,738,2,2879,1,10429,0,0,-1,0,-2,0,-3,0,-4,0,-5,0,1533,14245
1773715575,6,5,6,221,7,0,8,0,9,0,10,151,11,200,12,652,13,0,14,0,15,309,16,0,5,174,4,25,3,738,2,2879,1,10429,0,0,-1,0,-2,0,-3,0,-4,0,-5,0,1533,14245
1773715576,6,5,6,221,7,0,8,0,9,0,10,151,11,200,12,652,13,0,14,0,15,309,16,0,5,174,4,25,3,738,2,2879,1,10429,0,0,-1,0,-2,0,-3,0,-4,0,-5,0,1533,14245
1773715577,11,5,11,30,12,152,13,0,14,0,15,0,16,0,17,200,18,10,19,0,20,0,21,0,5,174,4,25,3,738,2,2879,1,10429,0,0,-1,0,-2,0,-3,0,-4,0,-5,0,392,14245
1773715578,11,5,11,10,12,152,13,0,14,0,15,0,16,0,17,0,18,10,19,0,20,0,21,0,5,174,4,375,3,588,2,2879,1,10429,0,0,-1,0,-2,0,-3,0,-4,0,-5,0,172,14445
1773715579,12,5,12,152,13,0,14,0,15,0,16,0,17,200,18,10,19,312,20,0,21,0,22,0,5,174,4,375,3,388,2,2879,1,10429,0,0,-1,0,-2,0,-3,0,-4,0,-5,0,674,14245
1773715580,11,5,11,10,12,152,13,0,14,0,15,0,16,0,17,0,18,10,19,312,20,0,21,0,5,524,4,225,3,388,2,2879,1,10429,0,0,-1,0,-2,0,-3,0,-4,0,-5,0,484,14445
1773715581,11,6,11,171,12,152,13,0,14,0,15,0,16,0,17,200,18,10,19,312,20,0,21,0,6,350,5,374,4,25,3,388,2,2879,1,10429,0,0,-1,0,-2,0,-3,0,-4,0,845,14445
1773715582,11,6,11,171,12,152,13,0,14,0,15,0,16,0,17,0,18,700,19,547,20,0,21,0,6,350,5,200,4,25,3,946,2,2879,1,10429,0,0,-1,0,-2,0,-3,0,-4,0,1570,14829
1773715583,11,6,11,171,12,152,13,0,14,0,15,0,16,0,17,0,18,700,19,547,20,0,21,0,6,161,5,0,4,375,3,946,2,2879,1,10672,0,0,-1,0,-2,0,-3,0,-4,0,1570,15033
1773715584,11,6,11,171,12,152,13,0,14,0,15,0,16,0,17,0,18,700,19,547,20,0,21,0,6,360,5,200,4,25,3,388,2,3122,1,10429,0,0,-1,0,-2,0,-3,0,-4,0,1570,14524
1773715585,11,6,11,171,12,152,13,0,14,0,15,0,16,0,17,0,18,700,19,547,20,0,21,0,6,360,5,200,4,25,3,953,2,3122,1,10429,0,0,-1,0,-2,0,-3,0,-4,0,1570,15089
1773715586,11,6,11,171,12,152,13,0,14,0,15,0,16,0,17,0,18,700,19,312,20,1206,21,0,6,370,5,200,4,25,3,953,2,3122,1,10471,0,0,-1,0,-2,0,-3,0,-4,0,2541,15141
1773715587,11,6,11,171,12,152,13,0,14,0,15,0,16,0,17,700,18,1723,19,312,20,0,21,0,6,10,5,550,4,25,3,388,2,3122,1,10429,0,0,-1,0,-2,0,-3,0,-4,0,3058,14524
1773715588,11,6,11,171,12,152,13,0,14,0,15,0,16,0,17,700,18,1723,19,312,20,500,21,0,6,20,5,550,4,25,3,977,2,3122,1,10488,0,0,-1,0,-2,0,-3,0,-4,0,3558,15182
1773715589,11,6,11,181,12,152,13,0,14,0,15,0,16,0,17,700,18,1723,19,312,20,500,21,0,6,370,5,200,4,25,3,977,2,3122,1,10488,0,0,-1,0,-2,0,-3,0,-4,0,3568,15182
1773715590,11,6,11,157,12,152,13,0,14,0,15,0,16,0,17,700,18,1723,19,312,20,500,21,0,6,360,5,200,4,25,3,965,2,3122,1,10481,0,0,-1,0,-2,0,-3,0,-4,0,3544,15153
1773715591,11,6,11,157,12,152,13,0,14,0,15,0,16,0,17,700,18,1723,19,312,20,500,21,0,6,10,5,350,4,225,3,965,2,3122,1,10481,0,0,-1,0,-2,0,-3,0,-4,0,3544,15153
1773715592,11,6,11,157,12,152,13,0,14,0,15,0,16,0,17,700,18,1206,19,312,20,500,21,0,6,10,5,350,4,225,3,388,2,3122,1,10481,0,0,-1,0,-2,0,-3,0,-4,0,3027,14576
1773715593,11,6,11,157,12,152,13,0,14,0,15,0,16,0,17,700,18,1206,19,312,20,500,21,0,6,10,5,350,4,225,3,979,2,3122,1,10481,0,0,-1,0,-2,0,-3,0,-4,0,3027,15167
1773715594,11,6,11,157,12,152,13,0,14,0,15,0,16,0,17,700,18,1205,19,312,20,500,21,0,6,360,5,200,4,25,3,979,2,3122,1,10429,0,0,-1,0,-2,0,-3,0,-4,0,3026,15115
1773715595,11,6,11,157,12,152,13,0,14,0,15,0,16,0,17,700,18,1205,19,312,20,500,21,0,6,360,5,200,4,25,3,388,2,3122,1,10429,0,0,-1,0,-2,0,-3,0,-4,0,3026,14524
1773715596,11,6,11,157,12,152,13,0,14,0,15,0,16,0,17,210,18,0,19,312,20,0,21,0,6,360,5,0,4,225,3,388,2,3122,1,10429,0,0,-1,0,-2,0,-3,0,-4,0,831,14524
1773715597,11,6,11,157,12,152,13,0,14,0,15,0,16,0,17,210,18,0,19,312,20,0,21,0,6,360,5,0,4,225,3,388,2,3122,1,10429,0,0,-1,0,-2,0,-3,0,-4,0,831,14524
1773715598,11,6,11,157,12,152,13,0,14,0,15,0,16,0,17,206,18,0,19,312,20,0,21,0,6,360,5,0,4,225,3,388,2,3122,1,10429,0,0,-1,0,-2,0,-3,0,-4,0,827,14524
1773715599,11,6,11,157,12,152,13,0,14,0,15,0,16,0,17,206,18,0,19,312,20,0,21,0,6,10,5,350,4,225,3,388,2,3122,1,10429,0,0,-1,0,-2,0,-3,0,-4,0,827,14524
1773715600,11,6,11,183,12,152,13,0,14,0,15,0,16,200,17,6,18,0,19,312,20,0,21,0,6,10,5,350,4,225,3,388,2,3122,1,10429,0,0,-1,0,-2,0,-3,0,-4,0,853,14524
1773715601,11,6,11,183,12,152,13,0,14,0,15,0,16,200,17,6,18,0,19,312,20,0,21,0,6,10,5,350,4,225,3,388,2,3122,1,10429,0,0,-1,0,-2,0,-3,0,-4,0,853,14524
1773715602,11,6,11,183,12,152,13,0,14,0,15,0,16,0,17,206,18,0,19,312,20,0,21,0,6,10,5,350,4,225,3,388,2,3122,1,10429,0,0,-1,0,-2,0,-3,0,-4,0,853,14524
1773715603,11,6,11,183,12,152,13,0,14,0,15,0,16,200,17,6,18,500,19,312,20,0,21,0,6,10,5,350,4,225,3,388,2,3122,1,10429,0,0,-1,0,-2,0,-3,0,-4,0,1353,14524
1773715604,11,6,11,183,12,152,13,0,14,0,15,0,16,200,17,6,18,500,19,312,20,0,21,0,6,10,5,350,4,225,3,388,2,3122,1,10429,0,0,-1,0,-2,0,-3,0,-4,0,1353,14524
1773715605,11,6,11,182,12,152,13,0,14,0,15,0,16,0,17,206,18,500,19,312,20,0,21,0,6,10,5,350,4,225,3,388,2,3122,1,10429,0,0,-1,0,-2,0,-3,0,-4,0,1352,14524
1773715606,11,6,11,182,12,152,13,0,14,0,15,0,16,200,17,6,18,500,19,312,20,0,21,0,6,10,5,350,4,225,3,388,2,3122,1,10429,0,0,-1,0,-2,0,-3,0,-4,0,1352,14524
1773715607,11,6,11,182,12,152,13,0,14,0,15,0,16,0,17,6,18,200,19,312,20,0,21,0,6,10,5,350,4,225,3,388,2,3122,1,10429,0,0,-1,0,-2,0,-3,0,-4,0,852,14524
1773715608,11,6,11,182,12,152,13,0,14,0,15,0,16,200,17,6,18,0,19,312,20,0,21,0,6,10,5,350,4,225,3,388,2,3122,1,10429,0,0,-1,0,-2,0,-3,0,-4,0,852,14524
1773715609,11,6,11,182,12,152,13,0,14,0,15,0,16,0,17,206,18,0,19,312,20,0,21,0,6,10,5,350,4,225,3,388,2,3122,1,10429,0,0,-1,0,-2,0,-3,0,-4,0,852,14524
1773715610,11,6,11,182,12,152,13,0,14,0,15,0,16,0,17,20,18,200,19,312,20,0,21,0,6,10,5,350,4,225,3,388,2,3122,1,10429,0,0,-1,0,-2,0,-3,0,-4,0,866,14524
1773715611,11,6,11,182,12,152,13,0,14,0,15,0,16,200,17,20,18,0,19,312,20,0,21,0,6,10,5,350,4,225,3,388,2,3122,1,10429,0,0,-1,0,-2,0,-3,0,-4,0,866,14524
1773715612,11,6,11,182,12,152,13,0,14,0,15,0,16,200,17,20,18,0,19,312,20,0,21,0,6,10,5,350,4,225,3,388,2,3122,1,10470,0,0,-1,0,-2,0,-3,0,-4,0,866,14565
1773715613,11,6,11,182,12,152,13,0,14,0,15,0,16,200,17,20,18,0,19,312,20,0,21,0,6,10,5,350,4,225,3,388,2,3122,1,10470,0,0,-1,0,-2,0,-3,0,-4,0,866,14565
1773715614,10,6,10,25,11,177,12,152,13,0,14,0,15,200,16,23,17,311,18,0,19,0,20,0,6,6,5,350,4,225,3,388,2,2879,1,10672,0,0,-1,0,-2,0,-3,0,-4,0,888,14520
1773715615,10,6,10,25,11,177,12,152,13,0,14,0,15,200,16,23,17,311,18,0,19,0,20,0,6,6,5,350,4,225,3,388,2,2879,1,10672,0,0,-1,0,-2,0,-3,0,-4,0,888,14520
1773715616,10,6,10,25,11,177,12,152,13,0,14,0,15,200,16,23,17,311,18,0,19,0,20,0,6,6,5,350,4,225,3,388,2,2879,1,10672,0,0,-1,0,-2,0,-3,0,-4,0,888,14520
1773715617,10,6,10,26,11,177,12,152,13,0,14,0,15,200,16,23,17,311,18,0,19,0,20,0,6,7,5,350,4,225,3,388,2,2879,1,10672,0,0,-1,0,-2,0,-3,0,-4,0,889,14521
1773715618,10,6,10,26,11,177,12,152,13,0,14,0,15,200,16,248,17,0,18,0,19,0,20,0,6,7,5,350,4,225,3,388,2,2879,1,10550,0,0,-1,0,-2,0,-3,0,-4,0,803,14399
1773715619,10,6,10,26,11,177,12,152,13,0,14,0,15,200,16,248,17,0,18,0,19,0,20,0,6,31,5,350,4,225,3,388,2,2879,1,10429,0,0,-1,0,-2,0,-3,0,-4,0,803,14302
1773715620,10,6,10,26,11,177,12,152,13,0,14,0,15,200,16,248,17,0,18,0,19,0,20,0,6,31,5,350,4,225,3,388,2,2879,1,10429,0,0,-1,0,-2,0,-3,0,-4,0,803,14302
1773715621,10,6,10,46,11,177,12,152,13,0,14,0,15,200,16,248,17,0,18,0,19,0,20,0,6,1,5,30,4,375,3,388,2,2879,1,10429,0,0,-1,0,-2,0,-3,0,-4,0,823,14102
1773715622,10,6,10,46,11,177,12,152,13,0,14,0,15,200,16,248,17,0,18,0,19,0,20,0,6,1,5,30,4,375,3,388,2,2879,1,10429,0,0,-1,0,-2,0,-3,0,-4,0,823,14102
1773715623,10,4,10,46,11,177,12,152,13,0,14,0,15,200,16,248,17,0,18,0,19,0,20,0,4,375,3,388,2,2879,1,10429,0,0,-1,0,-2,0,-3,0,-4,0,-5,0,-6,0,823,14071
1773715624,10,4,10,46,11,177,12,152,13,0,14,0,15,200,16,248,17,0,18,0,19,0,20,0,4,375,3,388,2,2879,1,10429,0,0,-1,0,-2,0,-3,0,-4,0,-5,0,-6,0,823,14071
1773715625,10,4,10,46,11,177,12,152,13,0,14,0,15,200,16,248,17,0,18,0,19,0,20,0,4,375,3,388,2,2879,1,11011,0,0,-1,0,-2,0,-3,0,-4,0,-5,0,-6,0,823,14653
1773715626,10,4,10,46,11,177,12,152,13,0,14,0,15,200,16,248,17,0,18,0,19,0,20,0,4,375,3,388,2,2879,1,11011,0,0,-1,0,-2,0,-3,0,-4,0,-5,0,-6,0,823,14653
1773715627,10,4,10,46,11,177,12,152,13,0,14,0,15,200,16,248,17,0,18,0,19,0,20,0,4,375,3,388,2,2879,1,10429,0,0,-1,0,-2,0,-3,0,-4,0,-5,0,-6,0,823,14071
1773715628,10,4,10,46,11,177,12,152,13,0,14,0,15,200,16,248,17,0,18,0,19,0,20,0,4,375,3,388,2,2879,1,10981,0,0,-1,0,-2,0,-3,0,-4,0,-5,0,-6,0,823,14623
1773715629,10,4,10,46,11,177,12,152,13,0,14,0,15,200,16,248,17,0,18,0,19,0,20,0,4,375,3,388,2,2879,1,10981,0,0,-1,0,-2,0,-3,0,-4,0,-5,0,-6,0,823,14623
1773715630,10,4,10,46,11,177,12,152,13,0,14,0,15,200,16,248,17,0,18,0,19,0,20,0,4,375,3,388,2,2879,1,11036,0,0,-1,0,-2,0,-3,0,-4,0,-5,0,-6,0,823,14678
1773715631,10,4,10,46,11,177,12,152,13,0,14,0,15,200,16,248,17,0,18,0,19,0,20,0,4,405,3,388,2,2879,1,11036,0,0,-1,0,-2,0,-3,0,-4,0,-5,0,-6,0,823,14708
1773715632,9,4,9,25,10,21,11,26,12,152,13,0,14,18,15,229,16,0,17,0,18,0,19,0,4,405,3,388,2,2879,1,10429,0,0,-1,0,-2,0,-3,0,-4,0,-5,0,-6,0,471,14101
1773715633,8,4,8,7,9,10,10,172,11,26,12,152,13,200,14,6,15,229,16,0,17,0,18,0,4,405,3,388,2,2879,1,10935,0,0,-1,0,-2,0,-3,0,-4,0,-5,0,-6,0,802,14607
1773715634,8,4,8,7,9,10,10,172,11,26,12,152,13,200,14,19,15,229,16,0,17,0,18,0,4,405,3,388,2,2879,1,10935,0,0,-1,0,-2,0,-3,0,-4,0,-5,0,-6,0,815,14607
1773715635,8,4,8,7,9,10,10,172,11,26,12,152,13,200,14,6,15,229,16,0,17,0,18,0,4,405,3,388,2,2879,1,10973,0,0,-1,0,-2,0,-3,0,-4,0,-5,0,-6,0,802,14645
1773715636,8,4,8,27,9,10,10,152,11,26,12,152,13,0,14,6,15,229,16,0,17,0,18,0,4,55,3,738,2,2879,1,10973,0,0,-1,0,-2,0,-3,0,-4,0,-5,0,-6,0,602,14645
1773715637,8,4,8,27,9,10,10,178,11,0,12,152,13,200,14,19,15,229,16,0,17,0,18,0,4,55,3,738,2,2879,1,10429,0,0,-1,0,-2,0,-3,0,-4,0,-5,0,-6,0,815,14101
1773715638,8,4,8,27,9,10,10,178,11,0,12,152,13,200,14,6,15,229,16,0,17,0,18,0,4,55,3,738,2,2879,1,10429,0,0,-1,0,-2,0,-3,0,-4,0,-5,0,-6,0,802,14101
1773715639,8,4,8,27,9,10,10,178,11,0,12,152,13,200,14,6,15,229,16,0,17,0,18,0,4,55,3,738,2,2879,1,10429,0,0,-1,0,-2,0,-3,0,-4,0,-5,0,-6,0,802,14101
1773715640,8,4,8,27,9,10,10,178,11,0,12,152,13,200,14,6,15,229,16,0,17,0,18,0,4,55,3,738,2,2879,1,10429,0,0,-1,0,-2,0,-3,0,-4,0,-5,0,-6,0,802,14101
1773715641,8,4,8,27,9,10,10,178,11,0,12,152,13,200,14,6,15,229,16,0,17,0,18,0,4,55,3,738,2,2879,1,10429,0,0,-1,0,-2,0,-3,0,-4,0,-5,0,-6,0,802,14101
1773715642,8,4,8,27,9,10,10,178,11,0,12,152,13,200,14,6,15,229,16,0,17,0,18,0,4,55,3,738,2,2879,1,10429,0,0,-1,0,-2,0,-3,0,-4,0,-5,0,-6,0,802,14101
1773715643,8,4,8,27,9,10,10,178,11,0,12,152,13,200,14,6,15,229,16,0,17,0,18,0,4,55,3,738,2,2879,1,10429,0,0,-1,0,-2,0,-3,0,-4,0,-5,0,-6,0,802,14101
1773715644,8,4,8,27,9,10,10,178,11,0,12,152,13,200,14,6,15,229,16,0,17,0,18,0,4,55,3,738,2,2879,1,10429,0,0,-1,0,-2,0,-3,0,-4,0,-5,0,-6,0,802,14101
1773715645,8,4,8,27,9,10,10,178,11,0,12,152,13,200,14,6,15,311,16,0,17,0,18,0,4,55,3,738,2,2879,1,10429,0,0,-1,0,-2,0,-3,0,-4,0,-5,0,-6,0,884,14101
1773715646,8,4,8,27,9,10,10,178,11,0,12,152,13,200,14,6,15,311,16,0,17,0,18,0,4,55,3,738,2,2879,1,10429,0,0,-1,0,-2,0,-3,0,-4,0,-5,0,-6,0,884,14101
1773715647,8,4,8,27,9,10,10,178,11,0,12,152,13,200,14,6,15,311,16,0,17,0,18,0,4,55,3,738,2,2879,1,10429,0,0,-1,0,-2,0,-3,0,-4,0,-5,0,-6,0,884,14101
1773715648,8,4,8,27,9,10,10,178,11,0,12,152,13,200,14,6,15,311,16,0,17,0,18,0,4,55,3,738,2,2879,1,10429,0,0,-1,0,-2,0,-3,0,-4,0,-5,0,-6,0,884,14101
1773715649,8,4,8,27,9,10,10,178,11,0,12,152,13,200,14,6,15,311,16,0,17,0,18,0,4,55,3,738,2,2879,1,10429,0,0,-1,0,-2,0,-3,0,-4,0,-5,0,-6,0,884,14101
1773715650,8,4,8,27,9,10,10,178,11,0,12,152,13,200,14,6,15,311,16,0,17,0,18,0,4,55,3,738,2,2879,1,10429,0,0,-1,0,-2,0,-3,0,-4,0,-5,0,-6,0,884,14101
1773715651,6,4,6,26,7,0,8,47,9,10,10,1,11,0,12,152,13,0,14,206,15,311,16,0,4,55,3,738,2,2879,1,10429,0,0,-1,0,-2,0,-3,0,-4,0,-5,0,-6,0,753,14101
1773715652,6,4,6,26,7,0,8,47,9,0,10,1,11,0,12,152,13,0,14,6,15,311,16,0,4,55,3,738,2,2879,1,10429,0,0,-1,0,-2,0,-3,0,-4,0,-5,0,-6,0,543,14101
1773715653,6,4,6,26,7,0,8,47,9,0,10,1,11,151,12,152,13,0,14,6,15,311,16,0,4,55,3,738,2,2879,1,10429,0,0,-1,0,-2,0,-3,0,-4,0,-5,0,-6,0,694,14101
1773715654,6,4,6,26,7,0,8,47,9,0,10,1,11,151,12,152,13,200,14,6,15,311,16,0,4,55,3,738,2,2879,1,10429,0,0,-1,0,-2,0,-3,0,-4,0,-5,0,-6,0,894,14101
1773715655,6,4,6,26,7,0,8,47,9,0,10,1,11,151,12,152,13,200,14,6,15,311,16,0,4,55,3,738,2,2879,1,10429,0,0,-1,0,-2,0,-3,0,-4,0,-5,0,-6,0,894,14101
1773715656,6,4,6,76,7,0,8,7,9,0,10,1,11,151,12,152,13,0,14,223,15,311,16,0,4,55,3,738,2,2879,1,10429,0,0,-1,0,-2,0,-3,0,-4,0,-5,0,-6,0,921,14101
1773715657,6,4,6,76,7,0,8,7,9,0,10,1,11,151,12,352,13,0,14,23,15,311,16,0,4,55,3,738,2,2879,1,10429,0,0,-1,0,-2,0,-3,0,-4,0,-5,0,-6,0,921,14101
1773715658,6,4,6,76,7,0,8,7,9,0,10,1,11,151,12,152,13,0,14,206,15,311,16,0,4,55,3,738,2,2879,1,10429,0,0,-1,0,-2,0,-3,0,-4,0,-5,0,-6,0,904,14101
1773715659,6,4,6,76,7,0,8,7,9,0,10,1,11,151,12,352,13,0,14,6,15,311,16,0,4,55,3,738,2,2879,1,10429,0,0,-1,0,-2,0,-3,0,-4,0,-5,0,-6,0,904,14101
1773715660,6,4,6,76,7,0,8,7,9,0,10,1,11,151,12,352,13,0,14,6,15,311,16,0,4,55,3,738,2,2879,1,10429,0,0,-1,0,-2,0,-3,0,-4,0,-5,0,-6,0,904,14101
1773715661,6,4,6,76,7,0,8,7,9,0,10,1,11,151,12,352,13,0,14,6,15,311,16,0,4,55,3,738,2,2879,1,10429,0,0,-1,0,-2,0,-3,0,-4,0,-5,0,-6,0,904,14101
1773715662,6,4,6,76,7,0,8,7,9,0,10,1,11,151,12,352,13,0,14,6,15,311,16,0,4,55,3,738,2,2879,1,10429,0,0,-1,0,-2,0,-3,0,-4,0,-5,0,-6,0,904,14101
1773715663,6,4,6,76,7,0,8,7,9,0,10,1,11,151,12,352,13,0,14,6,15,311,16,0,4,55,3,738,2,2879,1,10429,0,0,-1,0,-2,0,-3,0,-4,0,-5,0,-6,0,904,14101
1773715664,6,4,6,76,7,0,8,7,9,0,10,1,11,151,12,352,13,0,14,6,15,311,16,0,4,55,3,738,2,2879,1,10429,0,0,-1,0,-2,0,-3,0,-4,0,-5,0,-6,0,904,14101
1773715665,6,4,6,76,7,0,8,7,9,0,10,1,11,151,12,152,13,0,14,219,15,311,16,0,4,55,3,738,2,2879,1,10429,0,0,-1,0,-2,0,-3,0,-4,0,-5,0,-6,0,917,14101
1773715666,6,4,6,76,7,0,8,7,9,0,10,1,11,151,12,152,13,200,14,19,15,311,16,0,4,55,3,738,2,2879,1,10429,0,0,-1,0,-2,0,-3,0,-4,0,-5,0,-6,0,917,14101
1773715667,6,4,6,76,7,0,8,7,9,0,10,1,11,151,12,152,13,200,14,19,15,311,16,0,4,55,3,738,2,2879,1,10429,0,0,-1,0,-2,0,-3,0,-4,0,-5,0,-6,0,917,14101
1773715668,6,4,6,76,7,0,8,7,9,0,10,1,11,151,12,152,13,200,14,19,15,311,16,0,4,55,3,738,2,2879,1,10429,0,0,-1,0,-2,0,-3,0,-4,0,-5,0,-6,0,917,14101
1773715669,6,4,6,76,7,0,8,7,9,0,10,1,11,151,12,152,13,200,14,19,15,311,16,0,4,55,3,738,2,2879,1,10429,0,0,-1,0,-2,0,-3,0,-4,0,-5,0,-6,0,917,14101
1773715670,6,4,6,76,7,0,8,7,9,0,10,1,11,151,12,152,13,200,14,19,15,311,16,0,4,55,3,738,2,2879,1,10429,0,0,-1,0,-2,0,-3,0,-4,0,-5,0,-6,0,917,14101
1773715671,8,4,8,6,9,0,10,1,11,201,12,152,13,200,14,5,15,311,16,0,17,0,18,0,4,55,3,738,2,2879,1,10429,0,0,-1,0,-2,0,-3,0,-4,0,-5,0,-6,0,876,14101
1773715672,8,4,8,6,9,0,10,31,11,201,12,152,13,200,14,5,15,311,16,0,17,0,18,0,4,55,3,738,2,2879,1,10429,0,0,-1,0,-2,0,-3,0,-4,0,-5,0,-6,0,906,14101
1773715673,8,5,8,6,9,0,10,31,11,201,12,152,13,200,14,5,15,311,16,0,17,0,18,0,5,15,4,405,3,388,2,2879,1,10429,0,0,-1,0,-2,0,-3,0,-4,0,-5,0,906,14116
1773715674,8,5,8,6,9,0,10,31,11,201,12,152,13,200,14,19,15,311,16,0,17,0,18,0,5,15,4,405,3,388,2,3443,1,10429,0,0,-1,0,-2,0,-3,0,-4,0,-5,0,920,14680
1773715675,8,5,8,6,9,0,10,31,11,201,12,152,13,200,14,19,15,311,16,0,17,0,18,0,5,15,4,405,3,388,2,3443,1,10429,0,0,-1,0,-2,0,-3,0,-4,0,-5,0,920,14680
1773715676,8,5,8,6,9,0,10,31,11,201,12,352,13,0,14,5,15,311,16,0,17,0,18,0,5,15,4,405,3,388,2,3460,1,10429,0,0,-1,0,-2,0,-3,0,-4,0,-5,0,906,14697
1773715677,8,5,8,6,9,0,10,31,11,201,12,352,13,0,14,5,15,311,16,0,17,0,18,0,5,15,4,405,3,388,2,3460,1,10429,0,0,-1,0,-2,0,-3,0,-4,0,-5,0,906,14697
1773715678,8,5,8,6,9,0,10,31,11,201,12,352,13,0,14,5,15,311,16,0,17,0,18,0,5,15,4,405,3,388,2,2879,1,10429,0,0,-1,0,-2,0,-3,0,-4,0,-5,0,906,14116
1773715679,8,5,8,6,9,0,10,31,11,201,12,152,13,0,14,240,15,311,16,0,17,0,18,0,5,15,4,405,3,388,2,3387,1,10429,0,0,-1,0,-2,0,-3,0,-4,0,-5,0,941,14624
1773715680,8,5,8,6,9,0,10,31,11,201,12,152,13,0,14,240,15,311,16,0,17,0,18,0,5,15,4,405,3,388,2,3387,1,10429,0,0,-1,0,-2,0,-3,0,-4,0,-5,0,941,14624
1773715681,8,5,8,6,9,0,10,31,11,201,12,152,13,0,14,240,15,311,16,0,17,0,18,0,5,15,4,405,3,388,2,3414,1,10429,0,0,-1,0,-2,0,-3,0,-4,0,-5,0,941,14651
1773715682,8,5,8,6,9,0,10,31,11,201,12,152,13,0,14,240,15,311,16,0,17,0,18,0,5,15,4,405,3,388,2,3414,1,10429,0,0,-1,0,-2,0,-3,0,-4,0,-5,0,941,14651
1773715683,8,5,8,6,9,0,10,31,11,201,12,152,13,0,14,240,15,311,16,0,17,0,18,0,5,15,4,405,3,388,2,2879,1,10429,0,0,-1,0,-2,0,-3,0,-4,0,-5,0,941,14116
1773715684,8,5,8,6,9,0,10,31,11,201,12,152,13,0,14,223,15,311,16,0,17,0,18,0,5,15,4,405,3,388,2,3461,1,10429,0,0,-1,0,-2,0,-3,0,-4,0,-5,0,924,14698
1773715685,8,5,8,6,9,0,10,31,11,201,12,152,13,0,14,205,15,311,16,0,17,0,18,0,5,15,4,405,3,388,2,3461,1,10429,0,0,-1,0,-2,0,-3,0,-4,0,-5,0,906,14698
1773715686,8,5,8,6,9,0,10,31,11,201,12,152,13,200,14,5,15,311,16,0,17,0,18,0,5,15,4,405,3,388,2,2879,1,10429,0,0,-1,0,-2,0,-3,0,-4,0,-5,0,906,14116
1773715687,8,5,8,6,9,0,10,31,11,201,12,152,13,200,14,5,15,311,16,0,17,0,18,0,5,15,4,405,3,388,2,2879,1,10429,0,0,-1,0,-2,0,-3,0,-4,0,-5,0,906,14116
1773715688,8,5,8,6,9,0,10,31,11,201,12,152,13,200,14,5,15,311,16,0,17,0,18,0,5,15,4,405,3,388,2,2879,1,10429,0,0,-1,0,-2,0,-3,0,-4,0,-5,0,906,14116
1773715689,8,5,8,6,9,0,10,31,11,201,12,152,13,200,14,5,15,311,16,0,17,0,18,0,5,15,4,405,3,388,2,2879,1,10429,0,0,-1,0,-2,0,-3,0,-4,0,-5,0,906,14116
1773715690,8,5,8,6,9,0,10,31,11,201,12,152,13,0,14,205,15,311,16,0,17,0,18,0,5,15,4,405,3,388,2,2879,1,10429,0,0,-1,0,-2,0,-3,0,-4,0,-5,0,906,14116
1773715691,8,5,8,6,9,0,10,31,11,201,12,352,13,0,14,5,15,311,16,0,17,0,18,0,5,15,4,405,3,388,2,2879,1,10429,0,0,-1,0,-2,0,-3,0,-4,0,-5,0,906,14116
1773715692,8,5,8,6,9,0,10,31,11,201,12,352,13,0,14,5,15,311,16,0,17,0,18,0,5,15,4,405,3,388,2,2879,1,10429,0,0,-1,0,-2,0,-3,0,-4,0,-5,0,906,14116
1773715693,8,5,8,6,9,0,10,31,11,201,12,152,13,0,14,240,15,311,16,0,17,0,18,0,5,15,4,405,3,388,2,2879,1,10429,0,0,-1,0,-2,0,-3,0,-4,0,-5,0,941,14116
1773715694,8,5,8,6,9,0,10,31,11,201,12,152,13,0,14,240,15,311,16,0,17,0,18,0,5,15,4,405,3,388,2,2879,1,10429,0,0,-1,0,-2,0,-3,0,-4,0,-5,0,941,14116
1773715695,8,5,8,6,9,0,10,31,11,401,12,152,13,0,14,5,15,311,16,0,17,0,18,0,5,15,4,405,3,388,2,2879,1,10429,0,0,-1,0,-2,0,-3,0,-4,0,-5,0,906,14116
1773715696,8,5,8,6,9,0,10,31,11,401,12,152,13,0,14,5,15,311,16,0,17,0,18,0,5,15,4,405,3,388,2,2879,1,10429,0,0,-1,0,-2,0,-3,0,-4,0,-5,0,906,14116
1773715697,8,4,8,6,9,0,10,31,11,201,12,152,13,0,14,205,15,310,16,0,17,0,18,0,4,405,3,388,2,2879,1,10977,0,0,-1,0,-2,0,-3,0,-4,0,-5,0,-6,0,905,14649
1773715698,8,4,8,6,9,0,10,31,11,201,12,152,13,0,14,205,15,310,16,0,17,0,18,0,4,405,3,388,2,2879,1,10977,0,0,-1,0,-2,0,-3,0,-4,0,-5,0,-6,0,905,14649
1773715699,8,4,8,6,9,0,10,31,11,201,12,152,13,0,14,205,15,310,16,0,17,0,18,0,4,405,3,388,2,2879,1,10429,0,0,-1,0,-2,0,-3,0,-4,0,-5,0,-6,0,905,14101
1773715700,8,4,8,6,9,0,10,31,11,201,12,152,13,0,14,205,15,310,16,0,17,0,18,0,4,405,3,388,2,2879,1,11001,0,0,-1,0,-2,0,-3,0,-4,0,-5,0,-6,0,905,14673
1773715701,7,4,7,10,8,106,9,0,10,1,11,0,12,152,13,0,14,205,15,310,16,0,17,0,4,405,3,388,2,2879,1,11001,0,0,-1,0,-2,0,-3,0,-4,0,-5,0,-6,0,784,14673
1773715702,7,4,7,30,8,106,9,0,10,1,11,0,12,152,13,0,14,205,15,310,16,0,17,0,4,405,3,388,2,2879,1,10429,0,0,-1,0,-2,0,-3,0,-4,0,-5,0,-6,0,804,14101
1773715703,7,4,7,31,8,106,9,0,10,1,11,151,12,152,13,0,14,205,15,310,16,0,17,0,4,555,3,738,2,2879,1,10982,0,0,-1,0,-2,0,-3,0,-4,0,-5,0,-6,0,956,15154
1773715704,7,4,7,31,8,106,9,0,10,1,11,151,12,152,13,0,14,205,15,310,16,0,17,0,4,555,3,738,2,2879,1,10982,0,0,-1,0,-2,0,-3,0,-4,0,-5,0,-6,0,956,15154
1773715705,7,4,7,31,8,106,9,0,10,1,11,151,12,352,13,0,14,5,15,310,16,0,17,0,4,555,3,738,2,2879,1,11000,0,0,-1,0,-2,0,-3,0,-4,0,-5,0,-6,0,956,15172
1773715706,7,4,7,31,8,106,9,0,10,1,11,151,12,352,13,0,14,5,15,310,16,0,17,0,4,555,3,738,2,2879,1,11000,0,0,-1,0,-2,0,-3,0,-4,0,-5,0,-6,0,956,15172
1773715707,7,4,7,31,8,106,9,0,10,1,11,151,12,352,13,0,14,5,15,310,16,0,17,0,4,555,3,738,2,2879,1,10429,0,0,-1,0,-2,0,-3,0,-4,0,-5,0,-6,0,956,14601
1773715708,7,4,7,31,8,106,9,0,10,1,11,151,12,352,13,0,14,5,15,310,16,0,17,0,4,555,3,738,2,2879,1,10976,0,0,-1,0,-2,0,-3,0,-4,0,-5,0,-6,0,956,15148
1773715709,7,4,7,31,8,106,9,0,10,1,11,151,12,352,13,0,14,5,15,310,16,0,17,0,4,555,3,389,2,2879,1,10976,0,0,-1,0,-2,0,-3,0,-4,0,-5,0,-6,0,956,14799
1773715710,7,4,7,31,8,106,9,0,10,1,11,151,12,352,13,0,14,5,15,310,16,0,17,0,4,555,3,389,2,2879,1,10429,0,0,-1,0,-2,0,-3,0,-4,0,-5,0,-6,0,956,14252
1773715711,7,4,7,51,8,106,9,0,10,1,11,151,12,352,13,0,14,5,15,310,16,0,17,0,4,555,3,389,2,2879,1,10429,0,0,-1,0,-2,0,-3,0,-4,0,-5,0,-6,0,976,14252
1773715712,7,4,7,51,8,106,9,0,10,1,11,151,12,352,13,0,14,26,15,310,16,0,17,0,4,555,3,389,2,2879,1,10429,0,0,-1,0,-2,0,-3,0,-4,0,-5,0,-6,0,997,14252
1773715713,6,4,6,10,7,41,8,106,9,0,10,1,11,151,12,352,13,0,14,26,15,310,16,0,4,555,3,389,2,2879,1,10429,0,0,-1,0,-2,0,-3,0,-4,0,-5,0,-6,0,997,14252
1773715714,7,4,7,51,8,106,9,0,10,1,11,151,12,352,13,0,14,26,15,310,16,0,17,0,4,555,3,389,2,2879,1,10429,0,0,-1,0,-2,0,-3,0,-4,0,-5,0,-6,0,997,14252
1773715715,7,4,7,51,8,106,9,0,10,1,11,151,12,352,13,0,14,26,15,310,16,0,17,0,4,555,3,389,2,2879,1,10429,0,0,-1,0,-2,0,-3,0,-4,0,-5,0,-6,0,997,14252
1773715716,6,4,6,50,7,100,8,6,9,0,10,2,11,151,12,352,13,0,14,26,15,310,16,0,4,555,3,389,2,2879,1,10429,0,0,-1,0,-2,0,-3,0,-4,0,-5,0,-6,0,997,14252
1773715717,6,4,6,50,7,100,8,6,9,0,10,2,11,151,12,352,13,0,14,26,15,310,16,0,4,555,3,389,2,2879,1,10429,0,0,-1,0,-2,0,-3,0,-4,0,-5,0,-6,0,997,14252
1773715718,6,4,6,50,7,110,8,6,9,0,10,2,11,151,12,352,13,0,14,26,15,310,16,0,4,555,3,389,2,2879,1,10429,0,0,-1,0,-2,0,-3,0,-4,0,-5,0,-6,0,1007,14252
1773715719,6,4,6,50,7,110,8,6,9,0,10,2,11,151,12,352,13,0,14,26,15,310,16,0,4,555,3,389,2,2879,1,10429,0,0,-1,0,-2,0,-3,0,-4,0,-5,0,-6,0,1007,14252
1773715720,6,4,6,50,7,110,8,6,9,0,10,2,11,151,12,352,13,0,14,26,15,310,16,0,4,555,3,389,2,2879,1,10429,0,0,-1,0,-2,0,-3,0,-4,0,-5,0,-6,0,1007,14252
1773715721,6,4,6,50,7,110,8,6,9,0,10,2,11,151,12,352,13,0,14,26,15,310,16,0,4,555,3,1389,2,2879,1,10429,0,0,-1,0,-2,0,-3,0,-4,0,-5,0,-6,0,1007,15252
1773715722,6,4,6,50,7,110,8,6,9,1,10,201,11,0,12,152,13,0,14,596,15,310,16,0,4,555,3,1389,2,2879,1,10429,0,0,-1,0,-2,0,-3,0,-4,0,-5,0,-6,0,1426,15252
1773715723,6,4,6,50,7,110,8,6,9,0,10,2,11,200,12,152,13,0,14,596,15,310,16,0,4,555,3,1389,2,2879,1,10429,0,0,-1,0,-2,0,-3,0,-4,0,-5,0,-6,0,1426,15252
1773715724,6,4,6,50,7,110,8,6,9,1,10,152,11,200,12,152,13,0,14,596,15,310,16,0,4,555,3,1389,2,2879,1,10429,0,0,-1,0,-2,0,-3,0,-4,0,-5,0,-6,0,1577,15252
1773715725,5,4,5,6,6,202,7,310,8,0,9,0,10,501,11,179,12,152,13,227,14,0,15,0,4,555,3,1388,2,2880,1,10429,0,0,-1,0,-2,0,-3,0,-4,0,-5,0,-6,0,1577,15252
1773715726,5,4,5,46,6,211,7,310,8,0,9,0,10,501,11,179,12,152,13,227,14,0,15,0,4,555,3,1388,2,2929,1,10429,0,0,-1,0,-2,0,-3,0,-4,0,-5,0,-6,0,1626,15301
1773715727,5,4,5,46,6,210,7,310,8,0,9,0,10,501,11,179,12,152,13,227,14,0,15,0,4,555,3,1388,2,2929,1,10429,0,0,-1,0,-2,0,-3,0,-4,0,-5,0,-6,0,1625,15301
1773715728,5,4,5,46,6,210,7,310,8,0,9,0,10,501,11,179,12,152,13,227,14,0,15,0,4,555,3,1388,2,2929,1,10429,0,0,-1,0,-2,0,-3,0,-4,0,-5,0,-6,0,1625,15301
1773715729,5,4,5,46,6,210,7,310,8,0,9,0,10,501,11,179,12,152,13,227,14,0,15,0,4,555,3,1388,2,2929,1,10429,0,0,-1,0,-2,0,-3,0,-4,0,-5,0,-6,0,1625,15301
1773715730,5,4,5,46,6,210,7,310,8,0,9,0,10,501,11,179,12,152,13,227,14,0,15,0,4,555,3,1388,2,2929,1,10429,0,0,-1,0,-2,0,-3,0,-4,0,-5,0,-6,0,1625,15301
1773715731,5,4,5,76,6,200,7,310,8,0,9,0,10,501,11,179,12,152,13,227,14,0,15,0,4,555,3,1388,2,2929,1,10429,0,0,-1,0,-2,0,-3,0,-4,0,-5,0,-6,0,1645,15301
1773715732,5,4,5,76,6,200,7,410,8,0,9,0,10,501,11,179,12,152,13,227,14,0,15,0,4,555,3,1388,2,2929,1,10429,0,0,-1,0,-2,0,-3,0,-4,0,-5,0,-6,0,1745,15301
1773715733,5,4,5,76,6,200,7,410,8,0,9,0,10,501,11,179,12,152,13,227,14,0,15,0,4,555,3,1388,2,2929,1,10429,0,0,-1,0,-2,0,-3,0,-4,0,-5,0,-6,0,1745,15301
1773715734,5,4,5,76,6,200,7,410,8,0,9,0,10,501,11,179,12,152,13,227,14,0,15,0,4,555,3,1388,2,2929,1,10429,0,0,-1,0,-2,0,-3,0,-4,0,-5,0,-6,0,1745,15301
1773715735,5,4,5,76,6,200,7,410,8,0,9,0,10,501,11,179,12,152,13,227,14,0,15,0,4,555,3,1388,2,2929,1,10429,0,0,-1,0,-2,0,-3,0,-4,0,-5,0,-6,0,1745,15301
1773715736,5,4,5,75,6,49,7,410,8,0,9,0,10,501,11,178,12,152,13,227,14,0,15,0,4,555,3,1388,2,2929,1,10429,0,0,-1,0,-2,0,-3,0,-4,0,-5,0,-6,0,1592,15301
1773715737,5,4,5,75,6,49,7,410,8,0,9,0,10,501,11,178,12,152,13,227,14,0,15,0,4,555,3,1388,2,2929,1,10429,0,0,-1,0,-2,0,-3,0,-4,0,-5,0,-6,0,1592,15301
1773715738,5,4,5,75,6,49,7,410,8,0,9,0,10,501,11,178,12,152,13,227,14,0,15,0,4,555,3,1388,2,2929,1,10429,0,0,-1,0,-2,0,-3,0,-4,0,-5,0,-6,0,1592,15301
1773715739,5,4,5,75,6,49,7,510,8,0,9,0,10,179,11,0,12,152,13,227,14,0,15,0,4,855,3,1388,2,2929,1,9429,0,0,-1,0,-2,0,-3,0,-4,0,-5,0,-6,0,1192,14601
1773715740,5,4,5,75,6,49,7,510,8,0,9,0,10,179,11,0,12,152,13,227,14,0,15,0,4,855,3,1388,2,2929,1,9429,0,0,-1,0,-2,0,-3,0,-4,0,-5,0,-6,0,1192,14601
1773715741,5,4,5,75,6,49,7,510,8,0,9,0,10,179,11,0,12,152,13,227,14,0,15,0,4,855,3,1388,2,2929,1,9429,0,0,-1,0,-2,0,-3,0,-4,0,-5,0,-6,0,1192,14601
1773715742,5,4,5,75,6,49,7,510,8,0,9,0,10,179,11,0,12,152,13,227,14,0,15,0,4,855,3,1388,2,2929,1,9429,0,0,-1,0,-2,0,-3,0,-4,0,-5,0,-6,0,1192,14601
1773715743,5,4,5,75,6,49,7,510,8,0,9,0,10,179,11,0,12,152,13,227,14,0,15,0,4,855,3,1388,2,2929,1,9429,0,0,-1,0,-2,0,-3,0,-4,0,-5,0,-6,0,1192,14601
1773715744,5,4,5,75,6,49,7,510,8,0,9,0,10,179,11,0,12,152,13,227,14,0,15,0,4,855,3,1388,2,2929,1,9429,0,0,-1,0,-2,0,-3,0,-4,0,-5,0,-6,0,1192,14601
1773715745,5,4,5,75,6,49,7,510,8,0,9,0,10,179,11,0,12,152,13,227,14,0,15,0,4,855,3,1388,2,2929,1,9429,0,0,-1,0,-2,0,-3,0,-4,0,-5,0,-6,0,1192,14601
1773715746,5,4,5,75,6,49,7,510,8,0,9,0,10,179,11,0,12,152,13,227,14,0,15,0,4,855,3,1388,2,2929,1,9429,0,0,-1,0,-2,0,-3,0,-4,0,-5,0,-6,0,1192,14601
1773715747,5,4,5,75,6,49,7,510,8,0,9,0,10,179,11,0,12,152,13,227,14,0,15,0,4,855,3,1388,2,2929,1,9429,0,0,-1,0,-2,0,-3,0,-4,0,-5,0,-6,0,1192,14601
1773715748,5,4,5,75,6,49,7,510,8,0,9,0,10,179,11,0,12,152,13,227,14,0,15,0,4,855,3,1388,2,2929,1,9429,0,0,-1,0,-2,0,-3,0,-4,0,-5,0,-6,0,1192,14601
1773715749,5,4,5,75,6,49,7,710,8,0,9,0,10,179,11,0,12,152,13,227,14,0,15,0,4,855,3,1388,2,2929,1,9429,0,0,-1,0,-2,0,-3,0,-4,0,-5,0,-6,0,1392,14601
1773715750,5,4,5,75,6,49,7,710,8,0,9,0,10,179,11,0,12,152,13,227,14,0,15,0,4,855,3,1388,2,2929,1,9429,0,0,-1,0,-2,0,-3,0,-4,0,-5,0,-6,0,1392,14601
1773715751,5,4,5,75,6,49,7,710,8,0,9,0,10,179,11,0,12,152,13,227,14,0,15,0,4,855,3,1388,2,2929,1,9429,0,0,-1,0,-2,0,-3,0,-4,0,-5,0,-6,0,1392,14601
1773715752,5,4,5,75,6,49,7,710,8,0,9,0,10,179,11,0,12,152,13,227,14,0,15,0,4,855,3,1388,2,2929,1,9429,0,0,-1,0,-2,0,-3,0,-4,0,-5,0,-6,0,1392,14601
1773715753,5,4,5,125,6,200,7,510,8,0,9,0,10,179,11,0,12,152,13,227,14,0,15,0,4,855,3,1388,2,2922,1,9429,0,0,-1,0,-2,0,-3,0,-4,0,-5,0,-6,0,1393,14594
1773715754,5,4,5,125,6,200,7,510,8,0,9,0,10,179,11,0,12,152,13,227,14,0,15,0,4,855,3,1388,2,2922,1,9429,0,0,-1,0,-2,0,-3,0,-4,0,-5,0,-6,0,1393,14594
1773715755,5,4,5,125,6,200,7,510,8,0,9,0,10,179,11,0,12,152,13,227,14,0,15,0,4,855,3,1388,2,2922,1,9429,0,0,-1,0,-2,0,-3,0,-4,0,-5,0,-6,0,1393,14594
1773715756,5,4,5,125,6,200,7,510,8,0,9,0,10,179,11,0,12,152,13,227,14,0,15,0,4,855,3,1388,2,2922,1,9429,0,0,-1,0,-2,0,-3,0,-4,0,-5,0,-6,0,1393,14594
1773715757,5,4,5,125,6,200,7,510,8,0,9,0,10,179,11,0,12,152,13,227,14,0,15,0,4,855,3,1388,2,2922,1,9429,0,0,-1,0,-2,0,-3,0,-4,0,-5,0,-6,0,1393,14594
1773715758,5,4,5,125,6,200,7,510,8,0,9,0,10,179,11,0,12,152,13,227,14,0,15,0,4,855,3,1388,2,2922,1,9429,0,0,-1,0,-2,0,-3,0,-4,0,-5,0,-6,0,1393,14594
1773715759,5,4,5,125,6,200,7,510,8,0,9,0,10,179,11,0,12,152,13,227,14,0,15,0,4,855,3,1388,2,2922,1,9429,0,0,-1,0,-2,0,-3,0,-4,0,-5,0,-6,0,1393,14594
1773715760,5,4,5,125,6,200,7,510,8,0,9,0,10,179,11,0,12,152,13,227,14,0,15,0,4,855,3,1388,2,2922,1,9429,0,0,-1,0,-2,0,-3,0,-4,0,-5,0,-6,0,1393,14594
1773715761,5,4,5,145,6,200,7,510,8,0,9,0,10,179,11,0,12,152,13,227,14,0,15,0,4,855,3,1388,2,2922,1,9429,0,0,-1,0,-2,0,-3,0,-4,0,-5,0,-6,0,1413,14594
1773715762,5,4,5,145,6,200,7,510,8,0,9,0,10,186,11,0,12,152,13,227,14,0,15,0,4,855,3,1388,2,2922,1,9429,0,0,-1,0,-2,0,-3,0,-4,0,-5,0,-6,0,1420,14594
1773715763,5,4,5,145,6,200,7,510,8,0,9,0,10,186,11,0,12,152,13,227,14,0,15,0,4,855,3,1388,2,2922,1,9429,0,0,-1,0,-2,0,-3,0,-4,0,-5,0,-6,0,1420,14594
1773715764,5,4,5,145,6,200,7,510,8,0,9,0,10,186,11,0,12,152,13,227,14,0,15,0,4,855,3,1388,2,2922,1,9429,0,0,-1,0,-2,0,-3,0,-4,0,-5,0,-6,0,1420,14594
1773715765,5,4,5,145,6,200,7,510,8,0,9,0,10,186,11,0,12,152,13,227,14,0,15,0,4,855,3,1388,2,2922,1,9429,0,0,-1,0,-2,0,-3,0,-4,0,-5,0,-6,0,1420,14594
1773715766,5,4,5,145,6,200,7,510,8,0,9,0,10,186,11,0,12,152,13,227,14,0,15,0,4,855,3,1388,2,2922,1,9429,0,0,-1,0,-2,0,-3,0,-4,0,-5,0,-6,0,1420,14594
1773715767,5,4,5,145,6,200,7,510,8,0,9,0,10,186,11,0,12,152,13,227,14,0,15,0,4,855,3,1388,2,2922,1,9429,0,0,-1,0,-2,0,-3,0,-4,0,-5,0,-6,0,1420,14594
1773715768,5,4,5,145,6,200,7,510,8,0,9,0,10,186,11,0,12,152,13,227,14,0,15,0,4,855,3,1388,2,2922,1,9429,0,0,-1,0,-2,0,-3,0,-4,0,-5,0,-6,0,1420,14594
1773715769,5,4,5,145,6,200,7,510,8,0,9,0,10,186,11,0,12,152,13,227,14,0,15,0,4,855,3,1388,2,2929,1,9429,0,0,-1,0,-2,0,-3,0,-4,0,-5,0,-6,0,1420,14601
1773715770,6,5,6,50,7,520,8,0,9,200,10,1,11,0,12,152,13,0,14,688,15,0,16,500,5,145,4,855,3,1388,2,2929,1,9429,0,0,-1,0,-2,0,-3,0,-4,0,-5,0,2111,14746
1773715771,7,5,7,520,8,0,9,50,10,201,11,0,12,152,13,0,14,352,15,226,16,500,17,0,5,145,4,855,3,1488,2,3387,1,9429,0,0,-1,0,-2,0,-3,0,-4,0,-5,0,2001,15304
1773715772,7,5,7,520,8,50,9,200,10,1,11,500,12,152,13,0,14,490,15,226,16,500,17,0,5,143,4,855,3,1488,2,3387,1,9429,0,0,-1,0,-2,0,-3,0,-4,0,-5,0,2639,15302
1773715773,7,5,7,520,8,50,9,200,10,1,11,500,12,152,13,0,14,490,15,226,16,500,17,0,5,143,4,855,3,1488,2,2879,1,9429,0,0,-1,0,-2,0,-3,0,-4,0,-5,0,2639,14794
1773715774,7,5,7,520,8,50,9,200,10,1,11,500,12,152,13,0,14,490,15,226,16,500,17,0,5,143,4,855,3,1488,2,3473,1,9429,0,0,-1,0,-2,0,-3,0,-4,0,-5,0,2639,15388
1773715775,7,5,7,520,8,50,9,200,10,1,11,500,12,152,13,0,14,490,15,226,16,500,17,0,5,143,4,855,3,1488,2,3473,1,9429,0,0,-1,0,-2,0,-3,0,-4,0,-5,0,2639,15388
1773715776,7,5,7,520,8,50,9,200,10,1,11,500,12,152,13,86,14,0,15,226,16,500,17,0,5,143,4,855,3,1488,2,3489,1,9429,0,0,-1,0,-2,0,-3,0,-4,0,-5,0,2235,15404
1773715777,7,5,7,520,8,250,9,0,10,1,11,500,12,152,13,590,14,0,15,226,16,500,17,0,5,143,4,855,3,1438,2,3489,1,9429,0,0,-1,0,-2,0,-3,0,-4,0,-5,0,2739,15354
1773715778,7,5,7,520,8,50,9,200,10,1,11,500,12,152,13,590,14,0,15,226,16,500,17,0,5,143,4,855,3,1438,2,2879,1,9429,0,0,-1,0,-2,0,-3,0,-4,0,-5,0,2739,14744
1773715779,7,5,7,570,8,0,9,200,10,1,11,500,12,152,13,590,14,0,15,226,16,500,17,0,5,143,4,855,3,1438,2,3479,1,9429,0,0,-1,0,-2,0,-3,0,-4,0,-5,0,2739,15344
1773715780,7,5,7,503,8,200,9,0,10,1,11,500,12,152,13,590,14,0,15,226,16,500,17,0,5,143,4,855,3,1438,2,3479,1,9429,0,0,-1,0,-2,0,-3,0,-4,0,-5,0,2672,15344
1773715781,7,5,7,503,8,0,9,200,10,1,11,500,12,152,13,590,14,0,15,226,16,500,17,0,5,143,4,855,3,1438,2,2879,1,9429,0,0,-1,0,-2,0,-3,0,-4,0,-5,0,2672,14744
1773715782,7,5,7,503,8,0,9,200,10,1,11,500,12,152,13,590,14,0,15,226,16,500,17,0,5,35,4,855,3,1438,2,3383,1,9429,0,0,-1,0,-2,0,-3,0,-4,0,-5,0,2672,15140
1773715783,7,5,7,453,8,250,9,0,10,1,11,500,12,152,13,590,14,0,15,226,16,500,17,0,5,35,4,855,3,1438,2,2879,1,9429,0,0,-1,0,-2,0,-3,0,-4,0,-5,0,2672,14636
1773715784,7,5,7,453,8,250,9,0,10,1,11,500,12,152,13,590,14,0,15,226,16,500,17,0,5,35,4,855,3,1438,2,2879,1,9429,0,0,-1,0,-2,0,-3,0,-4,0,-5,0,2672,14636
1773715785,7,5,7,503,8,200,9,0,10,1,11,500,12,152,13,590,14,0,15,226,16,500,17,0,5,35,4,855,3,1438,2,2879,1,9429,0,0,-1,0,-2,0,-3,0,-4,0,-5,0,2672,14636
1773715786,7,5,7,453,8,250,9,0,10,1,11,500,12,152,13,590,14,0,15,226,16,500,17,0,5,35,4,855,3,1438,2,2879,1,9429,0,0,-1,0,-2,0,-3,0,-4,0,-5,0,2672,14636
1773715787,6,5,6,50,7,703,8,0,9,0,10,501,11,0,12,449,13,226,14,0,15,0,16,500,5,35,4,855,3,1438,2,2879,1,9429,0,0,-1,0,-2,0,-3,0,-4,0,-5,0,2429,14636
1773715788,6,5,6,260,7,643,8,0,9,50,10,501,11,191,12,152,13,226,14,0,15,0,16,500,5,35,4,855,3,1438,2,2879,1,9429,0,0,-1,0,-2,0,-3,0,-4,0,-5,0,2523,14636
1773715789,6,5,6,260,7,643,8,0,9,50,10,501,11,191,12,152,13,226,14,0,15,0,16,500,5,35,4,855,3,1438,2,2879,1,9429,0,0,-1,0,-2,0,-3,0,-4,0,-5,0,2523,14636
1773715790,6,4,6,310,7,443,8,0,9,0,10,1,11,191,12,152,13,226,14,0,15,0,16,500,4,555,3,1424,2,2929,1,9429,0,0,-1,0,-2,0,-3,0,-4,0,-5,0,-6,0,1823,14337
1773715791,6,4,6,330,7,443,8,0,9,0,10,1,11,191,12,152,13,226,14,0,15,0,16,500,4,550,3,1424,2,2929,1,10010,0,0,-1,0,-2,0,-3,0,-4,0,-5,0,-6,0,1843,14913
1773715792,6,4,6,330,7,443,8,0,9,0,10,1,11,191,12,152,13,226,14,0,15,0,16,500,4,550,3,1424,2,2929,1,10010,0,0,-1,0,-2,0,-3,0,-4,0,-5,0,-6,0,1843,14913
1773715793,6,4,6,380,7,443,8,0,9,0,10,1,11,191,12,152,13,226,14,0,15,0,16,500,4,550,3,1424,2,2979,1,9429,0,0,-1,0,-2,0,-3,0,-4,0,-5,0,-6,0,1893,14382
1773715794,6,4,6,380,7,443,8,0,9,0,10,1,11,191,12,152,13,226,14,0,15,0,16,500,4,550,3,1424,2,2979,1,10006,0,0,-1,0,-2,0,-3,0,-4,0,-5,0,-6,0,1893,14959
1773715795,6,4,6,380,7,443,8,0,9,0,10,1,11,191,12,152,13,226,14,0,15,0,16,500,4,550,3,1424,2,2979,1,9429,0,0,-1,0,-2,0,-3,0,-4,0,-5,0,-6,0,1893,14382
1773715796,6,4,6,380,7,443,8,0,9,0,10,1,11,191,12,152,13,226,14,0,15,0,16,500,4,550,3,1424,2,2979,1,10036,0,0,-1,0,-2,0,-3,0,-4,0,-5,0,-6,0,1893,14989
1773715797,6,4,6,380,7,443,8,0,9,0,10,1,11,191,12,152,13,226,14,0,15,0,16,500,4,550,3,1424,2,2979,1,10036,0,0,-1,0,-2,0,-3,0,-4,0,-5,0,-6,0,1893,14989
1773715798,6,4,6,380,7,443,8,0,9,0,10,1,11,191,12,152,13,226,14,0,15,0,16,500,4,550,3,1424,2,2979,1,9429,0,0,-1,0,-2,0,-3,0,-4,0,-5,0,-6,0,1893,14382
1773715799,6,4,6,380,7,443,8,0,9,0,10,1,11,191,12,152,13,226,14,0,15,0,16,500,4,550,3,1424,2,2979,1,9953,0,0,-1,0,-2,0,-3,0,-4,0,-5,0,-6,0,1893,14906
1773715800,6,4,6,380,7,443,8,0,9,0,10,1,11,191,12,152,13,226,14,0,15,0,16,500,4,550,3,1424,2,2979,1,9953,0,0,-1,0,-2,0,-3,0,-4,0,-5,0,-6,0,1893,14906
1773715801,6,4,6,380,7,443,8,0,9,0,10,1,11,191,12,152,13,226,14,0,15,0,16,500,4,550,3,1424,2,2979,1,9935,0,0,-1,0,-2,0,-3,0,-4,0,-5,0,-6,0,1893,14888
1773715802,6,4,6,580,7,443,8,0,9,0,10,1,11,191,12,152,13,226,14,0,15,0,16,500,4,550,3,1424,2,2979,1,9935,0,0,-1,0,-2,0,-3,0,-4,0,-5,0,-6,0,2093,14888
1773715803,6,4,6,580,7,443,8,0,9,0,10,1,11,191,12,152,13,226,14,0,15,0,16,500,4,550,3,1424,2,2979,1,9429,0,0,-1,0,-2,0,-3,0,-4,0,-5,0,-6,0,2093,14382
1773715804,6,4,6,580,7,443,8,0,9,0,10,1,11,191,12,152,13,226,14,0,15,0,16,500,4,550,3,1424,2,2979,1,9429,0,0,-1,0,-2,0,-3,0,-4,0,-5,0,-6,0,2093,14382
1773715805,6,4,6,580,7,443,8,0,9,0,10,1,11,191,12,152,13,226,14,0,15,0,16,500,4,550,3,1424,2,2979,1,9429,0,0,-1,0,-2,0,-3,0,-4,0,-5,0,-6,0,2093,14382
1773715806,6,4,6,580,7,500,8,0,9,0,10,1,11,191,12,152,13,226,14,0,15,0,16,500,4,542,3,1424,2,2979,1,9429,0,0,-1,0,-2,0,-3,0,-4,0,-5,0,-6,0,2150,14374
1773715807,6,4,6,580,7,500,8,0,9,0,10,1,11,191,12,152,13,226,14,0,15,0,16,500,4,542,3,1424,2,2979,1,9429,0,0,-1,0,-2,0,-3,0,-4,0,-5,0,-6,0,2150,14374
1773715808,6,4,6,580,7,500,8,0,9,0,10,1,11,191,12,152,13,226,14,0,15,0,16,500,4,542,3,1424,2,2979,1,9429,0,0,-1,0,-2,0,-3,0,-4,0,-5,0,-6,0,2150,14374
1773715809,6,4,6,580,7,500,8,0,9,0,10,1,11,191,12,152,13,226,14,0,15,0,16,500,4,542,3,1424,2,2979,1,9429,0,0,-1,0,-2,0,-3,0,-4,0,-5,0,-6,0,2150,14374
1773715810,6,4,6,580,7,500,8,0,9,0,10,1,11,191,12,152,13,226,14,0,15,0,16,500,4,542,3,1424,2,2979,1,9429,0,0,-1,0,-2,0,-3,0,-4,0,-5,0,-6,0,2150,14374
1773715811,6,4,6,580,7,500,8,0,9,0,10,1,11,191,12,152,13,226,14,0,15,0,16,500,4,542,3,1424,2,2979,1,9429,0,0,-1,0,-2,0,-3,0,-4,0,-5,0,-6,0,2150,14374
1773715812,6,4,6,580,7,500,8,0,9,0,10,1,11,191,12,152,13,226,14,0,15,0,16,500,4,542,3,1424,2,2929,1,9429,0,0,-1,0,-2,0,-3,0,-4,0,-5,0,-6,0,2150,14324
1773715813,6,4,6,580,7,500,8,0,9,0,10,1,11,191,12,152,13,226,14,0,15,0,16,500,4,467,3,1424,2,2929,1,9429,0,0,-1,0,-2,0,-3,0,-4,0,-5,0,-6,0,2150,14249
1773715814,6,4,6,580,7,500,8,0,9,0,10,1,11,191,12,152,13,226,14,0,15,0,16,500,4,467,3,1424,2,2929,1,9429,0,0,-1,0,-2,0,-3,0,-4,0,-5,0,-6,0,2150,14249
1773715815,6,4,6,580,7,500,8,0,9,0,10,1,11,191,12,152,13,226,14,0,15,0,16,500,4,467,3,1424,2,2929,1,9429,0,0,-1,0,-2,0,-3,0,-4,0,-5,0,-6,0,2150,14249
1773715816,6,4,6,580,7,500,8,0,9,0,10,1,11,191,12,152,13,226,14,0,15,0,16,500,4,467,3,1424,2,2929,1,9429,0,0,-1,0,-2,0,-3,0,-4,0,-5,0,-6,0,2150,14249
1773715817,6,4,6,580,7,500,8,0,9,0,10,1,11,191,12,152,13,226,14,0,15,0,16,500,4,467,3,1424,2,2929,1,9429,0,0,-1,0,-2,0,-3,0,-4,0,-5,0,-6,0,2150,14249
1773715818,6,4,6,580,7,500,8,0,9,0,10,1,11,191,12,152,13,226,14,0,15,0,16,500,4,467,3,1424,2,2929,1,9429,0,0,-1,0,-2,0,-3,0,-4,0,-5,0,-6,0,2150,14249
1773715819,6,4,6,580,7,500,8,0,9,0,10,1,11,191,12,152,13,307,14,0,15,0,16,500,4,467,3,1424,2,2979,1,9429,0,0,-1,0,-2,0,-3,0,-4,0,-5,0,-6,0,2231,14299
1773715820,6,4,6,580,7,500,8,0,9,0,10,1,11,191,12,152,13,307,14,0,15,0,16,500,4,467,3,1424,2,2979,1,9429,0,0,-1,0,-2,0,-3,0,-4,0,-5,0,-6,0,2231,14299
1773715821,6,4,6,580,7,500,8,0,9,0,10,1,11,191,12,152,13,307,14,0,15,0,16,500,4,467,3,1424,2,2979,1,9429,0,0,-1,0,-2,0,-3,0,-4,0,-5,0,-6,0,2231,14299
1773715822,6,4,6,580,7,500,8,0,9,0,10,1,11,191,12,152,13,307,14,0,15,0,16,500,4,467,3,1424,2,2979,1,9429,0,0,-1,0,-2,0,-3,0,-4,0,-5,0,-6,0,2231,14299
1773715823,6,4,6,630,7,500,8,0,9,0,10,1,11,191,12,152,13,226,14,0,15,0,16,500,4,36,3,1156,2,2925,1,9429,0,0,-1,0,-2,0,-3,0,-4,0,-5,0,-6,0,2200,13546
1773715824,6,4,6,630,7,500,8,0,9,0,10,1,11,191,12,152,13,226,14,0,15,0,16,500,4,36,3,1156,2,2925,1,9429,0,0,-1,0,-2,0,-3,0,-4,0,-5,0,-6,0,2200,13546
1773715825,6,4,6,580,7,500,8,0,9,0,10,1,11,191,12,152,13,226,14,0,15,0,16,500,4,36,3,1156,2,2883,1,9429,0,0,-1,0,-2,0,-3,0,-4,0,-5,0,-6,0,2150,13504
1773715826,6,4,6,580,7,500,8,0,9,0,10,1,11,191,12,152,13,226,14,0,15,0,16,500,4,36,3,1156,2,2883,1,9429,0,0,-1,0,-2,0,-3,0,-4,0,-5,0,-6,0,2150,13504
1773715827,6,4,6,580,7,500,8,0,9,0,10,1,11,191,12,152,13,226,14,0,15,0,16,500,4,36,3,1156,2,2883,1,9429,0,0,-1,0,-2,0,-3,0,-4,0,-5,0,-6,0,2150,13504
1773715828,6,4,6,580,7,500,8,0,9,0,10,1,11,191,12,152,13,226,14,0,15,0,16,500,4,36,3,1156,2,2883,1,9429,0,0,-1,0,-2,0,-3,0,-4,0,-5,0,-6,0,2150,13504
1773715829,5,4,5,50,6,830,7,500,8,0,9,0,10,1,11,331,12,152,13,226,14,0,15,0,4,36,3,1156,2,2917,1,9429,0,0,-1,0,-2,0,-3,0,-4,0,-5,0,-6,0,2090,13538
1773715830,6,4,6,1054,7,500,8,0,9,0,10,1,11,331,12,152,13,226,14,0,15,0,16,500,4,36,3,1156,2,2916,1,9429,0,0,-1,0,-2,0,-3,0,-4,0,-5,0,-6,0,2764,13537
1773715831,6,4,6,924,7,0,8,0,9,650,10,501,11,331,12,152,13,226,14,0,15,0,16,500,4,36,3,1156,2,2916,1,9429,0,0,-1,0,-2,0,-3,0,-4,0,-5,0,-6,0,3284,13537
1773715832,6,4,6,924,7,0,8,0,9,650,10,501,11,331,12,152,13,226,14,0,15,0,16,500,4,36,3,1156,2,2916,1,9429,0,0,-1,0,-2,0,-3,0,-4,0,-5,0,-6,0,3284,13537
1773715833,6,4,6,924,7,0,8,0,9,650,10,501,11,331,12,152,13,226,14,0,15,0,16,500,4,36,3,1156,2,2916,1,9429,0,0,-1,0,-2,0,-3,0,-4,0,-5,0,-6,0,3284,13537
1773715834,6,4,6,924,7,0,8,0,9,650,10,501,11,331,12,152,13,226,14,0,15,0,16,500,4,36,3,1156,2,2916,1,9429,0,0,-1,0,-2,0,-3,0,-4,0,-5,0,-6,0,3284,13537
1773715835,6,4,6,924,7,0,8,0,9,650,10,501,11,331,12,152,13,226,14,0,15,0,16,500,4,36,3,1156,2,2916,1,9429,0,0,-1,0,-2,0,-3,0,-4,0,-5,0,-6,0,3284,13537
1773715836,6,4,6,924,7,0,8,0,9,650,10,501,11,331,12,152,13,226,14,0,15,0,16,500,4,36,3,1156,2,2916,1,9429,0,0,-1,0,-2,0,-3,0,-4,0,-5,0,-6,0,3284,13537
1773715837,6,4,6,924,7,150,8,500,9,500,10,1,11,331,12,152,13,226,14,0,15,0,16,500,4,36,3,1156,2,2916,1,9429,0,0,-1,0,-2,0,-3,0,-4,0,-5,0,-6,0,3284,13537
1773715838,6,4,6,924,7,150,8,500,9,500,10,1,11,331,12,152,13,226,14,0,15,0,16,500,4,36,3,1156,2,2916,1,9429,0,0,-1,0,-2,0,-3,0,-4,0,-5,0,-6,0,3284,13537
1773715839,6,4,6,924,7,150,8,500,9,500,10,1,11,331,12,152,13,226,14,0,15,0,16,500,4,36,3,1156,2,2916,1,9429,0,0,-1,0,-2,0,-3,0,-4,0,-5,0,-6,0,3284,13537
1773715840,6,4,6,924,7,150,8,500,9,500,10,1,11,331,12,152,13,226,14,0,15,0,16,500,4,36,3,1156,2,2916,1,9429,0,0,-1,0,-2,0,-3,0,-4,0,-5,0,-6,0,3284,13537
1773715841,6,4,6,1224,7,150,8,500,9,500,10,1,11,331,12,152,13,226,14,0,15,0,16,500,4,36,3,1156,2,2916,1,9429,0,0,-1,0,-2,0,-3,0,-4,0,-5,0,-6,0,3584,13537
1773715842,6,4,6,1224,7,150,8,500,9,500,10,1,11,331,12,152,13,226,14,0,15,0,16,500,4,36,3,1156,2,2916,1,9429,0,0,-1,0,-2,0,-3,0,-4,0,-5,0,-6,0,3584,13537
1773715843,5,3,5,240,6,990,7,0,8,500,9,500,10,1,11,331,12,152,13,226,14,0,15,0,3,1079,2,2879,1,9429,0,0,-1,0,-2,0,-3,0,-4,0,-5,0,-6,0,-7,0,2940,13387
1773715844,5,3,5,190,6,990,7,0,8,500,9,500,10,1,11,331,12,152,13,226,14,0,15,0,3,1079,2,2879,1,9429,0,0,-1,0,-2,0,-3,0,-4,0,-5,0,-6,0,-7,0,2890,13387
1773715845,5,3,5,190,6,990,7,0,8,500,9,500,10,1,11,331,12,152,13,226,14,0,15,0,3,1079,2,2879,1,9429,0,0,-1,0,-2,0,-3,0,-4,0,-5,0,-6,0,-7,0,2890,13387
1773715846,5,3,5,230,6,950,7,0,8,500,9,500,10,1,11,331,12,152,13,226,14,0,15,0,3,1079,2,2879,1,9429,0,0,-1,0,-2,0,-3,0,-4,0,-5,0,-6,0,-7,0,2890,13387
1773715847,5,3,5,430,6,750,7,0,8,500,9,500,10,1,11,331,12,152,13,226,14,0,15,0,3,1079,2,2879,1,9429,0,0,-1,0,-2,0,-3,0,-4,0,-5,0,-6,0,-7,0,2890,13387
1773715848,5,3,5,430,6,750,7,0,8,500,9,500,10,1,11,331,12,152,13,226,14,0,15,0,3,1079,2,2879,1,9429,0,0,-1,0,-2,0,-3,0,-4,0,-5,0,-6,0,-7,0,2890,13387
1773715849,5,3,5,430,6,750,7,0,8,500,9,500,10,1,11,331,12,152,13,226,14,0,15,0,3,1079,2,2879,1,9429,0,0,-1,0,-2,0,-3,0,-4,0,-5,0,-6,0,-7,0,2890,13387
1773715850,5,3,5,430,6,750,7,0,8,500,9,500,10,1,11,331,12,152,13,226,14,0,15,0,3,1079,2,2879,1,9429,0,0,-1,0,-2,0,-3,0,-4,0,-5,0,-6,0,-7,0,2890,13387
1773715851,5,3,5,450,6,750,7,0,8,500,9,500,10,1,11,331,12,152,13,226,14,0,15,0,3,1079,2,2879,1,9429,0,0,-1,0,-2,0,-3,0,-4,0,-5,0,-6,0,-7,0,2910,13387
1773715852,5,3,5,450,6,750,7,0,8,500,9,500,10,1,11,331,12,152,13,226,14,0,15,0,3,1079,2,2879,1,9429,0,0,-1,0,-2,0,-3,0,-4,0,-5,0,-6,0,-7,0,2910,13387
1773715853,5,3,5,450,6,750,7,0,8,500,9,500,10,1,11,331,12,152,13,226,14,0,15,0,3,1079,2,2879,1,9429,0,0,-1,0,-2,0,-3,0,-4,0,-5,0,-6,0,-7,0,2910,13387
1773715854,5,3,5,442,6,750,7,0,8,500,9,500,10,1,11,331,12,152,13,226,14,0,15,0,3,1079,2,2879,1,9429,0,0,-1,0,-2,0,-3,0,-4,0,-5,0,-6,0,-7,0,2902,13387
1773715855,5,3,5,442,6,750,7,0,8,500,9,500,10,1,11,331,12,152,13,226,14,0,15,0,3,1079,2,2879,1,9429,0,0,-1,0,-2,0,-3,0,-4,0,-5,0,-6,0,-7,0,2902,13387
1773715856,5,3,5,442,6,750,7,0,8,500,9,500,10,1,11,331,12,152,13,226,14,0,15,0,3,1079,2,2879,1,9429,0,0,-1,0,-2,0,-3,0,-4,0,-5,0,-6,0,-7,0,2902,13387
1773715857,5,3,5,442,6,750,7,0,8,500,9,500,10,1,11,331,12,152,13,226,14,0,15,0,3,1079,2,2879,1,9429,0,0,-1,0,-2,0,-3,0,-4,0,-5,0,-6,0,-7,0,2902,13387
1773715858,5,3,5,442,6,750,7,0,8,500,9,500,10,1,11,331,12,152,13,226,14,0,15,0,3,1079,2,2879,1,9429,0,0,-1,0,-2,0,-3,0,-4,0,-5,0,-6,0,-7,0,2902,13387
1773715859,5,3,5,450,6,750,7,0,8,500,9,500,10,1,11,331,12,152,13,226,14,0,15,0,3,1379,2,2879,1,9429,0,0,-1,0,-2,0,-3,0,-4,0,-5,0,-6,0,-7,0,2910,13687
1773715860,5,3,5,350,6,750,7,0,8,500,9,500,10,1,11,331,12,152,13,226,14,0,15,0,3,1379,2,2879,1,9429,0,0,-1,0,-2,0,-3,0,-4,0,-5,0,-6,0,-7,0,2810,13687
1773715861,5,3,5,350,6,750,7,0,8,500,9,500,10,1,11,331,12,152,13,226,14,0,15,0,3,1379,2,2879,1,9429,0,0,-1,0,-2,0,-3,0,-4,0,-5,0,-6,0,-7,0,2810,13687
1773715862,5,3,5,350,6,750,7,0,8,500,9,500,10,1,11,331,12,152,13,226,14,0,15,0,3,1379,2,2879,1,9429,0,0,-1,0,-2,0,-3,0,-4,0,-5,0,-6,0,-7,0,2810,13687
1773715863,5,3,5,260,6,750,7,0,8,500,9,500,10,1,11,331,12,152,13,226,14,0,15,0,3,1379,2,2879,1,9429,0,0,-1,0,-2,0,-3,0,-4,0,-5,0,-6,0,-7,0,2720,13687
1773715864,5,3,5,815,6,750,7,0,8,500,9,500,10,1,11,331,12,152,13,226,14,0,15,0,3,1379,2,2879,1,9429,0,0,-1,0,-2,0,-3,0,-4,0,-5,0,-6,0,-7,0,3275,13687
1773715865,5,3,5,1015,6,750,7,0,8,0,9,500,10,1,11,331,12,152,13,226,14,0,15,0,3,1379,2,2879,1,9429,0,0,-1,0,-2,0,-3,0,-4,0,-5,0,-6,0,-7,0,2975,13687
1773715866,5,3,5,1015,6,750,7,0,8,0,9,500,10,1,11,331,12,152,13,226,14,0,15,0,3,1379,2,2879,1,9429,0,0,-1,0,-2,0,-3,0,-4,0,-5,0,-6,0,-7,0,2975,13687
1773715867,5,3,5,1015,6,750,7,0,8,0,9,500,10,1,11,331,12,152,13,226,14,0,15,0,3,1379,2,2879,1,9429,0,0,-1,0,-2,0,-3,0,-4,0,-5,0,-6,0,-7,0,2975,13687
1773715868,5,3,5,1015,6,750,7,0,8,0,9,500,10,1,11,331,12,152,13,226,14,0,15,0,3,1379,2,2879,1,9429,0,0,-1,0,-2,0,-3,0,-4,0,-5,0,-6,0,-7,0,2975,13687
1773715869,5,3,5,1055,6,750,7,0,8,0,9,500,10,1,11,331,12,152,13,226,14,0,15,0,3,1379,2,2879,1,9429,0,0,-1,0,-2,0,-3,0,-4,0,-5,0,-6,0,-7,0,3015,13687
1773715870,5,3,5,1055,6,750,7,0,8,0,9,500,10,1,11,331,12,152,13,226,14,0,15,0,3,1379,2,2879,1,9429,0,0,-1,0,-2,0,-3,0,-4,0,-5,0,-6,0,-7,0,3015,13687
1773715871,5,3,5,1055,6,750,7,0,8,0,9,500,10,1,11,331,12,152,13,226,14,0,15,0,3,1379,2,2879,1,9429,0,0,-1,0,-2,0,-3,0,-4,0,-5,0,-6,0,-7,0,3015,13687
1773715872,5,3,5,1055,6,750,7,0,8,0,9,500,10,1,11,331,12,152,13,226,14,0,15,0,3,1379,2,2879,1,9429,0,0,-1,0,-2,0,-3,0,-4,0,-5,0,-6,0,-7,0,3015,13687
1773715873,5,3,5,1055,6,750,7,0,8,0,9,500,10,1,11,331,12,152,13,226,14,0,15,0,3,1379,2,3179,1,9429,0,0,-1,0,-2,0,-3,0,-4,0,-5,0,-6,0,-7,0,3015,13987
1773715874,5,3,5,1055,6,550,7,0,8,0,9,0,10,1,11,323,12,152,13,226,14,0,15,0,3,1379,2,3179,1,9429,0,0,-1,0,-2,0,-3,0,-4,0,-5,0,-6,0,-7,0,2307,13987
1773715875,4,3,4,210,5,845,6,550,7,0,8,0,9,0,10,1,11,323,12,457,13,0,14,0,3,1379,2,3179,1,9429,0,0,-1,0,-2,0,-3,0,-4,0,-5,0,-6,0,-7,0,2386,13987
1773715876,4,3,4,270,5,785,6,550,7,0,8,0,9,0,10,1,11,323,12,457,13,0,14,0,3,1379,2,3179,1,9429,0,0,-1,0,-2,0,-3,0,-4,0,-5,0,-6,0,-7,0,2386,13987
1773715877,4,3,4,270,5,785,6,550,7,0,8,0,9,0,10,1,11,323,12,457,13,0,14,0,3,1379,2,3179,1,9429,0,0,-1,0,-2,0,-3,0,-4,0,-5,0,-6,0,-7,0,2386,13987
1773715878,4,3,4,270,5,785,6,550,7,0,8,0,9,0,10,1,11,323,12,457,13,0,14,0,3,1379,2,3179,1,9429,0,0,-1,0,-2,0,-3,0,-4,0,-5,0,-6,0,-7,0,2386,13987
1773715879,4,3,4,270,5,785,6,550,7,0,8,0,9,0,10,1,11,323,12,457,13,0,14,0,3,1379,2,3179,1,9429,0,0,-1,0,-2,0,-3,0,-4,0,-5,0,-6,0,-7,0,2386,13987
1773715880,4,3,4,625,5,200,6,550,7,0,8,0,9,0,10,1,11,323,12,376,13,0,14,0,3,1379,2,3179,1,9429,0,0,-1,0,-2,0,-3,0,-4,0,-5,0,-6,0,-7,0,2075,13987
1773715881,4,3,4,625,5,200,6,550,7,0,8,0,9,0,10,1,11,323,12,376,13,0,14,0,3,1379,2,3179,1,9429,0,0,-1,0,-2,0,-3,0,-4,0,-5,0,-6,0,-7,0,2075,13987
1773715882,4,3,4,625,5,200,6,550,7,0,8,0,9,0,10,1,11,323,12,376,13,0,14,0,3,1379,2,3179,1,9429,0,0,-1,0,-2,0,-3,0,-4,0,-5,0,-6,0,-7,0,2075,13987
1773715883,4,3,4,625,5,200,6,550,7,0,8,0,9,0,10,1,11,323,12,376,13,0,14,0,3,1379,2,3179,1,9429,0,0,-1,0,-2,0,-3,0,-4,0,-5,0,-6,0,-7,0,2075,13987
1773715884,4,3,4,625,5,200,6,550,7,0,8,0,9,0,10,1,11,323,12,376,13,0,14,0,3,1379,2,3179,1,9429,0,0,-1,0,-2,0,-3,0,-4,0,-5,0,-6,0,-7,0,2075,13987
1773715885,4,3,4,625,5,200,6,550,7,0,8,0,9,0,10,1,11,323,12,376,13,0,14,0,3,1377,2,3179,1,9429,0,0,-1,0,-2,0,-3,0,-4,0,-5,0,-6,0,-7,0,2075,13985
1773715886,4,3,4,625,5,200,6,550,7,0,8,0,9,0,10,1,11,323,12,376,13,0,14,0,3,1377,2,3179,1,9429,0,0,-1,0,-2,0,-3,0,-4,0,-5,0,-6,0,-7,0,2075,13985
1773715887,4,3,4,625,5,200,6,550,7,0,8,0,9,0,10,1,11,323,12,376,13,0,14,0,3,1377,2,3179,1,9429,0,0,-1,0,-2,0,-3,0,-4,0,-5,0,-6,0,-7,0,2075,13985
1773715888,4,3,4,625,5,200,6,550,7,0,8,0,9,0,10,1,11,323,12,376,13,0,14,0,3,1377,2,3179,1,9429,0,0,-1,0,-2,0,-3,0,-4,0,-5,0,-6,0,-7,0,2075,13985
1773715889,4,3,4,625,5,200,6,550,7,0,8,0,9,0,10,1,11,323,12,376,13,0,14,0,3,1377,2,3179,1,9429,0,0,-1,0,-2,0,-3,0,-4,0,-5,0,-6,0,-7,0,2075,13985
1773715890,4,3,4,625,5,500,6,250,7,0,8,0,9,0,10,1,11,323,12,376,13,0,14,0,3,1377,2,3179,1,9429,0,0,-1,0,-2,0,-3,0,-4,0,-5,0,-6,0,-7,0,2075,13985
1773715891,4,3,4,625,5,500,6,250,7,0,8,0,9,0,10,1,11,323,12,376,13,0,14,0,3,1377,2,3179,1,9429,0,0,-1,0,-2,0,-3,0,-4,0,-5,0,-6,0,-7,0,2075,13985
1773715892,4,3,4,625,5,500,6,250,7,0,8,0,9,0,10,1,11,323,12,376,13,0,14,0,3,1377,2,3179,1,9429,0,0,-1,0,-2,0,-3,0,-4,0,-5,0,-6,0,-7,0,2075,13985
1773715893,4,3,4,625,5,500,6,250,7,0,8,0,9,0,10,1,11,323,12,376,13,0,14,0,3,1377,2,3179,1,9429,0,0,-1,0,-2,0,-3,0,-4,0,-5,0,-6,0,-7,0,2075,13985
1773715894,4,3,4,625,5,500,6,250,7,0,8,0,9,0,10,1,11,323,12,376,13,0,14,0,3,1377,2,3179,1,9429,0,0,-1,0,-2,0,-3,0,-4,0,-5,0,-6,0,-7,0,2075,13985
1773715895,4,3,4,625,5,500,6,250,7,0,8,0,9,0,10,1,11,323,12,376,13,0,14,0,3,1377,2,3179,1,9429,0,0,-1,0,-2,0,-3,0,-4,0,-5,0,-6,0,-7,0,2075,13985
1773715896,4,3,4,625,5,500,6,250,7,0,8,0,9,0,10,1,11,323,12,376,13,0,14,0,3,1377,2,3179,1,9429,0,0,-1,0,-2,0,-3,0,-4,0,-5,0,-6,0,-7,0,2075,13985
1773715897,4,3,4,625,5,500,6,250,7,0,8,0,9,0,10,1,11,323,12,376,13,0,14,0,3,1377,2,3179,1,9429,0,0,-1,0,-2,0,-3,0,-4,0,-5,0,-6,0,-7,0,2075,13985
1773715898,4,3,4,625,5,500,6,250,7,0,8,0,9,0,10,1,11,323,12,376,13,0,14,0,3,1377,2,3179,1,9429,0,0,-1,0,-2,0,-3,0,-4,0,-5,0,-6,0,-7,0,2075,13985
1773715899,4,3,4,625,5,500,6,250,7,0,8,0,9,0,10,1,11,323,12,376,13,0,14,0,3,1377,2,3179,1,9429,0,0,-1,0,-2,0,-3,0,-4,0,-5,0,-6,0,-7,0,2075,13985
1773715900,4,3,4,625,5,500,6,250,7,0,8,0,9,0,10,1,11,323,12,376,13,0,14,0,3,1372,2,3179,1,9429,0,0,-1,0,-2,0,-3,0,-4,0,-5,0,-6,0,-7,0,2075,13980
1773715901,4,3,4,625,5,500,6,250,7,0,8,0,9,0,10,1,11,323,12,376,13,0,14,0,3,1372,2,3179,1,9429,0,0,-1,0,-2,0,-3,0,-4,0,-5,0,-6,0,-7,0,2075,13980
1773715902,4,3,4,625,5,500,6,250,7,0,8,0,9,0,10,1,11,323,12,376,13,0,14,0,3,1372,2,3179,1,9429,0,0,-1,0,-2,0,-3,0,-4,0,-5,0,-6,0,-7,0,2075,13980
1773715903,4,3,4,625,5,500,6,250,7,0,8,0,9,0,10,192,11,323,12,376,13,0,14,0,3,1372,2,3179,1,9429,0,0,-1,0,-2,0,-3,0,-4,0,-5,0,-6,0,-7,0,2266,13980
1773715904,4,3,4,625,5,500,6,250,7,0,8,0,9,0,10,192,11,323,12,376,13,0,14,0,3,1372,2,3179,1,9429,0,0,-1,0,-2,0,-3,0,-4,0,-5,0,-6,0,-7,0,2266,13980
1773715905,4,3,4,625,5,500,6,250,7,0,8,0,9,0,10,192,11,323,12,376,13,0,14,0,3,1372,2,3179,1,9429,0,0,-1,0,-2,0,-3,0,-4,0,-5,0,-6,0,-7,0,2266,13980
1773715906,4,3,4,625,5,500,6,250,7,0,8,0,9,0,10,192,11,323,12,376,13,0,14,0,3,1372,2,3179,1,9429,0,0,-1,0,-2,0,-3,0,-4,0,-5,0,-6,0,-7,0,2266,13980
1773715907,4,3,4,625,5,500,6,250,7,0,8,0,9,0,10,192,11,323,12,376,13,0,14,0,3,1372,2,3179,1,9429,0,0,-1,0,-2,0,-3,0,-4,0,-5,0,-6,0,-7,0,2266,13980
1773715908,4,3,4,625,5,500,6,250,7,0,8,0,9,0,10,550,11,0,12,876,13,0,14,0,3,1372,2,3179,1,9429,0,0,-1,0,-2,0,-3,0,-4,0,-5,0,-6,0,-7,0,2801,13980
1773715909,4,3,4,625,5,500,6,250,7,0,8,0,9,0,10,550,11,0,12,876,13,0,14,0,3,1372,2,3179,1,9429,0,0,-1,0,-2,0,-3,0,-4,0,-5,0,-6,0,-7,0,2801,13980
1773715910,4,3,4,625,5,500,6,250,7,0,8,0,9,0,10,550,11,0,12,876,13,0,14,0,3,1372,2,3179,1,9429,0,0,-1,0,-2,0,-3,0,-4,0,-5,0,-6,0,-7,0,2801,13980
1773715911,4,3,4,625,5,450,6,250,7,0,8,0,9,0,10,550,11,0,12,876,13,0,14,0,3,1372,2,3179,1,9429,0,0,-1,0,-2,0,-3,0,-4,0,-5,0,-6,0,-7,0,2751,13980
1773715912,4,3,4,625,5,450,6,250,7,0,8,0,9,0,10,550,11,0,12,876,13,0,14,0,3,1372,2,3179,1,9429,0,0,-1,0,-2,0,-3,0,-4,0,-5,0,-6,0,-7,0,2751,13980
1773715913,4,3,4,625,5,450,6,250,7,0,8,0,9,0,10,550,11,0,12,876,13,0,14,0,3,1372,2,3179,1,9429,0,0,-1,0,-2,0,-3,0,-4,0,-5,0,-6,0,-7,0,2751,13980
1773715914,4,3,4,625,5,450,6,250,7,0,8,0,9,0,10,550,11,0,12,876,13,0,14,0,3,1372,2,3179,1,9429,0,0,-1,0,-2,0,-3,0,-4,0,-5,0,-6,0,-7,0,2751,13980
1773715915,4,3,4,625,5,450,6,250,7,0,8,0,9,0,10,550,11,0,12,876,13,0,14,0,3,1372,2,3179,1,9429,0,0,-1,0,-2,0,-3,0,-4,0,-5,0,-6,0,-7,0,2751,13980
1773715916,4,3,4,625,5,450,6,250,7,0,8,0,9,0,10,550,11,0,12,876,13,0,14,0,3,1372,2,3179,1,9429,0,0,-1,0,-2,0,-3,0,-4,0,-5,0,-6,0,-7,0,2751,13980
1773715917,4,3,4,625,5,450,6,250,7,0,8,0,9,0,10,550,11,0,12,956,13,0,14,0,3,372,2,3179,1,9429,0,0,-1,0,-2,0,-3,0,-4,0,-5,0,-6,0,-7,0,2831,12980
1773715918,4,3,4,625,5,450,6,250,7,0,8,0,9,0,10,550,11,0,12,956,13,0,14,0,3,372,2,3179,1,9929,0,0,-1,0,-2,0,-3,0,-4,0,-5,0,-6,0,-7,0,2831,13480
1773715919,4,3,4,625,5,450,6,250,7,0,8,0,9,0,10,550,11,0,12,956,13,0,14,0,3,372,2,3179,1,9929,0,0,-1,0,-2,0,-3,0,-4,0,-5,0,-6,0,-7,0,2831,13480
1773715920,4,3,4,625,5,450,6,250,7,0,8,0,9,0,10,550,11,0,12,956,13,0,14,0,3,372,2,3179,1,9929,0,0,-1,0,-2,0,-3,0,-4,0,-5,0,-6,0,-7,0,2831,13480
1773715921,4,3,4,625,5,450,6,250,7,0,8,0,9,0,10,550,11,0,12,956,13,0,14,0,3,372,2,3179,1,9929,0,0,-1,0,-2,0,-3,0,-4,0,-5,0,-6,0,-7,0,2831,13480
1773715922,4,3,4,612,5,450,6,250,7,0,8,0,9,0,10,359,11,0,12,956,13,0,14,0,3,372,2,3179,1,9929,0,0,-1,0,-2,0,-3,0,-4,0,-5,0,-6,0,-7,0,2627,13480
1773715923,4,3,4,612,5,450,6,250,7,0,8,0,9,0,10,359,11,0,12,956,13,0,14,0,3,372,2,3179,1,9929,0,0,-1,0,-2,0,-3,0,-4,0,-5,0,-6,0,-7,0,2627,13480
1773715924,4,3,4,612,5,450,6,250,7,0,8,0,9,0,10,359,11,0,12,956,13,0,14,0,3,372,2,3179,1,9929,0,0,-1,0,-2,0,-3,0,-4,0,-5,0,-6,0,-7,0,2627,13480
1773715925,4,3,4,612,5,450,6,250,7,0,8,0,9,0,10,1,11,503,12,956,13,0,14,0,3,372,2,3179,1,9929,0,0,-1,0,-2,0,-3,0,-4,0,-5,0,-6,0,-7,0,2772,13480
1773715926,4,3,4,612,5,450,6,250,7,0,8,0,9,0,10,1,11,503,12,956,13,0,14,0,3,372,2,3179,1,9929,0,0,-1,0,-2,0,-3,0,-4,0,-5,0,-6,0,-7,0,2772,13480
1773715927,4,3,4,612,5,450,6,250,7,0,8,0,9,0,10,1,11,503,12,956,13,0,14,0,3,372,2,3179,1,9929,0,0,-1,0,-2,0,-3,0,-4,0,-5,0,-6,0,-7,0,2772,13480
1773715928,4,3,4,612,5,450,6,250,7,0,8,0,9,0,10,1,11,503,12,956,13,0,14,0,3,372,2,3179,1,9929,0,0,-1,0,-2,0,-3,0,-4,0,-5,0,-6,0,-7,0,2772,13480
1773715929,5,4,5,460,6,250,7,0,8,0,9,0,10,1,11,503,12,875,13,0,14,0,15,0,4,165,3,372,2,3179,1,9929,0,0,-1,0,-2,0,-3,0,-4,0,-5,0,-6,0,2089,13645
1773715930,5,4,5,460,6,250,7,0,8,0,9,0,10,1,11,503,12,875,13,0,14,0,15,0,4,165,3,372,2,3179,1,9929,0,0,-1,0,-2,0,-3,0,-4,0,-5,0,-6,0,2089,13645
1773715931,5,4,5,318,6,450,7,0,8,0,9,500,10,1,11,503,12,875,13,0,14,0,15,0,4,160,3,372,2,3179,1,9929,0,0,-1,0,-2,0,-3,0,-4,0,-5,0,-6,0,2647,13640
1773715932,5,4,5,318,6,450,7,0,8,0,9,500,10,1,11,503,12,875,13,0,14,0,15,0,4,160,3,372,2,3179,1,9929,0,0,-1,0,-2,0,-3,0,-4,0,-5,0,-6,0,2647,13640
1773715933,5,4,5,318,6,450,7,0,8,0,9,500,10,1,11,503,12,875,13,0,14,0,15,0,4,160,3,372,2,3179,1,9929,0,0,-1,0,-2,0,-3,0,-4,0,-5,0,-6,0,2647,13640
1773715934,5,4,5,318,6,450,7,0,8,0,9,500,10,1,11,503,12,875,13,0,14,0,15,0,4,160,3,372,2,3179,1,9929,0,0,-1,0,-2,0,-3,0,-4,0,-5,0,-6,0,2647,13640
1773715935,5,4,5,318,6,450,7,0,8,0,9,500,10,1,11,503,12,875,13,0,14,0,15,0,4,160,3,372,2,3179,1,9929,0,0,-1,0,-2,0,-3,0,-4,0,-5,0,-6,0,2647,13640
1773715936,5,4,5,318,6,450,7,0,8,0,9,500,10,1,11,503,12,875,13,0,14,0,15,0,4,160,3,372,2,3179,1,9929,0,0,-1,0,-2,0,-3,0,-4,0,-5,0,-6,0,2647,13640
1773715937,5,4,5,318,6,450,7,0,8,0,9,500,10,1,11,503,12,875,13,0,14,0,15,0,4,160,3,372,2,3179,1,9929,0,0,-1,0,-2,0,-3,0,-4,0,-5,0,-6,0,2647,13640
1773715938,5,4,5,318,6,450,7,0,8,0,9,500,10,1,11,503,12,875,13,0,14,0,15,0,4,160,3,372,2,3179,1,9929,0,0,-1,0,-2,0,-3,0,-4,0,-5,0,-6,0,2647,13640
1773715939,5,4,5,320,6,450,7,0,8,0,9,500,10,1,11,470,12,375,13,0,14,0,15,0,4,160,3,372,2,3179,1,9929,0,0,-1,0,-2,0,-3,0,-4,0,-5,0,-6,0,2116,13640
1773715940,5,4,5,320,6,450,7,0,8,0,9,500,10,1,11,470,12,375,13,0,14,0,15,0,4,160,3,372,2,3179,1,9929,0,0,-1,0,-2,0,-3,0,-4,0,-5,0,-6,0,2116,13640
1773715941,5,4,5,320,6,450,7,0,8,0,9,500,10,1,11,470,12,375,13,0,14,0,15,0,4,160,3,1372,2,3179,1,9929,0,0,-1,0,-2,0,-3,0,-4,0,-5,0,-6,0,2116,14640
1773715942,5,4,5,320,6,450,7,0,8,0,9,500,10,996,11,0,12,375,13,0,14,0,15,0,4,160,3,1372,2,3179,1,9929,0,0,-1,0,-2,0,-3,0,-4,0,-5,0,-6,0,2641,14640
1773715943,5,3,5,270,6,450,7,0,8,0,9,500,10,996,11,0,12,875,13,0,14,0,15,0,3,1372,2,3179,1,9929,0,0,-1,0,-2,0,-3,0,-4,0,-5,0,-6,0,-7,0,3091,14480
1773715944,5,3,5,270,6,450,7,0,8,0,9,500,10,996,11,0,12,875,13,0,14,0,15,0,3,1372,2,3179,1,9929,0,0,-1,0,-2,0,-3,0,-4,0,-5,0,-6,0,-7,0,3091,14480
1773715945,5,3,5,290,6,450,7,0,8,0,9,500,10,996,11,0,12,875,13,0,14,0,15,0,3,1372,2,3179,1,9929,0,0,-1,0,-2,0,-3,0,-4,0,-5,0,-6,0,-7,0,3111,14480
1773715946,5,3,5,290,6,450,7,0,8,0,9,500,10,996,11,0,12,875,13,0,14,0,15,0,3,1372,2,3179,1,9929,0,0,-1,0,-2,0,-3,0,-4,0,-5,0,-6,0,-7,0,3111,14480
1773715947,5,3,5,290,6,450,7,0,8,0,9,500,10,996,11,0,12,875,13,0,14,0,15,0,3,1372,2,3179,1,9929,0,0,-1,0,-2,0,-3,0,-4,0,-5,0,-6,0,-7,0,3111,14480
1773715948,5,3,5,290,6,450,7,0,8,0,9,500,10,996,11,0,12,875,13,0,14,0,15,0,3,1372,2,3179,1,9929,0,0,-1,0,-2,0,-3,0,-4,0,-5,0,-6,0,-7,0,3111,14480
1773715949,5,3,5,290,6,450,7,0,8,0,9,500,10,996,11,0,12,875,13,0,14,0,15,0,3,1372,2,3179,1,9929,0,0,-1,0,-2,0,-3,0,-4,0,-5,0,-6,0,-7,0,3111,14480
1773715950,5,3,5,290,6,450,7,0,8,0,9,500,10,996,11,0,12,875,13,0,14,0,15,0,3,1372,2,3179,1,9929,0,0,-1,0,-2,0,-3,0,-4,0,-5,0,-6,0,-7,0,3111,14480
1773715951,5,3,5,290,6,450,7,0,8,0,9,500,10,996,11,0,12,875,13,0,14,0,15,0,3,1372,2,3179,1,9929,0,0,-1,0,-2,0,-3,0,-4,0,-5,0,-6,0,-7,0,3111,14480
1773715952,5,3,5,290,6,450,7,0,8,0,9,500,10,996,11,0,12,875,13,0,14,0,15,0,3,1372,2,3179,1,9929,0,0,-1,0,-2,0,-3,0,-4,0,-5,0,-6,0,-7,0,3111,14480
1773715953,5,3,5,290,6,450,7,0,8,0,9,500,10,996,11,0,12,875,13,0,14,0,15,0,3,1372,2,3179,1,9929,0,0,-1,0,-2,0,-3,0,-4,0,-5,0,-6,0,-7,0,3111,14480
1773715954,5,3,5,290,6,450,7,0,8,0,9,500,10,996,11,0,12,875,13,0,14,0,15,0,3,1372,2,3179,1,9929,0,0,-1,0,-2,0,-3,0,-4,0,-5,0,-6,0,-7,0,3111,14480
1773715955,5,3,5,290,6,450,7,0,8,0,9,500,10,996,11,0,12,875,13,0,14,0,15,0,3,1372,2,3179,1,9929,0,0,-1,0,-2,0,-3,0,-4,0,-5,0,-6,0,-7,0,3111,14480
1773715956,5,3,5,290,6,450,7,0,8,0,9,500,10,996,11,0,12,875,13,0,14,0,15,0,3,1372,2,3179,1,9929,0,0,-1,0,-2,0,-3,0,-4,0,-5,0,-6,0,-7,0,3111,14480
1773715957,5,3,5,290,6,450,7,0,8,0,9,500,10,996,11,0,12,875,13,0,14,0,15,0,3,1372,2,3179,1,9929,0,0,-1,0,-2,0,-3,0,-4,0,-5,0,-6,0,-7,0,3111,14480
1773715958,5,3,5,290,6,450,7,0,8,0,9,500,10,996,11,0,12,875,13,0,14,0,15,0,3,1372,2,3179,1,9929,0,0,-1,0,-2,0,-3,0,-4,0,-5,0,-6,0,-7,0,3111,14480
1773715959,5,3,5,290,6,450,7,0,8,0,9,500,10,996,11,0,12,875,13,0,14,0,15,0,3,1372,2,3179,1,9929,0,0,-1,0,-2,0,-3,0,-4,0,-5,0,-6,0,-7,0,3111,14480
1773715960,5,3,5,290,6,450,7,0,8,0,9,500,10,996,11,0,12,875,13,0,14,0,15,0,3,1372,2,3179,1,9929,0,0,-1,0,-2,0,-3,0,-4,0,-5,0,-6,0,-7,0,3111,14480
1773715961,5,3,5,290,6,450,7,0,8,0,9,500,10,996,11,0,12,875,13,0,14,0,15,0,3,1372,2,3179,1,9929,0,0,-1,0,-2,0,-3,0,-4,0,-5,0,-6,0,-7,0,3111,14480
1773715962,5,3,5,290,6,450,7,0,8,0,9,500,10,996,11,0,12,875,13,0,14,0,15,0,3,1372,2,3179,1,9929,0,0,-1,0,-2,0,-3,0,-4,0,-5,0,-6,0,-7,0,3111,14480
1773715963,5,3,5,290,6,450,7,0,8,0,9,500,10,996,11,0,12,875,13,0,14,0,15,0,3,1372,2,3179,1,9929,0,0,-1,0,-2,0,-3,0,-4,0,-5,0,-6,0,-7,0,3111,14480
1773715964,5,3,5,290,6,450,7,0,8,0,9,500,10,934,11,0,12,875,13,0,14,0,15,0,3,1372,2,3179,1,9929,0,0,-1,0,-2,0,-3,0,-4,0,-5,0,-6,0,-7,0,3049,14480
1773715965,5,3,5,290,6,450,7,0,8,0,9,500,10,934,11,0,12,875,13,0,14,0,15,0,3,1372,2,3179,1,9929,0,0,-1,0,-2,0,-3,0,-4,0,-5,0,-6,0,-7,0,3049,14480
1773715966,5,3,5,290,6,450,7,0,8,0,9,500,10,934,11,0,12,875,13,0,14,0,15,0,3,1372,2,3179,1,9929,0,0,-1,0,-2,0,-3,0,-4,0,-5,0,-6,0,-7,0,3049,14480
1773715967,5,3,5,290,6,450,7,0,8,0,9,500,10,934,11,0,12,875,13,0,14,0,15,0,3,1372,2,3179,1,9929,0,0,-1,0,-2,0,-3,0,-4,0,-5,0,-6,0,-7,0,3049,14480
1773715968,5,3,5,290,6,450,7,0,8,0,9,500,10,934,11,0,12,875,13,0,14,0,15,0,3,1372,2,3179,1,9929,0,0,-1,0,-2,0,-3,0,-4,0,-5,0,-6,0,-7,0,3049,14480
1773715969,5,3,5,68,6,450,7,0,8,0,9,500,10,934,11,0,12,875,13,0,14,0,15,0,3,1372,2,3179,1,9929,0,0,-1,0,-2,0,-3,0,-4,0,-5,0,-6,0,-7,0,2827,14480
1773715970,5,3,5,68,6,450,7,0,8,0,9,500,10,934,11,0,12,875,13,0,14,0,15,0,3,1372,2,3179,1,9929,0,0,-1,0,-2,0,-3,0,-4,0,-5,0,-6,0,-7,0,2827,14480
1773715971,5,3,5,68,6,450,7,0,8,0,9,500,10,906,11,0,12,875,13,0,14,0,15,0,3,1372,2,3179,1,9929,0,0,-1,0,-2,0,-3,0,-4,0,-5,0,-6,0,-7,0,2799,14480
1773715972,5,3,5,80,6,450,7,0,8,0,9,500,10,1011,11,0,12,875,13,0,14,0,15,0,3,1372,2,3179,1,9929,0,0,-1,0,-2,0,-3,0,-4,0,-5,0,-6,0,-7,0,2916,14480
1773715973,5,3,5,80,6,450,7,0,8,0,9,500,10,1011,11,0,12,875,13,0,14,0,15,0,3,1372,2,3179,1,9929,0,0,-1,0,-2,0,-3,0,-4,0,-5,0,-6,0,-7,0,2916,14480
1773715974,5,3,5,80,6,450,7,0,8,0,9,500,10,1011,11,0,12,875,13,0,14,0,15,0,3,1372,2,3179,1,9929,0,0,-1,0,-2,0,-3,0,-4,0,-5,0,-6,0,-7,0,2916,14480
1773715975,5,3,5,23,6,450,7,0,8,0,9,500,10,1011,11,0,12,875,13,0,14,0,15,0,3,1372,2,3179,1,9929,0,0,-1,0,-2,0,-3,0,-4,0,-5,0,-6,0,-7,0,2859,14480
1773715976,5,3,5,26,6,450,7,0,8,0,9,500,10,1011,11,0,12,875,13,0,14,0,15,0,3,1372,2,3179,1,9929,0,0,-1,0,-2,0,-3,0,-4,0,-5,0,-6,0,-7,0,2862,14480
1773715977,5,3,5,51,6,450,7,0,8,0,9,500,10,1011,11,0,12,875,13,0,14,0,15,0,3,1372,2,3179,1,9929,0,0,-1,0,-2,0,-3,0,-4,0,-5,0,-6,0,-7,0,2887,14480
1773715978,5,3,5,51,6,450,7,0,8,0,9,500,10,1011,11,0,12,875,13,0,14,0,15,0,3,1372,2,3179,1,9929,0,0,-1,0,-2,0,-3,0,-4,0,-5,0,-6,0,-7,0,2887,14480
1773715979,5,3,5,26,6,450,7,0,8,0,9,500,10,1011,11,0,12,875,13,0,14,0,15,0,3,1372,2,3179,1,9929,0,0,-1,0,-2,0,-3,0,-4,0,-5,0,-6,0,-7,0,2862,14480
1773715980,5,3,5,19,6,450,7,0,8,0,9,500,10,1011,11,0,12,875,13,0,14,0,15,0,3,1372,2,3179,1,9929,0,0,-1,0,-2,0,-3,0,-4,0,-5,0,-6,0,-7,0,2855,14480
1773715981,5,3,5,19,6,450,7,0,8,0,9,500,10,1011,11,0,12,875,13,0,14,0,15,0,3,1372,2,3179,1,9929,0,0,-1,0,-2,0,-3,0,-4,0,-5,0,-6,0,-7,0,2855,14480
1773715982,5,3,5,19,6,450,7,0,8,0,9,500,10,1011,11,0,12,875,13,0,14,0,15,0,3,1372,2,3179,1,9929,0,0,-1,0,-2,0,-3,0,-4,0,-5,0,-6,0,-7,0,2855,14480
1773715983,5,4,5,19,6,450,7,0,8,0,9,500,10,1011,11,0,12,875,13,0,14,0,15,0,4,200,3,1372,2,3179,1,9929,0,0,-1,0,-2,0,-3,0,-4,0,-5,0,-6,0,2855,14680
1773715984,5,4,5,19,6,450,7,0,8,0,9,500,10,1011,11,0,12,875,13,0,14,0,15,0,4,200,3,1372,2,3179,1,9929,0,0,-1,0,-2,0,-3,0,-4,0,-5,0,-6,0,2855,14680
1773715985,5,4,5,19,6,450,7,0,8,0,9,500,10,1011,11,0,12,875,13,0,14,0,15,0,4,200,3,1372,2,3179,1,9929,0,0,-1,0,-2,0,-3,0,-4,0,-5,0,-6,0,2855,14680
1773715986,5,4,5,19,6,450,7,0,8,0,9,500,10,806,11,0,12,875,13,0,14,0,15,0,4,200,3,1372,2,3179,1,9929,0,0,-1,0,-2,0,-3,0,-4,0,-5,0,-6,0,2650,14680
1773715987,5,4,5,19,6,450,7,0,8,0,9,500,10,806,11,0,12,875,13,0,14,0,15,0,4,200,3,1372,2,3179,1,9929,0,0,-1,0,-2,0,-3,0,-4,0,-5,0,-6,0,2650,14680
1773715988,5,4,5,19,6,450,7,0,8,0,9,500,10,806,11,0,12,875,13,0,14,0,15,0,4,200,3,1372,2,3179,1,9929,0,0,-1,0,-2,0,-3,0,-4,0,-5,0,-6,0,2650,14680
1773715989,5,4,5,53,6,450,7,0,8,0,9,500,10,806,11,0,12,875,13,0,14,0,15,0,4,200,3,1372,2,3179,1,9929,0,0,-1,0,-2,0,-3,0,-4,0,-5,0,-6,0,2684,14680
1773715990,5,4,5,53,6,460,7,0,8,0,9,500,10,806,11,0,12,875,13,0,14,0,15,0,4,200,3,1372,2,3179,1,9929,0,0,-1,0,-2,0,-3,0,-4,0,-5,0,-6,0,2694,14680
1773715991,5,4,5,53,6,460,7,0,8,0,9,500,10,806,11,0,12,875,13,0,14,0,15,0,4,200,3,1372,2,3179,1,9929,0,0,-1,0,-2,0,-3,0,-4,0,-5,0,-6,0,2694,14680
1773715992,5,4,5,53,6,460,7,0,8,0,9,500,10,806,11,0,12,875,13,0,14,0,15,0,4,200,3,1372,2,3179,1,9929,0,0,-1,0,-2,0,-3,0,-4,0,-5,0,-6,0,2694,14680
1773715993,5,4,5,53,6,460,7,0,8,0,9,500,10,806,11,0,12,875,13,0,14,0,15,0,4,200,3,1372,2,3179,1,9929,0,0,-1,0,-2,0,-3,0,-4,0,-5,0,-6,0,2694,14680
1773715994,5,4,5,53,6,460,7,0,8,0,9,500,10,806,11,0,12,875,13,0,14,0,15,0,4,200,3,1372,2,3179,1,9929,0,0,-1,0,-2,0,-3,0,-4,0,-5,0,-6,0,2694,14680
1773715995,5,4,5,53,6,460,7,0,8,0,9,500,10,841,11,0,12,875,13,0,14,0,15,0,4,200,3,1372,2,3179,1,9929,0,0,-1,0,-2,0,-3,0,-4,0,-5,0,-6,0,2729,14680
1773715996,5,4,5,53,6,460,7,0,8,0,9,500,10,841,11,0,12,875,13,0,14,0,15,0,4,200,3,1372,2,3179,1,9929,0,0,-1,0,-2,0,-3,0,-4,0,-5,0,-6,0,2729,14680
1773715997,5,4,5,53,6,460,7,0,8,0,9,500,10,841,11,0,12,875,13,0,14,0,15,0,4,200,3,1372,2,3179,1,9929,0,0,-1,0,-2,0,-3,0,-4,0,-5,0,-6,0,2729,14680
1773715998,5,4,5,53,6,460,7,0,8,0,9,500,10,841,11,0,12,875,13,0,14,0,15,0,4,200,3,1372,2,3179,1,9929,0,0,-1,0,-2,0,-3,0,-4,0,-5,0,-6,0,2729,14680
1773715999,6,4,6,200,7,1210,8,0,9,500,10,659,11,0,12,374,13,0,14,0,15,0,16,500,4,200,3,1372,2,3179,1,9929,0,0,-1,0,-2,0,-3,0,-4,0,-5,0,-6,0,3443,14680
1773716000,5,4,5,940,6,3,7,0,8,0,9,700,10,659,11,0,12,874,13,0,14,0,15,0,4,200,3,1372,2,3179,1,9929,0,0,-1,0,-2,0,-3,0,-4,0,-5,0,-6,0,3176,14680
1773716001,5,4,5,940,6,3,7,200,8,0,9,500,10,659,11,0,12,874,13,0,14,0,15,0,4,200,3,1372,2,3179,1,9929,0,0,-1,0,-2,0,-3,0,-4,0,-5,0,-6,0,3176,14680
1773716002,5,4,5,940,6,3,7,200,8,0,9,500,10,659,11,0,12,874,13,0,14,0,15,0,4,200,3,1372,2,3179,1,9929,0,0,-1,0,-2,0,-3,0,-4,0,-5,0,-6,0,3176,14680
1773716003,5,4,5,940,6,67,7,200,8,0,9,500,10,659,11,0,12,874,13,0,14,0,15,0,4,195,3,1372,2,3179,1,9929,0,0,-1,0,-2,0,-3,0,-4,0,-5,0,-6,0,3240,14675
1773716004,5,4,5,940,6,67,7,200,8,0,9,500,10,659,11,0,12,874,13,0,14,0,15,0,4,195,3,1372,2,3179,1,9929,0,0,-1,0,-2,0,-3,0,-4,0,-5,0,-6,0,3240,14675
1773716005,5,4,5,940,6,67,7,200,8,0,9,500,10,659,11,0,12,874,13,0,14,0,15,0,4,195,3,1372,2,3179,1,9929,0,0,-1,0,-2,0,-3,0,-4,0,-5,0,-6,0,3240,14675
1773716006,5,4,5,940,6,67,7,200,8,0,9,500,10,659,11,0,12,874,13,0,14,0,15,0,4,195,3,1372,2,3179,1,9929,0,0,-1,0,-2,0,-3,0,-4,0,-5,0,-6,0,3240,14675
1773716007,5,4,5,940,6,67,7,200,8,0,9,500,10,659,11,0,12,874,13,0,14,0,15,0,4,195,3,1372,2,3179,1,9929,0,0,-1,0,-2,0,-3,0,-4,0,-5,0,-6,0,3240,14675
1773716008,5,4,5,940,6,67,7,200,8,0,9,500,10,659,11,0,12,874,13,0,14,0,15,0,4,195,3,1372,2,3329,1,9929,0,0,-1,0,-2,0,-3,0,-4,0,-5,0,-6,0,3240,14825
1773716009,5,4,5,940,6,67,7,200,8,0,9,500,10,659,11,0,12,874,13,0,14,0,15,0,4,190,3,1372,2,3329,1,9929,0,0,-1,0,-2,0,-3,0,-4,0,-5,0,-6,0,3240,14820
1773716010,5,4,5,940,6,67,7,200,8,0,9,500,10,659,11,0,12,874,13,0,14,0,15,0,4,190,3,1372,2,3329,1,9929,0,0,-1,0,-2,0,-3,0,-4,0,-5,0,-6,0,3240,14820
1773716011,5,4,5,940,6,67,7,200,8,0,9,500,10,659,11,0,12,874,13,0,14,0,15,0,4,190,3,1372,2,3329,1,9929,0,0,-1,0,-2,0,-3,0,-4,0,-5,0,-6,0,3240,14820
1773716012,5,4,5,940,6,67,7,200,8,0,9,500,10,659,11,0,12,874,13,0,14,0,15,0,4,190,3,1372,2,3329,1,9929,0,0,-1,0,-2,0,-3,0,-4,0,-5,0,-6,0,3240,14820
1773716013,5,4,5,940,6,67,7,200,8,0,9,500,10,659,11,0,12,874,13,0,14,0,15,0,4,167,3,1372,2,3329,1,9929,0,0,-1,0,-2,0,-3,0,-4,0,-5,0,-6,0,3240,14797
1773716014,5,4,5,940,6,67,7,200,8,0,9,500,10,659,11,0,12,874,13,0,14,0,15,0,4,167,3,1372,2,3329,1,9929,0,0,-1,0,-2,0,-3,0,-4,0,-5,0,-6,0,3240,14797
1773716015,5,4,5,940,6,67,7,200,8,0,9,500,10,659,11,0,12,874,13,0,14,0,15,0,4,166,3,1372,2,3329,1,9929,0,0,-1,0,-2,0,-3,0,-4,0,-5,0,-6,0,3240,14796
1773716016,5,4,5,940,6,67,7,200,8,0,9,500,10,659,11,0,12,874,13,0,14,0,15,0,4,161,3,1372,2,3329,1,9929,0,0,-1,0,-2,0,-3,0,-4,0,-5,0,-6,0,3240,14791
1773716017,5,4,5,940,6,67,7,200,8,0,9,500,10,659,11,0,12,874,13,0,14,0,15,0,4,161,3,1372,2,3329,1,9929,0,0,-1,0,-2,0,-3,0,-4,0,-5,0,-6,0,3240,14791
1773716018,5,4,5,940,6,67,7,200,8,0,9,500,10,659,11,0,12,874,13,0,14,0,15,0,4,161,3,1372,2,3329,1,9929,0,0,-1,0,-2,0,-3,0,-4,0,-5,0,-6,0,3240,14791
1773716019,5,4,5,940,6,67,7,200,8,0,9,500,10,659,11,0,12,874,13,0,14,0,15,0,4,161,3,1372,2,3329,1,9929,0,0,-1,0,-2,0,-3,0,-4,0,-5,0,-6,0,3240,14791
1773716020,5,4,5,940,6,67,7,200,8,0,9,500,10,659,11,0,12,874,13,0,14,0,15,0,4,161,3,1372,2,3329,1,9929,0,0,-1,0,-2,0,-3,0,-4,0,-5,0,-6,0,3240,14791
1773716021,5,4,5,940,6,67,7,200,8,0,9,500,10,659,11,0,12,874,13,0,14,0,15,0,4,161,3,1372,2,3329,1,9929,0,0,-1,0,-2,0,-3,0,-4,0,-5,0,-6,0,3240,14791
1773716022,5,4,5,940,6,67,7,200,8,0,9,500,10,659,11,0,12,874,13,0,14,0,15,0,4,161,3,1372,2,3329,1,9929,0,0,-1,0,-2,0,-3,0,-4,0,-5,0,-6,0,3240,14791
1773716023,5,4,5,940,6,67,7,200,8,0,9,500,10,659,11,0,12,874,13,0,14,0,15,0,4,161,3,1372,2,3329,1,9929,0,0,-1,0,-2,0,-3,0,-4,0,-5,0,-6,0,3240,14791
1773716024,5,4,5,940,6,67,7,200,8,0,9,500,10,659,11,0,12,874,13,0,14,0,15,0,4,161,3,1372,2,3329,1,9929,0,0,-1,0,-2,0,-3,0,-4,0,-5,0,-6,0,3240,14791
1773716025,5,4,5,565,6,67,7,200,8,0,9,500,10,659,11,0,12,874,13,0,14,0,15,0,4,161,3,1372,2,3329,1,9929,0,0,-1,0,-2,0,-3,0,-4,0,-5,0,-6,0,2865,14791
1773716026,5,4,5,612,6,220,7,0,8,0,9,500,10,396,11,0,12,874,13,0,14,0,15,0,4,161,3,1372,2,3329,1,9929,0,0,-1,0,-2,0,-3,0,-4,0,-5,0,-6,0,2602,14791
1773716027,5,4,5,612,6,220,7,0,8,0,9,500,10,396,11,0,12,874,13,0,14,0,15,0,4,161,3,1372,2,3329,1,9929,0,0,-1,0,-2,0,-3,0,-4,0,-5,0,-6,0,2602,14791
1773716028,5,4,5,612,6,220,7,0,8,0,9,500,10,396,11,0,12,874,13,0,14,0,15,0,4,161,3,1372,2,3329,1,9929,0,0,-1,0,-2,0,-3,0,-4,0,-5,0,-6,0,2602,14791
1773716029,5,3,5,1065,6,47,7,500,8,0,9,1674,10,1,11,0,12,874,13,0,14,0,15,0,3,1247,2,3329,1,9929,0,0,-1,0,-2,0,-3,0,-4,0,-5,0,-6,0,-7,0,4161,14505
1773716030,5,3,5,1085,6,0,7,200,8,500,9,1674,10,1,11,0,12,874,13,0,14,0,15,0,3,1247,2,3179,1,9929,0,0,-1,0,-2,0,-3,0,-4,0,-5,0,-6,0,-7,0,4334,14355
1773716031,5,3,5,1085,6,0,7,200,8,500,9,1674,10,1,11,0,12,874,13,0,14,0,15,0,3,1247,2,3179,1,9929,0,0,-1,0,-2,0,-3,0,-4,0,-5,0,-6,0,-7,0,4334,14355
1773716032,5,3,5,1085,6,0,7,150,8,500,9,1674,10,1,11,0,12,874,13,0,14,0,15,0,3,1247,2,3179,1,9929,0,0,-1,0,-2,0,-3,0,-4,0,-5,0,-6,0,-7,0,4284,14355
1773716033,5,3,5,1085,6,0,7,150,8,500,9,1674,10,1,11,0,12,874,13,0,14,0,15,0,3,1247,2,3179,1,9929,0,0,-1,0,-2,0,-3,0,-4,0,-5,0,-6,0,-7,0,4284,14355
1773716034,5,3,5,1085,6,0,7,150,8,500,9,1674,10,1,11,0,12,874,13,0,14,0,15,0,3,1247,2,3179,1,9929,0,0,-1,0,-2,0,-3,0,-4,0,-5,0,-6,0,-7,0,4284,14355
1773716035,5,3,5,1085,6,0,7,150,8,500,9,1673,10,1,11,0,12,874,13,0,14,0,15,0,3,1247,2,3179,1,9929,0,0,-1,0,-2,0,-3,0,-4,0,-5,0,-6,0,-7,0,4283,14355
1773716036,5,3,5,1085,6,0,7,150,8,500,9,1673,10,1,11,0,12,874,13,0,14,0,15,0,3,1247,2,3179,1,9929,0,0,-1,0,-2,0,-3,0,-4,0,-5,0,-6,0,-7,0,4283,14355
1773716037,5,3,5,1085,6,0,7,150,8,500,9,1673,10,1,11,0,12,874,13,0,14,0,15,0,3,1247,2,3179,1,9929,0,0,-1,0,-2,0,-3,0,-4,0,-5,0,-6,0,-7,0,4283,14355
1773716038,5,3,5,1085,6,0,7,150,8,500,9,1673,10,1,11,0,12,874,13,0,14,0,15,0,3,1247,2,3179,1,9929,0,0,-1,0,-2,0,-3,0,-4,0,-5,0,-6,0,-7,0,4283,14355
1773716039,5,3,5,1085,6,0,7,150,8,500,9,1673,10,1,11,0,12,874,13,0,14,0,15,0,3,1247,2,3179,1,9929,0,0,-1,0,-2,0,-3,0,-4,0,-5,0,-6,0,-7,0,4283,14355
1773716040,5,3,5,1085,6,0,7,150,8,500,9,1673,10,1,11,0,12,874,13,0,14,0,15,0,3,1247,2,3179,1,9929,0,0,-1,0,-2,0,-3,0,-4,0,-5,0,-6,0,-7,0,4283,14355
1773716041,5,3,5,1085,6,0,7,150,8,500,9,1673,10,1,11,0,12,874,13,0,14,0,15,0,3,1247,2,3179,1,9929,0,0,-1,0,-2,0,-3,0,-4,0,-5,0,-6,0,-7,0,4283,14355
1773716042,5,3,5,1085,6,0,7,150,8,500,9,1673,10,1,11,0,12,874,13,0,14,0,15,0,3,1247,2,3179,1,9929,0,0,-1,0,-2,0,-3,0,-4,0,-5,0,-6,0,-7,0,4283,14355
1773716043,5,3,5,1085,6,0,7,150,8,500,9,1673,10,1,11,0,12,874,13,0,14,0,15,0,3,1247,2,3179,1,9929,0,0,-1,0,-2,0,-3,0,-4,0,-5,0,-6,0,-7,0,4283,14355
1773716044,5,3,5,1174,6,0,7,150,8,500,9,1672,10,1,11,0,12,874,13,0,14,0,15,0,3,1247,2,3179,1,9929,0,0,-1,0,-2,0,-3,0,-4,0,-5,0,-6,0,-7,0,4371,14355
1773716045,5,3,5,1174,6,0,7,150,8,500,9,1672,10,1,11,0,12,874,13,0,14,0,15,0,3,1247,2,3179,1,9929,0,0,-1,0,-2,0,-3,0,-4,0,-5,0,-6,0,-7,0,4371,14355
1773716046,5,3,5,1174,6,0,7,150,8,500,9,1672,10,1,11,0,12,874,13,0,14,0,15,0,3,1247,2,3179,1,9929,0,0,-1,0,-2,0,-3,0,-4,0,-5,0,-6,0,-7,0,4371,14355
1773716047,5,3,5,1174,6,0,7,150,8,500,9,1672,10,1,11,0,12,874,13,0,14,0,15,0,3,1247,2,3179,1,9929,0,0,-1,0,-2,0,-3,0,-4,0,-5,0,-6,0,-7,0,4371,14355
1773716048,5,3,5,1174,6,0,7,150,8,500,9,1672,10,1,11,0,12,874,13,0,14,0,15,0,3,1247,2,3179,1,9929,0,0,-1,0,-2,0,-3,0,-4,0,-5,0,-6,0,-7,0,4371,14355
1773716049,5,3,5,1174,6,0,7,150,8,500,9,1672,10,1,11,0,12,874,13,0,14,0,15,0,3,1247,2,3179,1,9929,0,0,-1,0,-2,0,-3,0,-4,0,-5,0,-6,0,-7,0,4371,14355
1773716050,5,3,5,1174,6,0,7,150,8,0,9,1216,10,1,11,0,12,874,13,0,14,0,15,0,3,1247,2,3179,1,9929,0,0,-1,0,-2,0,-3,0,-4,0,-5,0,-6,0,-7,0,3415,14355
1773716051,5,3,5,1174,6,0,7,150,8,500,9,1216,10,101,11,0,12,874,13,0,14,0,15,0,3,1247,2,3179,1,9929,0,0,-1,0,-2,0,-3,0,-4,0,-5,0,-6,0,-7,0,4015,14355
1773716052,5,3,5,1174,6,0,7,150,8,500,9,1216,10,101,11,0,12,874,13,0,14,0,15,0,3,1247,2,3179,1,9929,0,0,-1,0,-2,0,-3,0,-4,0,-5,0,-6,0,-7,0,4015,14355
1773716053,5,3,5,1174,6,0,7,150,8,500,9,1216,10,101,11,0,12,874,13,0,14,0,15,0,3,1247,2,3179,1,9929,0,0,-1,0,-2,0,-3,0,-4,0,-5,0,-6,0,-7,0,4015,14355
1773716054,5,3,5,1174,6,0,7,150,8,500,9,1216,10,101,11,0,12,874,13,0,14,0,15,0,3,1247,2,3179,1,9929,0,0,-1,0,-2,0,-3,0,-4,0,-5,0,-6,0,-7,0,4015,14355
1773716055,5,3,5,1174,6,0,7,150,8,500,9,1216,10,101,11,0,12,874,13,0,14,0,15,0,3,1247,2,3179,1,9929,0,0,-1,0,-2,0,-3,0,-4,0,-5,0,-6,0,-7,0,4015,14355
1773716056,5,3,5,1174,6,0,7,150,8,500,9,1216,10,101,11,0,12,874,13,0,14,0,15,0,3,1247,2,3179,1,9929,0,0,-1,0,-2,0,-3,0,-4,0,-5,0,-6,0,-7,0,4015,14355
1773716057,5,3,5,1174,6,0,7,150,8,500,9,1216,10,101,11,0,12,874,13,0,14,0,15,0,3,1247,2,3179,1,9929,0,0,-1,0,-2,0,-3,0,-4,0,-5,0,-6,0,-7,0,4015,14355
1773716058,5,3,5,1174,6,0,7,150,8,500,9,1216,10,101,11,0,12,874,13,0,14,0,15,0,3,1147,2,3179,1,9929,0,0,-1,0,-2,0,-3,0,-4,0,-5,0,-6,0,-7,0,4015,14255
1773716059,4,3,4,150,5,874,6,0,7,0,8,500,9,1216,10,101,11,0,12,874,13,0,14,0,3,1047,2,3179,1,9929,0,0,-1,0,-2,0,-3,0,-4,0,-5,0,-6,0,-7,0,3715,14155
1773716060,4,3,4,150,5,674,6,0,7,0,8,0,9,1214,10,101,11,0,12,874,13,0,14,0,3,1047,2,3179,1,9929,0,0,-1,0,-2,0,-3,0,-4,0,-5,0,-6,0,-7,0,3013,14155
1773716061,4,3,4,170,5,654,6,0,7,0,8,0,9,1214,10,101,11,0,12,874,13,0,14,0,3,1047,2,3179,1,9929,0,0,-1,0,-2,0,-3,0,-4,0,-5,0,-6,0,-7,0,3013,14155
1773716062,4,3,4,170,5,654,6,0,7,0,8,0,9,1214,10,101,11,0,12,874,13,0,14,0,3,1047,2,3179,1,9929,0,0,-1,0,-2,0,-3,0,-4,0,-5,0,-6,0,-7,0,3013,14155
1773716063,4,3,4,170,5,654,6,0,7,0,8,0,9,1214,10,101,11,0,12,874,13,0,14,0,3,1047,2,3179,1,9929,0,0,-1,0,-2,0,-3,0,-4,0,-5,0,-6,0,-7,0,3013,14155
1773716064,4,3,4,170,5,654,6,0,7,0,8,0,9,1214,10,101,11,0,12,874,13,0,14,0,3,1047,2,3179,1,9929,0,0,-1,0,-2,0,-3,0,-4,0,-5,0,-6,0,-7,0,3013,14155
1773716065,4,3,4,170,5,654,6,0,7,0,8,0,9,1214,10,101,11,0,12,874,13,0,14,0,3,1047,2,3179,1,9929,0,0,-1,0,-2,0,-3,0,-4,0,-5,0,-6,0,-7,0,3013,14155
1773716066,4,3,4,170,5,654,6,0,7,0,8,0,9,1214,10,101,11,0,12,874,13,0,14,0,3,1047,2,3179,1,9929,0,0,-1,0,-2,0,-3,0,-4,0,-5,0,-6,0,-7,0,3013,14155
1773716067,4,3,4,170,5,654,6,0,7,0,8,0,9,1214,10,101,11,0,12,874,13,0,14,0,3,1047,2,3179,1,9929,0,0,-1,0,-2,0,-3,0,-4,0,-5,0,-6,0,-7,0,3013,14155
1773716068,4,3,4,170,5,654,6,0,7,0,8,0,9,1214,10,101,11,0,12,874,13,0,14,0,3,947,2,3179,1,9929,0,0,-1,0,-2,0,-3,0,-4,0,-5,0,-6,0,-7,0,3013,14055
1773716069,4,3,4,120,5,654,6,0,7,0,8,0,9,1214,10,101,11,0,12,874,13,0,14,0,3,847,2,3179,1,9929,0,0,-1,0,-2,0,-3,0,-4,0,-5,0,-6,0,-7,0,2963,13955
1773716070,4,3,4,120,5,654,6,0,7,0,8,0,9,1214,10,101,11,0,12,874,13,0,14,0,3,847,2,3179,1,9929,0,0,-1,0,-2,0,-3,0,-4,0,-5,0,-6,0,-7,0,2963,13955
1773716071,4,3,4,120,5,654,6,0,7,0,8,0,9,1214,10,101,11,0,12,874,13,0,14,0,3,36,2,3179,1,9929,0,0,-1,0,-2,0,-3,0,-4,0,-5,0,-6,0,-7,0,2963,13144
1773716072,4,3,4,170,5,654,6,0,7,0,8,0,9,1214,10,101,11,0,12,874,13,0,14,0,3,36,2,3179,1,9929,0,0,-1,0,-2,0,-3,0,-4,0,-5,0,-6,0,-7,0,3013,13144
1773716073,4,3,4,170,5,654,6,0,7,0,8,0,9,1214,10,101,11,0,12,874,13,0,14,0,3,76,2,3179,1,9929,0,0,-1,0,-2,0,-3,0,-4,0,-5,0,-6,0,-7,0,3013,13184
1773716074,4,3,4,170,5,654,6,0,7,0,8,0,9,1214,10,101,11,0,12,874,13,0,14,0,3,76,2,3179,1,9929,0,0,-1,0,-2,0,-3,0,-4,0,-5,0,-6,0,-7,0,3013,13184
1773716075,4,3,4,170,5,654,6,0,7,0,8,0,9,1214,10,101,11,0,12,874,13,0,14,0,3,76,2,3179,1,9929,0,0,-1,0,-2,0,-3,0,-4,0,-5,0,-6,0,-7,0,3013,13184
1773716076,4,3,4,170,5,654,6,0,7,0,8,0,9,1214,10,101,11,0,12,874,13,0,14,0,3,76,2,3179,1,9929,0,0,-1,0,-2,0,-3,0,-4,0,-5,0,-6,0,-7,0,3013,13184
1773716077,4,3,4,170,5,654,6,0,7,0,8,0,9,1214,10,101,11,0,12,874,13,0,14,0,3,36,2,3179,1,9929,0,0,-1,0,-2,0,-3,0,-4,0,-5,0,-6,0,-7,0,3013,13144
1773716078,3,2,3,64,4,170,5,654,6,0,7,0,8,0,9,1214,10,101,11,301,12,652,13,0,2,3179,1,9929,0,0,-1,0,-2,0,-3,0,-4,0,-5,0,-6,0,-7,0,-8,0,3156,13108
1773716079,3,2,3,164,4,170,5,654,6,0,7,0,8,0,9,1214,10,101,11,301,12,652,13,0,2,3179,1,9929,0,0,-1,0,-2,0,-3,0,-4,0,-5,0,-6,0,-7,0,-8,0,3256,13108
1773716080,4,3,4,170,5,654,6,0,7,0,8,0,9,1214,10,101,11,221,12,652,13,0,14,0,3,336,2,3179,1,9929,0,0,-1,0,-2,0,-3,0,-4,0,-5,0,-6,0,-7,0,3012,13444
1773716081,4,3,4,170,5,654,6,0,7,0,8,0,9,1214,10,101,11,221,12,652,13,0,14,0,3,336,2,3179,1,9929,0,0,-1,0,-2,0,-3,0,-4,0,-5,0,-6,0,-7,0,3012,13444
1773716082,4,3,4,170,5,654,6,0,7,0,8,0,9,1214,10,101,11,221,12,652,13,0,14,0,3,336,2,3179,1,9929,0,0,-1,0,-2,0,-3,0,-4,0,-5,0,-6,0,-7,0,3012,13444
1773716083,4,3,4,170,5,654,6,0,7,0,8,0,9,1214,10,101,11,221,12,652,13,0,14,0,3,336,2,3179,1,9929,0,0,-1,0,-2,0,-3,0,-4,0,-5,0,-6,0,-7,0,3012,13444
1773716084,4,3,4,180,5,654,6,0,7,0,8,0,9,1221,10,101,11,221,12,652,13,0,14,0,3,336,2,3179,1,9929,0,0,-1,0,-2,0,-3,0,-4,0,-5,0,-6,0,-7,0,3029,13444
1773716085,4,3,4,180,5,654,6,0,7,0,8,0,9,1221,10,101,11,221,12,652,13,0,14,0,3,336,2,3179,1,9929,0,0,-1,0,-2,0,-3,0,-4,0,-5,0,-6,0,-7,0,3029,13444
1773716086,4,3,4,180,5,654,6,0,7,0,8,0,9,1221,10,101,11,221,12,652,13,0,14,0,3,336,2,3179,1,9929,0,0,-1,0,-2,0,-3,0,-4,0,-5,0,-6,0,-7,0,3029,13444
1773716087,4,3,4,180,5,654,6,0,7,0,8,0,9,1221,10,101,11,221,12,652,13,0,14,0,3,336,2,3179,1,9929,0,0,-1,0,-2,0,-3,0,-4,0,-5,0,-6,0,-7,0,3029,13444
1773716088,4,3,4,180,5,654,6,0,7,0,8,0,9,1221,10,101,11,221,12,652,13,0,14,0,3,236,2,3179,1,9929,0,0,-1,0,-2,0,-3,0,-4,0,-5,0,-6,0,-7,0,3029,13344
1773716089,4,3,4,180,5,654,6,0,7,0,8,0,9,1221,10,101,11,221,12,652,13,0,14,0,3,136,2,3179,1,9929,0,0,-1,0,-2,0,-3,0,-4,0,-5,0,-6,0,-7,0,3029,13244
1773716090,4,3,4,180,5,654,6,0,7,0,8,0,9,1221,10,101,11,221,12,652,13,0,14,0,3,136,2,3179,1,9929,0,0,-1,0,-2,0,-3,0,-4,0,-5,0,-6,0,-7,0,3029,13244
1773716091,4,3,4,180,5,654,6,0,7,0,8,0,9,1221,10,101,11,221,12,652,13,0,14,0,3,136,2,3179,1,9929,0,0,-1,0,-2,0,-3,0,-4,0,-5,0,-6,0,-7,0,3029,13244
1773716092,4,3,4,80,5,654,6,0,7,0,8,0,9,1221,10,101,11,221,12,652,13,0,14,0,3,136,2,3179,1,9929,0,0,-1,0,-2,0,-3,0,-4,0,-5,0,-6,0,-7,0,2929,13244
1773716093,4,3,4,90,5,654,6,0,7,0,8,0,9,1214,10,101,11,221,12,652,13,0,14,0,3,136,2,3179,1,9929,0,0,-1,0,-2,0,-3,0,-4,0,-5,0,-6,0,-7,0,2932,13244
1773716094,4,3,4,402,5,654,6,0,7,0,8,0,9,1214,10,101,11,221,12,652,13,0,14,0,3,136,2,3179,1,9929,0,0,-1,0,-2,0,-3,0,-4,0,-5,0,-6,0,-7,0,3244,13244
1773716095,4,3,4,402,5,654,6,0,7,0,8,0,9,1214,10,101,11,221,12,652,13,0,14,0,3,136,2,3179,1,9929,0,0,-1,0,-2,0,-3,0,-4,0,-5,0,-6,0,-7,0,3244,13244
1773716096,4,3,4,402,5,654,6,0,7,0,8,0,9,1214,10,101,11,221,12,652,13,0,14,0,3,136,2,3179,1,9929,0,0,-1,0,-2,0,-3,0,-4,0,-5,0,-6,0,-7,0,3244,13244
1773716097,4,3,4,402,5,654,6,0,7,0,8,0,9,1214,10,101,11,221,12,652,13,0,14,0,3,136,2,3179,1,9929,0,0,-1,0,-2,0,-3,0,-4,0,-5,0,-6,0,-7,0,3244,13244
1773716098,4,3,4,591,5,654,6,0,7,0,8,0,9,1214,10,101,11,221,12,652,13,0,14,0,3,36,2,3179,1,9929,0,0,-1,0,-2,0,-3,0,-4,0,-5,0,-6,0,-7,0,3433,13144
1773716099,3,2,3,84,4,1448,5,654,6,0,7,0,8,0,9,1214,10,101,11,300,12,652,13,0,2,3179,1,9929,0,0,-1,0,-2,0,-3,0,-4,0,-5,0,-6,0,-7,0,-8,0,4453,13108
1773716100,3,2,3,84,4,1448,5,654,6,0,7,0,8,0,9,1214,10,101,11,300,12,652,13,0,2,3179,1,9929,0,0,-1,0,-2,0,-3,0,-4,0,-5,0,-6,0,-7,0,-8,0,4453,13108
1773716101,3,2,3,110,4,1398,5,654,6,0,7,0,8,0,9,1214,10,101,11,300,12,652,13,0,2,3179,1,9929,0,0,-1,0,-2,0,-3,0,-4,0,-5,0,-6,0,-7,0,-8,0,4429,13108
1773716102,3,2,3,110,4,1398,5,654,6,0,7,0,8,0,9,1214,10,101,11,300,12,652,13,0,2,3179,1,9929,0,0,-1,0,-2,0,-3,0,-4,0,-5,0,-6,0,-7,0,-8,0,4429,13108
1773716103,3,2,3,110,4,1398,5,654,6,0,7,0,8,0,9,1214,10,101,11,300,12,652,13,0,2,3179,1,9929,0,0,-1,0,-2,0,-3,0,-4,0,-5,0,-6,0,-7,0,-8,0,4429,13108
1773716104,3,2,3,10,4,1398,5,654,6,0,7,0,8,0,9,1214,10,101,11,300,12,652,13,0,2,3179,1,9939,0,0,-1,0,-2,0,-3,0,-4,0,-5,0,-6,0,-7,0,-8,0,4329,13118
1773716105,3,2,3,10,4,1408,5,654,6,0,7,0,8,0,9,1214,10,101,11,300,12,652,13,0,2,3179,1,9939,0,0,-1,0,-2,0,-3,0,-4,0,-5,0,-6,0,-7,0,-8,0,4339,13118
1773716106,4,2,4,1418,5,654,6,0,7,0,8,0,9,1214,10,101,11,220,12,652,13,0,14,0,2,3179,1,9939,0,0,-1,0,-2,0,-3,0,-4,0,-5,0,-6,0,-7,0,-8,0,4259,13118
1773716107,4,2,4,1418,5,654,6,0,7,0,8,0,9,1214,10,101,11,220,12,652,13,0,14,0,2,3179,1,9939,0,0,-1,0,-2,0,-3,0,-4,0,-5,0,-6,0,-7,0,-8,0,4259,13118
1773716108,4,2,4,1418,5,654,6,0,7,0,8,0,9,1214,10,101,11,220,12,652,13,0,14,0,2,3179,1,9939,0,0,-1,0,-2,0,-3,0,-4,0,-5,0,-6,0,-7,0,-8,0,4259,13118
1773716109,3,2,3,110,4,1388,5,89,6,0,7,0,8,22,9,1214,10,101,11,300,12,652,13,0,2,3179,1,9939,0,0,-1,0,-2,0,-3,0,-4,0,-5,0,-6,0,-7,0,-8,0,3876,13118
1773716110,3,2,3,110,4,1477,5,0,6,0,7,0,8,20,9,1214,10,101,11,300,12,652,13,0,2,3179,1,9939,0,0,-1,0,-2,0,-3,0,-4,0,-5,0,-6,0,-7,0,-8,0,3874,13118
1773716111,3,2,3,1120,4,467,5,0,6,20,7,0,8,0,9,1214,10,101,11,300,12,652,13,0,2,3179,1,9939,0,0,-1,0,-2,0,-3,0,-4,0,-5,0,-6,0,-7,0,-8,0,3874,13118
1773716112,3,2,3,353,4,467,5,0,6,0,7,0,8,20,9,1214,10,101,11,300,12,652,13,0,2,3179,1,9939,0,0,-1,0,-2,0,-3,0,-4,0,-5,0,-6,0,-7,0,-8,0,3107,13118
1773716113,3,2,3,353,4,467,5,0,6,0,7,0,8,20,9,1214,10,101,11,300,12,652,13,0,2,3179,1,9939,0,0,-1,0,-2,0,-3,0,-4,0,-5,0,-6,0,-7,0,-8,0,3107,13118
1773716114,3,2,3,353,4,467,5,0,6,0,7,20,8,0,9,1214,10,101,11,300,12,652,13,0,2,3174,1,9939,0,0,-1,0,-2,0,-3,0,-4,0,-5,0,-6,0,-7,0,-8,0,3107,13113
1773716115,4,2,4,100,5,0,6,200,7,1600,8,0,9,1090,10,101,11,300,12,152,13,0,14,0,2,3174,1,9939,0,0,-1,0,-2,0,-3,0,-4,0,-5,0,-6,0,-7,0,-8,0,3543,13113
1773716116,4,2,4,1100,5,0,6,0,7,0,8,700,9,1090,10,101,11,220,12,652,13,0,14,0,2,3174,1,9939,0,0,-1,0,-2,0,-3,0,-4,0,-5,0,-6,0,-7,0,-8,0,3863,13113
1773716117,4,2,4,1100,5,0,6,0,7,0,8,700,9,1090,10,101,11,220,12,652,13,0,14,0,2,3174,1,9939,0,0,-1,0,-2,0,-3,0,-4,0,-5,0,-6,0,-7,0,-8,0,3863,13113
1773716118,4,2,4,1100,5,0,6,0,7,0,8,700,9,1090,10,101,11,220,12,652,13,0,14,0,2,3074,1,9939,0,0,-1,0,-2,0,-3,0,-4,0,-5,0,-6,0,-7,0,-8,0,3863,13013
1773716119,4,2,4,1100,5,50,6,200,7,0,8,500,9,1090,10,101,11,220,12,652,13,0,14,0,2,2974,1,9939,0,0,-1,0,-2,0,-3,0,-4,0,-5,0,-6,0,-7,0,-8,0,3913,12913
1773716120,4,2,4,1100,5,50,6,200,7,0,8,500,9,1090,10,101,11,220,12,652,13,0,14,0,2,2974,1,9939,0,0,-1,0,-2,0,-3,0,-4,0,-5,0,-6,0,-7,0,-8,0,3913,12913
1773716121,4,2,4,1100,5,14,6,200,7,0,8,500,9,1090,10,101,11,220,12,652,13,0,14,0,2,2974,1,9939,0,0,-1,0,-2,0,-3,0,-4,0,-5,0,-6,0,-7,0,-8,0,3877,12913
1773716122,4,2,4,1100,5,14,6,200,7,0,8,500,9,1090,10,101,11,220,12,652,13,0,14,0,2,2974,1,9939,0,0,-1,0,-2,0,-3,0,-4,0,-5,0,-6,0,-7,0,-8,0,3877,12913
1773716123,4,2,4,1100,5,0,6,200,7,14,8,500,9,1097,10,101,11,220,12,652,13,0,14,0,2,2974,1,9939,0,0,-1,0,-2,0,-3,0,-4,0,-5,0,-6,0,-7,0,-8,0,3884,12913
1773716124,4,2,4,1100,5,0,6,0,7,14,8,700,9,1097,10,101,11,220,12,652,13,0,14,0,2,2974,1,9939,0,0,-1,0,-2,0,-3,0,-4,0,-5,0,-6,0,-7,0,-8,0,3884,12913
1773716125,4,2,4,1100,5,0,6,0,7,14,8,700,9,1097,10,101,11,220,12,652,13,0,14,0,2,2974,1,9939,0,0,-1,0,-2,0,-3,0,-4,0,-5,0,-6,0,-7,0,-8,0,3884,12913
1773716126,4,2,4,1100,5,0,6,0,7,14,8,700,9,1097,10,101,11,220,12,652,13,0,14,0,2,2974,1,9939,0,0,-1,0,-2,0,-3,0,-4,0,-5,0,-6,0,-7,0,-8,0,3884,12913
1773716127,4,2,4,1100,5,14,6,0,7,0,8,700,9,960,10,101,11,220,12,652,13,0,14,0,2,2974,1,9939,0,0,-1,0,-2,0,-3,0,-4,0,-5,0,-6,0,-7,0,-8,0,3747,12913
1773716128,4,2,4,1100,5,0,6,200,7,14,8,500,9,960,10,101,11,220,12,652,13,0,14,0,2,2874,1,9939,0,0,-1,0,-2,0,-3,0,-4,0,-5,0,-6,0,-7,0,-8,0,3747,12813
1773716129,4,2,4,1100,5,14,6,0,7,0,8,700,9,960,10,101,11,220,12,652,13,0,14,0,2,2774,1,9939,0,0,-1,0,-2,0,-3,0,-4,0,-5,0,-6,0,-7,0,-8,0,3747,12713
1773716130,4,2,4,1100,5,14,6,200,7,0,8,500,9,960,10,101,11,220,12,652,13,0,14,0,2,2774,1,9939,0,0,-1,0,-2,0,-3,0,-4,0,-5,0,-6,0,-7,0,-8,0,3747,12713
1773716131,4,2,4,1120,5,14,6,0,7,0,8,700,9,960,10,101,11,220,12,652,13,0,14,0,2,2774,1,9939,0,0,-1,0,-2,0,-3,0,-4,0,-5,0,-6,0,-7,0,-8,0,3767,12713
1773716132,4,2,4,1120,5,14,6,0,7,0,8,700,9,960,10,101,11,220,12,652,13,0,14,0,2,2774,1,9939,0,0,-1,0,-2,0,-3,0,-4,0,-5,0,-6,0,-7,0,-8,0,3767,12713
1773716133,4,2,4,1083,5,0,6,0,7,14,8,0,9,200,10,766,11,219,12,652,13,0,14,0,2,2774,1,9939,0,0,-1,0,-2,0,-3,0,-4,0,-5,0,-6,0,-7,0,-8,0,2934,12713
1773716134,3,2,3,1000,4,1083,5,0,6,14,7,700,8,0,9,0,10,766,11,299,12,652,13,0,2,2774,1,9939,0,0,-1,0,-2,0,-3,0,-4,0,-5,0,-6,0,-7,0,-8,0,4514,12713
1773716135,3,2,3,983,4,1083,5,0,6,14,7,700,8,0,9,0,10,766,11,219,12,652,13,0,2,2774,1,9939,0,0,-1,0,-2,0,-3,0,-4,0,-5,0,-6,0,-7,0,-8,0,4417,12713
1773716136,3,2,3,1003,4,1063,5,0,6,14,7,700,8,0,9,0,10,766,11,219,12,652,13,0,2,2774,1,9939,0,0,-1,0,-2,0,-3,0,-4,0,-5,0,-6,0,-7,0,-8,0,4417,12713
1773716137,3,2,3,1408,4,1063,5,0,6,14,7,700,8,0,9,0,10,766,11,219,12,652,13,0,2,2774,1,9939,0,0,-1,0,-2,0,-3,0,-4,0,-5,0,-6,0,-7,0,-8,0,4822,12713
1773716138,3,2,3,1408,4,1063,5,0,6,14,7,700,8,0,9,0,10,766,11,299,12,652,13,0,2,2674,1,9939,0,0,-1,0,-2,0,-3,0,-4,0,-5,0,-6,0,-7,0,-8,0,4902,12613
1773716139,3,2,3,1408,4,1063,5,0,6,14,7,700,8,0,9,0,10,766,11,299,12,652,13,0,2,2574,1,9939,0,0,-1,0,-2,0,-3,0,-4,0,-5,0,-6,0,-7,0,-8,0,4902,12513
1773716140,3,2,3,1408,4,1063,5,0,6,14,7,700,8,0,9,0,10,766,11,299,12,652,13,0,2,2574,1,9939,0,0,-1,0,-2,0,-3,0,-4,0,-5,0,-6,0,-7,0,-8,0,4902,12513
1773716141,3,2,3,1408,4,1063,5,0,6,14,7,700,8,0,9,0,10,766,11,299,12,652,13,0,2,2574,1,9939,0,0,-1,0,-2,0,-3,0,-4,0,-5,0,-6,0,-7,0,-8,0,4902,12513
1773716142,3,2,3,1376,4,1063,5,0,6,14,7,700,8,0,9,0,10,766,11,299,12,652,13,0,2,2574,1,9939,0,0,-1,0,-2,0,-3,0,-4,0,-5,0,-6,0,-7,0,-8,0,4870,12513
1773716143,3,2,3,1376,4,1063,5,0,6,14,7,700,8,0,9,0,10,766,11,299,12,652,13,0,2,2574,1,9939,0,0,-1,0,-2,0,-3,0,-4,0,-5,0,-6,0,-7,0,-8,0,4870,12513
1773716144,3,2,3,1376,4,1063,5,0,6,14,7,700,8,0,9,0,10,766,11,299,12,652,13,0,2,2574,1,9939,0,0,-1,0,-2,0,-3,0,-4,0,-5,0,-6,0,-7,0,-8,0,4870,12513
1773716145,3,2,3,1376,4,1063,5,0,6,14,7,700,8,0,9,0,10,766,11,299,12,652,13,0,2,2574,1,9939,0,0,-1,0,-2,0,-3,0,-4,0,-5,0,-6,0,-7,0,-8,0,4870,12513
1773716146,3,2,3,1376,4,1063,5,0,6,14,7,700,8,0,9,0,10,766,11,299,12,652,13,0,2,2574,1,9939,0,0,-1,0,-2,0,-3,0,-4,0,-5,0,-6,0,-7,0,-8,0,4870,12513
1773716147,3,2,3,1376,4,1063,5,0,6,14,7,700,8,0,9,0,10,766,11,299,12,652,13,0,2,2574,1,9939,0,0,-1,0,-2,0,-3,0,-4,0,-5,0,-6,0,-7,0,-8,0,4870,12513
1773716148,3,2,3,1376,4,1063,5,0,6,14,7,700,8,0,9,0,10,766,11,299,12,652,13,0,2,2474,1,9939,0,0,-1,0,-2,0,-3,0,-4,0,-5,0,-6,0,-7,0,-8,0,4870,12413
1773716149,3,2,3,1376,4,1063,5,0,6,0,7,0,8,0,9,14,10,759,11,299,12,652,13,0,2,2374,1,9939,0,0,-1,0,-2,0,-3,0,-4,0,-5,0,-6,0,-7,0,-8,0,4163,12313
1773716150,3,2,3,1576,4,1063,5,0,6,0,7,0,8,0,9,14,10,759,11,299,12,652,13,0,2,2374,1,9939,0,0,-1,0,-2,0,-3,0,-4,0,-5,0,-6,0,-7,0,-8,0,4363,12313
1773716151,3,2,3,1576,4,1063,5,10,6,0,7,0,8,0,9,0,10,759,11,299,12,652,13,0,2,2374,1,9939,0,0,-1,0,-2,0,-3,0,-4,0,-5,0,-6,0,-7,0,-8,0,4359,12313
1773716152,3,2,3,1576,4,1063,5,10,6,0,7,0,8,0,9,0,10,759,11,299,12,652,13,0,2,2374,1,9939,0,0,-1,0,-2,0,-3,0,-4,0,-5,0,-6,0,-7,0,-8,0,4359,12313
1773716153,3,2,3,1576,4,1063,5,10,6,0,7,0,8,0,9,0,10,759,11,299,12,652,13,0,2,2374,1,9939,0,0,-1,0,-2,0,-3,0,-4,0,-5,0,-6,0,-7,0,-8,0,4359,12313
1773716154,3,2,3,1576,4,1063,5,10,6,0,7,0,8,0,9,0,10,759,11,299,12,652,13,0,2,2374,1,9939,0,0,-1,0,-2,0,-3,0,-4,0,-5,0,-6,0,-7,0,-8,0,4359,12313
1773716155,3,2,3,1576,4,1063,5,10,6,0,7,0,8,0,9,0,10,759,11,299,12,652,13,0,2,2374,1,9939,0,0,-1,0,-2,0,-3,0,-4,0,-5,0,-6,0,-7,0,-8,0,4359,12313
1773716156,3,2,3,1576,4,1063,5,10,6,0,7,0,8,0,9,0,10,759,11,299,12,652,13,0,2,2374,1,9939,0,0,-1,0,-2,0,-3,0,-4,0,-5,0,-6,0,-7,0,-8,0,4359,12313
1773716157,3,2,3,1576,4,1063,5,10,6,0,7,0,8,0,9,0,10,759,11,219,12,652,13,0,2,2374,1,9939,0,0,-1,0,-2,0,-3,0,-4,0,-5,0,-6,0,-7,0,-8,0,4279,12313
1773716158,3,2,3,1576,4,1063,5,10,6,0,7,0,8,0,9,0,10,759,11,219,12,652,13,0,2,2274,1,9939,0,0,-1,0,-2,0,-3,0,-4,0,-5,0,-6,0,-7,0,-8,0,4279,12213
1773716159,3,2,3,1576,4,1063,5,10,6,0,7,0,8,0,9,0,10,759,11,219,12,652,13,0,2,2174,1,9939,0,0,-1,0,-2,0,-3,0,-4,0,-5,0,-6,0,-7,0,-8,0,4279,12113
1773716160,3,2,3,1576,4,1063,5,10,6,0,7,0,8,0,9,0,10,759,11,219,12,652,13,0,2,2174,1,9939,0,0,-1,0,-2,0,-3,0,-4,0,-5,0,-6,0,-7,0,-8,0,4279,12113
1773716161,3,2,3,1576,4,1063,5,10,6,0,7,0,8,0,9,0,10,759,11,219,12,652,13,0,2,2174,1,9939,0,0,-1,0,-2,0,-3,0,-4,0,-5,0,-6,0,-7,0,-8,0,4279,12113
1773716162,3,2,3,1576,4,1063,5,10,6,0,7,0,8,0,9,0,10,759,11,219,12,652,13,0,2,2174,1,9939,0,0,-1,0,-2,0,-3,0,-4,0,-5,0,-6,0,-7,0,-8,0,4279,12113
1773716163,3,2,3,1576,4,1063,5,10,6,0,7,0,8,0,9,0,10,759,11,219,12,652,13,0,2,2174,1,9939,0,0,-1,0,-2,0,-3,0,-4,0,-5,0,-6,0,-7,0,-8,0,4279,12113
1773716164,3,2,3,1171,4,1063,5,10,6,0,7,0,8,0,9,0,10,759,11,219,12,652,13,0,2,2174,1,9939,0,0,-1,0,-2,0,-3,0,-4,0,-5,0,-6,0,-7,0,-8,0,3874,12113
1773716165,3,2,3,971,4,1063,5,10,6,0,7,0,8,0,9,0,10,759,11,219,12,652,13,0,2,2174,1,9939,0,0,-1,0,-2,0,-3,0,-4,0,-5,0,-6,0,-7,0,-8,0,3674,12113
1773716166,3,2,3,1491,4,1063,5,10,6,0,7,0,8,0,9,0,10,759,11,219,12,652,13,0,2,2174,1,9939,0,0,-1,0,-2,0,-3,0,-4,0,-5,0,-6,0,-7,0,-8,0,4194,12113
1773716167,3,2,3,1491,4,1063,5,10,6,0,7,0,8,0,9,0,10,759,11,219,12,652,13,0,2,2174,1,9939,0,0,-1,0,-2,0,-3,0,-4,0,-5,0,-6,0,-7,0,-8,0,4194,12113
1773716168,3,2,3,1491,4,1063,5,10,6,0,7,0,8,0,9,0,10,759,11,219,12,652,13,0,2,2074,1,9939,0,0,-1,0,-2,0,-3,0,-4,0,-5,0,-6,0,-7,0,-8,0,4194,12013
1773716169,3,2,3,1491,4,1063,5,10,6,0,7,0,8,0,9,0,10,759,11,299,12,652,13,0,2,1974,1,9939,0,0,-1,0,-2,0,-3,0,-4,0,-5,0,-6,0,-7,0,-8,0,4274,11913
1773716170,3,2,3,1491,4,1063,5,10,6,0,7,0,8,0,9,0,10,759,11,299,12,652,13,0,2,1974,1,9939,0,0,-1,0,-2,0,-3,0,-4,0,-5,0,-6,0,-7,0,-8,0,4274,11913
1773716171,3,2,3,1491,4,1063,5,10,6,0,7,0,8,0,9,0,10,759,11,299,12,652,13,0,2,1974,1,9939,0,0,-1,0,-2,0,-3,0,-4,0,-5,0,-6,0,-7,0,-8,0,4274,11913
1773716172,3,2,3,1491,4,1063,5,10,6,0,7,0,8,0,9,0,10,759,11,299,12,652,13,0,2,1974,1,9939,0,0,-1,0,-2,0,-3,0,-4,0,-5,0,-6,0,-7,0,-8,0,4274,11913
1773716173,3,2,3,1491,4,1063,5,10,6,0,7,0,8,0,9,0,10,759,11,299,12,652,13,0,2,1974,1,9939,0,0,-1,0,-2,0,-3,0,-4,0,-5,0,-6,0,-7,0,-8,0,4274,11913
1773716174,3,2,3,1491,4,1063,5,10,6,0,7,0,8,0,9,0,10,759,11,299,12,652,13,0,2,1974,1,9939,0,0,-1,0,-2,0,-3,0,-4,0,-5,0,-6,0,-7,0,-8,0,4274,11913
1773716175,3,2,3,1491,4,1063,5,10,6,0,7,0,8,0,9,0,10,759,11,299,12,652,13,0,2,1974,1,9939,0,0,-1,0,-2,0,-3,0,-4,0,-5,0,-6,0,-7,0,-8,0,4274,11913
1773716176,3,2,3,2196,4,1063,5,10,6,0,7,0,8,0,9,0,10,759,11,299,12,652,13,0,2,1974,1,9939,0,0,-1,0,-2,0,-3,0,-4,0,-5,0,-6,0,-7,0,-8,0,4979,11913
1773716177,3,2,3,2196,4,1063,5,10,6,0,7,0,8,0,9,0,10,759,11,299,12,652,13,0,2,1974,1,9939,0,0,-1,0,-2,0,-3,0,-4,0,-5,0,-6,0,-7,0,-8,0,4979,11913
1773716178,3,2,3,2196,4,1063,5,10,6,0,7,0,8,0,9,0,10,759,11,299,12,652,13,0,2,1872,1,9939,0,0,-1,0,-2,0,-3,0,-4,0,-5,0,-6,0,-7,0,-8,0,4979,11811
1773716179,3,2,3,2296,4,1063,5,10,6,0,7,0,8,0,9,0,10,759,11,299,12,652,13,0,2,1772,1,9939,0,0,-1,0,-2,0,-3,0,-4,0,-5,0,-6,0,-7,0,-8,0,5079,11711
1773716180,3,2,3,2296,4,1274,5,10,6,0,7,0,8,0,9,0,10,759,11,299,12,652,13,0,2,1772,1,9939,0,0,-1,0,-2,0,-3,0,-4,0,-5,0,-6,0,-7,0,-8,0,5290,11711
1773716181,3,2,3,2296,4,1274,5,10,6,0,7,0,8,0,9,0,10,759,11,299,12,652,13,0,2,1772,1,9939,0,0,-1,0,-2,0,-3,0,-4,0,-5,0,-6,0,-7,0,-8,0,5290,11711
1773716182,3,2,3,2296,4,1274,5,10,6,0,7,0,8,0,9,0,10,759,11,299,12,652,13,0,2,1772,1,9939,0,0,-1,0,-2,0,-3,0,-4,0,-5,0,-6,0,-7,0,-8,0,5290,11711
1773716183,3,2,3,2296,4,1274,5,10,6,0,7,0,8,0,9,0,10,759,11,299,12,652,13,0,2,1772,1,9939,0,0,-1,0,-2,0,-3,0,-4,0,-5,0,-6,0,-7,0,-8,0,5290,11711
1773716184,3,2,3,2296,4,1274,5,10,6,0,7,0,8,0,9,0,10,759,11,299,12,652,13,0,2,1772,1,9939,0,0,-1,0,-2,0,-3,0,-4,0,-5,0,-6,0,-7,0,-8,0,5290,11711
1773716185,3,2,3,2296,4,1274,5,10,6,0,7,0,8,0,9,0,10,759,11,299,12,652,13,0,2,1772,1,9939,0,0,-1,0,-2,0,-3,0,-4,0,-5,0,-6,0,-7,0,-8,0,5290,11711
1773716186,3,2,3,2296,4,1274,5,10,6,0,7,0,8,0,9,0,10,759,11,299,12,652,13,0,2,1772,1,9939,0,0,-1,0,-2,0,-3,0,-4,0,-5,0,-6,0,-7,0,-8,0,5290,11711
1773716187,3,2,3,2296,4,1274,5,10,6,0,7,0,8,0,9,0,10,759,11,299,12,652,13,0,2,1772,1,9939,0,0,-1,0,-2,0,-3,0,-4,0,-5,0,-6,0,-7,0,-8,0,5290,11711
1773716188,3,2,3,2296,4,1274,5,10,6,0,7,0,8,0,9,0,10,759,11,299,12,652,13,0,2,1672,1,9939,0,0,-1,0,-2,0,-3,0,-4,0,-5,0,-6,0,-7,0,-8,0,5290,11611
1773716189,3,2,3,2296,4,1274,5,10,6,0,7,0,8,0,9,0,10,759,11,299,12,652,13,0,2,700,1,9939,0,0,-1,0,-2,0,-3,0,-4,0,-5,0,-6,0,-7,0,-8,0,5290,10639
1773716190,3,2,3,2296,4,1274,5,10,6,0,7,0,8,0,9,0,10,759,11,299,12,652,13,0,2,700,1,9939,0,0,-1,0,-2,0,-3,0,-4,0,-5,0,-6,0,-7,0,-8,0,5290,10639
1773716191,3,2,3,2296,4,1274,5,10,6,0,7,0,8,0,9,0,10,759,11,299,12,652,13,0,2,700,1,9939,0,0,-1,0,-2,0,-3,0,-4,0,-5,0,-6,0,-7,0,-8,0,5290,10639
1773716192,3,2,3,2296,4,1274,5,10,6,0,7,0,8,0,9,0,10,759,11,299,12,652,13,0,2,700,1,9939,0,0,-1,0,-2,0,-3,0,-4,0,-5,0,-6,0,-7,0,-8,0,5290,10639
1773716193,3,2,3,2296,4,1274,5,10,6,0,7,0,8,0,9,0,10,759,11,299,12,652,13,0,2,700,1,9939,0,0,-1,0,-2,0,-3,0,-4,0,-5,0,-6,0,-7,0,-8,0,5290,10639
1773716194,3,2,3,2296,4,1274,5,10,6,0,7,0,8,0,9,0,10,759,11,299,12,652,13,0,2,700,1,9939,0,0,-1,0,-2,0,-3,0,-4,0,-5,0,-6,0,-7,0,-8,0,5290,10639
1773716195,3,2,3,2296,4,1274,5,10,6,0,7,0,8,0,9,0,10,759,11,299,12,652,13,0,2,700,1,9939,0,0,-1,0,-2,0,-3,0,-4,0,-5,0,-6,0,-7,0,-8,0,5290,10639
1773716196,3,2,3,2296,4,1274,5,10,6,0,7,0,8,0,9,0,10,759,11,299,12,652,13,0,2,700,1,9939,0,0,-1,0,-2,0,-3,0,-4,0,-5,0,-6,0,-7,0,-8,0,5290,10639
1773716197,3,2,3,2296,4,1274,5,10,6,0,7,0,8,0,9,0,10,759,11,299,12,652,13,0,2,700,1,9939,0,0,-1,0,-2,0,-3,0,-4,0,-5,0,-6,0,-7,0,-8,0,5290,10639
1773716198,3,2,3,2296,4,1274,5,10,6,0,7,0,8,0,9,0,10,759,11,299,12,652,13,0,2,600,1,9939,0,0,-1,0,-2,0,-3,0,-4,0,-5,0,-6,0,-7,0,-8,0,5290,10539
1773716199,3,2,3,2296,4,1274,5,10,6,0,7,0,8,0,9,0,10,759,11,299,12,652,13,0,2,500,1,9939,0,0,-1,0,-2,0,-3,0,-4,0,-5,0,-6,0,-7,0,-8,0,5290,10439
1773716200,3,2,3,2296,4,1274,5,10,6,0,7,0,8,0,9,0,10,759,11,299,12,652,13,0,2,500,1,9939,0,0,-1,0,-2,0,-3,0,-4,0,-5,0,-6,0,-7,0,-8,0,5290,10439
1773716201,3,2,3,2296,4,1274,5,10,6,0,7,0,8,0,9,0,10,759,11,299,12,652,13,0,2,500,1,9939,0,0,-1,0,-2,0,-3,0,-4,0,-5,0,-6,0,-7,0,-8,0,5290,10439
1773716202,3,2,3,2296,4,1274,5,10,6,0,7,0,8,0,9,0,10,759,11,299,12,652,13,0,2,500,1,9939,0,0,-1,0,-2,0,-3,0,-4,0,-5,0,-6,0,-7,0,-8,0,5290,10439
1773716203,3,2,3,2596,4,1274,5,10,6,0,7,0,8,0,9,0,10,759,11,299,12,652,13,0,2,500,1,9939,0,0,-1,0,-2,0,-3,0,-4,0,-5,0,-6,0,-7,0,-8,0,5590,10439
1773716204,3,2,3,2596,4,1274,5,10,6,0,7,0,8,0,9,0,10,759,11,299,12,652,13,0,2,500,1,9939,0,0,-1,0,-2,0,-3,0,-4,0,-5,0,-6,0,-7,0,-8,0,5590,10439
1773716205,3,2,3,2596,4,1274,5,10,6,0,7,0,8,0,9,0,10,759,11,299,12,652,13,0,2,500,1,9939,0,0,-1,0,-2,0,-3,0,-4,0,-5,0,-6,0,-7,0,-8,0,5590,10439
1773716206,3,2,3,2596,4,1274,5,10,6,0,7,0,8,0,9,0,10,759,11,299,12,652,13,0,2,500,1,9939,0,0,-1,0,-2,0,-3,0,-4,0,-5,0,-6,0,-7,0,-8,0,5590,10439
1773716207,3,2,3,2596,4,1274,5,10,6,0,7,0,8,0,9,0,10,759,11,299,12,652,13,0,2,500,1,9939,0,0,-1,0,-2,0,-3,0,-4,0,-5,0,-6,0,-7,0,-8,0,5590,10439
1773716208,3,2,3,2596,4,1274,5,10,6,0,7,0,8,0,9,0,10,759,11,299,12,652,13,0,2,400,1,9939,0,0,-1,0,-2,0,-3,0,-4,0,-5,0,-6,0,-7,0,-8,0,5590,10339
1773716209,3,2,3,2596,4,1274,5,10,6,0,7,0,8,0,9,0,10,759,11,299,12,652,13,0,2,300,1,9939,0,0,-1,0,-2,0,-3,0,-4,0,-5,0,-6,0,-7,0,-8,0,5590,10239
1773716210,3,2,3,2596,4,1274,5,10,6,0,7,0,8,0,9,0,10,759,11,299,12,652,13,0,2,300,1,9939,0,0,-1,0,-2,0,-3,0,-4,0,-5,0,-6,0,-7,0,-8,0,5590,10239
1773716211,2,1,2,522,3,2596,4,374,5,10,6,0,7,0,8,0,9,0,10,1057,11,0,12,652,1,9939,0,0,-1,0,-2,0,-3,0,-4,0,-5,0,-6,0,-7,0,-8,0,-9,0,5211,9939
1773716212,2,1,2,522,3,2596,4,374,5,10,6,0,7,0,8,0,9,0,10,1057,11,0,12,652,1,9939,0,0,-1,0,-2,0,-3,0,-4,0,-5,0,-6,0,-7,0,-8,0,-9,0,5211,9939
1773716213,2,1,2,522,3,2596,4,374,5,10,6,0,7,0,8,0,9,0,10,1057,11,0,12,652,1,9939,0,0,-1,0,-2,0,-3,0,-4,0,-5,0,-6,0,-7,0,-8,0,-9,0,5211,9939
1773716214,2,1,2,522,3,2596,4,374,5,10,6,0,7,0,8,0,9,0,10,1057,11,0,12,652,1,9939,0,0,-1,0,-2,0,-3,0,-4,0,-5,0,-6,0,-7,0,-8,0,-9,0,5211,9939
1773716215,2,1,2,562,3,2556,4,374,5,10,6,0,7,0,8,0,9,0,10,1057,11,0,12,652,1,9939,0,0,-1,0,-2,0,-3,0,-4,0,-5,0,-6,0,-7,0,-8,0,-9,0,5211,9939
1773716216,2,1,2,562,3,2556,4,374,5,10,6,0,7,0,8,0,9,0,10,1057,11,0,12,652,1,9939,0,0,-1,0,-2,0,-3,0,-4,0,-5,0,-6,0,-7,0,-8,0,-9,0,5211,9939
1773716217,2,1,2,1513,3,1605,4,374,5,10,6,0,7,0,8,0,9,0,10,1057,11,0,12,652,1,9939,0,0,-1,0,-2,0,-3,0,-4,0,-5,0,-6,0,-7,0,-8,0,-9,0,5211,9939
1773716218,2,1,2,1613,3,1505,4,374,5,10,6,0,7,0,8,0,9,0,10,1057,11,0,12,652,1,9939,0,0,-1,0,-2,0,-3,0,-4,0,-5,0,-6,0,-7,0,-8,0,-9,0,5211,9939
1773716219,2,1,2,1613,3,1505,4,374,5,10,6,0,7,0,8,0,9,0,10,1057,11,0,12,652,1,9939,0,0,-1,0,-2,0,-3,0,-4,0,-5,0,-6,0,-7,0,-8,0,-9,0,5211,9939
1773716220,2,1,2,1613,3,1505,4,374,5,10,6,0,7,0,8,0,9,0,10,1057,11,0,12,652,1,9939,0,0,-1,0,-2,0,-3,0,-4,0,-5,0,-6,0,-7,0,-8,0,-9,0,5211,9939
1773716221,2,1,2,1613,3,1505,4,374,5,10,6,0,7,0,8,0,9,0,10,1057,11,0,12,652,1,9939,0,0,-1,0,-2,0,-3,0,-4,0,-5,0,-6,0,-7,0,-8,0,-9,0,5211,9939
1773716222,2,1,2,1613,3,1505,4,374,5,10,6,0,7,0,8,0,9,0,10,1057,11,0,12,652,1,9939,0,0,-1,0,-2,0,-3,0,-4,0,-5,0,-6,0,-7,0,-8,0,-9,0,5211,9939
1773716223,2,1,2,2113,3,1005,4,374,5,10,6,0,7,0,8,0,9,0,10,1057,11,0,12,652,1,9939,0,0,-1,0,-2,0,-3,0,-4,0,-5,0,-6,0,-7,0,-8,0,-9,0,5211,9939
1773716224,2,1,2,2113,3,1005,4,374,5,10,6,0,7,0,8,0,9,0,10,1057,11,0,12,652,1,9939,0,0,-1,0,-2,0,-3,0,-4,0,-5,0,-6,0,-7,0,-8,0,-9,0,5211,9939
1773716225,2,1,2,2113,3,1005,4,374,5,10,6,0,7,0,8,0,9,0,10,1057,11,0,12,652,1,9939,0,0,-1,0,-2,0,-3,0,-4,0,-5,0,-6,0,-7,0,-8,0,-9,0,5211,9939
1773716226,2,1,2,2113,3,1005,4,374,5,10,6,0,7,0,8,0,9,0,10,1057,11,0,12,652,1,9939,0,0,-1,0,-2,0,-3,0,-4,0,-5,0,-6,0,-7,0,-8,0,-9,0,5211,9939
1773716227,2,1,2,2818,3,300,4,374,5,0,6,0,7,0,8,0,9,0,10,1057,11,0,12,652,1,9939,0,0,-1,0,-2,0,-3,0,-4,0,-5,0,-6,0,-7,0,-8,0,-9,0,5201,9939
1773716228,2,1,2,2818,3,300,4,374,5,0,6,0,7,0,8,0,9,0,10,1057,11,0,12,652,1,9942,0,0,-1,0,-2,0,-3,0,-4,0,-5,0,-6,0,-7,0,-8,0,-9,0,5201,9942
1773716229,2,1,2,2818,3,300,4,374,5,0,6,0,7,0,8,0,9,0,10,1057,11,0,12,652,1,9942,0,0,-1,0,-2,0,-3,0,-4,0,-5,0,-6,0,-7,0,-8,0,-9,0,5201,9942
1773716230,2,1,2,2818,3,300,4,374,5,0,6,0,7,0,8,0,9,0,10,1057,11,0,12,652,1,9942,0,0,-1,0,-2,0,-3,0,-4,0,-5,0,-6,0,-7,0,-8,0,-9,0,5201,9942
1773716231,2,1,2,2818,3,300,4,374,5,0,6,0,7,0,8,0,9,0,10,1057,11,0,12,652,1,9942,0,0,-1,0,-2,0,-3,0,-4,0,-5,0,-6,0,-7,0,-8,0,-9,0,5201,9942
1773716232,2,1,2,2818,3,300,4,374,5,0,6,0,7,0,8,0,9,0,10,1057,11,0,12,652,1,2625,0,0,-1,0,-2,0,-3,0,-4,0,-5,0,-6,0,-7,0,-8,0,-9,0,5201,2625
1773716233,2,1,2,2818,3,300,4,374,5,0,6,0,7,0,8,0,9,0,10,1057,11,0,12,652,1,2625,0,0,-1,0,-2,0,-3,0,-4,0,-5,0,-6,0,-7,0,-8,0,-9,0,5201,2625
1773716234,2,1,2,2818,3,300,4,374,5,0,6,0,7,0,8,0,9,0,10,1057,11,0,12,652,1,2625,0,0,-1,0,-2,0,-3,0,-4,0,-5,0,-6,0,-7,0,-8,0,-9,0,5201,2625
1773716235,2,1,2,2818,3,300,4,374,5,0,6,0,7,0,8,0,9,0,10,1057,11,0,12,652,1,2625,0,0,-1,0,-2,0,-3,0,-4,0,-5,0,-6,0,-7,0,-8,0,-9,0,5201,2625
1773716236,2,1,2,2818,3,300,4,374,5,0,6,0,7,0,8,0,9,0,10,1057,11,0,12,652,1,2625,0,0,-1,0,-2,0,-3,0,-4,0,-5,0,-6,0,-7,0,-8,0,-9,0,5201,2625
1773716237,2,1,2,2818,3,300,4,374,5,0,6,0,7,0,8,0,9,0,10,1057,11,0,12,652,1,2625,0,0,-1,0,-2,0,-3,0,-4,0,-5,0,-6,0,-7,0,-8,0,-9,0,5201,2625
1773716238,2,1,2,2818,3,300,4,374,5,0,6,0,7,0,8,0,9,0,10,1057,11,0,12,652,1,2625,0,0,-1,0,-2,0,-3,0,-4,0,-5,0,-6,0,-7,0,-8,0,-9,0,5201,2625
1773716239,2,1,2,2818,3,811,4,163,5,0,6,0,7,535,8,0,9,218,10,101,11,0,12,652,1,2625,0,0,-1,0,-2,0,-3,0,-4,0,-5,0,-6,0,-7,0,-8,0,-9,0,5298,2625
1773716240,2,1,2,2828,3,811,4,163,5,0,6,0,7,535,8,0,9,218,10,101,11,0,12,652,1,2625,0,0,-1,0,-2,0,-3,0,-4,0,-5,0,-6,0,-7,0,-8,0,-9,0,5308,2625
1773716241,2,1,2,2828,3,811,4,163,5,0,6,0,7,535,8,0,9,218,10,101,11,0,12,652,1,2625,0,0,-1,0,-2,0,-3,0,-4,0,-5,0,-6,0,-7,0,-8,0,-9,0,5308,2625
1773716242,2,1,2,3128,3,511,4,163,5,0,6,0,7,535,8,0,9,218,10,101,11,0,12,652,1,2625,0,0,-1,0,-2,0,-3,0,-4,0,-5,0,-6,0,-7,0,-8,0,-9,0,5308,2625
1773716243,2,1,2,3128,3,511,4,163,5,0,6,0,7,535,8,0,9,218,10,101,11,0,12,652,1,2625,0,0,-1,0,-2,0,-3,0,-4,0,-5,0,-6,0,-7,0,-8,0,-9,0,5308,2625
1773716244,2,1,2,3128,3,511,4,163,5,0,6,0,7,535,8,0,9,218,10,101,11,0,12,652,1,2625,0,0,-1,0,-2,0,-3,0,-4,0,-5,0,-6,0,-7,0,-8,0,-9,0,5308,2625
1773716245,2,1,2,3128,3,511,4,163,5,0,6,0,7,535,8,0,9,218,10,101,11,0,12,652,1,2625,0,0,-1,0,-2,0,-3,0,-4,0,-5,0,-6,0,-7,0,-8,0,-9,0,5308,2625
1773716246,2,1,2,3128,3,511,4,163,5,0,6,0,7,534,8,0,9,218,10,101,11,0,12,652,1,2625,0,0,-1,0,-2,0,-3,0,-4,0,-5,0,-6,0,-7,0,-8,0,-9,0,5307,2625
1773716247,2,1,2,3128,3,511,4,163,5,0,6,0,7,534,8,0,9,218,10,101,11,0,12,652,1,2625,0,0,-1,0,-2,0,-3,0,-4,0,-5,0,-6,0,-7,0,-8,0,-9,0,5307,2625
1773716248,2,1,2,3128,3,546,4,163,5,0,6,0,7,534,8,0,9,218,10,101,11,0,12,652,1,2590,0,0,-1,0,-2,0,-3,0,-4,0,-5,0,-6,0,-7,0,-8,0,-9,0,5342,2590
1773716249,2,1,2,7128,3,546,4,163,5,0,6,0,7,534,8,0,9,218,10,101,11,0,12,652,1,2590,0,0,-1,0,-2,0,-3,0,-4,0,-5,0,-6,0,-7,0,-8,0,-9,0,9342,2590
1773716250,2,1,2,7128,3,546,4,163,5,0,6,0,7,534,8,0,9,218,10,101,11,0,12,652,1,2590,0,0,-1,0,-2,0,-3,0,-4,0,-5,0,-6,0,-7,0,-8,0,-9,0,9342,2590
1773716251,2,1,2,7128,3,546,4,163,5,0,6,0,7,0,8,0,9,0,10,1081,11,0,12,652,1,2590,0,0,-1,0,-2,0,-3,0,-4,0,-5,0,-6,0,-7,0,-8,0,-9,0,9570,2590
1773716252,2,1,2,7128,3,546,4,163,5,0,6,0,7,0,8,0,9,0,10,1081,11,0,12,652,1,2590,0,0,-1,0,-2,0,-3,0,-4,0,-5,0,-6,0,-7,0,-8,0,-9,0,9570,2590
1773716253,2,1,2,7128,3,546,4,163,5,0,6,0,7,0,8,0,9,0,10,1081,11,0,12,652,1,2590,0,0,-1,0,-2,0,-3,0,-4,0,-5,0,-6,0,-7,0,-8,0,-9,0,9570,2590
1773716254,2,1,2,7128,3,546,4,163,5,0,6,0,7,0,8,0,9,0,10,1081,11,0,12,652,1,2590,0,0,-1,0,-2,0,-3,0,-4,0,-5,0,-6,0,-7,0,-8,0,-9,0,9570,2590
1773716255,2,1,2,7128,3,546,4,163,5,0,6,0,7,0,8,0,9,0,10,1081,11,0,12,652,1,2590,0,0,-1,0,-2,0,-3,0,-4,0,-5,0,-6,0,-7,0,-8,0,-9,0,9570,2590
1773716256,2,1,2,7128,3,552,4,163,5,0,6,0,7,0,8,0,9,0,10,1081,11,0,12,652,1,2584,0,0,-1,0,-2,0,-3,0,-4,0,-5,0,-6,0,-7,0,-8,0,-9,0,9576,2584
1773716257,2,1,2,7128,3,552,4,163,5,0,6,0,7,0,8,0,9,0,10,1081,11,0,12,652,1,2584,0,0,-1,0,-2,0,-3,0,-4,0,-5,0,-6,0,-7,0,-8,0,-9,0,9576,2584
1773716258,2,1,2,7128,3,552,4,163,5,0,6,0,7,0,8,0,9,0,10,1081,11,0,12,652,1,2584,0,0,-1,0,-2,0,-3,0,-4,0,-5,0,-6,0,-7,0,-8,0,-9,0,9576,2584
1773716259,1,,1,9529,2,7118,3,811,4,0,5,0,6,0,7,0,8,917,9,0,10,398,11,0,,0,,0,,0,,0,,0,,0,,0,,0,,0,,0,,0,18773,0
1773716260,1,,1,11960,2,7118,3,811,4,0,5,0,6,0,7,0,8,917,9,0,10,398,11,0,,0,,0,,0,,0,,0,,0,,0,,0,,0,,0,,0,21204,0
1773716261,1,,1,12000,2,7078,3,811,4,0,5,0,6,0,7,0,8,917,9,0,10,398,11,0,,0,,0,,0,,0,,0,,0,,0,,0,,0,,0,,0,21204,0
1773716262,1,,1,11049,2,7078,3,811,4,0,5,0,6,0,7,0,8,917,9,0,10,398,11,0,,0,,0,,0,,0,,0,,0,,0,,0,,0,,0,,0,20253,0
1773716263,1,,1,11049,2,7078,3,811,4,0,5,0,6,0,7,0,8,917,9,0,10,398,11,0,,0,,0,,0,,0,,0,,0,,0,,0,,0,,0,,0,20253,0
1773716264,1,,1,11049,2,7078,3,811,4,0,5,0,6,0,7,0,8,917,9,0,10,398,11,0,,0,,0,,0,,0,,0,,0,,0,,0,,0,,0,,0,20253,0
1773716265,1,,1,11049,2,7078,3,811,4,0,5,0,6,0,7,0,8,917,9,0,10,398,11,0,,0,,0,,0,,0,,0,,0,,0,,0,,0,,0,,0,20253,0
1773716266,1,,1,11049,2,12078,3,811,4,0,5,0,6,0,7,0,8,917,9,0,10,398,11,0,,0,,0,,0,,0,,0,,0,,0,,0,,0,,0,,0,25253,0
1773716267,1,,1,2410,2,12078,3,811,4,0,5,0,6,0,7,0,8,906,9,0,10,398,11,0,,0,,0,,0,,0,,0,,0,,0,,0,,0,,0,,0,16603,0
1773716268,1,,1,2410,2,12078,3,811,4,0,5,0,6,0,7,0,8,906,9,0,10,398,11,0,,0,,0,,0,,0,,0,,0,,0,,0,,0,,0,,0,16603,0
1773716269,1,,1,8037,2,12078,3,811,4,0,5,0,6,0,7,0,8,906,9,0,10,398,11,0,,0,,0,,0,,0,,0,,0,,0,,0,,0,,0,,0,22230,0
1773716270,1,,1,8037,2,12078,3,811,4,0,5,0,6,0,7,0,8,906,9,0,10,398,11,0,,0,,0,,0,,0,,0,,0,,0,,0,,0,,0,,0,22230,0
1773716271,1,,1,7944,2,12078,3,811,4,0,5,0,6,0,7,0,8,906,9,0,10,398,11,0,,0,,0,,0,,0,,0,,0,,0,,0,,0,,0,,0,22137,0
1773716272,1,,1,7944,2,12078,3,811,4,0,5,0,6,0,7,0,8,906,9,0,10,398,11,0,,0,,0,,0,,0,,0,,0,,0,,0,,0,,0,,0,22137,0
1773716273,1,,1,7944,2,11127,3,811,4,0,5,0,6,0,7,0,8,906,9,0,10,398,11,0,,0,,0,,0,,0,,0,,0,,0,,0,,0,,0,,0,21186,0
1773716274,1,,1,7944,2,11127,3,811,4,0,5,0,6,0,7,0,8,906,9,0,10,398,11,0,,0,,0,,0,,0,,0,,0,,0,,0,,0,,0,,0,21186,0
1773716275,1,,1,7894,2,11127,3,811,4,0,5,0,6,0,7,0,8,906,9,0,10,398,11,0,,0,,0,,0,,0,,0,,0,,0,,0,,0,,0,,0,21136,0
1773716276,1,,1,7894,2,12138,3,300,4,0,5,0,6,0,7,0,8,906,9,0,10,398,11,0,,0,,0,,0,,0,,0,,0,,0,,0,,0,,0,,0,21636,0
1773716277,1,,1,2267,2,12138,3,300,4,0,5,0,6,0,7,0,8,906,9,0,10,398,11,0,,0,,0,,0,,0,,0,,0,,0,,0,,0,,0,,0,16009,0
1773716278,1,,1,2267,2,12138,3,300,4,0,5,0,6,0,7,0,8,1646,9,0,10,398,11,0,,0,,0,,0,,0,,0,,0,,0,,0,,0,,0,,0,16749,0
1773716279,1,,1,2267,2,12138,3,300,4,0,5,0,6,0,7,0,8,1646,9,0,10,398,11,0,,0,,0,,0,,0,,0,,0,,0,,0,,0,,0,,0,16749,0
1773716280,1,,1,1239,2,12138,3,300,4,0,5,0,6,0,7,0,8,1646,9,0,10,398,11,0,,0,,0,,0,,0,,0,,0,,0,,0,,0,,0,,0,15721,0
1773716281,1,,1,1239,2,12138,3,300,4,0,5,0,6,0,7,0,8,1646,9,0,10,398,11,0,,0,,0,,0,,0,,0,,0,,0,,0,,0,,0,,0,15721,0
1773716282,1,,1,1239,2,12138,3,300,4,0,5,0,6,0,7,0,8,1646,9,0,10,398,11,0,,0,,0,,0,,0,,0,,0,,0,,0,,0,,0,,0,15721,0
1773716283,1,,1,1239,2,12138,3,300,4,0,5,0,6,0,7,0,8,1646,9,0,10,398,11,0,,0,,0,,0,,0,,0,,0,,0,,0,,0,,0,,0,15721,0
1773716284,1,,1,1239,2,12138,3,300,4,0,5,0,6,0,7,0,8,1646,9,0,10,398,11,0,,0,,0,,0,,0,,0,,0,,0,,0,,0,,0,,0,15721,0
1773716285,1,,1,1239,2,12138,3,300,4,0,5,0,6,0,7,0,8,1646,9,0,10,398,11,0,,0,,0,,0,,0,,0,,0,,0,,0,,0,,0,,0,15721,0
1773716286,1,,1,1239,2,12138,3,300,4,0,5,0,6,0,7,0,8,1646,9,0,10,398,11,0,,0,,0,,0,,0,,0,,0,,0,,0,,0,,0,,0,15721,0
1773716287,1,,1,1239,2,12138,3,300,4,0,5,0,6,0,7,0,8,1645,9,0,10,398,11,0,,0,,0,,0,,0,,0,,0,,0,,0,,0,,0,,0,15720,0
1773716288,1,,1,1239,2,12138,3,300,4,0,5,0,6,0,7,0,8,1151,9,0,10,398,11,0,,0,,0,,0,,0,,0,,0,,0,,0,,0,,0,,0,15226,0
1773716289,1,,1,1239,2,12138,3,300,4,0,5,0,6,0,7,0,8,1151,9,0,10,398,11,0,,0,,0,,0,,0,,0,,0,,0,,0,,0,,0,,0,15226,0
1773716290,1,,1,1239,2,12138,3,300,4,0,5,0,6,0,7,432,8,0,9,0,10,398,11,0,,0,,0,,0,,0,,0,,0,,0,,0,,0,,0,,0,14507,0
1773716291,1,,1,1239,2,12138,3,300,4,0,5,0,6,0,7,432,8,0,9,0,10,398,11,0,,0,,0,,0,,0,,0,,0,,0,,0,,0,,0,,0,14507,0
1773716292,1,,1,1239,2,12138,3,300,4,0,5,0,6,0,7,432,8,0,9,0,10,398,11,0,,0,,0,,0,,0,,0,,0,,0,,0,,0,,0,,0,14507,0
1773716293,1,,1,1239,2,12138,3,300,4,0,5,0,6,0,7,432,8,0,9,0,10,398,11,0,,0,,0,,0,,0,,0,,0,,0,,0,,0,,0,,0,14507,0
1773716294,1,,1,1146,2,12138,3,300,4,0,5,0,6,0,7,432,8,0,9,0,10,398,11,0,,0,,0,,0,,0,,0,,0,,0,,0,,0,,0,,0,14414,0
1773716295,1,,1,1146,2,12138,3,300,4,0,5,0,6,0,7,432,8,0,9,0,10,398,11,0,,0,,0,,0,,0,,0,,0,,0,,0,,0,,0,,0,14414,0
1773716296,1,,1,1146,2,12138,3,300,4,0,5,0,6,0,7,432,8,0,9,0,10,398,11,0,,0,,0,,0,,0,,0,,0,,0,,0,,0,,0,,0,14414,0
1773716297,1,,1,1146,2,12138,3,300,4,0,5,0,6,0,7,430,8,0,9,0,10,398,11,0,,0,,0,,0,,0,,0,,0,,0,,0,,0,,0,,0,14412,0
1773716298,1,,1,1146,2,12138,3,300,4,0,5,0,6,0,7,430,8,0,9,0,10,398,11,0,,0,,0,,0,,0,,0,,0,,0,,0,,0,,0,,0,14412,0
1773716299,1,,1,1146,2,12951,3,300,4,0,5,0,6,0,7,430,8,0,9,0,10,398,11,0,,0,,0,,0,,0,,0,,0,,0,,0,,0,,0,,0,15225,0
1773716300,1,,1,1146,2,12951,3,300,4,0,5,0,6,0,7,430,8,0,9,0,10,398,11,0,,0,,0,,0,,0,,0,,0,,0,,0,,0,,0,,0,15225,0
1773716301,1,,1,1146,2,12951,3,300,4,0,5,0,6,0,7,430,8,0,9,0,10,398,11,0,,0,,0,,0,,0,,0,,0,,0,,0,,0,,0,,0,15225,0
1773716302,1,,1,1146,2,12951,3,300,4,0,5,0,6,0,7,430,8,0,9,0,10,398,11,0,,0,,0,,0,,0,,0,,0,,0,,0,,0,,0,,0,15225,0
1773716303,1,,1,1146,2,12951,3,300,4,0,5,0,6,0,7,430,8,0,9,0,10,398,11,0,,0,,0,,0,,0,,0,,0,,0,,0,,0,,0,,0,15225,0
1773716304,1,,1,1146,2,12951,3,300,4,0,5,0,6,0,7,430,8,0,9,0,10,398,11,0,,0,,0,,0,,0,,0,,0,,0,,0,,0,,0,,0,15225,0
1773716305,1,,1,1146,2,12951,3,300,4,0,5,0,6,0,7,430,8,0,9,0,10,398,11,0,,0,,0,,0,,0,,0,,0,,0,,0,,0,,0,,0,15225,0
1773716306,1,,1,1146,2,12951,3,300,4,0,5,0,6,0,7,403,8,0,9,0,10,398,11,0,,0,,0,,0,,0,,0,,0,,0,,0,,0,,0,,0,15198,0
1773716307,1,,1,1146,2,12954,3,300,4,0,5,0,6,0,7,403,8,0,9,0,10,398,11,0,,0,,0,,0,,0,,0,,0,,0,,0,,0,,0,,0,15201,0
1773716308,1,,1,1146,2,12954,3,300,4,0,5,0,6,0,7,403,8,0,9,0,10,398,11,0,,0,,0,,0,,0,,0,,0,,0,,0,,0,,0,,0,15201,0
1773716309,1,,1,1146,2,12954,3,300,4,0,5,0,6,0,7,403,8,0,9,0,10,398,11,0,,0,,0,,0,,0,,0,,0,,0,,0,,0,,0,,0,15201,0
1773716310,1,,1,1146,2,12954,3,300,4,0,5,0,6,0,7,403,8,0,9,0,10,398,11,0,,0,,0,,0,,0,,0,,0,,0,,0,,0,,0,,0,15201,0
1773716311,1,,1,1146,2,12954,3,300,4,0,5,0,6,0,7,403,8,0,9,0,10,398,11,0,,0,,0,,0,,0,,0,,0,,0,,0,,0,,0,,0,15201,0
1773716312,1,,1,1146,2,12954,3,300,4,0,5,0,6,0,7,403,8,0,9,0,10,398,11,0,,0,,0,,0,,0,,0,,0,,0,,0,,0,,0,,0,15201,0
1773716313,1,,1,1146,2,12954,3,300,4,0,5,0,6,0,7,403,8,0,9,0,10,398,11,0,,0,,0,,0,,0,,0,,0,,0,,0,,0,,0,,0,15201,0
1773716314,1,,1,1053,2,12954,3,300,4,0,5,0,6,0,7,403,8,0,9,0,10,398,11,0,,0,,0,,0,,0,,0,,0,,0,,0,,0,,0,,0,15108,0
1773716315,1,,1,1053,2,12954,3,300,4,0,5,0,6,0,7,403,8,0,9,0,10,398,11,0,,0,,0,,0,,0,,0,,0,,0,,0,,0,,0,,0,15108,0
1773716316,1,,1,1053,2,12954,3,300,4,0,5,0,6,0,7,403,8,0,9,0,10,398,11,0,,0,,0,,0,,0,,0,,0,,0,,0,,0,,0,,0,15108,0
1773716317,1,,1,1053,2,12954,3,300,4,0,5,0,6,0,7,403,8,0,9,0,10,398,11,0,,0,,0,,0,,0,,0,,0,,0,,0,,0,,0,,0,15108,0
1773716318,1,,1,1053,2,12954,3,300,4,0,5,0,6,0,7,403,8,0,9,0,10,398,11,0,,0,,0,,0,,0,,0,,0,,0,,0,,0,,0,,0,15108,0
1773716319,1,,1,1053,2,12954,3,300,4,0,5,0,6,0,7,403,8,0,9,0,10,398,11,0,,0,,0,,0,,0,,0,,0,,0,,0,,0,,0,,0,15108,0
1773716320,1,,1,1053,2,12954,3,300,4,0,5,0,6,0,7,403,8,0,9,0,10,398,11,0,,0,,0,,0,,0,,0,,0,,0,,0,,0,,0,,0,15108,0
1773716321,1,,1,1053,2,12954,3,300,4,0,5,0,6,0,7,403,8,0,9,0,10,398,11,0,,0,,0,,0,,0,,0,,0,,0,,0,,0,,0,,0,15108,0
1773716322,1,,1,1053,2,12954,3,300,4,0,5,0,6,0,7,0,8,1149,9,0,10,398,11,0,,0,,0,,0,,0,,0,,0,,0,,0,,0,,0,,0,15854,0
1773716323,1,,1,1053,2,12954,3,300,4,0,5,0,6,0,7,0,8,1148,9,0,10,398,11,0,,0,,0,,0,,0,,0,,0,,0,,0,,0,,0,,0,15853,0
1773716324,1,,1,1053,2,12954,3,300,4,0,5,0,6,0,7,0,8,1148,9,0,10,398,11,0,,0,,0,,0,,0,,0,,0,,0,,0,,0,,0,,0,15853,0
1773716325,1,,1,1053,2,12954,3,300,4,0,5,0,6,0,7,0,8,1148,9,0,10,398,11,0,,0,,0,,0,,0,,0,,0,,0,,0,,0,,0,,0,15853,0
1773716326,1,,1,1053,2,12954,3,300,4,0,5,0,6,0,7,0,8,1148,9,0,10,398,11,0,,0,,0,,0,,0,,0,,0,,0,,0,,0,,0,,0,15853,0
1773716327,1,,1,1053,2,12954,3,300,4,0,5,0,6,0,7,0,8,1148,9,0,10,398,11,0,,0,,0,,0,,0,,0,,0,,0,,0,,0,,0,,0,15853,0
1773716328,1,,1,1041,2,12954,3,300,4,0,5,0,6,0,7,0,8,1148,9,0,10,398,11,0,,0,,0,,0,,0,,0,,0,,0,,0,,0,,0,,0,15841,0
1773716329,1,,1,1041,2,12954,3,300,4,0,5,0,6,0,7,0,8,1148,9,0,10,398,11,0,,0,,0,,0,,0,,0,,0,,0,,0,,0,,0,,0,15841,0
1773716330,1,,1,1041,2,12954,3,300,4,0,5,0,6,0,7,0,8,1148,9,0,10,398,11,0,,0,,0,,0,,0,,0,,0,,0,,0,,0,,0,,0,15841,0
1773716331,1,,1,1041,2,12954,3,300,4,0,5,0,6,0,7,0,8,1148,9,0,10,398,11,0,,0,,0,,0,,0,,0,,0,,0,,0,,0,,0,,0,15841,0
1773716332,1,,1,1041,2,12954,3,300,4,0,5,0,6,0,7,0,8,1148,9,0,10,398,11,0,,0,,0,,0,,0,,0,,0,,0,,0,,0,,0,,0,15841,0
1773716333,1,,1,1041,2,12954,3,300,4,0,5,0,6,0,7,0,8,1148,9,0,10,398,11,0,,0,,0,,0,,0,,0,,0,,0,,0,,0,,0,,0,15841,0
1773716334,1,,1,1041,2,12954,3,300,4,0,5,0,6,0,7,0,8,1148,9,0,10,398,11,0,,0,,0,,0,,0,,0,,0,,0,,0,,0,,0,,0,15841,0
1773716335,1,,1,1041,2,12954,3,300,4,0,5,0,6,0,7,0,8,1148,9,0,10,398,11,0,,0,,0,,0,,0,,0,,0,,0,,0,,0,,0,,0,15841,0
1773716336,1,,1,1041,2,12954,3,300,4,0,5,0,6,0,7,0,8,1148,9,0,10,398,11,0,,0,,0,,0,,0,,0,,0,,0,,0,,0,,0,,0,15841,0
1773716337,1,,1,1041,2,12954,3,300,4,0,5,0,6,0,7,0,8,1148,9,0,10,398,11,0,,0,,0,,0,,0,,0,,0,,0,,0,,0,,0,,0,15841,0
1773716338,1,,1,1041,2,12954,3,300,4,0,5,0,6,0,7,0,8,1148,9,0,10,398,11,0,,0,,0,,0,,0,,0,,0,,0,,0,,0,,0,,0,15841,0
1773716339,1,,1,1041,2,12954,3,300,4,0,5,0,6,0,7,0,8,1148,9,0,10,398,11,0,,0,,0,,0,,0,,0,,0,,0,,0,,0,,0,,0,15841,0
1773716340,1,,1,1041,2,12954,3,300,4,0,5,0,6,0,7,0,8,1148,9,0,10,398,11,0,,0,,0,,0,,0,,0,,0,,0,,0,,0,,0,,0,15841,0
1773716341,1,,1,1041,2,12954,3,300,4,0,5,0,6,0,7,0,8,1148,9,0,10,398,11,0,,0,,0,,0,,0,,0,,0,,0,,0,,0,,0,,0,15841,0
1773716342,1,,1,1041,2,12954,3,300,4,0,5,0,6,0,7,0,8,1148,9,0,10,398,11,0,,0,,0,,0,,0,,0,,0,,0,,0,,0,,0,,0,15841,0
1773716343,1,,1,948,2,12954,3,300,4,0,5,0,6,0,7,0,8,1147,9,0,10,398,11,0,,0,,0,,0,,0,,0,,0,,0,,0,,0,,0,,0,15747,0
1773716344,1,,1,948,2,12954,3,300,4,0,5,0,6,0,7,0,8,1147,9,0,10,398,11,0,,0,,0,,0,,0,,0,,0,,0,,0,,0,,0,,0,15747,0
1773716345,1,,1,948,2,12954,3,300,4,0,5,0,6,0,7,0,8,1147,9,0,10,398,11,0,,0,,0,,0,,0,,0,,0,,0,,0,,0,,0,,0,15747,0
1773716346,1,,1,948,2,12954,3,300,4,0,5,0,6,0,7,0,8,1147,9,0,10,398,11,0,,0,,0,,0,,0,,0,,0,,0,,0,,0,,0,,0,15747,0
1773716347,1,,1,948,2,12954,3,300,4,0,5,0,6,0,7,0,8,1147,9,0,10,398,11,0,,0,,0,,0,,0,,0,,0,,0,,0,,0,,0,,0,15747,0
1773716348,1,,1,948,2,12954,3,300,4,0,5,0,6,0,7,0,8,1147,9,0,10,398,11,0,,0,,0,,0,,0,,0,,0,,0,,0,,0,,0,,0,15747,0
1773716349,1,,1,948,2,12954,3,300,4,0,5,0,6,0,7,0,8,1147,9,0,10,398,11,0,,0,,0,,0,,0,,0,,0,,0,,0,,0,,0,,0,15747,0
1773716350,1,,1,948,2,12954,3,300,4,0,5,0,6,0,7,0,8,1147,9,0,10,398,11,0,,0,,0,,0,,0,,0,,0,,0,,0,,0,,0,,0,15747,0
1773716351,1,,1,948,2,12954,3,300,4,0,5,0,6,0,7,0,8,1146,9,0,10,398,11,0,,0,,0,,0,,0,,0,,0,,0,,0,,0,,0,,0,15746,0
1773716352,1,,1,948,2,12954,3,300,4,0,5,0,6,0,7,0,8,1146,9,0,10,398,11,0,,0,,0,,0,,0,,0,,0,,0,,0,,0,,0,,0,15746,0
1773716353,1,,1,948,2,12954,3,300,4,0,5,0,6,0,7,0,8,1146,9,0,10,398,11,0,,0,,0,,0,,0,,0,,0,,0,,0,,0,,0,,0,15746,0
1773716354,1,,1,948,2,12954,3,300,4,0,5,0,6,0,7,0,8,1146,9,0,10,398,11,0,,0,,0,,0,,0,,0,,0,,0,,0,,0,,0,,0,15746,0
1773716355,1,,1,948,2,12954,3,300,4,0,5,0,6,0,7,0,8,1146,9,0,10,398,11,0,,0,,0,,0,,0,,0,,0,,0,,0,,0,,0,,0,15746,0
1773716356,1,,1,948,2,12954,3,300,4,0,5,0,6,0,7,0,8,1146,9,0,10,398,11,0,,0,,0,,0,,0,,0,,0,,0,,0,,0,,0,,0,15746,0
1773716357,1,,1,948,2,12954,3,300,4,0,5,0,6,0,7,0,8,1146,9,0,10,398,11,0,,0,,0,,0,,0,,0,,0,,0,,0,,0,,0,,0,15746,0
1773716358,1,,1,948,2,12954,3,300,4,0,5,0,6,0,7,0,8,1146,9,0,10,398,11,0,,0,,0,,0,,0,,0,,0,,0,,0,,0,,0,,0,15746,0
1773716359,1,,1,948,2,12954,3,300,4,0,5,0,6,0,7,0,8,1146,9,0,10,398,11,0,,0,,0,,0,,0,,0,,0,,0,,0,,0,,0,,0,15746,0
1773716360,1,,1,948,2,12954,3,300,4,0,5,0,6,0,7,0,8,1146,9,0,10,398,11,0,,0,,0,,0,,0,,0,,0,,0,,0,,0,,0,,0,15746,0
1773716361,1,,1,948,2,12954,3,300,4,0,5,0,6,0,7,0,8,1146,9,0,10,398,11,0,,0,,0,,0,,0,,0,,0,,0,,0,,0,,0,,0,15746,0
1773716362,1,,1,948,2,12954,3,300,4,0,5,0,6,0,7,0,8,1146,9,0,10,398,11,0,,0,,0,,0,,0,,0,,0,,0,,0,,0,,0,,0,15746,0
1773716363,1,,1,948,2,12954,3,300,4,0,5,0,6,0,7,0,8,1146,9,0,10,398,11,0,,0,,0,,0,,0,,0,,0,,0,,0,,0,,0,,0,15746,0
1773716364,1,,1,948,2,12954,3,300,4,0,5,0,6,0,7,0,8,1146,9,0,10,398,11,0,,0,,0,,0,,0,,0,,0,,0,,0,,0,,0,,0,15746,0
1773716365,1,,1,948,2,12954,3,300,4,0,5,0,6,0,7,0,8,1146,9,0,10,398,11,0,,0,,0,,0,,0,,0,,0,,0,,0,,0,,0,,0,15746,0
1773716366,1,,1,948,2,12954,3,300,4,0,5,0,6,0,7,0,8,1146,9,0,10,398,11,0,,0,,0,,0,,0,,0,,0,,0,,0,,0,,0,,0,15746,0
1773716367,1,,1,948,2,12954,3,300,4,0,5,0,6,0,7,0,8,1146,9,0,10,398,11,0,,0,,0,,0,,0,,0,,0,,0,,0,,0,,0,,0,15746,0
1773716368,1,,1,947,2,12954,3,300,4,0,5,0,6,0,7,0,8,1145,9,0,10,398,11,0,,0,,0,,0,,0,,0,,0,,0,,0,,0,,0,,0,15744,0
1773716369,1,,1,947,2,12954,3,300,4,0,5,0,6,0,7,0,8,1636,9,0,10,398,11,0,,0,,0,,0,,0,,0,,0,,0,,0,,0,,0,,0,16235,0
1773716370,1,,1,947,2,12954,3,300,4,0,5,0,6,0,7,0,8,1636,9,0,10,398,11,0,,0,,0,,0,,0,,0,,0,,0,,0,,0,,0,,0,16235,0
1773716371,1,,1,947,2,12954,3,300,4,0,5,0,6,0,7,0,8,1636,9,0,10,398,11,0,,0,,0,,0,,0,,0,,0,,0,,0,,0,,0,,0,16235,0
1773716372,1,,1,947,2,12954,3,300,4,0,5,0,6,0,7,0,8,1636,9,0,10,398,11,0,,0,,0,,0,,0,,0,,0,,0,,0,,0,,0,,0,16235,0
1773716373,1,,1,947,2,12954,3,300,4,0,5,0,6,0,7,0,8,1636,9,0,10,398,11,0,,0,,0,,0,,0,,0,,0,,0,,0,,0,,0,,0,16235,0
1773716374,1,,1,947,2,12954,3,300,4,0,5,0,6,0,7,0,8,1636,9,0,10,398,11,0,,0,,0,,0,,0,,0,,0,,0,,0,,0,,0,,0,16235,0
1773716375,1,,1,947,2,12954,3,300,4,0,5,0,6,0,7,0,8,1636,9,0,10,398,11,0,,0,,0,,0,,0,,0,,0,,0,,0,,0,,0,,0,16235,0
1773716376,1,,1,947,2,12954,3,300,4,0,5,0,6,0,7,0,8,1636,9,0,10,398,11,0,,0,,0,,0,,0,,0,,0,,0,,0,,0,,0,,0,16235,0
1773716377,1,,1,947,2,12954,3,300,4,0,5,0,6,0,7,0,8,1636,9,0,10,398,11,0,,0,,0,,0,,0,,0,,0,,0,,0,,0,,0,,0,16235,0
1773716378,1,,1,947,2,12954,3,300,4,0,5,0,6,0,7,0,8,1636,9,0,10,398,11,0,,0,,0,,0,,0,,0,,0,,0,,0,,0,,0,,0,16235,0
1773716379,1,,1,947,2,12954,3,300,4,0,5,0,6,0,7,0,8,1636,9,0,10,398,11,0,,0,,0,,0,,0,,0,,0,,0,,0,,0,,0,,0,16235,0
1773716380,1,,1,947,2,12954,3,300,4,0,5,0,6,0,7,0,8,1636,9,0,10,398,11,0,,0,,0,,0,,0,,0,,0,,0,,0,,0,,0,,0,16235,0
1773716381,1,,1,947,2,12954,3,300,4,0,5,0,6,0,7,0,8,1636,9,0,10,398,11,0,,0,,0,,0,,0,,0,,0,,0,,0,,0,,0,,0,16235,0
1773716382,1,,1,947,2,12954,3,300,4,0,5,0,6,0,7,0,8,1636,9,0,10,398,11,0,,0,,0,,0,,0,,0,,0,,0,,0,,0,,0,,0,16235,0
1773716383,1,,1,947,2,12954,3,300,4,0,5,0,6,0,7,0,8,1636,9,0,10,398,11,0,,0,,0,,0,,0,,0,,0,,0,,0,,0,,0,,0,16235,0
1773716384,1,,1,947,2,12954,3,300,4,0,5,0,6,0,7,0,8,1636,9,0,10,398,11,0,,0,,0,,0,,0,,0,,0,,0,,0,,0,,0,,0,16235,0
1773716385,1,,1,947,2,12954,3,300,4,0,5,0,6,0,7,0,8,1636,9,0,10,398,11,0,,0,,0,,0,,0,,0,,0,,0,,0,,0,,0,,0,16235,0
1773716386,1,,1,947,2,12954,3,300,4,0,5,0,6,0,7,0,8,1636,9,0,10,398,11,0,,0,,0,,0,,0,,0,,0,,0,,0,,0,,0,,0,16235,0
1773716387,1,,1,947,2,12954,3,300,4,0,5,0,6,0,7,0,8,1636,9,0,10,398,11,0,,0,,0,,0,,0,,0,,0,,0,,0,,0,,0,,0,16235,0
1773716388,1,,1,947,2,12954,3,300,4,0,5,0,6,0,7,0,8,1636,9,0,10,398,11,0,,0,,0,,0,,0,,0,,0,,0,,0,,0,,0,,0,16235,0
1773716389,1,,1,947,2,12954,3,300,4,0,5,0,6,0,7,0,8,1636,9,0,10,398,11,0,,0,,0,,0,,0,,0,,0,,0,,0,,0,,0,,0,16235,0
1773716390,1,,1,947,2,12954,3,300,4,0,5,0,6,0,7,0,8,1636,9,0,10,398,11,0,,0,,0,,0,,0,,0,,0,,0,,0,,0,,0,,0,16235,0
1773716391,1,,1,947,2,12954,3,300,4,0,5,0,6,0,7,0,8,1636,9,0,10,398,11,0,,0,,0,,0,,0,,0,,0,,0,,0,,0,,0,,0,16235,0
1773716392,1,,1,947,2,12954,3,300,4,0,5,0,6,0,7,0,8,1636,9,0,10,398,11,0,,0,,0,,0,,0,,0,,0,,0,,0,,0,,0,,0,16235,0
1773716393,1,,1,947,2,12954,3,300,4,0,5,0,6,0,7,0,8,1143,9,0,10,398,11,0,,0,,0,,0,,0,,0,,0,,0,,0,,0,,0,,0,15742,0
1773716394,1,,1,947,2,12954,3,300,4,0,5,0,6,0,7,0,8,1143,9,0,10,398,11,0,,0,,0,,0,,0,,0,,0,,0,,0,,0,,0,,0,15742,0
1773716395,1,,1,690,2,12954,3,300,4,0,5,0,6,0,7,0,8,1143,9,0,10,398,11,0,,0,,0,,0,,0,,0,,0,,0,,0,,0,,0,,0,15485,0
1773716396,1,,1,690,2,12954,3,300,4,0,5,0,6,0,7,0,8,1143,9,0,10,398,11,0,,0,,0,,0,,0,,0,,0,,0,,0,,0,,0,,0,15485,0
1773716397,1,,1,690,2,12954,3,300,4,0,5,0,6,0,7,0,8,1143,9,0,10,398,11,0,,0,,0,,0,,0,,0,,0,,0,,0,,0,,0,,0,15485,0
1773716398,1,,1,497,2,12954,3,300,4,0,5,0,6,0,7,0,8,1143,9,0,10,398,11,0,,0,,0,,0,,0,,0,,0,,0,,0,,0,,0,,0,15292,0
1773716399,1,,1,497,2,12954,3,300,4,0,5,0,6,0,7,0,8,1143,9,0,10,398,11,0,,0,,0,,0,,0,,0,,0,,0,,0,,0,,0,,0,15292,0
1773716400,1,,1,497,2,12954,3,300,4,0,5,0,6,0,7,0,8,1143,9,0,10,398,11,0,,0,,0,,0,,0,,0,,0,,0,,0,,0,,0,,0,15292,0
1773716401,1,,1,497,2,12954,3,300,4,0,5,0,6,0,7,0,8,1143,9,0,10,398,11,0,,0,,0,,0,,0,,0,,0,,0,,0,,0,,0,,0,15292,0
1773716402,1,,1,497,2,12954,3,300,4,0,5,0,6,0,7,0,8,1143,9,0,10,398,11,0,,0,,0,,0,,0,,0,,0,,0,,0,,0,,0,,0,15292,0
1773716403,1,,1,497,2,12954,3,300,4,0,5,0,6,0,7,0,8,1143,9,0,10,398,11,0,,0,,0,,0,,0,,0,,0,,0,,0,,0,,0,,0,15292,0
1773716404,1,,1,497,2,12954,3,300,4,0,5,0,6,0,7,0,8,1143,9,0,10,398,11,0,,0,,0,,0,,0,,0,,0,,0,,0,,0,,0,,0,15292,0
1773716405,1,,1,497,2,12954,3,300,4,0,5,0,6,0,7,0,8,1143,9,0,10,398,11,0,,0,,0,,0,,0,,0,,0,,0,,0,,0,,0,,0,15292,0
1773716406,1,,1,497,2,12954,3,300,4,0,5,0,6,0,7,0,8,1143,9,0,10,398,11,0,,0,,0,,0,,0,,0,,0,,0,,0,,0,,0,,0,15292,0
1773716407,1,,1,404,2,12954,3,300,4,0,5,0,6,0,7,0,8,1143,9,0,10,398,11,0,,0,,0,,0,,0,,0,,0,,0,,0,,0,,0,,0,15199,0
1773716408,1,,1,404,2,12954,3,300,4,0,5,0,6,0,7,0,8,1143,9,0,10,398,11,0,,0,,0,,0,,0,,0,,0,,0,,0,,0,,0,,0,15199,0
1773716409,1,,1,404,2,12954,3,300,4,0,5,0,6,0,7,0,8,1142,9,0,10,398,11,0,,0,,0,,0,,0,,0,,0,,0,,0,,0,,0,,0,15198,0
1773716410,1,,1,404,2,12954,3,300,4,0,5,0,6,0,7,0,8,1142,9,0,10,398,11,0,,0,,0,,0,,0,,0,,0,,0,,0,,0,,0,,0,15198,0
1773716411,1,,1,404,2,12954,3,300,4,0,5,0,6,0,7,0,8,1142,9,0,10,398,11,0,,0,,0,,0,,0,,0,,0,,0,,0,,0,,0,,0,15198,0
1773716412,1,,1,404,2,12954,3,300,4,0,5,0,6,0,7,0,8,1142,9,0,10,398,11,0,,0,,0,,0,,0,,0,,0,,0,,0,,0,,0,,0,15198,0
1773716413,1,,1,404,2,12954,3,300,4,0,5,0,6,0,7,0,8,1142,9,0,10,398,11,0,,0,,0,,0,,0,,0,,0,,0,,0,,0,,0,,0,15198,0
1773716414,1,,1,404,2,12954,3,300,4,0,5,0,6,0,7,0,8,1142,9,0,10,398,11,0,,0,,0,,0,,0,,0,,0,,0,,0,,0,,0,,0,15198,0
1773716415,1,,1,404,2,12954,3,300,4,0,5,0,6,0,7,0,8,1142,9,0,10,398,11,0,,0,,0,,0,,0,,0,,0,,0,,0,,0,,0,,0,15198,0
1773716416,1,,1,404,2,12954,3,300,4,0,5,0,6,0,7,0,8,1142,9,0,10,398,11,0,,0,,0,,0,,0,,0,,0,,0,,0,,0,,0,,0,15198,0
1773716417,1,,1,311,2,12954,3,300,4,0,5,0,6,0,7,0,8,1631,9,0,10,398,11,0,,0,,0,,0,,0,,0,,0,,0,,0,,0,,0,,0,15594,0
1773716418,1,,1,311,2,12954,3,300,4,0,5,0,6,0,7,0,8,1631,9,0,10,398,11,0,,0,,0,,0,,0,,0,,0,,0,,0,,0,,0,,0,15594,0
1773716419,1,,1,311,2,12954,3,300,4,0,5,0,6,0,7,0,8,1631,9,0,10,398,11,0,,0,,0,,0,,0,,0,,0,,0,,0,,0,,0,,0,15594,0
1773716420,1,,1,311,2,12954,3,300,4,0,5,0,6,0,7,0,8,1631,9,0,10,398,11,0,,0,,0,,0,,0,,0,,0,,0,,0,,0,,0,,0,15594,0
1773716421,1,,1,311,2,12954,3,300,4,0,5,0,6,0,7,0,8,1631,9,0,10,398,11,0,,0,,0,,0,,0,,0,,0,,0,,0,,0,,0,,0,15594,0
1773716422,1,,1,311,2,12954,3,300,4,0,5,0,6,0,7,0,8,1631,9,0,10,398,11,0,,0,,0,,0,,0,,0,,0,,0,,0,,0,,0,,0,15594,0
1773716423,1,,1,311,2,12954,3,300,4,0,5,0,6,0,7,0,8,1631,9,0,10,398,11,0,,0,,0,,0,,0,,0,,0,,0,,0,,0,,0,,0,15594,0
1773716424,1,,1,311,2,12954,3,300,4,0,5,0,6,0,7,0,8,1631,9,0,10,398,11,0,,0,,0,,0,,0,,0,,0,,0,,0,,0,,0,,0,15594,0
1773716425,1,,1,311,2,12954,3,300,4,0,5,0,6,0,7,0,8,1631,9,0,10,398,11,0,,0,,0,,0,,0,,0,,0,,0,,0,,0,,0,,0,15594,0
1773716426,1,,1,311,2,12954,3,300,4,0,5,0,6,0,7,0,8,1631,9,0,10,398,11,0,,0,,0,,0,,0,,0,,0,,0,,0,,0,,0,,0,15594,0
1773716427,1,,1,311,2,12954,3,300,4,0,5,0,6,0,7,0,8,1631,9,0,10,398,11,0,,0,,0,,0,,0,,0,,0,,0,,0,,0,,0,,0,15594,0
1773716428,1,,1,311,2,12954,3,300,4,0,5,0,6,0,7,0,8,1631,9,0,10,398,11,0,,0,,0,,0,,0,,0,,0,,0,,0,,0,,0,,0,15594,0
1773716429,1,,1,311,2,12954,3,300,4,0,5,0,6,0,7,0,8,1631,9,0,10,398,11,0,,0,,0,,0,,0,,0,,0,,0,,0,,0,,0,,0,15594,0
1773716430,1,,1,311,2,12954,3,300,4,0,5,0,6,0,7,0,8,1631,9,0,10,398,11,0,,0,,0,,0,,0,,0,,0,,0,,0,,0,,0,,0,15594,0
1773716431,1,,1,311,2,12954,3,300,4,0,5,0,6,0,7,0,8,1631,9,0,10,398,11,0,,0,,0,,0,,0,,0,,0,,0,,0,,0,,0,,0,15594,0
1773716432,1,,1,311,2,12954,3,300,4,0,5,0,6,0,7,0,8,1629,9,0,10,398,11,0,,0,,0,,0,,0,,0,,0,,0,,0,,0,,0,,0,15592,0
1773716433,1,,1,311,2,12954,3,300,4,0,5,0,6,0,7,0,8,1629,9,0,10,398,11,0,,0,,0,,0,,0,,0,,0,,0,,0,,0,,0,,0,15592,0
1773716434,1,,1,311,2,12954,3,300,4,0,5,0,6,0,7,0,8,1629,9,0,10,398,11,0,,0,,0,,0,,0,,0,,0,,0,,0,,0,,0,,0,15592,0
1773716435,1,,1,311,2,12954,3,300,4,0,5,0,6,0,7,0,8,1629,9,0,10,398,11,0,,0,,0,,0,,0,,0,,0,,0,,0,,0,,0,,0,15592,0
1773716436,1,,1,311,2,12954,3,300,4,0,5,0,6,0,7,0,8,1140,9,0,10,398,11,0,,0,,0,,0,,0,,0,,0,,0,,0,,0,,0,,0,15103,0
1773716437,1,,1,311,2,12954,3,300,4,0,5,0,6,0,7,0,8,1140,9,0,10,398,11,0,,0,,0,,0,,0,,0,,0,,0,,0,,0,,0,,0,15103,0
1773716438,1,,1,311,2,12954,3,300,4,0,5,0,6,0,7,0,8,1140,9,0,10,398,11,0,,0,,0,,0,,0,,0,,0,,0,,0,,0,,0,,0,15103,0
1773716439,1,,1,311,2,12954,3,300,4,0,5,0,6,0,7,0,8,1140,9,0,10,398,11,0,,0,,0,,0,,0,,0,,0,,0,,0,,0,,0,,0,15103,0
1773716440,1,,1,311,2,12954,3,300,4,0,5,0,6,0,7,0,8,1140,9,0,10,398,11,0,,0,,0,,0,,0,,0,,0,,0,,0,,0,,0,,0,15103,0
1773716441,1,,1,311,2,12954,3,300,4,0,5,0,6,0,7,0,8,1140,9,0,10,398,11,0,,0,,0,,0,,0,,0,,0,,0,,0,,0,,0,,0,15103,0
1773716442,1,,1,311,2,12954,3,300,4,0,5,0,6,0,7,0,8,1140,9,0,10,398,11,0,,0,,0,,0,,0,,0,,0,,0,,0,,0,,0,,0,15103,0
1773716443,1,,1,311,2,12954,3,300,4,0,5,0,6,0,7,0,8,1140,9,0,10,398,11,0,,0,,0,,0,,0,,0,,0,,0,,0,,0,,0,,0,15103,0
1773716444,1,,1,311,2,12954,3,300,4,0,5,0,6,0,7,0,8,1628,9,0,10,398,11,0,,0,,0,,0,,0,,0,,0,,0,,0,,0,,0,,0,15591,0
1773716445,1,,1,311,2,12954,3,300,4,0,5,0,6,0,7,0,8,1628,9,0,10,398,11,0,,0,,0,,0,,0,,0,,0,,0,,0,,0,,0,,0,15591,0
1773716446,1,,1,311,2,12954,3,300,4,0,5,0,6,0,7,0,8,1628,9,0,10,398,11,0,,0,,0,,0,,0,,0,,0,,0,,0,,0,,0,,0,15591,0
1773716447,1,,1,311,2,12954,3,300,4,0,5,0,6,0,7,0,8,1628,9,0,10,398,11,0,,0,,0,,0,,0,,0,,0,,0,,0,,0,,0,,0,15591,0
1773716448,1,,1,311,2,12954,3,300,4,0,5,0,6,0,7,0,8,1628,9,0,10,398,11,0,,0,,0,,0,,0,,0,,0,,0,,0,,0,,0,,0,15591,0
1773716449,1,,1,311,2,12954,3,300,4,0,5,0,6,0,7,0,8,1628,9,0,10,398,11,0,,0,,0,,0,,0,,0,,0,,0,,0,,0,,0,,0,15591,0
1773716450,1,,1,311,2,12954,3,300,4,0,5,0,6,0,7,0,8,1628,9,0,10,398,11,0,,0,,0,,0,,0,,0,,0,,0,,0,,0,,0,,0,15591,0
1773716451,1,,1,311,2,12954,3,300,4,0,5,0,6,0,7,0,8,1628,9,0,10,398,11,0,,0,,0,,0,,0,,0,,0,,0,,0,,0,,0,,0,15591,0
1773716452,1,,1,311,2,12954,3,300,4,0,5,0,6,0,7,0,8,1628,9,0,10,398,11,0,,0,,0,,0,,0,,0,,0,,0,,0,,0,,0,,0,15591,0
1773716453,1,,1,311,2,12954,3,300,4,0,5,0,6,0,7,0,8,1628,9,0,10,398,11,0,,0,,0,,0,,0,,0,,0,,0,,0,,0,,0,,0,15591,0
1773716454,1,,1,311,2,12954,3,300,4,0,5,0,6,0,7,0,8,1628,9,0,10,398,11,0,,0,,0,,0,,0,,0,,0,,0,,0,,0,,0,,0,15591,0
1773716455,1,,1,311,2,12954,3,300,4,0,5,0,6,0,7,0,8,1628,9,0,10,398,11,0,,0,,0,,0,,0,,0,,0,,0,,0,,0,,0,,0,15591,0
1773716456,1,,1,311,2,12954,3,300,4,0,5,0,6,0,7,0,8,1628,9,0,10,398,11,0,,0,,0,,0,,0,,0,,0,,0,,0,,0,,0,,0,15591,0
1773716457,1,,1,218,2,12954,3,300,4,0,5,0,6,0,7,0,8,1627,9,0,10,398,11,0,,0,,0,,0,,0,,0,,0,,0,,0,,0,,0,,0,15497,0
1773716458,1,,1,218,2,12954,3,300,4,0,5,0,6,0,7,0,8,1627,9,0,10,398,11,0,,0,,0,,0,,0,,0,,0,,0,,0,,0,,0,,0,15497,0
1773716459,1,,1,218,2,12954,3,300,4,0,5,0,6,0,7,0,8,1627,9,0,10,398,11,0,,0,,0,,0,,0,,0,,0,,0,,0,,0,,0,,0,15497,0
1773716460,1,,1,218,2,12954,3,300,4,0,5,0,6,0,7,0,8,1627,9,0,10,398,11,0,,0,,0,,0,,0,,0,,0,,0,,0,,0,,0,,0,15497,0
1773716461,1,,1,218,2,12954,3,300,4,0,5,0,6,0,7,0,8,1627,9,0,10,398,11,0,,0,,0,,0,,0,,0,,0,,0,,0,,0,,0,,0,15497,0
1773716462,1,,1,218,2,12954,3,300,4,0,5,0,6,0,7,0,8,1627,9,0,10,398,11,0,,0,,0,,0,,0,,0,,0,,0,,0,,0,,0,,0,15497,0
1773716463,1,,1,218,2,12954,3,300,4,0,5,0,6,0,7,0,8,1627,9,0,10,398,11,0,,0,,0,,0,,0,,0,,0,,0,,0,,0,,0,,0,15497,0
1773716464,2,1,2,12954,3,330,4,0,5,0,6,0,7,0,8,1626,9,0,10,398,11,0,12,652,1,93,0,0,-1,0,-2,0,-3,0,-4,0,-5,0,-6,0,-7,0,-8,0,-9,0,15960,93
1773716465,2,1,2,12914,3,350,4,0,5,0,6,0,7,0,8,1626,9,0,10,398,11,0,12,652,1,93,0,0,-1,0,-2,0,-3,0,-4,0,-5,0,-6,0,-7,0,-8,0,-9,0,15940,93
1773716466,2,1,2,12914,3,350,4,0,5,0,6,0,7,0,8,1626,9,0,10,398,11,0,12,652,1,93,0,0,-1,0,-2,0,-3,0,-4,0,-5,0,-6,0,-7,0,-8,0,-9,0,15940,93
1773716467,2,1,2,12914,3,350,4,0,5,0,6,0,7,0,8,1626,9,0,10,398,11,0,12,652,1,93,0,0,-1,0,-2,0,-3,0,-4,0,-5,0,-6,0,-7,0,-8,0,-9,0,15940,93
1773716468,2,1,2,12914,3,350,4,0,5,0,6,0,7,0,8,1626,9,0,10,398,11,0,12,652,1,93,0,0,-1,0,-2,0,-3,0,-4,0,-5,0,-6,0,-7,0,-8,0,-9,0,15940,93
1773716469,2,1,2,12914,3,350,4,0,5,0,6,0,7,0,8,1626,9,0,10,398,11,0,12,652,1,93,0,0,-1,0,-2,0,-3,0,-4,0,-5,0,-6,0,-7,0,-8,0,-9,0,15940,93
1773716470,2,1,2,12914,3,350,4,0,5,0,6,0,7,0,8,1626,9,0,10,398,11,0,12,652,1,93,0,0,-1,0,-2,0,-3,0,-4,0,-5,0,-6,0,-7,0,-8,0,-9,0,15940,93
1773716471,2,1,2,12914,3,350,4,0,5,0,6,0,7,0,8,1626,9,0,10,398,11,0,12,652,1,93,0,0,-1,0,-2,0,-3,0,-4,0,-5,0,-6,0,-7,0,-8,0,-9,0,15940,93
1773716472,2,1,2,12914,3,350,4,0,5,0,6,0,7,0,8,1626,9,0,10,398,11,0,12,652,1,93,0,0,-1,0,-2,0,-3,0,-4,0,-5,0,-6,0,-7,0,-8,0,-9,0,15940,93
1773716473,2,1,2,12914,3,350,4,0,5,0,6,0,7,0,8,1626,9,0,10,398,11,0,12,652,1,93,0,0,-1,0,-2,0,-3,0,-4,0,-5,0,-6,0,-7,0,-8,0,-9,0,15940,93
1773716474,2,1,2,12914,3,350,4,0,5,0,6,0,7,0,8,1626,9,0,10,398,11,0,12,652,1,93,0,0,-1,0,-2,0,-3,0,-4,0,-5,0,-6,0,-7,0,-8,0,-9,0,15940,93
1773716475,2,1,2,12914,3,350,4,0,5,0,6,0,7,0,8,1626,9,0,10,398,11,0,12,652,1,93,0,0,-1,0,-2,0,-3,0,-4,0,-5,0,-6,0,-7,0,-8,0,-9,0,15940,93
1773716476,2,1,2,12914,3,350,4,0,5,0,6,0,7,0,8,1626,9,0,10,398,11,0,12,652,1,93,0,0,-1,0,-2,0,-3,0,-4,0,-5,0,-6,0,-7,0,-8,0,-9,0,15940,93
1773716477,2,1,2,12914,3,350,4,0,5,0,6,0,7,0,8,1626,9,0,10,398,11,0,12,652,1,93,0,0,-1,0,-2,0,-3,0,-4,0,-5,0,-6,0,-7,0,-8,0,-9,0,15940,93
1773716478,2,1,2,12914,3,350,4,0,5,0,6,0,7,0,8,1626,9,0,10,398,11,0,12,652,1,93,0,0,-1,0,-2,0,-3,0,-4,0,-5,0,-6,0,-7,0,-8,0,-9,0,15940,93
1773716479,1,,1,11503,2,12934,3,350,4,0,5,0,6,0,7,0,8,1624,9,0,10,398,11,0,,0,,0,,0,,0,,0,,0,,0,,0,,0,,0,,0,26809,0
1773716480,1,,1,11503,2,12934,3,350,4,0,5,0,6,0,7,0,8,1624,9,0,10,398,11,0,,0,,0,,0,,0,,0,,0,,0,,0,,0,,0,,0,26809,0
1773716481,1,,1,11503,2,12924,3,350,4,0,5,0,6,0,7,0,8,1624,9,0,10,398,11,0,,0,,0,,0,,0,,0,,0,,0,,0,,0,,0,,0,26799,0
1773716482,1,,1,11410,2,12924,3,350,4,0,5,0,6,0,7,0,8,1624,9,0,10,398,11,0,,0,,0,,0,,0,,0,,0,,0,,0,,0,,0,,0,26706,0
1773716483,1,,1,11410,2,12924,3,350,4,0,5,0,6,0,7,0,8,1624,9,0,10,398,11,0,,0,,0,,0,,0,,0,,0,,0,,0,,0,,0,,0,26706,0
1773716484,1,,1,11410,2,12924,3,350,4,0,5,0,6,0,7,0,8,1624,9,0,10,398,11,0,,0,,0,,0,,0,,0,,0,,0,,0,,0,,0,,0,26706,0
1773716485,1,,1,11410,2,12924,3,350,4,0,5,0,6,0,7,0,8,1624,9,0,10,398,11,0,,0,,0,,0,,0,,0,,0,,0,,0,,0,,0,,0,26706,0
1773716486,1,,1,11410,2,12924,3,350,4,0,5,0,6,0,7,0,8,1624,9,0,10,398,11,0,,0,,0,,0,,0,,0,,0,,0,,0,,0,,0,,0,26706,0
1773716487,2,,2,12924,3,350,4,0,5,0,6,0,7,0,8,1623,9,0,10,398,11,0,12,652,,0,,0,,0,,0,,0,,0,,0,,0,,0,,0,,0,15947,0
1773716488,1,,1,100,2,12924,3,350,4,0,5,0,6,0,7,0,8,1623,9,0,10,398,11,0,,0,,0,,0,,0,,0,,0,,0,,0,,0,,0,,0,15395,0
1773716489,1,,1,11503,2,12924,3,350,4,0,5,0,6,0,7,0,8,1623,9,0,10,398,11,0,,0,,0,,0,,0,,0,,0,,0,,0,,0,,0,,0,26798,0
1773716490,1,,1,11503,2,12924,3,350,4,0,5,0,6,0,7,0,8,1623,9,0,10,398,11,0,,0,,0,,0,,0,,0,,0,,0,,0,,0,,0,,0,26798,0
1773716491,1,,1,11503,2,12924,3,350,4,0,5,0,6,0,7,0,8,1623,9,0,10,398,11,0,,0,,0,,0,,0,,0,,0,,0,,0,,0,,0,,0,26798,0
1773716492,1,,1,11503,2,12924,3,350,4,0,5,0,6,0,7,0,8,1623,9,0,10,398,11,0,,0,,0,,0,,0,,0,,0,,0,,0,,0,,0,,0,26798,0
1773716493,1,,1,11503,2,12924,3,350,4,0,5,0,6,0,7,0,8,1623,9,0,10,398,11,0,,0,,0,,0,,0,,0,,0,,0,,0,,0,,0,,0,26798,0
1773716494,1,,1,11528,2,12924,3,350,4,0,5,0,6,0,7,0,8,1622,9,0,10,398,11,0,,0,,0,,0,,0,,0,,0,,0,,0,,0,,0,,0,26822,0
1773716495,1,,1,11528,2,12924,3,350,4,0,5,0,6,0,7,0,8,1622,9,0,10,398,11,0,,0,,0,,0,,0,,0,,0,,0,,0,,0,,0,,0,26822,0
1773716496,1,,1,11528,2,12924,3,350,4,0,5,0,6,0,7,0,8,1622,9,0,10,398,11,0,,0,,0,,0,,0,,0,,0,,0,,0,,0,,0,,0,26822,0
1773716497,1,,1,25,2,12924,3,350,4,0,5,0,6,0,7,0,8,1622,9,0,10,398,11,0,,0,,0,,0,,0,,0,,0,,0,,0,,0,,0,,0,15319,0
1773716498,1,,1,25,2,12924,3,350,4,0,5,0,6,0,7,0,8,1622,9,0,10,398,11,0,,0,,0,,0,,0,,0,,0,,0,,0,,0,,0,,0,15319,0
1773716499,1,,1,25,2,12924,3,350,4,0,5,0,6,0,7,0,8,1622,9,0,10,398,11,0,,0,,0,,0,,0,,0,,0,,0,,0,,0,,0,,0,15319,0
1773716500,1,,1,25,2,12924,3,350,4,0,5,0,6,0,7,0,8,1622,9,0,10,398,11,0,,0,,0,,0,,0,,0,,0,,0,,0,,0,,0,,0,15319,0
1773716501,1,,1,25,2,12924,3,350,4,0,5,0,6,0,7,0,8,1622,9,0,10,398,11,0,,0,,0,,0,,0,,0,,0,,0,,0,,0,,0,,0,15319,0
1773716502,1,,1,25,2,12974,3,300,4,0,5,0,6,0,7,0,8,1622,9,0,10,398,11,0,,0,,0,,0,,0,,0,,0,,0,,0,,0,,0,,0,15319,0
1773716503,1,,1,25,2,12974,3,300,4,0,5,0,6,0,7,0,8,1621,9,0,10,398,11,0,,0,,0,,0,,0,,0,,0,,0,,0,,0,,0,,0,15318,0
1773716504,1,,1,25,2,12974,3,300,4,0,5,0,6,0,7,0,8,1621,9,0,10,398,11,0,,0,,0,,0,,0,,0,,0,,0,,0,,0,,0,,0,15318,0
1773716505,1,,1,730,2,12269,3,300,4,0,5,0,6,0,7,0,8,1621,9,0,10,398,11,0,,0,,0,,0,,0,,0,,0,,0,,0,,0,,0,,0,15318,0
1773716506,1,,1,730,2,12269,3,300,4,0,5,0,6,0,7,0,8,1621,9,0,10,398,11,0,,0,,0,,0,,0,,0,,0,,0,,0,,0,,0,,0,15318,0
1773716507,1,,1,730,2,12269,3,300,4,0,5,0,6,0,7,0,8,1621,9,0,10,398,11,0,,0,,0,,0,,0,,0,,0,,0,,0,,0,,0,,0,15318,0
1773716508,1,,1,730,2,12269,3,300,4,0,5,0,6,0,7,0,8,1621,9,0,10,398,11,0,,0,,0,,0,,0,,0,,0,,0,,0,,0,,0,,0,15318,0
1773716509,1,,1,730,2,12269,3,300,4,0,5,0,6,0,7,0,8,1621,9,0,10,398,11,0,,0,,0,,0,,0,,0,,0,,0,,0,,0,,0,,0,15318,0
1773716510,1,,1,1543,2,11456,3,300,4,0,5,0,6,0,7,0,8,1621,9,0,10,398,11,0,,0,,0,,0,,0,,0,,0,,0,,0,,0,,0,,0,15318,0
1773716511,1,,1,1543,2,11456,3,300,4,0,5,0,6,0,7,0,8,1621,9,0,10,398,11,0,,0,,0,,0,,0,,0,,0,,0,,0,,0,,0,,0,15318,0
1773716512,1,,1,1543,2,11456,3,300,4,0,5,0,6,0,7,0,8,1621,9,0,10,398,11,0,,0,,0,,0,,0,,0,,0,,0,,0,,0,,0,,0,15318,0
1773716513,1,,1,1543,2,11456,3,300,4,0,5,0,6,0,7,0,8,1621,9,0,10,398,11,0,,0,,0,,0,,0,,0,,0,,0,,0,,0,,0,,0,15318,0
1773716514,1,,1,1543,2,11456,3,300,4,0,5,0,6,0,7,0,8,1621,9,0,10,398,11,0,,0,,0,,0,,0,,0,,0,,0,,0,,0,,0,,0,15318,0
1773716515,1,,1,1543,2,11456,3,300,4,0,5,0,6,0,7,0,8,1621,9,0,10,398,11,0,,0,,0,,0,,0,,0,,0,,0,,0,,0,,0,,0,15318,0
1773716516,1,,1,1543,2,11456,3,300,4,0,5,0,6,0,7,0,8,1621,9,0,10,398,11,0,,0,,0,,0,,0,,0,,0,,0,,0,,0,,0,,0,15318,0
1773716517,1,,1,1543,2,11456,3,300,4,0,5,0,6,0,7,0,8,1621,9,0,10,398,11,0,,0,,0,,0,,0,,0,,0,,0,,0,,0,,0,,0,15318,0
1773716518,1,,1,1543,2,11456,3,300,4,0,5,0,6,0,7,0,8,1621,9,0,10,398,11,0,,0,,0,,0,,0,,0,,0,,0,,0,,0,,0,,0,15318,0
1773716519,2,1,2,11456,3,300,4,0,5,0,6,0,7,0,8,1620,9,0,10,398,11,0,12,652,1,357,0,0,-1,0,-2,0,-3,0,-4,0,-5,0,-6,0,-7,0,-8,0,-9,0,14426,357
1773716520,2,1,2,11466,3,300,4,0,5,0,6,0,7,0,8,1620,9,0,10,398,11,0,12,652,1,357,0,0,-1,0,-2,0,-3,0,-4,0,-5,0,-6,0,-7,0,-8,0,-9,0,14436,357
1773716521,2,1,2,11486,3,300,4,0,5,0,6,0,7,0,8,1619,9,0,10,398,11,0,12,652,1,357,0,0,-1,0,-2,0,-3,0,-4,0,-5,0,-6,0,-7,0,-8,0,-9,0,14455,357
1773716522,2,1,2,11436,3,300,4,0,5,0,6,0,7,0,8,1619,9,0,10,398,11,0,12,652,1,307,0,0,-1,0,-2,0,-3,0,-4,0,-5,0,-6,0,-7,0,-8,0,-9,0,14405,307
1773716523,2,1,2,11436,3,300,4,0,5,0,6,0,7,0,8,1619,9,0,10,398,11,0,12,652,1,307,0,0,-1,0,-2,0,-3,0,-4,0,-5,0,-6,0,-7,0,-8,0,-9,0,14405,307
1773716524,2,1,2,11436,3,300,4,0,5,0,6,0,7,0,8,1619,9,0,10,398,11,0,12,652,1,307,0,0,-1,0,-2,0,-3,0,-4,0,-5,0,-6,0,-7,0,-8,0,-9,0,14405,307
1773716525,2,1,2,11436,3,300,4,0,5,0,6,0,7,0,8,1619,9,0,10,398,11,0,12,652,1,307,0,0,-1,0,-2,0,-3,0,-4,0,-5,0,-6,0,-7,0,-8,0,-9,0,14405,307
1773716526,2,1,2,11436,3,300,4,0,5,0,6,0,7,0,8,1619,9,0,10,398,11,0,12,652,1,307,0,0,-1,0,-2,0,-3,0,-4,0,-5,0,-6,0,-7,0,-8,0,-9,0,14405,307
1773716527,2,1,2,11436,3,300,4,0,5,0,6,0,7,0,8,1619,9,0,10,398,11,0,12,652,1,307,0,0,-1,0,-2,0,-3,0,-4,0,-5,0,-6,0,-7,0,-8,0,-9,0,14405,307
1773716528,2,1,2,11436,3,300,4,0,5,0,6,0,7,0,8,1133,9,212,10,101,11,0,12,652,1,307,0,0,-1,0,-2,0,-3,0,-4,0,-5,0,-6,0,-7,0,-8,0,-9,0,13834,307
1773716529,2,1,2,11436,3,300,4,0,5,0,6,0,7,0,8,1133,9,212,10,101,11,0,12,652,1,307,0,0,-1,0,-2,0,-3,0,-4,0,-5,0,-6,0,-7,0,-8,0,-9,0,13834,307
1773716530,2,1,2,11436,3,300,4,0,5,0,6,0,7,0,8,1133,9,212,10,101,11,0,12,652,1,307,0,0,-1,0,-2,0,-3,0,-4,0,-5,0,-6,0,-7,0,-8,0,-9,0,13834,307
1773716531,2,1,2,11436,3,300,4,0,5,0,6,0,7,0,8,1132,9,212,10,101,11,0,12,652,1,307,0,0,-1,0,-2,0,-3,0,-4,0,-5,0,-6,0,-7,0,-8,0,-9,0,13833,307
1773716532,2,1,2,11436,3,300,4,0,5,0,6,0,7,0,8,1132,9,212,10,101,11,0,12,652,1,307,0,0,-1,0,-2,0,-3,0,-4,0,-5,0,-6,0,-7,0,-8,0,-9,0,13833,307
1773716533,2,1,2,11436,3,300,4,0,5,0,6,0,7,0,8,1132,9,212,10,101,11,0,12,652,1,307,0,0,-1,0,-2,0,-3,0,-4,0,-5,0,-6,0,-7,0,-8,0,-9,0,13833,307
1773716534,2,1,2,11136,3,300,4,0,5,0,6,0,7,0,8,1132,9,212,10,101,11,0,12,652,1,7,0,0,-1,0,-2,0,-3,0,-4,0,-5,0,-6,0,-7,0,-8,0,-9,0,13533,7
1773716535,2,1,2,12087,3,300,4,0,5,0,6,0,7,0,8,1132,9,212,10,101,11,0,12,652,1,7,0,0,-1,0,-2,0,-3,0,-4,0,-5,0,-6,0,-7,0,-8,0,-9,0,14484,7
1773716536,2,1,2,12087,3,300,4,0,5,0,6,0,7,0,8,1132,9,212,10,101,11,0,12,652,1,7,0,0,-1,0,-2,0,-3,0,-4,0,-5,0,-6,0,-7,0,-8,0,-9,0,14484,7
1773716537,2,1,2,12087,3,300,4,0,5,0,6,0,7,0,8,1132,9,212,10,101,11,0,12,652,1,7,0,0,-1,0,-2,0,-3,0,-4,0,-5,0,-6,0,-7,0,-8,0,-9,0,14484,7
1773716538,2,1,2,12087,3,300,4,0,5,0,6,0,7,0,8,1132,9,212,10,101,11,0,12,652,1,7,0,0,-1,0,-2,0,-3,0,-4,0,-5,0,-6,0,-7,0,-8,0,-9,0,14484,7
1773716539,2,1,2,12087,3,300,4,0,5,0,6,0,7,0,8,1132,9,212,10,101,11,0,12,652,1,7,0,0,-1,0,-2,0,-3,0,-4,0,-5,0,-6,0,-7,0,-8,0,-9,0,14484,7
1773716540,2,1,2,12087,3,300,4,0,5,0,6,0,7,0,8,1132,9,212,10,101,11,0,12,652,1,7,0,0,-1,0,-2,0,-3,0,-4,0,-5,0,-6,0,-7,0,-8,0,-9,0,14484,7
1773716541,2,1,2,12087,3,300,4,0,5,0,6,0,7,0,8,1132,9,212,10,101,11,0,12,652,1,7,0,0,-1,0,-2,0,-3,0,-4,0,-5,0,-6,0,-7,0,-8,0,-9,0,14484,7
1773716542,2,1,2,12087,3,300,4,0,5,0,6,0,7,0,8,1132,9,212,10,101,11,0,12,652,1,7,0,0,-1,0,-2,0,-3,0,-4,0,-5,0,-6,0,-7,0,-8,0,-9,0,14484,7
1773716543,2,1,2,11136,3,300,4,0,5,0,6,0,7,439,8,0,9,212,10,101,11,0,12,652,1,7,0,0,-1,0,-2,0,-3,0,-4,0,-5,0,-6,0,-7,0,-8,0,-9,0,12840,7
1773716544,2,1,2,11136,3,300,4,0,5,0,6,0,7,439,8,0,9,212,10,101,11,0,12,652,1,7,0,0,-1,0,-2,0,-3,0,-4,0,-5,0,-6,0,-7,0,-8,0,-9,0,12840,7
1773716545,2,1,2,11136,3,300,4,0,5,0,6,0,7,439,8,0,9,212,10,101,11,0,12,652,1,7,0,0,-1,0,-2,0,-3,0,-4,0,-5,0,-6,0,-7,0,-8,0,-9,0,12840,7
1773716546,2,1,2,11136,3,300,4,0,5,0,6,0,7,439,8,0,9,212,10,101,11,0,12,652,1,7,0,0,-1,0,-2,0,-3,0,-4,0,-5,0,-6,0,-7,0,-8,0,-9,0,12840,7
1773716547,2,1,2,11136,3,300,4,0,5,0,6,0,7,439,8,0,9,212,10,101,11,0,12,652,1,7,0,0,-1,0,-2,0,-3,0,-4,0,-5,0,-6,0,-7,0,-8,0,-9,0,12840,7
1773716548,2,1,2,11136,3,300,4,0,5,0,6,0,7,439,8,0,9,212,10,101,11,0,12,652,1,7,0,0,-1,0,-2,0,-3,0,-4,0,-5,0,-6,0,-7,0,-8,0,-9,0,12840,7
1773716549,2,1,2,11136,3,300,4,0,5,0,6,0,7,439,8,0,9,212,10,101,11,0,12,652,1,7,0,0,-1,0,-2,0,-3,0,-4,0,-5,0,-6,0,-7,0,-8,0,-9,0,12840,7
1773716550,1,,1,18,2,11136,3,300,4,0,5,0,6,0,7,422,8,0,9,290,10,101,11,0,,0,,0,,0,,0,,0,,0,,0,,0,,0,,0,,0,12267,0
1773716551,1,,1,18,2,11136,3,300,4,0,5,0,6,0,7,422,8,0,9,290,10,101,11,0,,0,,0,,0,,0,,0,,0,,0,,0,,0,,0,,0,12267,0
1773716552,1,,1,18,2,11126,3,300,4,0,5,0,6,0,7,422,8,0,9,290,10,101,11,0,,0,,0,,0,,0,,0,,0,,0,,0,,0,,0,,0,12257,0
1773716553,1,,1,18,2,11126,3,300,4,0,5,0,6,0,7,422,8,0,9,290,10,101,11,0,,0,,0,,0,,0,,0,,0,,0,,0,,0,,0,,0,12257,0
1773716554,1,,1,18,2,11126,3,300,4,0,5,0,6,0,7,422,8,0,9,290,10,101,11,0,,0,,0,,0,,0,,0,,0,,0,,0,,0,,0,,0,12257,0
1773716555,1,,1,38,2,11106,3,300,4,0,5,0,6,0,7,422,8,0,9,290,10,101,11,0,,0,,0,,0,,0,,0,,0,,0,,0,,0,,0,,0,12257,0
1773716556,1,,1,38,2,11106,3,300,4,0,5,0,6,0,7,407,8,0,9,290,10,101,11,0,,0,,0,,0,,0,,0,,0,,0,,0,,0,,0,,0,12242,0
1773716557,1,,1,38,2,11106,3,300,4,0,5,0,6,0,7,407,8,0,9,290,10,101,11,0,,0,,0,,0,,0,,0,,0,,0,,0,,0,,0,,0,12242,0
1773716558,1,,1,38,2,11106,3,300,4,0,5,0,6,0,7,407,8,0,9,290,10,101,11,0,,0,,0,,0,,0,,0,,0,,0,,0,,0,,0,,0,12242,0
1773716559,1,,1,38,2,11106,3,300,4,0,5,0,6,0,7,407,8,0,9,290,10,101,11,0,,0,,0,,0,,0,,0,,0,,0,,0,,0,,0,,0,12242,0
1773716560,1,,1,38,2,10606,3,300,4,0,5,0,6,0,7,407,8,0,9,290,10,101,11,0,,0,,0,,0,,0,,0,,0,,0,,0,,0,,0,,0,11742,0
1773716561,1,,1,38,2,10606,3,300,4,0,5,0,6,0,7,407,8,0,9,290,10,101,11,0,,0,,0,,0,,0,,0,,0,,0,,0,,0,,0,,0,11742,0
1773716562,1,,1,38,2,12506,3,300,4,0,5,0,6,0,7,407,8,0,9,290,10,602,11,0,,0,,0,,0,,0,,0,,0,,0,,0,,0,,0,,0,14143,0
1773716563,1,,1,38,2,12506,3,300,4,0,5,0,6,0,7,407,8,0,9,290,10,602,11,0,,0,,0,,0,,0,,0,,0,,0,,0,,0,,0,,0,14143,0
1773716564,1,,1,38,2,12506,3,300,4,0,5,0,6,0,7,407,8,0,9,290,10,602,11,0,,0,,0,,0,,0,,0,,0,,0,,0,,0,,0,,0,14143,0
1773716565,1,,1,38,2,12506,3,300,4,0,5,0,6,0,7,407,8,0,9,290,10,602,11,0,,0,,0,,0,,0,,0,,0,,0,,0,,0,,0,,0,14143,0
1773716566,1,,1,38,2,12506,3,300,4,0,5,0,6,0,7,407,8,0,9,290,10,602,11,0,,0,,0,,0,,0,,0,,0,,0,,0,,0,,0,,0,14143,0
1773716567,1,,1,38,2,12506,3,300,4,0,5,0,6,0,7,407,8,0,9,290,10,602,11,0,,0,,0,,0,,0,,0,,0,,0,,0,,0,,0,,0,14143,0
1773716568,1,,1,38,2,12506,3,300,4,0,5,0,6,0,7,407,8,0,9,290,10,602,11,0,,0,,0,,0,,0,,0,,0,,0,,0,,0,,0,,0,14143,0
1773716569,1,,1,38,2,12506,3,300,4,0,5,0,6,0,7,407,8,0,9,290,10,602,11,0,,0,,0,,0,,0,,0,,0,,0,,0,,0,,0,,0,14143,0
1773716570,1,,1,38,2,12506,3,300,4,0,5,0,6,0,7,407,8,0,9,290,10,602,11,0,,0,,0,,0,,0,,0,,0,,0,,0,,0,,0,,0,14143,0
1773716571,1,,1,38,2,12506,3,300,4,0,5,0,6,0,7,407,8,0,9,290,10,602,11,0,,0,,0,,0,,0,,0,,0,,0,,0,,0,,0,,0,14143,0
1773716572,1,,1,38,2,12506,3,300,4,0,5,0,6,0,7,407,8,0,9,290,10,602,11,0,,0,,0,,0,,0,,0,,0,,0,,0,,0,,0,,0,14143,0
1773716573,1,,1,38,2,12506,3,300,4,0,5,0,6,0,7,407,8,0,9,290,10,602,11,0,,0,,0,,0,,0,,0,,0,,0,,0,,0,,0,,0,14143,0
1773716574,1,,1,38,2,12506,3,300,4,0,5,0,6,0,7,407,8,0,9,290,10,602,11,0,,0,,0,,0,,0,,0,,0,,0,,0,,0,,0,,0,14143,0
1773716575,1,,1,38,2,12506,3,300,4,0,5,0,6,0,7,407,8,0,9,290,10,602,11,0,,0,,0,,0,,0,,0,,0,,0,,0,,0,,0,,0,14143,0
1773716576,1,,1,38,2,12506,3,300,4,0,5,0,6,0,7,407,8,0,9,290,10,602,11,0,,0,,0,,0,,0,,0,,0,,0,,0,,0,,0,,0,14143,0
1773716577,1,,1,38,2,12506,3,300,4,0,5,0,6,0,7,407,8,0,9,290,10,602,11,0,,0,,0,,0,,0,,0,,0,,0,,0,,0,,0,,0,14143,0
1773716578,1,,1,38,2,12506,3,300,4,0,5,0,6,0,7,407,8,0,9,290,10,602,11,0,,0,,0,,0,,0,,0,,0,,0,,0,,0,,0,,0,14143,0
1773716579,1,,1,38,2,12506,3,300,4,0,5,0,6,0,7,407,8,0,9,290,10,602,11,0,,0,,0,,0,,0,,0,,0,,0,,0,,0,,0,,0,14143,0
1773716580,1,,1,38,2,12506,3,300,4,0,5,0,6,0,7,407,8,0,9,290,10,602,11,0,,0,,0,,0,,0,,0,,0,,0,,0,,0,,0,,0,14143,0
1773716581,1,,1,38,2,12506,3,300,4,0,5,0,6,0,7,407,8,0,9,290,10,602,11,0,,0,,0,,0,,0,,0,,0,,0,,0,,0,,0,,0,14143,0
1773716582,1,,1,38,2,12506,3,300,4,0,5,0,6,0,7,407,8,0,9,290,10,602,11,0,,0,,0,,0,,0,,0,,0,,0,,0,,0,,0,,0,14143,0
1773716583,1,,1,38,2,12506,3,300,4,0,5,0,6,0,7,407,8,0,9,290,10,602,11,0,,0,,0,,0,,0,,0,,0,,0,,0,,0,,0,,0,14143,0
1773716584,1,,1,38,2,12506,3,300,4,0,5,0,6,0,7,407,8,0,9,290,10,602,11,0,,0,,0,,0,,0,,0,,0,,0,,0,,0,,0,,0,14143,0
1773716585,1,,1,38,2,12506,3,300,4,0,5,0,6,0,7,407,8,0,9,290,10,602,11,0,,0,,0,,0,,0,,0,,0,,0,,0,,0,,0,,0,14143,0
1773716586,1,,1,38,2,12506,3,300,4,0,5,0,6,0,7,407,8,0,9,290,10,602,11,0,,0,,0,,0,,0,,0,,0,,0,,0,,0,,0,,0,14143,0
1773716587,1,,1,38,2,12506,3,300,4,0,5,0,6,0,7,407,8,0,9,290,10,602,11,0,,0,,0,,0,,0,,0,,0,,0,,0,,0,,0,,0,14143,0
1773716588,1,,1,38,2,12506,3,300,4,0,5,0,6,0,7,407,8,0,9,290,10,602,11,0,,0,,0,,0,,0,,0,,0,,0,,0,,0,,0,,0,14143,0
1773716589,1,,1,38,2,12506,3,300,4,0,5,0,6,0,7,407,8,0,9,290,10,602,11,0,,0,,0,,0,,0,,0,,0,,0,,0,,0,,0,,0,14143,0
1773716590,1,,1,38,2,12506,3,300,4,0,5,0,6,0,7,407,8,0,9,290,10,602,11,0,,0,,0,,0,,0,,0,,0,,0,,0,,0,,0,,0,14143,0
1773716591,2,,2,12385,3,300,4,0,5,0,6,0,7,407,8,0,9,290,10,602,11,0,12,652,,0,,0,,0,,0,,0,,0,,0,,0,,0,,0,,0,14636,0
1773716592,2,,2,12385,3,300,4,0,5,0,6,0,7,407,8,0,9,290,10,602,11,0,12,652,,0,,0,,0,,0,,0,,0,,0,,0,,0,,0,,0,14636,0
1773716593,2,,2,12385,3,300,4,0,5,0,6,0,7,407,8,0,9,290,10,602,11,0,12,652,,0,,0,,0,,0,,0,,0,,0,,0,,0,,0,,0,14636,0
1773716594,2,,2,12385,3,300,4,0,5,0,6,0,7,407,8,0,9,290,10,602,11,0,12,652,,0,,0,,0,,0,,0,,0,,0,,0,,0,,0,,0,14636,0
1773716595,2,,2,12385,3,300,4,0,5,0,6,0,7,407,8,0,9,290,10,602,11,0,12,652,,0,,0,,0,,0,,0,,0,,0,,0,,0,,0,,0,14636,0
1773716596,2,,2,12385,3,300,4,0,5,0,6,0,7,407,8,0,9,290,10,602,11,0,12,652,,0,,0,,0,,0,,0,,0,,0,,0,,0,,0,,0,14636,0
1773716597,2,,2,12385,3,300,4,0,5,0,6,0,7,407,8,0,9,290,10,602,11,0,12,652,,0,,0,,0,,0,,0,,0,,0,,0,,0,,0,,0,14636,0
1773716598,2,,2,12385,3,300,4,0,5,0,6,0,7,407,8,0,9,290,10,602,11,0,12,652,,0,,0,,0,,0,,0,,0,,0,,0,,0,,0,,0,14636,0
1773716599,2,,2,12385,3,300,4,0,5,0,6,0,7,407,8,0,9,290,10,602,11,0,12,652,,0,,0,,0,,0,,0,,0,,0,,0,,0,,0,,0,14636,0
1773716600,2,,2,12385,3,300,4,0,5,0,6,0,7,407,8,0,9,290,10,602,11,0,12,652,,0,,0,,0,,0,,0,,0,,0,,0,,0,,0,,0,14636,0
1773716601,2,,2,12385,3,300,4,0,5,0,6,0,7,407,8,0,9,290,10,602,11,0,12,652,,0,,0,,0,,0,,0,,0,,0,,0,,0,,0,,0,14636,0
1773716602,2,,2,12385,3,300,4,0,5,0,6,0,7,407,8,0,9,290,10,602,11,0,12,652,,0,,0,,0,,0,,0,,0,,0,,0,,0,,0,,0,14636,0
1773716603,2,,2,12385,3,300,4,0,5,0,6,0,7,407,8,0,9,290,10,602,11,0,12,652,,0,,0,,0,,0,,0,,0,,0,,0,,0,,0,,0,14636,0
1773716604,2,,2,12385,3,300,4,0,5,0,6,0,7,407,8,0,9,290,10,602,11,0,12,652,,0,,0,,0,,0,,0,,0,,0,,0,,0,,0,,0,14636,0
1773716605,2,,2,12385,3,300,4,0,5,0,6,0,7,407,8,0,9,290,10,602,11,0,12,652,,0,,0,,0,,0,,0,,0,,0,,0,,0,,0,,0,14636,0
1773716606,2,,2,12385,3,300,4,0,5,0,6,0,7,407,8,0,9,290,10,602,11,0,12,652,,0,,0,,0,,0,,0,,0,,0,,0,,0,,0,,0,14636,0
1773716607,2,,2,12385,3,300,4,0,5,0,6,0,7,407,8,0,9,290,10,602,11,0,12,652,,0,,0,,0,,0,,0,,0,,0,,0,,0,,0,,0,14636,0
1773716608,2,,2,12385,3,300,4,0,5,0,6,0,7,407,8,0,9,290,10,602,11,0,12,652,,0,,0,,0,,0,,0,,0,,0,,0,,0,,0,,0,14636,0
1773716609,2,,2,12385,3,300,4,0,5,0,6,0,7,407,8,0,9,290,10,602,11,0,12,652,,0,,0,,0,,0,,0,,0,,0,,0,,0,,0,,0,14636,0
1773716610,2,,2,12385,3,300,4,0,5,0,6,0,7,407,8,0,9,290,10,602,11,0,12,652,,0,,0,,0,,0,,0,,0,,0,,0,,0,,0,,0,14636,0
1773716611,2,,2,12385,3,300,4,0,5,0,6,0,7,407,8,0,9,290,10,602,11,0,12,652,,0,,0,,0,,0,,0,,0,,0,,0,,0,,0,,0,14636,0
1773716612,2,,2,12385,3,300,4,0,5,0,6,0,7,407,8,0,9,290,10,602,11,0,12,652,,0,,0,,0,,0,,0,,0,,0,,0,,0,,0,,0,14636,0
1773716613,2,,2,12385,3,300,4,0,5,0,6,0,7,407,8,0,9,290,10,602,11,0,12,652,,0,,0,,0,,0,,0,,0,,0,,0,,0,,0,,0,14636,0
1773716614,2,,2,12385,3,300,4,0,5,0,6,0,7,407,8,0,9,290,10,602,11,0,12,652,,0,,0,,0,,0,,0,,0,,0,,0,,0,,0,,0,14636,0
1773716615,2,,2,12385,3,300,4,0,5,0,6,0,7,407,8,0,9,290,10,602,11,0,12,652,,0,,0,,0,,0,,0,,0,,0,,0,,0,,0,,0,14636,0
1773716616,2,,2,12385,3,300,4,0,5,0,6,0,7,407,8,0,9,290,10,602,11,0,12,652,,0,,0,,0,,0,,0,,0,,0,,0,,0,,0,,0,14636,0
1773716617,2,,2,12385,3,300,4,0,5,0,6,0,7,617,8,0,9,290,10,602,11,0,12,652,,0,,0,,0,,0,,0,,0,,0,,0,,0,,0,,0,14846,0
1773716618,2,,2,12385,3,300,4,0,5,0,6,0,7,617,8,0,9,290,10,602,11,0,12,652,,0,,0,,0,,0,,0,,0,,0,,0,,0,,0,,0,14846,0
1773716619,2,,2,12385,3,300,4,0,5,0,6,0,7,617,8,0,9,290,10,602,11,0,12,652,,0,,0,,0,,0,,0,,0,,0,,0,,0,,0,,0,14846,0
1773716620,2,,2,12385,3,300,4,0,5,0,6,0,7,617,8,0,9,290,10,602,11,0,12,652,,0,,0,,0,,0,,0,,0,,0,,0,,0,,0,,0,14846,0
1773716621,2,,2,12385,3,300,4,0,5,0,6,0,7,617,8,0,9,290,10,602,11,0,12,652,,0,,0,,0,,0,,0,,0,,0,,0,,0,,0,,0,14846,0
1773716622,2,,2,12385,3,300,4,0,5,0,6,0,7,617,8,0,9,290,10,602,11,0,12,652,,0,,0,,0,,0,,0,,0,,0,,0,,0,,0,,0,14846,0
1773716623,2,,2,12385,3,300,4,0,5,0,6,0,7,617,8,0,9,290,10,602,11,0,12,652,,0,,0,,0,,0,,0,,0,,0,,0,,0,,0,,0,14846,0
1773716624,2,,2,12385,3,300,4,0,5,0,6,0,7,617,8,0,9,290,10,602,11,0,12,652,,0,,0,,0,,0,,0,,0,,0,,0,,0,,0,,0,14846,0
1773716625,2,,2,12385,3,300,4,0,5,0,6,0,7,617,8,0,9,290,10,602,11,0,12,652,,0,,0,,0,,0,,0,,0,,0,,0,,0,,0,,0,14846,0
1773716626,2,,2,12385,3,300,4,0,5,0,6,0,7,617,8,0,9,290,10,602,11,0,12,652,,0,,0,,0,,0,,0,,0,,0,,0,,0,,0,,0,14846,0
1773716627,2,,2,12385,3,300,4,0,5,0,6,0,7,617,8,0,9,290,10,602,11,0,12,652,,0,,0,,0,,0,,0,,0,,0,,0,,0,,0,,0,14846,0
1773716628,2,,2,12385,3,300,4,0,5,0,6,0,7,617,8,0,9,290,10,602,11,0,12,652,,0,,0,,0,,0,,0,,0,,0,,0,,0,,0,,0,14846,0
1773716629,2,,2,12385,3,300,4,0,5,0,6,0,7,617,8,0,9,290,10,602,11,0,12,652,,0,,0,,0,,0,,0,,0,,0,,0,,0,,0,,0,14846,0
1773716630,2,,2,12385,3,300,4,0,5,0,6,0,7,617,8,0,9,290,10,602,11,0,12,652,,0,,0,,0,,0,,0,,0,,0,,0,,0,,0,,0,14846,0
1773716631,2,,2,12385,3,300,4,0,5,0,6,0,7,617,8,0,9,290,10,602,11,0,12,652,,0,,0,,0,,0,,0,,0,,0,,0,,0,,0,,0,14846,0
1773716632,2,,2,12385,3,300,4,0,5,0,6,0,7,617,8,0,9,290,10,602,11,0,12,652,,0,,0,,0,,0,,0,,0,,0,,0,,0,,0,,0,14846,0
1773716633,2,,2,12385,3,300,4,0,5,0,6,0,7,617,8,0,9,290,10,602,11,0,12,652,,0,,0,,0,,0,,0,,0,,0,,0,,0,,0,,0,14846,0
1773716634,2,,2,12385,3,300,4,0,5,0,6,0,7,617,8,0,9,290,10,602,11,0,12,652,,0,,0,,0,,0,,0,,0,,0,,0,,0,,0,,0,14846,0
1773716635,2,,2,12385,3,300,4,0,5,0,6,0,7,617,8,0,9,290,10,602,11,0,12,652,,0,,0,,0,,0,,0,,0,,0,,0,,0,,0,,0,14846,0
1773716636,2,,2,12385,3,300,4,0,5,0,6,0,7,617,8,0,9,290,10,602,11,0,12,652,,0,,0,,0,,0,,0,,0,,0,,0,,0,,0,,0,14846,0
1773716637,2,,2,12385,3,300,4,0,5,0,6,0,7,617,8,0,9,290,10,602,11,0,12,652,,0,,0,,0,,0,,0,,0,,0,,0,,0,,0,,0,14846,0
1773716638,2,,2,12385,3,300,4,0,5,0,6,0,7,617,8,0,9,290,10,602,11,0,12,652,,0,,0,,0,,0,,0,,0,,0,,0,,0,,0,,0,14846,0
1773716639,2,,2,12385,3,300,4,0,5,0,6,0,7,617,8,0,9,290,10,602,11,0,12,652,,0,,0,,0,,0,,0,,0,,0,,0,,0,,0,,0,14846,0
1773716640,2,,2,12385,3,300,4,0,5,0,6,0,7,617,8,0,9,290,10,602,11,0,12,652,,0,,0,,0,,0,,0,,0,,0,,0,,0,,0,,0,14846,0
1773716641,2,,2,12385,3,300,4,0,5,0,6,0,7,617,8,0,9,290,10,602,11,0,12,652,,0,,0,,0,,0,,0,,0,,0,,0,,0,,0,,0,14846,0
1773716642,2,,2,12385,3,300,4,0,5,0,6,0,7,617,8,0,9,290,10,602,11,0,12,652,,0,,0,,0,,0,,0,,0,,0,,0,,0,,0,,0,14846,0
1773716643,2,,2,12385,3,300,4,0,5,0,6,0,7,617,8,0,9,290,10,602,11,0,12,652,,0,,0,,0,,0,,0,,0,,0,,0,,0,,0,,0,14846,0
1773716644,2,,2,12385,3,300,4,0,5,0,6,0,7,617,8,0,9,290,10,602,11,0,12,652,,0,,0,,0,,0,,0,,0,,0,,0,,0,,0,,0,14846,0
1773716645,2,,2,12385,3,300,4,0,5,0,6,0,7,617,8,0,9,290,10,602,11,0,12,652,,0,,0,,0,,0,,0,,0,,0,,0,,0,,0,,0,14846,0
1773716646,2,,2,12385,3,300,4,0,5,0,6,0,7,617,8,0,9,290,10,602,11,0,12,652,,0,,0,,0,,0,,0,,0,,0,,0,,0,,0,,0,14846,0
1773716647,2,,2,12385,3,300,4,0,5,0,6,0,7,617,8,0,9,290,10,602,11,0,12,652,,0,,0,,0,,0,,0,,0,,0,,0,,0,,0,,0,14846,0
1773716648,2,,2,12385,3,300,4,0,5,0,6,0,7,617,8,0,9,290,10,602,11,0,12,652,,0,,0,,0,,0,,0,,0,,0,,0,,0,,0,,0,14846,0
1773716649,2,,2,12385,3,300,4,0,5,0,6,0,7,617,8,0,9,290,10,602,11,0,12,652,,0,,0,,0,,0,,0,,0,,0,,0,,0,,0,,0,14846,0
1773716650,2,,2,12385,3,300,4,0,5,0,6,0,7,617,8,0,9,290,10,602,11,0,12,652,,0,,0,,0,,0,,0,,0,,0,,0,,0,,0,,0,14846,0
1773716651,2,,2,12385,3,300,4,0,5,0,6,0,7,617,8,0,9,290,10,602,11,0,12,652,,0,,0,,0,,0,,0,,0,,0,,0,,0,,0,,0,14846,0
1773716652,2,,2,12385,3,300,4,0,5,0,6,0,7,617,8,0,9,290,10,602,11,0,12,652,,0,,0,,0,,0,,0,,0,,0,,0,,0,,0,,0,14846,0
1773716653,2,,2,13336,3,300,4,0,5,0,6,0,7,617,8,0,9,290,10,602,11,0,12,652,,0,,0,,0,,0,,0,,0,,0,,0,,0,,0,,0,15797,0
1773716654,2,,2,13336,3,300,4,0,5,0,6,0,7,617,8,0,9,290,10,602,11,0,12,652,,0,,0,,0,,0,,0,,0,,0,,0,,0,,0,,0,15797,0
1773716655,2,,2,13336,3,300,4,0,5,0,6,0,7,624,8,0,9,290,10,602,11,0,12,652,,0,,0,,0,,0,,0,,0,,0,,0,,0,,0,,0,15804,0
1773716656,2,,2,13336,3,300,4,0,5,0,6,0,7,624,8,0,9,290,10,602,11,0,12,652,,0,,0,,0,,0,,0,,0,,0,,0,,0,,0,,0,15804,0
1773716657,2,,2,13336,3,300,4,0,5,0,6,0,7,624,8,0,9,290,10,602,11,0,12,652,,0,,0,,0,,0,,0,,0,,0,,0,,0,,0,,0,15804,0
1773716658,2,,2,13336,3,300,4,0,5,0,6,0,7,624,8,0,9,290,10,602,11,0,12,652,,0,,0,,0,,0,,0,,0,,0,,0,,0,,0,,0,15804,0
1773716659,2,,2,13336,3,300,4,0,5,0,6,0,7,624,8,0,9,290,10,602,11,0,12,652,,0,,0,,0,,0,,0,,0,,0,,0,,0,,0,,0,15804,0
1773716660,2,,2,13336,3,300,4,0,5,0,6,0,7,624,8,0,9,290,10,602,11,0,12,652,,0,,0,,0,,0,,0,,0,,0,,0,,0,,0,,0,15804,0
1773716661,2,,2,13336,3,300,4,0,5,0,6,0,7,624,8,0,9,290,10,602,11,0,12,652,,0,,0,,0,,0,,0,,0,,0,,0,,0,,0,,0,15804,0
1773716662,2,,2,13336,3,300,4,0,5,0,6,0,7,624,8,0,9,290,10,602,11,0,12,652,,0,,0,,0,,0,,0,,0,,0,,0,,0,,0,,0,15804,0
1773716663,2,1,2,13336,3,300,4,0,5,0,6,0,7,624,8,0,9,290,10,602,11,0,12,652,1,500,0,0,-1,0,-2,0,-3,0,-4,0,-5,0,-6,0,-7,0,-8,0,-9,0,15804,500
1773716664,2,1,2,13346,3,300,4,0,5,0,6,0,7,0,8,1122,9,290,10,602,11,0,12,652,1,500,0,0,-1,0,-2,0,-3,0,-4,0,-5,0,-6,0,-7,0,-8,0,-9,0,16312,500
1773716665,2,1,2,13346,3,300,4,0,5,0,6,0,7,0,8,1122,9,290,10,602,11,0,12,652,1,500,0,0,-1,0,-2,0,-3,0,-4,0,-5,0,-6,0,-7,0,-8,0,-9,0,16312,500
1773716666,2,1,2,13346,3,300,4,0,5,0,6,0,7,0,8,1122,9,290,10,602,11,0,12,652,1,500,0,0,-1,0,-2,0,-3,0,-4,0,-5,0,-6,0,-7,0,-8,0,-9,0,16312,500
1773716667,2,1,2,13346,3,300,4,0,5,0,6,0,7,0,8,1122,9,290,10,602,11,0,12,652,1,500,0,0,-1,0,-2,0,-3,0,-4,0,-5,0,-6,0,-7,0,-8,0,-9,0,16312,500
1773716668,2,1,2,13346,3,300,4,0,5,0,6,0,7,0,8,1122,9,210,10,602,11,0,12,652,1,490,0,0,-1,0,-2,0,-3,0,-4,0,-5,0,-6,0,-7,0,-8,0,-9,0,16232,490
1773716669,2,1,2,13346,3,300,4,0,5,0,6,0,7,0,8,1122,9,210,10,602,11,0,12,652,1,490,0,0,-1,0,-2,0,-3,0,-4,0,-5,0,-6,0,-7,0,-8,0,-9,0,16232,490
1773716670,2,1,2,13346,3,300,4,0,5,0,6,0,7,0,8,1122,9,210,10,602,11,0,12,652,1,490,0,0,-1,0,-2,0,-3,0,-4,0,-5,0,-6,0,-7,0,-8,0,-9,0,16232,490
1773716671,2,1,2,13346,3,300,4,0,5,0,6,0,7,1603,8,500,9,210,10,602,11,0,12,652,1,490,0,0,-1,0,-2,0,-3,0,-4,0,-5,0,-6,0,-7,0,-8,0,-9,0,17213,490
1773716672,2,1,2,13346,3,300,4,0,5,0,6,0,7,1603,8,500,9,210,10,602,11,0,12,652,1,490,0,0,-1,0,-2,0,-3,0,-4,0,-5,0,-6,0,-7,0,-8,0,-9,0,17213,490
1773716673,2,1,2,13346,3,300,4,0,5,0,6,0,7,1603,8,500,9,210,10,602,11,0,12,652,1,490,0,0,-1,0,-2,0,-3,0,-4,0,-5,0,-6,0,-7,0,-8,0,-9,0,17213,490
1773716674,2,1,2,13346,3,300,4,0,5,0,6,0,7,1603,8,500,9,210,10,602,11,0,12,652,1,490,0,0,-1,0,-2,0,-3,0,-4,0,-5,0,-6,0,-7,0,-8,0,-9,0,17213,490
1773716675,2,1,2,13346,3,300,4,0,5,0,6,0,7,1603,8,500,9,210,10,602,11,0,12,652,1,490,0,0,-1,0,-2,0,-3,0,-4,0,-5,0,-6,0,-7,0,-8,0,-9,0,17213,490
1773716676,2,1,2,13346,3,300,4,0,5,0,6,0,7,1602,8,500,9,210,10,602,11,0,12,652,1,490,0,0,-1,0,-2,0,-3,0,-4,0,-5,0,-6,0,-7,0,-8,0,-9,0,17212,490
1773716677,2,1,2,13346,3,300,4,0,5,0,6,0,7,1602,8,500,9,210,10,602,11,0,12,652,1,490,0,0,-1,0,-2,0,-3,0,-4,0,-5,0,-6,0,-7,0,-8,0,-9,0,17212,490
1773716678,2,1,2,13346,3,300,4,0,5,0,6,0,7,1602,8,500,9,210,10,602,11,0,12,652,1,490,0,0,-1,0,-2,0,-3,0,-4,0,-5,0,-6,0,-7,0,-8,0,-9,0,17212,490
1773716679,2,1,2,13346,3,300,4,0,5,0,6,0,7,1602,8,500,9,210,10,602,11,0,12,652,1,290,0,0,-1,0,-2,0,-3,0,-4,0,-5,0,-6,0,-7,0,-8,0,-9,0,17212,290
1773716680,2,1,2,13346,3,300,4,0,5,0,6,0,7,1602,8,500,9,210,10,602,11,0,12,652,1,290,0,0,-1,0,-2,0,-3,0,-4,0,-5,0,-6,0,-7,0,-8,0,-9,0,17212,290
1773716681,2,1,2,12395,3,1251,4,0,5,0,6,0,7,1602,8,500,9,210,10,602,11,0,12,652,1,290,0,0,-1,0,-2,0,-3,0,-4,0,-5,0,-6,0,-7,0,-8,0,-9,0,17212,290
1773716682,2,1,2,12395,3,1251,4,0,5,0,6,0,7,1602,8,500,9,210,10,602,11,0,12,652,1,290,0,0,-1,0,-2,0,-3,0,-4,0,-5,0,-6,0,-7,0,-8,0,-9,0,17212,290
1773716683,2,1,2,12395,3,1251,4,0,5,0,6,0,7,1602,8,500,9,210,10,602,11,0,12,652,1,290,0,0,-1,0,-2,0,-3,0,-4,0,-5,0,-6,0,-7,0,-8,0,-9,0,17212,290
1773716684,2,1,2,12395,3,1251,4,0,5,0,6,0,7,1602,8,500,9,210,10,602,11,0,12,652,1,290,0,0,-1,0,-2,0,-3,0,-4,0,-5,0,-6,0,-7,0,-8,0,-9,0,17212,290
1773716685,2,1,2,12395,3,1251,4,0,5,0,6,0,7,1602,8,500,9,210,10,602,11,0,12,652,1,290,0,0,-1,0,-2,0,-3,0,-4,0,-5,0,-6,0,-7,0,-8,0,-9,0,17212,290
1773716686,2,1,2,12395,3,1251,4,0,5,0,6,0,7,1602,8,500,9,210,10,602,11,0,12,652,1,290,0,0,-1,0,-2,0,-3,0,-4,0,-5,0,-6,0,-7,0,-8,0,-9,0,17212,290
1773716687,2,1,2,12395,3,1251,4,0,5,0,6,0,7,1602,8,500,9,210,10,602,11,0,12,652,1,290,0,0,-1,0,-2,0,-3,0,-4,0,-5,0,-6,0,-7,0,-8,0,-9,0,17212,290
1773716688,2,1,2,12395,3,1251,4,0,5,0,6,0,7,1602,8,500,9,210,10,602,11,0,12,652,1,290,0,0,-1,0,-2,0,-3,0,-4,0,-5,0,-6,0,-7,0,-8,0,-9,0,17212,290
1773716689,1,,1,2821,2,9484,3,1251,4,0,5,0,6,0,7,1601,8,500,9,287,10,602,11,0,,0,,0,,0,,0,,0,,0,,0,,0,,0,,0,,0,16546,0
1773716690,1,,1,2821,2,9484,3,1251,4,0,5,0,6,0,7,1601,8,500,9,287,10,602,11,0,,0,,0,,0,,0,,0,,0,,0,,0,,0,,0,,0,16546,0
1773716691,1,,1,2821,2,9484,3,1251,4,0,5,0,6,0,7,1601,8,500,9,287,10,602,11,0,,0,,0,,0,,0,,0,,0,,0,,0,,0,,0,,0,16546,0
1773716692,1,,1,2821,2,9474,3,1251,4,0,5,0,6,0,7,1600,8,500,9,287,10,602,11,0,,0,,0,,0,,0,,0,,0,,0,,0,,0,,0,,0,16535,0
1773716693,1,,1,2821,2,9474,3,1251,4,0,5,0,6,0,7,1600,8,500,9,287,10,602,11,0,,0,,0,,0,,0,,0,,0,,0,,0,,0,,0,,0,16535,0
1773716694,1,,1,2821,2,9474,3,1251,4,0,5,0,6,0,7,1600,8,500,9,287,10,602,11,0,,0,,0,,0,,0,,0,,0,,0,,0,,0,,0,,0,16535,0
1773716695,1,,1,2821,2,9474,3,1251,4,0,5,0,6,0,7,1600,8,500,9,287,10,602,11,0,,0,,0,,0,,0,,0,,0,,0,,0,,0,,0,,0,16535,0
1773716696,1,,1,2821,2,9474,3,1251,4,0,5,0,6,0,7,1600,8,500,9,287,10,602,11,0,,0,,0,,0,,0,,0,,0,,0,,0,,0,,0,,0,16535,0
1773716697,1,,1,2821,2,9474,3,1251,4,0,5,0,6,0,7,1600,8,500,9,287,10,602,11,0,,0,,0,,0,,0,,0,,0,,0,,0,,0,,0,,0,16535,0
1773716698,1,,1,2721,2,9974,3,1251,4,0,5,0,6,0,7,1600,8,500,9,287,10,602,11,0,,0,,0,,0,,0,,0,,0,,0,,0,,0,,0,,0,16935,0
1773716699,1,,1,2921,2,9974,3,1251,4,0,5,0,6,0,7,1600,8,500,9,287,10,602,11,0,,0,,0,,0,,0,,0,,0,,0,,0,,0,,0,,0,17135,0
1773716700,1,,1,2921,2,9974,3,1251,4,0,5,0,6,0,7,1600,8,500,9,287,10,602,11,0,,0,,0,,0,,0,,0,,0,,0,,0,,0,,0,,0,17135,0
1773716701,1,,1,2921,2,9974,3,1251,4,0,5,0,6,0,7,1600,8,500,9,287,10,602,11,0,,0,,0,,0,,0,,0,,0,,0,,0,,0,,0,,0,17135,0
1773716702,1,,1,2921,2,9974,3,1251,4,0,5,0,6,0,7,1600,8,500,9,287,10,602,11,0,,0,,0,,0,,0,,0,,0,,0,,0,,0,,0,,0,17135,0
1773716703,1,,1,2921,2,9974,3,1251,4,0,5,0,6,0,7,1600,8,500,9,287,10,602,11,0,,0,,0,,0,,0,,0,,0,,0,,0,,0,,0,,0,17135,0
1773716704,1,,1,3882,2,9974,3,300,4,0,5,0,6,0,7,1599,8,500,9,287,10,602,11,0,,0,,0,,0,,0,,0,,0,,0,,0,,0,,0,,0,17144,0
1773716705,1,,1,3882,2,9974,3,300,4,0,5,0,6,0,7,1599,8,500,9,287,10,602,11,0,,0,,0,,0,,0,,0,,0,,0,,0,,0,,0,,0,17144,0
1773716706,1,,1,3882,2,9974,3,300,4,0,5,0,6,0,7,1599,8,500,9,287,10,602,11,0,,0,,0,,0,,0,,0,,0,,0,,0,,0,,0,,0,17144,0
1773716707,1,,1,3882,2,9974,3,300,4,0,5,0,6,0,7,1599,8,500,9,287,10,602,11,0,,0,,0,,0,,0,,0,,0,,0,,0,,0,,0,,0,17144,0
1773716708,1,,1,3782,2,9974,3,300,4,0,5,0,6,0,7,1599,8,500,9,287,10,602,11,0,,0,,0,,0,,0,,0,,0,,0,,0,,0,,0,,0,17044,0
1773716709,1,,1,3682,2,9974,3,300,4,0,5,0,6,0,7,1599,8,500,9,287,10,602,11,0,,0,,0,,0,,0,,0,,0,,0,,0,,0,,0,,0,16944,0
1773716710,1,,1,3595,2,9974,3,300,4,0,5,0,6,0,7,1599,8,500,9,287,10,602,11,0,,0,,0,,0,,0,,0,,0,,0,,0,,0,,0,,0,16857,0
1773716711,1,,1,3595,2,9974,3,300,4,0,5,0,6,0,7,1598,8,500,9,287,10,602,11,0,,0,,0,,0,,0,,0,,0,,0,,0,,0,,0,,0,16856,0
1773716712,1,,1,3595,2,9974,3,300,4,0,5,0,6,0,7,1598,8,500,9,287,10,602,11,0,,0,,0,,0,,0,,0,,0,,0,,0,,0,,0,,0,16856,0
1773716713,1,,1,3595,2,9974,3,300,4,0,5,0,6,0,7,1598,8,500,9,287,10,602,11,0,,0,,0,,0,,0,,0,,0,,0,,0,,0,,0,,0,16856,0
1773716714,1,,1,3595,2,9974,3,300,4,0,5,0,6,0,7,1598,8,500,9,287,10,602,11,0,,0,,0,,0,,0,,0,,0,,0,,0,,0,,0,,0,16856,0
1773716715,1,,1,3395,2,9974,3,300,4,0,5,0,6,0,7,1598,8,500,9,287,10,602,11,0,,0,,0,,0,,0,,0,,0,,0,,0,,0,,0,,0,16656,0
1773716716,1,,1,3395,2,9974,3,300,4,0,5,0,6,0,7,1598,8,500,9,287,10,602,11,0,,0,,0,,0,,0,,0,,0,,0,,0,,0,,0,,0,16656,0
1773716717,1,,1,3395,2,9974,3,300,4,0,5,0,6,0,7,1598,8,500,9,287,10,602,11,0,,0,,0,,0,,0,,0,,0,,0,,0,,0,,0,,0,16656,0
1773716718,1,,1,3295,2,9974,3,300,4,0,5,0,6,0,7,1598,8,500,9,287,10,602,11,0,,0,,0,,0,,0,,0,,0,,0,,0,,0,,0,,0,16556,0
1773716719,1,,1,3295,2,9974,3,300,4,0,5,0,6,0,7,1598,8,500,9,287,10,602,11,0,,0,,0,,0,,0,,0,,0,,0,,0,,0,,0,,0,16556,0
1773716720,1,,1,3295,2,9974,3,300,4,0,5,0,6,0,7,1598,8,500,9,287,10,602,11,0,,0,,0,,0,,0,,0,,0,,0,,0,,0,,0,,0,16556,0
1773716721,1,,1,3295,2,9974,3,300,4,0,5,0,6,0,7,1598,8,500,9,287,10,602,11,0,,0,,0,,0,,0,,0,,0,,0,,0,,0,,0,,0,16556,0
1773716722,1,,1,3295,2,9974,3,300,4,0,5,0,6,0,7,1598,8,500,9,287,10,602,11,0,,0,,0,,0,,0,,0,,0,,0,,0,,0,,0,,0,16556,0
1773716723,1,,1,3295,2,9974,3,300,4,0,5,0,6,0,7,1598,8,500,9,287,10,602,11,0,,0,,0,,0,,0,,0,,0,,0,,0,,0,,0,,0,16556,0
1773716724,1,,1,3295,2,9974,3,300,4,0,5,0,6,0,7,1598,8,500,9,287,10,602,11,0,,0,,0,,0,,0,,0,,0,,0,,0,,0,,0,,0,16556,0
1773716725,1,,1,3295,2,9974,3,300,4,0,5,0,6,0,7,1598,8,500,9,287,10,602,11,0,,0,,0,,0,,0,,0,,0,,0,,0,,0,,0,,0,16556,0
1773716726,1,,1,3295,2,9974,3,300,4,0,5,0,6,0,7,1598,8,500,9,287,10,602,11,0,,0,,0,,0,,0,,0,,0,,0,,0,,0,,0,,0,16556,0
1773716727,1,,1,3295,2,9974,3,300,4,0,5,0,6,0,7,1598,8,500,9,287,10,602,11,0,,0,,0,,0,,0,,0,,0,,0,,0,,0,,0,,0,16556,0
1773716728,1,,1,3295,2,9974,3,300,4,0,5,0,6,0,7,1598,8,500,9,287,10,602,11,0,,0,,0,,0,,0,,0,,0,,0,,0,,0,,0,,0,16556,0
1773716729,1,,1,3295,2,9974,3,300,4,0,5,0,6,0,7,1598,8,500,9,287,10,602,11,0,,0,,0,,0,,0,,0,,0,,0,,0,,0,,0,,0,16556,0
1773716730,1,,1,3295,2,9974,3,300,4,0,5,0,6,0,7,1598,8,500,9,287,10,602,11,0,,0,,0,,0,,0,,0,,0,,0,,0,,0,,0,,0,16556,0
1773716731,1,,1,3295,2,9974,3,300,4,0,5,0,6,0,7,1598,8,500,9,287,10,602,11,0,,0,,0,,0,,0,,0,,0,,0,,0,,0,,0,,0,16556,0
1773716732,1,,1,3295,2,9974,3,300,4,0,5,0,6,0,7,1598,8,500,9,287,10,602,11,0,,0,,0,,0,,0,,0,,0,,0,,0,,0,,0,,0,16556,0
1773716733,1,,1,3295,2,9974,3,300,4,0,5,0,6,0,7,1598,8,500,9,287,10,602,11,0,,0,,0,,0,,0,,0,,0,,0,,0,,0,,0,,0,16556,0
1773716734,1,,1,3295,2,9974,3,300,4,0,5,0,6,0,7,1598,8,500,9,287,10,602,11,0,,0,,0,,0,,0,,0,,0,,0,,0,,0,,0,,0,16556,0
1773716735,1,,1,3295,2,9974,3,300,4,0,5,0,6,0,7,1598,8,500,9,287,10,602,11,0,,0,,0,,0,,0,,0,,0,,0,,0,,0,,0,,0,16556,0
1773716736,1,,1,3295,2,9974,3,300,4,0,5,0,6,0,7,1598,8,500,9,287,10,602,11,0,,0,,0,,0,,0,,0,,0,,0,,0,,0,,0,,0,16556,0
1773716737,1,,1,3295,2,9974,3,300,4,0,5,0,6,0,7,1598,8,500,9,287,10,602,11,0,,0,,0,,0,,0,,0,,0,,0,,0,,0,,0,,0,16556,0
1773716738,1,,1,3295,2,9974,3,300,4,0,5,0,6,0,7,1598,8,500,9,287,10,602,11,0,,0,,0,,0,,0,,0,,0,,0,,0,,0,,0,,0,16556,0
1773716739,1,,1,3202,2,9974,3,300,4,0,5,0,6,0,7,1595,8,500,9,287,10,602,11,0,,0,,0,,0,,0,,0,,0,,0,,0,,0,,0,,0,16460,0
1773716740,1,,1,3202,2,9974,3,300,4,0,5,0,6,0,7,1595,8,500,9,287,10,602,11,0,,0,,0,,0,,0,,0,,0,,0,,0,,0,,0,,0,16460,0
1773716741,1,,1,3202,2,9974,3,300,4,0,5,0,6,0,7,1595,8,500,9,287,10,602,11,0,,0,,0,,0,,0,,0,,0,,0,,0,,0,,0,,0,16460,0
1773716742,1,,1,3202,2,9974,3,300,4,0,5,0,6,0,7,1595,8,500,9,287,10,602,11,0,,0,,0,,0,,0,,0,,0,,0,,0,,0,,0,,0,16460,0
1773716743,1,,1,3202,2,9974,3,300,4,0,5,0,6,0,7,1595,8,500,9,287,10,602,11,0,,0,,0,,0,,0,,0,,0,,0,,0,,0,,0,,0,16460,0
1773716744,1,,1,3202,2,9974,3,300,4,0,5,0,6,0,7,1595,8,500,9,287,10,602,11,0,,0,,0,,0,,0,,0,,0,,0,,0,,0,,0,,0,16460,0
1773716745,1,,1,3202,2,9974,3,300,4,0,5,0,6,0,7,1595,8,500,9,287,10,602,11,0,,0,,0,,0,,0,,0,,0,,0,,0,,0,,0,,0,16460,0
1773716746,1,,1,3202,2,9974,3,300,4,0,5,0,6,0,7,1595,8,500,9,287,10,602,11,0,,0,,0,,0,,0,,0,,0,,0,,0,,0,,0,,0,16460,0
1773716747,1,,1,3202,2,9974,3,300,4,0,5,0,6,0,7,1595,8,500,9,287,10,602,11,0,,0,,0,,0,,0,,0,,0,,0,,0,,0,,0,,0,16460,0
1773716748,1,,1,3202,2,9974,3,300,4,0,5,0,6,0,7,1595,8,500,9,287,10,602,11,0,,0,,0,,0,,0,,0,,0,,0,,0,,0,,0,,0,16460,0
1773716749,1,,1,3202,2,9974,3,300,4,0,5,0,6,0,7,1595,8,500,9,287,10,602,11,0,,0,,0,,0,,0,,0,,0,,0,,0,,0,,0,,0,16460,0
1773716750,1,,1,3202,2,9974,3,300,4,0,5,0,6,0,7,1595,8,500,9,287,10,602,11,0,,0,,0,,0,,0,,0,,0,,0,,0,,0,,0,,0,16460,0
1773716751,1,,1,3202,2,9974,3,300,4,0,5,0,6,0,7,1595,8,500,9,287,10,602,11,0,,0,,0,,0,,0,,0,,0,,0,,0,,0,,0,,0,16460,0
1773716752,1,,1,3202,2,9974,3,300,4,0,5,0,6,0,7,1595,8,500,9,287,10,602,11,0,,0,,0,,0,,0,,0,,0,,0,,0,,0,,0,,0,16460,0
1773716753,1,,1,3202,2,9974,3,300,4,0,5,0,6,0,7,1595,8,500,9,287,10,602,11,0,,0,,0,,0,,0,,0,,0,,0,,0,,0,,0,,0,16460,0
1773716754,1,,1,3202,2,9974,3,300,4,0,5,0,6,0,7,1595,8,500,9,287,10,602,11,0,,0,,0,,0,,0,,0,,0,,0,,0,,0,,0,,0,16460,0
1773716755,1,,1,3202,2,9974,3,300,4,0,5,0,6,0,7,1595,8,500,9,287,10,602,11,0,,0,,0,,0,,0,,0,,0,,0,,0,,0,,0,,0,16460,0
1773716756,1,,1,3202,2,9974,3,300,4,0,5,0,6,0,7,1595,8,500,9,287,10,602,11,0,,0,,0,,0,,0,,0,,0,,0,,0,,0,,0,,0,16460,0
1773716757,1,,1,3202,2,9974,3,300,4,0,5,0,6,0,7,1595,8,500,9,287,10,602,11,0,,0,,0,,0,,0,,0,,0,,0,,0,,0,,0,,0,16460,0
1773716758,1,,1,3202,2,9974,3,300,4,0,5,0,6,0,7,1595,8,500,9,287,10,602,11,0,,0,,0,,0,,0,,0,,0,,0,,0,,0,,0,,0,16460,0
1773716759,1,,1,3202,2,9974,3,300,4,0,5,0,6,0,7,1595,8,500,9,287,10,602,11,0,,0,,0,,0,,0,,0,,0,,0,,0,,0,,0,,0,16460,0
1773716760,1,,1,3202,2,9974,3,300,4,0,5,0,6,0,7,1595,8,500,9,287,10,602,11,0,,0,,0,,0,,0,,0,,0,,0,,0,,0,,0,,0,16460,0
1773716761,1,,1,3202,2,9974,3,300,4,0,5,0,6,0,7,1595,8,500,9,287,10,602,11,0,,0,,0,,0,,0,,0,,0,,0,,0,,0,,0,,0,16460,0
1773716762,1,,1,3202,2,9974,3,300,4,0,5,0,6,0,7,1595,8,500,9,287,10,602,11,0,,0,,0,,0,,0,,0,,0,,0,,0,,0,,0,,0,16460,0
1773716763,1,,1,3202,2,9974,3,300,4,0,5,0,6,0,7,1595,8,500,9,287,10,602,11,0,,0,,0,,0,,0,,0,,0,,0,,0,,0,,0,,0,16460,0
1773716764,1,,1,3202,2,9974,3,300,4,0,5,0,6,0,7,1595,8,500,9,287,10,602,11,0,,0,,0,,0,,0,,0,,0,,0,,0,,0,,0,,0,16460,0
1773716765,1,,1,3202,2,9974,3,300,4,0,5,0,6,0,7,1595,8,500,9,287,10,602,11,0,,0,,0,,0,,0,,0,,0,,0,,0,,0,,0,,0,16460,0
1773716766,1,,1,3202,2,9974,3,300,4,0,5,0,6,0,7,1595,8,500,9,287,10,602,11,0,,0,,0,,0,,0,,0,,0,,0,,0,,0,,0,,0,16460,0
1773716767,1,,1,3202,2,9974,3,300,4,0,5,0,6,0,7,1595,8,500,9,287,10,602,11,0,,0,,0,,0,,0,,0,,0,,0,,0,,0,,0,,0,16460,0
1773716768,1,,1,3202,2,9974,3,300,4,0,5,0,6,0,7,1595,8,500,9,287,10,602,11,0,,0,,0,,0,,0,,0,,0,,0,,0,,0,,0,,0,16460,0
1773716769,1,,1,3202,2,9974,3,300,4,0,5,0,6,0,7,1595,8,500,9,287,10,602,11,0,,0,,0,,0,,0,,0,,0,,0,,0,,0,,0,,0,16460,0
1773716770,1,,1,3202,2,9974,3,300,4,0,5,0,6,0,7,1595,8,500,9,287,10,602,11,0,,0,,0,,0,,0,,0,,0,,0,,0,,0,,0,,0,16460,0
1773716771,1,,1,3202,2,9974,3,300,4,0,5,0,6,0,7,1595,8,500,9,287,10,602,11,0,,0,,0,,0,,0,,0,,0,,0,,0,,0,,0,,0,16460,0
1773716772,1,,1,3202,2,9974,3,300,4,0,5,0,6,0,7,1595,8,500,9,287,10,602,11,0,,0,,0,,0,,0,,0,,0,,0,,0,,0,,0,,0,16460,0
1773716773,1,,1,3202,2,9974,3,300,4,0,5,0,6,0,7,1595,8,500,9,287,10,602,11,0,,0,,0,,0,,0,,0,,0,,0,,0,,0,,0,,0,16460,0
1773716774,1,,1,3202,2,9974,3,300,4,0,5,0,6,0,7,1595,8,500,9,287,10,602,11,0,,0,,0,,0,,0,,0,,0,,0,,0,,0,,0,,0,16460,0
1773716775,1,,1,3202,2,9974,3,300,4,0,5,0,6,0,7,1595,8,500,9,287,10,602,11,0,,0,,0,,0,,0,,0,,0,,0,,0,,0,,0,,0,16460,0
1773716776,1,,1,3202,2,9974,3,300,4,0,5,0,6,0,7,1595,8,500,9,287,10,602,11,0,,0,,0,,0,,0,,0,,0,,0,,0,,0,,0,,0,16460,0
1773716777,1,,1,3202,2,9974,3,300,4,0,5,0,6,0,7,1595,8,500,9,287,10,602,11,0,,0,,0,,0,,0,,0,,0,,0,,0,,0,,0,,0,16460,0
1773716778,1,,1,3202,2,9974,3,300,4,0,5,0,6,0,7,1595,8,500,9,287,10,602,11,0,,0,,0,,0,,0,,0,,0,,0,,0,,0,,0,,0,16460,0
1773716779,1,,1,3202,2,9974,3,300,4,0,5,0,6,0,7,1595,8,500,9,287,10,602,11,0,,0,,0,,0,,0,,0,,0,,0,,0,,0,,0,,0,16460,0
1773716780,1,,1,3202,2,9974,3,300,4,0,5,0,6,0,7,1595,8,500,9,287,10,602,11,0,,0,,0,,0,,0,,0,,0,,0,,0,,0,,0,,0,16460,0
1773716781,1,,1,3202,2,9974,3,300,4,0,5,0,6,0,7,1595,8,500,9,287,10,602,11,0,,0,,0,,0,,0,,0,,0,,0,,0,,0,,0,,0,16460,0
1773716782,1,,1,3202,2,9974,3,300,4,0,5,0,6,0,7,1595,8,500,9,287,10,602,11,0,,0,,0,,0,,0,,0,,0,,0,,0,,0,,0,,0,16460,0
1773716783,1,,1,3202,2,9974,3,300,4,0,5,0,6,0,7,1595,8,500,9,287,10,602,11,0,,0,,0,,0,,0,,0,,0,,0,,0,,0,,0,,0,16460,0
1773716784,1,,1,3202,2,9974,3,300,4,0,5,0,6,0,7,1595,8,500,9,287,10,602,11,0,,0,,0,,0,,0,,0,,0,,0,,0,,0,,0,,0,16460,0
1773716785,1,,1,3202,2,9974,3,300,4,0,5,0,6,0,7,1595,8,500,9,287,10,602,11,0,,0,,0,,0,,0,,0,,0,,0,,0,,0,,0,,0,16460,0
1773716786,1,,1,3202,2,9974,3,300,4,0,5,0,6,0,7,1595,8,500,9,287,10,602,11,0,,0,,0,,0,,0,,0,,0,,0,,0,,0,,0,,0,16460,0
1773716787,1,,1,3202,2,9974,3,300,4,0,5,0,6,0,7,1595,8,500,9,287,10,602,11,0,,0,,0,,0,,0,,0,,0,,0,,0,,0,,0,,0,16460,0
1773716788,1,,1,3202,2,9974,3,300,4,0,5,0,6,0,7,1595,8,500,9,287,10,602,11,0,,0,,0,,0,,0,,0,,0,,0,,0,,0,,0,,0,16460,0
1773716789,1,,1,3202,2,9974,3,300,4,0,5,0,6,0,7,1595,8,500,9,287,10,602,11,0,,0,,0,,0,,0,,0,,0,,0,,0,,0,,0,,0,16460,0
1773716790,1,,1,3202,2,9974,3,300,4,0,5,0,6,0,7,1595,8,500,9,287,10,602,11,0,,0,,0,,0,,0,,0,,0,,0,,0,,0,,0,,0,16460,0
1773716791,1,,1,3202,2,9974,3,300,4,0,5,0,6,0,7,1595,8,500,9,287,10,602,11,0,,0,,0,,0,,0,,0,,0,,0,,0,,0,,0,,0,16460,0
1773716792,1,,1,3202,2,9974,3,300,4,0,5,0,6,0,7,1595,8,500,9,287,10,602,11,0,,0,,0,,0,,0,,0,,0,,0,,0,,0,,0,,0,16460,0
1773716793,1,,1,3202,2,9974,3,300,4,0,5,0,6,0,7,1595,8,500,9,287,10,602,11,0,,0,,0,,0,,0,,0,,0,,0,,0,,0,,0,,0,16460,0
1773716794,1,,1,3202,2,9974,3,300,4,0,5,0,6,0,7,1595,8,500,9,287,10,602,11,0,,0,,0,,0,,0,,0,,0,,0,,0,,0,,0,,0,16460,0
1773716795,1,,1,3202,2,9974,3,300,4,0,5,0,6,0,7,1595,8,500,9,287,10,602,11,0,,0,,0,,0,,0,,0,,0,,0,,0,,0,,0,,0,16460,0
1773716796,1,,1,3202,2,9974,3,300,4,0,5,0,6,0,7,1595,8,500,9,287,10,602,11,0,,0,,0,,0,,0,,0,,0,,0,,0,,0,,0,,0,16460,0
1773716797,1,,1,3202,2,9974,3,300,4,0,5,0,6,100,7,1595,8,500,9,287,10,602,11,0,,0,,0,,0,,0,,0,,0,,0,,0,,0,,0,,0,16560,0
1773716798,1,,1,3202,2,9974,3,300,4,0,5,0,6,100,7,1595,8,500,9,287,10,602,11,0,,0,,0,,0,,0,,0,,0,,0,,0,,0,,0,,0,16560,0
1773716799,1,,1,3202,2,9974,3,300,4,0,5,0,6,100,7,1595,8,500,9,287,10,602,11,0,,0,,0,,0,,0,,0,,0,,0,,0,,0,,0,,0,16560,0
1773716800,1,,1,3202,2,9974,3,300,4,0,5,0,6,100,7,1595,8,500,9,287,10,602,11,0,,0,,0,,0,,0,,0,,0,,0,,0,,0,,0,,0,16560,0
1773716801,1,,1,2735,2,9974,3,300,4,0,5,0,6,100,7,1588,8,500,9,287,10,602,11,0,,0,,0,,0,,0,,0,,0,,0,,0,,0,,0,,0,16086,0
1773716802,1,,1,2735,2,9974,3,300,4,0,5,0,6,100,7,1588,8,500,9,287,10,602,11,0,,0,,0,,0,,0,,0,,0,,0,,0,,0,,0,,0,16086,0
1773716803,1,,1,2735,2,9974,3,300,4,0,5,0,6,100,7,1588,8,500,9,287,10,602,11,0,,0,,0,,0,,0,,0,,0,,0,,0,,0,,0,,0,16086,0
1773716804,1,,1,2735,2,9974,3,300,4,0,5,0,6,100,7,1588,8,500,9,287,10,602,11,0,,0,,0,,0,,0,,0,,0,,0,,0,,0,,0,,0,16086,0
1773716805,1,,1,2735,2,9974,3,300,4,0,5,0,6,100,7,1588,8,500,9,287,10,602,11,0,,0,,0,,0,,0,,0,,0,,0,,0,,0,,0,,0,16086,0
1773716806,1,,1,2735,2,9974,3,300,4,0,5,0,6,100,7,1588,8,500,9,287,10,602,11,0,,0,,0,,0,,0,,0,,0,,0,,0,,0,,0,,0,16086,0
1773716807,1,,1,2735,2,9974,3,300,4,0,5,0,6,100,7,1588,8,500,9,287,10,602,11,0,,0,,0,,0,,0,,0,,0,,0,,0,,0,,0,,0,16086,0
1773716808,1,,1,2735,2,9974,3,300,4,0,5,0,6,100,7,1588,8,500,9,287,10,602,11,0,,0,,0,,0,,0,,0,,0,,0,,0,,0,,0,,0,16086,0
1773716809,1,,1,2735,2,9974,3,300,4,0,5,0,6,100,7,1588,8,500,9,287,10,602,11,0,,0,,0,,0,,0,,0,,0,,0,,0,,0,,0,,0,16086,0
1773716810,1,,1,2735,2,9974,3,300,4,0,5,0,6,100,7,1588,8,500,9,287,10,602,11,0,,0,,0,,0,,0,,0,,0,,0,,0,,0,,0,,0,16086,0
1773716811,1,,1,2735,2,9974,3,300,4,0,5,0,6,100,7,1588,8,500,9,287,10,602,11,0,,0,,0,,0,,0,,0,,0,,0,,0,,0,,0,,0,16086,0
1773716812,1,,1,2735,2,9974,3,300,4,0,5,0,6,100,7,1588,8,500,9,287,10,602,11,0,,0,,0,,0,,0,,0,,0,,0,,0,,0,,0,,0,16086,0
1773716813,1,,1,2735,2,9974,3,300,4,0,5,0,6,100,7,1588,8,500,9,287,10,602,11,0,,0,,0,,0,,0,,0,,0,,0,,0,,0,,0,,0,16086,0
1773716814,1,,1,2735,2,9974,3,300,4,0,5,0,6,100,7,1587,8,500,9,287,10,602,11,0,,0,,0,,0,,0,,0,,0,,0,,0,,0,,0,,0,16085,0
1773716815,1,,1,2735,2,9974,3,300,4,0,5,0,6,100,7,1587,8,500,9,287,10,602,11,0,,0,,0,,0,,0,,0,,0,,0,,0,,0,,0,,0,16085,0
1773716816,1,,1,2735,2,9974,3,300,4,0,5,0,6,100,7,1587,8,500,9,287,10,602,11,0,,0,,0,,0,,0,,0,,0,,0,,0,,0,,0,,0,16085,0
1773716817,1,,1,2735,2,9974,3,300,4,0,5,0,6,100,7,1587,8,500,9,287,10,602,11,0,,0,,0,,0,,0,,0,,0,,0,,0,,0,,0,,0,16085,0
1773716818,1,,1,2735,2,9974,3,300,4,0,5,0,6,100,7,1587,8,500,9,287,10,602,11,0,,0,,0,,0,,0,,0,,0,,0,,0,,0,,0,,0,16085,0
1773716819,1,,1,2735,2,9974,3,300,4,0,5,0,6,100,7,1587,8,500,9,287,10,602,11,0,,0,,0,,0,,0,,0,,0,,0,,0,,0,,0,,0,16085,0
1773716820,1,,1,2735,2,9974,3,300,4,0,5,0,6,100,7,1587,8,500,9,287,10,602,11,0,,0,,0,,0,,0,,0,,0,,0,,0,,0,,0,,0,16085,0
1773716821,1,,1,1784,2,9974,3,300,4,0,5,0,6,100,7,1586,8,500,9,287,10,602,11,0,,0,,0,,0,,0,,0,,0,,0,,0,,0,,0,,0,15133,0
1773716822,1,,1,1784,2,9974,3,300,4,0,5,0,6,100,7,1586,8,500,9,287,10,602,11,0,,0,,0,,0,,0,,0,,0,,0,,0,,0,,0,,0,15133,0
1773716823,1,,1,1784,2,9974,3,300,4,0,5,0,6,100,7,1586,8,500,9,287,10,602,11,0,,0,,0,,0,,0,,0,,0,,0,,0,,0,,0,,0,15133,0
1773716824,1,,1,1784,2,9974,3,320,4,0,5,0,6,100,7,1586,8,500,9,287,10,602,11,0,,0,,0,,0,,0,,0,,0,,0,,0,,0,,0,,0,15153,0
1773716825,1,,1,1784,2,9974,3,350,4,0,5,0,6,100,7,1586,8,500,9,287,10,602,11,0,,0,,0,,0,,0,,0,,0,,0,,0,,0,,0,,0,15183,0
1773716826,1,,1,1784,2,9974,3,350,4,0,5,0,6,100,7,1586,8,500,9,287,10,602,11,0,,0,,0,,0,,0,,0,,0,,0,,0,,0,,0,,0,15183,0
1773716827,1,,1,1784,2,9974,3,350,4,0,5,0,6,100,7,1586,8,500,9,287,10,602,11,0,,0,,0,,0,,0,,0,,0,,0,,0,,0,,0,,0,15183,0
1773716828,1,,1,1784,2,9974,3,350,4,0,5,0,6,100,7,1586,8,500,9,287,10,602,11,0,,0,,0,,0,,0,,0,,0,,0,,0,,0,,0,,0,15183,0
1773716829,1,,1,1784,2,9974,3,350,4,0,5,0,6,100,7,1586,8,500,9,287,10,602,11,0,,0,,0,,0,,0,,0,,0,,0,,0,,0,,0,,0,15183,0
1773716830,1,,1,1784,2,9974,3,350,4,0,5,0,6,100,7,1585,8,500,9,287,10,602,11,0,,0,,0,,0,,0,,0,,0,,0,,0,,0,,0,,0,15182,0
1773716831,1,,1,1784,2,9974,3,350,4,0,5,0,6,100,7,1585,8,500,9,287,10,602,11,0,,0,,0,,0,,0,,0,,0,,0,,0,,0,,0,,0,15182,0
1773716832,1,,1,1784,2,9974,3,350,4,0,5,0,6,100,7,1585,8,500,9,287,10,602,11,0,,0,,0,,0,,0,,0,,0,,0,,0,,0,,0,,0,15182,0
1773716833,1,,1,1317,2,9974,3,350,4,0,5,0,6,100,7,1585,8,500,9,287,10,602,11,0,,0,,0,,0,,0,,0,,0,,0,,0,,0,,0,,0,14715,0
1773716834,1,,1,1317,2,9974,3,350,4,0,5,0,6,100,7,1585,8,500,9,287,10,602,11,0,,0,,0,,0,,0,,0,,0,,0,,0,,0,,0,,0,14715,0
1773716835,1,,1,317,2,9974,3,350,4,0,5,0,6,100,7,1585,8,500,9,287,10,602,11,0,,0,,0,,0,,0,,0,,0,,0,,0,,0,,0,,0,13715,0
1773716836,1,,1,317,2,9974,3,350,4,0,5,0,6,100,7,1585,8,500,9,287,10,602,11,0,,0,,0,,0,,0,,0,,0,,0,,0,,0,,0,,0,13715,0
1773716837,2,,2,9974,3,350,4,0,5,0,6,100,7,1584,8,500,9,287,10,602,11,0,12,652,,0,,0,,0,,0,,0,,0,,0,,0,,0,,0,,0,14049,0
1773716838,2,,2,9974,3,350,4,0,5,0,6,100,7,1584,8,500,9,287,10,602,11,0,12,652,,0,,0,,0,,0,,0,,0,,0,,0,,0,,0,,0,14049,0
1773716839,2,,2,9974,3,350,4,0,5,0,6,100,7,1584,8,500,9,287,10,602,11,0,12,652,,0,,0,,0,,0,,0,,0,,0,,0,,0,,0,,0,14049,0
1773716840,2,,2,9974,3,350,4,0,5,0,6,100,7,1584,8,500,9,287,10,602,11,0,12,652,,0,,0,,0,,0,,0,,0,,0,,0,,0,,0,,0,14049,0
1773716841,2,,2,9974,3,350,4,0,5,0,6,100,7,1584,8,500,9,287,10,602,11,0,12,652,,0,,0,,0,,0,,0,,0,,0,,0,,0,,0,,0,14049,0
1773716842,2,,2,9974,3,350,4,0,5,0,6,100,7,1584,8,500,9,287,10,602,11,0,12,652,,0,,0,,0,,0,,0,,0,,0,,0,,0,,0,,0,14049,0
1773716843,2,,2,10925,3,350,4,0,5,0,6,100,7,1584,8,500,9,287,10,602,11,0,12,652,,0,,0,,0,,0,,0,,0,,0,,0,,0,,0,,0,15000,0
1773716844,2,,2,10925,3,350,4,0,5,0,6,100,7,1584,8,500,9,287,10,602,11,0,12,652,,0,,0,,0,,0,,0,,0,,0,,0,,0,,0,,0,15000,0
1773716845,2,,2,10925,3,350,4,0,5,0,6,100,7,1584,8,500,9,287,10,602,11,0,12,652,,0,,0,,0,,0,,0,,0,,0,,0,,0,,0,,0,15000,0
1773716846,2,,2,10925,3,350,4,0,5,0,6,100,7,1584,8,500,9,287,10,602,11,0,12,652,,0,,0,,0,,0,,0,,0,,0,,0,,0,,0,,0,15000,0
1773716847,2,,2,10925,3,350,4,0,5,0,6,100,7,1584,8,500,9,287,10,602,11,0,12,652,,0,,0,,0,,0,,0,,0,,0,,0,,0,,0,,0,15000,0
1773716848,2,,2,10925,3,350,4,0,5,0,6,100,7,1583,8,500,9,287,10,602,11,0,12,652,,0,,0,,0,,0,,0,,0,,0,,0,,0,,0,,0,14999,0
1773716849,2,,2,10925,3,350,4,0,5,0,6,100,7,1583,8,500,9,287,10,602,11,0,12,652,,0,,0,,0,,0,,0,,0,,0,,0,,0,,0,,0,14999,0
1773716850,2,,2,10925,3,350,4,0,5,0,6,100,7,1583,8,500,9,287,10,602,11,0,12,652,,0,,0,,0,,0,,0,,0,,0,,0,,0,,0,,0,14999,0
1773716851,2,,2,10925,3,350,4,0,5,0,6,100,7,1583,8,500,9,287,10,602,11,0,12,652,,0,,0,,0,,0,,0,,0,,0,,0,,0,,0,,0,14999,0
1773716852,2,,2,10925,3,350,4,0,5,0,6,100,7,1583,8,500,9,287,10,602,11,0,12,652,,0,,0,,0,,0,,0,,0,,0,,0,,0,,0,,0,14999,0
1773716853,2,,2,10925,3,350,4,0,5,0,6,100,7,1583,8,500,9,287,10,602,11,0,12,652,,0,,0,,0,,0,,0,,0,,0,,0,,0,,0,,0,14999,0
1773716854,2,,2,10925,3,350,4,0,5,0,6,100,7,1583,8,500,9,287,10,602,11,0,12,652,,0,,0,,0,,0,,0,,0,,0,,0,,0,,0,,0,14999,0
1773716855,2,,2,10925,3,350,4,0,5,0,6,100,7,1582,8,500,9,287,10,602,11,0,12,652,,0,,0,,0,,0,,0,,0,,0,,0,,0,,0,,0,14998,0
1773716856,2,,2,10925,3,350,4,0,5,0,6,100,7,1582,8,500,9,287,10,602,11,0,12,652,,0,,0,,0,,0,,0,,0,,0,,0,,0,,0,,0,14998,0
1773716857,2,,2,10925,3,350,4,0,5,0,6,100,7,1582,8,500,9,287,10,602,11,0,12,652,,0,,0,,0,,0,,0,,0,,0,,0,,0,,0,,0,14998,0
1773716858,2,,2,10925,3,350,4,0,5,0,6,100,7,1582,8,500,9,287,10,602,11,0,12,652,,0,,0,,0,,0,,0,,0,,0,,0,,0,,0,,0,14998,0
1773716859,2,,2,10925,3,350,4,0,5,0,6,100,7,1582,8,500,9,287,10,602,11,0,12,652,,0,,0,,0,,0,,0,,0,,0,,0,,0,,0,,0,14998,0
1773716860,2,,2,10925,3,350,4,0,5,0,6,100,7,1582,8,500,9,287,10,602,11,0,12,652,,0,,0,,0,,0,,0,,0,,0,,0,,0,,0,,0,14998,0
1773716861,2,,2,9925,3,350,4,0,5,0,6,100,7,1582,8,500,9,287,10,602,11,0,12,652,,0,,0,,0,,0,,0,,0,,0,,0,,0,,0,,0,13998,0
1773716862,2,,2,9975,3,300,4,0,5,0,6,100,7,1213,8,500,9,287,10,602,11,0,12,652,,0,,0,,0,,0,,0,,0,,0,,0,,0,,0,,0,13629,0
1773716863,2,,2,8508,3,300,4,0,5,0,6,100,7,1213,8,500,9,287,10,602,11,0,12,652,,0,,0,,0,,0,,0,,0,,0,,0,,0,,0,,0,12162,0
1773716864,2,,2,7041,3,300,4,0,5,0,6,100,7,894,8,500,9,287,10,602,11,0,12,652,,0,,0,,0,,0,,0,,0,,0,,0,,0,,0,,0,10376,0
1773716865,2,,2,7041,3,300,4,0,5,0,6,100,7,857,8,500,9,287,10,602,11,0,12,652,,0,,0,,0,,0,,0,,0,,0,,0,,0,,0,,0,10339,0
1773716866,2,,2,6041,3,300,4,0,5,0,6,100,7,857,8,500,9,287,10,602,11,0,12,652,,0,,0,,0,,0,,0,,0,,0,,0,,0,,0,,0,9339,0
1773716867,2,,2,5041,3,300,4,0,5,0,6,100,7,857,8,500,9,287,10,602,11,0,12,652,,0,,0,,0,,0,,0,,0,,0,,0,,0,,0,,0,8339,0
1773716868,2,,2,5041,3,300,4,0,5,0,6,100,7,857,8,500,9,287,10,602,11,0,12,652,,0,,0,,0,,0,,0,,0,,0,,0,,0,,0,,0,8339,0
1773716869,2,,2,5041,3,300,4,0,5,0,6,100,7,857,8,500,9,287,10,602,11,0,12,652,,0,,0,,0,,0,,0,,0,,0,,0,,0,,0,,0,8339,0
1773716870,2,,2,4041,3,300,4,0,5,0,6,100,7,857,8,500,9,287,10,602,11,0,12,652,,0,,0,,0,,0,,0,,0,,0,,0,,0,,0,,0,7339,0
1773716871,2,,2,4041,3,300,4,0,5,0,6,100,7,857,8,500,9,287,10,602,11,0,12,652,,0,,0,,0,,0,,0,,0,,0,,0,,0,,0,,0,7339,0
1773716872,2,,2,4041,3,300,4,0,5,0,6,100,7,857,8,500,9,287,10,602,11,0,12,652,,0,,0,,0,,0,,0,,0,,0,,0,,0,,0,,0,7339,0
1773716873,2,,2,3041,3,300,4,0,5,0,6,100,7,857,8,500,9,287,10,602,11,0,12,652,,0,,0,,0,,0,,0,,0,,0,,0,,0,,0,,0,6339,0
1773716874,2,,2,3041,3,300,4,0,5,0,6,100,7,857,8,500,9,287,10,602,11,0,12,652,,0,,0,,0,,0,,0,,0,,0,,0,,0,,0,,0,6339,0
1773716875,2,,2,3041,3,300,4,0,5,0,6,100,7,857,8,500,9,287,10,602,11,0,12,652,,0,,0,,0,,0,,0,,0,,0,,0,,0,,0,,0,6339,0
1773716876,2,,2,2041,3,300,4,0,5,0,6,100,7,857,8,500,9,287,10,602,11,0,12,652,,0,,0,,0,,0,,0,,0,,0,,0,,0,,0,,0,5339,0
1773716877,2,,2,2041,3,300,4,0,5,0,6,100,7,857,8,500,9,287,10,602,11,0,12,652,,0,,0,,0,,0,,0,,0,,0,,0,,0,,0,,0,5339,0
1773716878,2,,2,2041,3,300,4,0,5,0,6,100,7,857,8,500,9,287,10,602,11,0,12,652,,0,,0,,0,,0,,0,,0,,0,,0,,0,,0,,0,5339,0
1773716879,2,1,2,1051,3,300,4,0,5,0,6,100,7,857,8,500,9,206,10,602,11,0,12,652,1,20,0,0,-1,0,-2,0,-3,0,-4,0,-5,0,-6,0,-7,0,-8,0,-9,0,4268,20
1773716880,2,1,2,1051,3,300,4,0,5,0,6,100,7,857,8,500,9,206,10,602,11,0,12,652,1,20,0,0,-1,0,-2,0,-3,0,-4,0,-5,0,-6,0,-7,0,-8,0,-9,0,4268,20
1773716881,2,1,2,51,3,500,4,0,5,500,6,100,7,857,8,500,9,206,10,602,11,0,12,652,1,20,0,0,-1,0,-2,0,-3,0,-4,0,-5,0,-6,0,-7,0,-8,0,-9,0,3968,20
1773716882,1,,1,20,2,21,3,500,4,0,5,500,6,100,7,857,8,500,9,282,10,602,11,0,,0,,0,,0,,0,,0,,0,,0,,0,,0,,0,,0,3382,0
1773716883,1,,1,20,2,21,3,500,4,0,5,500,6,100,7,857,8,500,9,282,10,602,11,0,,0,,0,,0,,0,,0,,0,,0,,0,,0,,0,,0,3382,0
1773716884,1,,1,20,2,21,3,500,4,0,5,500,6,100,7,857,8,500,9,282,10,602,11,0,,0,,0,,0,,0,,0,,0,,0,,0,,0,,0,,0,3382,0
1773716885,1,,1,20,2,21,3,500,4,0,5,500,6,100,7,857,8,500,9,282,10,602,11,0,,0,,0,,0,,0,,0,,0,,0,,0,,0,,0,,0,3382,0
1773716886,1,,1,20,2,21,3,500,4,0,5,500,6,100,7,857,8,500,9,282,10,602,11,0,,0,,0,,0,,0,,0,,0,,0,,0,,0,,0,,0,3382,0
1773716887,1,,1,20,2,21,3,500,4,0,5,500,6,100,7,857,8,500,9,282,10,602,11,0,,0,,0,,0,,0,,0,,0,,0,,0,,0,,0,,0,3382,0
1773716888,1,,1,20,2,21,3,500,4,0,5,500,6,100,7,857,8,500,9,282,10,602,11,0,,0,,0,,0,,0,,0,,0,,0,,0,,0,,0,,0,3382,0
1773716889,1,,1,20,2,21,3,500,4,0,5,500,6,100,7,857,8,500,9,282,10,602,11,0,,0,,0,,0,,0,,0,,0,,0,,0,,0,,0,,0,3382,0
1773716890,1,,1,20,2,21,3,500,4,0,5,500,6,100,7,857,8,500,9,282,10,602,11,0,,0,,0,,0,,0,,0,,0,,0,,0,,0,,0,,0,3382,0
1773716891,1,,1,20,2,21,3,500,4,0,5,500,6,100,7,857,8,500,9,282,10,602,11,0,,0,,0,,0,,0,,0,,0,,0,,0,,0,,0,,0,3382,0
1773716892,3,1,3,1684,4,0,5,500,6,100,7,857,8,500,9,206,10,602,11,0,12,652,13,0,1,20,0,0,-1,0,-2,0,-3,0,-4,0,-5,0,-6,0,-7,0,-8,0,-9,0,5101,20
1773716893,2,1,2,1235,3,459,4,0,5,500,6,100,7,857,8,500,9,206,10,602,11,0,12,652,1,20,0,0,-1,0,-2,0,-3,0,-4,0,-5,0,-6,0,-7,0,-8,0,-9,0,5111,20
1773716894,2,1,2,1235,3,459,4,0,5,500,6,100,7,857,8,500,9,206,10,602,11,0,12,652,1,20,0,0,-1,0,-2,0,-3,0,-4,0,-5,0,-6,0,-7,0,-8,0,-9,0,5111,20
1773716895,2,1,2,1235,3,459,4,0,5,500,6,100,7,857,8,500,9,206,10,602,11,0,12,652,1,20,0,0,-1,0,-2,0,-3,0,-4,0,-5,0,-6,0,-7,0,-8,0,-9,0,5111,20
1773716896,2,1,2,1235,3,459,4,0,5,500,6,100,7,857,8,500,9,206,10,602,11,0,12,652,1,20,0,0,-1,0,-2,0,-3,0,-4,0,-5,0,-6,0,-7,0,-8,0,-9,0,5111,20
1773716897,2,1,2,1235,3,459,4,0,5,500,6,100,7,857,8,500,9,206,10,602,11,0,12,652,1,20,0,0,-1,0,-2,0,-3,0,-4,0,-5,0,-6,0,-7,0,-8,0,-9,0,5111,20
1773716898,2,1,2,1235,3,459,4,0,5,500,6,100,7,857,8,500,9,206,10,602,11,0,12,652,1,20,0,0,-1,0,-2,0,-3,0,-4,0,-5,0,-6,0,-7,0,-8,0,-9,0,5111,20
1773716899,1,,1,80,2,1235,3,459,4,0,5,500,6,100,7,857,8,500,9,282,10,602,11,0,,0,,0,,0,,0,,0,,0,,0,,0,,0,,0,,0,4615,0
1773716900,1,,1,180,2,1225,3,459,4,0,5,500,6,100,7,857,8,500,9,282,10,602,11,0,,0,,0,,0,,0,,0,,0,,0,,0,,0,,0,,0,4705,0
1773716901,1,,1,180,2,1225,3,459,4,0,5,500,6,100,7,857,8,500,9,282,10,602,11,0,,0,,0,,0,,0,,0,,0,,0,,0,,0,,0,,0,4705,0
1773716902,1,,1,180,2,1245,3,459,4,0,5,500,6,100,7,857,8,500,9,282,10,602,11,0,,0,,0,,0,,0,,0,,0,,0,,0,,0,,0,,0,4725,0
1773716903,1,,1,180,2,1245,3,459,4,0,5,500,6,100,7,857,8,500,9,282,10,602,11,0,,0,,0,,0,,0,,0,,0,,0,,0,,0,,0,,0,4725,0
1773716904,1,,1,180,2,1245,3,459,4,0,5,500,6,100,7,857,8,500,9,282,10,602,11,0,,0,,0,,0,,0,,0,,0,,0,,0,,0,,0,,0,4725,0
1773716905,1,,1,180,2,1245,3,459,4,0,5,500,6,100,7,857,8,500,9,282,10,602,11,0,,0,,0,,0,,0,,0,,0,,0,,0,,0,,0,,0,4725,0
1773716906,1,,1,180,2,1245,3,459,4,0,5,500,6,100,7,857,8,500,9,282,10,602,11,0,,0,,0,,0,,0,,0,,0,,0,,0,,0,,0,,0,4725,0
1773716907,1,,1,180,2,1245,3,459,4,0,5,500,6,100,7,857,8,500,9,282,10,602,11,0,,0,,0,,0,,0,,0,,0,,0,,0,,0,,0,,0,4725,0
1773716908,2,,2,1245,3,459,4,0,5,500,6,100,7,857,8,500,9,282,10,602,11,0,12,652,,0,,0,,0,,0,,0,,0,,0,,0,,0,,0,,0,5197,0
1773716909,1,,1,100,2,1245,3,459,4,0,5,500,6,100,7,857,8,500,9,282,10,602,11,0,,0,,0,,0,,0,,0,,0,,0,,0,,0,,0,,0,4645,0
1773716910,1,,1,100,2,1245,3,459,4,0,5,500,6,100,7,857,8,500,9,282,10,602,11,0,,0,,0,,0,,0,,0,,0,,0,,0,,0,,0,,0,4645,0
1773716911,1,,1,100,2,1245,3,459,4,0,5,500,6,100,7,857,8,500,9,282,10,602,11,0,,0,,0,,0,,0,,0,,0,,0,,0,,0,,0,,0,4645,0
1773716912,1,,1,100,2,1245,3,459,4,0,5,500,6,100,7,857,8,500,9,282,10,602,11,0,,0,,0,,0,,0,,0,,0,,0,,0,,0,,0,,0,4645,0
1773716913,1,,1,100,2,1245,3,459,4,0,5,500,6,100,7,857,8,500,9,282,10,602,11,0,,0,,0,,0,,0,,0,,0,,0,,0,,0,,0,,0,4645,0
1773716914,1,,1,100,2,1245,3,2459,4,0,5,500,6,100,7,857,8,500,9,282,10,602,11,0,,0,,0,,0,,0,,0,,0,,0,,0,,0,,0,,0,6645,0
1773716915,1,,1,100,2,1245,3,2459,4,0,5,500,6,100,7,857,8,500,9,282,10,602,11,0,,0,,0,,0,,0,,0,,0,,0,,0,,0,,0,,0,6645,0
1773716916,1,,1,100,2,1245,3,2459,4,0,5,500,6,100,7,857,8,500,9,282,10,602,11,0,,0,,0,,0,,0,,0,,0,,0,,0,,0,,0,,0,6645,0
1773716917,1,,1,100,2,1245,3,2459,4,0,5,500,6,100,7,857,8,500,9,282,10,602,11,0,,0,,0,,0,,0,,0,,0,,0,,0,,0,,0,,0,6645,0
1773716918,2,,2,1245,3,2459,4,0,5,500,6,100,7,857,8,500,9,282,10,602,11,0,12,652,,0,,0,,0,,0,,0,,0,,0,,0,,0,,0,,0,7197,0
1773716919,2,,2,1245,3,2459,4,0,5,500,6,100,7,857,8,500,9,282,10,602,11,0,12,652,,0,,0,,0,,0,,0,,0,,0,,0,,0,,0,,0,7197,0
1773716920,2,,2,1245,3,2459,4,0,5,500,6,100,7,857,8,500,9,282,10,602,11,0,12,652,,0,,0,,0,,0,,0,,0,,0,,0,,0,,0,,0,7197,0
1773716921,2,,2,1245,3,2459,4,0,5,500,6,100,7,857,8,500,9,282,10,602,11,0,12,652,,0,,0,,0,,0,,0,,0,,0,,0,,0,,0,,0,7197,0
1773716922,2,,2,1245,3,2459,4,0,5,500,6,100,7,857,8,500,9,282,10,602,11,0,12,652,,0,,0,,0,,0,,0,,0,,0,,0,,0,,0,,0,7197,0
1773716923,2,,2,1245,3,2459,4,0,5,500,6,100,7,857,8,500,9,282,10,602,11,0,12,652,,0,,0,,0,,0,,0,,0,,0,,0,,0,,0,,0,7197,0
1773716924,2,,2,1245,3,2459,4,0,5,500,6,100,7,857,8,500,9,282,10,602,11,0,12,652,,0,,0,,0,,0,,0,,0,,0,,0,,0,,0,,0,7197,0
1773716925,2,,2,1245,3,2459,4,0,5,500,6,100,7,857,8,500,9,282,10,602,11,0,12,652,,0,,0,,0,,0,,0,,0,,0,,0,,0,,0,,0,7197,0
1773716926,2,,2,1245,3,2459,4,0,5,500,6,100,7,857,8,500,9,282,10,602,11,0,12,652,,0,,0,,0,,0,,0,,0,,0,,0,,0,,0,,0,7197,0
1773716927,2,,2,1245,3,2459,4,0,5,500,6,100,7,857,8,500,9,282,10,602,11,0,12,652,,0,,0,,0,,0,,0,,0,,0,,0,,0,,0,,0,7197,0
1773716928,2,,2,1245,3,2459,4,0,5,500,6,100,7,857,8,500,9,282,10,602,11,0,12,652,,0,,0,,0,,0,,0,,0,,0,,0,,0,,0,,0,7197,0
1773716929,2,,2,1245,3,2459,4,0,5,500,6,100,7,857,8,500,9,282,10,602,11,0,12,652,,0,,0,,0,,0,,0,,0,,0,,0,,0,,0,,0,7197,0
1773716930,2,,2,1245,3,2459,4,0,5,500,6,100,7,857,8,500,9,282,10,602,11,0,12,652,,0,,0,,0,,0,,0,,0,,0,,0,,0,,0,,0,7197,0
1773716931,2,,2,1245,3,2459,4,0,5,500,6,100,7,857,8,500,9,282,10,602,11,0,12,652,,0,,0,,0,,0,,0,,0,,0,,0,,0,,0,,0,7197,0
1773716932,2,,2,1245,3,2459,4,0,5,500,6,100,7,857,8,500,9,282,10,602,11,0,12,652,,0,,0,,0,,0,,0,,0,,0,,0,,0,,0,,0,7197,0
1773716933,2,,2,1245,3,2459,4,0,5,500,6,100,7,857,8,500,9,282,10,602,11,0,12,652,,0,,0,,0,,0,,0,,0,,0,,0,,0,,0,,0,7197,0
1773716934,2,,2,1245,3,2459,4,0,5,500,6,100,7,857,8,500,9,282,10,602,11,0,12,652,,0,,0,,0,,0,,0,,0,,0,,0,,0,,0,,0,7197,0
1773716935,2,,2,1245,3,2459,4,0,5,500,6,100,7,857,8,500,9,282,10,602,11,0,12,652,,0,,0,,0,,0,,0,,0,,0,,0,,0,,0,,0,7197,0
1773716936,2,,2,1245,3,2459,4,0,5,500,6,100,7,857,8,500,9,282,10,602,11,0,12,652,,0,,0,,0,,0,,0,,0,,0,,0,,0,,0,,0,7197,0
1773716937,2,,2,1245,3,2459,4,0,5,500,6,100,7,857,8,500,9,282,10,602,11,0,12,652,,0,,0,,0,,0,,0,,0,,0,,0,,0,,0,,0,7197,0
1773716938,2,,2,1245,3,2459,4,0,5,500,6,100,7,857,8,500,9,282,10,602,11,0,12,652,,0,,0,,0,,0,,0,,0,,0,,0,,0,,0,,0,7197,0
1773716939,2,,2,1245,3,2459,4,0,5,500,6,100,7,857,8,500,9,282,10,602,11,0,12,652,,0,,0,,0,,0,,0,,0,,0,,0,,0,,0,,0,7197,0
1773716940,2,,2,1245,3,2459,4,0,5,500,6,100,7,857,8,500,9,282,10,602,11,0,12,652,,0,,0,,0,,0,,0,,0,,0,,0,,0,,0,,0,7197,0
1773716941,2,,2,1245,3,2459,4,0,5,500,6,100,7,857,8,500,9,282,10,602,11,0,12,652,,0,,0,,0,,0,,0,,0,,0,,0,,0,,0,,0,7197,0
1773716942,2,,2,1245,3,2459,4,0,5,500,6,100,7,857,8,500,9,282,10,602,11,0,12,652,,0,,0,,0,,0,,0,,0,,0,,0,,0,,0,,0,7197,0
1773716943,2,,2,1245,3,2459,4,0,5,500,6,100,7,857,8,500,9,282,10,602,11,0,12,652,,0,,0,,0,,0,,0,,0,,0,,0,,0,,0,,0,7197,0
1773716944,2,,2,1012,3,2259,4,0,5,0,6,100,7,694,8,0,9,282,10,602,11,0,12,652,,0,,0,,0,,0,,0,,0,,0,,0,,0,,0,,0,5601,0
1773716945,2,,2,1012,3,2259,4,0,5,0,6,100,7,694,8,0,9,282,10,602,11,0,12,652,,0,,0,,0,,0,,0,,0,,0,,0,,0,,0,,0,5601,0
1773716946,2,,2,1012,3,2259,4,0,5,0,6,100,7,694,8,0,9,282,10,602,11,0,12,652,,0,,0,,0,,0,,0,,0,,0,,0,,0,,0,,0,5601,0
1773716947,2,,2,1012,3,2259,4,0,5,0,6,100,7,694,8,0,9,282,10,602,11,0,12,652,,0,,0,,0,,0,,0,,0,,0,,0,,0,,0,,0,5601,0
1773716948,2,,2,1012,3,2259,4,0,5,0,6,100,7,694,8,0,9,282,10,602,11,0,12,652,,0,,0,,0,,0,,0,,0,,0,,0,,0,,0,,0,5601,0
1773716949,2,,2,1012,3,2259,4,0,5,0,6,100,7,694,8,0,9,282,10,602,11,0,12,652,,0,,0,,0,,0,,0,,0,,0,,0,,0,,0,,0,5601,0
1773716950,2,,2,1012,3,2259,4,0,5,0,6,100,7,694,8,0,9,282,10,602,11,0,12,652,,0,,0,,0,,0,,0,,0,,0,,0,,0,,0,,0,5601,0
1773716951,2,,2,1012,3,2259,4,0,5,0,6,100,7,694,8,0,9,282,10,602,11,0,12,652,,0,,0,,0,,0,,0,,0,,0,,0,,0,,0,,0,5601,0
1773716952,2,,2,1012,3,2259,4,0,5,0,6,100,7,694,8,0,9,282,10,602,11,0,12,652,,0,,0,,0,,0,,0,,0,,0,,0,,0,,0,,0,5601,0
1773716953,2,,2,1012,3,2259,4,0,5,0,6,100,7,694,8,0,9,282,10,602,11,0,12,652,,0,,0,,0,,0,,0,,0,,0,,0,,0,,0,,0,5601,0
1773716954,2,,2,1012,3,2259,4,0,5,0,6,100,7,694,8,0,9,282,10,602,11,0,12,652,,0,,0,,0,,0,,0,,0,,0,,0,,0,,0,,0,5601,0
1773716955,2,,2,20,3,2259,4,0,5,0,6,100,7,0,8,910,9,282,10,602,11,0,12,652,,0,,0,,0,,0,,0,,0,,0,,0,,0,,0,,0,4825,0
1773716956,2,,2,171,3,2259,4,0,5,0,6,100,7,0,8,917,9,282,10,602,11,0,12,652,,0,,0,,0,,0,,0,,0,,0,,0,,0,,0,,0,4983,0
1773716957,2,,2,171,3,2259,4,0,5,0,6,100,7,0,8,917,9,282,10,602,11,0,12,652,,0,,0,,0,,0,,0,,0,,0,,0,,0,,0,,0,4983,0
1773716958,2,,2,171,3,2259,4,0,5,0,6,100,7,0,8,917,9,282,10,602,11,0,12,652,,0,,0,,0,,0,,0,,0,,0,,0,,0,,0,,0,4983,0
1773716959,2,,2,171,3,2259,4,0,5,0,6,100,7,0,8,917,9,282,10,602,11,0,12,652,,0,,0,,0,,0,,0,,0,,0,,0,,0,,0,,0,4983,0
1773716960,2,,2,171,3,2259,4,0,5,0,6,100,7,0,8,917,9,282,10,602,11,0,12,652,,0,,0,,0,,0,,0,,0,,0,,0,,0,,0,,0,4983,0
1773716961,2,,2,171,3,2259,4,0,5,0,6,100,7,0,8,917,9,282,10,602,11,0,12,652,,0,,0,,0,,0,,0,,0,,0,,0,,0,,0,,0,4983,0
1773716962,2,,2,171,3,2259,4,0,5,0,6,100,7,0,8,917,9,282,10,602,11,0,12,652,,0,,0,,0,,0,,0,,0,,0,,0,,0,,0,,0,4983,0
1773716963,2,,2,171,3,2259,4,0,5,0,6,100,7,0,8,917,9,282,10,602,11,0,12,652,,0,,0,,0,,0,,0,,0,,0,,0,,0,,0,,0,4983,0
1773716964,2,,2,171,3,2259,4,0,5,0,6,100,7,0,8,917,9,282,10,602,11,0,12,652,,0,,0,,0,,0,,0,,0,,0,,0,,0,,0,,0,4983,0
1773716965,2,,2,171,3,2259,4,0,5,0,6,100,7,0,8,917,9,282,10,602,11,0,12,652,,0,,0,,0,,0,,0,,0,,0,,0,,0,,0,,0,4983,0
1773716966,2,,2,171,3,2259,4,0,5,0,6,100,7,0,8,917,9,282,10,602,11,0,12,652,,0,,0,,0,,0,,0,,0,,0,,0,,0,,0,,0,4983,0
1773716967,2,,2,171,3,2259,4,0,5,0,6,100,7,0,8,917,9,282,10,602,11,0,12,652,,0,,0,,0,,0,,0,,0,,0,,0,,0,,0,,0,4983,0
1773716968,2,,2,171,3,2259,4,0,5,0,6,100,7,0,8,917,9,282,10,602,11,0,12,652,,0,,0,,0,,0,,0,,0,,0,,0,,0,,0,,0,4983,0
1773716969,2,,2,171,3,2259,4,0,5,0,6,100,7,0,8,917,9,282,10,602,11,0,12,652,,0,,0,,0,,0,,0,,0,,0,,0,,0,,0,,0,4983,0
1773716970,2,,2,171,3,2259,4,0,5,0,6,100,7,0,8,917,9,282,10,602,11,0,12,652,,0,,0,,0,,0,,0,,0,,0,,0,,0,,0,,0,4983,0
1773716971,2,,2,171,3,2259,4,0,5,0,6,100,7,0,8,917,9,282,10,602,11,0,12,652,,0,,0,,0,,0,,0,,0,,0,,0,,0,,0,,0,4983,0
1773716972,2,,2,171,3,2259,4,0,5,0,6,100,7,0,8,917,9,282,10,602,11,0,12,652,,0,,0,,0,,0,,0,,0,,0,,0,,0,,0,,0,4983,0
1773716973,2,,2,171,3,2259,4,0,5,0,6,100,7,0,8,917,9,282,10,602,11,0,12,652,,0,,0,,0,,0,,0,,0,,0,,0,,0,,0,,0,4983,0
1773716974,2,,2,171,3,2259,4,0,5,0,6,100,7,0,8,917,9,282,10,602,11,0,12,652,,0,,0,,0,,0,,0,,0,,0,,0,,0,,0,,0,4983,0
1773716975,2,,2,171,3,2259,4,0,5,0,6,100,7,0,8,917,9,282,10,602,11,0,12,652,,0,,0,,0,,0,,0,,0,,0,,0,,0,,0,,0,4983,0
1773716976,2,,2,171,3,2259,4,0,5,0,6,100,7,0,8,917,9,282,10,602,11,0,12,652,,0,,0,,0,,0,,0,,0,,0,,0,,0,,0,,0,4983,0
1773716977,2,,2,171,3,2259,4,0,5,0,6,100,7,0,8,917,9,282,10,602,11,0,12,652,,0,,0,,0,,0,,0,,0,,0,,0,,0,,0,,0,4983,0
1773716978,2,,2,171,3,2259,4,0,5,0,6,100,7,0,8,917,9,282,10,602,11,0,12,652,,0,,0,,0,,0,,0,,0,,0,,0,,0,,0,,0,4983,0
1773716979,2,,2,171,3,2259,4,0,5,0,6,100,7,0,8,917,9,282,10,602,11,0,12,652,,0,,0,,0,,0,,0,,0,,0,,0,,0,,0,,0,4983,0
1773716980,2,,2,171,3,2259,4,0,5,0,6,100,7,1568,8,0,9,282,10,602,11,0,12,652,,0,,0,,0,,0,,0,,0,,0,,0,,0,,0,,0,5634,0
1773716981,2,,2,171,3,2259,4,0,5,0,6,100,7,1568,8,500,9,282,10,602,11,0,12,652,,0,,0,,0,,0,,0,,0,,0,,0,,0,,0,,0,6134,0
1773716982,2,,2,171,3,2259,4,0,5,0,6,100,7,1568,8,500,9,282,10,602,11,0,12,652,,0,,0,,0,,0,,0,,0,,0,,0,,0,,0,,0,6134,0
1773716983,2,,2,171,3,2259,4,0,5,0,6,100,7,1568,8,500,9,282,10,602,11,0,12,652,,0,,0,,0,,0,,0,,0,,0,,0,,0,,0,,0,6134,0
1773716984,2,,2,171,3,2259,4,0,5,0,6,100,7,1568,8,500,9,282,10,602,11,0,12,652,,0,,0,,0,,0,,0,,0,,0,,0,,0,,0,,0,6134,0
1773716985,2,,2,171,3,2259,4,0,5,0,6,100,7,1568,8,500,9,282,10,602,11,0,12,652,,0,,0,,0,,0,,0,,0,,0,,0,,0,,0,,0,6134,0
1773716986,2,,2,171,3,2259,4,0,5,0,6,100,7,1568,8,500,9,282,10,602,11,0,12,652,,0,,0,,0,,0,,0,,0,,0,,0,,0,,0,,0,6134,0
1773716987,2,,2,171,3,2259,4,0,5,0,6,100,7,1568,8,500,9,282,10,602,11,0,12,652,,0,,0,,0,,0,,0,,0,,0,,0,,0,,0,,0,6134,0
1773716988,2,,2,171,3,2259,4,0,5,0,6,100,7,1568,8,500,9,282,10,602,11,0,12,652,,0,,0,,0,,0,,0,,0,,0,,0,,0,,0,,0,6134,0
1773716989,2,,2,171,3,2259,4,0,5,0,6,100,7,1568,8,500,9,282,10,602,11,0,12,652,,0,,0,,0,,0,,0,,0,,0,,0,,0,,0,,0,6134,0
1773716990,2,,2,171,3,2259,4,0,5,0,6,100,7,1568,8,500,9,282,10,602,11,0,12,652,,0,,0,,0,,0,,0,,0,,0,,0,,0,,0,,0,6134,0
1773716991,2,,2,171,3,2259,4,0,5,0,6,100,7,1568,8,500,9,282,10,602,11,0,12,652,,0,,0,,0,,0,,0,,0,,0,,0,,0,,0,,0,6134,0
1773716992,2,,2,171,3,2259,4,0,5,0,6,100,7,1568,8,500,9,282,10,602,11,0,12,652,,0,,0,,0,,0,,0,,0,,0,,0,,0,,0,,0,6134,0
1773716993,2,,2,171,3,2259,4,0,5,0,6,100,7,1568,8,500,9,282,10,602,11,0,12,652,,0,,0,,0,,0,,0,,0,,0,,0,,0,,0,,0,6134,0
1773716994,2,,2,171,3,2259,4,0,5,0,6,100,7,1568,8,500,9,282,10,602,11,0,12,652,,0,,0,,0,,0,,0,,0,,0,,0,,0,,0,,0,6134,0
1773716995,2,,2,171,3,2259,4,0,5,0,6,100,7,1568,8,500,9,282,10,602,11,0,12,652,,0,,0,,0,,0,,0,,0,,0,,0,,0,,0,,0,6134,0
1773716996,2,,2,171,3,2259,4,0,5,0,6,100,7,1568,8,500,9,282,10,602,11,0,12,652,,0,,0,,0,,0,,0,,0,,0,,0,,0,,0,,0,6134,0
1773716997,2,,2,171,3,2259,4,0,5,0,6,100,7,1568,8,500,9,282,10,602,11,0,12,652,,0,,0,,0,,0,,0,,0,,0,,0,,0,,0,,0,6134,0
1773716998,2,,2,171,3,2259,4,0,5,0,6,100,7,1568,8,500,9,282,10,602,11,0,12,652,,0,,0,,0,,0,,0,,0,,0,,0,,0,,0,,0,6134,0
1773716999,2,,2,671,3,2259,4,0,5,0,6,100,7,1566,8,500,9,282,10,602,11,0,12,652,,0,,0,,0,,0,,0,,0,,0,,0,,0,,0,,0,6632,0
1773717000,2,,2,671,3,2259,4,0,5,0,6,100,7,1566,8,500,9,282,10,602,11,0,12,652,,0,,0,,0,,0,,0,,0,,0,,0,,0,,0,,0,6632,0
1773717001,2,,2,671,3,2259,4,0,5,0,6,100,7,1566,8,500,9,282,10,602,11,0,12,652,,0,,0,,0,,0,,0,,0,,0,,0,,0,,0,,0,6632,0
1773717002,2,,2,671,3,2259,4,0,5,0,6,100,7,1566,8,500,9,282,10,602,11,0,12,652,,0,,0,,0,,0,,0,,0,,0,,0,,0,,0,,0,6632,0
1773717003,2,,2,671,3,2259,4,0,5,0,6,100,7,1566,8,500,9,282,10,602,11,0,12,652,,0,,0,,0,,0,,0,,0,,0,,0,,0,,0,,0,6632,0
1773717004,2,,2,671,3,2259,4,0,5,0,6,100,7,1566,8,500,9,282,10,602,11,0,12,652,,0,,0,,0,,0,,0,,0,,0,,0,,0,,0,,0,6632,0
1773717005,2,,2,671,3,2259,4,0,5,0,6,100,7,1566,8,500,9,282,10,602,11,0,12,652,,0,,0,,0,,0,,0,,0,,0,,0,,0,,0,,0,6632,0
1773717006,2,,2,671,3,2259,4,0,5,0,6,100,7,1566,8,500,9,282,10,602,11,0,12,652,,0,,0,,0,,0,,0,,0,,0,,0,,0,,0,,0,6632,0
1773717007,2,,2,671,3,2259,4,0,5,0,6,100,7,1566,8,500,9,282,10,602,11,0,12,652,,0,,0,,0,,0,,0,,0,,0,,0,,0,,0,,0,6632,0
1773717008,2,,2,671,3,2259,4,0,5,0,6,100,7,1566,8,500,9,282,10,602,11,0,12,652,,0,,0,,0,,0,,0,,0,,0,,0,,0,,0,,0,6632,0
1773717009,2,,2,671,3,2259,4,0,5,0,6,100,7,1566,8,500,9,282,10,602,11,0,12,652,,0,,0,,0,,0,,0,,0,,0,,0,,0,,0,,0,6632,0
1773717010,2,,2,671,3,2259,4,0,5,0,6,100,7,1566,8,500,9,282,10,602,11,0,12,652,,0,,0,,0,,0,,0,,0,,0,,0,,0,,0,,0,6632,0
1773717011,2,,2,671,3,2259,4,0,5,0,6,100,7,1566,8,500,9,282,10,602,11,0,12,652,,0,,0,,0,,0,,0,,0,,0,,0,,0,,0,,0,6632,0
1773717012,2,,2,671,3,2259,4,0,5,0,6,100,7,1566,8,500,9,282,10,602,11,0,12,652,,0,,0,,0,,0,,0,,0,,0,,0,,0,,0,,0,6632,0
1773717013,2,,2,671,3,2259,4,0,5,0,6,100,7,1566,8,500,9,282,10,602,11,0,12,652,,0,,0,,0,,0,,0,,0,,0,,0,,0,,0,,0,6632,0
1773717014,2,1,2,421,3,2259,4,0,5,0,6,100,7,1565,8,500,9,203,10,602,11,0,12,652,1,20,0,0,-1,0,-2,0,-3,0,-4,0,-5,0,-6,0,-7,0,-8,0,-9,0,6302,20
1773717015,2,1,2,431,3,2259,4,0,5,0,6,100,7,1565,8,500,9,203,10,602,11,0,12,652,1,20,0,0,-1,0,-2,0,-3,0,-4,0,-5,0,-6,0,-7,0,-8,0,-9,0,6312,20
1773717016,2,1,2,431,3,2259,4,0,5,0,6,100,7,1565,8,500,9,203,10,602,11,0,12,652,1,20,0,0,-1,0,-2,0,-3,0,-4,0,-5,0,-6,0,-7,0,-8,0,-9,0,6312,20
1773717017,2,1,2,431,3,2259,4,0,5,0,6,100,7,1565,8,500,9,203,10,602,11,0,12,652,1,20,0,0,-1,0,-2,0,-3,0,-4,0,-5,0,-6,0,-7,0,-8,0,-9,0,6312,20
1773717018,2,1,2,431,3,2259,4,0,5,0,6,100,7,1565,8,500,9,203,10,602,11,0,12,652,1,20,0,0,-1,0,-2,0,-3,0,-4,0,-5,0,-6,0,-7,0,-8,0,-9,0,6312,20
1773717019,2,1,2,431,3,2259,4,0,5,0,6,100,7,1565,8,500,9,203,10,602,11,0,12,652,1,20,0,0,-1,0,-2,0,-3,0,-4,0,-5,0,-6,0,-7,0,-8,0,-9,0,6312,20
1773717020,2,1,2,431,3,2259,4,0,5,0,6,100,7,1565,8,500,9,203,10,602,11,0,12,652,1,20,0,0,-1,0,-2,0,-3,0,-4,0,-5,0,-6,0,-7,0,-8,0,-9,0,6312,20
1773717021,2,1,2,431,3,2259,4,0,5,0,6,100,7,1565,8,500,9,203,10,602,11,0,12,652,1,20,0,0,-1,0,-2,0,-3,0,-4,0,-5,0,-6,0,-7,0,-8,0,-9,0,6312,20
1773717022,2,1,2,431,3,2259,4,0,5,0,6,100,7,1565,8,500,9,203,10,602,11,0,12,652,1,20,0,0,-1,0,-2,0,-3,0,-4,0,-5,0,-6,0,-7,0,-8,0,-9,0,6312,20
1773717023,2,1,2,431,3,2259,4,0,5,0,6,100,7,1565,8,500,9,203,10,602,11,0,12,652,1,20,0,0,-1,0,-2,0,-3,0,-4,0,-5,0,-6,0,-7,0,-8,0,-9,0,6312,20
1773717024,2,1,2,431,3,2259,4,0,5,0,6,100,7,1565,8,500,9,203,10,602,11,0,12,652,1,20,0,0,-1,0,-2,0,-3,0,-4,0,-5,0,-6,0,-7,0,-8,0,-9,0,6312,20
1773717025,2,1,2,431,3,2259,4,0,5,0,6,100,7,1565,8,500,9,203,10,602,11,0,12,652,1,20,0,0,-1,0,-2,0,-3,0,-4,0,-5,0,-6,0,-7,0,-8,0,-9,0,6312,20
1773717026,2,1,2,431,3,2259,4,0,5,0,6,100,7,1565,8,500,9,203,10,602,11,0,12,652,1,20,0,0,-1,0,-2,0,-3,0,-4,0,-5,0,-6,0,-7,0,-8,0,-9,0,6312,20
1773717027,2,1,2,431,3,2259,4,0,5,0,6,100,7,1565,8,500,9,203,10,602,11,0,12,652,1,20,0,0,-1,0,-2,0,-3,0,-4,0,-5,0,-6,0,-7,0,-8,0,-9,0,6312,20
1773717028,2,1,2,431,3,2259,4,0,5,0,6,100,7,1565,8,500,9,203,10,602,11,0,12,652,1,20,0,0,-1,0,-2,0,-3,0,-4,0,-5,0,-6,0,-7,0,-8,0,-9,0,6312,20
1773717029,2,1,2,431,3,2259,4,0,5,0,6,100,7,1565,8,500,9,203,10,602,11,0,12,652,1,20,0,0,-1,0,-2,0,-3,0,-4,0,-5,0,-6,0,-7,0,-8,0,-9,0,6312,20
1773717030,2,1,2,431,3,2259,4,0,5,0,6,100,7,1565,8,500,9,203,10,602,11,0,12,652,1,20,0,0,-1,0,-2,0,-3,0,-4,0,-5,0,-6,0,-7,0,-8,0,-9,0,6312,20
1773717031,2,1,2,531,3,2259,4,0,5,0,6,0,7,1563,8,500,9,203,10,602,11,0,12,652,1,20,0,0,-1,0,-2,0,-3,0,-4,0,-5,0,-6,0,-7,0,-8,0,-9,0,6310,20
1773717032,2,1,2,531,3,2259,4,0,5,0,6,0,7,1563,8,500,9,203,10,602,11,0,12,652,1,20,0,0,-1,0,-2,0,-3,0,-4,0,-5,0,-6,0,-7,0,-8,0,-9,0,6310,20
1773717033,2,1,2,531,3,2259,4,0,5,0,6,0,7,1563,8,500,9,203,10,602,11,0,12,652,1,20,0,0,-1,0,-2,0,-3,0,-4,0,-5,0,-6,0,-7,0,-8,0,-9,0,6310,20
1773717034,2,1,2,531,3,2259,4,0,5,0,6,0,7,1563,8,500,9,203,10,602,11,0,12,652,1,20,0,0,-1,0,-2,0,-3,0,-4,0,-5,0,-6,0,-7,0,-8,0,-9,0,6310,20
1773717035,2,1,2,531,3,2259,4,0,5,0,6,0,7,1562,8,500,9,203,10,602,11,0,12,652,1,20,0,0,-1,0,-2,0,-3,0,-4,0,-5,0,-6,0,-7,0,-8,0,-9,0,6309,20
1773717036,2,1,2,531,3,2259,4,0,5,0,6,0,7,1562,8,500,9,203,10,602,11,0,12,652,1,20,0,0,-1,0,-2,0,-3,0,-4,0,-5,0,-6,0,-7,0,-8,0,-9,0,6309,20
1773717037,2,1,2,531,3,2259,4,0,5,0,6,0,7,1562,8,500,9,203,10,602,11,0,12,652,1,20,0,0,-1,0,-2,0,-3,0,-4,0,-5,0,-6,0,-7,0,-8,0,-9,0,6309,20
1773717038,2,1,2,531,3,2259,4,0,5,0,6,0,7,1562,8,500,9,203,10,602,11,0,12,652,1,20,0,0,-1,0,-2,0,-3,0,-4,0,-5,0,-6,0,-7,0,-8,0,-9,0,6309,20
1773717039,2,1,2,531,3,2259,4,0,5,0,6,0,7,1562,8,500,9,203,10,602,11,0,12,652,1,20,0,0,-1,0,-2,0,-3,0,-4,0,-5,0,-6,0,-7,0,-8,0,-9,0,6309,20
1773717040,2,1,2,531,3,2259,4,0,5,0,6,0,7,1562,8,500,9,203,10,602,11,0,12,652,1,20,0,0,-1,0,-2,0,-3,0,-4,0,-5,0,-6,0,-7,0,-8,0,-9,0,6309,20
1773717041,2,1,2,531,3,2259,4,0,5,0,6,0,7,1562,8,500,9,203,10,602,11,0,12,652,1,20,0,0,-1,0,-2,0,-3,0,-4,0,-5,0,-6,0,-7,0,-8,0,-9,0,6309,20
1773717042,2,1,2,531,3,2259,4,0,5,0,6,0,7,1562,8,500,9,203,10,602,11,0,12,652,1,20,0,0,-1,0,-2,0,-3,0,-4,0,-5,0,-6,0,-7,0,-8,0,-9,0,6309,20
1773717043,2,1,2,531,3,2259,4,0,5,0,6,0,7,1562,8,500,9,203,10,602,11,0,12,652,1,20,0,0,-1,0,-2,0,-3,0,-4,0,-5,0,-6,0,-7,0,-8,0,-9,0,6309,20
1773717044,2,1,2,531,3,2259,4,0,5,0,6,0,7,1562,8,500,9,203,10,602,11,0,12,652,1,20,0,0,-1,0,-2,0,-3,0,-4,0,-5,0,-6,0,-7,0,-8,0,-9,0,6309,20
1773717045,2,1,2,531,3,2259,4,0,5,0,6,0,7,1562,8,500,9,203,10,602,11,0,12,652,1,20,0,0,-1,0,-2,0,-3,0,-4,0,-5,0,-6,0,-7,0,-8,0,-9,0,6309,20
1773717046,2,1,2,531,3,2259,4,0,5,0,6,0,7,1562,8,500,9,203,10,602,11,0,12,652,1,20,0,0,-1,0,-2,0,-3,0,-4,0,-5,0,-6,0,-7,0,-8,0,-9,0,6309,20
1773717047,2,1,2,531,3,2259,4,0,5,0,6,0,7,1562,8,500,9,203,10,602,11,0,12,652,1,20,0,0,-1,0,-2,0,-3,0,-4,0,-5,0,-6,0,-7,0,-8,0,-9,0,6309,20
1773717048,2,,2,551,3,2259,4,0,5,0,6,0,7,1561,8,500,9,278,10,602,11,0,12,652,,0,,0,,0,,0,,0,,0,,0,,0,,0,,0,,0,6403,0
1773717049,2,,2,551,3,2259,4,0,5,0,6,0,7,1561,8,500,9,278,10,602,11,0,12,652,,0,,0,,0,,0,,0,,0,,0,,0,,0,,0,,0,6403,0
1773717050,2,,2,541,3,2259,4,0,5,0,6,0,7,1561,8,500,9,278,10,602,11,0,12,652,,0,,0,,0,,0,,0,,0,,0,,0,,0,,0,,0,6393,0
1773717051,2,,2,541,3,2259,4,0,5,0,6,0,7,1561,8,500,9,278,10,602,11,0,12,652,,0,,0,,0,,0,,0,,0,,0,,0,,0,,0,,0,6393,0
1773717052,2,,2,541,3,2259,4,0,5,0,6,0,7,1561,8,500,9,278,10,602,11,0,12,652,,0,,0,,0,,0,,0,,0,,0,,0,,0,,0,,0,6393,0
1773717053,2,,2,541,3,2259,4,0,5,0,6,0,7,1561,8,500,9,278,10,602,11,0,12,652,,0,,0,,0,,0,,0,,0,,0,,0,,0,,0,,0,6393,0
1773717054,2,,2,541,3,2259,4,0,5,0,6,0,7,1561,8,500,9,278,10,602,11,0,12,652,,0,,0,,0,,0,,0,,0,,0,,0,,0,,0,,0,6393,0
1773717055,2,,2,541,3,2259,4,0,5,0,6,0,7,1561,8,500,9,278,10,602,11,0,12,652,,0,,0,,0,,0,,0,,0,,0,,0,,0,,0,,0,6393,0
1773717056,2,,2,541,3,2259,4,0,5,0,6,0,7,1561,8,500,9,278,10,602,11,0,12,652,,0,,0,,0,,0,,0,,0,,0,,0,,0,,0,,0,6393,0
1773717057,2,,2,541,3,2259,4,0,5,0,6,0,7,1561,8,500,9,278,10,602,11,0,12,652,,0,,0,,0,,0,,0,,0,,0,,0,,0,,0,,0,6393,0
1773717058,2,,2,541,3,2259,4,0,5,0,6,0,7,1561,8,500,9,278,10,602,11,0,12,652,,0,,0,,0,,0,,0,,0,,0,,0,,0,,0,,0,6393,0
1773717059,2,,2,541,3,2259,4,0,5,0,6,0,7,1561,8,500,9,278,10,602,11,0,12,652,,0,,0,,0,,0,,0,,0,,0,,0,,0,,0,,0,6393,0
1773717060,2,,2,541,3,2259,4,0,5,0,6,0,7,1561,8,500,9,278,10,602,11,0,12,652,,0,,0,,0,,0,,0,,0,,0,,0,,0,,0,,0,6393,0
1773717061,2,,2,541,3,2259,4,0,5,0,6,0,7,1561,8,500,9,278,10,602,11,0,12,652,,0,,0,,0,,0,,0,,0,,0,,0,,0,,0,,0,6393,0
1773717062,2,,2,541,3,2259,4,0,5,0,6,0,7,1561,8,500,9,278,10,602,11,0,12,652,,0,,0,,0,,0,,0,,0,,0,,0,,0,,0,,0,6393,0
1773717063,2,,2,541,3,2259,4,0,5,0,6,0,7,1561,8,500,9,278,10,602,11,0,12,652,,0,,0,,0,,0,,0,,0,,0,,0,,0,,0,,0,6393,0
1773717064,2,,2,541,3,2259,4,0,5,0,6,0,7,1561,8,500,9,278,10,602,11,0,12,652,,0,,0,,0,,0,,0,,0,,0,,0,,0,,0,,0,6393,0
1773717065,2,,2,541,3,2259,4,0,5,0,6,0,7,1561,8,500,9,278,10,602,11,0,12,652,,0,,0,,0,,0,,0,,0,,0,,0,,0,,0,,0,6393,0
1773717066,2,,2,546,3,2259,4,0,5,0,6,0,7,1559,8,500,9,278,10,602,11,0,12,652,,0,,0,,0,,0,,0,,0,,0,,0,,0,,0,,0,6396,0
1773717067,2,,2,546,3,2259,4,0,5,0,6,0,7,1559,8,500,9,278,10,602,11,0,12,652,,0,,0,,0,,0,,0,,0,,0,,0,,0,,0,,0,6396,0
1773717068,2,,2,546,3,2259,4,0,5,0,6,0,7,1559,8,500,9,278,10,602,11,0,12,652,,0,,0,,0,,0,,0,,0,,0,,0,,0,,0,,0,6396,0
1773717069,2,,2,546,3,2259,4,0,5,0,6,0,7,1559,8,500,9,278,10,602,11,0,12,652,,0,,0,,0,,0,,0,,0,,0,,0,,0,,0,,0,6396,0
1773717070,2,,2,546,3,2259,4,0,5,0,6,0,7,1559,8,500,9,278,10,602,11,0,12,652,,0,,0,,0,,0,,0,,0,,0,,0,,0,,0,,0,6396,0
1773717071,2,,2,546,3,2259,4,0,5,0,6,0,7,1559,8,500,9,278,10,602,11,0,12,652,,0,,0,,0,,0,,0,,0,,0,,0,,0,,0,,0,6396,0
1773717072,2,,2,546,3,2259,4,0,5,0,6,0,7,1559,8,500,9,278,10,602,11,0,12,652,,0,,0,,0,,0,,0,,0,,0,,0,,0,,0,,0,6396,0
1773717073,2,,2,546,3,2259,4,0,5,0,6,0,7,1559,8,500,9,278,10,602,11,0,12,652,,0,,0,,0,,0,,0,,0,,0,,0,,0,,0,,0,6396,0
1773717074,2,,2,546,3,2259,4,0,5,0,6,0,7,1559,8,500,9,278,10,602,11,0,12,652,,0,,0,,0,,0,,0,,0,,0,,0,,0,,0,,0,6396,0
1773717075,2,,2,546,3,2259,4,0,5,0,6,0,7,1559,8,500,9,278,10,602,11,0,12,652,,0,,0,,0,,0,,0,,0,,0,,0,,0,,0,,0,6396,0
1773717076,2,,2,546,3,2259,4,0,5,0,6,0,7,1559,8,500,9,278,10,602,11,0,12,652,,0,,0,,0,,0,,0,,0,,0,,0,,0,,0,,0,6396,0
1773717077,2,,2,546,3,2259,4,0,5,0,6,0,7,1559,8,500,9,278,10,602,11,0,12,652,,0,,0,,0,,0,,0,,0,,0,,0,,0,,0,,0,6396,0
1773717078,2,,2,546,3,2259,4,0,5,0,6,0,7,1559,8,500,9,278,10,602,11,0,12,652,,0,,0,,0,,0,,0,,0,,0,,0,,0,,0,,0,6396,0
1773717079,2,,2,546,3,2259,4,0,5,0,6,0,7,1559,8,500,9,278,10,602,11,0,12,652,,0,,0,,0,,0,,0,,0,,0,,0,,0,,0,,0,6396,0
1773717080,2,,2,546,3,2259,4,0,5,0,6,0,7,1559,8,500,9,278,10,602,11,0,12,652,,0,,0,,0,,0,,0,,0,,0,,0,,0,,0,,0,6396,0
1773717081,2,,2,546,3,2259,4,0,5,0,6,0,7,1559,8,500,9,278,10,602,11,0,12,652,,0,,0,,0,,0,,0,,0,,0,,0,,0,,0,,0,6396,0
1773717082,2,,2,313,3,2259,4,0,5,0,6,0,7,1557,8,500,9,278,10,602,11,0,12,652,,0,,0,,0,,0,,0,,0,,0,,0,,0,,0,,0,6161,0
1773717083,2,,2,313,3,2259,4,0,5,0,6,0,7,1557,8,500,9,278,10,602,11,0,12,652,,0,,0,,0,,0,,0,,0,,0,,0,,0,,0,,0,6161,0
1773717084,2,,2,313,3,2259,4,0,5,0,6,0,7,1557,8,500,9,278,10,602,11,0,12,652,,0,,0,,0,,0,,0,,0,,0,,0,,0,,0,,0,6161,0
1773717085,2,,2,313,3,2259,4,0,5,0,6,0,7,1557,8,500,9,278,10,602,11,0,12,652,,0,,0,,0,,0,,0,,0,,0,,0,,0,,0,,0,6161,0
1773717086,2,,2,313,3,2259,4,0,5,0,6,0,7,1557,8,500,9,278,10,602,11,0,12,652,,0,,0,,0,,0,,0,,0,,0,,0,,0,,0,,0,6161,0
1773717087,2,,2,313,3,2259,4,0,5,0,6,0,7,1557,8,500,9,278,10,602,11,0,12,652,,0,,0,,0,,0,,0,,0,,0,,0,,0,,0,,0,6161,0
1773717088,2,,2,313,3,2259,4,0,5,0,6,0,7,1557,8,500,9,278,10,602,11,0,12,652,,0,,0,,0,,0,,0,,0,,0,,0,,0,,0,,0,6161,0
1773717089,2,,2,413,3,2259,4,0,5,0,6,0,7,1556,8,500,9,278,10,602,11,0,12,652,,0,,0,,0,,0,,0,,0,,0,,0,,0,,0,,0,6260,0
1773717090,2,,2,388,3,2259,4,0,5,0,6,0,7,1556,8,500,9,278,10,602,11,0,12,652,,0,,0,,0,,0,,0,,0,,0,,0,,0,,0,,0,6235,0
1773717091,2,,2,288,3,2259,4,0,5,0,6,0,7,1556,8,500,9,278,10,602,11,0,12,652,,0,,0,,0,,0,,0,,0,,0,,0,,0,,0,,0,6135,0
1773717092,2,,2,188,3,2259,4,0,5,0,6,100,7,1556,8,500,9,278,10,602,11,0,12,652,,0,,0,,0,,0,,0,,0,,0,,0,,0,,0,,0,6135,0
1773717093,2,,2,188,3,2259,4,0,5,0,6,100,7,1556,8,500,9,278,10,602,11,0,12,652,,0,,0,,0,,0,,0,,0,,0,,0,,0,,0,,0,6135,0
1773717094,2,,2,188,3,2259,4,0,5,0,6,100,7,1556,8,500,9,278,10,602,11,0,12,652,,0,,0,,0,,0,,0,,0,,0,,0,,0,,0,,0,6135,0
1773717095,2,,2,188,3,2259,4,0,5,0,6,100,7,1556,8,500,9,278,10,602,11,0,12,652,,0,,0,,0,,0,,0,,0,,0,,0,,0,,0,,0,6135,0
1773717096,2,,2,188,3,2259,4,0,5,0,6,100,7,1556,8,500,9,278,10,602,11,0,12,652,,0,,0,,0,,0,,0,,0,,0,,0,,0,,0,,0,6135,0
1773717097,2,,2,188,3,2259,4,0,5,0,6,100,7,1556,8,500,9,278,10,602,11,0,12,652,,0,,0,,0,,0,,0,,0,,0,,0,,0,,0,,0,6135,0
1773717098,2,,2,188,3,2259,4,0,5,0,6,100,7,1556,8,500,9,278,10,602,11,0,12,652,,0,,0,,0,,0,,0,,0,,0,,0,,0,,0,,0,6135,0
1773717099,2,,2,188,3,2259,4,0,5,0,6,100,7,1556,8,500,9,278,10,602,11,0,12,652,,0,,0,,0,,0,,0,,0,,0,,0,,0,,0,,0,6135,0
1773717100,2,,2,188,3,2259,4,0,5,0,6,100,7,1556,8,500,9,278,10,602,11,0,12,652,,0,,0,,0,,0,,0,,0,,0,,0,,0,,0,,0,6135,0
1773717101,2,,2,188,3,2259,4,0,5,0,6,100,7,1556,8,500,9,278,10,602,11,0,12,652,,0,,0,,0,,0,,0,,0,,0,,0,,0,,0,,0,6135,0
1773717102,2,,2,188,3,2259,4,0,5,0,6,100,7,1556,8,500,9,278,10,602,11,0,12,652,,0,,0,,0,,0,,0,,0,,0,,0,,0,,0,,0,6135,0
1773717103,2,,2,188,3,2259,4,0,5,0,6,100,7,1556,8,500,9,278,10,602,11,0,12,652,,0,,0,,0,,0,,0,,0,,0,,0,,0,,0,,0,6135,0
1773717104,2,,2,188,3,2259,4,0,5,0,6,100,7,1556,8,500,9,278,10,602,11,0,12,652,,0,,0,,0,,0,,0,,0,,0,,0,,0,,0,,0,6135,0
1773717105,2,,2,188,3,2259,4,0,5,0,6,100,7,1556,8,500,9,278,10,602,11,0,12,652,,0,,0,,0,,0,,0,,0,,0,,0,,0,,0,,0,6135,0
1773717106,2,,2,188,3,2259,4,0,5,0,6,100,7,1556,8,500,9,278,10,602,11,0,12,652,,0,,0,,0,,0,,0,,0,,0,,0,,0,,0,,0,6135,0
1773717107,2,,2,188,3,2259,4,0,5,0,6,100,7,1556,8,500,9,278,10,602,11,0,12,652,,0,,0,,0,,0,,0,,0,,0,,0,,0,,0,,0,6135,0
1773717108,2,,2,188,3,2259,4,0,5,0,6,100,7,1556,8,500,9,278,10,602,11,0,12,652,,0,,0,,0,,0,,0,,0,,0,,0,,0,,0,,0,6135,0
1773717109,2,,2,188,3,2259,4,0,5,0,6,100,7,1556,8,500,9,278,10,602,11,0,12,652,,0,,0,,0,,0,,0,,0,,0,,0,,0,,0,,0,6135,0
1773717110,2,,2,188,3,2259,4,0,5,0,6,100,7,1556,8,500,9,278,10,602,11,0,12,652,,0,,0,,0,,0,,0,,0,,0,,0,,0,,0,,0,6135,0
1773717111,2,,2,188,3,2259,4,0,5,0,6,100,7,1556,8,500,9,278,10,602,11,0,12,652,,0,,0,,0,,0,,0,,0,,0,,0,,0,,0,,0,6135,0
1773717112,2,,2,188,3,2259,4,0,5,0,6,100,7,1556,8,500,9,278,10,602,11,0,12,652,,0,,0,,0,,0,,0,,0,,0,,0,,0,,0,,0,6135,0
1773717113,2,,2,188,3,2259,4,0,5,0,6,100,7,1556,8,500,9,278,10,602,11,0,12,652,,0,,0,,0,,0,,0,,0,,0,,0,,0,,0,,0,6135,0
1773717114,2,,2,188,3,2259,4,0,5,0,6,100,7,1556,8,500,9,278,10,602,11,0,12,652,,0,,0,,0,,0,,0,,0,,0,,0,,0,,0,,0,6135,0
1773717115,2,,2,188,3,2259,4,0,5,0,6,100,7,1556,8,500,9,278,10,602,11,0,12,652,,0,,0,,0,,0,,0,,0,,0,,0,,0,,0,,0,6135,0
1773717116,2,,2,188,3,2259,4,0,5,0,6,100,7,1556,8,500,9,278,10,602,11,0,12,652,,0,,0,,0,,0,,0,,0,,0,,0,,0,,0,,0,6135,0
1773717117,2,,2,142,3,2259,4,0,5,0,6,100,7,1553,8,500,9,278,10,602,11,0,12,652,,0,,0,,0,,0,,0,,0,,0,,0,,0,,0,,0,6086,0
1773717118,2,,2,142,3,2259,4,0,5,0,6,100,7,1553,8,500,9,278,10,602,11,0,12,652,,0,,0,,0,,0,,0,,0,,0,,0,,0,,0,,0,6086,0
1773717119,2,,2,142,3,2259,4,0,5,0,6,100,7,1553,8,500,9,278,10,602,11,0,12,652,,0,,0,,0,,0,,0,,0,,0,,0,,0,,0,,0,6086,0
1773717120,2,,2,142,3,2259,4,0,5,0,6,100,7,1553,8,500,9,278,10,602,11,0,12,652,,0,,0,,0,,0,,0,,0,,0,,0,,0,,0,,0,6086,0
1773717121,2,,2,142,3,2259,4,0,5,0,6,100,7,1553,8,500,9,278,10,602,11,0,12,652,,0,,0,,0,,0,,0,,0,,0,,0,,0,,0,,0,6086,0
1773717122,2,,2,142,3,2259,4,0,5,0,6,100,7,1553,8,500,9,278,10,602,11,0,12,652,,0,,0,,0,,0,,0,,0,,0,,0,,0,,0,,0,6086,0
1773717123,2,,2,142,3,2259,4,0,5,0,6,100,7,1553,8,500,9,278,10,602,11,0,12,652,,0,,0,,0,,0,,0,,0,,0,,0,,0,,0,,0,6086,0
1773717124,2,,2,96,3,2259,4,0,5,0,6,100,7,1552,8,500,9,278,10,602,11,0,12,652,,0,,0,,0,,0,,0,,0,,0,,0,,0,,0,,0,6039,0
1773717125,2,,2,96,3,2259,4,0,5,0,6,100,7,1552,8,500,9,278,10,602,11,0,12,652,,0,,0,,0,,0,,0,,0,,0,,0,,0,,0,,0,6039,0
1773717126,2,,2,96,3,2259,4,0,5,0,6,100,7,1552,8,500,9,278,10,602,11,0,12,652,,0,,0,,0,,0,,0,,0,,0,,0,,0,,0,,0,6039,0
1773717127,2,,2,96,3,2259,4,0,5,0,6,100,7,1552,8,500,9,278,10,602,11,0,12,652,,0,,0,,0,,0,,0,,0,,0,,0,,0,,0,,0,6039,0
1773717128,2,,2,96,3,2259,4,0,5,0,6,100,7,1552,8,500,9,278,10,602,11,0,12,652,,0,,0,,0,,0,,0,,0,,0,,0,,0,,0,,0,6039,0
1773717129,2,,2,96,3,2259,4,0,5,0,6,100,7,1552,8,500,9,278,10,602,11,0,12,652,,0,,0,,0,,0,,0,,0,,0,,0,,0,,0,,0,6039,0
1773717130,2,,2,96,3,2259,4,0,5,0,6,100,7,1552,8,500,9,278,10,602,11,0,12,652,,0,,0,,0,,0,,0,,0,,0,,0,,0,,0,,0,6039,0
1773717131,2,,2,96,3,2259,4,0,5,0,6,100,7,1552,8,500,9,278,10,602,11,0,12,652,,0,,0,,0,,0,,0,,0,,0,,0,,0,,0,,0,6039,0
1773717132,2,,2,96,3,2259,4,0,5,0,6,100,7,1552,8,500,9,278,10,602,11,0,12,652,,0,,0,,0,,0,,0,,0,,0,,0,,0,,0,,0,6039,0
1773717133,2,,2,96,3,2259,4,0,5,0,6,100,7,1552,8,500,9,278,10,602,11,0,12,652,,0,,0,,0,,0,,0,,0,,0,,0,,0,,0,,0,6039,0
1773717134,2,,2,96,3,2259,4,0,5,0,6,100,7,1552,8,500,9,278,10,602,11,0,12,652,,0,,0,,0,,0,,0,,0,,0,,0,,0,,0,,0,6039,0
1773717135,2,,2,96,3,2259,4,0,5,0,6,100,7,1552,8,500,9,278,10,602,11,0,12,652,,0,,0,,0,,0,,0,,0,,0,,0,,0,,0,,0,6039,0
1773717136,2,,2,96,3,2259,4,0,5,0,6,100,7,1552,8,500,9,278,10,602,11,0,12,652,,0,,0,,0,,0,,0,,0,,0,,0,,0,,0,,0,6039,0
1773717137,2,,2,96,3,2259,4,0,5,0,6,100,7,1552,8,500,9,278,10,602,11,0,12,652,,0,,0,,0,,0,,0,,0,,0,,0,,0,,0,,0,6039,0
1773717138,2,,2,96,3,2259,4,0,5,0,6,100,7,1552,8,500,9,278,10,602,11,0,12,652,,0,,0,,0,,0,,0,,0,,0,,0,,0,,0,,0,6039,0
1773717139,2,,2,96,3,2259,4,0,5,0,6,100,7,1552,8,500,9,278,10,602,11,0,12,652,,0,,0,,0,,0,,0,,0,,0,,0,,0,,0,,0,6039,0
1773717140,2,,2,96,3,2259,4,0,5,0,6,100,7,1552,8,500,9,278,10,602,11,0,12,652,,0,,0,,0,,0,,0,,0,,0,,0,,0,,0,,0,6039,0
1773717141,2,,2,96,3,2259,4,0,5,0,6,100,7,1552,8,500,9,278,10,602,11,0,12,652,,0,,0,,0,,0,,0,,0,,0,,0,,0,,0,,0,6039,0
1773717142,2,,2,96,3,2259,4,0,5,0,6,100,7,1552,8,500,9,278,10,602,11,0,12,652,,0,,0,,0,,0,,0,,0,,0,,0,,0,,0,,0,6039,0
1773717143,2,,2,96,3,2259,4,0,5,0,6,100,7,1552,8,500,9,278,10,602,11,0,12,652,,0,,0,,0,,0,,0,,0,,0,,0,,0,,0,,0,6039,0
1773717144,2,,2,96,3,2259,4,0,5,0,6,100,7,1552,8,500,9,278,10,602,11,0,12,652,,0,,0,,0,,0,,0,,0,,0,,0,,0,,0,,0,6039,0
1773717145,2,,2,96,3,2259,4,0,5,0,6,100,7,1552,8,500,9,278,10,602,11,0,12,652,,0,,0,,0,,0,,0,,0,,0,,0,,0,,0,,0,6039,0
1773717146,2,,2,96,3,2259,4,0,5,0,6,100,7,1552,8,500,9,278,10,602,11,0,12,652,,0,,0,,0,,0,,0,,0,,0,,0,,0,,0,,0,6039,0
1773717147,2,,2,96,3,2259,4,0,5,0,6,100,7,1552,8,500,9,278,10,602,11,0,12,652,,0,,0,,0,,0,,0,,0,,0,,0,,0,,0,,0,6039,0
1773717148,2,,2,96,3,2259,4,0,5,0,6,100,7,1552,8,500,9,278,10,602,11,0,12,652,,0,,0,,0,,0,,0,,0,,0,,0,,0,,0,,0,6039,0
1773717149,2,,2,96,3,2259,4,0,5,0,6,100,7,1552,8,500,9,278,10,602,11,0,12,652,,0,,0,,0,,0,,0,,0,,0,,0,,0,,0,,0,6039,0
1773717150,2,,2,96,3,2259,4,0,5,0,6,100,7,1552,8,500,9,278,10,602,11,0,12,652,,0,,0,,0,,0,,0,,0,,0,,0,,0,,0,,0,6039,0
1773717151,2,,2,96,3,2259,4,0,5,0,6,100,7,1552,8,500,9,278,10,602,11,0,12,652,,0,,0,,0,,0,,0,,0,,0,,0,,0,,0,,0,6039,0
1773717152,2,,2,96,3,2259,4,0,5,0,6,100,7,1552,8,500,9,278,10,602,11,0,12,652,,0,,0,,0,,0,,0,,0,,0,,0,,0,,0,,0,6039,0
1773717153,2,,2,96,3,2259,4,0,5,0,6,100,7,1552,8,500,9,278,10,602,11,0,12,652,,0,,0,,0,,0,,0,,0,,0,,0,,0,,0,,0,6039,0
1773717154,2,,2,96,3,2259,4,0,5,0,6,100,7,1552,8,500,9,278,10,602,11,0,12,652,,0,,0,,0,,0,,0,,0,,0,,0,,0,,0,,0,6039,0
1773717155,2,,2,96,3,2259,4,0,5,0,6,100,7,1552,8,500,9,278,10,602,11,0,12,652,,0,,0,,0,,0,,0,,0,,0,,0,,0,,0,,0,6039,0
1773717156,2,,2,96,3,2259,4,0,5,0,6,100,7,1552,8,500,9,278,10,602,11,0,12,652,,0,,0,,0,,0,,0,,0,,0,,0,,0,,0,,0,6039,0
1773717157,2,,2,96,3,2259,4,0,5,0,6,100,7,1552,8,500,9,278,10,602,11,0,12,652,,0,,0,,0,,0,,0,,0,,0,,0,,0,,0,,0,6039,0
1773717158,2,,2,96,3,2259,4,0,5,0,6,100,7,1552,8,500,9,278,10,602,11,0,12,652,,0,,0,,0,,0,,0,,0,,0,,0,,0,,0,,0,6039,0
1773717159,2,,2,96,3,2259,4,0,5,0,6,100,7,1552,8,500,9,278,10,602,11,0,12,652,,0,,0,,0,,0,,0,,0,,0,,0,,0,,0,,0,6039,0
1773717160,2,,2,96,3,2259,4,0,5,0,6,100,7,1552,8,500,9,278,10,602,11,0,12,652,,0,,0,,0,,0,,0,,0,,0,,0,,0,,0,,0,6039,0
1773717161,2,,2,96,3,2259,4,0,5,0,6,100,7,1552,8,500,9,278,10,602,11,0,12,652,,0,,0,,0,,0,,0,,0,,0,,0,,0,,0,,0,6039,0
1773717162,2,,2,96,3,2259,4,0,5,0,6,100,7,1548,8,500,9,278,10,602,11,0,12,652,,0,,0,,0,,0,,0,,0,,0,,0,,0,,0,,0,6035,0
1773717163,2,,2,96,3,2259,4,0,5,0,6,100,7,1548,8,500,9,278,10,602,11,0,12,652,,0,,0,,0,,0,,0,,0,,0,,0,,0,,0,,0,6035,0
1773717164,2,,2,96,3,2259,4,0,5,0,6,100,7,1548,8,500,9,278,10,602,11,0,12,652,,0,,0,,0,,0,,0,,0,,0,,0,,0,,0,,0,6035,0
1773717165,2,,2,96,3,2259,4,0,5,0,6,100,7,1548,8,500,9,278,10,602,11,0,12,652,,0,,0,,0,,0,,0,,0,,0,,0,,0,,0,,0,6035,0
1773717166,2,,2,96,3,2259,4,0,5,0,6,100,7,1548,8,500,9,278,10,602,11,0,12,652,,0,,0,,0,,0,,0,,0,,0,,0,,0,,0,,0,6035,0
1773717167,2,,2,96,3,2259,4,0,5,0,6,100,7,1548,8,500,9,278,10,602,11,0,12,652,,0,,0,,0,,0,,0,,0,,0,,0,,0,,0,,0,6035,0
1773717168,2,,2,96,3,2259,4,0,5,0,6,100,7,1548,8,500,9,278,10,602,11,0,12,652,,0,,0,,0,,0,,0,,0,,0,,0,,0,,0,,0,6035,0
1773717169,2,,2,71,3,2259,4,0,5,0,6,100,7,1547,8,500,9,278,10,602,11,0,12,652,,0,,0,,0,,0,,0,,0,,0,,0,,0,,0,,0,6009,0
1773717170,2,,2,71,3,2259,4,0,5,0,6,100,7,1547,8,500,9,278,10,602,11,0,12,652,,0,,0,,0,,0,,0,,0,,0,,0,,0,,0,,0,6009,0
1773717171,2,,2,71,3,2259,4,0,5,0,6,100,7,1547,8,500,9,278,10,602,11,0,12,652,,0,,0,,0,,0,,0,,0,,0,,0,,0,,0,,0,6009,0
1773717172,2,,2,71,3,2259,4,0,5,0,6,100,7,1547,8,500,9,278,10,602,11,0,12,652,,0,,0,,0,,0,,0,,0,,0,,0,,0,,0,,0,6009,0
1773717173,2,,2,71,3,2259,4,0,5,0,6,100,7,1547,8,500,9,278,10,602,11,0,12,652,,0,,0,,0,,0,,0,,0,,0,,0,,0,,0,,0,6009,0
1773717174,2,,2,71,3,2259,4,0,5,0,6,100,7,1547,8,500,9,278,10,602,11,0,12,652,,0,,0,,0,,0,,0,,0,,0,,0,,0,,0,,0,6009,0
1773717175,2,,2,71,3,2259,4,0,5,0,6,100,7,1547,8,500,9,278,10,602,11,0,12,652,,0,,0,,0,,0,,0,,0,,0,,0,,0,,0,,0,6009,0
1773717176,2,,2,71,3,2259,4,0,5,0,6,100,7,1547,8,500,9,278,10,602,11,0,12,652,,0,,0,,0,,0,,0,,0,,0,,0,,0,,0,,0,6009,0
1773717177,2,,2,71,3,2259,4,0,5,0,6,100,7,1547,8,500,9,278,10,602,11,0,12,652,,0,,0,,0,,0,,0,,0,,0,,0,,0,,0,,0,6009,0
1773717178,2,,2,71,3,2259,4,0,5,0,6,100,7,1547,8,500,9,278,10,602,11,0,12,652,,0,,0,,0,,0,,0,,0,,0,,0,,0,,0,,0,6009,0
1773717179,2,,2,71,3,2259,4,0,5,0,6,100,7,1547,8,500,9,278,10,602,11,0,12,652,,0,,0,,0,,0,,0,,0,,0,,0,,0,,0,,0,6009,0
1773717180,2,,2,71,3,2259,4,0,5,0,6,100,7,1547,8,500,9,278,10,602,11,0,12,652,,0,,0,,0,,0,,0,,0,,0,,0,,0,,0,,0,6009,0
1773717181,2,,2,71,3,2259,4,0,5,0,6,100,7,1547,8,500,9,278,10,602,11,0,12,652,,0,,0,,0,,0,,0,,0,,0,,0,,0,,0,,0,6009,0
1773717182,2,,2,71,3,2259,4,0,5,0,6,100,7,1547,8,500,9,278,10,602,11,0,12,652,,0,,0,,0,,0,,0,,0,,0,,0,,0,,0,,0,6009,0
1773717183,2,,2,71,3,2259,4,0,5,0,6,100,7,1547,8,500,9,278,10,602,11,0,12,652,,0,,0,,0,,0,,0,,0,,0,,0,,0,,0,,0,6009,0
1773717184,2,,2,71,3,2259,4,0,5,0,6,100,7,1547,8,500,9,278,10,602,11,0,12,652,,0,,0,,0,,0,,0,,0,,0,,0,,0,,0,,0,6009,0
1773717185,2,,2,71,3,2259,4,0,5,0,6,100,7,1547,8,500,9,278,10,602,11,0,12,652,,0,,0,,0,,0,,0,,0,,0,,0,,0,,0,,0,6009,0
1773717186,2,,2,71,3,2259,4,0,5,0,6,100,7,1547,8,500,9,278,10,602,11,0,12,652,,0,,0,,0,,0,,0,,0,,0,,0,,0,,0,,0,6009,0
1773717187,2,,2,71,3,2259,4,0,5,0,6,100,7,1547,8,500,9,278,10,602,11,0,12,652,,0,,0,,0,,0,,0,,0,,0,,0,,0,,0,,0,6009,0
1773717188,2,,2,71,3,2259,4,0,5,0,6,100,7,1547,8,500,9,278,10,602,11,0,12,652,,0,,0,,0,,0,,0,,0,,0,,0,,0,,0,,0,6009,0
1773717189,2,,2,71,3,2259,4,0,5,0,6,100,7,1547,8,500,9,278,10,602,11,0,12,652,,0,,0,,0,,0,,0,,0,,0,,0,,0,,0,,0,6009,0
1773717190,2,,2,71,3,2259,4,0,5,0,6,100,7,1547,8,500,9,278,10,602,11,0,12,652,,0,,0,,0,,0,,0,,0,,0,,0,,0,,0,,0,6009,0
1773717191,2,,2,62,3,2259,4,0,5,0,6,100,7,1545,8,500,9,278,10,602,11,0,12,652,,0,,0,,0,,0,,0,,0,,0,,0,,0,,0,,0,5998,0
1773717192,2,,2,62,3,2259,4,0,5,0,6,100,7,1545,8,500,9,278,10,602,11,0,12,652,,0,,0,,0,,0,,0,,0,,0,,0,,0,,0,,0,5998,0
1773717193,2,,2,62,3,2259,4,0,5,0,6,100,7,1545,8,500,9,278,10,602,11,0,12,652,,0,,0,,0,,0,,0,,0,,0,,0,,0,,0,,0,5998,0
1773717194,2,,2,62,3,2259,4,0,5,0,6,100,7,1545,8,500,9,278,10,602,11,0,12,652,,0,,0,,0,,0,,0,,0,,0,,0,,0,,0,,0,5998,0
1773717195,2,,2,62,3,2259,4,0,5,0,6,100,7,1545,8,500,9,278,10,602,11,0,12,652,,0,,0,,0,,0,,0,,0,,0,,0,,0,,0,,0,5998,0
1773717196,2,,2,62,3,2259,4,0,5,0,6,100,7,1545,8,500,9,278,10,602,11,0,12,652,,0,,0,,0,,0,,0,,0,,0,,0,,0,,0,,0,5998,0
1773717197,2,,2,62,3,2259,4,0,5,0,6,100,7,1545,8,500,9,278,10,602,11,0,12,652,,0,,0,,0,,0,,0,,0,,0,,0,,0,,0,,0,5998,0
1773717198,2,,2,62,3,2259,4,0,5,0,6,100,7,1544,8,500,9,278,10,602,11,0,12,652,,0,,0,,0,,0,,0,,0,,0,,0,,0,,0,,0,5997,0
1773717199,2,,2,62,3,2259,4,0,5,0,6,100,7,1544,8,500,9,278,10,602,11,0,12,652,,0,,0,,0,,0,,0,,0,,0,,0,,0,,0,,0,5997,0
1773717200,2,,2,62,3,2259,4,0,5,0,6,100,7,1544,8,500,9,278,10,602,11,0,12,652,,0,,0,,0,,0,,0,,0,,0,,0,,0,,0,,0,5997,0
1773717201,2,,2,62,3,2259,4,0,5,0,6,100,7,1544,8,500,9,278,10,602,11,0,12,652,,0,,0,,0,,0,,0,,0,,0,,0,,0,,0,,0,5997,0
1773717202,2,,2,62,3,2259,4,0,5,0,6,100,7,1544,8,500,9,278,10,602,11,0,12,652,,0,,0,,0,,0,,0,,0,,0,,0,,0,,0,,0,5997,0
1773717203,2,,2,62,3,2259,4,0,5,0,6,100,7,1544,8,500,9,278,10,602,11,0,12,652,,0,,0,,0,,0,,0,,0,,0,,0,,0,,0,,0,5997,0
1773717204,2,,2,62,3,2259,4,0,5,0,6,100,7,1544,8,500,9,278,10,602,11,0,12,652,,0,,0,,0,,0,,0,,0,,0,,0,,0,,0,,0,5997,0
1773717205,2,,2,62,3,2259,4,0,5,0,6,100,7,1544,8,500,9,278,10,602,11,0,12,652,,0,,0,,0,,0,,0,,0,,0,,0,,0,,0,,0,5997,0
1773717206,2,,2,62,3,2259,4,0,5,0,6,100,7,1544,8,500,9,278,10,602,11,0,12,652,,0,,0,,0,,0,,0,,0,,0,,0,,0,,0,,0,5997,0
1773717207,2,,2,62,3,2259,4,0,5,0,6,100,7,1544,8,500,9,278,10,602,11,0,12,652,,0,,0,,0,,0,,0,,0,,0,,0,,0,,0,,0,5997,0
1773717208,2,,2,62,3,2259,4,0,5,0,6,100,7,1544,8,500,9,278,10,602,11,0,12,652,,0,,0,,0,,0,,0,,0,,0,,0,,0,,0,,0,5997,0
1773717209,2,,2,62,3,2259,4,0,5,0,6,100,7,1544,8,500,9,278,10,602,11,0,12,652,,0,,0,,0,,0,,0,,0,,0,,0,,0,,0,,0,5997,0
1773717210,2,,2,62,3,2259,4,0,5,0,6,100,7,1544,8,500,9,278,10,602,11,0,12,652,,0,,0,,0,,0,,0,,0,,0,,0,,0,,0,,0,5997,0
1773717211,2,,2,62,3,2259,4,0,5,0,6,100,7,1544,8,500,9,278,10,602,11,0,12,652,,0,,0,,0,,0,,0,,0,,0,,0,,0,,0,,0,5997,0
1773717212,2,,2,62,3,2259,4,0,5,0,6,100,7,1544,8,500,9,278,10,602,11,0,12,652,,0,,0,,0,,0,,0,,0,,0,,0,,0,,0,,0,5997,0
1773717213,2,,2,62,3,2259,4,0,5,0,6,100,7,1543,8,500,9,278,10,602,11,0,12,652,,0,,0,,0,,0,,0,,0,,0,,0,,0,,0,,0,5996,0
1773717214,2,,2,62,3,2259,4,0,5,0,6,100,7,1543,8,500,9,278,10,602,11,0,12,652,,0,,0,,0,,0,,0,,0,,0,,0,,0,,0,,0,5996,0
1773717215,2,,2,62,3,2259,4,0,5,0,6,100,7,1543,8,500,9,278,10,602,11,0,12,652,,0,,0,,0,,0,,0,,0,,0,,0,,0,,0,,0,5996,0
1773717216,2,,2,62,3,2259,4,0,5,0,6,100,7,1543,8,500,9,278,10,602,11,0,12,652,,0,,0,,0,,0,,0,,0,,0,,0,,0,,0,,0,5996,0
1773717217,2,,2,62,3,2259,4,0,5,0,6,100,7,1543,8,500,9,278,10,602,11,0,12,652,,0,,0,,0,,0,,0,,0,,0,,0,,0,,0,,0,5996,0
1773717218,2,,2,62,3,2259,4,0,5,0,6,100,7,1542,8,500,9,278,10,602,11,0,12,652,,0,,0,,0,,0,,0,,0,,0,,0,,0,,0,,0,5995,0
1773717219,2,,2,62,3,2259,4,0,5,0,6,100,7,1542,8,500,9,278,10,602,11,0,12,652,,0,,0,,0,,0,,0,,0,,0,,0,,0,,0,,0,5995,0
1773717220,2,,2,62,3,2259,4,0,5,0,6,100,7,1542,8,500,9,278,10,602,11,0,12,652,,0,,0,,0,,0,,0,,0,,0,,0,,0,,0,,0,5995,0
1773717221,2,,2,62,3,2259,4,0,5,0,6,100,7,1542,8,500,9,278,10,602,11,0,12,652,,0,,0,,0,,0,,0,,0,,0,,0,,0,,0,,0,5995,0
1773717222,2,,2,62,3,2259,4,0,5,0,6,100,7,1542,8,500,9,278,10,602,11,0,12,652,,0,,0,,0,,0,,0,,0,,0,,0,,0,,0,,0,5995,0
1773717223,2,,2,62,3,2259,4,0,5,0,6,100,7,1542,8,500,9,278,10,602,11,0,12,652,,0,,0,,0,,0,,0,,0,,0,,0,,0,,0,,0,5995,0
1773717224,2,,2,62,3,2259,4,0,5,0,6,100,7,1542,8,500,9,278,10,602,11,0,12,652,,0,,0,,0,,0,,0,,0,,0,,0,,0,,0,,0,5995,0
1773717225,2,,2,62,3,2259,4,0,5,0,6,100,7,1542,8,500,9,278,10,602,11,0,12,652,,0,,0,,0,,0,,0,,0,,0,,0,,0,,0,,0,5995,0
1773717226,2,,2,62,3,2259,4,0,5,0,6,100,7,1542,8,500,9,278,10,602,11,0,12,652,,0,,0,,0,,0,,0,,0,,0,,0,,0,,0,,0,5995,0
1773717227,2,,2,62,3,2259,4,0,5,0,6,100,7,1542,8,500,9,278,10,602,11,0,12,652,,0,,0,,0,,0,,0,,0,,0,,0,,0,,0,,0,5995,0
1773717228,2,,2,62,3,2259,4,0,5,0,6,100,7,1542,8,500,9,278,10,602,11,0,12,652,,0,,0,,0,,0,,0,,0,,0,,0,,0,,0,,0,5995,0
1773717229,2,,2,62,3,2259,4,0,5,0,6,100,7,1542,8,500,9,278,10,602,11,0,12,652,,0,,0,,0,,0,,0,,0,,0,,0,,0,,0,,0,5995,0
1773717230,2,,2,62,3,2259,4,0,5,0,6,100,7,1542,8,500,9,278,10,602,11,0,12,652,,0,,0,,0,,0,,0,,0,,0,,0,,0,,0,,0,5995,0
1773717231,2,,2,62,3,2259,4,0,5,0,6,100,7,1542,8,500,9,278,10,602,11,0,12,652,,0,,0,,0,,0,,0,,0,,0,,0,,0,,0,,0,5995,0
1773717232,2,,2,62,3,2259,4,0,5,0,6,100,7,1542,8,500,9,278,10,602,11,0,12,652,,0,,0,,0,,0,,0,,0,,0,,0,,0,,0,,0,5995,0
1773717233,2,,2,62,3,2259,4,0,5,0,6,100,7,1542,8,500,9,278,10,602,11,0,12,652,,0,,0,,0,,0,,0,,0,,0,,0,,0,,0,,0,5995,0
1773717234,2,,2,62,3,2259,4,0,5,0,6,100,7,1540,8,500,9,278,10,602,11,0,12,652,,0,,0,,0,,0,,0,,0,,0,,0,,0,,0,,0,5993,0
1773717235,2,,2,62,3,2259,4,0,5,0,6,100,7,1540,8,500,9,278,10,602,11,0,12,652,,0,,0,,0,,0,,0,,0,,0,,0,,0,,0,,0,5993,0
1773717236,2,,2,62,3,2259,4,0,5,0,6,100,7,1540,8,500,9,278,10,602,11,0,12,652,,0,,0,,0,,0,,0,,0,,0,,0,,0,,0,,0,5993,0
1773717237,2,,2,62,3,2259,4,0,5,0,6,100,7,1540,8,500,9,278,10,602,11,0,12,652,,0,,0,,0,,0,,0,,0,,0,,0,,0,,0,,0,5993,0
1773717238,2,,2,62,3,2259,4,0,5,0,6,100,7,1540,8,500,9,278,10,602,11,0,12,652,,0,,0,,0,,0,,0,,0,,0,,0,,0,,0,,0,5993,0
1773717239,2,,2,62,3,2259,4,0,5,0,6,100,7,1540,8,500,9,278,10,602,11,0,12,652,,0,,0,,0,,0,,0,,0,,0,,0,,0,,0,,0,5993,0
1773717240,2,,2,62,3,2259,4,0,5,0,6,100,7,1540,8,500,9,278,10,602,11,0,12,652,,0,,0,,0,,0,,0,,0,,0,,0,,0,,0,,0,5993,0
1773717241,2,,2,62,3,2259,4,0,5,0,6,100,7,1539,8,500,9,278,10,602,11,0,12,652,,0,,0,,0,,0,,0,,0,,0,,0,,0,,0,,0,5992,0
1773717242,2,,2,62,3,2259,4,0,5,0,6,100,7,1539,8,500,9,278,10,602,11,0,12,652,,0,,0,,0,,0,,0,,0,,0,,0,,0,,0,,0,5992,0
1773717243,2,,2,62,3,2259,4,0,5,0,6,100,7,1539,8,500,9,278,10,602,11,0,12,652,,0,,0,,0,,0,,0,,0,,0,,0,,0,,0,,0,5992,0
1773717244,2,,2,62,3,2259,4,0,5,0,6,100,7,1539,8,500,9,278,10,602,11,0,12,652,,0,,0,,0,,0,,0,,0,,0,,0,,0,,0,,0,5992,0
1773717245,2,,2,62,3,2259,4,0,5,0,6,100,7,1539,8,500,9,278,10,602,11,0,12,652,,0,,0,,0,,0,,0,,0,,0,,0,,0,,0,,0,5992,0
1773717246,2,,2,62,3,2259,4,0,5,0,6,100,7,1539,8,500,9,278,10,602,11,0,12,652,,0,,0,,0,,0,,0,,0,,0,,0,,0,,0,,0,5992,0
1773717247,2,,2,62,3,2259,4,0,5,0,6,100,7,1539,8,500,9,278,10,602,11,0,12,652,,0,,0,,0,,0,,0,,0,,0,,0,,0,,0,,0,5992,0
1773717248,2,,2,62,3,2259,4,0,5,0,6,100,7,1539,8,500,9,278,10,602,11,0,12,652,,0,,0,,0,,0,,0,,0,,0,,0,,0,,0,,0,5992,0
1773717249,2,,2,62,3,2259,4,0,5,0,6,100,7,1539,8,500,9,278,10,602,11,0,12,652,,0,,0,,0,,0,,0,,0,,0,,0,,0,,0,,0,5992,0
1773717250,2,,2,62,3,2259,4,0,5,0,6,100,7,1539,8,500,9,278,10,602,11,0,12,652,,0,,0,,0,,0,,0,,0,,0,,0,,0,,0,,0,5992,0
1773717251,2,,2,62,3,2259,4,0,5,0,6,100,7,1539,8,500,9,278,10,602,11,0,12,652,,0,,0,,0,,0,,0,,0,,0,,0,,0,,0,,0,5992,0
1773717252,2,,2,62,3,2259,4,0,5,0,6,100,7,1539,8,500,9,278,10,602,11,0,12,652,,0,,0,,0,,0,,0,,0,,0,,0,,0,,0,,0,5992,0
1773717253,2,,2,62,3,2259,4,0,5,0,6,100,7,1539,8,500,9,278,10,602,11,0,12,652,,0,,0,,0,,0,,0,,0,,0,,0,,0,,0,,0,5992,0
1773717254,2,,2,62,3,2259,4,0,5,0,6,100,7,1539,8,500,9,278,10,602,11,0,12,652,,0,,0,,0,,0,,0,,0,,0,,0,,0,,0,,0,5992,0
1773717255,2,,2,62,3,2259,4,0,5,0,6,100,7,1539,8,500,9,278,10,602,11,0,12,652,,0,,0,,0,,0,,0,,0,,0,,0,,0,,0,,0,5992,0
1773717256,2,,2,16,3,2259,4,0,5,0,6,100,7,1538,8,500,9,278,10,602,11,0,12,652,,0,,0,,0,,0,,0,,0,,0,,0,,0,,0,,0,5945,0
1773717257,2,,2,16,3,2259,4,0,5,0,6,100,7,1538,8,500,9,278,10,602,11,0,12,652,,0,,0,,0,,0,,0,,0,,0,,0,,0,,0,,0,5945,0
1773717258,2,,2,116,3,2259,4,0,5,0,6,100,7,1538,8,500,9,278,10,602,11,0,12,652,,0,,0,,0,,0,,0,,0,,0,,0,,0,,0,,0,6045,0
1773717259,2,,2,16,3,2259,4,0,5,0,6,100,7,1537,8,500,9,278,10,602,11,0,12,652,,0,,0,,0,,0,,0,,0,,0,,0,,0,,0,,0,5944,0
1773717260,2,,2,116,3,2259,4,0,5,0,6,100,7,1537,8,500,9,278,10,602,11,0,12,652,,0,,0,,0,,0,,0,,0,,0,,0,,0,,0,,0,6044,0
1773717261,2,,2,116,3,2259,4,0,5,0,6,100,7,1537,8,500,9,278,10,602,11,0,12,652,,0,,0,,0,,0,,0,,0,,0,,0,,0,,0,,0,6044,0
1773717262,2,,2,16,3,2259,4,0,5,0,6,100,7,1537,8,500,9,278,10,602,11,0,12,652,,0,,0,,0,,0,,0,,0,,0,,0,,0,,0,,0,5944,0
1773717263,2,,2,16,3,2259,4,0,5,0,6,100,7,1537,8,500,9,278,10,602,11,0,12,652,,0,,0,,0,,0,,0,,0,,0,,0,,0,,0,,0,5944,0
1773717264,2,,2,16,3,2259,4,0,5,0,6,100,7,1537,8,500,9,278,10,602,11,0,12,652,,0,,0,,0,,0,,0,,0,,0,,0,,0,,0,,0,5944,0
1773717265,2,,2,16,3,2259,4,0,5,0,6,100,7,1537,8,500,9,278,10,602,11,0,12,652,,0,,0,,0,,0,,0,,0,,0,,0,,0,,0,,0,5944,0
1773717266,2,,2,16,3,2259,4,0,5,0,6,100,7,1537,8,500,9,278,10,602,11,0,12,652,,0,,0,,0,,0,,0,,0,,0,,0,,0,,0,,0,5944,0
1773717267,2,,2,16,3,2259,4,0,5,0,6,100,7,1537,8,500,9,278,10,602,11,0,12,652,,0,,0,,0,,0,,0,,0,,0,,0,,0,,0,,0,5944,0
1773717268,2,,2,16,3,2259,4,0,5,0,6,100,7,1537,8,500,9,278,10,602,11,0,12,652,,0,,0,,0,,0,,0,,0,,0,,0,,0,,0,,0,5944,0
1773717269,2,,2,16,3,2259,4,0,5,0,6,100,7,1537,8,500,9,278,10,602,11,0,12,652,,0,,0,,0,,0,,0,,0,,0,,0,,0,,0,,0,5944,0
1773717270,2,,2,16,3,2259,4,0,5,0,6,100,7,1537,8,500,9,278,10,602,11,0,12,652,,0,,0,,0,,0,,0,,0,,0,,0,,0,,0,,0,5944,0
1773717271,2,,2,16,3,2259,4,0,5,0,6,100,7,1537,8,500,9,278,10,602,11,0,12,652,,0,,0,,0,,0,,0,,0,,0,,0,,0,,0,,0,5944,0
1773717272,2,,2,16,3,2259,4,0,5,0,6,100,7,1537,8,500,9,278,10,602,11,0,12,652,,0,,0,,0,,0,,0,,0,,0,,0,,0,,0,,0,5944,0
1773717273,2,,2,16,3,2259,4,0,5,0,6,100,7,1537,8,500,9,278,10,602,11,0,12,652,,0,,0,,0,,0,,0,,0,,0,,0,,0,,0,,0,5944,0
1773717274,2,,2,16,3,2259,4,0,5,0,6,100,7,1537,8,500,9,278,10,602,11,0,12,652,,0,,0,,0,,0,,0,,0,,0,,0,,0,,0,,0,5944,0
1773717275,2,1,2,1300,3,2389,4,0,5,500,6,100,7,1536,8,500,9,199,10,602,11,0,12,652,1,20,0,0,-1,0,-2,0,-3,0,-4,0,-5,0,-6,0,-7,0,-8,0,-9,0,7778,20
1773717276,2,1,2,1310,3,2389,4,0,5,500,6,100,7,1536,8,500,9,199,10,602,11,0,12,652,1,20,0,0,-1,0,-2,0,-3,0,-4,0,-5,0,-6,0,-7,0,-8,0,-9,0,7788,20
1773717277,2,1,2,1310,3,2389,4,0,5,500,6,100,7,1536,8,500,9,199,10,602,11,0,12,652,1,20,0,0,-1,0,-2,0,-3,0,-4,0,-5,0,-6,0,-7,0,-8,0,-9,0,7788,20
1773717278,2,1,2,1310,3,2389,4,0,5,500,6,100,7,1536,8,500,9,199,10,602,11,0,12,652,1,20,0,0,-1,0,-2,0,-3,0,-4,0,-5,0,-6,0,-7,0,-8,0,-9,0,7788,20
1773717279,2,1,2,1310,3,2389,4,0,5,500,6,100,7,1536,8,500,9,199,10,602,11,0,12,652,1,20,0,0,-1,0,-2,0,-3,0,-4,0,-5,0,-6,0,-7,0,-8,0,-9,0,7788,20
1773717280,2,1,2,1310,3,2389,4,0,5,500,6,100,7,1536,8,500,9,199,10,602,11,0,12,652,1,20,0,0,-1,0,-2,0,-3,0,-4,0,-5,0,-6,0,-7,0,-8,0,-9,0,7788,20
1773717281,2,1,2,1310,3,2389,4,0,5,500,6,100,7,1536,8,500,9,199,10,602,11,0,12,652,1,20,0,0,-1,0,-2,0,-3,0,-4,0,-5,0,-6,0,-7,0,-8,0,-9,0,7788,20
1773717282,2,1,2,1310,3,2389,4,0,5,500,6,100,7,1536,8,500,9,199,10,602,11,0,12,652,1,20,0,0,-1,0,-2,0,-3,0,-4,0,-5,0,-6,0,-7,0,-8,0,-9,0,7788,20
1773717283,2,1,2,1170,3,2189,4,0,5,0,6,100,7,1535,8,500,9,199,10,602,11,0,12,652,1,20,0,0,-1,0,-2,0,-3,0,-4,0,-5,0,-6,0,-7,0,-8,0,-9,0,6947,20
1773717284,2,1,2,1170,3,2189,4,0,5,0,6,100,7,1535,8,500,9,199,10,602,11,0,12,652,1,20,0,0,-1,0,-2,0,-3,0,-4,0,-5,0,-6,0,-7,0,-8,0,-9,0,6947,20
1773717285,2,1,2,1170,3,2189,4,0,5,0,6,100,7,1535,8,500,9,199,10,602,11,0,12,652,1,20,0,0,-1,0,-2,0,-3,0,-4,0,-5,0,-6,0,-7,0,-8,0,-9,0,6947,20
1773717286,2,1,2,1170,3,2189,4,0,5,0,6,100,7,1535,8,500,9,199,10,602,11,0,12,652,1,20,0,0,-1,0,-2,0,-3,0,-4,0,-5,0,-6,0,-7,0,-8,0,-9,0,6947,20
1773717287,2,1,2,1170,3,2189,4,0,5,0,6,100,7,1535,8,500,9,199,10,602,11,0,12,652,1,20,0,0,-1,0,-2,0,-3,0,-4,0,-5,0,-6,0,-7,0,-8,0,-9,0,6947,20
1773717288,2,1,2,1170,3,2189,4,0,5,0,6,100,7,1535,8,500,9,199,10,602,11,0,12,652,1,20,0,0,-1,0,-2,0,-3,0,-4,0,-5,0,-6,0,-7,0,-8,0,-9,0,6947,20
1773717289,2,1,2,1170,3,2189,4,0,5,0,6,100,7,1535,8,500,9,199,10,602,11,0,12,652,1,20,0,0,-1,0,-2,0,-3,0,-4,0,-5,0,-6,0,-7,0,-8,0,-9,0,6947,20
1773717290,2,1,2,1170,3,2189,4,0,5,0,6,100,7,1535,8,500,9,199,10,602,11,0,12,652,1,20,0,0,-1,0,-2,0,-3,0,-4,0,-5,0,-6,0,-7,0,-8,0,-9,0,6947,20
1773717291,2,1,2,1170,3,2189,4,0,5,0,6,100,7,1535,8,500,9,199,10,602,11,0,12,652,1,20,0,0,-1,0,-2,0,-3,0,-4,0,-5,0,-6,0,-7,0,-8,0,-9,0,6947,20
1773717292,2,1,2,1170,3,2189,4,0,5,0,6,100,7,1535,8,500,9,199,10,602,11,0,12,652,1,20,0,0,-1,0,-2,0,-3,0,-4,0,-5,0,-6,0,-7,0,-8,0,-9,0,6947,20
1773717293,2,1,2,1170,3,2189,4,0,5,0,6,100,7,1535,8,500,9,199,10,602,11,0,12,652,1,20,0,0,-1,0,-2,0,-3,0,-4,0,-5,0,-6,0,-7,0,-8,0,-9,0,6947,20
1773717294,2,1,2,1170,3,2189,4,0,5,0,6,100,7,1535,8,500,9,199,10,602,11,0,12,652,1,20,0,0,-1,0,-2,0,-3,0,-4,0,-5,0,-6,0,-7,0,-8,0,-9,0,6947,20
1773717295,2,1,2,1170,3,2189,4,0,5,0,6,100,7,1535,8,500,9,199,10,602,11,0,12,652,1,20,0,0,-1,0,-2,0,-3,0,-4,0,-5,0,-6,0,-7,0,-8,0,-9,0,6947,20
1773717296,2,1,2,1170,3,2189,4,0,5,0,6,100,7,1535,8,500,9,199,10,602,11,0,12,652,1,20,0,0,-1,0,-2,0,-3,0,-4,0,-5,0,-6,0,-7,0,-8,0,-9,0,6947,20
1773717297,2,1,2,1170,3,2189,4,0,5,0,6,100,7,1535,8,500,9,199,10,602,11,0,12,652,1,20,0,0,-1,0,-2,0,-3,0,-4,0,-5,0,-6,0,-7,0,-8,0,-9,0,6947,20
1773717298,2,1,2,1170,3,2189,4,0,5,0,6,100,7,1535,8,500,9,199,10,602,11,0,12,652,1,20,0,0,-1,0,-2,0,-3,0,-4,0,-5,0,-6,0,-7,0,-8,0,-9,0,6947,20
1773717299,2,1,2,1170,3,2189,4,0,5,0,6,100,7,1535,8,500,9,199,10,602,11,0,12,652,1,20,0,0,-1,0,-2,0,-3,0,-4,0,-5,0,-6,0,-7,0,-8,0,-9,0,6947,20
1773717300,2,1,2,1170,3,2189,4,0,5,0,6,100,7,1535,8,500,9,199,10,602,11,0,12,652,1,20,0,0,-1,0,-2,0,-3,0,-4,0,-5,0,-6,0,-7,0,-8,0,-9,0,6947,20
1773717301,2,1,2,1170,3,2189,4,0,5,0,6,100,7,1535,8,500,9,199,10,602,11,0,12,652,1,20,0,0,-1,0,-2,0,-3,0,-4,0,-5,0,-6,0,-7,0,-8,0,-9,0,6947,20
1773717302,2,1,2,1170,3,2189,4,0,5,0,6,100,7,1535,8,500,9,199,10,602,11,0,12,652,1,20,0,0,-1,0,-2,0,-3,0,-4,0,-5,0,-6,0,-7,0,-8,0,-9,0,6947,20
1773717303,2,1,2,1170,3,2189,4,0,5,0,6,100,7,1535,8,500,9,199,10,602,11,0,12,652,1,20,0,0,-1,0,-2,0,-3,0,-4,0,-5,0,-6,0,-7,0,-8,0,-9,0,6947,20
1773717304,2,1,2,1170,3,2189,4,0,5,0,6,100,7,1535,8,500,9,199,10,602,11,0,12,652,1,20,0,0,-1,0,-2,0,-3,0,-4,0,-5,0,-6,0,-7,0,-8,0,-9,0,6947,20
1773717305,2,1,2,1170,3,2189,4,0,5,0,6,100,7,1532,8,500,9,199,10,602,11,0,12,652,1,20,0,0,-1,0,-2,0,-3,0,-4,0,-5,0,-6,0,-7,0,-8,0,-9,0,6944,20
1773717306,2,,2,1190,3,2189,4,0,5,0,6,100,7,1532,8,500,9,272,10,602,11,0,12,652,,0,,0,,0,,0,,0,,0,,0,,0,,0,,0,,0,7037,0
1773717307,2,,2,1190,3,2189,4,0,5,0,6,100,7,1532,8,500,9,272,10,602,11,0,12,652,,0,,0,,0,,0,,0,,0,,0,,0,,0,,0,,0,7037,0
1773717308,2,,2,1190,3,2189,4,0,5,0,6,100,7,1532,8,500,9,272,10,602,11,0,12,652,,0,,0,,0,,0,,0,,0,,0,,0,,0,,0,,0,7037,0
1773717309,2,,2,1180,3,2189,4,0,5,0,6,100,7,1532,8,500,9,272,10,602,11,0,12,652,,0,,0,,0,,0,,0,,0,,0,,0,,0,,0,,0,7027,0
1773717310,2,,2,1180,3,2189,4,0,5,0,6,100,7,1532,8,500,9,272,10,602,11,0,12,652,,0,,0,,0,,0,,0,,0,,0,,0,,0,,0,,0,7027,0
1773717311,2,,2,1180,3,2189,4,0,5,0,6,100,7,1532,8,500,9,272,10,602,11,0,12,652,,0,,0,,0,,0,,0,,0,,0,,0,,0,,0,,0,7027,0
1773717312,2,,2,1180,3,2189,4,0,5,0,6,100,7,1532,8,500,9,272,10,602,11,0,12,652,,0,,0,,0,,0,,0,,0,,0,,0,,0,,0,,0,7027,0
1773717313,2,,2,1880,3,2189,4,0,5,0,6,100,7,1531,8,500,9,272,10,602,11,0,12,652,,0,,0,,0,,0,,0,,0,,0,,0,,0,,0,,0,7726,0
1773717314,2,,2,1880,3,2189,4,0,5,0,6,100,7,1531,8,500,9,272,10,602,11,0,12,652,,0,,0,,0,,0,,0,,0,,0,,0,,0,,0,,0,7726,0
1773717315,2,,2,1880,3,2189,4,0,5,0,6,100,7,1531,8,500,9,272,10,602,11,0,12,652,,0,,0,,0,,0,,0,,0,,0,,0,,0,,0,,0,7726,0
1773717316,2,,2,1880,3,2189,4,0,5,0,6,100,7,1531,8,500,9,272,10,602,11,0,12,652,,0,,0,,0,,0,,0,,0,,0,,0,,0,,0,,0,7726,0
1773717317,2,,2,1880,3,2189,4,0,5,0,6,100,7,1531,8,500,9,272,10,602,11,0,12,652,,0,,0,,0,,0,,0,,0,,0,,0,,0,,0,,0,7726,0
1773717318,2,,2,1880,3,2189,4,0,5,0,6,100,7,1531,8,500,9,272,10,602,11,0,12,652,,0,,0,,0,,0,,0,,0,,0,,0,,0,,0,,0,7726,0
1773717319,2,,2,1880,3,2189,4,0,5,0,6,100,7,1531,8,500,9,272,10,602,11,0,12,652,,0,,0,,0,,0,,0,,0,,0,,0,,0,,0,,0,7726,0
1773717320,2,,2,1880,3,2189,4,0,5,0,6,100,7,1531,8,500,9,272,10,602,11,0,12,652,,0,,0,,0,,0,,0,,0,,0,,0,,0,,0,,0,7726,0
1773717321,2,,2,1880,3,2189,4,0,5,0,6,100,7,1531,8,500,9,272,10,602,11,0,12,652,,0,,0,,0,,0,,0,,0,,0,,0,,0,,0,,0,7726,0
1773717322,2,,2,2380,3,2189,4,0,5,0,6,100,7,1530,8,500,9,272,10,602,11,0,12,652,,0,,0,,0,,0,,0,,0,,0,,0,,0,,0,,0,8225,0
1773717323,2,,2,2380,3,2189,4,0,5,0,6,100,7,1530,8,500,9,272,10,602,11,0,12,652,,0,,0,,0,,0,,0,,0,,0,,0,,0,,0,,0,8225,0
1773717324,2,,2,2380,3,2189,4,0,5,0,6,100,7,1530,8,500,9,272,10,602,11,0,12,652,,0,,0,,0,,0,,0,,0,,0,,0,,0,,0,,0,8225,0
1773717325,2,,2,2380,3,2189,4,0,5,0,6,100,7,1530,8,500,9,272,10,602,11,0,12,652,,0,,0,,0,,0,,0,,0,,0,,0,,0,,0,,0,8225,0
1773717326,2,,2,2380,3,2189,4,0,5,0,6,100,7,1530,8,500,9,272,10,602,11,0,12,652,,0,,0,,0,,0,,0,,0,,0,,0,,0,,0,,0,8225,0
1773717327,2,,2,2380,3,2189,4,0,5,0,6,100,7,1530,8,500,9,272,10,602,11,0,12,652,,0,,0,,0,,0,,0,,0,,0,,0,,0,,0,,0,8225,0
1773717328,2,,2,2380,3,2189,4,0,5,0,6,100,7,1530,8,500,9,272,10,602,11,0,12,652,,0,,0,,0,,0,,0,,0,,0,,0,,0,,0,,0,8225,0
1773717329,2,,2,2380,3,2189,4,0,5,0,6,100,7,1530,8,500,9,272,10,602,11,0,12,652,,0,,0,,0,,0,,0,,0,,0,,0,,0,,0,,0,8225,0
1773717330,2,,2,2380,3,2189,4,0,5,0,6,100,7,1530,8,500,9,272,10,602,11,0,12,652,,0,,0,,0,,0,,0,,0,,0,,0,,0,,0,,0,8225,0
1773717331,2,,2,2380,3,2189,4,0,5,0,6,100,7,1530,8,500,9,272,10,602,11,0,12,652,,0,,0,,0,,0,,0,,0,,0,,0,,0,,0,,0,8225,0
1773717332,2,,2,2380,3,2189,4,0,5,0,6,100,7,1530,8,500,9,272,10,602,11,0,12,652,,0,,0,,0,,0,,0,,0,,0,,0,,0,,0,,0,8225,0
1773717333,2,,2,2380,3,2189,4,0,5,0,6,100,7,1530,8,500,9,272,10,602,11,0,12,652,,0,,0,,0,,0,,0,,0,,0,,0,,0,,0,,0,8225,0
1773717334,2,,2,2380,3,2189,4,0,5,0,6,100,7,1530,8,500,9,272,10,602,11,0,12,652,,0,,0,,0,,0,,0,,0,,0,,0,,0,,0,,0,8225,0
1773717335,2,,2,2380,3,2189,4,0,5,0,6,100,7,1530,8,500,9,272,10,602,11,0,12,652,,0,,0,,0,,0,,0,,0,,0,,0,,0,,0,,0,8225,0
1773717336,2,,2,2380,3,2189,4,0,5,0,6,100,7,1530,8,500,9,272,10,602,11,0,12,652,,0,,0,,0,,0,,0,,0,,0,,0,,0,,0,,0,8225,0
1773717337,2,,2,2380,3,2189,4,0,5,0,6,100,7,1530,8,500,9,272,10,602,11,0,12,652,,0,,0,,0,,0,,0,,0,,0,,0,,0,,0,,0,8225,0
1773717338,2,,2,2380,3,2189,4,0,5,0,6,100,7,1530,8,500,9,272,10,602,11,0,12,652,,0,,0,,0,,0,,0,,0,,0,,0,,0,,0,,0,8225,0
1773717339,2,,2,2380,3,2189,4,0,5,0,6,100,7,1530,8,500,9,272,10,602,11,0,12,652,,0,,0,,0,,0,,0,,0,,0,,0,,0,,0,,0,8225,0
1773717340,2,,2,2380,3,2189,4,0,5,0,6,100,7,1530,8,500,9,272,10,602,11,0,12,652,,0,,0,,0,,0,,0,,0,,0,,0,,0,,0,,0,8225,0
1773717341,2,,2,2380,3,2189,4,0,5,0,6,100,7,1530,8,500,9,272,10,602,11,0,12,652,,0,,0,,0,,0,,0,,0,,0,,0,,0,,0,,0,8225,0
1773717342,2,,2,2380,3,2189,4,0,5,0,6,100,7,1528,8,500,9,272,10,602,11,0,12,652,,0,,0,,0,,0,,0,,0,,0,,0,,0,,0,,0,8223,0
1773717343,2,,2,2380,3,2189,4,0,5,0,6,100,7,1528,8,500,9,272,10,602,11,0,12,652,,0,,0,,0,,0,,0,,0,,0,,0,,0,,0,,0,8223,0
1773717344,2,,2,2380,3,2189,4,0,5,0,6,100,7,1528,8,500,9,272,10,602,11,0,12,652,,0,,0,,0,,0,,0,,0,,0,,0,,0,,0,,0,8223,0
1773717345,2,,2,2380,3,2189,4,0,5,0,6,100,7,1528,8,500,9,272,10,602,11,0,12,652,,0,,0,,0,,0,,0,,0,,0,,0,,0,,0,,0,8223,0
1773717346,2,,2,2380,3,2189,4,0,5,0,6,100,7,1528,8,500,9,272,10,602,11,0,12,652,,0,,0,,0,,0,,0,,0,,0,,0,,0,,0,,0,8223,0
1773717347,2,,2,2380,3,2189,4,0,5,0,6,100,7,1528,8,500,9,272,10,602,11,0,12,652,,0,,0,,0,,0,,0,,0,,0,,0,,0,,0,,0,8223,0
1773717348,2,,2,2380,3,2189,4,0,5,0,6,100,7,1528,8,500,9,272,10,602,11,0,12,652,,0,,0,,0,,0,,0,,0,,0,,0,,0,,0,,0,8223,0
1773717349,2,,2,2380,3,2189,4,0,5,0,6,100,7,1528,8,500,9,272,10,602,11,0,12,652,,0,,0,,0,,0,,0,,0,,0,,0,,0,,0,,0,8223,0
1773717350,2,,2,2380,3,2189,4,0,5,0,6,100,7,1528,8,500,9,272,10,602,11,0,12,652,,0,,0,,0,,0,,0,,0,,0,,0,,0,,0,,0,8223,0
1773717351,2,,2,2380,3,2189,4,0,5,0,6,100,7,1528,8,500,9,272,10,602,11,0,12,652,,0,,0,,0,,0,,0,,0,,0,,0,,0,,0,,0,8223,0
1773717352,2,,2,2380,3,2189,4,0,5,0,6,100,7,1528,8,500,9,272,10,602,11,0,12,652,,0,,0,,0,,0,,0,,0,,0,,0,,0,,0,,0,8223,0
1773717353,2,,2,2380,3,2189,4,0,5,0,6,100,7,1528,8,500,9,272,10,602,11,0,12,652,,0,,0,,0,,0,,0,,0,,0,,0,,0,,0,,0,8223,0
1773717354,2,,2,2380,3,2189,4,0,5,0,6,100,7,1528,8,500,9,272,10,602,11,0,12,652,,0,,0,,0,,0,,0,,0,,0,,0,,0,,0,,0,8223,0
1773717355,2,,2,2380,3,2189,4,0,5,0,6,100,7,1528,8,500,9,272,10,602,11,0,12,652,,0,,0,,0,,0,,0,,0,,0,,0,,0,,0,,0,8223,0
1773717356,2,,2,2380,3,2189,4,0,5,0,6,100,7,1528,8,500,9,272,10,602,11,0,12,652,,0,,0,,0,,0,,0,,0,,0,,0,,0,,0,,0,8223,0
1773717357,2,,2,2380,3,2189,4,0,5,0,6,100,7,1528,8,500,9,272,10,602,11,0,12,652,,0,,0,,0,,0,,0,,0,,0,,0,,0,,0,,0,8223,0
1773717358,2,,2,2380,3,2189,4,0,5,0,6,100,7,1528,8,500,9,272,10,602,11,0,12,652,,0,,0,,0,,0,,0,,0,,0,,0,,0,,0,,0,8223,0
1773717359,2,,2,2380,3,2189,4,0,5,0,6,100,7,1528,8,500,9,272,10,602,11,0,12,652,,0,,0,,0,,0,,0,,0,,0,,0,,0,,0,,0,8223,0
1773717360,2,,2,2380,3,2189,4,0,5,0,6,100,7,1528,8,500,9,272,10,602,11,0,12,652,,0,,0,,0,,0,,0,,0,,0,,0,,0,,0,,0,8223,0
1773717361,2,,2,2380,3,2189,4,0,5,0,6,100,7,1528,8,500,9,272,10,602,11,0,12,652,,0,,0,,0,,0,,0,,0,,0,,0,,0,,0,,0,8223,0
1773717362,2,,2,2380,3,2189,4,0,5,0,6,100,7,1528,8,500,9,272,10,602,11,0,12,652,,0,,0,,0,,0,,0,,0,,0,,0,,0,,0,,0,8223,0
1773717363,2,,2,2380,3,2189,4,0,5,0,6,100,7,1528,8,500,9,272,10,602,11,0,12,652,,0,,0,,0,,0,,0,,0,,0,,0,,0,,0,,0,8223,0
1773717364,2,,2,2380,3,2189,4,0,5,0,6,100,7,1528,8,500,9,272,10,602,11,0,12,652,,0,,0,,0,,0,,0,,0,,0,,0,,0,,0,,0,8223,0
1773717365,2,,2,2380,3,2189,4,0,5,0,6,100,7,1528,8,500,9,272,10,602,11,0,12,652,,0,,0,,0,,0,,0,,0,,0,,0,,0,,0,,0,8223,0
1773717366,2,,2,2380,3,2189,4,0,5,0,6,100,7,1528,8,500,9,272,10,602,11,0,12,652,,0,,0,,0,,0,,0,,0,,0,,0,,0,,0,,0,8223,0
1773717367,2,,2,2380,3,2189,4,0,5,0,6,100,7,1528,8,500,9,272,10,602,11,0,12,652,,0,,0,,0,,0,,0,,0,,0,,0,,0,,0,,0,8223,0
1773717368,2,,2,2380,3,2189,4,0,5,0,6,100,7,1528,8,500,9,272,10,602,11,0,12,652,,0,,0,,0,,0,,0,,0,,0,,0,,0,,0,,0,8223,0
1773717369,2,,2,2380,3,2189,4,0,5,0,6,100,7,1528,8,500,9,272,10,602,11,0,12,652,,0,,0,,0,,0,,0,,0,,0,,0,,0,,0,,0,8223,0
1773717370,2,,2,2380,3,2189,4,0,5,0,6,100,7,1528,8,500,9,272,10,602,11,0,12,652,,0,,0,,0,,0,,0,,0,,0,,0,,0,,0,,0,8223,0
1773717371,2,,2,2380,3,2189,4,0,5,0,6,100,7,1525,8,500,9,272,10,602,11,0,12,652,,0,,0,,0,,0,,0,,0,,0,,0,,0,,0,,0,8220,0
1773717372,2,,2,2380,3,2189,4,0,5,0,6,100,7,1525,8,500,9,272,10,602,11,0,12,652,,0,,0,,0,,0,,0,,0,,0,,0,,0,,0,,0,8220,0
1773717373,2,,2,2380,3,2189,4,0,5,0,6,100,7,1525,8,500,9,272,10,602,11,0,12,652,,0,,0,,0,,0,,0,,0,,0,,0,,0,,0,,0,8220,0
1773717374,2,,2,2380,3,2189,4,0,5,0,6,100,7,1525,8,500,9,272,10,602,11,0,12,652,,0,,0,,0,,0,,0,,0,,0,,0,,0,,0,,0,8220,0
1773717375,2,,2,2380,3,2189,4,0,5,0,6,100,7,1525,8,500,9,272,10,602,11,0,12,652,,0,,0,,0,,0,,0,,0,,0,,0,,0,,0,,0,8220,0
1773717376,2,,2,2380,3,2189,4,0,5,0,6,100,7,1525,8,500,9,272,10,602,11,0,12,652,,0,,0,,0,,0,,0,,0,,0,,0,,0,,0,,0,8220,0
1773717377,2,,2,2380,3,2189,4,0,5,0,6,100,7,1525,8,500,9,272,10,602,11,0,12,652,,0,,0,,0,,0,,0,,0,,0,,0,,0,,0,,0,8220,0
1773717378,1,,1,6500,2,2380,3,2189,4,0,5,0,6,100,7,1524,8,500,9,272,10,602,11,0,,0,,0,,0,,0,,0,,0,,0,,0,,0,,0,,0,14067,0
1773717379,1,,1,6500,2,2380,3,2189,4,0,5,0,6,100,7,1524,8,500,9,272,10,602,11,0,,0,,0,,0,,0,,0,,0,,0,,0,,0,,0,,0,14067,0
1773717380,1,,1,6500,2,2380,3,2189,4,0,5,0,6,100,7,1524,8,500,9,272,10,602,11,0,,0,,0,,0,,0,,0,,0,,0,,0,,0,,0,,0,14067,0
1773717381,1,,1,6500,2,2380,3,2189,4,0,5,0,6,100,7,1524,8,500,9,272,10,602,11,0,,0,,0,,0,,0,,0,,0,,0,,0,,0,,0,,0,14067,0
1773717382,1,,1,6500,2,2380,3,2189,4,0,5,0,6,100,7,1524,8,500,9,272,10,602,11,0,,0,,0,,0,,0,,0,,0,,0,,0,,0,,0,,0,14067,0
1773717383,1,,1,6500,2,2380,3,2189,4,0,5,0,6,100,7,1524,8,500,9,272,10,602,11,0,,0,,0,,0,,0,,0,,0,,0,,0,,0,,0,,0,14067,0
1773717384,1,,1,6500,2,2380,3,2189,4,0,5,0,6,100,7,1524,8,500,9,272,10,602,11,0,,0,,0,,0,,0,,0,,0,,0,,0,,0,,0,,0,14067,0
1773717385,1,,1,6472,2,2380,3,2189,4,0,5,0,6,100,7,1523,8,500,9,272,10,602,11,0,,0,,0,,0,,0,,0,,0,,0,,0,,0,,0,,0,14038,0
1773717386,1,,1,6472,2,2380,3,2189,4,0,5,0,6,100,7,1523,8,500,9,272,10,602,11,0,,0,,0,,0,,0,,0,,0,,0,,0,,0,,0,,0,14038,0
1773717387,1,,1,6472,2,2380,3,2189,4,0,5,0,6,100,7,1523,8,500,9,272,10,602,11,0,,0,,0,,0,,0,,0,,0,,0,,0,,0,,0,,0,14038,0
1773717388,1,,1,6472,2,2380,3,2189,4,0,5,0,6,100,7,1523,8,500,9,272,10,602,11,0,,0,,0,,0,,0,,0,,0,,0,,0,,0,,0,,0,14038,0
1773717389,1,,1,6472,2,2380,3,2189,4,0,5,0,6,100,7,1523,8,500,9,272,10,602,11,0,,0,,0,,0,,0,,0,,0,,0,,0,,0,,0,,0,14038,0
1773717390,1,,1,6472,2,2380,3,2189,4,0,5,0,6,100,7,1523,8,500,9,272,10,602,11,0,,0,,0,,0,,0,,0,,0,,0,,0,,0,,0,,0,14038,0
1773717391,1,,1,6472,2,2380,3,2189,4,0,5,0,6,100,7,1523,8,500,9,272,10,602,11,0,,0,,0,,0,,0,,0,,0,,0,,0,,0,,0,,0,14038,0
1773717392,1,,1,6472,2,2380,3,2189,4,0,5,0,6,100,7,1523,8,500,9,272,10,602,11,0,,0,,0,,0,,0,,0,,0,,0,,0,,0,,0,,0,14038,0
1773717393,1,,1,5537,2,2380,3,2189,4,0,5,0,6,100,7,1523,8,500,9,272,10,602,11,0,,0,,0,,0,,0,,0,,0,,0,,0,,0,,0,,0,13103,0
1773717394,1,,1,5537,2,2380,3,2189,4,0,5,0,6,100,7,1523,8,500,9,272,10,602,11,0,,0,,0,,0,,0,,0,,0,,0,,0,,0,,0,,0,13103,0
1773717395,1,,1,5537,2,2380,3,2189,4,0,5,0,6,100,7,1523,8,500,9,272,10,602,11,0,,0,,0,,0,,0,,0,,0,,0,,0,,0,,0,,0,13103,0
1773717396,1,,1,5567,2,2380,3,2189,4,0,5,0,6,100,7,1522,8,500,9,272,10,602,11,0,,0,,0,,0,,0,,0,,0,,0,,0,,0,,0,,0,13132,0
1773717397,1,,1,5567,2,2380,3,2189,4,0,5,0,6,100,7,1522,8,500,9,272,10,602,11,0,,0,,0,,0,,0,,0,,0,,0,,0,,0,,0,,0,13132,0
1773717398,1,,1,5567,2,2380,3,2189,4,0,5,0,6,100,7,1522,8,500,9,272,10,602,11,0,,0,,0,,0,,0,,0,,0,,0,,0,,0,,0,,0,13132,0
1773717399,1,,1,5567,2,2380,3,2189,4,0,5,0,6,100,7,1522,8,500,9,272,10,602,11,0,,0,,0,,0,,0,,0,,0,,0,,0,,0,,0,,0,13132,0
1773717400,1,,1,5567,2,2380,3,2189,4,0,5,0,6,100,7,1522,8,500,9,272,10,602,11,0,,0,,0,,0,,0,,0,,0,,0,,0,,0,,0,,0,13132,0
1773717401,1,,1,5567,2,2380,3,2189,4,0,5,0,6,100,7,1522,8,500,9,272,10,602,11,0,,0,,0,,0,,0,,0,,0,,0,,0,,0,,0,,0,13132,0
1773717402,1,,1,5567,2,2380,3,2189,4,0,5,0,6,100,7,1522,8,500,9,272,10,602,11,0,,0,,0,,0,,0,,0,,0,,0,,0,,0,,0,,0,13132,0
1773717403,1,,1,5567,2,2380,3,2189,4,0,5,0,6,100,7,1522,8,500,9,272,10,602,11,0,,0,,0,,0,,0,,0,,0,,0,,0,,0,,0,,0,13132,0
1773717404,1,,1,5567,2,2380,3,2189,4,0,5,0,6,100,7,1522,8,500,9,272,10,602,11,0,,0,,0,,0,,0,,0,,0,,0,,0,,0,,0,,0,13132,0
1773717405,1,,1,5567,2,2380,3,2189,4,0,5,0,6,100,7,1522,8,500,9,272,10,602,11,0,,0,,0,,0,,0,,0,,0,,0,,0,,0,,0,,0,13132,0
1773717406,1,,1,5567,2,2380,3,2189,4,0,5,0,6,100,7,1522,8,500,9,272,10,602,11,0,,0,,0,,0,,0,,0,,0,,0,,0,,0,,0,,0,13132,0
1773717407,1,,1,5567,2,2380,3,2189,4,0,5,0,6,100,7,1522,8,500,9,272,10,602,11,0,,0,,0,,0,,0,,0,,0,,0,,0,,0,,0,,0,13132,0
1773717408,1,,1,5567,2,2380,3,2189,4,0,5,0,6,100,7,1522,8,500,9,272,10,602,11,0,,0,,0,,0,,0,,0,,0,,0,,0,,0,,0,,0,13132,0
1773717409,1,,1,5567,2,2380,3,2189,4,0,5,0,6,100,7,1522,8,500,9,272,10,602,11,0,,0,,0,,0,,0,,0,,0,,0,,0,,0,,0,,0,13132,0
1773717410,1,,1,5567,2,2380,3,2189,4,0,5,0,6,100,7,1522,8,500,9,272,10,602,11,0,,0,,0,,0,,0,,0,,0,,0,,0,,0,,0,,0,13132,0
1773717411,1,,1,5567,2,2380,3,2189,4,0,5,0,6,100,7,1522,8,500,9,272,10,602,11,0,,0,,0,,0,,0,,0,,0,,0,,0,,0,,0,,0,13132,0
1773717412,1,,1,5567,2,2380,3,2189,4,0,5,0,6,100,7,1522,8,500,9,272,10,602,11,0,,0,,0,,0,,0,,0,,0,,0,,0,,0,,0,,0,13132,0
1773717413,1,,1,5567,2,2380,3,2189,4,0,5,0,6,100,7,1522,8,500,9,272,10,602,11,0,,0,,0,,0,,0,,0,,0,,0,,0,,0,,0,,0,13132,0
1773717414,1,,1,5567,2,2380,3,2189,4,0,5,0,6,100,7,1522,8,500,9,272,10,602,11,0,,0,,0,,0,,0,,0,,0,,0,,0,,0,,0,,0,13132,0
1773717415,1,,1,5567,2,2380,3,2189,4,0,5,0,6,100,7,1522,8,500,9,272,10,602,11,0,,0,,0,,0,,0,,0,,0,,0,,0,,0,,0,,0,13132,0
1773717416,1,,1,5530,2,2380,3,2189,4,0,5,0,6,100,7,1520,8,500,9,272,10,602,11,0,,0,,0,,0,,0,,0,,0,,0,,0,,0,,0,,0,13093,0
1773717417,1,,1,5530,2,2380,3,2189,4,0,5,0,6,100,7,1520,8,500,9,272,10,602,11,0,,0,,0,,0,,0,,0,,0,,0,,0,,0,,0,,0,13093,0
1773717418,1,,1,5530,2,2380,3,2189,4,0,5,0,6,100,7,1520,8,500,9,272,10,602,11,0,,0,,0,,0,,0,,0,,0,,0,,0,,0,,0,,0,13093,0
1773717419,1,,1,5530,2,2380,3,2189,4,0,5,0,6,100,7,1520,8,500,9,272,10,602,11,0,,0,,0,,0,,0,,0,,0,,0,,0,,0,,0,,0,13093,0
1773717420,1,,1,5530,2,2380,3,2189,4,0,5,0,6,100,7,1520,8,500,9,272,10,602,11,0,,0,,0,,0,,0,,0,,0,,0,,0,,0,,0,,0,13093,0
1773717421,1,,1,5530,2,2380,3,2189,4,0,5,0,6,100,7,1520,8,500,9,272,10,602,11,0,,0,,0,,0,,0,,0,,0,,0,,0,,0,,0,,0,13093,0
1773717422,1,,1,5530,2,2380,3,2189,4,0,5,0,6,100,7,1520,8,500,9,272,10,602,11,0,,0,,0,,0,,0,,0,,0,,0,,0,,0,,0,,0,13093,0
1773717423,1,,1,5530,2,2380,3,2189,4,0,5,0,6,100,7,1520,8,500,9,272,10,602,11,0,,0,,0,,0,,0,,0,,0,,0,,0,,0,,0,,0,13093,0
1773717424,1,,1,5530,2,2380,3,2229,4,0,5,0,6,100,7,1520,8,500,9,272,10,602,11,0,,0,,0,,0,,0,,0,,0,,0,,0,,0,,0,,0,13133,0
1773717425,1,,1,5530,2,2380,3,2239,4,0,5,0,6,100,7,1520,8,500,9,272,10,602,11,0,,0,,0,,0,,0,,0,,0,,0,,0,,0,,0,,0,13143,0
1773717426,1,,1,5530,2,2380,3,2239,4,0,5,0,6,100,7,1520,8,500,9,272,10,602,11,0,,0,,0,,0,,0,,0,,0,,0,,0,,0,,0,,0,13143,0
1773717427,1,,1,5530,2,2380,3,2239,4,0,5,0,6,100,7,1520,8,500,9,272,10,602,11,0,,0,,0,,0,,0,,0,,0,,0,,0,,0,,0,,0,13143,0
1773717428,1,,1,5530,2,2380,3,2239,4,0,5,0,6,100,7,1520,8,500,9,272,10,602,11,0,,0,,0,,0,,0,,0,,0,,0,,0,,0,,0,,0,13143,0
1773717429,1,,1,5530,2,2380,3,2239,4,0,5,0,6,100,7,1520,8,500,9,272,10,602,11,0,,0,,0,,0,,0,,0,,0,,0,,0,,0,,0,,0,13143,0
1773717430,1,,1,5530,2,2380,3,2239,4,0,5,0,6,100,7,1520,8,500,9,272,10,602,11,0,,0,,0,,0,,0,,0,,0,,0,,0,,0,,0,,0,13143,0
1773717431,1,,1,5530,2,2380,3,2239,4,0,5,0,6,100,7,1520,8,500,9,272,10,602,11,0,,0,,0,,0,,0,,0,,0,,0,,0,,0,,0,,0,13143,0
1773717432,1,,1,5530,2,2380,3,2239,4,0,5,0,6,100,7,1520,8,500,9,272,10,602,11,0,,0,,0,,0,,0,,0,,0,,0,,0,,0,,0,,0,13143,0
1773717433,1,,1,5530,2,2380,3,2239,4,0,5,0,6,100,7,1520,8,500,9,272,10,602,11,0,,0,,0,,0,,0,,0,,0,,0,,0,,0,,0,,0,13143,0
1773717434,1,,1,5530,2,2380,3,2239,4,0,5,0,6,100,7,1520,8,500,9,272,10,602,11,0,,0,,0,,0,,0,,0,,0,,0,,0,,0,,0,,0,13143,0
1773717435,1,,1,5530,2,2380,3,2239,4,0,5,0,6,100,7,1520,8,500,9,272,10,602,11,0,,0,,0,,0,,0,,0,,0,,0,,0,,0,,0,,0,13143,0
1773717436,1,,1,5530,2,2380,3,2239,4,0,5,0,6,100,7,1520,8,500,9,272,10,602,11,0,,0,,0,,0,,0,,0,,0,,0,,0,,0,,0,,0,13143,0
1773717437,1,,1,5530,2,2380,3,2239,4,0,5,0,6,100,7,1520,8,500,9,272,10,602,11,0,,0,,0,,0,,0,,0,,0,,0,,0,,0,,0,,0,13143,0
1773717438,1,,1,5530,2,2380,3,2239,4,0,5,0,6,100,7,1520,8,500,9,272,10,602,11,0,,0,,0,,0,,0,,0,,0,,0,,0,,0,,0,,0,13143,0
1773717439,1,,1,5530,2,2380,3,2239,4,0,5,0,6,100,7,1520,8,500,9,272,10,602,11,0,,0,,0,,0,,0,,0,,0,,0,,0,,0,,0,,0,13143,0
1773717440,1,,1,5530,2,2380,3,2239,4,0,5,0,6,100,7,1520,8,500,9,272,10,602,11,0,,0,,0,,0,,0,,0,,0,,0,,0,,0,,0,,0,13143,0
1773717441,1,,1,5530,2,2380,3,2239,4,0,5,0,6,100,7,1520,8,500,9,272,10,602,11,0,,0,,0,,0,,0,,0,,0,,0,,0,,0,,0,,0,13143,0
1773717442,1,,1,5530,2,2380,3,2239,4,0,5,0,6,100,7,1520,8,500,9,272,10,602,11,0,,0,,0,,0,,0,,0,,0,,0,,0,,0,,0,,0,13143,0
1773717443,1,,1,5530,2,2380,3,2239,4,0,5,0,6,100,7,1520,8,500,9,272,10,602,11,0,,0,,0,,0,,0,,0,,0,,0,,0,,0,,0,,0,13143,0
1773717444,1,,1,5530,2,2380,3,2239,4,0,5,0,6,100,7,1520,8,500,9,272,10,602,11,0,,0,,0,,0,,0,,0,,0,,0,,0,,0,,0,,0,13143,0
1773717445,1,,1,5530,2,2380,3,2239,4,0,5,0,6,100,7,1520,8,500,9,272,10,602,11,0,,0,,0,,0,,0,,0,,0,,0,,0,,0,,0,,0,13143,0
1773717446,1,,1,5530,2,2380,3,2239,4,0,5,0,6,100,7,1520,8,500,9,272,10,602,11,0,,0,,0,,0,,0,,0,,0,,0,,0,,0,,0,,0,13143,0
1773717447,1,,1,5530,2,2380,3,2239,4,0,5,0,6,100,7,1520,8,500,9,272,10,602,11,0,,0,,0,,0,,0,,0,,0,,0,,0,,0,,0,,0,13143,0
1773717448,1,,1,5530,2,2380,3,2239,4,0,5,0,6,100,7,1520,8,500,9,272,10,602,11,0,,0,,0,,0,,0,,0,,0,,0,,0,,0,,0,,0,13143,0
1773717449,1,,1,5530,2,2380,3,2239,4,0,5,0,6,100,7,1520,8,500,9,272,10,602,11,0,,0,,0,,0,,0,,0,,0,,0,,0,,0,,0,,0,13143,0
1773717450,1,,1,5530,2,2380,3,2239,4,0,5,0,6,100,7,1520,8,500,9,272,10,602,11,0,,0,,0,,0,,0,,0,,0,,0,,0,,0,,0,,0,13143,0
1773717451,1,,1,5530,2,2380,3,2239,4,0,5,0,6,100,7,1520,8,500,9,272,10,602,11,0,,0,,0,,0,,0,,0,,0,,0,,0,,0,,0,,0,13143,0
1773717452,1,,1,5530,2,2380,3,2239,4,0,5,0,6,100,7,1520,8,500,9,272,10,602,11,0,,0,,0,,0,,0,,0,,0,,0,,0,,0,,0,,0,13143,0
1773717453,1,,1,5530,2,2380,3,2239,4,0,5,0,6,100,7,1520,8,500,9,272,10,602,11,0,,0,,0,,0,,0,,0,,0,,0,,0,,0,,0,,0,13143,0
1773717454,1,,1,5530,2,2380,3,2239,4,0,5,0,6,100,7,1520,8,500,9,272,10,602,11,0,,0,,0,,0,,0,,0,,0,,0,,0,,0,,0,,0,13143,0
1773717455,1,,1,5530,2,2380,3,2239,4,0,5,0,6,100,7,1520,8,500,9,272,10,602,11,0,,0,,0,,0,,0,,0,,0,,0,,0,,0,,0,,0,13143,0
1773717456,1,,1,5530,2,2380,3,2239,4,0,5,0,6,100,7,1520,8,500,9,272,10,602,11,0,,0,,0,,0,,0,,0,,0,,0,,0,,0,,0,,0,13143,0
1773717457,1,,1,5530,2,2380,3,2239,4,0,5,0,6,100,7,1520,8,500,9,272,10,602,11,0,,0,,0,,0,,0,,0,,0,,0,,0,,0,,0,,0,13143,0
1773717458,1,,1,5530,2,2380,3,2239,4,0,5,0,6,100,7,1520,8,500,9,272,10,602,11,0,,0,,0,,0,,0,,0,,0,,0,,0,,0,,0,,0,13143,0
1773717459,1,,1,5530,2,2380,3,2239,4,0,5,0,6,100,7,1520,8,500,9,272,10,602,11,0,,0,,0,,0,,0,,0,,0,,0,,0,,0,,0,,0,13143,0
1773717460,1,,1,5530,2,2380,3,2239,4,0,5,0,6,100,7,1520,8,500,9,272,10,602,11,0,,0,,0,,0,,0,,0,,0,,0,,0,,0,,0,,0,13143,0
1773717461,1,,1,5530,2,2380,3,2239,4,0,5,0,6,100,7,1520,8,500,9,272,10,602,11,0,,0,,0,,0,,0,,0,,0,,0,,0,,0,,0,,0,13143,0
1773717462,1,,1,5530,2,2430,3,2189,4,0,5,0,6,100,7,1515,8,500,9,272,10,602,11,0,,0,,0,,0,,0,,0,,0,,0,,0,,0,,0,,0,13138,0
1773717463,1,,1,5530,2,2430,3,2189,4,0,5,0,6,100,7,1515,8,500,9,272,10,602,11,0,,0,,0,,0,,0,,0,,0,,0,,0,,0,,0,,0,13138,0
1773717464,1,,1,5530,2,2430,3,2189,4,0,5,0,6,100,7,1515,8,500,9,272,10,602,11,0,,0,,0,,0,,0,,0,,0,,0,,0,,0,,0,,0,13138,0
1773717465,1,,1,5530,2,2430,3,2189,4,0,5,0,6,100,7,1515,8,500,9,272,10,602,11,0,,0,,0,,0,,0,,0,,0,,0,,0,,0,,0,,0,13138,0
1773717466,1,,1,5530,2,2430,3,2189,4,0,5,0,6,100,7,1515,8,500,9,272,10,602,11,0,,0,,0,,0,,0,,0,,0,,0,,0,,0,,0,,0,13138,0
1773717467,1,,1,5530,2,2430,3,2189,4,0,5,0,6,100,7,1515,8,500,9,272,10,602,11,0,,0,,0,,0,,0,,0,,0,,0,,0,,0,,0,,0,13138,0
1773717468,1,,1,5530,2,2430,3,2189,4,0,5,0,6,100,7,1515,8,500,9,272,10,602,11,0,,0,,0,,0,,0,,0,,0,,0,,0,,0,,0,,0,13138,0
1773717469,1,,1,5530,2,2430,3,2189,4,0,5,0,6,100,7,1515,8,500,9,272,10,602,11,0,,0,,0,,0,,0,,0,,0,,0,,0,,0,,0,,0,13138,0
1773717470,1,,1,5530,2,2430,3,2189,4,0,5,0,6,100,7,1515,8,500,9,272,10,602,11,0,,0,,0,,0,,0,,0,,0,,0,,0,,0,,0,,0,13138,0
1773717471,1,,1,5530,2,2430,3,2189,4,0,5,0,6,100,7,1515,8,500,9,272,10,602,11,0,,0,,0,,0,,0,,0,,0,,0,,0,,0,,0,,0,13138,0
1773717472,1,,1,5530,2,2430,3,2189,4,0,5,0,6,100,7,1515,8,500,9,272,10,602,11,0,,0,,0,,0,,0,,0,,0,,0,,0,,0,,0,,0,13138,0
1773717473,1,,1,5437,2,2430,3,2189,4,0,5,0,6,100,7,1514,8,500,9,272,10,602,11,0,,0,,0,,0,,0,,0,,0,,0,,0,,0,,0,,0,13044,0
1773717474,1,,1,5587,2,2430,3,2189,4,0,5,0,6,100,7,1514,8,500,9,272,10,602,11,0,,0,,0,,0,,0,,0,,0,,0,,0,,0,,0,,0,13194,0
1773717475,1,,1,5587,2,2430,3,2189,4,0,5,0,6,100,7,1514,8,500,9,272,10,602,11,0,,0,,0,,0,,0,,0,,0,,0,,0,,0,,0,,0,13194,0
1773717476,1,,1,5587,2,2430,3,2189,4,0,5,0,6,100,7,1514,8,500,9,272,10,602,11,0,,0,,0,,0,,0,,0,,0,,0,,0,,0,,0,,0,13194,0
1773717477,1,,1,5587,2,2430,3,2189,4,0,5,0,6,100,7,1514,8,500,9,272,10,602,11,0,,0,,0,,0,,0,,0,,0,,0,,0,,0,,0,,0,13194,0
1773717478,1,,1,5587,2,2430,3,2189,4,0,5,0,6,100,7,1514,8,500,9,272,10,602,11,0,,0,,0,,0,,0,,0,,0,,0,,0,,0,,0,,0,13194,0
1773717479,1,,1,5587,2,2430,3,2189,4,0,5,0,6,100,7,1514,8,500,9,272,10,602,11,0,,0,,0,,0,,0,,0,,0,,0,,0,,0,,0,,0,13194,0
1773717480,1,,1,5587,2,2430,3,2189,4,0,5,0,6,100,7,1514,8,500,9,272,10,602,11,0,,0,,0,,0,,0,,0,,0,,0,,0,,0,,0,,0,13194,0
1773717481,1,,1,5587,2,2430,3,2189,4,0,5,0,6,100,7,1514,8,500,9,272,10,602,11,0,,0,,0,,0,,0,,0,,0,,0,,0,,0,,0,,0,13194,0
1773717482,1,,1,5637,2,2380,3,2189,4,0,5,0,6,100,7,1513,8,500,9,272,10,602,11,0,,0,,0,,0,,0,,0,,0,,0,,0,,0,,0,,0,13193,0
1773717483,1,,1,5637,2,2380,3,2189,4,0,5,0,6,100,7,1513,8,500,9,272,10,602,11,0,,0,,0,,0,,0,,0,,0,,0,,0,,0,,0,,0,13193,0
1773717484,1,,1,5637,2,2380,3,2189,4,0,5,0,6,100,7,1513,8,500,9,272,10,602,11,0,,0,,0,,0,,0,,0,,0,,0,,0,,0,,0,,0,13193,0
1773717485,1,,1,5637,2,2380,3,2189,4,0,5,0,6,100,7,1512,8,500,9,272,10,602,11,0,,0,,0,,0,,0,,0,,0,,0,,0,,0,,0,,0,13192,0
1773717486,1,,1,5637,2,2380,3,2189,4,0,5,0,6,100,7,1512,8,500,9,272,10,602,11,0,,0,,0,,0,,0,,0,,0,,0,,0,,0,,0,,0,13192,0
1773717487,1,,1,5637,2,2380,3,2189,4,0,5,0,6,100,7,1512,8,500,9,272,10,602,11,0,,0,,0,,0,,0,,0,,0,,0,,0,,0,,0,,0,13192,0
1773717488,1,,1,5637,2,2380,3,2189,4,0,5,0,6,100,7,1512,8,500,9,272,10,602,11,0,,0,,0,,0,,0,,0,,0,,0,,0,,0,,0,,0,13192,0
1773717489,1,,1,5637,2,2380,3,2189,4,0,5,0,6,100,7,1512,8,500,9,272,10,602,11,0,,0,,0,,0,,0,,0,,0,,0,,0,,0,,0,,0,13192,0
1773717490,1,,1,5637,2,2380,3,2189,4,0,5,0,6,100,7,1512,8,500,9,272,10,602,11,0,,0,,0,,0,,0,,0,,0,,0,,0,,0,,0,,0,13192,0
1773717491,1,,1,5637,2,2380,3,2189,4,0,5,0,6,100,7,1512,8,500,9,272,10,602,11,0,,0,,0,,0,,0,,0,,0,,0,,0,,0,,0,,0,13192,0
1773717492,1,,1,5637,2,2380,3,2189,4,0,5,0,6,100,7,1512,8,500,9,272,10,602,11,0,,0,,0,,0,,0,,0,,0,,0,,0,,0,,0,,0,13192,0
1773717493,1,,1,5637,2,2380,3,2189,4,0,5,0,6,100,7,1512,8,500,9,272,10,602,11,0,,0,,0,,0,,0,,0,,0,,0,,0,,0,,0,,0,13192,0
1773717494,1,,1,5591,2,2380,3,2189,4,0,5,0,6,100,7,1511,8,500,9,272,10,602,11,0,,0,,0,,0,,0,,0,,0,,0,,0,,0,,0,,0,13145,0
1773717495,1,,1,5591,2,2380,3,2189,4,0,5,0,6,100,7,1511,8,500,9,272,10,602,11,0,,0,,0,,0,,0,,0,,0,,0,,0,,0,,0,,0,13145,0
1773717496,1,,1,5591,2,2380,3,2189,4,0,5,0,6,100,7,1511,8,500,9,272,10,602,11,0,,0,,0,,0,,0,,0,,0,,0,,0,,0,,0,,0,13145,0
1773717497,1,,1,5591,2,2380,3,2189,4,0,5,0,6,100,7,1511,8,500,9,272,10,602,11,0,,0,,0,,0,,0,,0,,0,,0,,0,,0,,0,,0,13145,0
1773717498,1,,1,5591,2,2380,3,2189,4,0,5,0,6,100,7,1511,8,500,9,272,10,602,11,0,,0,,0,,0,,0,,0,,0,,0,,0,,0,,0,,0,13145,0
1773717499,1,,1,5591,2,2380,3,2189,4,0,5,0,6,100,7,1511,8,500,9,272,10,602,11,0,,0,,0,,0,,0,,0,,0,,0,,0,,0,,0,,0,13145,0
1773717500,1,,1,5591,2,2380,3,2189,4,0,5,0,6,100,7,1511,8,500,9,272,10,602,11,0,,0,,0,,0,,0,,0,,0,,0,,0,,0,,0,,0,13145,0
1773717501,1,,1,5591,2,2380,3,2189,4,0,5,0,6,100,7,1511,8,500,9,272,10,602,11,0,,0,,0,,0,,0,,0,,0,,0,,0,,0,,0,,0,13145,0
1773717502,1,,1,5591,2,2380,3,2189,4,0,5,0,6,100,7,1511,8,500,9,272,10,602,11,0,,0,,0,,0,,0,,0,,0,,0,,0,,0,,0,,0,13145,0
1773717503,1,,1,5591,2,2380,3,2189,4,0,5,0,6,100,7,1511,8,500,9,272,10,602,11,0,,0,,0,,0,,0,,0,,0,,0,,0,,0,,0,,0,13145,0
1773717504,1,,1,5591,2,2380,3,2189,4,0,5,0,6,100,7,1511,8,500,9,272,10,602,11,0,,0,,0,,0,,0,,0,,0,,0,,0,,0,,0,,0,13145,0
1773717505,1,,1,5591,2,2380,3,2189,4,0,5,0,6,100,7,1511,8,500,9,272,10,602,11,0,,0,,0,,0,,0,,0,,0,,0,,0,,0,,0,,0,13145,0
1773717506,1,,1,5591,2,2380,3,2189,4,0,5,0,6,100,7,1511,8,500,9,272,10,602,11,0,,0,,0,,0,,0,,0,,0,,0,,0,,0,,0,,0,13145,0
1773717507,1,,1,5591,2,2380,3,2189,4,0,5,0,6,100,7,1511,8,500,9,272,10,602,11,0,,0,,0,,0,,0,,0,,0,,0,,0,,0,,0,,0,13145,0
1773717508,1,,1,5591,2,2380,3,2189,4,0,5,0,6,100,7,1511,8,500,9,272,10,602,11,0,,0,,0,,0,,0,,0,,0,,0,,0,,0,,0,,0,13145,0
1773717509,1,,1,5582,2,2380,3,2189,4,0,5,0,6,100,7,1510,8,500,9,272,10,602,11,0,,0,,0,,0,,0,,0,,0,,0,,0,,0,,0,,0,13135,0
1773717510,1,,1,5582,2,2380,3,2189,4,0,5,0,6,100,7,1510,8,500,9,272,10,602,11,0,,0,,0,,0,,0,,0,,0,,0,,0,,0,,0,,0,13135,0
1773717511,1,,1,5582,2,2380,3,2189,4,0,5,0,6,100,7,1510,8,500,9,272,10,602,11,0,,0,,0,,0,,0,,0,,0,,0,,0,,0,,0,,0,13135,0
1773717512,1,,1,5582,2,2380,3,2189,4,0,5,0,6,100,7,1510,8,500,9,272,10,602,11,0,,0,,0,,0,,0,,0,,0,,0,,0,,0,,0,,0,13135,0
1773717513,1,,1,5582,2,2380,3,2189,4,0,5,0,6,100,7,1510,8,500,9,272,10,602,11,0,,0,,0,,0,,0,,0,,0,,0,,0,,0,,0,,0,13135,0
1773717514,1,,1,5582,2,2380,3,2189,4,0,5,0,6,100,7,1510,8,500,9,272,10,602,11,0,,0,,0,,0,,0,,0,,0,,0,,0,,0,,0,,0,13135,0
1773717515,1,,1,5582,2,2380,3,2189,4,0,5,0,6,100,7,1509,8,500,9,272,10,602,11,0,,0,,0,,0,,0,,0,,0,,0,,0,,0,,0,,0,13134,0
1773717516,1,,1,5582,2,2380,3,2189,4,0,5,0,6,100,7,1509,8,500,9,272,10,602,11,0,,0,,0,,0,,0,,0,,0,,0,,0,,0,,0,,0,13134,0
1773717517,1,,1,5582,2,2380,3,2189,4,0,5,0,6,100,7,1509,8,500,9,272,10,602,11,0,,0,,0,,0,,0,,0,,0,,0,,0,,0,,0,,0,13134,0
1773717518,1,,1,5582,2,2380,3,2189,4,0,5,0,6,100,7,1509,8,500,9,272,10,602,11,0,,0,,0,,0,,0,,0,,0,,0,,0,,0,,0,,0,13134,0
1773717519,1,,1,5582,2,2380,3,2189,4,0,5,0,6,100,7,1509,8,500,9,272,10,602,11,0,,0,,0,,0,,0,,0,,0,,0,,0,,0,,0,,0,13134,0
1773717520,1,,1,5449,2,2380,3,2189,4,0,5,0,6,100,7,1508,8,500,9,272,10,602,11,0,,0,,0,,0,,0,,0,,0,,0,,0,,0,,0,,0,13000,0
1773717521,1,,1,5449,2,2380,3,2189,4,0,5,0,6,100,7,1508,8,500,9,272,10,602,11,0,,0,,0,,0,,0,,0,,0,,0,,0,,0,,0,,0,13000,0
1773717522,1,,1,5449,2,2380,3,2189,4,0,5,0,6,100,7,1508,8,500,9,272,10,602,11,0,,0,,0,,0,,0,,0,,0,,0,,0,,0,,0,,0,13000,0
1773717523,1,,1,5449,2,2380,3,2189,4,0,5,0,6,100,7,1508,8,500,9,272,10,602,11,0,,0,,0,,0,,0,,0,,0,,0,,0,,0,,0,,0,13000,0
1773717524,1,,1,5449,2,2380,3,2189,4,0,5,0,6,100,7,1508,8,500,9,272,10,602,11,0,,0,,0,,0,,0,,0,,0,,0,,0,,0,,0,,0,13000,0
1773717525,1,,1,5449,2,2380,3,2189,4,0,5,0,6,100,7,1508,8,500,9,272,10,602,11,0,,0,,0,,0,,0,,0,,0,,0,,0,,0,,0,,0,13000,0
1773717526,1,,1,5449,2,2380,3,2189,4,0,5,0,6,100,7,1508,8,500,9,272,10,602,11,0,,0,,0,,0,,0,,0,,0,,0,,0,,0,,0,,0,13000,0
1773717527,1,,1,5449,2,2380,3,2189,4,0,5,0,6,100,7,1508,8,500,9,272,10,602,11,0,,0,,0,,0,,0,,0,,0,,0,,0,,0,,0,,0,13000,0
1773717528,1,,1,5449,2,2380,3,2189,4,0,5,0,6,100,7,1508,8,500,9,272,10,602,11,0,,0,,0,,0,,0,,0,,0,,0,,0,,0,,0,,0,13000,0
1773717529,1,,1,5449,2,2380,3,2189,4,0,5,0,6,100,7,1508,8,500,9,272,10,602,11,0,,0,,0,,0,,0,,0,,0,,0,,0,,0,,0,,0,13000,0
1773717530,1,,1,5449,2,2380,3,2189,4,0,5,0,6,100,7,1508,8,500,9,272,10,602,11,0,,0,,0,,0,,0,,0,,0,,0,,0,,0,,0,,0,13000,0
1773717531,1,,1,5449,2,2380,3,2189,4,0,5,0,6,100,7,1508,8,500,9,272,10,602,11,0,,0,,0,,0,,0,,0,,0,,0,,0,,0,,0,,0,13000,0
1773717532,1,,1,5449,2,2380,3,2189,4,0,5,0,6,100,7,1508,8,500,9,272,10,602,11,0,,0,,0,,0,,0,,0,,0,,0,,0,,0,,0,,0,13000,0
1773717533,1,,1,5449,2,2380,3,2189,4,0,5,0,6,100,7,1508,8,500,9,272,10,602,11,0,,0,,0,,0,,0,,0,,0,,0,,0,,0,,0,,0,13000,0
1773717534,1,,1,5449,2,2380,3,2189,4,0,5,0,6,100,7,1508,8,500,9,272,10,602,11,0,,0,,0,,0,,0,,0,,0,,0,,0,,0,,0,,0,13000,0
1773717535,1,,1,5449,2,2380,3,2189,4,0,5,0,6,100,7,1507,8,500,9,272,10,602,11,0,,0,,0,,0,,0,,0,,0,,0,,0,,0,,0,,0,12999,0
1773717536,1,,1,5449,2,2380,3,2189,4,0,5,0,6,100,7,1507,8,500,9,272,10,602,11,0,,0,,0,,0,,0,,0,,0,,0,,0,,0,,0,,0,12999,0
1773717537,1,,1,5449,2,2380,3,2189,4,0,5,0,6,100,7,1507,8,500,9,272,10,602,11,0,,0,,0,,0,,0,,0,,0,,0,,0,,0,,0,,0,12999,0
1773717538,1,,1,5449,2,2380,3,2189,4,0,5,0,6,100,7,1507,8,500,9,272,10,602,11,0,,0,,0,,0,,0,,0,,0,,0,,0,,0,,0,,0,12999,0
1773717539,1,,1,5449,2,2380,3,2189,4,0,5,0,6,100,7,1507,8,500,9,272,10,602,11,0,,0,,0,,0,,0,,0,,0,,0,,0,,0,,0,,0,12999,0
1773717540,1,,1,5449,2,2380,3,2189,4,0,5,0,6,100,7,1507,8,500,9,272,10,602,11,0,,0,,0,,0,,0,,0,,0,,0,,0,,0,,0,,0,12999,0
1773717541,1,,1,5449,2,4380,3,2189,4,0,5,0,6,100,7,1506,8,500,9,272,10,602,11,0,,0,,0,,0,,0,,0,,0,,0,,0,,0,,0,,0,14998,0
1773717542,1,,1,5449,2,4380,3,2189,4,0,5,0,6,100,7,1506,8,500,9,272,10,602,11,0,,0,,0,,0,,0,,0,,0,,0,,0,,0,,0,,0,14998,0
1773717543,1,,1,5449,2,4380,3,2189,4,0,5,0,6,100,7,1506,8,500,9,272,10,602,11,0,,0,,0,,0,,0,,0,,0,,0,,0,,0,,0,,0,14998,0
1773717544,1,,1,5449,2,4380,3,2189,4,0,5,0,6,100,7,1506,8,500,9,272,10,602,11,0,,0,,0,,0,,0,,0,,0,,0,,0,,0,,0,,0,14998,0
1773717545,1,,1,5449,2,4380,3,2189,4,0,5,0,6,100,7,1506,8,500,9,272,10,602,11,0,,0,,0,,0,,0,,0,,0,,0,,0,,0,,0,,0,14998,0
1773717546,1,,1,5449,2,4380,3,2189,4,0,5,0,6,100,7,1506,8,500,9,272,10,602,11,0,,0,,0,,0,,0,,0,,0,,0,,0,,0,,0,,0,14998,0
1773717547,1,,1,5449,2,4380,3,2189,4,0,5,0,6,100,7,1506,8,500,9,272,10,602,11,0,,0,,0,,0,,0,,0,,0,,0,,0,,0,,0,,0,14998,0
1773717548,1,,1,5449,2,4380,3,189,4,0,5,0,6,100,7,1506,8,500,9,272,10,602,11,0,,0,,0,,0,,0,,0,,0,,0,,0,,0,,0,,0,12998,0
1773717549,1,,1,5449,2,4380,3,189,4,0,5,0,6,100,7,1506,8,500,9,272,10,602,11,0,,0,,0,,0,,0,,0,,0,,0,,0,,0,,0,,0,12998,0
1773717550,1,,1,5449,2,4380,3,189,4,0,5,0,6,100,7,1506,8,500,9,272,10,602,11,0,,0,,0,,0,,0,,0,,0,,0,,0,,0,,0,,0,12998,0
1773717551,1,,1,5449,2,4380,3,189,4,0,5,0,6,100,7,1506,8,500,9,272,10,602,11,0,,0,,0,,0,,0,,0,,0,,0,,0,,0,,0,,0,12998,0
1773717552,1,,1,5449,2,4380,3,189,4,0,5,0,6,100,7,1506,8,500,9,272,10,602,11,0,,0,,0,,0,,0,,0,,0,,0,,0,,0,,0,,0,12998,0
1773717553,1,,1,5449,2,4380,3,189,4,0,5,0,6,100,7,1506,8,500,9,272,10,602,11,0,,0,,0,,0,,0,,0,,0,,0,,0,,0,,0,,0,12998,0
1773717554,1,,1,5449,2,4380,3,189,4,0,5,0,6,100,7,1506,8,500,9,272,10,602,11,0,,0,,0,,0,,0,,0,,0,,0,,0,,0,,0,,0,12998,0
1773717555,1,,1,5449,2,4380,3,189,4,0,5,0,6,100,7,1506,8,500,9,272,10,602,11,0,,0,,0,,0,,0,,0,,0,,0,,0,,0,,0,,0,12998,0
1773717556,1,,1,5449,2,4380,3,189,4,0,5,0,6,100,7,1506,8,500,9,272,10,602,11,0,,0,,0,,0,,0,,0,,0,,0,,0,,0,,0,,0,12998,0
1773717557,1,,1,5449,2,4380,3,189,4,0,5,0,6,100,7,1506,8,500,9,272,10,602,11,0,,0,,0,,0,,0,,0,,0,,0,,0,,0,,0,,0,12998,0
1773717558,1,,1,5449,2,4380,3,189,4,0,5,0,6,100,7,1506,8,500,9,272,10,602,11,0,,0,,0,,0,,0,,0,,0,,0,,0,,0,,0,,0,12998,0
1773717559,1,,1,5449,2,4380,3,189,4,0,5,0,6,100,7,1506,8,500,9,272,10,602,11,0,,0,,0,,0,,0,,0,,0,,0,,0,,0,,0,,0,12998,0
1773717560,1,,1,5449,2,4380,3,189,4,0,5,0,6,100,7,1506,8,500,9,272,10,602,11,0,,0,,0,,0,,0,,0,,0,,0,,0,,0,,0,,0,12998,0
1773717561,1,,1,5449,2,4380,3,189,4,0,5,0,6,100,7,1506,8,500,9,272,10,602,11,0,,0,,0,,0,,0,,0,,0,,0,,0,,0,,0,,0,12998,0
1773717562,1,,1,5449,2,4380,3,189,4,0,5,0,6,100,7,1506,8,500,9,272,10,602,11,0,,0,,0,,0,,0,,0,,0,,0,,0,,0,,0,,0,12998,0
1773717563,1,,1,5449,2,4380,3,189,4,0,5,0,6,100,7,1506,8,500,9,272,10,602,11,0,,0,,0,,0,,0,,0,,0,,0,,0,,0,,0,,0,12998,0
1773717564,1,,1,5449,2,4380,3,189,4,0,5,0,6,100,7,1506,8,500,9,272,10,602,11,0,,0,,0,,0,,0,,0,,0,,0,,0,,0,,0,,0,12998,0
1773717565,1,,1,5449,2,4380,3,189,4,0,5,0,6,100,7,1506,8,500,9,272,10,602,11,0,,0,,0,,0,,0,,0,,0,,0,,0,,0,,0,,0,12998,0
1773717566,1,,1,5449,2,4380,3,189,4,0,5,0,6,100,7,1506,8,500,9,272,10,602,11,0,,0,,0,,0,,0,,0,,0,,0,,0,,0,,0,,0,12998,0
1773717567,1,,1,5449,2,4380,3,189,4,0,5,0,6,100,7,1506,8,500,9,272,10,602,11,0,,0,,0,,0,,0,,0,,0,,0,,0,,0,,0,,0,12998,0
1773717568,1,,1,5449,2,4380,3,189,4,0,5,0,6,100,7,1506,8,500,9,272,10,602,11,0,,0,,0,,0,,0,,0,,0,,0,,0,,0,,0,,0,12998,0
1773717569,1,,1,5449,2,4380,3,189,4,0,5,0,6,100,7,1506,8,500,9,272,10,602,11,0,,0,,0,,0,,0,,0,,0,,0,,0,,0,,0,,0,12998,0
1773717570,1,,1,5449,2,4380,3,189,4,0,5,0,6,100,7,1506,8,500,9,272,10,602,11,0,,0,,0,,0,,0,,0,,0,,0,,0,,0,,0,,0,12998,0
1773717571,1,,1,5449,2,4380,3,189,4,0,5,0,6,100,7,1506,8,500,9,272,10,602,11,0,,0,,0,,0,,0,,0,,0,,0,,0,,0,,0,,0,12998,0
1773717572,1,,1,5449,2,4380,3,189,4,0,5,0,6,100,7,1506,8,500,9,272,10,602,11,0,,0,,0,,0,,0,,0,,0,,0,,0,,0,,0,,0,12998,0
1773717573,1,,1,5449,2,4380,3,189,4,0,5,0,6,100,7,1506,8,500,9,272,10,602,11,0,,0,,0,,0,,0,,0,,0,,0,,0,,0,,0,,0,12998,0
1773717574,1,,1,5449,2,4380,3,189,4,0,5,0,6,100,7,1506,8,500,9,272,10,602,11,0,,0,,0,,0,,0,,0,,0,,0,,0,,0,,0,,0,12998,0
1773717575,1,,1,5449,2,4380,3,189,4,0,5,0,6,100,7,1506,8,500,9,272,10,602,11,0,,0,,0,,0,,0,,0,,0,,0,,0,,0,,0,,0,12998,0
1773717576,1,,1,5449,2,4380,3,189,4,0,5,0,6,100,7,1506,8,500,9,272,10,602,11,0,,0,,0,,0,,0,,0,,0,,0,,0,,0,,0,,0,12998,0
1773717577,1,,1,5449,2,4380,3,189,4,0,5,0,6,100,7,1506,8,500,9,272,10,602,11,0,,0,,0,,0,,0,,0,,0,,0,,0,,0,,0,,0,12998,0
1773717578,1,,1,5449,2,4380,3,189,4,0,5,0,6,100,7,1506,8,500,9,272,10,602,11,0,,0,,0,,0,,0,,0,,0,,0,,0,,0,,0,,0,12998,0
1773717579,1,,1,5449,2,4380,3,189,4,0,5,0,6,100,7,1506,8,500,9,272,10,602,11,0,,0,,0,,0,,0,,0,,0,,0,,0,,0,,0,,0,12998,0
1773717580,1,,1,5449,2,4380,3,189,4,0,5,0,6,100,7,1506,8,500,9,272,10,602,11,0,,0,,0,,0,,0,,0,,0,,0,,0,,0,,0,,0,12998,0
1773717581,1,,1,5449,2,4380,3,189,4,0,5,0,6,100,7,1506,8,500,9,272,10,602,11,0,,0,,0,,0,,0,,0,,0,,0,,0,,0,,0,,0,12998,0
1773717582,1,,1,5449,2,4380,3,189,4,0,5,0,6,100,7,1506,8,500,9,272,10,602,11,0,,0,,0,,0,,0,,0,,0,,0,,0,,0,,0,,0,12998,0
1773717583,1,,1,5449,2,4380,3,189,4,0,5,0,6,100,7,1506,8,500,9,272,10,602,11,0,,0,,0,,0,,0,,0,,0,,0,,0,,0,,0,,0,12998,0
1773717584,1,,1,5449,2,4380,3,189,4,0,5,0,6,100,7,1506,8,500,9,272,10,602,11,0,,0,,0,,0,,0,,0,,0,,0,,0,,0,,0,,0,12998,0
1773717585,1,,1,5449,2,4380,3,189,4,0,5,0,6,100,7,1506,8,500,9,272,10,602,11,0,,0,,0,,0,,0,,0,,0,,0,,0,,0,,0,,0,12998,0
1773717586,1,,1,5449,2,4380,3,189,4,0,5,0,6,100,7,1506,8,500,9,272,10,602,11,0,,0,,0,,0,,0,,0,,0,,0,,0,,0,,0,,0,12998,0
1773717587,1,,1,5449,2,4380,3,189,4,0,5,0,6,100,7,1506,8,500,9,272,10,602,11,0,,0,,0,,0,,0,,0,,0,,0,,0,,0,,0,,0,12998,0
1773717588,1,,1,5449,2,4380,3,189,4,0,5,0,6,100,7,1506,8,500,9,272,10,602,11,0,,0,,0,,0,,0,,0,,0,,0,,0,,0,,0,,0,12998,0
1773717589,1,,1,5356,2,4380,3,189,4,0,5,0,6,100,7,1501,8,500,9,272,10,602,11,0,,0,,0,,0,,0,,0,,0,,0,,0,,0,,0,,0,12900,0
1773717590,1,,1,5356,2,4380,3,189,4,0,5,0,6,100,7,1501,8,500,9,272,10,602,11,0,,0,,0,,0,,0,,0,,0,,0,,0,,0,,0,,0,12900,0
1773717591,1,,1,5356,2,4380,3,189,4,0,5,0,6,100,7,1501,8,500,9,272,10,602,11,0,,0,,0,,0,,0,,0,,0,,0,,0,,0,,0,,0,12900,0
1773717592,1,,1,5356,2,4380,3,189,4,0,5,0,6,100,7,1501,8,500,9,272,10,602,11,0,,0,,0,,0,,0,,0,,0,,0,,0,,0,,0,,0,12900,0
1773717593,1,,1,5356,2,4380,3,189,4,0,5,0,6,100,7,1501,8,500,9,272,10,602,11,0,,0,,0,,0,,0,,0,,0,,0,,0,,0,,0,,0,12900,0
1773717594,1,,1,5356,2,4380,3,189,4,0,5,0,6,100,7,1501,8,500,9,272,10,602,11,0,,0,,0,,0,,0,,0,,0,,0,,0,,0,,0,,0,12900,0
1773717595,1,,1,5356,2,4380,3,189,4,0,5,0,6,100,7,1501,8,500,9,272,10,602,11,0,,0,,0,,0,,0,,0,,0,,0,,0,,0,,0,,0,12900,0
1773717596,1,,1,5356,2,4380,3,189,4,0,5,0,6,100,7,1501,8,500,9,272,10,602,11,0,,0,,0,,0,,0,,0,,0,,0,,0,,0,,0,,0,12900,0
1773717597,1,,1,5356,2,4380,3,189,4,0,5,0,6,100,7,1501,8,500,9,272,10,602,11,0,,0,,0,,0,,0,,0,,0,,0,,0,,0,,0,,0,12900,0
1773717598,1,,1,5356,2,4380,3,189,4,0,5,0,6,100,7,1501,8,500,9,272,10,602,11,0,,0,,0,,0,,0,,0,,0,,0,,0,,0,,0,,0,12900,0
1773717599,1,,1,5356,2,4380,3,189,4,0,5,0,6,100,7,1501,8,500,9,272,10,602,11,0,,0,,0,,0,,0,,0,,0,,0,,0,,0,,0,,0,12900,0
1773717600,1,,1,5356,2,4380,3,189,4,0,5,0,6,100,7,1501,8,500,9,272,10,602,11,0,,0,,0,,0,,0,,0,,0,,0,,0,,0,,0,,0,12900,0
1773717601,1,,1,5356,2,4380,3,189,4,0,5,0,6,100,7,1501,8,500,9,272,10,602,11,0,,0,,0,,0,,0,,0,,0,,0,,0,,0,,0,,0,12900,0
1773717602,1,,1,5356,2,4380,3,189,4,0,5,0,6,100,7,1501,8,500,9,272,10,602,11,0,,0,,0,,0,,0,,0,,0,,0,,0,,0,,0,,0,12900,0
1773717603,1,,1,5356,2,4380,3,189,4,0,5,0,6,100,7,1501,8,500,9,272,10,602,11,0,,0,,0,,0,,0,,0,,0,,0,,0,,0,,0,,0,12900,0
1773717604,1,,1,5356,2,4380,3,189,4,0,5,0,6,100,7,1501,8,500,9,272,10,602,11,0,,0,,0,,0,,0,,0,,0,,0,,0,,0,,0,,0,12900,0
1773717605,1,,1,5356,2,4380,3,189,4,0,5,0,6,100,7,1501,8,500,9,272,10,602,11,0,,0,,0,,0,,0,,0,,0,,0,,0,,0,,0,,0,12900,0
1773717606,1,,1,5356,2,4380,3,189,4,0,5,0,6,100,7,1501,8,500,9,272,10,602,11,0,,0,,0,,0,,0,,0,,0,,0,,0,,0,,0,,0,12900,0
1773717607,1,,1,5356,2,4380,3,189,4,0,5,0,6,100,7,1501,8,500,9,272,10,602,11,0,,0,,0,,0,,0,,0,,0,,0,,0,,0,,0,,0,12900,0
1773717608,1,,1,5356,2,4380,3,189,4,0,5,0,6,100,7,1501,8,500,9,272,10,602,11,0,,0,,0,,0,,0,,0,,0,,0,,0,,0,,0,,0,12900,0
1773717609,1,,1,5356,2,4380,3,189,4,0,5,0,6,100,7,1501,8,500,9,272,10,602,11,0,,0,,0,,0,,0,,0,,0,,0,,0,,0,,0,,0,12900,0
1773717610,1,,1,5356,2,4380,3,189,4,0,5,0,6,100,7,1501,8,500,9,272,10,602,11,0,,0,,0,,0,,0,,0,,0,,0,,0,,0,,0,,0,12900,0
1773717611,1,,1,5356,2,4380,3,189,4,0,5,0,6,100,7,1501,8,500,9,272,10,602,11,0,,0,,0,,0,,0,,0,,0,,0,,0,,0,,0,,0,12900,0
1773717612,1,,1,5356,2,4380,3,189,4,0,5,0,6,100,7,1501,8,500,9,272,10,602,11,0,,0,,0,,0,,0,,0,,0,,0,,0,,0,,0,,0,12900,0
1773717613,1,,1,5356,2,4380,3,189,4,0,5,0,6,100,7,1501,8,500,9,272,10,602,11,0,,0,,0,,0,,0,,0,,0,,0,,0,,0,,0,,0,12900,0
1773717614,1,,1,5356,2,4380,3,189,4,0,5,0,6,100,7,1501,8,500,9,272,10,602,11,0,,0,,0,,0,,0,,0,,0,,0,,0,,0,,0,,0,12900,0
1773717615,1,,1,5356,2,4380,3,189,4,0,5,0,6,100,7,1501,8,500,9,272,10,602,11,0,,0,,0,,0,,0,,0,,0,,0,,0,,0,,0,,0,12900,0
1773717616,1,,1,5356,2,4380,3,189,4,0,5,0,6,100,7,1501,8,500,9,272,10,602,11,0,,0,,0,,0,,0,,0,,0,,0,,0,,0,,0,,0,12900,0
1773717617,1,,1,5356,2,4380,3,189,4,0,5,0,6,100,7,1501,8,500,9,272,10,602,11,0,,0,,0,,0,,0,,0,,0,,0,,0,,0,,0,,0,12900,0
1773717618,1,,1,5356,2,4380,3,189,4,0,5,0,6,100,7,1501,8,500,9,272,10,602,11,0,,0,,0,,0,,0,,0,,0,,0,,0,,0,,0,,0,12900,0
1773717619,1,,1,5356,2,4380,3,189,4,0,5,0,6,100,7,1501,8,500,9,272,10,602,11,0,,0,,0,,0,,0,,0,,0,,0,,0,,0,,0,,0,12900,0
1773717620,1,,1,5356,2,4380,3,189,4,0,5,0,6,100,7,1501,8,500,9,272,10,602,11,0,,0,,0,,0,,0,,0,,0,,0,,0,,0,,0,,0,12900,0
1773717621,1,,1,5356,2,4380,3,189,4,0,5,0,6,100,7,1501,8,500,9,272,10,602,11,0,,0,,0,,0,,0,,0,,0,,0,,0,,0,,0,,0,12900,0
1773717622,1,,1,5356,2,4380,3,189,4,0,5,0,6,100,7,1501,8,500,9,272,10,602,11,0,,0,,0,,0,,0,,0,,0,,0,,0,,0,,0,,0,12900,0
1773717623,1,,1,5356,2,4380,3,189,4,0,5,0,6,100,7,1501,8,500,9,272,10,602,11,0,,0,,0,,0,,0,,0,,0,,0,,0,,0,,0,,0,12900,0
1773717624,1,,1,5356,2,4380,3,189,4,0,5,0,6,100,7,1501,8,500,9,272,10,602,11,0,,0,,0,,0,,0,,0,,0,,0,,0,,0,,0,,0,12900,0
1773717625,1,,1,5356,2,4380,3,189,4,0,5,0,6,100,7,1501,8,500,9,272,10,602,11,0,,0,,0,,0,,0,,0,,0,,0,,0,,0,,0,,0,12900,0
1773717626,1,,1,5356,2,4380,3,189,4,0,5,0,6,100,7,1501,8,500,9,272,10,602,11,0,,0,,0,,0,,0,,0,,0,,0,,0,,0,,0,,0,12900,0
1773717627,1,,1,5356,2,4380,3,189,4,0,5,0,6,100,7,1501,8,500,9,272,10,602,11,0,,0,,0,,0,,0,,0,,0,,0,,0,,0,,0,,0,12900,0
1773717628,1,,1,5356,2,4380,3,189,4,0,5,0,6,100,7,1501,8,500,9,272,10,602,11,0,,0,,0,,0,,0,,0,,0,,0,,0,,0,,0,,0,12900,0
1773717629,1,,1,5356,2,4380,3,189,4,0,5,0,6,100,7,1501,8,500,9,272,10,602,11,0,,0,,0,,0,,0,,0,,0,,0,,0,,0,,0,,0,12900,0
1773717630,1,,1,5356,2,4380,3,189,4,0,5,0,6,100,7,1501,8,500,9,272,10,602,11,0,,0,,0,,0,,0,,0,,0,,0,,0,,0,,0,,0,12900,0
1773717631,1,,1,5356,2,4380,3,189,4,0,5,0,6,100,7,1501,8,500,9,272,10,602,11,0,,0,,0,,0,,0,,0,,0,,0,,0,,0,,0,,0,12900,0
1773717632,1,,1,5356,2,4380,3,189,4,0,5,0,6,100,7,1501,8,500,9,272,10,602,11,0,,0,,0,,0,,0,,0,,0,,0,,0,,0,,0,,0,12900,0
1773717633,1,,1,5356,2,4380,3,189,4,0,5,0,6,100,7,1501,8,500,9,272,10,602,11,0,,0,,0,,0,,0,,0,,0,,0,,0,,0,,0,,0,12900,0
1773717634,1,,1,5356,2,4380,3,189,4,0,5,0,6,100,7,1501,8,500,9,272,10,602,11,0,,0,,0,,0,,0,,0,,0,,0,,0,,0,,0,,0,12900,0
1773717635,1,,1,5356,2,4380,3,189,4,0,5,0,6,100,7,1501,8,500,9,272,10,602,11,0,,0,,0,,0,,0,,0,,0,,0,,0,,0,,0,,0,12900,0
1773717636,1,,1,5356,2,4380,3,189,4,0,5,0,6,100,7,1501,8,500,9,272,10,602,11,0,,0,,0,,0,,0,,0,,0,,0,,0,,0,,0,,0,12900,0
1773717637,1,,1,5356,2,4380,3,189,4,0,5,0,6,100,7,1501,8,500,9,272,10,602,11,0,,0,,0,,0,,0,,0,,0,,0,,0,,0,,0,,0,12900,0
1773717638,1,,1,5356,2,4380,3,189,4,0,5,0,6,100,7,1501,8,500,9,272,10,602,11,0,,0,,0,,0,,0,,0,,0,,0,,0,,0,,0,,0,12900,0
1773717639,1,,1,5356,2,4380,3,189,4,0,5,0,6,100,7,1501,8,500,9,272,10,602,11,0,,0,,0,,0,,0,,0,,0,,0,,0,,0,,0,,0,12900,0
1773717640,1,,1,5356,2,4380,3,189,4,0,5,0,6,100,7,1501,8,500,9,272,10,602,11,0,,0,,0,,0,,0,,0,,0,,0,,0,,0,,0,,0,12900,0
1773717641,1,,1,5356,2,4380,3,189,4,0,5,0,6,100,7,1501,8,500,9,272,10,602,11,0,,0,,0,,0,,0,,0,,0,,0,,0,,0,,0,,0,12900,0
1773717642,1,,1,5356,2,4380,3,189,4,0,5,0,6,100,7,1501,8,500,9,272,10,602,11,0,,0,,0,,0,,0,,0,,0,,0,,0,,0,,0,,0,12900,0
1773717643,1,,1,5356,2,4380,3,189,4,0,5,0,6,100,7,1501,8,500,9,272,10,602,11,0,,0,,0,,0,,0,,0,,0,,0,,0,,0,,0,,0,12900,0
1773717644,1,,1,5356,2,4380,3,189,4,0,5,0,6,100,7,1501,8,500,9,272,10,602,11,0,,0,,0,,0,,0,,0,,0,,0,,0,,0,,0,,0,12900,0
1773717645,1,,1,5356,2,4380,3,189,4,0,5,0,6,100,7,1501,8,500,9,272,10,602,11,0,,0,,0,,0,,0,,0,,0,,0,,0,,0,,0,,0,12900,0
1773717646,1,,1,5356,2,4380,3,189,4,0,5,0,6,100,7,1501,8,500,9,272,10,602,11,0,,0,,0,,0,,0,,0,,0,,0,,0,,0,,0,,0,12900,0
1773717647,1,,1,5356,2,4380,3,189,4,0,5,0,6,100,7,1501,8,500,9,272,10,602,11,0,,0,,0,,0,,0,,0,,0,,0,,0,,0,,0,,0,12900,0
1773717648,1,,1,5356,2,4380,3,189,4,0,5,0,6,100,7,1501,8,500,9,272,10,602,11,0,,0,,0,,0,,0,,0,,0,,0,,0,,0,,0,,0,12900,0
1773717649,1,,1,5356,2,4380,3,189,4,0,5,0,6,100,7,1501,8,500,9,272,10,602,11,0,,0,,0,,0,,0,,0,,0,,0,,0,,0,,0,,0,12900,0
1773717650,1,,1,5356,2,4380,3,189,4,0,5,0,6,100,7,1501,8,500,9,272,10,602,11,0,,0,,0,,0,,0,,0,,0,,0,,0,,0,,0,,0,12900,0
1773717651,1,,1,5356,2,4380,3,189,4,0,5,0,6,100,7,1501,8,500,9,272,10,602,11,0,,0,,0,,0,,0,,0,,0,,0,,0,,0,,0,,0,12900,0
1773717652,1,,1,5356,2,4380,3,189,4,0,5,0,6,100,7,1501,8,500,9,272,10,602,11,0,,0,,0,,0,,0,,0,,0,,0,,0,,0,,0,,0,12900,0
1773717653,1,,1,5356,2,4380,3,189,4,0,5,0,6,100,7,1501,8,500,9,272,10,602,11,0,,0,,0,,0,,0,,0,,0,,0,,0,,0,,0,,0,12900,0
1773717654,1,,1,5356,2,4380,3,189,4,0,5,0,6,100,7,1501,8,500,9,272,10,602,11,0,,0,,0,,0,,0,,0,,0,,0,,0,,0,,0,,0,12900,0
1773717655,1,,1,5356,2,4380,3,189,4,0,5,0,6,100,7,1501,8,500,9,272,10,602,11,0,,0,,0,,0,,0,,0,,0,,0,,0,,0,,0,,0,12900,0
1773717656,1,,1,5356,2,4380,3,189,4,0,5,0,6,100,7,1501,8,500,9,272,10,602,11,0,,0,,0,,0,,0,,0,,0,,0,,0,,0,,0,,0,12900,0
1773717657,1,,1,5356,2,4380,3,189,4,0,5,0,6,100,7,1501,8,500,9,272,10,602,11,0,,0,,0,,0,,0,,0,,0,,0,,0,,0,,0,,0,12900,0
1773717658,1,,1,5356,2,4380,3,189,4,0,5,0,6,100,7,1501,8,500,9,272,10,602,11,0,,0,,0,,0,,0,,0,,0,,0,,0,,0,,0,,0,12900,0
1773717659,1,,1,5356,2,4380,3,189,4,0,5,0,6,100,7,1501,8,500,9,272,10,602,11,0,,0,,0,,0,,0,,0,,0,,0,,0,,0,,0,,0,12900,0
1773717660,1,,1,5356,2,4380,3,189,4,0,5,0,6,100,7,1501,8,500,9,272,10,602,11,0,,0,,0,,0,,0,,0,,0,,0,,0,,0,,0,,0,12900,0
1773717661,1,,1,5356,2,4380,3,189,4,0,5,0,6,100,7,1501,8,500,9,272,10,602,11,0,,0,,0,,0,,0,,0,,0,,0,,0,,0,,0,,0,12900,0
1773717662,1,,1,5356,2,4380,3,189,4,0,5,0,6,100,7,1501,8,500,9,272,10,602,11,0,,0,,0,,0,,0,,0,,0,,0,,0,,0,,0,,0,12900,0
1773717663,1,,1,5356,2,4380,3,189,4,0,5,0,6,100,7,1501,8,500,9,272,10,602,11,0,,0,,0,,0,,0,,0,,0,,0,,0,,0,,0,,0,12900,0
1773717664,1,,1,5356,2,4380,3,189,4,0,5,0,6,100,7,1501,8,500,9,272,10,602,11,0,,0,,0,,0,,0,,0,,0,,0,,0,,0,,0,,0,12900,0
1773717665,1,,1,5356,2,4380,3,189,4,0,5,0,6,100,7,1501,8,500,9,272,10,602,11,0,,0,,0,,0,,0,,0,,0,,0,,0,,0,,0,,0,12900,0
1773717666,1,,1,5356,2,4380,3,189,4,0,5,0,6,100,7,1501,8,500,9,272,10,602,11,0,,0,,0,,0,,0,,0,,0,,0,,0,,0,,0,,0,12900,0
1773717667,1,,1,5356,2,4380,3,189,4,0,5,0,6,100,7,1501,8,500,9,272,10,602,11,0,,0,,0,,0,,0,,0,,0,,0,,0,,0,,0,,0,12900,0
1773717668,1,,1,5356,2,4380,3,189,4,0,5,0,6,100,7,1501,8,500,9,272,10,602,11,0,,0,,0,,0,,0,,0,,0,,0,,0,,0,,0,,0,12900,0
1773717669,1,,1,5356,2,4380,3,189,4,0,5,0,6,100,7,1501,8,500,9,272,10,602,11,0,,0,,0,,0,,0,,0,,0,,0,,0,,0,,0,,0,12900,0
1773717670,1,,1,5356,2,4380,3,189,4,0,5,0,6,100,7,1501,8,500,9,272,10,602,11,0,,0,,0,,0,,0,,0,,0,,0,,0,,0,,0,,0,12900,0
1773717671,1,,1,5356,2,4380,3,189,4,0,5,0,6,100,7,1501,8,500,9,272,10,602,11,0,,0,,0,,0,,0,,0,,0,,0,,0,,0,,0,,0,12900,0
1773717672,1,,1,5356,2,4380,3,189,4,0,5,0,6,100,7,1501,8,500,9,272,10,602,11,0,,0,,0,,0,,0,,0,,0,,0,,0,,0,,0,,0,12900,0
1773717673,1,,1,5356,2,4380,3,189,4,0,5,0,6,100,7,1501,8,500,9,272,10,602,11,0,,0,,0,,0,,0,,0,,0,,0,,0,,0,,0,,0,12900,0
1773717674,1,,1,5356,2,4380,3,189,4,0,5,0,6,100,7,1501,8,500,9,272,10,602,11,0,,0,,0,,0,,0,,0,,0,,0,,0,,0,,0,,0,12900,0
1773717675,1,,1,5356,2,4380,3,189,4,0,5,0,6,100,7,1501,8,500,9,272,10,602,11,0,,0,,0,,0,,0,,0,,0,,0,,0,,0,,0,,0,12900,0
1773717676,1,,1,5356,2,4380,3,189,4,0,5,0,6,100,7,1501,8,500,9,272,10,602,11,0,,0,,0,,0,,0,,0,,0,,0,,0,,0,,0,,0,12900,0
1773717677,1,,1,5356,2,4380,3,189,4,0,5,0,6,100,7,1501,8,500,9,272,10,602,11,0,,0,,0,,0,,0,,0,,0,,0,,0,,0,,0,,0,12900,0
1773717678,1,,1,5356,2,4380,3,189,4,0,5,0,6,100,7,1501,8,500,9,272,10,602,11,0,,0,,0,,0,,0,,0,,0,,0,,0,,0,,0,,0,12900,0
1773717679,1,,1,5356,2,4380,3,189,4,0,5,0,6,100,7,1501,8,500,9,272,10,602,11,0,,0,,0,,0,,0,,0,,0,,0,,0,,0,,0,,0,12900,0
1773717680,1,,1,5356,2,4380,3,189,4,0,5,0,6,100,7,1501,8,500,9,272,10,602,11,0,,0,,0,,0,,0,,0,,0,,0,,0,,0,,0,,0,12900,0
1773717681,1,,1,5356,2,4380,3,189,4,0,5,0,6,100,7,1501,8,500,9,272,10,602,11,0,,0,,0,,0,,0,,0,,0,,0,,0,,0,,0,,0,12900,0
1773717682,1,,1,5356,2,4380,3,189,4,0,5,0,6,100,7,1501,8,500,9,272,10,602,11,0,,0,,0,,0,,0,,0,,0,,0,,0,,0,,0,,0,12900,0
1773717683,1,,1,5356,2,4380,3,189,4,0,5,0,6,100,7,1501,8,500,9,272,10,602,11,0,,0,,0,,0,,0,,0,,0,,0,,0,,0,,0,,0,12900,0
1773717684,1,,1,5356,2,4380,3,189,4,0,5,0,6,100,7,1501,8,500,9,272,10,602,11,0,,0,,0,,0,,0,,0,,0,,0,,0,,0,,0,,0,12900,0
1773717685,1,,1,5356,2,4380,3,189,4,0,5,0,6,100,7,1501,8,500,9,272,10,602,11,0,,0,,0,,0,,0,,0,,0,,0,,0,,0,,0,,0,12900,0
1773717686,1,,1,5356,2,4380,3,189,4,0,5,0,6,100,7,1501,8,500,9,272,10,602,11,0,,0,,0,,0,,0,,0,,0,,0,,0,,0,,0,,0,12900,0
1773717687,1,,1,5356,2,4380,3,189,4,0,5,0,6,100,7,1501,8,500,9,272,10,602,11,0,,0,,0,,0,,0,,0,,0,,0,,0,,0,,0,,0,12900,0
1773717688,1,,1,5356,2,4380,3,189,4,0,5,0,6,100,7,1501,8,500,9,272,10,602,11,0,,0,,0,,0,,0,,0,,0,,0,,0,,0,,0,,0,12900,0
1773717689,1,,1,5356,2,4380,3,189,4,0,5,0,6,100,7,1501,8,500,9,272,10,602,11,0,,0,,0,,0,,0,,0,,0,,0,,0,,0,,0,,0,12900,0
1773717690,1,,1,5356,2,4380,3,189,4,0,5,0,6,100,7,1501,8,500,9,272,10,602,11,0,,0,,0,,0,,0,,0,,0,,0,,0,,0,,0,,0,12900,0
1773717691,1,,1,5356,2,4380,3,189,4,0,5,0,6,100,7,1501,8,500,9,272,10,602,11,0,,0,,0,,0,,0,,0,,0,,0,,0,,0,,0,,0,12900,0
1773717692,1,,1,5356,2,4380,3,189,4,0,5,0,6,100,7,1501,8,500,9,272,10,602,11,0,,0,,0,,0,,0,,0,,0,,0,,0,,0,,0,,0,12900,0
1773717693,1,,1,5356,2,4380,3,189,4,0,5,0,6,100,7,1501,8,500,9,272,10,602,11,0,,0,,0,,0,,0,,0,,0,,0,,0,,0,,0,,0,12900,0
1773717694,1,,1,5356,2,4380,3,189,4,0,5,0,6,100,7,1501,8,500,9,272,10,602,11,0,,0,,0,,0,,0,,0,,0,,0,,0,,0,,0,,0,12900,0
1773717695,1,,1,5356,2,4380,3,189,4,0,5,0,6,100,7,1501,8,500,9,272,10,602,11,0,,0,,0,,0,,0,,0,,0,,0,,0,,0,,0,,0,12900,0
1773717696,1,,1,5356,2,4380,3,189,4,0,5,0,6,100,7,1501,8,500,9,272,10,602,11,0,,0,,0,,0,,0,,0,,0,,0,,0,,0,,0,,0,12900,0
1773717697,1,,1,5356,2,4380,3,189,4,0,5,0,6,100,7,1501,8,500,9,272,10,602,11,0,,0,,0,,0,,0,,0,,0,,0,,0,,0,,0,,0,12900,0
1773717698,1,,1,5356,2,4380,3,189,4,0,5,0,6,100,7,1501,8,500,9,272,10,602,11,0,,0,,0,,0,,0,,0,,0,,0,,0,,0,,0,,0,12900,0
1773717699,1,,1,5356,2,4380,3,189,4,0,5,0,6,100,7,1501,8,500,9,272,10,602,11,0,,0,,0,,0,,0,,0,,0,,0,,0,,0,,0,,0,12900,0
1773717700,1,,1,5356,2,4380,3,189,4,0,5,0,6,100,7,1501,8,500,9,272,10,602,11,0,,0,,0,,0,,0,,0,,0,,0,,0,,0,,0,,0,12900,0
1773717701,1,,1,5356,2,4380,3,189,4,0,5,0,6,100,7,1501,8,500,9,272,10,602,11,0,,0,,0,,0,,0,,0,,0,,0,,0,,0,,0,,0,12900,0
1773717702,1,,1,5356,2,4380,3,189,4,0,5,0,6,100,7,1501,8,500,9,272,10,602,11,0,,0,,0,,0,,0,,0,,0,,0,,0,,0,,0,,0,12900,0
1773717703,1,,1,5356,2,4380,3,189,4,0,5,0,6,100,7,1501,8,500,9,272,10,602,11,0,,0,,0,,0,,0,,0,,0,,0,,0,,0,,0,,0,12900,0
1773717704,1,,1,5356,2,4380,3,189,4,0,5,0,6,100,7,1501,8,500,9,272,10,602,11,0,,0,,0,,0,,0,,0,,0,,0,,0,,0,,0,,0,12900,0
1773717705,1,,1,5356,2,4380,3,189,4,0,5,0,6,100,7,1501,8,500,9,272,10,602,11,0,,0,,0,,0,,0,,0,,0,,0,,0,,0,,0,,0,12900,0
1773717706,1,,1,5356,2,4380,3,189,4,0,5,0,6,100,7,1501,8,500,9,272,10,602,11,0,,0,,0,,0,,0,,0,,0,,0,,0,,0,,0,,0,12900,0
1773717707,1,,1,5356,2,4380,3,189,4,0,5,0,6,100,7,1501,8,500,9,272,10,602,11,0,,0,,0,,0,,0,,0,,0,,0,,0,,0,,0,,0,12900,0
1773717708,1,,1,5356,2,4380,3,189,4,0,5,0,6,100,7,1501,8,500,9,272,10,602,11,0,,0,,0,,0,,0,,0,,0,,0,,0,,0,,0,,0,12900,0
1773717709,1,,1,5356,2,4380,3,189,4,0,5,0,6,100,7,1501,8,500,9,272,10,602,11,0,,0,,0,,0,,0,,0,,0,,0,,0,,0,,0,,0,12900,0
1773717710,1,,1,5356,2,4380,3,189,4,0,5,0,6,100,7,1501,8,500,9,272,10,602,11,0,,0,,0,,0,,0,,0,,0,,0,,0,,0,,0,,0,12900,0
1773717711,1,,1,5356,2,4380,3,189,4,0,5,0,6,100,7,1501,8,500,9,272,10,602,11,0,,0,,0,,0,,0,,0,,0,,0,,0,,0,,0,,0,12900,0
1773717712,1,,1,5356,2,4380,3,189,4,0,5,0,6,100,7,1501,8,500,9,272,10,602,11,0,,0,,0,,0,,0,,0,,0,,0,,0,,0,,0,,0,12900,0
1773717713,1,,1,5356,2,4380,3,189,4,0,5,0,6,100,7,1501,8,500,9,272,10,602,11,0,,0,,0,,0,,0,,0,,0,,0,,0,,0,,0,,0,12900,0
1773717714,1,,1,5356,2,4380,3,189,4,0,5,0,6,100,7,1501,8,500,9,272,10,602,11,0,,0,,0,,0,,0,,0,,0,,0,,0,,0,,0,,0,12900,0
1773717715,1,,1,5356,2,4380,3,189,4,0,5,0,6,100,7,1501,8,500,9,272,10,602,11,0,,0,,0,,0,,0,,0,,0,,0,,0,,0,,0,,0,12900,0
1773717716,1,,1,5356,2,4380,3,189,4,0,5,0,6,100,7,1501,8,500,9,272,10,602,11,0,,0,,0,,0,,0,,0,,0,,0,,0,,0,,0,,0,12900,0
1773717717,1,,1,5356,2,4380,3,189,4,0,5,0,6,100,7,1501,8,500,9,272,10,602,11,0,,0,,0,,0,,0,,0,,0,,0,,0,,0,,0,,0,12900,0
1773717718,1,,1,5356,2,4380,3,189,4,0,5,0,6,100,7,1501,8,500,9,272,10,602,11,0,,0,,0,,0,,0,,0,,0,,0,,0,,0,,0,,0,12900,0
1773717719,1,,1,5356,2,4380,3,189,4,0,5,0,6,100,7,1501,8,500,9,272,10,602,11,0,,0,,0,,0,,0,,0,,0,,0,,0,,0,,0,,0,12900,0
1773717720,1,,1,5356,2,4380,3,189,4,0,5,0,6,100,7,1501,8,500,9,272,10,602,11,0,,0,,0,,0,,0,,0,,0,,0,,0,,0,,0,,0,12900,0
1773717721,1,,1,5356,2,4380,3,189,4,0,5,0,6,100,7,1501,8,500,9,272,10,602,11,0,,0,,0,,0,,0,,0,,0,,0,,0,,0,,0,,0,12900,0
1773717722,1,,1,5356,2,4380,3,189,4,0,5,0,6,100,7,1501,8,500,9,272,10,602,11,0,,0,,0,,0,,0,,0,,0,,0,,0,,0,,0,,0,12900,0
1773717723,1,,1,5353,2,4380,3,189,4,0,5,0,6,100,7,1486,8,500,9,272,10,602,11,0,,0,,0,,0,,0,,0,,0,,0,,0,,0,,0,,0,12882,0
1773717724,1,,1,5353,2,4380,3,189,4,0,5,0,6,100,7,1486,8,500,9,272,10,602,11,0,,0,,0,,0,,0,,0,,0,,0,,0,,0,,0,,0,12882,0
1773717725,1,,1,5353,2,4380,3,189,4,0,5,0,6,100,7,1486,8,500,9,272,10,602,11,0,,0,,0,,0,,0,,0,,0,,0,,0,,0,,0,,0,12882,0
1773717726,1,,1,5353,2,4380,3,189,4,0,5,0,6,100,7,1486,8,500,9,272,10,602,11,0,,0,,0,,0,,0,,0,,0,,0,,0,,0,,0,,0,12882,0
1773717727,1,,1,5353,2,4380,3,189,4,0,5,0,6,100,7,1486,8,500,9,272,10,602,11,0,,0,,0,,0,,0,,0,,0,,0,,0,,0,,0,,0,12882,0
1773717728,1,,1,5353,2,4380,3,189,4,0,5,0,6,100,7,1486,8,500,9,272,10,602,11,0,,0,,0,,0,,0,,0,,0,,0,,0,,0,,0,,0,12882,0
1773717729,1,,1,5353,2,4380,3,189,4,0,5,0,6,100,7,1486,8,500,9,272,10,602,11,0,,0,,0,,0,,0,,0,,0,,0,,0,,0,,0,,0,12882,0
1773717730,1,,1,5353,2,4380,3,189,4,0,5,0,6,100,7,1486,8,500,9,272,10,602,11,0,,0,,0,,0,,0,,0,,0,,0,,0,,0,,0,,0,12882,0
1773717731,1,,1,5353,2,4380,3,189,4,0,5,0,6,100,7,1486,8,500,9,272,10,602,11,0,,0,,0,,0,,0,,0,,0,,0,,0,,0,,0,,0,12882,0
1773717732,1,,1,5353,2,4380,3,189,4,0,5,0,6,100,7,1486,8,500,9,272,10,602,11,0,,0,,0,,0,,0,,0,,0,,0,,0,,0,,0,,0,12882,0
1773717733,1,,1,5353,2,4380,3,189,4,0,5,0,6,100,7,1486,8,500,9,272,10,602,11,0,,0,,0,,0,,0,,0,,0,,0,,0,,0,,0,,0,12882,0
1773717734,1,,1,5353,2,4380,3,189,4,0,5,0,6,100,7,1486,8,500,9,272,10,602,11,0,,0,,0,,0,,0,,0,,0,,0,,0,,0,,0,,0,12882,0
1773717735,1,,1,5353,2,4380,3,189,4,0,5,0,6,100,7,1486,8,500,9,272,10,602,11,0,,0,,0,,0,,0,,0,,0,,0,,0,,0,,0,,0,12882,0
1773717736,1,,1,5353,2,4380,3,189,4,0,5,0,6,100,7,1486,8,500,9,272,10,602,11,0,,0,,0,,0,,0,,0,,0,,0,,0,,0,,0,,0,12882,0
1773717737,1,,1,5353,2,4380,3,189,4,0,5,0,6,100,7,1486,8,500,9,272,10,602,11,0,,0,,0,,0,,0,,0,,0,,0,,0,,0,,0,,0,12882,0
1773717738,1,,1,5353,2,4380,3,189,4,0,5,0,6,100,7,1486,8,500,9,272,10,602,11,0,,0,,0,,0,,0,,0,,0,,0,,0,,0,,0,,0,12882,0
1773717739,1,,1,5353,2,4380,3,189,4,0,5,0,6,100,7,1486,8,500,9,272,10,602,11,0,,0,,0,,0,,0,,0,,0,,0,,0,,0,,0,,0,12882,0
1773717740,1,,1,5353,2,4380,3,189,4,0,5,0,6,100,7,1486,8,500,9,272,10,602,11,0,,0,,0,,0,,0,,0,,0,,0,,0,,0,,0,,0,12882,0
1773717741,1,,1,5353,2,4380,3,189,4,0,5,0,6,100,7,1486,8,500,9,272,10,602,11,0,,0,,0,,0,,0,,0,,0,,0,,0,,0,,0,,0,12882,0
1773717742,1,,1,5353,2,4380,3,189,4,0,5,0,6,100,7,1486,8,500,9,272,10,602,11,0,,0,,0,,0,,0,,0,,0,,0,,0,,0,,0,,0,12882,0
1773717743,1,,1,5353,2,4380,3,189,4,0,5,0,6,100,7,1486,8,500,9,272,10,602,11,0,,0,,0,,0,,0,,0,,0,,0,,0,,0,,0,,0,12882,0
1773717744,1,,1,5353,2,4380,3,189,4,0,5,0,6,100,7,1486,8,500,9,272,10,602,11,0,,0,,0,,0,,0,,0,,0,,0,,0,,0,,0,,0,12882,0
1773717745,1,,1,5353,2,4380,3,189,4,0,5,0,6,100,7,1486,8,500,9,272,10,602,11,0,,0,,0,,0,,0,,0,,0,,0,,0,,0,,0,,0,12882,0
1773717746,1,,1,5353,2,4380,3,189,4,0,5,0,6,100,7,1486,8,500,9,272,10,602,11,0,,0,,0,,0,,0,,0,,0,,0,,0,,0,,0,,0,12882,0
1773717747,1,,1,5353,2,4380,3,189,4,0,5,0,6,100,7,1486,8,500,9,272,10,602,11,0,,0,,0,,0,,0,,0,,0,,0,,0,,0,,0,,0,12882,0
1773717748,1,,1,5353,2,4380,3,189,4,0,5,0,6,100,7,1486,8,500,9,272,10,602,11,0,,0,,0,,0,,0,,0,,0,,0,,0,,0,,0,,0,12882,0
1773717749,1,,1,5353,2,4380,3,189,4,0,5,0,6,100,7,1486,8,500,9,272,10,602,11,0,,0,,0,,0,,0,,0,,0,,0,,0,,0,,0,,0,12882,0
1773717750,1,,1,5353,2,4380,3,189,4,0,5,0,6,100,7,1486,8,500,9,272,10,602,11,0,,0,,0,,0,,0,,0,,0,,0,,0,,0,,0,,0,12882,0
1773717751,1,,1,5353,2,4380,3,189,4,0,5,0,6,100,7,1486,8,500,9,272,10,602,11,0,,0,,0,,0,,0,,0,,0,,0,,0,,0,,0,,0,12882,0
1773717752,1,,1,5353,2,4380,3,189,4,0,5,0,6,100,7,1486,8,500,9,272,10,602,11,0,,0,,0,,0,,0,,0,,0,,0,,0,,0,,0,,0,12882,0
1773717753,1,,1,5353,2,4380,3,189,4,0,5,0,6,100,7,1486,8,500,9,272,10,602,11,0,,0,,0,,0,,0,,0,,0,,0,,0,,0,,0,,0,12882,0
1773717754,1,,1,5353,2,4380,3,189,4,0,5,0,6,100,7,1486,8,500,9,272,10,602,11,0,,0,,0,,0,,0,,0,,0,,0,,0,,0,,0,,0,12882,0
1773717755,1,,1,5353,2,4380,3,189,4,0,5,0,6,100,7,1486,8,500,9,272,10,602,11,0,,0,,0,,0,,0,,0,,0,,0,,0,,0,,0,,0,12882,0
1773717756,1,,1,5353,2,4380,3,189,4,0,5,0,6,100,7,1486,8,500,9,272,10,602,11,0,,0,,0,,0,,0,,0,,0,,0,,0,,0,,0,,0,12882,0
1773717757,1,,1,5353,2,4380,3,189,4,0,5,0,6,100,7,1486,8,500,9,272,10,602,11,0,,0,,0,,0,,0,,0,,0,,0,,0,,0,,0,,0,12882,0
1773717758,1,,1,5353,2,4380,3,189,4,0,5,0,6,100,7,1486,8,500,9,272,10,602,11,0,,0,,0,,0,,0,,0,,0,,0,,0,,0,,0,,0,12882,0
1773717759,1,,1,5353,2,4380,3,189,4,0,5,0,6,100,7,1486,8,500,9,272,10,602,11,0,,0,,0,,0,,0,,0,,0,,0,,0,,0,,0,,0,12882,0
1773717760,1,,1,5353,2,4380,3,189,4,0,5,0,6,100,7,1486,8,500,9,272,10,602,11,0,,0,,0,,0,,0,,0,,0,,0,,0,,0,,0,,0,12882,0
1773717761,1,,1,5353,2,4380,3,189,4,0,5,0,6,100,7,1486,8,500,9,272,10,602,11,0,,0,,0,,0,,0,,0,,0,,0,,0,,0,,0,,0,12882,0
1773717762,1,,1,5353,2,4380,3,189,4,0,5,0,6,100,7,1486,8,500,9,272,10,602,11,0,,0,,0,,0,,0,,0,,0,,0,,0,,0,,0,,0,12882,0
1773717763,1,,1,5353,2,4380,3,189,4,0,5,0,6,100,7,1486,8,500,9,272,10,602,11,0,,0,,0,,0,,0,,0,,0,,0,,0,,0,,0,,0,12882,0
1773717764,1,,1,5353,2,4380,3,189,4,0,5,0,6,100,7,1486,8,500,9,272,10,602,11,0,,0,,0,,0,,0,,0,,0,,0,,0,,0,,0,,0,12882,0
1773717765,1,,1,5353,2,4380,3,189,4,0,5,0,6,100,7,1486,8,500,9,272,10,602,11,0,,0,,0,,0,,0,,0,,0,,0,,0,,0,,0,,0,12882,0
1773717766,1,,1,5353,2,4380,3,189,4,0,5,0,6,100,7,1486,8,500,9,272,10,602,11,0,,0,,0,,0,,0,,0,,0,,0,,0,,0,,0,,0,12882,0
1773717767,1,,1,5353,2,4380,3,189,4,0,5,0,6,100,7,1486,8,500,9,272,10,602,11,0,,0,,0,,0,,0,,0,,0,,0,,0,,0,,0,,0,12882,0
1773717768,1,,1,5353,2,4380,3,189,4,0,5,0,6,100,7,1486,8,500,9,272,10,602,11,0,,0,,0,,0,,0,,0,,0,,0,,0,,0,,0,,0,12882,0
1773717769,1,,1,5353,2,4380,3,189,4,0,5,0,6,100,7,1486,8,500,9,272,10,602,11,0,,0,,0,,0,,0,,0,,0,,0,,0,,0,,0,,0,12882,0
1773717770,1,,1,5353,2,4380,3,189,4,0,5,0,6,100,7,1486,8,500,9,272,10,602,11,0,,0,,0,,0,,0,,0,,0,,0,,0,,0,,0,,0,12882,0
1773717771,1,,1,5353,2,4380,3,189,4,0,5,0,6,100,7,1486,8,500,9,272,10,602,11,0,,0,,0,,0,,0,,0,,0,,0,,0,,0,,0,,0,12882,0
1773717772,1,,1,5353,2,4380,3,189,4,0,5,0,6,100,7,1486,8,500,9,272,10,602,11,0,,0,,0,,0,,0,,0,,0,,0,,0,,0,,0,,0,12882,0
1773717773,1,,1,5353,2,4380,3,189,4,0,5,0,6,100,7,1486,8,500,9,272,10,602,11,0,,0,,0,,0,,0,,0,,0,,0,,0,,0,,0,,0,12882,0
1773717774,1,,1,5353,2,4380,3,189,4,0,5,0,6,100,7,1486,8,500,9,272,10,602,11,0,,0,,0,,0,,0,,0,,0,,0,,0,,0,,0,,0,12882,0
1773717775,1,,1,5353,2,4380,3,189,4,0,5,0,6,100,7,1486,8,500,9,272,10,602,11,0,,0,,0,,0,,0,,0,,0,,0,,0,,0,,0,,0,12882,0
1773717776,1,,1,5353,2,4380,3,189,4,0,5,0,6,100,7,1486,8,500,9,272,10,602,11,0,,0,,0,,0,,0,,0,,0,,0,,0,,0,,0,,0,12882,0
1773717777,1,,1,5353,2,4380,3,189,4,0,5,0,6,100,7,1486,8,500,9,272,10,602,11,0,,0,,0,,0,,0,,0,,0,,0,,0,,0,,0,,0,12882,0
1773717778,1,,1,5353,2,4380,3,189,4,0,5,0,6,100,7,1486,8,500,9,272,10,602,11,0,,0,,0,,0,,0,,0,,0,,0,,0,,0,,0,,0,12882,0
1773717779,1,,1,5353,2,4380,3,189,4,0,5,0,6,100,7,1486,8,500,9,272,10,602,11,0,,0,,0,,0,,0,,0,,0,,0,,0,,0,,0,,0,12882,0
1773717780,1,,1,5353,2,4380,3,189,4,0,5,0,6,100,7,1486,8,500,9,272,10,602,11,0,,0,,0,,0,,0,,0,,0,,0,,0,,0,,0,,0,12882,0
1773717781,1,,1,5353,2,4380,3,189,4,0,5,0,6,100,7,1479,8,500,9,272,10,602,11,0,,0,,0,,0,,0,,0,,0,,0,,0,,0,,0,,0,12875,0
1773717782,1,,1,5353,2,4380,3,189,4,0,5,0,6,100,7,1479,8,500,9,272,10,602,11,0,,0,,0,,0,,0,,0,,0,,0,,0,,0,,0,,0,12875,0
1773717783,1,,1,5353,2,4380,3,189,4,0,5,0,6,100,7,1479,8,500,9,272,10,602,11,0,,0,,0,,0,,0,,0,,0,,0,,0,,0,,0,,0,12875,0
1773717784,1,,1,5353,2,4380,3,189,4,0,5,0,6,100,7,1479,8,500,9,272,10,602,11,0,,0,,0,,0,,0,,0,,0,,0,,0,,0,,0,,0,12875,0
1773717785,1,,1,5353,2,4380,3,189,4,0,5,0,6,100,7,1479,8,500,9,272,10,602,11,0,,0,,0,,0,,0,,0,,0,,0,,0,,0,,0,,0,12875,0
1773717786,1,,1,5353,2,4380,3,189,4,0,5,0,6,100,7,1479,8,500,9,272,10,602,11,0,,0,,0,,0,,0,,0,,0,,0,,0,,0,,0,,0,12875,0
1773717787,1,,1,5353,2,4380,3,189,4,0,5,0,6,100,7,1479,8,500,9,272,10,602,11,0,,0,,0,,0,,0,,0,,0,,0,,0,,0,,0,,0,12875,0
1773717788,1,,1,5353,2,4380,3,189,4,0,5,0,6,100,7,1479,8,500,9,272,10,602,11,0,,0,,0,,0,,0,,0,,0,,0,,0,,0,,0,,0,12875,0
1773717789,1,,1,5340,2,4380,3,189,4,0,5,0,6,100,7,1479,8,500,9,272,10,602,11,0,,0,,0,,0,,0,,0,,0,,0,,0,,0,,0,,0,12862,0
1773717790,1,,1,5340,2,4380,3,189,4,0,5,0,6,100,7,1479,8,500,9,272,10,602,11,0,,0,,0,,0,,0,,0,,0,,0,,0,,0,,0,,0,12862,0
1773717791,1,,1,5340,2,4380,3,189,4,0,5,0,6,100,7,1479,8,500,9,272,10,602,11,0,,0,,0,,0,,0,,0,,0,,0,,0,,0,,0,,0,12862,0
1773717792,1,,1,5340,2,4380,3,189,4,0,5,0,6,100,7,1479,8,500,9,272,10,602,11,0,,0,,0,,0,,0,,0,,0,,0,,0,,0,,0,,0,12862,0
1773717793,1,,1,5340,2,4380,3,189,4,0,5,0,6,100,7,1479,8,500,9,272,10,602,11,0,,0,,0,,0,,0,,0,,0,,0,,0,,0,,0,,0,12862,0
1773717794,1,,1,5340,2,4380,3,189,4,0,5,0,6,100,7,1479,8,500,9,272,10,602,11,0,,0,,0,,0,,0,,0,,0,,0,,0,,0,,0,,0,12862,0
1773717795,1,,1,5340,2,4380,3,189,4,0,5,0,6,100,7,1479,8,500,9,272,10,602,11,0,,0,,0,,0,,0,,0,,0,,0,,0,,0,,0,,0,12862,0
1773717796,1,,1,5340,2,4380,3,189,4,0,5,0,6,100,7,1479,8,500,9,272,10,602,11,0,,0,,0,,0,,0,,0,,0,,0,,0,,0,,0,,0,12862,0
1773717797,1,,1,5340,2,4380,3,189,4,0,5,0,6,100,7,1479,8,500,9,272,10,602,11,0,,0,,0,,0,,0,,0,,0,,0,,0,,0,,0,,0,12862,0
1773717798,1,,1,5340,2,4380,3,189,4,0,5,0,6,100,7,1479,8,500,9,272,10,602,11,0,,0,,0,,0,,0,,0,,0,,0,,0,,0,,0,,0,12862,0
1773717799,1,,1,5340,2,4380,3,189,4,0,5,0,6,100,7,1479,8,500,9,272,10,602,11,0,,0,,0,,0,,0,,0,,0,,0,,0,,0,,0,,0,12862,0
1773717800,1,,1,5340,2,4380,3,189,4,0,5,0,6,100,7,1479,8,500,9,272,10,602,11,0,,0,,0,,0,,0,,0,,0,,0,,0,,0,,0,,0,12862,0
1773717801,1,,1,5340,2,4380,3,189,4,0,5,0,6,100,7,1479,8,500,9,272,10,602,11,0,,0,,0,,0,,0,,0,,0,,0,,0,,0,,0,,0,12862,0
1773717802,1,,1,5340,2,4380,3,189,4,0,5,0,6,100,7,1479,8,500,9,272,10,602,11,0,,0,,0,,0,,0,,0,,0,,0,,0,,0,,0,,0,12862,0
1773717803,1,,1,5340,2,4380,3,189,4,0,5,0,6,100,7,1479,8,500,9,272,10,602,11,0,,0,,0,,0,,0,,0,,0,,0,,0,,0,,0,,0,12862,0
1773717804,1,,1,5340,2,4380,3,189,4,0,5,0,6,100,7,1479,8,500,9,272,10,602,11,0,,0,,0,,0,,0,,0,,0,,0,,0,,0,,0,,0,12862,0
1773717805,1,,1,5340,2,4380,3,189,4,0,5,0,6,100,7,1479,8,500,9,272,10,602,11,0,,0,,0,,0,,0,,0,,0,,0,,0,,0,,0,,0,12862,0
1773717806,1,,1,5340,2,4380,3,189,4,0,5,0,6,100,7,1479,8,500,9,272,10,602,11,0,,0,,0,,0,,0,,0,,0,,0,,0,,0,,0,,0,12862,0
1773717807,1,,1,5340,2,4380,3,189,4,0,5,0,6,100,7,1479,8,500,9,272,10,602,11,0,,0,,0,,0,,0,,0,,0,,0,,0,,0,,0,,0,12862,0
1773717808,1,,1,5340,2,4380,3,189,4,0,5,0,6,100,7,1479,8,500,9,272,10,602,11,0,,0,,0,,0,,0,,0,,0,,0,,0,,0,,0,,0,12862,0
1773717809,1,,1,5340,2,4380,3,189,4,0,5,0,6,100,7,1479,8,500,9,272,10,602,11,0,,0,,0,,0,,0,,0,,0,,0,,0,,0,,0,,0,12862,0
1773717810,1,,1,5340,2,4380,3,189,4,0,5,0,6,100,7,1479,8,500,9,272,10,602,11,0,,0,,0,,0,,0,,0,,0,,0,,0,,0,,0,,0,12862,0
1773717811,1,,1,5340,2,4380,3,189,4,0,5,0,6,100,7,1479,8,500,9,272,10,602,11,0,,0,,0,,0,,0,,0,,0,,0,,0,,0,,0,,0,12862,0
1773717812,1,,1,5340,2,4380,3,189,4,0,5,0,6,100,7,1479,8,500,9,272,10,602,11,0,,0,,0,,0,,0,,0,,0,,0,,0,,0,,0,,0,12862,0
1773717813,1,,1,5340,2,4380,3,189,4,0,5,0,6,100,7,1479,8,500,9,272,10,602,11,0,,0,,0,,0,,0,,0,,0,,0,,0,,0,,0,,0,12862,0
1773717814,1,,1,5340,2,4380,3,189,4,0,5,0,6,100,7,1479,8,500,9,272,10,602,11,0,,0,,0,,0,,0,,0,,0,,0,,0,,0,,0,,0,12862,0
1773717815,1,,1,5340,2,4380,3,189,4,0,5,0,6,100,7,1479,8,500,9,272,10,602,11,0,,0,,0,,0,,0,,0,,0,,0,,0,,0,,0,,0,12862,0
1773717816,1,,1,5340,2,4380,3,189,4,0,5,0,6,100,7,1479,8,500,9,272,10,602,11,0,,0,,0,,0,,0,,0,,0,,0,,0,,0,,0,,0,12862,0
1773717817,1,,1,5340,2,4380,3,189,4,0,5,0,6,100,7,1479,8,500,9,272,10,602,11,0,,0,,0,,0,,0,,0,,0,,0,,0,,0,,0,,0,12862,0
1773717818,1,,1,5340,2,4380,3,189,4,0,5,0,6,100,7,1479,8,500,9,272,10,602,11,0,,0,,0,,0,,0,,0,,0,,0,,0,,0,,0,,0,12862,0
1773717819,1,,1,5340,2,4380,3,189,4,0,5,0,6,100,7,1479,8,500,9,272,10,602,11,0,,0,,0,,0,,0,,0,,0,,0,,0,,0,,0,,0,12862,0
1773717820,1,,1,5340,2,4380,3,189,4,0,5,0,6,100,7,1479,8,500,9,272,10,602,11,0,,0,,0,,0,,0,,0,,0,,0,,0,,0,,0,,0,12862,0
1773717821,1,,1,5340,2,4380,3,189,4,0,5,0,6,100,7,1479,8,500,9,272,10,602,11,0,,0,,0,,0,,0,,0,,0,,0,,0,,0,,0,,0,12862,0
1773717822,1,,1,5340,2,4380,3,189,4,0,5,0,6,100,7,1479,8,500,9,272,10,602,11,0,,0,,0,,0,,0,,0,,0,,0,,0,,0,,0,,0,12862,0
1773717823,1,,1,5340,2,4380,3,189,4,0,5,0,6,100,7,1479,8,500,9,272,10,602,11,0,,0,,0,,0,,0,,0,,0,,0,,0,,0,,0,,0,12862,0
1773717824,1,,1,5340,2,4380,3,189,4,0,5,0,6,100,7,1479,8,500,9,272,10,602,11,0,,0,,0,,0,,0,,0,,0,,0,,0,,0,,0,,0,12862,0
1773717825,1,,1,5340,2,4380,3,189,4,0,5,0,6,100,7,1479,8,500,9,272,10,602,11,0,,0,,0,,0,,0,,0,,0,,0,,0,,0,,0,,0,12862,0
1773717826,1,,1,5340,2,4380,3,189,4,0,5,0,6,100,7,1479,8,500,9,272,10,602,11,0,,0,,0,,0,,0,,0,,0,,0,,0,,0,,0,,0,12862,0
1773717827,1,,1,5340,2,4380,3,189,4,0,5,0,6,100,7,1479,8,500,9,272,10,602,11,0,,0,,0,,0,,0,,0,,0,,0,,0,,0,,0,,0,12862,0
1773717828,1,,1,5340,2,4380,3,189,4,0,5,0,6,100,7,1479,8,500,9,272,10,602,11,0,,0,,0,,0,,0,,0,,0,,0,,0,,0,,0,,0,12862,0
1773717829,1,,1,5340,2,4380,3,189,4,0,5,0,6,100,7,1479,8,500,9,272,10,602,11,0,,0,,0,,0,,0,,0,,0,,0,,0,,0,,0,,0,12862,0
1773717830,1,,1,5340,2,4380,3,189,4,0,5,0,6,100,7,1479,8,500,9,272,10,602,11,0,,0,,0,,0,,0,,0,,0,,0,,0,,0,,0,,0,12862,0
1773717831,1,,1,5340,2,4380,3,189,4,0,5,0,6,100,7,1479,8,500,9,272,10,602,11,0,,0,,0,,0,,0,,0,,0,,0,,0,,0,,0,,0,12862,0
1773717832,1,,1,5340,2,4380,3,189,4,0,5,0,6,100,7,1479,8,500,9,272,10,602,11,0,,0,,0,,0,,0,,0,,0,,0,,0,,0,,0,,0,12862,0
1773717833,1,,1,5340,2,4380,3,189,4,0,5,0,6,100,7,1479,8,500,9,272,10,602,11,0,,0,,0,,0,,0,,0,,0,,0,,0,,0,,0,,0,12862,0
1773717834,1,,1,5340,2,4380,3,189,4,0,5,0,6,100,7,1479,8,500,9,272,10,602,11,0,,0,,0,,0,,0,,0,,0,,0,,0,,0,,0,,0,12862,0
1773717835,1,,1,5340,2,4380,3,189,4,0,5,0,6,100,7,1479,8,500,9,272,10,602,11,0,,0,,0,,0,,0,,0,,0,,0,,0,,0,,0,,0,12862,0
1773717836,1,,1,5340,2,4380,3,189,4,0,5,0,6,100,7,1479,8,500,9,272,10,602,11,0,,0,,0,,0,,0,,0,,0,,0,,0,,0,,0,,0,12862,0
1773717837,1,,1,5340,2,4380,3,189,4,0,5,0,6,100,7,1479,8,500,9,272,10,602,11,0,,0,,0,,0,,0,,0,,0,,0,,0,,0,,0,,0,12862,0
1773717838,1,,1,5340,2,4380,3,189,4,0,5,0,6,100,7,1473,8,500,9,272,10,602,11,0,,0,,0,,0,,0,,0,,0,,0,,0,,0,,0,,0,12856,0
1773717839,1,,1,5340,2,4380,3,189,4,0,5,0,6,100,7,1473,8,500,9,272,10,602,11,0,,0,,0,,0,,0,,0,,0,,0,,0,,0,,0,,0,12856,0
1773717840,1,,1,5340,2,4380,3,189,4,0,5,0,6,100,7,1473,8,500,9,272,10,602,11,0,,0,,0,,0,,0,,0,,0,,0,,0,,0,,0,,0,12856,0
1773717841,1,,1,5340,2,4380,3,189,4,0,5,0,6,100,7,1473,8,500,9,272,10,602,11,0,,0,,0,,0,,0,,0,,0,,0,,0,,0,,0,,0,12856,0
1773717842,1,,1,5340,2,4380,3,189,4,0,5,0,6,100,7,1473,8,500,9,272,10,602,11,0,,0,,0,,0,,0,,0,,0,,0,,0,,0,,0,,0,12856,0
1773717843,1,,1,5340,2,4380,3,189,4,0,5,0,6,100,7,1473,8,500,9,272,10,602,11,0,,0,,0,,0,,0,,0,,0,,0,,0,,0,,0,,0,12856,0
1773717844,1,,1,5340,2,4380,3,189,4,0,5,0,6,100,7,1473,8,500,9,272,10,602,11,0,,0,,0,,0,,0,,0,,0,,0,,0,,0,,0,,0,12856,0
1773717845,1,,1,5340,2,4380,3,189,4,0,5,0,6,100,7,1473,8,500,9,272,10,602,11,0,,0,,0,,0,,0,,0,,0,,0,,0,,0,,0,,0,12856,0
1773717846,1,,1,5340,2,4380,3,189,4,0,5,0,6,100,7,1473,8,500,9,272,10,602,11,0,,0,,0,,0,,0,,0,,0,,0,,0,,0,,0,,0,12856,0
1773717847,1,,1,5340,2,4380,3,189,4,0,5,0,6,100,7,1473,8,500,9,272,10,602,11,0,,0,,0,,0,,0,,0,,0,,0,,0,,0,,0,,0,12856,0
1773717848,1,,1,5340,2,4380,3,189,4,0,5,0,6,100,7,1473,8,500,9,272,10,602,11,0,,0,,0,,0,,0,,0,,0,,0,,0,,0,,0,,0,12856,0
1773717849,1,,1,5340,2,4380,3,189,4,0,5,0,6,100,7,1473,8,500,9,272,10,602,11,0,,0,,0,,0,,0,,0,,0,,0,,0,,0,,0,,0,12856,0
1773717850,1,,1,5340,2,4380,3,189,4,0,5,0,6,100,7,1473,8,500,9,272,10,602,11,0,,0,,0,,0,,0,,0,,0,,0,,0,,0,,0,,0,12856,0
1773717851,1,,1,5340,2,4380,3,189,4,0,5,0,6,100,7,1473,8,500,9,272,10,602,11,0,,0,,0,,0,,0,,0,,0,,0,,0,,0,,0,,0,12856,0
1773717852,1,,1,5340,2,4380,3,189,4,0,5,0,6,100,7,1473,8,500,9,272,10,602,11,0,,0,,0,,0,,0,,0,,0,,0,,0,,0,,0,,0,12856,0
1773717853,1,,1,5340,2,4380,3,189,4,0,5,0,6,100,7,1473,8,500,9,272,10,602,11,0,,0,,0,,0,,0,,0,,0,,0,,0,,0,,0,,0,12856,0
1773717854,1,,1,5340,2,4380,3,189,4,0,5,0,6,100,7,1473,8,500,9,272,10,602,11,0,,0,,0,,0,,0,,0,,0,,0,,0,,0,,0,,0,12856,0
1773717855,1,,1,5340,2,4380,3,189,4,0,5,0,6,100,7,1473,8,500,9,272,10,602,11,0,,0,,0,,0,,0,,0,,0,,0,,0,,0,,0,,0,12856,0
1773717856,1,,1,5340,2,4380,3,189,4,0,5,0,6,100,7,1473,8,500,9,272,10,602,11,0,,0,,0,,0,,0,,0,,0,,0,,0,,0,,0,,0,12856,0
1773717857,1,,1,5340,2,4380,3,189,4,0,5,0,6,100,7,1473,8,500,9,272,10,602,11,0,,0,,0,,0,,0,,0,,0,,0,,0,,0,,0,,0,12856,0
1773717858,1,,1,5340,2,4380,3,189,4,0,5,0,6,100,7,1473,8,500,9,272,10,602,11,0,,0,,0,,0,,0,,0,,0,,0,,0,,0,,0,,0,12856,0
1773717859,1,,1,5340,2,4380,3,189,4,0,5,0,6,100,7,1473,8,500,9,272,10,602,11,0,,0,,0,,0,,0,,0,,0,,0,,0,,0,,0,,0,12856,0
1773717860,1,,1,5340,2,4380,3,189,4,0,5,0,6,100,7,1473,8,500,9,272,10,602,11,0,,0,,0,,0,,0,,0,,0,,0,,0,,0,,0,,0,12856,0
1773717861,1,,1,5340,2,4380,3,189,4,0,5,0,6,100,7,1473,8,500,9,272,10,602,11,0,,0,,0,,0,,0,,0,,0,,0,,0,,0,,0,,0,12856,0
1773717862,1,,1,5340,2,4380,3,189,4,0,5,0,6,100,7,1473,8,500,9,272,10,602,11,0,,0,,0,,0,,0,,0,,0,,0,,0,,0,,0,,0,12856,0
1773717863,1,,1,5340,2,4380,3,189,4,0,5,0,6,100,7,1473,8,500,9,272,10,602,11,0,,0,,0,,0,,0,,0,,0,,0,,0,,0,,0,,0,12856,0
1773717864,1,,1,5340,2,4380,3,189,4,0,5,0,6,100,7,1473,8,500,9,272,10,602,11,0,,0,,0,,0,,0,,0,,0,,0,,0,,0,,0,,0,12856,0
1773717865,1,,1,5340,2,4380,3,189,4,0,5,0,6,100,7,1473,8,500,9,272,10,602,11,0,,0,,0,,0,,0,,0,,0,,0,,0,,0,,0,,0,12856,0
1773717866,1,,1,5340,2,4380,3,189,4,0,5,0,6,100,7,1473,8,500,9,272,10,602,11,0,,0,,0,,0,,0,,0,,0,,0,,0,,0,,0,,0,12856,0
1773717867,1,,1,5340,2,4380,3,189,4,0,5,0,6,100,7,1473,8,500,9,272,10,602,11,0,,0,,0,,0,,0,,0,,0,,0,,0,,0,,0,,0,12856,0
1773717868,1,,1,5340,2,4380,3,189,4,0,5,0,6,100,7,1473,8,500,9,272,10,602,11,0,,0,,0,,0,,0,,0,,0,,0,,0,,0,,0,,0,12856,0
1773717869,1,,1,5340,2,4380,3,189,4,0,5,0,6,100,7,1473,8,500,9,272,10,602,11,0,,0,,0,,0,,0,,0,,0,,0,,0,,0,,0,,0,12856,0
1773717870,1,,1,5340,2,4380,3,189,4,0,5,0,6,100,7,1473,8,500,9,272,10,602,11,0,,0,,0,,0,,0,,0,,0,,0,,0,,0,,0,,0,12856,0
1773717871,1,,1,5340,2,4380,3,189,4,0,5,0,6,100,7,1473,8,500,9,272,10,602,11,0,,0,,0,,0,,0,,0,,0,,0,,0,,0,,0,,0,12856,0
1773717872,1,,1,5340,2,4380,3,189,4,0,5,0,6,100,7,1473,8,500,9,272,10,602,11,0,,0,,0,,0,,0,,0,,0,,0,,0,,0,,0,,0,12856,0
1773717873,1,,1,5340,2,4380,3,189,4,0,5,0,6,100,7,1473,8,500,9,272,10,602,11,0,,0,,0,,0,,0,,0,,0,,0,,0,,0,,0,,0,12856,0
1773717874,1,,1,5340,2,4380,3,189,4,0,5,0,6,100,7,1473,8,500,9,272,10,602,11,0,,0,,0,,0,,0,,0,,0,,0,,0,,0,,0,,0,12856,0
1773717875,1,,1,5340,2,4380,3,189,4,0,5,0,6,100,7,1473,8,500,9,272,10,602,11,0,,0,,0,,0,,0,,0,,0,,0,,0,,0,,0,,0,12856,0
1773717876,1,,1,5527,2,4380,3,189,4,0,5,0,6,100,7,1469,8,500,9,272,10,602,11,0,,0,,0,,0,,0,,0,,0,,0,,0,,0,,0,,0,13039,0
1773717877,1,,1,5527,2,4380,3,189,4,0,5,0,6,100,7,1469,8,500,9,272,10,602,11,0,,0,,0,,0,,0,,0,,0,,0,,0,,0,,0,,0,13039,0
1773717878,1,,1,5527,2,4380,3,189,4,0,5,0,6,100,7,1469,8,500,9,272,10,602,11,0,,0,,0,,0,,0,,0,,0,,0,,0,,0,,0,,0,13039,0
1773717879,1,,1,5527,2,4380,3,189,4,0,5,0,6,100,7,1469,8,500,9,272,10,602,11,0,,0,,0,,0,,0,,0,,0,,0,,0,,0,,0,,0,13039,0
1773717880,1,,1,5527,2,4380,3,189,4,0,5,0,6,100,7,1469,8,500,9,272,10,602,11,0,,0,,0,,0,,0,,0,,0,,0,,0,,0,,0,,0,13039,0
1773717881,1,,1,5527,2,4380,3,189,4,0,5,0,6,100,7,1469,8,500,9,272,10,602,11,0,,0,,0,,0,,0,,0,,0,,0,,0,,0,,0,,0,13039,0
1773717882,1,,1,5527,2,4380,3,189,4,0,5,0,6,100,7,1469,8,500,9,272,10,602,11,0,,0,,0,,0,,0,,0,,0,,0,,0,,0,,0,,0,13039,0
1773717883,1,,1,5527,2,4380,3,189,4,0,5,0,6,100,7,1469,8,500,9,272,10,602,11,0,,0,,0,,0,,0,,0,,0,,0,,0,,0,,0,,0,13039,0
1773717884,1,,1,5527,2,4380,3,189,4,0,5,0,6,100,7,1469,8,500,9,272,10,602,11,0,,0,,0,,0,,0,,0,,0,,0,,0,,0,,0,,0,13039,0
1773717885,1,,1,5527,2,4380,3,189,4,0,5,0,6,100,7,1469,8,500,9,272,10,602,11,0,,0,,0,,0,,0,,0,,0,,0,,0,,0,,0,,0,13039,0
1773717886,1,,1,5527,2,4380,3,189,4,0,5,0,6,100,7,1469,8,500,9,272,10,602,11,0,,0,,0,,0,,0,,0,,0,,0,,0,,0,,0,,0,13039,0
1773717887,1,,1,5527,2,4380,3,189,4,0,5,0,6,100,7,1469,8,500,9,272,10,602,11,0,,0,,0,,0,,0,,0,,0,,0,,0,,0,,0,,0,13039,0
1773717888,1,,1,5527,2,4380,3,189,4,0,5,0,6,100,7,1469,8,500,9,272,10,602,11,0,,0,,0,,0,,0,,0,,0,,0,,0,,0,,0,,0,13039,0
1773717889,1,,1,5527,2,4380,3,189,4,0,5,0,6,100,7,1469,8,500,9,272,10,602,11,0,,0,,0,,0,,0,,0,,0,,0,,0,,0,,0,,0,13039,0
1773717890,1,,1,5527,2,4380,3,189,4,0,5,0,6,100,7,1469,8,500,9,272,10,602,11,0,,0,,0,,0,,0,,0,,0,,0,,0,,0,,0,,0,13039,0
1773717891,1,,1,5527,2,4380,3,189,4,0,5,0,6,100,7,1469,8,500,9,272,10,602,11,0,,0,,0,,0,,0,,0,,0,,0,,0,,0,,0,,0,13039,0
1773717892,1,,1,5527,2,4380,3,189,4,0,5,0,6,100,7,1469,8,500,9,272,10,602,11,0,,0,,0,,0,,0,,0,,0,,0,,0,,0,,0,,0,13039,0
1773717893,1,,1,5527,2,4380,3,189,4,0,5,0,6,100,7,1469,8,500,9,272,10,602,11,0,,0,,0,,0,,0,,0,,0,,0,,0,,0,,0,,0,13039,0
1773717894,1,,1,5527,2,4380,3,189,4,0,5,0,6,100,7,1469,8,500,9,272,10,602,11,0,,0,,0,,0,,0,,0,,0,,0,,0,,0,,0,,0,13039,0
1773717895,1,,1,5527,2,4380,3,189,4,0,5,0,6,100,7,1469,8,500,9,272,10,602,11,0,,0,,0,,0,,0,,0,,0,,0,,0,,0,,0,,0,13039,0
1773717896,1,,1,5527,2,4380,3,189,4,0,5,0,6,100,7,1469,8,500,9,272,10,602,11,0,,0,,0,,0,,0,,0,,0,,0,,0,,0,,0,,0,13039,0
1773717897,1,,1,5527,2,4380,3,189,4,0,5,0,6,100,7,1469,8,500,9,272,10,602,11,0,,0,,0,,0,,0,,0,,0,,0,,0,,0,,0,,0,13039,0
1773717898,1,,1,5527,2,4380,3,189,4,0,5,0,6,100,7,1469,8,500,9,272,10,602,11,0,,0,,0,,0,,0,,0,,0,,0,,0,,0,,0,,0,13039,0
1773717899,1,,1,5527,2,4380,3,189,4,0,5,0,6,100,7,1469,8,500,9,272,10,602,11,0,,0,,0,,0,,0,,0,,0,,0,,0,,0,,0,,0,13039,0
1773717900,1,,1,5527,2,4380,3,189,4,0,5,0,6,100,7,1469,8,500,9,272,10,602,11,0,,0,,0,,0,,0,,0,,0,,0,,0,,0,,0,,0,13039,0
1773717901,1,,1,5527,2,4380,3,189,4,0,5,0,6,100,7,1469,8,500,9,272,10,602,11,0,,0,,0,,0,,0,,0,,0,,0,,0,,0,,0,,0,13039,0
1773717902,1,,1,5527,2,4380,3,189,4,0,5,0,6,100,7,1469,8,500,9,272,10,602,11,0,,0,,0,,0,,0,,0,,0,,0,,0,,0,,0,,0,13039,0
1773717903,1,,1,5527,2,4380,3,189,4,0,5,0,6,100,7,1469,8,500,9,272,10,602,11,0,,0,,0,,0,,0,,0,,0,,0,,0,,0,,0,,0,13039,0
1773717904,1,,1,5527,2,4380,3,189,4,0,5,0,6,100,7,1469,8,500,9,272,10,602,11,0,,0,,0,,0,,0,,0,,0,,0,,0,,0,,0,,0,13039,0
1773717905,1,,1,5527,2,4380,3,189,4,0,5,0,6,100,7,1469,8,500,9,272,10,602,11,0,,0,,0,,0,,0,,0,,0,,0,,0,,0,,0,,0,13039,0
1773717906,1,,1,5527,2,4380,3,189,4,0,5,0,6,100,7,1469,8,500,9,272,10,602,11,0,,0,,0,,0,,0,,0,,0,,0,,0,,0,,0,,0,13039,0
1773717907,1,,1,5527,2,4380,3,189,4,0,5,0,6,100,7,1469,8,500,9,272,10,602,11,0,,0,,0,,0,,0,,0,,0,,0,,0,,0,,0,,0,13039,0
1773717908,1,,1,5527,2,4380,3,189,4,0,5,0,6,100,7,1469,8,500,9,272,10,602,11,0,,0,,0,,0,,0,,0,,0,,0,,0,,0,,0,,0,13039,0
1773717909,1,,1,5527,2,4380,3,189,4,0,5,0,6,100,7,1469,8,500,9,272,10,602,11,0,,0,,0,,0,,0,,0,,0,,0,,0,,0,,0,,0,13039,0
1773717910,1,,1,5527,2,4380,3,189,4,0,5,0,6,100,7,1469,8,500,9,272,10,602,11,0,,0,,0,,0,,0,,0,,0,,0,,0,,0,,0,,0,13039,0
1773717911,1,,1,5527,2,4380,3,189,4,0,5,0,6,100,7,1469,8,500,9,272,10,602,11,0,,0,,0,,0,,0,,0,,0,,0,,0,,0,,0,,0,13039,0
1773717912,1,,1,5527,2,4380,3,189,4,0,5,0,6,100,7,1469,8,500,9,272,10,602,11,0,,0,,0,,0,,0,,0,,0,,0,,0,,0,,0,,0,13039,0
1773717913,1,,1,5527,2,4380,3,189,4,0,5,0,6,100,7,1469,8,500,9,272,10,602,11,0,,0,,0,,0,,0,,0,,0,,0,,0,,0,,0,,0,13039,0
1773717914,1,,1,5527,2,4380,3,189,4,0,5,0,6,100,7,1469,8,500,9,272,10,602,11,0,,0,,0,,0,,0,,0,,0,,0,,0,,0,,0,,0,13039,0
1773717915,1,,1,5527,2,4380,3,189,4,0,5,0,6,100,7,1469,8,500,9,272,10,602,11,0,,0,,0,,0,,0,,0,,0,,0,,0,,0,,0,,0,13039,0
1773717916,1,,1,5527,2,4380,3,189,4,0,5,0,6,100,7,1469,8,500,9,272,10,602,11,0,,0,,0,,0,,0,,0,,0,,0,,0,,0,,0,,0,13039,0
1773717917,1,,1,5527,2,4380,3,189,4,0,5,0,6,100,7,1464,8,500,9,272,10,602,11,0,,0,,0,,0,,0,,0,,0,,0,,0,,0,,0,,0,13034,0
1773717918,1,,1,5527,2,4380,3,189,4,0,5,0,6,100,7,1464,8,500,9,272,10,602,11,0,,0,,0,,0,,0,,0,,0,,0,,0,,0,,0,,0,13034,0
1773717919,1,,1,5527,2,4380,3,189,4,0,5,0,6,100,7,1464,8,500,9,272,10,602,11,0,,0,,0,,0,,0,,0,,0,,0,,0,,0,,0,,0,13034,0
1773717920,1,,1,5527,2,4380,3,189,4,0,5,0,6,100,7,1464,8,500,9,272,10,602,11,0,,0,,0,,0,,0,,0,,0,,0,,0,,0,,0,,0,13034,0
1773717921,1,,1,5527,2,4380,3,189,4,0,5,0,6,100,7,1464,8,500,9,272,10,602,11,0,,0,,0,,0,,0,,0,,0,,0,,0,,0,,0,,0,13034,0
1773717922,1,,1,5527,2,4380,3,189,4,0,5,0,6,100,7,1464,8,500,9,272,10,602,11,0,,0,,0,,0,,0,,0,,0,,0,,0,,0,,0,,0,13034,0
1773717923,1,,1,5527,2,4380,3,189,4,0,5,0,6,100,7,1464,8,500,9,272,10,602,11,0,,0,,0,,0,,0,,0,,0,,0,,0,,0,,0,,0,13034,0
1773717924,1,,1,5527,2,4380,3,189,4,0,5,0,6,100,7,1464,8,500,9,272,10,602,11,0,,0,,0,,0,,0,,0,,0,,0,,0,,0,,0,,0,13034,0
1773717925,1,,1,5527,2,4380,3,189,4,0,5,0,6,100,7,1464,8,500,9,272,10,602,11,0,,0,,0,,0,,0,,0,,0,,0,,0,,0,,0,,0,13034,0
1773717926,1,,1,5527,2,4380,3,189,4,0,5,0,6,100,7,1464,8,500,9,272,10,602,11,0,,0,,0,,0,,0,,0,,0,,0,,0,,0,,0,,0,13034,0
1773717927,1,,1,5527,2,4380,3,189,4,0,5,0,6,100,7,1464,8,500,9,272,10,602,11,0,,0,,0,,0,,0,,0,,0,,0,,0,,0,,0,,0,13034,0
1773717928,1,,1,5527,2,4380,3,189,4,0,5,0,6,100,7,1464,8,500,9,272,10,602,11,0,,0,,0,,0,,0,,0,,0,,0,,0,,0,,0,,0,13034,0
1773717929,1,,1,5527,2,4380,3,189,4,0,5,0,6,100,7,1464,8,500,9,272,10,602,11,0,,0,,0,,0,,0,,0,,0,,0,,0,,0,,0,,0,13034,0
1773717930,1,,1,5527,2,4380,3,189,4,0,5,0,6,100,7,1464,8,500,9,272,10,602,11,0,,0,,0,,0,,0,,0,,0,,0,,0,,0,,0,,0,13034,0
1773717931,1,,1,5527,2,4380,3,189,4,0,5,0,6,100,7,1464,8,500,9,272,10,602,11,0,,0,,0,,0,,0,,0,,0,,0,,0,,0,,0,,0,13034,0
1773717932,1,,1,5527,2,4380,3,189,4,0,5,0,6,100,7,1464,8,500,9,272,10,602,11,0,,0,,0,,0,,0,,0,,0,,0,,0,,0,,0,,0,13034,0
1773717933,1,,1,5527,2,4380,3,189,4,0,5,0,6,100,7,1464,8,500,9,272,10,602,11,0,,0,,0,,0,,0,,0,,0,,0,,0,,0,,0,,0,13034,0
1773717934,1,,1,5527,2,4380,3,189,4,0,5,0,6,100,7,1464,8,500,9,272,10,602,11,0,,0,,0,,0,,0,,0,,0,,0,,0,,0,,0,,0,13034,0
1773717935,1,,1,5527,2,4380,3,189,4,0,5,0,6,100,7,1464,8,500,9,272,10,602,11,0,,0,,0,,0,,0,,0,,0,,0,,0,,0,,0,,0,13034,0
1773717936,1,,1,5527,2,4380,3,189,4,0,5,0,6,100,7,1464,8,500,9,272,10,602,11,0,,0,,0,,0,,0,,0,,0,,0,,0,,0,,0,,0,13034,0
1773717937,1,,1,5527,2,4380,3,189,4,0,5,0,6,100,7,1464,8,500,9,272,10,602,11,0,,0,,0,,0,,0,,0,,0,,0,,0,,0,,0,,0,13034,0
1773717938,1,,1,5527,2,4380,3,189,4,0,5,0,6,100,7,1464,8,500,9,272,10,602,11,0,,0,,0,,0,,0,,0,,0,,0,,0,,0,,0,,0,13034,0
1773717939,1,,1,5527,2,4380,3,189,4,0,5,0,6,100,7,1464,8,500,9,272,10,602,11,0,,0,,0,,0,,0,,0,,0,,0,,0,,0,,0,,0,13034,0
1773717940,1,,1,5527,2,4380,3,189,4,0,5,0,6,100,7,1464,8,500,9,272,10,602,11,0,,0,,0,,0,,0,,0,,0,,0,,0,,0,,0,,0,13034,0
1773717941,1,,1,5527,2,4380,3,189,4,0,5,0,6,100,7,1464,8,500,9,272,10,602,11,0,,0,,0,,0,,0,,0,,0,,0,,0,,0,,0,,0,13034,0
1773717942,1,,1,5527,2,4380,3,189,4,0,5,0,6,100,7,1464,8,500,9,272,10,602,11,0,,0,,0,,0,,0,,0,,0,,0,,0,,0,,0,,0,13034,0
1773717943,1,,1,5527,2,4380,3,189,4,0,5,0,6,100,7,1464,8,500,9,272,10,602,11,0,,0,,0,,0,,0,,0,,0,,0,,0,,0,,0,,0,13034,0
1773717944,1,,1,5527,2,4380,3,189,4,0,5,0,6,100,7,1464,8,500,9,272,10,602,11,0,,0,,0,,0,,0,,0,,0,,0,,0,,0,,0,,0,13034,0
1773717945,1,,1,5527,2,4380,3,189,4,0,5,0,6,100,7,1464,8,500,9,272,10,602,11,0,,0,,0,,0,,0,,0,,0,,0,,0,,0,,0,,0,13034,0
1773717946,1,,1,5527,2,4380,3,189,4,0,5,0,6,100,7,1464,8,500,9,272,10,602,11,0,,0,,0,,0,,0,,0,,0,,0,,0,,0,,0,,0,13034,0
1773717947,1,,1,5527,2,4380,3,189,4,0,5,0,6,100,7,1464,8,500,9,272,10,602,11,0,,0,,0,,0,,0,,0,,0,,0,,0,,0,,0,,0,13034,0
1773717948,1,,1,5527,2,4380,3,189,4,0,5,0,6,100,7,1464,8,500,9,272,10,602,11,0,,0,,0,,0,,0,,0,,0,,0,,0,,0,,0,,0,13034,0
1773717949,1,,1,5527,2,4380,3,189,4,0,5,0,6,100,7,1464,8,500,9,272,10,602,11,0,,0,,0,,0,,0,,0,,0,,0,,0,,0,,0,,0,13034,0
1773717950,1,,1,5527,2,4380,3,189,4,0,5,0,6,100,7,1464,8,500,9,272,10,602,11,0,,0,,0,,0,,0,,0,,0,,0,,0,,0,,0,,0,13034,0
1773717951,1,,1,5527,2,4380,3,189,4,0,5,0,6,100,7,1464,8,500,9,272,10,602,11,0,,0,,0,,0,,0,,0,,0,,0,,0,,0,,0,,0,13034,0
1773717952,1,,1,5527,2,4380,3,189,4,0,5,0,6,100,7,1464,8,500,9,272,10,602,11,0,,0,,0,,0,,0,,0,,0,,0,,0,,0,,0,,0,13034,0
1773717953,1,,1,5527,2,4380,3,189,4,0,5,0,6,100,7,1464,8,500,9,272,10,602,11,0,,0,,0,,0,,0,,0,,0,,0,,0,,0,,0,,0,13034,0
1773717954,1,,1,5527,2,4380,3,189,4,0,5,0,6,100,7,1464,8,500,9,272,10,602,11,0,,0,,0,,0,,0,,0,,0,,0,,0,,0,,0,,0,13034,0
1773717955,1,,1,5527,2,4380,3,189,4,0,5,0,6,100,7,1464,8,500,9,272,10,602,11,0,,0,,0,,0,,0,,0,,0,,0,,0,,0,,0,,0,13034,0
1773717956,1,,1,5527,2,4380,3,189,4,0,5,0,6,100,7,1464,8,500,9,272,10,602,11,0,,0,,0,,0,,0,,0,,0,,0,,0,,0,,0,,0,13034,0
1773717957,1,,1,5527,2,4380,3,189,4,0,5,0,6,100,7,1464,8,500,9,272,10,602,11,0,,0,,0,,0,,0,,0,,0,,0,,0,,0,,0,,0,13034,0
1773717958,1,,1,5527,2,4380,3,189,4,0,5,0,6,100,7,1464,8,500,9,272,10,602,11,0,,0,,0,,0,,0,,0,,0,,0,,0,,0,,0,,0,13034,0
1773717959,1,,1,5527,2,4380,3,189,4,0,5,0,6,100,7,1464,8,500,9,272,10,602,11,0,,0,,0,,0,,0,,0,,0,,0,,0,,0,,0,,0,13034,0
1773717960,1,,1,5527,2,4380,3,189,4,0,5,0,6,100,7,1464,8,500,9,272,10,602,11,0,,0,,0,,0,,0,,0,,0,,0,,0,,0,,0,,0,13034,0
1773717961,1,,1,5527,2,4380,3,189,4,0,5,0,6,100,7,1464,8,500,9,272,10,602,11,0,,0,,0,,0,,0,,0,,0,,0,,0,,0,,0,,0,13034,0
1773717962,1,,1,5527,2,4380,3,189,4,0,5,0,6,100,7,1464,8,500,9,272,10,602,11,0,,0,,0,,0,,0,,0,,0,,0,,0,,0,,0,,0,13034,0
1773717963,1,,1,5527,2,4380,3,189,4,0,5,0,6,100,7,1464,8,500,9,272,10,602,11,0,,0,,0,,0,,0,,0,,0,,0,,0,,0,,0,,0,13034,0
1773717964,1,,1,5527,2,4380,3,189,4,0,5,0,6,100,7,1464,8,500,9,272,10,602,11,0,,0,,0,,0,,0,,0,,0,,0,,0,,0,,0,,0,13034,0
1773717965,1,,1,5527,2,4380,3,189,4,0,5,0,6,100,7,1464,8,500,9,272,10,602,11,0,,0,,0,,0,,0,,0,,0,,0,,0,,0,,0,,0,13034,0
1773717966,1,,1,5527,2,4380,3,189,4,0,5,0,6,100,7,1464,8,500,9,272,10,602,11,0,,0,,0,,0,,0,,0,,0,,0,,0,,0,,0,,0,13034,0
1773717967,1,,1,5527,2,4380,3,189,4,0,5,0,6,100,7,1464,8,500,9,272,10,602,11,0,,0,,0,,0,,0,,0,,0,,0,,0,,0,,0,,0,13034,0
1773717968,1,,1,5527,2,4380,3,189,4,0,5,0,6,100,7,1464,8,500,9,272,10,602,11,0,,0,,0,,0,,0,,0,,0,,0,,0,,0,,0,,0,13034,0
1773717969,1,,1,5527,2,4380,3,189,4,0,5,0,6,100,7,1464,8,500,9,272,10,602,11,0,,0,,0,,0,,0,,0,,0,,0,,0,,0,,0,,0,13034,0
1773717970,1,,1,5527,2,4380,3,189,4,0,5,0,6,100,7,1464,8,500,9,272,10,602,11,0,,0,,0,,0,,0,,0,,0,,0,,0,,0,,0,,0,13034,0
1773717971,1,,1,5527,2,4380,3,189,4,0,5,0,6,100,7,1464,8,500,9,272,10,602,11,0,,0,,0,,0,,0,,0,,0,,0,,0,,0,,0,,0,13034,0
1773717972,1,,1,5527,2,4380,3,189,4,0,5,0,6,100,7,1464,8,500,9,272,10,602,11,0,,0,,0,,0,,0,,0,,0,,0,,0,,0,,0,,0,13034,0
1773717973,1,,1,5527,2,4380,3,189,4,0,5,0,6,100,7,1464,8,500,9,272,10,602,11,0,,0,,0,,0,,0,,0,,0,,0,,0,,0,,0,,0,13034,0
1773717974,1,,1,5527,2,4380,3,189,4,0,5,0,6,100,7,1464,8,500,9,272,10,602,11,0,,0,,0,,0,,0,,0,,0,,0,,0,,0,,0,,0,13034,0
1773717975,1,,1,5527,2,4380,3,189,4,0,5,0,6,100,7,1464,8,500,9,272,10,602,11,0,,0,,0,,0,,0,,0,,0,,0,,0,,0,,0,,0,13034,0
1773717976,1,,1,5527,2,4380,3,189,4,0,5,0,6,100,7,1464,8,500,9,272,10,602,11,0,,0,,0,,0,,0,,0,,0,,0,,0,,0,,0,,0,13034,0
1773717977,1,,1,5527,2,4380,3,189,4,0,5,0,6,100,7,1464,8,500,9,272,10,602,11,0,,0,,0,,0,,0,,0,,0,,0,,0,,0,,0,,0,13034,0
1773717978,1,,1,5527,2,4380,3,189,4,0,5,0,6,100,7,1464,8,500,9,272,10,602,11,0,,0,,0,,0,,0,,0,,0,,0,,0,,0,,0,,0,13034,0
1773717979,1,,1,5527,2,4380,3,189,4,0,5,0,6,100,7,1464,8,500,9,272,10,602,11,0,,0,,0,,0,,0,,0,,0,,0,,0,,0,,0,,0,13034,0
1773717980,1,,1,5527,2,4380,3,189,4,0,5,0,6,100,7,1464,8,500,9,272,10,602,11,0,,0,,0,,0,,0,,0,,0,,0,,0,,0,,0,,0,13034,0
1773717981,1,,1,5527,2,4380,3,189,4,0,5,0,6,100,7,1464,8,500,9,272,10,602,11,0,,0,,0,,0,,0,,0,,0,,0,,0,,0,,0,,0,13034,0
1773717982,1,,1,5527,2,4380,3,189,4,0,5,0,6,100,7,1464,8,500,9,272,10,602,11,0,,0,,0,,0,,0,,0,,0,,0,,0,,0,,0,,0,13034,0
1773717983,1,,1,5527,2,4380,3,189,4,0,5,0,6,100,7,1464,8,500,9,272,10,602,11,0,,0,,0,,0,,0,,0,,0,,0,,0,,0,,0,,0,13034,0
1773717984,1,,1,5527,2,4380,3,189,4,0,5,0,6,100,7,1464,8,500,9,272,10,602,11,0,,0,,0,,0,,0,,0,,0,,0,,0,,0,,0,,0,13034,0
1773717985,1,,1,5527,2,4380,3,189,4,0,5,0,6,100,7,1464,8,500,9,272,10,602,11,0,,0,,0,,0,,0,,0,,0,,0,,0,,0,,0,,0,13034,0
1773717986,1,,1,5527,2,4380,3,189,4,0,5,0,6,100,7,1464,8,500,9,272,10,602,11,0,,0,,0,,0,,0,,0,,0,,0,,0,,0,,0,,0,13034,0
1773717987,1,,1,5527,2,4380,3,189,4,0,5,0,6,100,7,1464,8,500,9,272,10,602,11,0,,0,,0,,0,,0,,0,,0,,0,,0,,0,,0,,0,13034,0
1773717988,1,,1,5527,2,4380,3,189,4,0,5,0,6,100,7,1464,8,500,9,272,10,602,11,0,,0,,0,,0,,0,,0,,0,,0,,0,,0,,0,,0,13034,0
1773717989,1,,1,5527,2,4380,3,189,4,0,5,0,6,100,7,1464,8,500,9,272,10,602,11,0,,0,,0,,0,,0,,0,,0,,0,,0,,0,,0,,0,13034,0
1773717990,1,,1,5527,2,4380,3,189,4,0,5,0,6,100,7,1464,8,500,9,272,10,602,11,0,,0,,0,,0,,0,,0,,0,,0,,0,,0,,0,,0,13034,0
1773717991,1,,1,5527,2,4380,3,189,4,0,5,0,6,100,7,1464,8,500,9,272,10,602,11,0,,0,,0,,0,,0,,0,,0,,0,,0,,0,,0,,0,13034,0
1773717992,1,,1,5527,2,4380,3,189,4,0,5,0,6,100,7,1464,8,500,9,272,10,602,11,0,,0,,0,,0,,0,,0,,0,,0,,0,,0,,0,,0,13034,0
1773717993,1,,1,5527,2,4380,3,189,4,0,5,0,6,100,7,1464,8,500,9,272,10,602,11,0,,0,,0,,0,,0,,0,,0,,0,,0,,0,,0,,0,13034,0
1773717994,1,,1,5527,2,4380,3,189,4,0,5,0,6,100,7,1464,8,500,9,272,10,602,11,0,,0,,0,,0,,0,,0,,0,,0,,0,,0,,0,,0,13034,0
1773717995,1,,1,5527,2,4380,3,189,4,0,5,0,6,100,7,1464,8,500,9,272,10,602,11,0,,0,,0,,0,,0,,0,,0,,0,,0,,0,,0,,0,13034,0
1773717996,1,,1,5527,2,4380,3,189,4,0,5,0,6,100,7,1464,8,500,9,272,10,602,11,0,,0,,0,,0,,0,,0,,0,,0,,0,,0,,0,,0,13034,0
1773717997,1,,1,5527,2,4380,3,189,4,0,5,0,6,100,7,1464,8,500,9,272,10,602,11,0,,0,,0,,0,,0,,0,,0,,0,,0,,0,,0,,0,13034,0
1773717998,1,,1,5527,2,4380,3,189,4,0,5,0,6,100,7,1464,8,500,9,272,10,602,11,0,,0,,0,,0,,0,,0,,0,,0,,0,,0,,0,,0,13034,0
1773717999,1,,1,5527,2,4380,3,189,4,0,5,0,6,100,7,1464,8,500,9,272,10,602,11,0,,0,,0,,0,,0,,0,,0,,0,,0,,0,,0,,0,13034,0
1773718000,1,,1,5434,2,4380,3,189,4,0,5,0,6,100,7,1455,8,500,9,272,10,602,11,0,,0,,0,,0,,0,,0,,0,,0,,0,,0,,0,,0,12932,0
1773718001,1,,1,5434,2,4380,3,189,4,0,5,0,6,100,7,1455,8,500,9,272,10,602,11,0,,0,,0,,0,,0,,0,,0,,0,,0,,0,,0,,0,12932,0
1773718002,1,,1,5434,2,4380,3,189,4,0,5,0,6,100,7,1455,8,500,9,272,10,602,11,0,,0,,0,,0,,0,,0,,0,,0,,0,,0,,0,,0,12932,0
1773718003,1,,1,5434,2,4380,3,189,4,0,5,0,6,100,7,1455,8,500,9,272,10,602,11,0,,0,,0,,0,,0,,0,,0,,0,,0,,0,,0,,0,12932,0
1773718004,1,,1,5434,2,4380,3,189,4,0,5,0,6,100,7,1455,8,500,9,272,10,602,11,0,,0,,0,,0,,0,,0,,0,,0,,0,,0,,0,,0,12932,0
1773718005,1,,1,5434,2,4380,3,189,4,0,5,0,6,100,7,1455,8,500,9,272,10,602,11,0,,0,,0,,0,,0,,0,,0,,0,,0,,0,,0,,0,12932,0
1773718006,1,,1,5434,2,4380,3,189,4,0,5,0,6,100,7,1455,8,500,9,272,10,602,11,0,,0,,0,,0,,0,,0,,0,,0,,0,,0,,0,,0,12932,0
1773718007,1,,1,5434,2,4380,3,189,4,0,5,0,6,100,7,1455,8,500,9,272,10,602,11,0,,0,,0,,0,,0,,0,,0,,0,,0,,0,,0,,0,12932,0
1773718008,1,,1,5434,2,4380,3,189,4,0,5,0,6,100,7,1455,8,500,9,272,10,602,11,0,,0,,0,,0,,0,,0,,0,,0,,0,,0,,0,,0,12932,0
1773718009,1,,1,5434,2,4380,3,189,4,0,5,0,6,100,7,1455,8,500,9,272,10,602,11,0,,0,,0,,0,,0,,0,,0,,0,,0,,0,,0,,0,12932,0
1773718010,1,,1,5434,2,4380,3,189,4,0,5,0,6,100,7,1455,8,500,9,272,10,602,11,0,,0,,0,,0,,0,,0,,0,,0,,0,,0,,0,,0,12932,0
1773718011,1,,1,5434,2,4380,3,189,4,0,5,0,6,100,7,1455,8,500,9,272,10,602,11,0,,0,,0,,0,,0,,0,,0,,0,,0,,0,,0,,0,12932,0
1773718012,1,,1,5434,2,4380,3,189,4,0,5,0,6,100,7,1455,8,500,9,272,10,602,11,0,,0,,0,,0,,0,,0,,0,,0,,0,,0,,0,,0,12932,0
1773718013,1,,1,5434,2,4380,3,189,4,0,5,0,6,100,7,1455,8,500,9,272,10,602,11,0,,0,,0,,0,,0,,0,,0,,0,,0,,0,,0,,0,12932,0
1773718014,1,,1,5434,2,4380,3,189,4,0,5,0,6,100,7,1455,8,500,9,272,10,602,11,0,,0,,0,,0,,0,,0,,0,,0,,0,,0,,0,,0,12932,0
1773718015,1,,1,5434,2,4380,3,189,4,0,5,0,6,100,7,1455,8,500,9,272,10,602,11,0,,0,,0,,0,,0,,0,,0,,0,,0,,0,,0,,0,12932,0
1773718016,1,,1,5434,2,4380,3,189,4,0,5,0,6,100,7,1455,8,500,9,272,10,602,11,0,,0,,0,,0,,0,,0,,0,,0,,0,,0,,0,,0,12932,0
1773718017,1,,1,5434,2,4380,3,189,4,0,5,0,6,100,7,1455,8,500,9,272,10,602,11,0,,0,,0,,0,,0,,0,,0,,0,,0,,0,,0,,0,12932,0
1773718018,1,,1,5434,2,4380,3,189,4,0,5,0,6,100,7,1455,8,500,9,272,10,602,11,0,,0,,0,,0,,0,,0,,0,,0,,0,,0,,0,,0,12932,0
1773718019,1,,1,5434,2,4380,3,189,4,0,5,0,6,100,7,1455,8,500,9,272,10,602,11,0,,0,,0,,0,,0,,0,,0,,0,,0,,0,,0,,0,12932,0
1773718020,1,,1,5434,2,4380,3,189,4,0,5,0,6,100,7,1455,8,500,9,272,10,602,11,0,,0,,0,,0,,0,,0,,0,,0,,0,,0,,0,,0,12932,0
1773718021,1,,1,7434,2,4380,3,189,4,0,5,0,6,100,7,1453,8,500,9,272,10,602,11,0,,0,,0,,0,,0,,0,,0,,0,,0,,0,,0,,0,14930,0
1773718022,1,,1,7434,2,4380,3,189,4,0,5,0,6,100,7,1453,8,500,9,272,10,602,11,0,,0,,0,,0,,0,,0,,0,,0,,0,,0,,0,,0,14930,0
1773718023,1,,1,7434,2,4380,3,189,4,0,5,0,6,100,7,1453,8,500,9,272,10,602,11,0,,0,,0,,0,,0,,0,,0,,0,,0,,0,,0,,0,14930,0
1773718024,1,,1,7434,2,4380,3,189,4,0,5,0,6,100,7,1453,8,500,9,272,10,602,11,0,,0,,0,,0,,0,,0,,0,,0,,0,,0,,0,,0,14930,0
1773718025,1,,1,7434,2,4380,3,189,4,0,5,0,6,100,7,1453,8,500,9,272,10,602,11,0,,0,,0,,0,,0,,0,,0,,0,,0,,0,,0,,0,14930,0
1773718026,1,,1,7434,2,4380,3,189,4,0,5,0,6,100,7,1453,8,500,9,272,10,602,11,0,,0,,0,,0,,0,,0,,0,,0,,0,,0,,0,,0,14930,0
1773718027,1,,1,7434,2,4380,3,189,4,0,5,0,6,100,7,1453,8,500,9,272,10,602,11,0,,0,,0,,0,,0,,0,,0,,0,,0,,0,,0,,0,14930,0
1773718028,1,,1,7434,2,4380,3,189,4,0,5,0,6,100,7,1453,8,500,9,272,10,602,11,0,,0,,0,,0,,0,,0,,0,,0,,0,,0,,0,,0,14930,0
1773718029,1,,1,7434,2,4380,3,189,4,0,5,0,6,100,7,1452,8,500,9,272,10,602,11,0,,0,,0,,0,,0,,0,,0,,0,,0,,0,,0,,0,14929,0
1773718030,1,,1,7434,2,4380,3,189,4,0,5,0,6,100,7,1452,8,500,9,272,10,602,11,0,,0,,0,,0,,0,,0,,0,,0,,0,,0,,0,,0,14929,0
1773718031,1,,1,7434,2,4380,3,189,4,0,5,0,6,100,7,1452,8,500,9,272,10,602,11,0,,0,,0,,0,,0,,0,,0,,0,,0,,0,,0,,0,14929,0
1773718032,1,,1,7434,2,4380,3,189,4,0,5,0,6,100,7,1452,8,500,9,272,10,602,11,0,,0,,0,,0,,0,,0,,0,,0,,0,,0,,0,,0,14929,0
1773718033,1,,1,7434,2,4380,3,189,4,0,5,0,6,100,7,1452,8,500,9,272,10,602,11,0,,0,,0,,0,,0,,0,,0,,0,,0,,0,,0,,0,14929,0
1773718034,1,,1,7434,2,4380,3,189,4,0,5,0,6,100,7,1452,8,500,9,272,10,602,11,0,,0,,0,,0,,0,,0,,0,,0,,0,,0,,0,,0,14929,0
1773718035,1,,1,7434,2,4380,3,189,4,0,5,0,6,100,7,1452,8,500,9,272,10,602,11,0,,0,,0,,0,,0,,0,,0,,0,,0,,0,,0,,0,14929,0
1773718036,1,,1,7434,2,4380,3,189,4,0,5,0,6,100,7,1452,8,500,9,272,10,602,11,0,,0,,0,,0,,0,,0,,0,,0,,0,,0,,0,,0,14929,0
1773718037,1,,1,7434,2,4380,3,189,4,0,5,0,6,100,7,1452,8,500,9,272,10,602,11,0,,0,,0,,0,,0,,0,,0,,0,,0,,0,,0,,0,14929,0
1773718038,1,,1,7434,2,4380,3,189,4,0,5,0,6,100,7,1452,8,500,9,272,10,602,11,0,,0,,0,,0,,0,,0,,0,,0,,0,,0,,0,,0,14929,0
1773718039,1,,1,7434,2,4380,3,189,4,0,5,0,6,100,7,1452,8,500,9,272,10,602,11,0,,0,,0,,0,,0,,0,,0,,0,,0,,0,,0,,0,14929,0
1773718040,1,,1,7434,2,4380,3,189,4,0,5,0,6,100,7,1452,8,500,9,272,10,602,11,0,,0,,0,,0,,0,,0,,0,,0,,0,,0,,0,,0,14929,0
1773718041,1,,1,32686,2,4380,3,189,4,0,5,0,6,100,7,1451,8,500,9,272,10,602,11,0,,0,,0,,0,,0,,0,,0,,0,,0,,0,,0,,0,40180,0
1773718042,1,,1,37736,2,4380,3,189,4,0,5,0,6,100,7,1450,8,500,9,272,10,602,11,0,,0,,0,,0,,0,,0,,0,,0,,0,,0,,0,,0,45229,0
1773718043,1,,1,42736,2,4380,3,189,4,0,5,0,6,100,7,1450,8,500,9,272,10,602,11,0,,0,,0,,0,,0,,0,,0,,0,,0,,0,,0,,0,50229,0
1773718044,1,,1,42736,2,4380,3,189,4,0,5,0,6,100,7,1450,8,500,9,272,10,602,11,0,,0,,0,,0,,0,,0,,0,,0,,0,,0,,0,,0,50229,0
1773718045,1,,1,42736,2,4380,3,189,4,0,5,0,6,100,7,1450,8,500,9,272,10,602,11,0,,0,,0,,0,,0,,0,,0,,0,,0,,0,,0,,0,50229,0
1773718046,1,,1,42736,2,4380,3,189,4,0,5,0,6,100,7,1450,8,500,9,272,10,602,11,0,,0,,0,,0,,0,,0,,0,,0,,0,,0,,0,,0,50229,0
1773718047,1,,1,42736,2,4380,3,189,4,0,5,0,6,100,7,1450,8,500,9,272,10,602,11,0,,0,,0,,0,,0,,0,,0,,0,,0,,0,,0,,0,50229,0
1773718048,1,,1,42736,2,4380,3,189,4,0,5,0,6,100,7,1450,8,500,9,272,10,602,11,0,,0,,0,,0,,0,,0,,0,,0,,0,,0,,0,,0,50229,0
1773718049,1,,1,42736,2,4380,3,189,4,0,5,0,6,100,7,1450,8,500,9,272,10,602,11,0,,0,,0,,0,,0,,0,,0,,0,,0,,0,,0,,0,50229,0
1773718050,1,,1,42736,2,4380,3,189,4,0,5,0,6,100,7,1450,8,500,9,272,10,602,11,0,,0,,0,,0,,0,,0,,0,,0,,0,,0,,0,,0,50229,0
1773718051,1,,1,42736,2,4380,3,189,4,0,5,0,6,100,7,1450,8,500,9,272,10,602,11,0,,0,,0,,0,,0,,0,,0,,0,,0,,0,,0,,0,50229,0
1773718052,1,,1,42736,2,4380,3,189,4,0,5,0,6,100,7,1450,8,500,9,272,10,602,11,0,,0,,0,,0,,0,,0,,0,,0,,0,,0,,0,,0,50229,0
1773718053,1,,1,42736,2,4380,3,189,4,0,5,0,6,100,7,1450,8,500,9,272,10,602,11,0,,0,,0,,0,,0,,0,,0,,0,,0,,0,,0,,0,50229,0
1773718054,1,,1,42736,2,4380,3,189,4,0,5,0,6,100,7,1450,8,500,9,272,10,602,11,0,,0,,0,,0,,0,,0,,0,,0,,0,,0,,0,,0,50229,0
1773718055,1,,1,42736,2,4380,3,189,4,0,5,0,6,100,7,1450,8,500,9,272,10,602,11,0,,0,,0,,0,,0,,0,,0,,0,,0,,0,,0,,0,50229,0
1773718056,1,,1,42736,2,4380,3,189,4,0,5,0,6,100,7,1450,8,500,9,272,10,602,11,0,,0,,0,,0,,0,,0,,0,,0,,0,,0,,0,,0,50229,0
1773718057,1,,1,42736,2,4380,3,189,4,0,5,0,6,100,7,1450,8,500,9,272,10,602,11,0,,0,,0,,0,,0,,0,,0,,0,,0,,0,,0,,0,50229,0
1773718058,1,,1,42736,2,4380,3,189,4,0,5,0,6,100,7,1450,8,500,9,272,10,602,11,0,,0,,0,,0,,0,,0,,0,,0,,0,,0,,0,,0,50229,0
1773718059,1,,1,42736,2,4380,3,189,4,0,5,0,6,100,7,1450,8,500,9,272,10,602,11,0,,0,,0,,0,,0,,0,,0,,0,,0,,0,,0,,0,50229,0
1773718060,1,,1,42736,2,4380,3,189,4,0,5,0,6,100,7,1450,8,500,9,272,10,602,11,0,,0,,0,,0,,0,,0,,0,,0,,0,,0,,0,,0,50229,0
1773718061,1,,1,42736,2,4380,3,189,4,0,5,0,6,100,7,1450,8,500,9,272,10,602,11,0,,0,,0,,0,,0,,0,,0,,0,,0,,0,,0,,0,50229,0
1773718062,1,,1,42736,2,4380,3,189,4,0,5,0,6,100,7,1450,8,500,9,272,10,602,11,0,,0,,0,,0,,0,,0,,0,,0,,0,,0,,0,,0,50229,0
1773718063,1,,1,42736,2,4380,3,189,4,0,5,0,6,100,7,1448,8,500,9,272,10,602,11,0,,0,,0,,0,,0,,0,,0,,0,,0,,0,,0,,0,50227,0
1773718064,1,,1,42736,2,4380,3,189,4,0,5,0,6,100,7,1448,8,500,9,272,10,602,11,0,,0,,0,,0,,0,,0,,0,,0,,0,,0,,0,,0,50227,0
1773718065,1,,1,42736,2,4380,3,189,4,0,5,0,6,100,7,1448,8,500,9,272,10,602,11,0,,0,,0,,0,,0,,0,,0,,0,,0,,0,,0,,0,50227,0
1773718066,1,,1,42736,2,4380,3,189,4,0,5,0,6,100,7,1448,8,500,9,272,10,602,11,0,,0,,0,,0,,0,,0,,0,,0,,0,,0,,0,,0,50227,0
1773718067,1,,1,42736,2,4380,3,189,4,0,5,0,6,100,7,1448,8,500,9,272,10,602,11,0,,0,,0,,0,,0,,0,,0,,0,,0,,0,,0,,0,50227,0
1773718068,1,,1,42736,2,4380,3,189,4,0,5,0,6,100,7,1448,8,500,9,272,10,602,11,0,,0,,0,,0,,0,,0,,0,,0,,0,,0,,0,,0,50227,0
1773718069,1,,1,42736,2,4380,3,189,4,0,5,0,6,100,7,1448,8,500,9,272,10,602,11,0,,0,,0,,0,,0,,0,,0,,0,,0,,0,,0,,0,50227,0
1773718070,1,,1,42736,2,4380,3,189,4,0,5,0,6,100,7,1448,8,500,9,272,10,602,11,0,,0,,0,,0,,0,,0,,0,,0,,0,,0,,0,,0,50227,0
1773718071,1,,1,42736,2,4380,3,189,4,0,5,0,6,100,7,1448,8,500,9,272,10,602,11,0,,0,,0,,0,,0,,0,,0,,0,,0,,0,,0,,0,50227,0
1773718072,1,,1,42736,2,4380,3,189,4,0,5,0,6,100,7,1448,8,500,9,272,10,602,11,0,,0,,0,,0,,0,,0,,0,,0,,0,,0,,0,,0,50227,0
1773718073,1,,1,42736,2,4380,3,189,4,0,5,0,6,100,7,1448,8,500,9,272,10,602,11,0,,0,,0,,0,,0,,0,,0,,0,,0,,0,,0,,0,50227,0
1773718074,1,,1,42736,2,4380,3,189,4,0,5,0,6,100,7,1448,8,500,9,272,10,602,11,0,,0,,0,,0,,0,,0,,0,,0,,0,,0,,0,,0,50227,0
1773718075,1,,1,42736,2,4380,3,189,4,0,5,0,6,100,7,1448,8,500,9,272,10,602,11,0,,0,,0,,0,,0,,0,,0,,0,,0,,0,,0,,0,50227,0
1773718076,1,,1,42736,2,4380,3,189,4,0,5,0,6,100,7,1448,8,500,9,272,10,602,11,0,,0,,0,,0,,0,,0,,0,,0,,0,,0,,0,,0,50227,0
1773718077,1,,1,42736,2,4380,3,189,4,0,5,0,6,100,7,1448,8,500,9,272,10,602,11,0,,0,,0,,0,,0,,0,,0,,0,,0,,0,,0,,0,50227,0
1773718078,1,,1,42736,2,4380,3,189,4,0,5,0,6,100,7,1448,8,500,9,272,10,602,11,0,,0,,0,,0,,0,,0,,0,,0,,0,,0,,0,,0,50227,0
1773718079,1,,1,42736,2,4380,3,189,4,0,5,0,6,100,7,1448,8,500,9,272,10,602,11,0,,0,,0,,0,,0,,0,,0,,0,,0,,0,,0,,0,50227,0
1773718080,1,,1,42736,2,4380,3,189,4,0,5,0,6,100,7,1446,8,500,9,272,10,602,11,0,,0,,0,,0,,0,,0,,0,,0,,0,,0,,0,,0,50225,0
1773718081,1,,1,42736,2,4380,3,189,4,0,5,0,6,100,7,1446,8,500,9,272,10,602,11,0,,0,,0,,0,,0,,0,,0,,0,,0,,0,,0,,0,50225,0
1773718082,1,,1,42736,2,4380,3,189,4,0,5,0,6,100,7,1446,8,500,9,272,10,602,11,0,,0,,0,,0,,0,,0,,0,,0,,0,,0,,0,,0,50225,0
1773718083,1,,1,42736,2,4380,3,189,4,0,5,0,6,100,7,1446,8,500,9,272,10,602,11,0,,0,,0,,0,,0,,0,,0,,0,,0,,0,,0,,0,50225,0
1773718084,1,,1,42736,2,4380,3,189,4,0,5,0,6,100,7,1446,8,500,9,272,10,602,11,0,,0,,0,,0,,0,,0,,0,,0,,0,,0,,0,,0,50225,0
1773718085,1,,1,42736,2,4380,3,189,4,0,5,0,6,100,7,1446,8,500,9,272,10,602,11,0,,0,,0,,0,,0,,0,,0,,0,,0,,0,,0,,0,50225,0
1773718086,1,,1,42736,2,4380,3,189,4,0,5,0,6,100,7,1446,8,500,9,272,10,602,11,0,,0,,0,,0,,0,,0,,0,,0,,0,,0,,0,,0,50225,0
1773718087,1,,1,42736,2,4380,3,189,4,0,5,0,6,100,7,1446,8,500,9,272,10,602,11,0,,0,,0,,0,,0,,0,,0,,0,,0,,0,,0,,0,50225,0
1773718088,1,,1,42736,2,4380,3,189,4,0,5,0,6,100,7,1446,8,500,9,272,10,602,11,0,,0,,0,,0,,0,,0,,0,,0,,0,,0,,0,,0,50225,0
1773718089,1,,1,42736,2,4380,3,189,4,0,5,0,6,100,7,1446,8,500,9,272,10,602,11,0,,0,,0,,0,,0,,0,,0,,0,,0,,0,,0,,0,50225,0
1773718090,1,,1,42736,2,4380,3,189,4,0,5,0,6,100,7,1446,8,500,9,272,10,602,11,0,,0,,0,,0,,0,,0,,0,,0,,0,,0,,0,,0,50225,0
1773718091,1,,1,42736,2,4380,3,189,4,0,5,0,6,100,7,1446,8,500,9,272,10,602,11,0,,0,,0,,0,,0,,0,,0,,0,,0,,0,,0,,0,50225,0
1773718092,1,,1,42736,2,4380,3,189,4,0,5,0,6,100,7,1446,8,500,9,272,10,602,11,0,,0,,0,,0,,0,,0,,0,,0,,0,,0,,0,,0,50225,0
1773718093,1,,1,42549,2,4380,3,189,4,0,5,0,6,100,7,1445,8,500,9,272,10,602,11,0,,0,,0,,0,,0,,0,,0,,0,,0,,0,,0,,0,50037,0
1773718094,1,,1,42549,2,4380,3,189,4,0,5,0,6,100,7,1445,8,500,9,272,10,602,11,0,,0,,0,,0,,0,,0,,0,,0,,0,,0,,0,,0,50037,0
1773718095,1,,1,42549,2,4380,3,189,4,0,5,0,6,100,7,1445,8,500,9,272,10,602,11,0,,0,,0,,0,,0,,0,,0,,0,,0,,0,,0,,0,50037,0
1773718096,1,,1,42549,2,4380,3,189,4,0,5,0,6,100,7,1445,8,500,9,272,10,602,11,0,,0,,0,,0,,0,,0,,0,,0,,0,,0,,0,,0,50037,0
1773718097,1,,1,42549,2,4380,3,189,4,0,5,0,6,100,7,1445,8,500,9,272,10,602,11,0,,0,,0,,0,,0,,0,,0,,0,,0,,0,,0,,0,50037,0
1773718098,1,,1,42549,2,4380,3,189,4,0,5,0,6,100,7,1445,8,500,9,272,10,602,11,0,,0,,0,,0,,0,,0,,0,,0,,0,,0,,0,,0,50037,0
1773718099,1,,1,42549,2,4380,3,189,4,0,5,0,6,100,7,1445,8,500,9,272,10,602,11,0,,0,,0,,0,,0,,0,,0,,0,,0,,0,,0,,0,50037,0
1773718100,1,,1,42549,2,4380,3,189,4,0,5,0,6,100,7,1445,8,500,9,272,10,602,11,0,,0,,0,,0,,0,,0,,0,,0,,0,,0,,0,,0,50037,0
1773718101,1,,1,42549,2,4380,3,189,4,0,5,0,6,100,7,1445,8,500,9,272,10,602,11,0,,0,,0,,0,,0,,0,,0,,0,,0,,0,,0,,0,50037,0
1773718102,1,,1,42549,2,4380,3,189,4,0,5,0,6,100,7,1445,8,500,9,272,10,602,11,0,,0,,0,,0,,0,,0,,0,,0,,0,,0,,0,,0,50037,0
1773718103,1,,1,42549,2,4380,3,189,4,0,5,0,6,100,7,1445,8,500,9,272,10,602,11,0,,0,,0,,0,,0,,0,,0,,0,,0,,0,,0,,0,50037,0
1773718104,1,,1,42549,2,4380,3,189,4,0,5,0,6,100,7,1445,8,500,9,272,10,602,11,0,,0,,0,,0,,0,,0,,0,,0,,0,,0,,0,,0,50037,0
1773718105,1,,1,42549,2,4380,3,189,4,0,5,0,6,100,7,1445,8,500,9,272,10,602,11,0,,0,,0,,0,,0,,0,,0,,0,,0,,0,,0,,0,50037,0
1773718106,1,,1,42549,2,4380,3,189,4,0,5,0,6,100,7,1443,8,500,9,272,10,602,11,0,,0,,0,,0,,0,,0,,0,,0,,0,,0,,0,,0,50035,0
1773718107,1,,1,42549,2,4380,3,189,4,0,5,0,6,100,7,1443,8,500,9,272,10,602,11,0,,0,,0,,0,,0,,0,,0,,0,,0,,0,,0,,0,50035,0
1773718108,1,,1,42549,2,4380,3,189,4,0,5,0,6,100,7,1443,8,500,9,272,10,602,11,0,,0,,0,,0,,0,,0,,0,,0,,0,,0,,0,,0,50035,0
1773718109,1,,1,42549,2,4380,3,189,4,0,5,0,6,100,7,1443,8,500,9,272,10,602,11,0,,0,,0,,0,,0,,0,,0,,0,,0,,0,,0,,0,50035,0
1773718110,1,,1,42549,2,4380,3,189,4,0,5,0,6,100,7,1443,8,500,9,272,10,602,11,0,,0,,0,,0,,0,,0,,0,,0,,0,,0,,0,,0,50035,0
1773718111,1,,1,42549,2,4380,3,189,4,0,5,0,6,100,7,1443,8,500,9,272,10,602,11,0,,0,,0,,0,,0,,0,,0,,0,,0,,0,,0,,0,50035,0
1773718112,1,,1,42549,2,4380,3,189,4,0,5,0,6,100,7,1443,8,500,9,272,10,602,11,0,,0,,0,,0,,0,,0,,0,,0,,0,,0,,0,,0,50035,0
1773718113,1,,1,42549,2,4380,3,189,4,0,5,0,6,100,7,1443,8,500,9,272,10,602,11,0,,0,,0,,0,,0,,0,,0,,0,,0,,0,,0,,0,50035,0
1773718114,1,,1,42549,2,4380,3,189,4,0,5,0,6,100,7,1443,8,500,9,272,10,602,11,0,,0,,0,,0,,0,,0,,0,,0,,0,,0,,0,,0,50035,0
1773718115,1,,1,42549,2,4380,3,189,4,0,5,0,6,100,7,1443,8,500,9,272,10,602,11,0,,0,,0,,0,,0,,0,,0,,0,,0,,0,,0,,0,50035,0
1773718116,1,,1,42549,2,4380,3,189,4,0,5,0,6,100,7,1443,8,500,9,272,10,602,11,0,,0,,0,,0,,0,,0,,0,,0,,0,,0,,0,,0,50035,0
1773718117,1,,1,42549,2,4380,3,189,4,0,5,0,6,100,7,1443,8,500,9,272,10,602,11,0,,0,,0,,0,,0,,0,,0,,0,,0,,0,,0,,0,50035,0
1773718118,1,,1,42549,2,4380,3,189,4,0,5,0,6,100,7,1443,8,500,9,272,10,602,11,0,,0,,0,,0,,0,,0,,0,,0,,0,,0,,0,,0,50035,0
1773718119,1,,1,42549,2,4380,3,189,4,0,5,0,6,100,7,1443,8,500,9,272,10,602,11,0,,0,,0,,0,,0,,0,,0,,0,,0,,0,,0,,0,50035,0
1773718120,1,,1,42549,2,4380,3,189,4,0,5,0,6,100,7,1443,8,500,9,272,10,602,11,0,,0,,0,,0,,0,,0,,0,,0,,0,,0,,0,,0,50035,0
1773718121,1,,1,42549,2,4380,3,189,4,0,5,0,6,100,7,1443,8,500,9,272,10,602,11,0,,0,,0,,0,,0,,0,,0,,0,,0,,0,,0,,0,50035,0
1773718122,1,,1,42549,2,4380,3,189,4,0,5,0,6,100,7,1443,8,500,9,272,10,602,11,0,,0,,0,,0,,0,,0,,0,,0,,0,,0,,0,,0,50035,0
1773718123,1,,1,42549,2,4380,3,189,4,0,5,0,6,100,7,1443,8,500,9,272,10,602,11,0,,0,,0,,0,,0,,0,,0,,0,,0,,0,,0,,0,50035,0
1773718124,1,,1,42549,2,4380,3,189,4,0,5,0,6,100,7,1443,8,500,9,272,10,602,11,0,,0,,0,,0,,0,,0,,0,,0,,0,,0,,0,,0,50035,0
1773718125,1,,1,42549,2,4380,3,189,4,0,5,0,6,100,7,1443,8,500,9,272,10,602,11,0,,0,,0,,0,,0,,0,,0,,0,,0,,0,,0,,0,50035,0
1773718126,1,,1,42549,2,4380,3,189,4,0,5,0,6,100,7,1443,8,500,9,272,10,602,11,0,,0,,0,,0,,0,,0,,0,,0,,0,,0,,0,,0,50035,0
1773718127,1,,1,42549,2,4380,3,189,4,0,5,0,6,100,7,1443,8,500,9,272,10,602,11,0,,0,,0,,0,,0,,0,,0,,0,,0,,0,,0,,0,50035,0
1773718128,1,,1,42549,2,4380,3,189,4,0,5,0,6,100,7,1443,8,500,9,272,10,602,11,0,,0,,0,,0,,0,,0,,0,,0,,0,,0,,0,,0,50035,0
1773718129,1,,1,42549,2,4380,3,189,4,0,5,0,6,100,7,1443,8,500,9,272,10,602,11,0,,0,,0,,0,,0,,0,,0,,0,,0,,0,,0,,0,50035,0
1773718130,1,,1,42549,2,4380,3,189,4,0,5,0,6,100,7,1443,8,500,9,272,10,602,11,0,,0,,0,,0,,0,,0,,0,,0,,0,,0,,0,,0,50035,0
1773718131,1,,1,42549,2,4380,3,189,4,0,5,0,6,100,7,1443,8,500,9,272,10,602,11,0,,0,,0,,0,,0,,0,,0,,0,,0,,0,,0,,0,50035,0
1773718132,1,,1,42549,2,4380,3,189,4,0,5,0,6,100,7,1443,8,500,9,272,10,602,11,0,,0,,0,,0,,0,,0,,0,,0,,0,,0,,0,,0,50035,0
1773718133,1,,1,42549,2,4380,3,189,4,0,5,0,6,100,7,1443,8,500,9,272,10,602,11,0,,0,,0,,0,,0,,0,,0,,0,,0,,0,,0,,0,50035,0
1773718134,1,,1,42549,2,4380,3,189,4,0,5,0,6,100,7,1443,8,500,9,272,10,602,11,0,,0,,0,,0,,0,,0,,0,,0,,0,,0,,0,,0,50035,0
1773718135,1,,1,42549,2,4380,3,189,4,0,5,0,6,100,7,1443,8,500,9,272,10,602,11,0,,0,,0,,0,,0,,0,,0,,0,,0,,0,,0,,0,50035,0
1773718136,1,,1,42549,2,4380,3,189,4,0,5,0,6,100,7,1443,8,500,9,272,10,602,11,0,,0,,0,,0,,0,,0,,0,,0,,0,,0,,0,,0,50035,0
1773718137,1,,1,42549,2,4380,3,189,4,0,5,0,6,100,7,1443,8,500,9,272,10,602,11,0,,0,,0,,0,,0,,0,,0,,0,,0,,0,,0,,0,50035,0
1773718138,1,,1,42549,2,4380,3,189,4,0,5,0,6,100,7,1443,8,500,9,272,10,602,11,0,,0,,0,,0,,0,,0,,0,,0,,0,,0,,0,,0,50035,0
1773718139,1,,1,42549,2,4380,3,189,4,0,5,0,6,100,7,1443,8,500,9,272,10,602,11,0,,0,,0,,0,,0,,0,,0,,0,,0,,0,,0,,0,50035,0
1773718140,1,,1,42549,2,4380,3,189,4,0,5,0,6,100,7,1443,8,500,9,272,10,602,11,0,,0,,0,,0,,0,,0,,0,,0,,0,,0,,0,,0,50035,0
1773718141,1,,1,42549,2,4380,3,189,4,0,5,0,6,100,7,1443,8,500,9,272,10,602,11,0,,0,,0,,0,,0,,0,,0,,0,,0,,0,,0,,0,50035,0
1773718142,1,,1,42549,2,4380,3,189,4,0,5,0,6,100,7,1443,8,500,9,272,10,602,11,0,,0,,0,,0,,0,,0,,0,,0,,0,,0,,0,,0,50035,0
1773718143,1,,1,42549,2,4380,3,189,4,0,5,0,6,100,7,1443,8,500,9,272,10,602,11,0,,0,,0,,0,,0,,0,,0,,0,,0,,0,,0,,0,50035,0
1773718144,1,,1,42549,2,4380,3,189,4,0,5,0,6,100,7,1443,8,500,9,272,10,602,11,0,,0,,0,,0,,0,,0,,0,,0,,0,,0,,0,,0,50035,0
1773718145,1,,1,42549,2,4380,3,189,4,0,5,0,6,100,7,1443,8,500,9,272,10,602,11,0,,0,,0,,0,,0,,0,,0,,0,,0,,0,,0,,0,50035,0
1773718146,1,,1,42549,2,4380,3,189,4,0,5,0,6,100,7,1443,8,500,9,272,10,602,11,0,,0,,0,,0,,0,,0,,0,,0,,0,,0,,0,,0,50035,0
1773718147,1,,1,42549,2,4380,3,189,4,0,5,0,6,100,7,1443,8,500,9,272,10,602,11,0,,0,,0,,0,,0,,0,,0,,0,,0,,0,,0,,0,50035,0
1773718148,1,,1,42549,2,4380,3,189,4,0,5,0,6,100,7,1443,8,500,9,272,10,602,11,0,,0,,0,,0,,0,,0,,0,,0,,0,,0,,0,,0,50035,0
1773718149,1,,1,42549,2,4380,3,189,4,0,5,0,6,100,7,1443,8,500,9,272,10,602,11,0,,0,,0,,0,,0,,0,,0,,0,,0,,0,,0,,0,50035,0
1773718150,1,,1,42549,2,4380,3,189,4,0,5,0,6,100,7,1443,8,500,9,272,10,602,11,0,,0,,0,,0,,0,,0,,0,,0,,0,,0,,0,,0,50035,0
1773718151,1,,1,42549,2,4380,3,189,4,0,5,0,6,100,7,1443,8,500,9,272,10,602,11,0,,0,,0,,0,,0,,0,,0,,0,,0,,0,,0,,0,50035,0
1773718152,1,,1,42549,2,4380,3,189,4,0,5,0,6,100,7,1443,8,500,9,272,10,602,11,0,,0,,0,,0,,0,,0,,0,,0,,0,,0,,0,,0,50035,0
1773718153,1,,1,43949,2,4380,3,189,4,0,5,0,6,100,7,1438,8,500,9,272,10,602,11,0,,0,,0,,0,,0,,0,,0,,0,,0,,0,,0,,0,51430,0
1773718154,1,,1,43949,2,4380,3,189,4,0,5,0,6,100,7,1438,8,500,9,272,10,602,11,0,,0,,0,,0,,0,,0,,0,,0,,0,,0,,0,,0,51430,0
1773718155,1,,1,43949,2,4380,3,189,4,0,5,0,6,100,7,1438,8,500,9,272,10,602,11,0,,0,,0,,0,,0,,0,,0,,0,,0,,0,,0,,0,51430,0
1773718156,1,,1,43949,2,4380,3,189,4,0,5,0,6,100,7,1438,8,500,9,272,10,602,11,0,,0,,0,,0,,0,,0,,0,,0,,0,,0,,0,,0,51430,0
1773718157,1,,1,43949,2,4380,3,189,4,0,5,0,6,100,7,1438,8,500,9,272,10,602,11,0,,0,,0,,0,,0,,0,,0,,0,,0,,0,,0,,0,51430,0
1773718158,1,,1,43949,2,4380,3,189,4,0,5,0,6,100,7,1438,8,500,9,272,10,602,11,0,,0,,0,,0,,0,,0,,0,,0,,0,,0,,0,,0,51430,0
1773718159,1,,1,43949,2,4380,3,189,4,0,5,0,6,100,7,1438,8,500,9,272,10,602,11,0,,0,,0,,0,,0,,0,,0,,0,,0,,0,,0,,0,51430,0
1773718160,1,,1,43949,2,4380,3,189,4,0,5,0,6,100,7,1438,8,500,9,272,10,602,11,0,,0,,0,,0,,0,,0,,0,,0,,0,,0,,0,,0,51430,0
1773718161,1,,1,43949,2,4380,3,189,4,0,5,0,6,100,7,1438,8,500,9,272,10,602,11,0,,0,,0,,0,,0,,0,,0,,0,,0,,0,,0,,0,51430,0
1773718162,1,,1,43949,2,4380,3,189,4,0,5,0,6,100,7,1438,8,500,9,272,10,602,11,0,,0,,0,,0,,0,,0,,0,,0,,0,,0,,0,,0,51430,0
1773718163,1,,1,43949,2,4380,3,189,4,0,5,0,6,100,7,1438,8,500,9,272,10,602,11,0,,0,,0,,0,,0,,0,,0,,0,,0,,0,,0,,0,51430,0
1773718164,1,,1,43949,2,4380,3,189,4,0,5,0,6,100,7,1438,8,500,9,272,10,602,11,0,,0,,0,,0,,0,,0,,0,,0,,0,,0,,0,,0,51430,0
1773718165,1,,1,43949,2,4380,3,189,4,0,5,0,6,100,7,1438,8,500,9,272,10,602,11,0,,0,,0,,0,,0,,0,,0,,0,,0,,0,,0,,0,51430,0
1773718166,1,,1,43949,2,4380,3,189,4,0,5,0,6,100,7,1438,8,500,9,272,10,602,11,0,,0,,0,,0,,0,,0,,0,,0,,0,,0,,0,,0,51430,0
1773718167,1,,1,43949,2,4380,3,189,4,0,5,0,6,100,7,1438,8,500,9,272,10,602,11,0,,0,,0,,0,,0,,0,,0,,0,,0,,0,,0,,0,51430,0
1773718168,1,,1,43949,2,4380,3,189,4,0,5,0,6,100,7,1438,8,500,9,272,10,602,11,0,,0,,0,,0,,0,,0,,0,,0,,0,,0,,0,,0,51430,0
1773718169,1,,1,43949,2,4380,3,189,4,0,5,0,6,100,7,1438,8,500,9,272,10,602,11,0,,0,,0,,0,,0,,0,,0,,0,,0,,0,,0,,0,51430,0
1773718170,1,,1,43949,2,4380,3,189,4,0,5,0,6,100,7,1438,8,500,9,272,10,602,11,0,,0,,0,,0,,0,,0,,0,,0,,0,,0,,0,,0,51430,0
1773718171,1,,1,43949,2,4380,3,189,4,0,5,0,6,100,7,1438,8,500,9,272,10,602,11,0,,0,,0,,0,,0,,0,,0,,0,,0,,0,,0,,0,51430,0
1773718172,1,,1,43949,2,4380,3,189,4,0,5,0,6,100,7,1438,8,500,9,272,10,602,11,0,,0,,0,,0,,0,,0,,0,,0,,0,,0,,0,,0,51430,0
1773718173,1,,1,43949,2,4380,3,189,4,0,5,0,6,100,7,1438,8,500,9,272,10,602,11,0,,0,,0,,0,,0,,0,,0,,0,,0,,0,,0,,0,51430,0
1773718174,1,,1,43949,2,4380,3,189,4,0,5,0,6,100,7,1438,8,500,9,272,10,602,11,0,,0,,0,,0,,0,,0,,0,,0,,0,,0,,0,,0,51430,0
1773718175,1,,1,43949,2,4380,3,189,4,0,5,0,6,100,7,1438,8,500,9,272,10,602,11,0,,0,,0,,0,,0,,0,,0,,0,,0,,0,,0,,0,51430,0
1773718176,1,,1,43949,2,4380,3,189,4,0,5,0,6,100,7,1438,8,500,9,272,10,602,11,0,,0,,0,,0,,0,,0,,0,,0,,0,,0,,0,,0,51430,0
1773718177,1,,1,43949,2,4380,3,189,4,0,5,0,6,100,7,1438,8,500,9,272,10,602,11,0,,0,,0,,0,,0,,0,,0,,0,,0,,0,,0,,0,51430,0
1773718178,1,,1,43949,2,4380,3,189,4,0,5,0,6,100,7,1438,8,500,9,272,10,602,11,0,,0,,0,,0,,0,,0,,0,,0,,0,,0,,0,,0,51430,0
1773718179,1,,1,43949,2,4380,3,189,4,0,5,0,6,100,7,1438,8,500,9,272,10,602,11,0,,0,,0,,0,,0,,0,,0,,0,,0,,0,,0,,0,51430,0
1773718180,1,,1,43949,2,4380,3,189,4,0,5,0,6,100,7,1438,8,500,9,272,10,602,11,0,,0,,0,,0,,0,,0,,0,,0,,0,,0,,0,,0,51430,0
1773718181,1,,1,43949,2,4380,3,189,4,0,5,0,6,100,7,1438,8,500,9,272,10,602,11,0,,0,,0,,0,,0,,0,,0,,0,,0,,0,,0,,0,51430,0
1773718182,1,,1,43949,2,4380,3,189,4,0,5,0,6,100,7,1438,8,500,9,272,10,602,11,0,,0,,0,,0,,0,,0,,0,,0,,0,,0,,0,,0,51430,0
1773718183,1,,1,43949,2,4380,3,189,4,0,5,0,6,100,7,1438,8,500,9,272,10,602,11,0,,0,,0,,0,,0,,0,,0,,0,,0,,0,,0,,0,51430,0
1773718184,1,,1,43949,2,4380,3,189,4,0,5,0,6,100,7,1438,8,500,9,272,10,602,11,0,,0,,0,,0,,0,,0,,0,,0,,0,,0,,0,,0,51430,0
1773718185,1,,1,43949,2,4380,3,189,4,0,5,0,6,100,7,1438,8,500,9,272,10,602,11,0,,0,,0,,0,,0,,0,,0,,0,,0,,0,,0,,0,51430,0
1773718186,1,,1,43949,2,4380,3,189,4,0,5,0,6,100,7,1438,8,500,9,272,10,602,11,0,,0,,0,,0,,0,,0,,0,,0,,0,,0,,0,,0,51430,0
1773718187,1,,1,43949,2,4380,3,189,4,0,5,0,6,100,7,1438,8,500,9,272,10,602,11,0,,0,,0,,0,,0,,0,,0,,0,,0,,0,,0,,0,51430,0
1773718188,1,,1,43949,2,4380,3,189,4,0,5,0,6,100,7,1438,8,500,9,272,10,602,11,0,,0,,0,,0,,0,,0,,0,,0,,0,,0,,0,,0,51430,0
1773718189,1,,1,43949,2,4380,3,189,4,0,5,0,6,100,7,1438,8,500,9,272,10,602,11,0,,0,,0,,0,,0,,0,,0,,0,,0,,0,,0,,0,51430,0
1773718190,1,,1,43949,2,4380,3,189,4,0,5,0,6,100,7,1438,8,500,9,272,10,602,11,0,,0,,0,,0,,0,,0,,0,,0,,0,,0,,0,,0,51430,0
1773718191,1,,1,43949,2,4380,3,189,4,0,5,0,6,100,7,1438,8,500,9,272,10,602,11,0,,0,,0,,0,,0,,0,,0,,0,,0,,0,,0,,0,51430,0
1773718192,1,,1,43949,2,4380,3,189,4,0,5,0,6,100,7,1438,8,500,9,272,10,602,11,0,,0,,0,,0,,0,,0,,0,,0,,0,,0,,0,,0,51430,0
1773718193,1,,1,43949,2,4380,3,189,4,0,5,0,6,100,7,1438,8,500,9,272,10,602,11,0,,0,,0,,0,,0,,0,,0,,0,,0,,0,,0,,0,51430,0
1773718194,1,,1,43949,2,4380,3,189,4,0,5,0,6,100,7,1438,8,500,9,272,10,602,11,0,,0,,0,,0,,0,,0,,0,,0,,0,,0,,0,,0,51430,0
1773718195,1,,1,43949,2,4380,3,189,4,0,5,0,6,100,7,1438,8,500,9,272,10,602,11,0,,0,,0,,0,,0,,0,,0,,0,,0,,0,,0,,0,51430,0
1773718196,1,,1,43949,2,4380,3,189,4,0,5,0,6,100,7,1438,8,500,9,272,10,602,11,0,,0,,0,,0,,0,,0,,0,,0,,0,,0,,0,,0,51430,0
1773718197,1,,1,43949,2,4380,3,189,4,0,5,0,6,100,7,1438,8,500,9,272,10,602,11,0,,0,,0,,0,,0,,0,,0,,0,,0,,0,,0,,0,51430,0
1773718198,1,,1,43949,2,4380,3,189,4,0,5,0,6,100,7,1438,8,500,9,272,10,602,11,0,,0,,0,,0,,0,,0,,0,,0,,0,,0,,0,,0,51430,0
1773718199,1,,1,43949,2,4380,3,189,4,0,5,0,6,100,7,1438,8,500,9,272,10,602,11,0,,0,,0,,0,,0,,0,,0,,0,,0,,0,,0,,0,51430,0
1773718200,1,,1,43949,2,4380,3,189,4,0,5,0,6,100,7,1438,8,500,9,272,10,602,11,0,,0,,0,,0,,0,,0,,0,,0,,0,,0,,0,,0,51430,0
1773718201,1,,1,43949,2,4380,3,189,4,0,5,0,6,100,7,1438,8,500,9,272,10,602,11,0,,0,,0,,0,,0,,0,,0,,0,,0,,0,,0,,0,51430,0
1773718202,1,,1,43949,2,4380,3,189,4,0,5,0,6,100,7,1438,8,500,9,272,10,602,11,0,,0,,0,,0,,0,,0,,0,,0,,0,,0,,0,,0,51430,0
1773718203,1,,1,43949,2,4380,3,189,4,0,5,0,6,100,7,1438,8,500,9,272,10,602,11,0,,0,,0,,0,,0,,0,,0,,0,,0,,0,,0,,0,51430,0
1773718204,1,,1,43949,2,4380,3,189,4,0,5,0,6,100,7,1438,8,500,9,272,10,602,11,0,,0,,0,,0,,0,,0,,0,,0,,0,,0,,0,,0,51430,0
1773718205,1,,1,43949,2,4380,3,189,4,0,5,0,6,100,7,1438,8,500,9,272,10,602,11,0,,0,,0,,0,,0,,0,,0,,0,,0,,0,,0,,0,51430,0
1773718206,1,,1,43949,2,4380,3,189,4,0,5,0,6,100,7,1438,8,500,9,272,10,602,11,0,,0,,0,,0,,0,,0,,0,,0,,0,,0,,0,,0,51430,0
1773718207,1,,1,43949,2,4380,3,189,4,0,5,0,6,100,7,1438,8,500,9,272,10,602,11,0,,0,,0,,0,,0,,0,,0,,0,,0,,0,,0,,0,51430,0
1773718208,1,,1,43949,2,4380,3,189,4,0,5,0,6,100,7,1438,8,500,9,272,10,602,11,0,,0,,0,,0,,0,,0,,0,,0,,0,,0,,0,,0,51430,0
1773718209,1,,1,43949,2,4380,3,189,4,0,5,0,6,100,7,1438,8,500,9,272,10,602,11,0,,0,,0,,0,,0,,0,,0,,0,,0,,0,,0,,0,51430,0
1773718210,1,,1,43949,2,4380,3,189,4,0,5,0,6,100,7,1438,8,500,9,272,10,602,11,0,,0,,0,,0,,0,,0,,0,,0,,0,,0,,0,,0,51430,0
1773718211,1,,1,43949,2,4380,3,189,4,0,5,0,6,100,7,1438,8,500,9,272,10,602,11,0,,0,,0,,0,,0,,0,,0,,0,,0,,0,,0,,0,51430,0
1773718212,1,,1,43949,2,4380,3,189,4,0,5,0,6,100,7,1438,8,500,9,272,10,602,11,0,,0,,0,,0,,0,,0,,0,,0,,0,,0,,0,,0,51430,0
1773718213,1,,1,43949,2,4380,3,189,4,0,5,0,6,100,7,1438,8,500,9,272,10,602,11,0,,0,,0,,0,,0,,0,,0,,0,,0,,0,,0,,0,51430,0
1773718214,1,,1,43949,2,4380,3,189,4,0,5,0,6,100,7,1438,8,500,9,272,10,602,11,0,,0,,0,,0,,0,,0,,0,,0,,0,,0,,0,,0,51430,0
1773718215,1,,1,43949,2,4380,3,189,4,0,5,0,6,100,7,1438,8,500,9,272,10,602,11,0,,0,,0,,0,,0,,0,,0,,0,,0,,0,,0,,0,51430,0
1773718216,1,,1,43949,2,4380,3,189,4,0,5,0,6,100,7,1438,8,500,9,272,10,602,11,0,,0,,0,,0,,0,,0,,0,,0,,0,,0,,0,,0,51430,0
1773718217,1,,1,43949,2,4380,3,189,4,0,5,0,6,100,7,1438,8,500,9,272,10,602,11,0,,0,,0,,0,,0,,0,,0,,0,,0,,0,,0,,0,51430,0
1773718218,1,,1,43949,2,4380,3,189,4,0,5,0,6,100,7,1438,8,500,9,272,10,602,11,0,,0,,0,,0,,0,,0,,0,,0,,0,,0,,0,,0,51430,0
1773718219,1,,1,43949,2,4380,3,189,4,0,5,0,6,100,7,1438,8,500,9,272,10,602,11,0,,0,,0,,0,,0,,0,,0,,0,,0,,0,,0,,0,51430,0
1773718220,1,,1,43949,2,4380,3,189,4,0,5,0,6,100,7,1438,8,500,9,272,10,602,11,0,,0,,0,,0,,0,,0,,0,,0,,0,,0,,0,,0,51430,0
1773718221,1,,1,43949,2,4380,3,189,4,0,5,0,6,100,7,1438,8,500,9,272,10,602,11,0,,0,,0,,0,,0,,0,,0,,0,,0,,0,,0,,0,51430,0
1773718222,1,,1,43949,2,4380,3,189,4,0,5,0,6,100,7,1438,8,500,9,272,10,602,11,0,,0,,0,,0,,0,,0,,0,,0,,0,,0,,0,,0,51430,0
1773718223,1,,1,43949,2,4380,3,189,4,0,5,0,6,100,7,1438,8,500,9,272,10,602,11,0,,0,,0,,0,,0,,0,,0,,0,,0,,0,,0,,0,51430,0
1773718224,1,,1,43949,2,4380,3,189,4,0,5,0,6,100,7,1438,8,500,9,272,10,602,11,0,,0,,0,,0,,0,,0,,0,,0,,0,,0,,0,,0,51430,0
1773718225,1,,1,43949,2,4380,3,189,4,0,5,0,6,100,7,1438,8,500,9,272,10,602,11,0,,0,,0,,0,,0,,0,,0,,0,,0,,0,,0,,0,51430,0
1773718226,1,,1,43949,2,4380,3,189,4,0,5,0,6,100,7,1438,8,500,9,272,10,602,11,0,,0,,0,,0,,0,,0,,0,,0,,0,,0,,0,,0,51430,0
1773718227,1,,1,43949,2,4380,3,189,4,0,5,0,6,100,7,1438,8,500,9,272,10,602,11,0,,0,,0,,0,,0,,0,,0,,0,,0,,0,,0,,0,51430,0
1773718228,1,,1,43949,2,4380,3,189,4,0,5,0,6,100,7,1438,8,500,9,272,10,602,11,0,,0,,0,,0,,0,,0,,0,,0,,0,,0,,0,,0,51430,0
1773718229,1,,1,43949,2,4380,3,189,4,0,5,0,6,100,7,1438,8,500,9,272,10,602,11,0,,0,,0,,0,,0,,0,,0,,0,,0,,0,,0,,0,51430,0
1773718230,1,,1,43949,2,4380,3,189,4,0,5,0,6,100,7,1438,8,500,9,272,10,602,11,0,,0,,0,,0,,0,,0,,0,,0,,0,,0,,0,,0,51430,0
1773718231,1,,1,43949,2,4380,3,189,4,0,5,0,6,100,7,1438,8,500,9,272,10,602,11,0,,0,,0,,0,,0,,0,,0,,0,,0,,0,,0,,0,51430,0
1773718232,1,,1,43949,2,4380,3,189,4,0,5,0,6,100,7,1438,8,500,9,272,10,602,11,0,,0,,0,,0,,0,,0,,0,,0,,0,,0,,0,,0,51430,0
1773718233,1,,1,43949,2,4380,3,189,4,0,5,0,6,100,7,1438,8,500,9,272,10,602,11,0,,0,,0,,0,,0,,0,,0,,0,,0,,0,,0,,0,51430,0
1773718234,1,,1,43949,2,4380,3,189,4,0,5,0,6,100,7,1438,8,500,9,272,10,602,11,0,,0,,0,,0,,0,,0,,0,,0,,0,,0,,0,,0,51430,0
1773718235,1,,1,43949,2,4380,3,189,4,0,5,0,6,100,7,1438,8,500,9,272,10,602,11,0,,0,,0,,0,,0,,0,,0,,0,,0,,0,,0,,0,51430,0
1773718236,1,,1,43949,2,4380,3,189,4,0,5,0,6,100,7,1438,8,500,9,272,10,602,11,0,,0,,0,,0,,0,,0,,0,,0,,0,,0,,0,,0,51430,0
1773718237,1,,1,43949,2,4380,3,189,4,0,5,0,6,100,7,1438,8,500,9,272,10,602,11,0,,0,,0,,0,,0,,0,,0,,0,,0,,0,,0,,0,51430,0
1773718238,1,,1,43949,2,4380,3,189,4,0,5,0,6,100,7,1438,8,500,9,272,10,602,11,0,,0,,0,,0,,0,,0,,0,,0,,0,,0,,0,,0,51430,0
1773718239,1,,1,43949,2,4380,3,189,4,0,5,0,6,100,7,1438,8,500,9,272,10,602,11,0,,0,,0,,0,,0,,0,,0,,0,,0,,0,,0,,0,51430,0
1773718240,1,,1,43949,2,4380,3,189,4,0,5,0,6,100,7,1438,8,500,9,272,10,602,11,0,,0,,0,,0,,0,,0,,0,,0,,0,,0,,0,,0,51430,0
1773718241,1,,1,43949,2,4380,3,189,4,0,5,0,6,100,7,1438,8,500,9,272,10,602,11,0,,0,,0,,0,,0,,0,,0,,0,,0,,0,,0,,0,51430,0
1773718242,1,,1,43949,2,4380,3,189,4,0,5,0,6,100,7,1438,8,500,9,272,10,602,11,0,,0,,0,,0,,0,,0,,0,,0,,0,,0,,0,,0,51430,0
1773718243,1,,1,43949,2,4380,3,189,4,0,5,0,6,100,7,1438,8,500,9,272,10,602,11,0,,0,,0,,0,,0,,0,,0,,0,,0,,0,,0,,0,51430,0
1773718244,1,,1,43949,2,4380,3,189,4,0,5,0,6,100,7,1438,8,500,9,272,10,602,11,0,,0,,0,,0,,0,,0,,0,,0,,0,,0,,0,,0,51430,0
1773718245,1,,1,43949,2,4380,3,189,4,0,5,0,6,100,7,1438,8,500,9,272,10,602,11,0,,0,,0,,0,,0,,0,,0,,0,,0,,0,,0,,0,51430,0
1773718246,1,,1,43949,2,4380,3,189,4,0,5,0,6,100,7,1438,8,500,9,272,10,602,11,0,,0,,0,,0,,0,,0,,0,,0,,0,,0,,0,,0,51430,0
1773718247,1,,1,43949,2,4380,3,189,4,0,5,0,6,100,7,1438,8,500,9,272,10,602,11,0,,0,,0,,0,,0,,0,,0,,0,,0,,0,,0,,0,51430,0
1773718248,1,,1,43949,2,4380,3,189,4,0,5,0,6,100,7,1438,8,500,9,272,10,602,11,0,,0,,0,,0,,0,,0,,0,,0,,0,,0,,0,,0,51430,0
1773718249,1,,1,43949,2,4380,3,189,4,0,5,0,6,100,7,1438,8,500,9,272,10,602,11,0,,0,,0,,0,,0,,0,,0,,0,,0,,0,,0,,0,51430,0
1773718250,1,,1,43949,2,4380,3,189,4,0,5,0,6,100,7,1438,8,500,9,272,10,602,11,0,,0,,0,,0,,0,,0,,0,,0,,0,,0,,0,,0,51430,0
1773718251,1,,1,43949,2,4380,3,189,4,0,5,0,6,100,7,1438,8,500,9,272,10,602,11,0,,0,,0,,0,,0,,0,,0,,0,,0,,0,,0,,0,51430,0
1773718252,1,,1,43949,2,4380,3,189,4,0,5,0,6,100,7,1438,8,500,9,272,10,602,11,0,,0,,0,,0,,0,,0,,0,,0,,0,,0,,0,,0,51430,0
1773718253,1,,1,43949,2,4380,3,189,4,0,5,0,6,100,7,1438,8,500,9,272,10,602,11,0,,0,,0,,0,,0,,0,,0,,0,,0,,0,,0,,0,51430,0
1773718254,1,,1,43949,2,4380,3,189,4,0,5,0,6,100,7,1438,8,500,9,272,10,602,11,0,,0,,0,,0,,0,,0,,0,,0,,0,,0,,0,,0,51430,0
1773718255,1,,1,43949,2,4380,3,189,4,0,5,0,6,100,7,1438,8,500,9,272,10,602,11,0,,0,,0,,0,,0,,0,,0,,0,,0,,0,,0,,0,51430,0
1773718256,1,,1,43949,2,4380,3,189,4,0,5,0,6,100,7,1438,8,500,9,272,10,602,11,0,,0,,0,,0,,0,,0,,0,,0,,0,,0,,0,,0,51430,0
1773718257,1,,1,43949,2,4380,3,189,4,0,5,0,6,100,7,1438,8,500,9,272,10,602,11,0,,0,,0,,0,,0,,0,,0,,0,,0,,0,,0,,0,51430,0
1773718258,1,,1,43949,2,4380,3,189,4,0,5,0,6,100,7,1438,8,500,9,272,10,602,11,0,,0,,0,,0,,0,,0,,0,,0,,0,,0,,0,,0,51430,0
1773718259,1,,1,43949,2,4380,3,189,4,0,5,0,6,100,7,1438,8,500,9,272,10,602,11,0,,0,,0,,0,,0,,0,,0,,0,,0,,0,,0,,0,51430,0
1773718260,1,,1,43949,2,4380,3,189,4,0,5,0,6,100,7,1438,8,500,9,272,10,602,11,0,,0,,0,,0,,0,,0,,0,,0,,0,,0,,0,,0,51430,0
1773718261,1,,1,43949,2,4380,3,189,4,0,5,0,6,100,7,1438,8,500,9,272,10,602,11,0,,0,,0,,0,,0,,0,,0,,0,,0,,0,,0,,0,51430,0
1773718262,1,,1,43949,2,4380,3,189,4,0,5,0,6,100,7,1438,8,500,9,272,10,602,11,0,,0,,0,,0,,0,,0,,0,,0,,0,,0,,0,,0,51430,0
1773718263,1,,1,43949,2,4380,3,189,4,0,5,0,6,100,7,1438,8,500,9,272,10,602,11,0,,0,,0,,0,,0,,0,,0,,0,,0,,0,,0,,0,51430,0
1773718264,1,,1,43949,2,4380,3,189,4,0,5,0,6,100,7,1438,8,500,9,272,10,602,11,0,,0,,0,,0,,0,,0,,0,,0,,0,,0,,0,,0,51430,0
1773718265,1,,1,43949,2,4380,3,189,4,0,5,0,6,100,7,1438,8,500,9,272,10,602,11,0,,0,,0,,0,,0,,0,,0,,0,,0,,0,,0,,0,51430,0
1773718266,1,,1,43949,2,4380,3,189,4,0,5,0,6,100,7,1438,8,500,9,272,10,602,11,0,,0,,0,,0,,0,,0,,0,,0,,0,,0,,0,,0,51430,0
1773718267,1,,1,43949,2,4380,3,189,4,0,5,0,6,100,7,1438,8,500,9,272,10,602,11,0,,0,,0,,0,,0,,0,,0,,0,,0,,0,,0,,0,51430,0
1773718268,,,,0,,0,,0,,0,,0,,0,,0,,0,,0,,0,,0,,0,,0,,0,,0,,0,,0,,0,,0,,0,,0,,0,0,0
