ts,price_yes,price_no,3sec_norm_OFI,3sec_yes_vol,3sec_no_vol,3sec_total_vol,3sec_note,5sec_norm_OFI,5sec_yes_vol,5sec_no_vol,5sec_total_vol,5sec_note,30sec_norm_OFI,30sec_yes_vol,30sec_no_vol,30sec_total_vol,30sec_note,1sec_yes_vol,1sec_no_vol,1sec_total_vol,60sec_yes_vol,60sec_no_vol,60sec_total_vol
1769877900,60,39,0,0,0,0,no_volume,0,0,0,0,no_volume,0,0,0,0,no_volume,0,0,0,0,0,0
1769877902,60,39,0,61,0,61,low_activity,0,61,0,61,low_activity,0,61,0,61,low_activity,61,0,61,61,0,61
1769877903,60,39,0,92,0,92,low_activity,0,92,0,92,low_activity,0,92,0,92,low_activity,31,0,31,92,0,92
1769877904,60,39,0,92,0,92,low_activity,0,92,0,92,low_activity,0,92,0,92,low_activity,0,0,0,92,0,92
1769877905,60,39,0,31,0,31,low_activity,0,92,0,92,low_activity,0,92,0,92,low_activity,0,0,0,92,0,92
1769877906,60,39,0,79,0,79,low_activity,0,171,0,171,low_activity,0,171,0,171,low_activity,86,0,86,178,0,178
1769877907,60,39,0,79,0,79,low_activity,0,110,0,110,low_activity,0,171,0,171,low_activity,0,0,0,178,0,178
1769877908,60,39,0,79,0,79,low_activity,0,79,0,79,low_activity,0,171,0,171,low_activity,0,0,0,178,0,178
1769877909,60,39,0,150,0,150,low_activity,0,229,0,229,low_activity,1.0,321,0,321,ok_volume,150,0,150,328,0,328
1769877910,60,39,0,150,0,150,low_activity,0,229,0,229,low_activity,1.0,321,0,321,ok_volume,0,0,0,328,0,328
1769877911,60,39,0,150,0,150,low_activity,0,150,0,150,low_activity,1.0,321,0,321,ok_volume,0,0,0,328,0,328
1769877912,60,39,0,0,0,0,no_volume,0,150,0,150,low_activity,1.0,321,0,321,ok_volume,0,0,0,328,0,328
1769877913,60,39,0,0,0,0,no_volume,0,150,0,150,low_activity,1.0,321,0,321,ok_volume,0,0,0,328,0,328
1769877914,60,39,0,21,0,21,low_activity,0,21,0,21,low_activity,1.0,342,0,342,ok_volume,21,0,21,349,0,349
1769877915,60,39,0,87,0,87,low_activity,0,87,0,87,low_activity,1.0,408,0,408,ok_volume,66,0,66,415,0,415
1769877916,60,39,0,87,0,87,low_activity,0,87,0,87,low_activity,1.0,408,0,408,ok_volume,0,0,0,415,0,415
1769877917,60,39,0,112,0,112,low_activity,0,133,0,133,low_activity,1.0,454,0,454,ok_volume,46,0,46,461,0,461
1769877918,60,39,0,46,0,46,low_activity,0,133,0,133,low_activity,1.0,454,0,454,ok_volume,0,0,0,461,0,461
1769877919,60,39,0,69,0,69,low_activity,0,135,0,135,low_activity,1.0,477,0,477,ok_volume,0,0,0,484,0,484
1769877920,60,39,0,40,0,40,low_activity,0,86,0,86,low_activity,1.0,494,0,494,ok_volume,17,0,17,501,0,501
1769877921,60,39,0,493,0,493,low_activity,0,562,0,562,low_activity,1.0,970,0,970,ok_volume,476,0,476,977,0,977
1769877922,60,39,0,493,0,493,low_activity,0,516,0,516,low_activity,1.0,970,0,970,ok_volume,0,0,0,977,0,977
1769877923,60,39,0,1269,0,1269,low_activity,0,1286,0,1286,low_activity,1.0,1763,0,1763,ok_volume,793,0,793,1770,0,1770
1769877924,60,39,0,872,0,872,low_activity,0,1365,0,1365,low_activity,1.0,1842,0,1842,ok_volume,79,0,79,1849,0,1849
1769877925,60,39,0,872,0,872,low_activity,0,1348,0,1348,low_activity,1.0,1842,0,1842,ok_volume,0,0,0,1849,0,1849
1769877926,60,39,0,79,0,79,low_activity,0,872,0,872,low_activity,1.0,1842,0,1842,ok_volume,1,0,1,1850,0,1850
1769877927,60,39,0,15,0,15,low_activity,0,887,0,887,low_activity,1.0,1857,0,1857,ok_volume,15,0,15,1865,0,1865
1769877928,60,39,0,15,0,15,low_activity,0,94,0,94,low_activity,1.0,1857,0,1857,ok_volume,0,0,0,1865,0,1865
1769877929,60,39,0,1062,0,1062,low_activity,0,1062,0,1062,low_activity,1.0,2904,0,2904,ok_volume,1047,0,1047,2912,0,2912
1769877930,60,39,0,1047,0,1047,low_activity,0,1062,0,1062,low_activity,1.0,2904,0,2904,ok_volume,0,0,0,2912,0,2912
1769877931,60,39,0,1047,0,1047,low_activity,0,1062,0,1062,low_activity,1.0,2904,0,2904,ok_volume,0,0,0,2912,0,2912
1769877932,60,39,0,0,0,0,no_volume,0,1047,0,1047,low_activity,1.0,2843,0,2843,ok_volume,0,0,0,2912,0,2912
1769877933,60,39,0,0,0,0,no_volume,0,1047,0,1047,low_activity,1.0,2812,0,2812,ok_volume,0,0,0,2912,0,2912
1769877934,60,39,0,0,0,0,no_volume,0,0,0,0,no_volume,1.0,2812,0,2812,ok_volume,0,0,0,2912,0,2912
1769877935,60,39,0,0,0,0,no_volume,0,0,0,0,no_volume,1.0,2812,0,2812,ok_volume,0,0,0,2912,0,2912
1769877936,60,39,0,0,0,0,no_volume,0,0,0,0,no_volume,1.0,2733,0,2733,ok_volume,0,0,0,2912,0,2912
1769877937,60,39,0,0,0,0,no_volume,0,0,0,0,no_volume,1.0,2733,0,2733,ok_volume,0,0,0,2912,0,2912
1769877938,60,39,0,0,0,0,no_volume,0,0,0,0,no_volume,1.0,2733,0,2733,ok_volume,0,0,0,2912,0,2912
1769877939,60,39,0,0,0,0,no_volume,0,0,0,0,no_volume,1.0,2583,0,2583,ok_volume,0,0,0,2912,0,2912
1769877940,60,39,0,47,0,47,low_activity,0,47,0,47,low_activity,1.0,2630,0,2630,ok_volume,47,0,47,2959,0,2959
1769877941,60,39,0,47,0,47,low_activity,0,47,0,47,low_activity,1.0,2630,0,2630,ok_volume,0,0,0,2959,0,2959
1769877942,60,39,0,47,0,47,low_activity,0,47,0,47,low_activity,1.0,2630,0,2630,ok_volume,0,0,0,2959,0,2959
1769877943,60,39,0,0,0,0,no_volume,0,47,0,47,low_activity,1.0,2630,0,2630,ok_volume,0,0,0,2959,0,2959
1769877944,60,39,0,0,0,0,no_volume,0,47,0,47,low_activity,1.0,2609,0,2609,ok_volume,0,0,0,2959,0,2959
1769877945,60,39,0,0,0,0,no_volume,0,0,0,0,no_volume,1.0,2543,0,2543,ok_volume,0,0,0,2959,0,2959
1769877946,60,39,0,103,0,103,low_activity,0,103,0,103,low_activity,1.0,2646,0,2646,ok_volume,0,0,0,3062,0,3062
1769877947,60,39,0,501,0,501,low_activity,0,501,0,501,low_activity,1.0,2998,0,2998,ok_volume,398,0,398,3460,0,3460
1769877948,60,39,0,424,0,424,low_activity,0,527,0,527,low_activity,1.0,3001,0,3001,ok_volume,26,0,26,3486,0,3486
1769877949,60,39,0,424,0,424,low_activity,0,527,0,527,low_activity,1.0,3001,0,3001,ok_volume,0,0,0,3486,0,3486
1769877950,60,39,0,26,0,26,low_activity,0,424,0,424,low_activity,1.0,2984,0,2984,ok_volume,0,0,0,3486,0,3486
1769877951,60,39,0,623,0,623,low_activity,0,1047,0,1047,low_activity,1.0,3131,0,3131,ok_volume,623,0,623,4109,0,4109
1769877952,60,39,0,623,0,623,low_activity,0,649,0,649,low_activity,1.0,3131,0,3131,ok_volume,0,0,0,4109,0,4109
1769877953,60,39,0,693,0,693,low_activity,0,693,0,693,low_activity,1.0,2408,0,2408,ok_volume,70,0,70,4179,0,4179
1769877954,60,39,0,70,0,70,low_activity,0,693,0,693,low_activity,1.0,2329,0,2329,ok_volume,0,0,0,4179,0,4179
1769877955,60,39,0,70,0,70,low_activity,0,693,0,693,low_activity,1.0,2329,0,2329,ok_volume,0,0,0,4179,0,4179
1769877956,60,39,0,0,0,0,no_volume,0,70,0,70,low_activity,1.0,2329,0,2329,ok_volume,0,0,0,4179,0,4179
1769877957,60,39,0,0,0,0,no_volume,0,70,0,70,low_activity,1.0,2314,0,2314,ok_volume,0,0,0,4179,0,4179
1769877958,60,39,0,0,0,0,no_volume,0,0,0,0,no_volume,1.0,2314,0,2314,ok_volume,0,0,0,4179,0,4179
1769877959,60,39,0,0,0,0,no_volume,0,0,0,0,no_volume,1.0,1267,0,1267,ok_volume,0,0,0,4179,0,4179
1769877960,60,39,0,0,0,0,no_volume,0,0,0,0,no_volume,1.0,1267,0,1267,ok_volume,0,0,0,4179,0,4179
1769877961,60,39,0,0,0,0,no_volume,0,0,0,0,no_volume,1.0,1267,0,1267,ok_volume,0,0,0,4179,0,4179
1769877962,60,39,0,0,0,0,no_volume,0,0,0,0,no_volume,1.0,1267,0,1267,ok_volume,0,0,0,4118,0,4118
1769877963,60,39,0,15,0,15,low_activity,0,15,0,15,low_activity,1.0,1282,0,1282,ok_volume,15,0,15,4102,0,4102
1769877964,60,39,0,15,0,15,low_activity,0,15,0,15,low_activity,1.0,1282,0,1282,ok_volume,0,0,0,4102,0,4102
1769877965,60,39,0,80,0,80,low_activity,0,80,0,80,low_activity,1.0,1347,0,1347,ok_volume,65,0,65,4167,0,4167
1769877966,60,39,0,500,0,500,low_activity,0,515,0,515,low_activity,1.0,1782,0,1782,ok_volume,435,0,435,4516,0,4516
1769877967,60,39,0,1000,0,1000,low_activity,1.0,1015,0,1015,ok_volume,1.0,2282,0,2282,ok_volume,500,0,500,5016,0,5016
1769877968,60,39,0,1093,0,1093,low_activity,1.0,1158,0,1158,ok_volume,1.0,2440,0,2440,ok_volume,162,0,162,5178,0,5178
1769877969,60,39,0,658,0,658,low_activity,1.0,1158,0,1158,ok_volume,1.0,2440,0,2440,ok_volume,0,0,0,5028,0,5028
1769877970,60,39,0,189,0,189,low_activity,1.0,1124,0,1124,ok_volume,1.0,2424,0,2424,ok_volume,31,0,31,5059,0,5059
1769877971,60,39,0,31,0,31,low_activity,0,689,0,689,low_activity,1.0,2424,0,2424,ok_volume,0,0,0,5059,0,5059
1769877972,60,39,0,31,0,31,low_activity,0,189,0,189,low_activity,1.0,2424,0,2424,ok_volume,0,0,0,5059,0,5059
1769877973,60,39,0,0,0,0,no_volume,0,31,0,31,low_activity,1.0,2424,0,2424,ok_volume,0,0,0,5059,0,5059
1769877974,60,39,0,0,0,0,low_activity,0,31,0,31,low_activity,1.0,2424,0,2424,ok_volume,1,0,1,5039,0,5039
1769877975,60,39,0,0,0,0,low_activity,0,0,0,0,low_activity,1.0,2321,0,2321,ok_volume,0,0,0,4973,0,4973
1769877976,60,39,0,0,0,0,low_activity,0,0,0,0,low_activity,1.0,2321,0,2321,ok_volume,0,0,0,4973,0,4973
1769877977,60,39,0,0,0,0,no_volume,0,0,0,0,low_activity,1.0,1923,0,1923,ok_volume,0,0,0,4927,0,4927
1769877978,60,39,0,60,0,60,low_activity,0,60,0,60,low_activity,1.0,1957,0,1957,ok_volume,0,0,0,4964,0,4964
1769877979,60,39,0,60,0,60,low_activity,0,60,0,60,low_activity,1.0,1957,0,1957,ok_volume,0,0,0,4964,0,4964
1769877980,60,39,0,0,0,0,no_volume,0,60,0,60,low_activity,1.0,1957,0,1957,ok_volume,0,0,0,4947,0,4947
1769877981,60,39,0,0,0,0,no_volume,0,60,0,60,low_activity,1.0,1334,0,1334,ok_volume,0,0,0,4471,0,4471
1769877982,60,39,0,0,0,0,no_volume,0,0,0,0,no_volume,1.0,1334,0,1334,ok_volume,0,0,0,4471,0,4471
1769877983,60,39,0,0,0,0,no_volume,0,0,0,0,no_volume,1.0,1264,0,1264,ok_volume,0,0,0,3678,0,3678
1769877984,60,39,0,0,0,0,no_volume,0,0,0,0,no_volume,1.0,1264,0,1264,ok_volume,0,0,0,3599,0,3599
1769877985,60,39,0,821,0,821,low_activity,0,821,0,821,low_activity,1.0,2085,0,2085,ok_volume,821,0,821,4420,0,4420
1769877986,60,39,0,850,0,850,low_activity,0,850,0,850,low_activity,1.0,2114,0,2114,ok_volume,29,0,29,4448,0,4448
1769877987,60,39,0,850,0,850,low_activity,0,850,0,850,low_activity,1.0,2114,0,2114,ok_volume,0,0,0,4433,0,4433
1769877988,60,39,0,154,0,154,low_activity,0,975,0,975,low_activity,1.0,2239,0,2239,ok_volume,125,0,125,4558,0,4558
1769877989,60,39,0,125,0,125,low_activity,0,975,0,975,low_activity,1.0,2239,0,2239,ok_volume,3,0,3,3514,0,3514
1769877990,60,39,0,125,0,125,low_activity,0,154,0,154,low_activity,1.0,2239,0,2239,ok_volume,0,0,0,3514,0,3514
1769877991,60,39,0,1658,0,1658,low_activity,0,1783,0,1783,low_activity,1.0,3897,0,3897,ok_volume,1658,0,1658,5172,0,5172
1769877992,60,39,0,2670,0,2670,low_activity,0,2795,0,2795,low_activity,1.0,4909,0,4909,ok_volume,1012,0,1012,6184,0,6184
1769877993,60,39,0,2670,0,2670,low_activity,0,2670,0,2670,low_activity,1.0,4894,0,4894,ok_volume,0,0,0,6184,0,6184
1769877994,60,39,0,1012,0,1012,low_activity,0,2670,0,2670,low_activity,1.0,4894,0,4894,ok_volume,0,0,0,6184,0,6184
1769877995,60,39,0,0,0,0,no_volume,0,2670,0,2670,low_activity,1.0,4829,0,4829,ok_volume,0,0,0,6184,0,6184
1769877996,60,39,0,0,0,0,no_volume,0,1012,0,1012,low_activity,1.0,4394,0,4394,ok_volume,0,0,0,6184,0,6184
1769877997,60,39,0,0,0,0,no_volume,0,0,0,0,no_volume,1.0,3894,0,3894,ok_volume,0,0,0,6184,0,6184
1769877998,60,39,0,793,0,793,low_activity,0,793,0,793,low_activity,1.0,4529,0,4529,ok_volume,793,0,793,6977,0,6977
1769877999,60,39,0,793,0,793,low_activity,0,793,0,793,low_activity,1.0,4529,0,4529,ok_volume,0,0,0,6977,0,6977
1769878000,60,39,0,877,0,877,low_activity,0,877,0,877,low_activity,1.0,4582,0,4582,ok_volume,84,0,84,7014,0,7014
1769878001,60,39,0,50084,0,50084,low_activity,0,50877,0,50877,low_activity,1.0,54582,0,54582,ok_volume,50000,0,50000,57014,0,57014
1769878002,60,39,0,50584,0,50584,low_activity,0,51377,0,51377,low_activity,1.0,55082,0,55082,ok_volume,500,0,500,57514,0,57514
1769878003,60,39,0,50500,0,50500,low_activity,0,50584,0,50584,low_activity,1.0,55082,0,55082,ok_volume,0,0,0,57514,0,57514
1769878004,60,39,0,500,0,500,low_activity,0,50584,0,50584,low_activity,1.0,55082,0,55082,ok_volume,0,0,0,57514,0,57514
1769878005,60,39,0,0,0,0,no_volume,0,50500,0,50500,low_activity,1.0,55082,0,55082,ok_volume,0,0,0,57411,0,57411
1769878006,60,39,0,0,0,0,no_volume,0,500,0,500,low_activity,1.0,55082,0,55082,ok_volume,0,0,0,57411,0,57411
1769878007,60,39,0,0,0,0,no_volume,0,0,0,0,no_volume,1.0,55022,0,55022,ok_volume,0,0,0,57013,0,57013
1769878008,60,39,0,44,0,44,low_activity,0,44,0,44,low_activity,1.0,55066,0,55066,ok_volume,44,0,44,57031,0,57031
1769878009,60,39,0,44,0,44,low_activity,0,44,0,44,low_activity,1.0,55066,0,55066,ok_volume,0,0,0,57031,0,57031
1769878010,60,39,0,44,0,44,low_activity,0,44,0,44,low_activity,1.0,55066,0,55066,ok_volume,0,0,0,57031,0,57031
1769878011,60,39,0,0,0,0,no_volume,0,44,0,44,low_activity,1.0,55066,0,55066,ok_volume,0,0,0,56408,0,56408
1769878012,60,39,0,0,0,0,no_volume,0,44,0,44,low_activity,1.0,55066,0,55066,ok_volume,0,0,0,56408,0,56408
1769878013,60,39,0,0,0,0,no_volume,0,0,0,0,no_volume,1.0,55066,0,55066,ok_volume,0,0,0,56338,0,56338
1769878014,60,39,0,0,0,0,no_volume,0,0,0,0,no_volume,1.0,55066,0,55066,ok_volume,0,0,0,56338,0,56338
1769878015,60,39,0,3240,0,3240,low_activity,0,3240,0,3240,low_activity,1.0,57485,0,57485,ok_volume,3243,0,3243,59581,0,59581
1769878016,60,39,0,3287,0,3287,low_activity,0,3287,0,3287,low_activity,1.0,57503,0,57503,ok_volume,47,0,47,59628,0,59628
1769878017,60,39,0,3287,0,3287,low_activity,0,3287,0,3287,low_activity,1.0,57503,0,57503,ok_volume,0,0,0,59628,0,59628
1769878018,60,39,0,47,0,47,low_activity,0,3287,0,3287,low_activity,1.0,57378,0,57378,ok_volume,0,0,0,59628,0,59628
1769878019,60,39,0,0,0,0,no_volume,0,3287,0,3287,low_activity,1.0,57378,0,57378,ok_volume,0,0,0,59628,0,59628
1769878020,60,39,0,0,0,0,no_volume,0,47,0,47,low_activity,1.0,57378,0,57378,ok_volume,0,0,0,59628,0,59628
1769878021,60,39,0,159,0,159,low_activity,0,159,0,159,low_activity,1.0,55879,0,55879,ok_volume,159,0,159,59787,0,59787
1769878022,60,39,0,513,0,513,low_activity,0,513,0,513,low_activity,1.0,55221,0,55221,ok_volume,354,0,354,60141,0,60141
1769878023,60,39,0,513,0,513,low_activity,0,513,0,513,low_activity,1.0,55221,0,55221,ok_volume,0,0,0,60126,0,60126
1769878024,60,39,0,354,0,354,low_activity,0,513,0,513,low_activity,1.0,55221,0,55221,ok_volume,0,0,0,60126,0,60126
1769878025,60,39,0,0,0,0,no_volume,0,513,0,513,low_activity,1.0,55221,0,55221,ok_volume,0,0,0,60061,0,60061
1769878026,60,39,0,78,0,78,low_activity,0,432,0,432,low_activity,1.0,55299,0,55299,ok_volume,78,0,78,59704,0,59704
1769878027,60,39,0,109,0,109,low_activity,0,109,0,109,low_activity,1.0,55330,0,55330,ok_volume,31,0,31,59235,0,59235
1769878028,60,39,0,109,0,109,low_activity,0,109,0,109,low_activity,1.0,54537,0,54537,ok_volume,0,0,0,59073,0,59073
1769878029,60,39,0,31,0,31,low_activity,0,109,0,109,low_activity,1.0,54537,0,54537,ok_volume,0,0,0,59073,0,59073
1769878030,60,39,0,0,0,0,no_volume,0,109,0,109,low_activity,1.0,54453,0,54453,ok_volume,0,0,0,59042,0,59042
1769878031,60,39,0,0,0,0,no_volume,0,31,0,31,low_activity,1.0,4453,0,4453,ok_volume,0,0,0,59042,0,59042
1769878032,60,39,0,0,0,0,no_volume,0,0,0,0,no_volume,1.0,3953,0,3953,ok_volume,0,0,0,59042,0,59042
1769878033,60,39,0,0,0,0,low_activity,0,0,0,0,low_activity,1.0,3953,0,3953,ok_volume,5,0,5,59047,0,59047
1769878034,60,39,0,86,0,86,low_activity,0,86,0,86,low_activity,1.0,4039,0,4039,ok_volume,99,0,99,59145,0,59145
1769878035,60,39,0,207,0,207,low_activity,0,207,0,207,low_activity,1.0,4160,0,4160,ok_volume,42,0,42,59266,0,59266
1769878036,60,39,0,207,0,207,low_activity,0,207,0,207,low_activity,1.0,4160,0,4160,ok_volume,0,0,0,59266,0,59266
1769878037,60,39,0,121,0,121,low_activity,0,286,0,286,low_total_volume,1.0,4239,0,4239,ok_volume,79,0,79,59290,0,59290
1769878038,60,39,0,79,0,79,low_activity,0,286,0,286,low_total_volume,1.0,4195,0,4195,ok_volume,0,0,0,59290,0,59290
1769878039,60,39,0,89,0,89,low_activity,0,131,0,131,low_activity,1.0,4205,0,4205,ok_volume,10,0,10,59300,0,59300
1769878040,60,39,0,10,0,10,low_activity,0,89,0,89,low_activity,1.0,4205,0,4205,ok_volume,9,0,9,59309,0,59309
1769878041,60,39,0,10,0,10,low_activity,0,89,0,89,low_activity,1.0,4205,0,4205,ok_volume,0,0,0,59309,0,59309
1769878042,60,39,0,158,0,158,low_activity,0,168,0,168,low_activity,1.0,4363,0,4363,ok_volume,158,0,158,59467,0,59467
1769878043,60,39,0,158,0,158,low_activity,0,168,0,168,low_activity,1.0,4363,0,4363,ok_volume,0,0,0,59467,0,59467
1769878044,60,39,0,158,0,158,low_activity,0,158,0,158,low_activity,1.0,4363,0,4363,ok_volume,0,0,0,59467,0,59467
1769878045,60,39,0,0,0,0,no_volume,0,158,0,158,low_activity,1.0,1123,0,1123,ok_volume,0,0,0,58646,0,58646
1769878046,60,39,0,0,0,0,low_activity,0,158,0,158,low_activity,1.0,1076,0,1076,ok_volume,1,0,1,58618,0,58618
1769878047,60,39,0,0,0,0,low_activity,0,0,0,0,low_activity,1.0,1076,0,1076,ok_volume,0,0,0,58618,0,58618
1769878048,60,39,0,0,0,0,low_activity,0,0,0,0,low_activity,1.0,1076,0,1076,ok_volume,7,0,7,58500,0,58500
1769878049,60,39,0,15,0,15,low_activity,0,15,0,15,low_activity,1.0,1091,0,1091,ok_volume,0,0,0,58512,0,58512
1769878050,60,39,0,15,0,15,low_activity,0,15,0,15,low_activity,1.0,1091,0,1091,ok_volume,0,0,0,58512,0,58512
1769878051,60,39,0,15,0,15,low_activity,0,30,0,30,low_activity,1.0,947,0,947,ok_volume,15,0,15,56869,0,56869
1769878052,60,39,0,77,0,77,low_activity,0,92,0,92,low_activity,1.0,655,0,655,ok_volume,62,0,62,55919,0,55919
1769878053,60,39,0,77,0,77,low_activity,0,77,0,77,low_activity,1.0,655,0,655,ok_volume,0,0,0,55919,0,55919
1769878054,60,39,0,62,0,62,low_activity,0,77,0,77,low_activity,1.0,655,0,655,ok_volume,0,0,0,55919,0,55919
1769878055,60,39,0,0,0,0,no_volume,0,77,0,77,low_activity,1.0,655,0,655,ok_volume,0,0,0,55919,0,55919
1769878056,60,39,0,79,0,79,low_activity,0,141,0,141,low_activity,1.0,656,0,656,ok_volume,0,0,0,55998,0,55998
1769878057,60,39,0,79,0,79,low_activity,0,79,0,79,low_activity,1.0,625,0,625,ok_volume,0,0,0,55998,0,55998
1769878058,60,39,0,23,0,23,low_activity,0,102,0,102,low_activity,1.0,648,0,648,ok_volume,23,0,23,55228,0,55228
1769878059,60,39,0,54,0,54,low_activity,0,133,0,133,low_activity,1.0,679,0,679,ok_volume,31,0,31,55259,0,55259
1769878060,60,39,0,54,0,54,low_activity,0,54,0,54,low_activity,1.0,679,0,679,ok_volume,0,0,0,55175,0,55175
1769878061,60,39,0,31,0,31,low_activity,0,54,0,54,low_activity,1.0,679,0,679,ok_volume,0,0,0,5175,0,5175
1769878062,60,39,0,0,0,0,no_volume,0,54,0,54,low_activity,1.0,679,0,679,ok_volume,0,0,0,4675,0,4675
1769878063,60,39,0,286,0,286,low_activity,0,317,0,317,low_activity,1.0,965,0,965,ok_volume,286,0,286,4961,0,4961
1769878064,60,39,0,286,0,286,low_activity,0,286,0,286,low_activity,1.0,800,0,800,ok_volume,0,0,0,4961,0,4961
1769878065,60,39,0,308,0,308,low_activity,0,308,0,308,low_activity,1.0,780,0,780,ok_volume,22,0,22,4983,0,4983
1769878066,60,39,0,107,0,107,low_activity,0,393,0,393,low_activity,1.0,865,0,865,ok_volume,85,0,85,5068,0,5068
1769878067,60,39,0,107,0,107,low_activity,0,393,0,393,low_activity,1.0,786,0,786,ok_volume,0,0,0,5068,0,5068
1769878068,60,39,0,85,0,85,low_activity,0,107,0,107,low_activity,1.0,786,0,786,ok_volume,0,0,0,5024,0,5024
1769878069,60,39,0,0,0,0,no_volume,0,107,0,107,low_activity,1.0,776,0,776,ok_volume,0,0,0,5024,0,5024
1769878070,60,39,0,0,0,0,low_activity,0,85,0,85,low_activity,1.0,776,0,776,ok_volume,7,0,7,5031,0,5031
1769878071,60,39,0,0,0,0,low_activity,0,0,0,0,low_activity,1.0,776,0,776,ok_volume,0,0,0,5031,0,5031
1769878072,60,39,0,15,0,15,low_activity,0,15,0,15,low_activity,1.0,633,0,633,ok_volume,0,0,0,5046,0,5046
1769878073,60,39,0,15,0,15,low_activity,0,15,0,15,low_activity,1.0,633,0,633,ok_volume,0,0,0,5046,0,5046
1769878074,60,39,0,43,0,43,low_activity,0,58,0,58,low_activity,1.0,676,0,676,ok_volume,43,0,43,5089,0,5089
1769878075,60,39,0,362,0,362,low_activity,0,377,0,377,low_activity,1.0,995,0,995,ok_volume,319,0,319,2165,0,2165
1769878076,60,39,0,362,0,362,low_activity,0,362,0,362,low_activity,1.0,995,0,995,ok_volume,0,0,0,2118,0,2118
1769878077,60,39,0,319,0,319,low_activity,0,362,0,362,low_activity,1.0,995,0,995,ok_volume,0,0,0,2118,0,2118
1769878078,60,39,0,1269,0,1269,low_activity,0,1631,0,1631,low_activity,1.0,2249,0,2249,ok_volume,1269,0,1269,3387,0,3387
1769878079,60,39,0,1269,0,1269,low_activity,0,1588,0,1588,low_activity,1.0,2249,0,2249,ok_volume,0,0,0,3387,0,3387
1769878080,60,39,0,1269,0,1269,low_activity,0,1269,0,1269,low_activity,1.0,2249,0,2249,ok_volume,0,0,0,3387,0,3387
1769878081,60,39,0,78,0,78,low_activity,0,1347,0,1347,low_activity,1.0,2312,0,2312,ok_volume,78,0,78,3306,0,3306
1769878082,60,39,0,78,0,78,low_activity,0,1347,0,1347,low_activity,1.0,2250,0,2250,ok_volume,0,0,0,2952,0,2952
1769878083,60,39,0,197,0,197,low_activity,0,197,0,197,low_activity,1.0,2369,0,2369,ok_volume,119,0,119,3071,0,3071
1769878084,60,39,0,119,0,119,low_activity,0,197,0,197,low_activity,1.0,2369,0,2369,ok_volume,0,0,0,3071,0,3071
1769878085,60,39,0,150,0,150,low_activity,0,228,0,228,low_activity,1.0,2321,0,2321,ok_volume,31,0,31,3102,0,3102
1769878086,60,39,0,31,0,31,low_activity,0,150,0,150,low_activity,1.0,2321,0,2321,ok_volume,0,0,0,3024,0,3024
1769878087,60,39,0,85,0,85,low_activity,0,204,0,204,low_activity,1.0,2375,0,2375,ok_volume,54,0,54,3047,0,3047
1769878088,60,39,0,54,0,54,low_activity,0,85,0,85,low_activity,1.0,2352,0,2352,ok_volume,0,0,0,3047,0,3047
1769878089,60,39,1.0,576,0,576,ok_volume,1.0,607,0,607,ok_volume,1.0,2843,0,2843,ok_volume,522,0,522,3569,0,3569
1769878090,60,39,1.0,6611,0,6611,ok_volume,1.0,6665,0,6665,ok_volume,1.0,8932,0,8932,ok_volume,6089,0,6089,9658,0,9658
1769878091,60,39,1.0,6611,0,6611,ok_volume,1.0,6665,0,6665,ok_volume,1.0,8932,0,8932,ok_volume,0,0,0,9658,0,9658
1769878092,60,39,0,6232,0,6232,low_activity,1.0,6754,0,6754,ok_volume,1.0,9075,0,9075,ok_volume,143,0,143,9801,0,9801
1769878093,60,39,0,222,0,222,low_activity,1.0,6833,0,6833,ok_volume,1.0,8868,0,8868,ok_volume,0,0,0,9875,0,9875
1769878094,60,39,0,1015,0,1015,low_activity,1.0,7104,0,7104,ok_volume,1.0,9661,0,9661,ok_volume,793,0,793,10490,0,10490
1769878095,60,39,0,833,0,833,low_activity,1.0,1055,0,1055,ok_volume,1.0,9679,0,9679,ok_volume,25,0,25,10488,0,10488
1769878096,60,39,0,912,0,912,low_activity,1.0,1134,0,1134,ok_volume,1.0,9673,0,9673,ok_volume,0,0,0,10562,0,10562
1769878097,60,39,0,260,0,260,low_activity,1.0,1068,0,1068,ok_volume,1.0,9829,0,9829,ok_volume,156,0,156,10639,0,10639
1769878098,60,39,0,156,0,156,low_activity,1.0,1068,0,1068,ok_volume,1.0,9829,0,9829,ok_volume,0,0,0,10639,0,10639
1769878099,60,39,0,156,0,156,low_activity,0,260,0,260,low_activity,1.0,9829,0,9829,ok_volume,0,0,0,10629,0,10629
1769878100,60,39,0,0,0,0,no_volume,0,156,0,156,low_activity,1.0,9829,0,9829,ok_volume,0,0,0,10620,0,10620
1769878101,60,39,0,0,0,0,no_volume,0,156,0,156,low_activity,1.0,9814,0,9814,ok_volume,0,0,0,10620,0,10620
1769878102,60,39,0,152,0,152,low_activity,0,152,0,152,low_activity,1.0,9966,0,9966,ok_volume,152,0,152,10614,0,10614
1769878103,60,39,0,152,0,152,low_activity,0,152,0,152,low_activity,1.0,9966,0,9966,ok_volume,3,0,3,10617,0,10617
1769878104,60,39,0,252,0,252,low_activity,0,252,0,252,low_activity,1.0,10023,0,10023,ok_volume,100,0,100,10717,0,10717
1769878105,60,39,0,131,0,131,low_activity,0,283,0,283,low_activity,1.0,9735,0,9735,ok_volume,31,0,31,10748,0,10748
1769878106,60,39,0,131,0,131,low_activity,0,283,0,283,low_activity,1.0,9735,0,9735,ok_volume,0,0,0,10747,0,10747
1769878107,60,39,0,31,0,31,low_activity,0,131,0,131,low_activity,1.0,9735,0,9735,ok_volume,0,0,0,10747,0,10747
1769878108,60,39,0,0,0,0,no_volume,0,131,0,131,low_activity,1.0,8466,0,8466,ok_volume,0,0,0,10725,0,10725
1769878109,60,39,0,10,0,10,low_activity,0,41,0,41,low_activity,1.0,8476,0,8476,ok_volume,10,0,10,10735,0,10735
1769878110,60,39,0,166,0,166,low_activity,0,166,0,166,low_activity,1.0,8632,0,8632,ok_volume,163,0,163,10898,0,10898
1769878111,60,39,0,657,0,657,low_activity,0,657,0,657,low_activity,1.0,9045,0,9045,ok_volume,476,0,476,11374,0,11374
1769878112,60,39,0,647,0,647,low_activity,0,657,0,657,low_activity,1.0,9045,0,9045,ok_volume,0,0,0,11312,0,11312
1769878113,60,39,0,476,0,476,low_activity,0,657,0,657,low_activity,1.0,8926,0,8926,ok_volume,0,0,0,11312,0,11312
1769878114,60,39,0,1166,0,1166,low_activity,0,1813,0,1813,low_activity,1.0,10092,0,10092,ok_volume,1166,0,1166,12478,0,12478
1769878115,60,39,0,1166,0,1166,low_activity,0,1642,0,1642,low_activity,1.0,10061,0,10061,ok_volume,0,0,0,12399,0,12399
1769878116,60,39,0,1166,0,1166,low_activity,0,1166,0,1166,low_activity,1.0,10061,0,10061,ok_volume,0,0,0,12399,0,12399
1769878117,60,39,0,15,0,15,low_activity,0,1181,0,1181,low_activity,1.0,10022,0,10022,ok_volume,15,0,15,12414,0,12414
1769878118,60,39,0,15,0,15,low_activity,0,1181,0,1181,low_activity,1.0,10022,0,10022,ok_volume,0,0,0,12391,0,12391
1769878119,60,39,0,15,0,15,low_activity,0,15,0,15,low_activity,1.0,9500,0,9500,ok_volume,0,0,0,12360,0,12360
1769878120,60,39,0,0,0,0,no_volume,0,15,0,15,low_activity,1.0,3411,0,3411,ok_volume,0,0,0,12360,0,12360
1769878121,60,39,0,0,0,0,no_volume,0,15,0,15,low_activity,1.0,3411,0,3411,ok_volume,0,0,0,12360,0,12360
1769878122,60,39,0,0,0,0,no_volume,0,0,0,0,no_volume,1.0,3189,0,3189,ok_volume,0,0,0,12360,0,12360
1769878123,60,39,0,0,0,0,no_volume,0,0,0,0,no_volume,1.0,3189,0,3189,ok_volume,0,0,0,12074,0,12074
1769878124,60,39,0,0,0,0,no_volume,0,0,0,0,no_volume,1.0,2381,0,2381,ok_volume,0,0,0,12074,0,12074
1769878125,60,39,0,0,0,0,no_volume,0,0,0,0,no_volume,1.0,2277,0,2277,ok_volume,0,0,0,12052,0,12052
1769878126,60,39,0,1749,0,1749,low_activity,0,1749,0,1749,low_activity,1.0,4026,0,4026,ok_volume,1749,0,1749,13716,0,13716
1769878127,60,39,0,2021,0,2021,low_activity,0,2021,0,2021,low_activity,1.0,4142,0,4142,ok_volume,272,0,272,13988,0,13988
1769878128,60,39,0,2021,0,2021,low_activity,0,2021,0,2021,low_activity,1.0,4142,0,4142,ok_volume,0,0,0,13988,0,13988
1769878129,60,39,0,296,0,296,low_activity,1.0,2045,0,2045,ok_volume,1.0,4166,0,4166,ok_volume,24,0,24,14012,0,14012
1769878130,60,39,0,24,0,24,low_activity,1.0,2045,0,2045,ok_volume,1.0,4166,0,4166,ok_volume,0,0,0,14005,0,14005
1769878131,60,39,0,24,0,24,low_activity,0,296,0,296,low_activity,1.0,4166,0,4166,ok_volume,7,0,7,13997,0,13997
1769878132,60,39,0,0,0,0,low_activity,0,24,0,24,low_activity,1.0,4014,0,4014,ok_volume,0,0,0,13997,0,13997
1769878133,60,39,0,0,0,0,low_activity,0,24,0,24,low_activity,1.0,4014,0,4014,ok_volume,0,0,0,13997,0,13997
1769878134,60,39,0,0,0,0,no_volume,0,0,0,0,low_activity,1.0,3914,0,3914,ok_volume,0,0,0,13954,0,13954
1769878135,60,39,0,0,0,0,no_volume,0,0,0,0,low_activity,1.0,3883,0,3883,ok_volume,0,0,0,13635,0,13635
1769878136,60,39,0,0,0,0,no_volume,0,0,0,0,no_volume,1.0,3883,0,3883,ok_volume,0,0,0,13635,0,13635
1769878137,60,39,0,100,0,100,low_activity,0,100,0,100,low_activity,1.0,3983,0,3983,ok_volume,100,0,100,13735,0,13735
1769878138,60,39,0,100,0,100,low_activity,0,100,0,100,low_activity,1.0,3983,0,3983,ok_volume,0,0,0,12466,0,12466
1769878139,60,39,0,100,0,100,low_activity,0,100,0,100,low_activity,1.0,3973,0,3973,ok_volume,0,0,0,12466,0,12466
1769878140,60,39,0,105,0,105,low_activity,0,205,0,205,low_activity,1.0,3907,0,3907,ok_volume,105,0,105,12571,0,12571
1769878141,60,39,0,105,0,105,low_activity,0,205,0,205,low_activity,1.0,3431,0,3431,ok_volume,0,0,0,12493,0,12493
1769878142,60,39,0,371,0,371,low_activity,0,371,0,371,low_activity,1.0,3697,0,3697,ok_volume,266,0,266,12759,0,12759
1769878143,60,39,0,434,0,434,low_activity,1.0,539,0,539,ok_volume,1.0,3865,0,3865,ok_volume,168,0,168,12808,0,12808
1769878144,60,39,0,434,0,434,low_activity,1.0,539,0,539,ok_volume,1.0,2699,0,2699,ok_volume,0,0,0,12808,0,12808
1769878145,60,39,0,168,0,168,low_activity,0,434,0,434,low_activity,1.0,2699,0,2699,ok_volume,0,0,0,12777,0,12777
1769878146,60,39,0,1587,0,1587,low_activity,1.0,2021,0,2021,ok_volume,1.0,4286,0,4286,ok_volume,1587,0,1587,14364,0,14364
1769878147,60,39,0,1587,0,1587,low_activity,0,1755,0,1755,low_activity,1.0,4271,0,4271,ok_volume,0,0,0,14310,0,14310
1769878148,60,39,0,1618,0,1618,low_activity,0,1618,0,1618,low_activity,1.0,4302,0,4302,ok_volume,31,0,31,14341,0,14341
1769878149,60,39,0,31,0,31,low_activity,0,1618,0,1618,low_activity,1.0,4302,0,4302,ok_volume,0,0,0,13819,0,13819
1769878150,60,39,0,1626,0,1626,low_activity,0,3213,0,3213,low_activity,1.0,5897,0,5897,ok_volume,1595,0,1595,9325,0,9325
1769878151,60,39,0,1595,0,1595,low_activity,0,1626,0,1626,low_activity,1.0,5897,0,5897,ok_volume,0,0,0,9325,0,9325
1769878152,60,39,0,1595,0,1595,low_activity,0,1626,0,1626,low_activity,1.0,5897,0,5897,ok_volume,0,0,0,9103,0,9103
1769878153,60,39,0,0,0,0,no_volume,0,1595,0,1595,low_activity,1.0,5897,0,5897,ok_volume,0,0,0,9103,0,9103
1769878154,60,39,0,31,0,31,low_activity,0,1626,0,1626,low_activity,1.0,5928,0,5928,ok_volume,31,0,31,8326,0,8326
1769878155,60,39,0,31,0,31,low_activity,0,31,0,31,low_activity,1.0,5928,0,5928,ok_volume,10,0,10,8232,0,8232
1769878156,60,39,0,31,0,31,low_activity,0,31,0,31,low_activity,1.0,4179,0,4179,ok_volume,0,0,0,8232,0,8232
1769878157,60,39,0,0,0,0,low_activity,0,31,0,31,low_activity,1.0,3907,0,3907,ok_volume,0,0,0,8076,0,8076
1769878158,60,39,0,332,0,332,low_activity,0,363,0,363,low_activity,1.0,4239,0,4239,ok_volume,335,0,335,8411,0,8411
1769878159,60,39,0,332,0,332,low_activity,0,332,0,332,low_activity,1.0,4215,0,4215,ok_volume,0,0,0,8411,0,8411
1769878160,60,39,0,332,0,332,low_activity,0,332,0,332,low_activity,1.0,4215,0,4215,ok_volume,0,0,0,8411,0,8411
1769878161,60,39,0,0,0,0,no_volume,0,332,0,332,low_activity,1.0,4215,0,4215,ok_volume,0,0,0,8411,0,8411
1769878162,60,39,0,65,0,65,low_activity,0,397,0,397,low_activity,1.0,4280,0,4280,ok_volume,65,0,65,8324,0,8324
1769878163,60,39,0,165,0,165,low_activity,0,165,0,165,low_activity,1.0,4380,0,4380,ok_volume,100,0,100,8421,0,8421
1769878164,60,39,1.0,338,0,338,ok_volume,1.0,338,0,338,ok_volume,1.0,4553,0,4553,ok_volume,118,0,118,8494,0,8494
1769878165,60,39,0,273,0,273,low_activity,1.0,338,0,338,ok_volume,1.0,4553,0,4553,ok_volume,0,0,0,8463,0,8463
1769878166,60,39,0,318,0,318,low_activity,1.0,538,0,538,ok_volume,1.0,4753,0,4753,ok_volume,200,0,200,8663,0,8663
1769878167,60,39,0,200,0,200,low_activity,1.0,473,0,473,ok_volume,1.0,4653,0,4653,ok_volume,0,0,0,8663,0,8663
1769878168,60,39,0,200,0,200,low_activity,0,318,0,318,low_activity,1.0,4653,0,4653,ok_volume,0,0,0,8663,0,8663
1769878169,60,39,0,0,0,0,no_volume,0,200,0,200,low_activity,1.0,4653,0,4653,ok_volume,0,0,0,8653,0,8653
1769878170,60,39,0,0,0,0,no_volume,0,200,0,200,low_activity,1.0,4548,0,4548,ok_volume,0,0,0,8475,0,8475
1769878171,60,39,0,0,0,0,no_volume,0,0,0,0,no_volume,1.0,4548,0,4548,ok_volume,0,0,0,7999,0,7999
1769878172,60,39,0,0,0,0,no_volume,0,0,0,0,no_volume,1.0,4282,0,4282,ok_volume,0,0,0,7999,0,7999
1769878173,60,39,0,0,0,0,no_volume,0,0,0,0,no_volume,1.0,4114,0,4114,ok_volume,0,0,0,7999,0,7999
1769878174,60,39,0,0,0,0,no_volume,0,0,0,0,no_volume,1.0,4114,0,4114,ok_volume,0,0,0,6833,0,6833
1769878175,60,39,0,290,0,290,low_activity,0,290,0,290,low_activity,1.0,4404,0,4404,ok_volume,290,0,290,7123,0,7123
1769878176,60,39,0,836,0,836,low_activity,0,836,0,836,low_activity,1.0,3363,0,3363,ok_volume,546,0,546,7669,0,7669
1769878177,60,39,0,847,0,847,low_activity,0,847,0,847,low_activity,1.0,3374,0,3374,ok_volume,11,0,11,7665,0,7665
1769878178,60,39,0,557,0,557,low_activity,0,847,0,847,low_activity,1.0,3343,0,3343,ok_volume,5,0,5,7670,0,7670
1769878179,60,39,0,11,0,11,low_activity,0,847,0,847,low_activity,1.0,3343,0,3343,ok_volume,0,0,0,7670,0,7670
1769878180,60,39,0,220,0,220,low_activity,0,777,0,777,low_activity,1.0,1968,0,1968,ok_volume,220,0,220,7890,0,7890
1769878181,60,39,0,220,0,220,low_activity,0,231,0,231,low_activity,1.0,1968,0,1968,ok_volume,0,0,0,7890,0,7890
1769878182,60,39,0,376,0,376,low_activity,0,376,0,376,low_activity,1.0,2124,0,2124,ok_volume,156,0,156,8046,0,8046
1769878183,60,39,0,446,0,446,low_activity,0,666,0,666,low_activity,1.0,2414,0,2414,ok_volume,290,0,290,8336,0,8336
1769878184,60,39,0,511,0,511,low_activity,1.0,731,0,731,ok_volume,1.0,2448,0,2448,ok_volume,45,0,45,8401,0,8401
1769878185,60,39,0,355,0,355,low_activity,0,511,0,511,low_activity,1.0,2448,0,2448,ok_volume,0,0,0,8401,0,8401
1769878186,60,39,0,124,0,124,low_activity,1.0,590,0,590,ok_volume,1.0,2527,0,2527,ok_volume,79,0,79,6731,0,6731
1769878187,60,39,0,911,0,911,low_activity,1.0,1266,0,1266,ok_volume,1.0,3359,0,3359,ok_volume,832,0,832,7291,0,7291
1769878188,60,39,0,911,0,911,low_activity,0,956,0,956,low_activity,1.0,3027,0,3027,ok_volume,0,0,0,7291,0,7291
1769878189,60,39,0,832,0,832,low_activity,0,911,0,911,low_activity,1.0,3027,0,3027,ok_volume,0,0,0,7267,0,7267
1769878190,60,39,0,0,0,0,no_volume,0,911,0,911,low_activity,1.0,3027,0,3027,ok_volume,0,0,0,7267,0,7267
1769878191,60,39,0,0,0,0,no_volume,0,832,0,832,low_activity,1.0,3027,0,3027,ok_volume,0,0,0,7260,0,7260
1769878192,60,39,0,125,0,125,low_activity,0,125,0,125,low_activity,1.0,3087,0,3087,ok_volume,125,0,125,7385,0,7385
1769878193,60,39,0,125,0,125,low_activity,0,125,0,125,low_activity,1.0,2932,0,2932,ok_volume,0,0,0,7385,0,7385
1769878194,60,39,0,125,0,125,low_activity,0,125,0,125,low_activity,1.0,2814,0,2814,ok_volume,0,0,0,7385,0,7385
1769878195,60,39,0,0,0,0,no_volume,0,125,0,125,low_activity,1.0,2814,0,2814,ok_volume,0,0,0,7385,0,7385
1769878196,60,39,0,18,0,18,low_activity,0,143,0,143,low_activity,1.0,2632,0,2632,ok_volume,18,0,18,7403,0,7403
1769878197,60,39,0,18,0,18,low_activity,0,18,0,18,low_activity,1.0,2632,0,2632,ok_volume,0,0,0,7303,0,7303
1769878198,60,39,0,18,0,18,low_activity,0,18,0,18,low_activity,1.0,2632,0,2632,ok_volume,0,0,0,7306,0,7306
1769878199,60,39,0,229,0,229,low_activity,0,247,0,247,low_activity,1.0,2861,0,2861,ok_volume,229,0,229,7535,0,7535
1769878200,60,39,0,229,0,229,low_activity,0,247,0,247,low_activity,1.0,2861,0,2861,ok_volume,0,0,0,7430,0,7430
1769878201,60,39,0,488,0,488,low_activity,0,488,0,488,low_activity,1.0,3120,0,3120,ok_volume,259,0,259,7689,0,7689
1769878202,60,39,0,259,0,259,low_activity,0,488,0,488,low_activity,1.0,3120,0,3120,ok_volume,0,0,0,7423,0,7423
1769878203,60,39,0,259,0,259,low_activity,0,488,0,488,low_activity,1.0,3120,0,3120,ok_volume,0,0,0,7255,0,7255
1769878204,60,39,0,0,0,0,no_volume,0,259,0,259,low_activity,1.0,3120,0,3120,ok_volume,0,0,0,7255,0,7255
1769878205,60,39,0,0,0,0,no_volume,0,259,0,259,low_activity,1.0,2830,0,2830,ok_volume,0,0,0,7255,0,7255
1769878206,60,39,0,63,0,63,low_activity,0,63,0,63,low_activity,1.0,2347,0,2347,ok_volume,63,0,63,5731,0,5731
1769878207,60,39,0,63,0,63,low_activity,0,63,0,63,low_activity,1.0,2336,0,2336,ok_volume,0,0,0,5731,0,5731
1769878208,60,39,0,103,0,103,low_activity,0,103,0,103,low_activity,1.0,2376,0,2376,ok_volume,40,0,40,5740,0,5740
1769878209,60,39,0,40,0,40,low_activity,0,103,0,103,low_activity,1.0,2376,0,2376,ok_volume,0,0,0,5740,0,5740
1769878210,60,39,0,40,0,40,low_activity,0,103,0,103,low_activity,1.0,2156,0,2156,ok_volume,0,0,0,4145,0,4145
1769878211,60,39,0,0,0,0,no_volume,0,40,0,40,low_activity,1.0,2156,0,2156,ok_volume,0,0,0,4145,0,4145
1769878212,60,39,0,608,0,608,low_activity,0,648,0,648,low_activity,1.0,2608,0,2608,ok_volume,608,0,608,4753,0,4753
1769878213,60,39,0,608,0,608,low_activity,0,608,0,608,low_activity,1.0,2298,0,2298,ok_volume,1,0,1,4754,0,4754
1769878214,60,39,0,623,0,623,low_activity,0,623,0,623,low_activity,1.0,2268,0,2268,ok_volume,15,0,15,4738,0,4738
1769878215,60,39,0,15,0,15,low_activity,0,623,0,623,low_activity,1.0,2268,0,2268,ok_volume,0,0,0,4728,0,4728
1769878216,60,39,0,15,0,15,low_activity,0,623,0,623,low_activity,1.0,2189,0,2189,ok_volume,0,0,0,4728,0,4728
1769878217,60,39,0,0,0,0,no_volume,0,15,0,15,low_activity,1.0,1357,0,1357,ok_volume,0,0,0,4728,0,4728
1769878218,60,39,0,0,0,0,no_volume,0,15,0,15,low_activity,1.0,1357,0,1357,ok_volume,0,0,0,4393,0,4393
1769878219,60,39,0,398,0,398,low_activity,0,398,0,398,low_activity,1.0,1755,0,1755,ok_volume,0,0,0,4791,0,4791
1769878220,60,39,0,398,0,398,low_activity,0,398,0,398,low_activity,1.0,1755,0,1755,ok_volume,0,0,0,4791,0,4791
1769878221,60,39,0,0,0,0,low_activity,0,398,0,398,low_activity,1.0,1755,0,1755,ok_volume,7,0,7,4798,0,4798
1769878222,60,39,0,0,0,0,low_activity,0,398,0,398,low_activity,1.0,1630,0,1630,ok_volume,0,0,0,4733,0,4733
1769878223,60,39,0,119,0,119,low_activity,0,119,0,119,low_activity,1.0,1749,0,1749,ok_volume,119,0,119,4697,0,4697
1769878224,60,39,0,119,0,119,low_activity,0,119,0,119,low_activity,1.0,1749,0,1749,ok_volume,0,0,0,4579,0,4579
1769878225,60,39,0,578,0,578,low_activity,0,578,0,578,low_activity,1.0,2208,0,2208,ok_volume,459,0,459,5038,0,5038
1769878226,60,39,0,459,0,459,low_activity,0,578,0,578,low_activity,1.0,2190,0,2190,ok_volume,0,0,0,4838,0,4838
1769878227,60,39,0,459,0,459,low_activity,0,578,0,578,low_activity,1.0,2190,0,2190,ok_volume,0,0,0,4838,0,4838
1769878228,60,39,0,0,0,0,no_volume,0,459,0,459,low_activity,1.0,2190,0,2190,ok_volume,0,0,0,4838,0,4838
1769878229,60,39,0,391,0,391,low_activity,1.0,850,0,850,ok_volume,1.0,2352,0,2352,ok_volume,391,0,391,5229,0,5229
1769878230,60,39,0,475,0,475,low_activity,0,475,0,475,low_activity,1.0,2436,0,2436,ok_volume,84,0,84,5313,0,5313
1769878231,60,39,0,568,0,568,low_activity,0,568,0,568,low_activity,1.0,2270,0,2270,ok_volume,93,0,93,5406,0,5406
1769878232,60,39,0,177,0,177,low_activity,0,568,0,568,low_activity,1.0,2270,0,2270,ok_volume,0,0,0,5406,0,5406
1769878233,60,39,0,93,0,93,low_activity,0,568,0,568,low_activity,1.0,2270,0,2270,ok_volume,0,0,0,5406,0,5406
1769878234,60,39,0,0,0,0,no_volume,0,177,0,177,low_activity,1.0,2270,0,2270,ok_volume,0,0,0,5406,0,5406
1769878235,60,39,0,0,0,0,no_volume,0,93,0,93,low_activity,1.0,2270,0,2270,ok_volume,0,0,0,5116,0,5116
1769878236,60,39,0,0,0,0,low_activity,0,0,0,0,low_activity,1.0,2207,0,2207,ok_volume,2,0,2,4572,0,4572
1769878237,60,39,0,0,0,0,low_activity,0,0,0,0,low_activity,1.0,2207,0,2207,ok_volume,0,0,0,4561,0,4561
1769878238,60,39,0,0,0,0,low_activity,0,0,0,0,low_activity,1.0,2167,0,2167,ok_volume,0,0,0,4556,0,4556
1769878239,60,39,0,0,0,0,no_volume,0,0,0,0,low_activity,1.0,2167,0,2167,ok_volume,0,0,0,4556,0,4556
1769878240,60,39,0,0,0,0,no_volume,0,0,0,0,low_activity,1.0,2167,0,2167,ok_volume,0,0,0,4336,0,4336
1769878241,60,39,0,0,0,0,no_volume,0,0,0,0,no_volume,1.0,2167,0,2167,ok_volume,0,0,0,4336,0,4336
1769878242,60,39,0,0,0,0,low_activity,0,0,0,0,low_activity,1.0,1559,0,1559,ok_volume,7,0,7,4187,0,4187
1769878243,60,39,0,10,0,10,low_activity,0,10,0,10,low_activity,1.0,1569,0,1569,ok_volume,10,0,10,3887,0,3887
1769878244,60,39,0,73,0,73,low_activity,0,73,0,73,low_activity,1.0,1617,0,1617,ok_volume,0,0,0,3905,0,3905
1769878245,60,39,0,106,0,106,low_activity,0,106,0,106,low_activity,1.0,1650,0,1650,ok_volume,33,0,33,3938,0,3938
1769878246,60,39,0,33,0,33,low_activity,0,106,0,106,low_activity,1.0,1650,0,1650,ok_volume,0,0,0,3859,0,3859
1769878247,60,39,0,33,0,33,low_activity,0,106,0,106,low_activity,1.0,1650,0,1650,ok_volume,0,0,0,3027,0,3027
1769878248,60,39,0,20,0,20,low_activity,0,53,0,53,low_activity,1.0,1272,0,1272,ok_volume,20,0,20,3047,0,3047
1769878249,60,39,0,377,0,377,low_activity,0,410,0,410,low_activity,1.0,1629,0,1629,ok_volume,357,0,357,3404,0,3404
1769878250,60,39,0,616,0,616,low_activity,0,616,0,616,low_activity,1.0,1868,0,1868,ok_volume,239,0,239,3643,0,3643
1769878251,60,39,0,596,0,596,low_activity,0,616,0,616,low_activity,1.0,1868,0,1868,ok_volume,0,0,0,3643,0,3643
1769878252,60,39,0,239,0,239,low_activity,0,616,0,616,low_activity,1.0,1868,0,1868,ok_volume,0,0,0,3518,0,3518
1769878253,60,39,0,396,0,396,low_activity,0,992,0,992,low_activity,1.0,2145,0,2145,ok_volume,396,0,396,3914,0,3914
1769878254,60,39,0,437,0,437,low_activity,0,676,0,676,low_activity,1.0,2186,0,2186,ok_volume,41,0,41,3955,0,3955
1769878255,60,39,0,437,0,437,low_activity,0,437,0,437,low_activity,1.0,1727,0,1727,ok_volume,0,0,0,3955,0,3955
1769878256,60,39,0,41,0,41,low_activity,0,437,0,437,low_activity,1.0,1727,0,1727,ok_volume,0,0,0,3937,0,3937
1769878257,60,39,0,18,0,18,low_activity,0,455,0,455,low_activity,1.0,1745,0,1745,ok_volume,18,0,18,3952,0,3952
1769878258,60,39,0,18,0,18,low_activity,0,59,0,59,low_activity,1.0,1745,0,1745,ok_volume,0,0,0,3952,0,3952
1769878259,60,39,0,8112,0,8112,low_activity,0,8112,0,8112,low_activity,1.0,9448,0,9448,ok_volume,8094,0,8094,11817,0,11817
1769878260,60,39,0,10853,0,10853,low_activity,0,10871,0,10871,low_activity,1.0,12123,0,12123,ok_volume,0,0,0,14576,0,14576
1769878261,60,39,0,10853,0,10853,low_activity,0,10871,0,10871,low_activity,1.0,12030,0,12030,ok_volume,0,0,0,14317,0,14317
1769878262,60,39,0,0,0,0,no_volume,0,10853,0,10853,low_activity,1.0,12030,0,12030,ok_volume,0,0,0,14317,0,14317
1769878263,60,39,0,23,0,23,low_activity,0,10876,0,10876,low_activity,1.0,12053,0,12053,ok_volume,23,0,23,14340,0,14340
1769878264,60,39,0,23,0,23,low_activity,0,23,0,23,low_activity,1.0,12053,0,12053,ok_volume,0,0,0,14340,0,14340
1769878265,60,39,0,23,0,23,low_activity,0,23,0,23,low_activity,1.0,12053,0,12053,ok_volume,0,0,0,14340,0,14340
1769878266,60,39,0,0,0,0,no_volume,0,23,0,23,low_activity,1.0,12053,0,12053,ok_volume,0,0,0,14277,0,14277
1769878267,60,39,0,23,0,23,low_activity,0,46,0,46,low_activity,1.0,12076,0,12076,ok_volume,23,0,23,14300,0,14300
1769878268,60,39,0,380,0,380,low_activity,0,380,0,380,low_activity,1.0,12433,0,12433,ok_volume,357,0,357,14617,0,14617
1769878269,60,39,0,380,0,380,low_activity,0,380,0,380,low_activity,1.0,12433,0,12433,ok_volume,0,0,0,14617,0,14617
1769878270,60,39,0,357,0,357,low_activity,0,380,0,380,low_activity,1.0,12433,0,12433,ok_volume,0,0,0,14617,0,14617
1769878271,60,39,0,98,0,98,low_activity,0,478,0,478,low_activity,1.0,12531,0,12531,ok_volume,99,0,99,14716,0,14716
1769878272,60,39,0,98,0,98,low_activity,0,455,0,455,low_activity,1.0,12531,0,12531,ok_volume,1,0,1,14109,0,14109
1769878273,60,39,0,98,0,98,low_activity,0,98,0,98,low_activity,1.0,12458,0,12458,ok_volume,0,0,0,14108,0,14108
1769878274,60,39,0,134,0,134,low_activity,0,232,0,232,low_activity,1.0,12592,0,12592,ok_volume,134,0,134,14227,0,14227
1769878275,60,39,0,134,0,134,low_activity,0,232,0,232,low_activity,1.0,12559,0,12559,ok_volume,0,0,0,14227,0,14227
1769878276,60,39,0,176,0,176,low_activity,0,176,0,176,low_activity,1.0,12601,0,12601,ok_volume,42,0,42,14269,0,14269
1769878277,60,39,0,73,0,73,low_activity,0,207,0,207,low_activity,1.0,12632,0,12632,ok_volume,31,0,31,14300,0,14300
1769878278,60,39,0,73,0,73,low_activity,0,207,0,207,low_activity,1.0,12612,0,12612,ok_volume,0,0,0,13902,0,13902
1769878279,60,39,0,31,0,31,low_activity,0,73,0,73,low_activity,1.0,12255,0,12255,ok_volume,0,0,0,13902,0,13902
1769878280,60,39,0,0,0,0,no_volume,0,73,0,73,low_activity,1.0,12016,0,12016,ok_volume,0,0,0,13902,0,13902
1769878281,60,39,0,0,0,0,no_volume,0,31,0,31,low_activity,1.0,12016,0,12016,ok_volume,0,0,0,13895,0,13895
1769878282,60,39,0,31,0,31,low_activity,0,31,0,31,low_activity,1.0,12047,0,12047,ok_volume,31,0,31,13926,0,13926
1769878283,60,39,0,31,0,31,low_activity,0,31,0,31,low_activity,1.0,11651,0,11651,ok_volume,0,0,0,13807,0,13807
1769878284,60,39,0,136,0,136,low_activity,0,136,0,136,low_activity,1.0,11715,0,11715,ok_volume,105,0,105,13912,0,13912
1769878285,60,39,0,105,0,105,low_activity,0,136,0,136,low_activity,1.0,11715,0,11715,ok_volume,0,0,0,13453,0,13453
1769878286,60,39,0,105,0,105,low_activity,0,136,0,136,low_activity,1.0,11715,0,11715,ok_volume,0,0,0,13453,0,13453
1769878287,60,39,0,0,0,0,low_activity,0,105,0,105,low_activity,1.0,11697,0,11697,ok_volume,3,0,3,13456,0,13456
1769878288,60,39,0,54,0,54,low_activity,0,159,0,159,low_activity,1.0,11751,0,11751,ok_volume,54,0,54,13510,0,13510
1769878289,60,39,0,54,0,54,low_activity,0,54,0,54,low_activity,1.0,898,0,898,ok_volume,0,0,0,13119,0,13119
1769878290,60,39,0,333,0,333,low_activity,0,333,0,333,low_activity,1.0,1177,0,1177,ok_volume,0,0,0,13314,0,13314
1769878291,60,39,0,339,0,339,low_activity,0,393,0,393,low_activity,1.0,1237,0,1237,ok_volume,60,0,60,13281,0,13281
1769878292,60,39,0,60,0,60,low_activity,0,393,0,393,low_activity,1.0,1237,0,1237,ok_volume,0,0,0,13281,0,13281
1769878293,60,39,0,60,0,60,low_activity,0,339,0,339,low_activity,1.0,1214,0,1214,ok_volume,0,0,0,13281,0,13281
1769878294,60,39,0,2158,0,2158,low_activity,0,2218,0,2218,low_activity,1.0,3372,0,3372,ok_volume,2158,0,2158,15439,0,15439
1769878295,60,39,0,2158,0,2158,low_activity,0,2218,0,2218,low_activity,1.0,3372,0,3372,ok_volume,0,0,0,15439,0,15439
1769878296,60,39,0,2436,0,2436,low_activity,0,2436,0,2436,low_activity,1.0,3650,0,3650,ok_volume,278,0,278,15715,0,15715
1769878297,60,39,0,278,0,278,low_activity,0,2436,0,2436,low_activity,1.0,3627,0,3627,ok_volume,0,0,0,15715,0,15715
1769878298,60,39,0,278,0,278,low_activity,0,2436,0,2436,low_activity,1.0,3270,0,3270,ok_volume,0,0,0,15715,0,15715
1769878299,60,39,0,10,0,10,low_activity,0,288,0,288,low_activity,1.0,3280,0,3280,ok_volume,10,0,10,15725,0,15725
1769878300,60,39,0,168,0,168,low_activity,0,446,0,446,low_activity,1.0,3438,0,3438,ok_volume,158,0,158,15883,0,15883
1769878301,60,39,0,168,0,168,low_activity,0,168,0,168,low_activity,1.0,3340,0,3340,ok_volume,0,0,0,15883,0,15883
1769878302,60,39,0,237,0,237,low_activity,0,247,0,247,low_activity,1.0,3419,0,3419,ok_volume,79,0,79,15955,0,15955
1769878303,60,39,0,79,0,79,low_activity,0,247,0,247,low_activity,1.0,3419,0,3419,ok_volume,0,0,0,15882,0,15882
1769878304,60,39,0,79,0,79,low_activity,0,237,0,237,low_activity,1.0,3285,0,3285,ok_volume,0,0,0,15882,0,15882
1769878305,60,39,0,0,0,0,no_volume,0,79,0,79,low_activity,1.0,3285,0,3285,ok_volume,0,0,0,15849,0,15849
1769878306,60,39,0,0,0,0,no_volume,0,79,0,79,low_activity,1.0,3243,0,3243,ok_volume,0,0,0,15849,0,15849
1769878307,60,39,0,0,0,0,no_volume,0,0,0,0,no_volume,1.0,3212,0,3212,ok_volume,0,0,0,15849,0,15849
1769878308,60,39,0,0,0,0,no_volume,0,0,0,0,no_volume,1.0,3212,0,3212,ok_volume,0,0,0,15829,0,15829
1769878309,60,39,0,31,0,31,low_activity,0,31,0,31,low_activity,1.0,3243,0,3243,ok_volume,31,0,31,15503,0,15503
1769878310,60,39,0,31,0,31,low_activity,0,31,0,31,low_activity,1.0,3243,0,3243,ok_volume,0,0,0,15264,0,15264
1769878311,60,39,0,48,0,48,low_activity,0,48,0,48,low_activity,1.0,3260,0,3260,ok_volume,17,0,17,15281,0,15281
1769878312,60,39,0,17,0,17,low_activity,0,48,0,48,low_activity,1.0,3229,0,3229,ok_volume,0,0,0,15281,0,15281
1769878313,60,39,0,431,0,431,low_activity,0,462,0,462,low_activity,1.0,3643,0,3643,ok_volume,415,0,415,15300,0,15300
1769878314,60,39,0,782,0,782,low_activity,0,799,0,799,low_activity,1.0,3906,0,3906,ok_volume,368,0,368,15627,0,15627
1769878315,60,39,0,782,0,782,low_activity,0,799,0,799,low_activity,1.0,3906,0,3906,ok_volume,0,0,0,15627,0,15627
1769878316,60,39,0,368,0,368,low_activity,0,782,0,782,low_activity,1.0,3906,0,3906,ok_volume,3,0,3,15630,0,15630
1769878317,60,39,0,0,0,0,low_activity,0,782,0,782,low_activity,1.0,3906,0,3906,ok_volume,0,0,0,15612,0,15612
1769878318,60,39,0,20,0,20,low_activity,0,388,0,388,low_activity,1.0,3872,0,3872,ok_volume,20,0,20,15632,0,15632
1769878319,60,39,0,108,0,108,low_activity,0,108,0,108,low_activity,1.0,3681,0,3681,ok_volume,88,0,88,4867,0,4867
1769878320,60,39,0,108,0,108,low_activity,0,108,0,108,low_activity,1.0,3681,0,3681,ok_volume,0,0,0,4867,0,4867
1769878321,60,39,0,120,0,120,low_activity,0,140,0,140,low_activity,1.0,3653,0,3653,ok_volume,32,0,32,4899,0,4899
1769878322,60,39,0,433,0,433,low_activity,1.0,541,0,541,ok_volume,1.0,4054,0,4054,ok_volume,242,0,242,5300,0,5300
1769878323,60,39,0,433,0,433,low_activity,0,521,0,521,low_activity,1.0,4054,0,4054,ok_volume,0,0,0,5277,0,5277
1769878324,60,39,0,242,0,242,low_activity,0,433,0,433,low_activity,1.0,1896,0,1896,ok_volume,0,0,0,5277,0,5277
1769878325,60,39,0,0,0,0,no_volume,0,433,0,433,low_activity,1.0,1896,0,1896,ok_volume,0,0,0,5277,0,5277
1769878326,60,39,0,0,0,0,no_volume,0,242,0,242,low_activity,1.0,1618,0,1618,ok_volume,0,0,0,5277,0,5277
1769878327,60,39,0,15,0,15,low_activity,0,15,0,15,low_activity,1.0,1633,0,1633,ok_volume,15,0,15,5269,0,5269
1769878328,60,39,0,160,0,160,low_total_volume,0,160,0,160,low_total_volume,1.0,1778,0,1778,ok_volume,145,0,145,5057,0,5057
1769878329,60,39,0,160,0,160,low_total_volume,0,160,0,160,low_total_volume,1.0,1768,0,1768,ok_volume,0,0,0,5057,0,5057
1769878330,60,39,0,145,0,145,low_activity,0,160,0,160,low_total_volume,1.0,1610,0,1610,ok_volume,0,0,0,5057,0,5057
1769878331,60,39,0,319,0,319,low_activity,1.0,479,0,479,ok_volume,1.0,1929,0,1929,ok_volume,319,0,319,5277,0,5277
1769878332,60,39,0,419,48,467,low_activity,0.843,564,48,612,ok_volume,0.952,1950,48,1998,ok_volume,100,48,148,5376,48,5424
1769878333,60,39,0,419,48,467,low_activity,0,419,48,467,low_activity,0.952,1950,48,1998,ok_volume,0,0,0,5376,48,5424
1769878334,60,39,0,100,48,148,low_activity,0,419,48,467,low_activity,0.952,1950,48,1998,ok_volume,0,0,0,5242,48,5290
1769878335,60,39,0,0,0,0,no_volume,0,419,48,467,low_activity,0.952,1950,48,1998,ok_volume,0,0,0,5242,48,5290
1769878336,60,39,0,321,0,321,low_activity,0,421,48,469,low_activity,0.959,2271,48,2319,ok_volume,321,0,321,5521,48,5569
1769878337,60,39,0,321,0,321,low_activity,0,321,0,321,low_activity,0.959,2271,48,2319,ok_volume,7,0,7,5497,48,5545
1769878338,60,39,0,321,0,321,low_activity,0,321,0,321,low_activity,0.959,2271,48,2319,ok_volume,0,0,0,5497,48,5545
1769878339,60,39,0,270,0,270,low_activity,0,591,0,591,low_activity,0.962,2510,48,2558,ok_volume,271,0,271,5775,48,5823
1769878340,60,39,0,270,0,270,low_activity,0,591,0,591,low_activity,0.962,2510,48,2558,ok_volume,0,0,0,5775,48,5823
1769878341,60,39,0,386,0,386,low_activity,0,386,0,386,low_activity,0.964,2609,48,2657,ok_volume,123,0,123,5898,48,5946
1769878342,60,39,0,116,0,116,low_activity,0,386,0,386,low_activity,0.964,2609,48,2657,ok_volume,0,0,0,5867,48,5915
1769878343,60,39,0,116,0,116,low_activity,0,386,0,386,low_activity,0.957,2195,48,2243,ok_volume,0,0,0,5868,48,5916
1769878344,60,39,0,177,0,177,low_activity,0,293,0,293,low_total_volume,0.953,2004,48,2052,ok_volume,177,0,177,5940,48,5988
1769878345,60,39,0,177,0,177,low_activity,0,293,0,293,low_total_volume,0.953,2004,48,2052,ok_volume,0,0,0,5940,48,5988
1769878346,60,39,1.0,431,0,431,ok_volume,1.0,431,0,431,ok_volume,0.958,2258,48,2306,ok_volume,239,0,239,6194,48,6242
1769878347,60,39,0,254,0,254,low_activity,1.0,431,0,431,ok_volume,0.958,2258,48,2306,ok_volume,0,0,0,6191,48,6239
1769878348,60,39,0,239,0,239,low_activity,1.0,431,0,431,ok_volume,0.958,2238,48,2286,ok_volume,0,0,0,6137,48,6185
1769878349,60,39,0,0,0,0,no_volume,0,254,0,254,low_activity,0.956,2150,48,2198,ok_volume,0,0,0,5858,48,5906
1769878350,60,39,0,0,0,0,no_volume,0,239,0,239,low_activity,0.956,2150,48,2198,ok_volume,0,0,0,5858,48,5906
1769878351,60,39,0,500,0,500,low_activity,0,500,0,500,low_activity,0.962,2459,48,2507,ok_volume,500,0,500,6298,48,6346
1769878352,60,39,0,528,0,528,low_activity,0,528,0,528,low_activity,0.958,2245,48,2293,ok_volume,28,0,28,6326,48,6374
1769878353,60,39,0,618,0,618,low_activity,0,618,0,618,low_activity,0.96,2335,48,2383,ok_volume,90,0,90,6416,48,6464
1769878354,60,39,0,1148,0,1148,low_activity,1.0,1648,0,1648,ok_volume,0.972,3365,48,3413,ok_volume,1030,0,1030,5288,48,5336
1769878355,60,39,0,1120,0,1120,low_activity,1.0,1648,0,1648,ok_volume,0.972,3365,48,3413,ok_volume,0,0,0,5288,48,5336
1769878356,60,39,0,1155,0,1155,low_activity,1.0,1273,0,1273,ok_volume,0.973,3490,48,3538,ok_volume,54,0,54,5135,48,5183
1769878357,60,39,0,125,0,125,low_activity,1.0,1245,0,1245,ok_volume,0.973,3475,48,3523,ok_volume,0,0,0,5135,48,5183
1769878358,60,39,0,54,0,54,low_activity,0,1155,0,1155,low_activity,0.972,3330,48,3378,ok_volume,0,0,0,5135,48,5183
1769878359,60,39,0,0,0,0,no_volume,0,125,0,125,low_activity,0.972,3330,48,3378,ok_volume,0,0,0,5125,48,5173
1769878360,60,39,0,0,0,0,no_volume,0,54,0,54,low_activity,0.972,3330,48,3378,ok_volume,0,0,0,4967,48,5015
1769878361,60,39,0,51,0,51,low_activity,0,51,0,51,low_activity,0.969,3062,48,3110,ok_volume,58,0,58,5025,48,5073
1769878362,60,39,0,316,0,316,low_activity,0,316,0,316,low_activity,1.0,3227,0,3227,ok_volume,265,0,265,5211,48,5259
1769878363,60,39,0,316,0,316,low_activity,0,316,0,316,low_activity,1.0,3227,0,3227,ok_volume,0,0,0,5211,48,5259
1769878364,60,39,0,265,0,265,low_activity,0,316,0,316,low_activity,1.0,3227,0,3227,ok_volume,9,0,9,5220,48,5268
1769878365,60,39,0,189,0,189,low_activity,0,505,0,505,low_activity,1.0,3416,0,3416,ok_volume,189,0,189,5409,48,5457
1769878366,60,39,0,223,0,223,low_activity,0,488,0,488,low_activity,1.0,3129,0,3129,ok_volume,0,0,0,5443,48,5491
1769878367,60,39,0,223,0,223,low_activity,0,223,0,223,low_activity,1.0,3129,0,3129,ok_volume,0,0,0,5443,48,5491
1769878368,60,39,0,0,0,0,no_volume,0,223,0,223,low_activity,1.0,3129,0,3129,ok_volume,0,0,0,5443,48,5491
1769878369,60,39,0,0,0,0,low_activity,0,223,0,223,low_activity,1.0,2859,0,2859,ok_volume,7,0,7,5419,48,5467
1769878370,60,39,0,0,0,0,low_activity,0,0,0,0,low_activity,1.0,2859,0,2859,ok_volume,8,0,8,5427,48,5475
1769878371,60,39,0,317,0,317,low_activity,0,317,0,317,low_activity,1.0,3060,0,3060,ok_volume,317,0,317,5727,48,5775
1769878372,60,39,0,347,0,347,low_activity,0,347,0,347,low_activity,1.0,3090,0,3090,ok_volume,30,0,30,5757,48,5805
1769878373,60,39,0,347,0,347,low_activity,0,347,0,347,low_activity,1.0,3090,0,3090,ok_volume,0,0,0,5342,48,5390
1769878374,60,39,0,30,0,30,low_activity,0,347,0,347,low_activity,1.0,2913,0,2913,ok_volume,0,0,0,4974,48,5022
1769878375,60,39,0,80,0,80,low_activity,0,427,0,427,low_activity,1.0,2978,0,2978,ok_volume,80,0,80,5054,48,5102
1769878376,60,39,0,95,0,95,low_activity,0,125,0,125,low_activity,1.0,2754,0,2754,ok_volume,20,0,20,5071,48,5119
1769878377,60,39,0,95,0,95,low_activity,0,95,0,95,low_activity,1.0,2754,0,2754,ok_volume,0,0,0,5071,48,5119
1769878378,60,39,0,15,0,15,low_activity,0,95,0,95,low_activity,1.0,2754,0,2754,ok_volume,0,0,0,5051,48,5099
1769878379,60,39,0,0,0,0,no_volume,0,95,0,95,low_activity,1.0,2754,0,2754,ok_volume,0,0,0,4963,48,5011
1769878380,60,39,0,0,0,0,low_activity,0,15,0,15,low_activity,1.0,2754,0,2754,ok_volume,1,0,1,4964,48,5012
1769878381,60,39,0,62,0,62,low_activity,0,62,0,62,low_activity,1.0,2316,0,2316,ok_volume,62,0,62,4835,48,4883
1769878382,60,39,0,62,0,62,low_activity,0,62,0,62,low_activity,1.0,2288,0,2288,ok_volume,0,0,0,4593,48,4641
1769878383,60,39,0,62,0,62,low_activity,0,62,0,62,low_activity,1.0,2198,0,2198,ok_volume,0,0,0,4593,48,4641
1769878384,60,39,0,0,0,0,no_volume,0,62,0,62,low_activity,1.0,1168,0,1168,ok_volume,0,0,0,4593,48,4641
1769878385,60,39,0,0,0,0,no_volume,0,62,0,62,low_activity,1.0,1097,0,1097,ok_volume,0,0,0,4593,48,4641
1769878386,60,39,0,0,0,0,low_activity,0,0,0,0,low_activity,1.0,1043,0,1043,ok_volume,7,0,7,4600,48,4648
1769878387,60,39,0,0,0,0,low_activity,0,0,0,0,low_activity,1.0,1043,0,1043,ok_volume,0,0,0,4585,48,4633
1769878388,60,39,0,10111,0,10111,low_activity,0,10111,0,10111,low_activity,1.0,11154,0,11154,ok_volume,10111,0,10111,14551,48,14599
1769878389,60,39,0,10132,0,10132,low_activity,0,10132,0,10132,low_activity,1.0,11175,0,11175,ok_volume,23,0,23,14574,48,14622
1769878390,60,39,0,10132,0,10132,low_activity,0,10132,0,10132,low_activity,1.0,11175,0,11175,ok_volume,0,0,0,14574,48,14622
1769878391,60,39,0,20655,0,20655,low_activity,1.0,30766,0,30766,ok_volume,1.0,31758,0,31758,ok_volume,20634,0,20634,34889,48,34937
1769878392,60,39,0,20673,0,20673,low_activity,1.0,30805,0,30805,ok_volume,1.0,31532,0,31532,ok_volume,46,0,46,34835,0,34835
1769878393,60,39,0,20673,0,20673,low_activity,0,20694,0,20694,low_activity,1.0,31532,0,31532,ok_volume,4,0,4,34839,0,34839
1769878394,60,39,0,1308,0,1308,low_activity,0,21942,0,21942,low_activity,1.0,32801,0,32801,ok_volume,1269,0,1269,36108,0,36108
1769878395,60,39,0,1269,0,1269,low_activity,0,21942,0,21942,low_activity,1.0,32578,0,32578,ok_volume,0,0,0,36108,0,36108
1769878396,60,39,0,1347,0,1347,low_activity,0,1386,0,1386,low_activity,1.0,32656,0,32656,ok_volume,78,0,78,35865,0,35865
1769878397,60,39,0,108,0,108,low_activity,1.0,1377,0,1377,ok_volume,1.0,32686,0,32686,ok_volume,15,0,15,35888,0,35888
1769878398,60,39,0,108,0,108,low_activity,1.0,1377,0,1377,ok_volume,1.0,32686,0,32686,ok_volume,0,0,0,35881,0,35881
1769878399,60,39,0,15,0,15,low_activity,0,108,0,108,low_activity,1.0,32686,0,32686,ok_volume,0,0,0,35610,0,35610
1769878400,60,39,0,322,0,322,low_activity,1.0,430,0,430,ok_volume,1.0,33008,0,33008,ok_volume,322,0,322,35932,0,35932
1769878401,60,39,0,322,0,322,low_activity,0,337,0,337,low_activity,1.0,32691,0,32691,ok_volume,0,0,0,35809,0,35809
1769878402,60,39,0,361,0,361,low_activity,0,361,0,361,low_activity,1.0,32700,0,32700,ok_volume,39,0,39,35847,0,35847
1769878403,60,39,0,39,0,39,low_activity,0,361,0,361,low_activity,1.0,32700,0,32700,ok_volume,0,0,0,35847,0,35847
1769878404,60,39,0,39,0,39,low_activity,0,361,0,361,low_activity,1.0,32700,0,32700,ok_volume,0,0,0,35670,0,35670
1769878405,60,39,0,104,0,104,low_activity,0,143,0,143,low_activity,1.0,32724,0,32724,ok_volume,104,0,104,35759,0,35759
1769878406,60,39,0,104,0,104,low_activity,0,143,0,143,low_activity,1.0,32709,0,32709,ok_volume,0,0,0,35520,0,35520
1769878407,60,39,0,104,0,104,low_activity,0,104,0,104,low_activity,1.0,32709,0,32709,ok_volume,5,0,5,35525,0,35525
1769878408,60,39,0,6428,0,6428,low_activity,0,6532,0,6532,low_activity,1.0,39137,0,39137,ok_volume,6428,0,6428,41953,0,41953
1769878409,60,39,0,6428,0,6428,low_activity,0,6532,0,6532,low_activity,1.0,39137,0,39137,ok_volume,0,0,0,41953,0,41953
1769878410,60,39,0,7221,0,7221,low_activity,0,7221,0,7221,low_activity,1.0,39930,0,39930,ok_volume,793,0,793,42746,0,42746
1769878411,60,39,0,793,0,793,low_activity,0,7221,0,7221,low_activity,1.0,39868,0,39868,ok_volume,0,0,0,42246,0,42246
1769878412,60,39,0,793,0,793,low_activity,0,7221,0,7221,low_activity,1.0,39868,0,39868,ok_volume,8,0,8,42226,0,42226
1769878413,60,39,0,15,0,15,low_activity,0,808,0,808,low_activity,1.0,39883,0,39883,ok_volume,22,0,22,42158,0,42158
1769878414,60,39,0,403,0,403,low_activity,0,1196,0,1196,low_activity,1.0,40271,0,40271,ok_volume,388,0,388,41516,0,41516
1769878415,60,39,0,1403,0,1403,low_activity,0,1403,0,1403,low_activity,1.0,41271,0,41271,ok_volume,1000,0,1000,42445,0,42445
1769878416,60,39,0,1388,0,1388,low_activity,0,1403,0,1403,low_activity,1.0,41271,0,41271,ok_volume,3,0,3,42394,0,42394
1769878417,60,39,0,1000,0,1000,low_activity,0,1403,0,1403,low_activity,1.0,41271,0,41271,ok_volume,0,0,0,42394,0,42394
1769878418,60,39,0,489,0,489,low_activity,1.0,1877,0,1877,ok_volume,1.0,31649,0,31649,ok_volume,489,0,489,42883,0,42883
1769878419,60,39,0,489,0,489,low_activity,0,1489,0,1489,low_activity,1.0,31628,0,31628,ok_volume,0,0,0,42883,0,42883
1769878420,60,39,0,489,0,489,low_activity,0,489,0,489,low_activity,1.0,31628,0,31628,ok_volume,0,0,0,42888,0,42888
1769878421,60,39,0,16,0,16,low_activity,0,505,0,505,low_activity,1.0,11010,0,11010,ok_volume,19,0,19,42849,0,42849
1769878422,60,39,0,47,0,47,low_activity,0,536,0,536,low_activity,1.0,11002,0,11002,ok_volume,31,0,31,42615,0,42615
1769878423,60,39,0,285,0,285,low_activity,0,285,0,285,low_activity,1.0,11240,0,11240,ok_volume,238,0,238,42853,0,42853
1769878424,60,39,0,269,0,269,low_activity,0,285,0,285,low_activity,1.0,9971,0,9971,ok_volume,0,0,0,42844,0,42844
1769878425,60,39,0,706,0,706,low_activity,0,753,0,753,low_activity,1.0,10439,0,10439,ok_volume,468,0,468,43089,0,43089
1769878426,60,39,0,547,0,547,low_activity,0,816,0,816,low_activity,1.0,10425,0,10425,ok_volume,79,0,79,43168,0,43168
1769878427,60,39,0,547,0,547,low_activity,0,785,0,785,low_activity,1.0,10410,0,10410,ok_volume,0,0,0,43168,0,43168
1769878428,60,39,0,79,0,79,low_activity,0,547,0,547,low_activity,1.0,10410,0,10410,ok_volume,0,0,0,43168,0,43168
1769878429,60,39,0,0,0,0,no_volume,0,547,0,547,low_activity,1.0,10410,0,10410,ok_volume,0,0,0,43161,0,43161
1769878430,60,39,0,382,0,382,low_activity,0,461,0,461,low_activity,1.0,10470,0,10470,ok_volume,382,0,382,43535,0,43535
1769878431,60,39,0,382,0,382,low_activity,0,382,0,382,low_activity,1.0,10470,0,10470,ok_volume,0,0,0,43218,0,43218
1769878432,60,39,0,413,0,413,low_activity,0,413,0,413,low_activity,1.0,10462,0,10462,ok_volume,31,0,31,43219,0,43219
1769878433,60,39,0,359,0,359,low_activity,0,741,0,741,low_activity,1.0,10790,0,10790,ok_volume,328,0,328,43547,0,43547
1769878434,60,39,0,515,0,515,low_activity,0,897,0,897,low_activity,1.0,10946,0,10946,ok_volume,156,0,156,43703,0,43703
1769878435,60,39,0,484,0,484,low_activity,0,515,0,515,low_activity,1.0,10842,0,10842,ok_volume,0,0,0,43623,0,43623
1769878436,60,39,0,156,0,156,low_activity,0,515,0,515,low_activity,1.0,10842,0,10842,ok_volume,0,0,0,43603,0,43603
1769878437,60,39,0,63,0,63,low_activity,0,547,0,547,low_activity,1.0,10905,0,10905,ok_volume,63,0,63,43666,0,43666
1769878438,60,39,0,63,0,63,low_activity,0,219,0,219,low_activity,1.0,4477,0,4477,ok_volume,0,0,0,43666,0,43666
1769878439,60,39,0,73,0,73,low_activity,0,73,0,73,low_activity,1.0,4487,0,4487,ok_volume,10,0,10,43676,0,43676
1769878440,60,39,0,10,0,10,low_activity,0,73,0,73,low_activity,1.0,3694,0,3694,ok_volume,0,0,0,43675,0,43675
1769878441,60,39,0,672,0,672,low_activity,1.0,735,0,735,ok_volume,1.0,4356,0,4356,ok_volume,662,0,662,44275,0,44275
1769878442,60,39,0,2257,0,2257,low_activity,1.0,2267,0,2267,ok_volume,1.0,5951,0,5951,ok_volume,1595,0,1595,45870,0,45870
1769878443,60,39,0,2257,0,2257,low_activity,1.0,2267,0,2267,ok_volume,1.0,5936,0,5936,ok_volume,0,0,0,45870,0,45870
1769878444,60,39,0,1595,0,1595,low_activity,0,2257,0,2257,low_activity,1.0,5548,0,5548,ok_volume,0,0,0,45870,0,45870
1769878445,60,39,0,0,0,0,no_volume,0,2257,0,2257,low_activity,1.0,4548,0,4548,ok_volume,0,0,0,45870,0,45870
1769878446,60,39,0,0,0,0,low_activity,0,1595,0,1595,low_activity,1.0,4548,0,4548,ok_volume,1,0,1,45864,0,45864
1769878447,60,39,0,0,0,0,low_activity,0,0,0,0,low_activity,1.0,4548,0,4548,ok_volume,0,0,0,45864,0,45864
1769878448,60,39,0,0,0,0,low_activity,0,0,0,0,low_activity,1.0,4059,0,4059,ok_volume,0,0,0,35753,0,35753
1769878449,60,39,0,0,0,0,no_volume,0,0,0,0,low_activity,1.0,4059,0,4059,ok_volume,0,0,0,35730,0,35730
1769878450,60,39,0,0,0,0,no_volume,0,0,0,0,low_activity,1.0,4059,0,4059,ok_volume,0,0,0,35730,0,35730
1769878451,60,39,0,0,0,0,no_volume,0,0,0,0,no_volume,1.0,4043,0,4043,ok_volume,0,0,0,15096,0,15096
1769878452,60,39,0,72,0,72,low_activity,0,72,0,72,low_activity,1.0,4084,0,4084,ok_volume,72,0,72,15122,0,15122
1769878453,60,39,0,72,0,72,low_activity,0,72,0,72,low_activity,1.0,3846,0,3846,ok_volume,0,0,0,15118,0,15118
1769878454,60,39,0,142,0,142,low_activity,0,142,0,142,low_activity,1.0,3916,0,3916,ok_volume,70,0,70,13919,0,13919
1769878455,60,39,0,70,0,70,low_activity,0,142,0,142,low_activity,1.0,3448,0,3448,ok_volume,0,0,0,13919,0,13919
1769878456,60,39,0,70,0,70,low_activity,0,142,0,142,low_activity,1.0,3369,0,3369,ok_volume,0,0,0,13826,0,13826
1769878457,60,39,0,957,0,957,low_activity,0,1027,0,1027,low_activity,1.0,4326,0,4326,ok_volume,957,0,957,14768,0,14768
1769878458,60,39,0,957,0,957,low_activity,0,1027,0,1027,low_activity,1.0,4326,0,4326,ok_volume,0,0,0,14768,0,14768
1769878459,60,39,0,957,0,957,low_activity,0,957,0,957,low_activity,1.0,4326,0,4326,ok_volume,1,0,1,14769,0,14769
1769878460,60,39,0,0,0,0,low_activity,0,957,0,957,low_activity,1.0,3944,0,3944,ok_volume,0,0,0,14447,0,14447
1769878461,60,39,0,156,0,156,low_activity,0,1113,0,1113,low_activity,1.0,4100,0,4100,ok_volume,163,0,163,14610,0,14610
1769878462,60,39,0,156,0,156,low_activity,0,156,0,156,low_activity,1.0,4069,0,4069,ok_volume,0,0,0,14571,0,14571
1769878463,60,39,0,170,0,170,low_activity,0,170,0,170,low_activity,1.0,3755,0,3755,ok_volume,14,0,14,14585,0,14585
1769878464,60,39,0,14,0,14,low_activity,0,170,0,170,low_activity,1.0,3599,0,3599,ok_volume,0,0,0,14585,0,14585
1769878465,60,39,0,14,0,14,low_activity,0,170,0,170,low_activity,1.0,3599,0,3599,ok_volume,0,0,0,14481,0,14481
1769878466,60,39,0,0,0,0,no_volume,0,14,0,14,low_activity,1.0,3599,0,3599,ok_volume,0,0,0,14481,0,14481
1769878467,60,39,0,0,0,0,no_volume,0,14,0,14,low_activity,1.0,3536,0,3536,ok_volume,0,0,0,14476,0,14476
1769878468,60,39,0,50,0,50,low_activity,0,50,0,50,low_activity,1.0,3586,0,3586,ok_volume,50,0,50,8098,0,8098
1769878469,60,39,0,80,0,80,low_activity,0,80,0,80,low_activity,1.0,3606,0,3606,ok_volume,30,0,30,8128,0,8128
1769878470,60,39,0,80,0,80,low_activity,0,80,0,80,low_activity,1.0,3606,0,3606,ok_volume,0,0,0,7335,0,7335
1769878471,60,39,0,30,0,30,low_activity,0,80,0,80,low_activity,1.0,2944,0,2944,ok_volume,0,0,0,7335,0,7335
1769878472,60,39,0,0,0,0,no_volume,0,80,0,80,low_activity,1.0,1349,0,1349,ok_volume,0,0,0,7327,0,7327
1769878473,60,39,0,1117,0,1117,low_activity,0,1147,0,1147,low_activity,1.0,2466,0,2466,ok_volume,1117,0,1117,8422,0,8422
1769878474,60,39,0,1529,0,1529,low_activity,0,1529,0,1529,low_activity,1.0,2878,0,2878,ok_volume,412,0,412,8446,0,8446
1769878475,60,39,0,1557,0,1557,low_activity,0,1557,0,1557,low_activity,1.0,2906,0,2906,ok_volume,28,0,28,7474,0,7474
1769878476,60,39,0,450,0,450,low_activity,0,1567,0,1567,low_activity,1.0,2916,0,2916,ok_volume,10,0,10,7481,0,7481
1769878477,60,39,0,53,0,53,low_activity,1.0,1582,0,1582,ok_volume,1.0,2931,0,2931,ok_volume,15,0,15,7496,0,7496
1769878478,60,39,0,276,0,276,low_activity,1.0,716,0,716,ok_volume,1.0,3182,0,3182,ok_volume,251,0,251,7258,0,7258
1769878479,60,39,0,266,0,266,low_activity,1.0,304,0,304,ok_volume,1.0,3182,0,3182,ok_volume,0,0,0,7253,0,7253
1769878480,60,39,0,251,0,251,low_activity,0,276,0,276,low_activity,1.0,3182,0,3182,ok_volume,0,0,0,7253,0,7253
1769878481,60,39,0,0,0,0,no_volume,0,266,0,266,low_activity,1.0,3182,0,3182,ok_volume,0,0,0,7234,0,7234
1769878482,60,39,0,0,0,0,no_volume,0,251,0,251,low_activity,1.0,3110,0,3110,ok_volume,0,0,0,7203,0,7203
1769878483,60,39,0,0,0,0,no_volume,0,0,0,0,no_volume,1.0,3110,0,3110,ok_volume,0,0,0,6965,0,6965
1769878484,60,39,0,2539,0,2539,low_activity,0,2539,0,2539,low_activity,1.0,5579,0,5579,ok_volume,2539,0,2539,9504,0,9504
1769878485,60,39,0,2539,0,2539,low_activity,0,2539,0,2539,low_activity,1.0,5579,0,5579,ok_volume,0,0,0,9036,0,9036
1769878486,60,39,0,2539,0,2539,low_activity,0,2539,0,2539,low_activity,1.0,5579,0,5579,ok_volume,0,0,0,8957,0,8957
1769878487,60,39,0,0,0,0,no_volume,0,2539,0,2539,low_activity,1.0,4622,0,4622,ok_volume,0,0,0,8957,0,8957
1769878488,60,39,0,0,0,0,no_volume,0,2539,0,2539,low_activity,1.0,4622,0,4622,ok_volume,0,0,0,8957,0,8957
1769878489,60,39,0,101,0,101,low_activity,0,101,0,101,low_activity,1.0,4723,0,4723,ok_volume,39,0,39,9058,0,9058
1769878490,60,39,0,141,0,141,low_activity,0,141,0,141,low_activity,1.0,4763,0,4763,ok_volume,40,0,40,8716,0,8716
1769878491,60,39,0,179,0,179,low_activity,0,241,0,241,low_activity,1.0,4707,0,4707,ok_volume,100,0,100,8816,0,8816
1769878492,60,39,0,140,0,140,low_activity,0,241,0,241,low_activity,1.0,4707,0,4707,ok_volume,0,0,0,8785,0,8785
1769878493,60,39,0,100,0,100,low_activity,0,179,0,179,low_activity,1.0,4693,0,4693,ok_volume,0,0,0,8457,0,8457
1769878494,60,39,0,0,0,0,no_volume,0,140,0,140,low_activity,1.0,4693,0,4693,ok_volume,0,0,0,8301,0,8301
1769878495,60,39,0,238,0,238,low_activity,0,338,0,338,low_activity,1.0,4931,0,4931,ok_volume,238,0,238,8539,0,8539
1769878496,60,39,0,238,0,238,low_activity,0,238,0,238,low_activity,1.0,4931,0,4931,ok_volume,0,0,0,8539,0,8539
1769878497,60,39,0,388,0,388,low_activity,0,388,0,388,low_activity,1.0,5081,0,5081,ok_volume,150,0,150,8626,0,8626
1769878498,60,39,0,150,0,150,low_activity,0,388,0,388,low_activity,1.0,5031,0,5031,ok_volume,0,0,0,8626,0,8626
1769878499,60,39,0,150,0,150,low_activity,0,388,0,388,low_activity,1.0,5001,0,5001,ok_volume,0,0,0,8616,0,8616
1769878500,60,39,0,0,0,0,low_activity,0,150,0,150,low_activity,1.0,5001,0,5001,ok_volume,1,0,1,8617,0,8617
1769878501,60,39,0,319,0,319,low_activity,0,469,0,469,low_activity,1.0,5320,0,5320,ok_volume,319,0,319,8274,0,8274
1769878502,60,39,0,344,0,344,low_activity,0,344,0,344,low_activity,1.0,5345,0,5345,ok_volume,25,0,25,6704,0,6704
1769878503,60,39,0,344,0,344,low_activity,0,344,0,344,low_activity,1.0,4228,0,4228,ok_volume,0,0,0,6704,0,6704
1769878504,60,39,0,25,0,25,low_activity,0,344,0,344,low_activity,1.0,3816,0,3816,ok_volume,0,0,0,6704,0,6704
1769878505,60,39,0,317,0,317,low_activity,0,661,0,661,low_activity,1.0,4105,0,4105,ok_volume,317,0,317,7021,0,7021
1769878506,60,39,0,317,0,317,low_activity,0,342,0,342,low_activity,1.0,4095,0,4095,ok_volume,0,0,0,7020,0,7020
1769878507,60,39,0,348,0,348,low_activity,0,348,0,348,low_activity,1.0,4111,0,4111,ok_volume,31,0,31,7051,0,7051
1769878508,60,39,0,81,0,81,low_activity,0,398,0,398,low_activity,1.0,3910,0,3910,ok_volume,50,0,50,7101,0,7101
1769878509,60,39,0,181,0,181,low_activity,0,498,0,498,low_activity,1.0,4010,0,4010,ok_volume,100,0,100,7204,0,7204
1769878510,60,39,0,164,0,164,low_activity,0,195,0,195,low_activity,1.0,4024,0,4024,ok_volume,14,0,14,7218,0,7218
1769878511,60,39,0,184,0,184,low_activity,0,265,0,265,low_total_volume,1.0,4094,0,4094,ok_volume,31,0,31,7288,0,7288
1769878512,60,39,0,99,0,99,low_activity,0,249,0,249,low_total_volume,1.0,4109,0,4109,ok_volume,15,0,15,7231,0,7231
1769878513,60,39,0,123,0,123,low_activity,0,276,0,276,low_total_volume,1.0,4186,0,4186,ok_volume,15,0,15,7308,0,7308
1769878514,60,39,0,115,0,115,low_activity,0,199,0,199,low_total_volume,1.0,1670,0,1670,ok_volume,23,0,23,7261,0,7261
1769878515,60,39,0,38,0,38,low_activity,0,146,0,146,low_total_volume,1.0,1670,0,1670,ok_volume,2,0,2,7263,0,7263
1769878516,60,39,0,66,0,66,low_activity,0,158,0,158,low_total_volume,1.0,1713,0,1713,ok_volume,43,0,43,7306,0,7306
1769878517,60,39,0,43,0,43,low_activity,0,81,0,81,low_activity,1.0,1713,0,1713,ok_volume,0,0,0,6349,0,6349
1769878518,60,39,0,53,0,53,low_activity,0,76,0,76,low_activity,1.0,1661,0,1661,ok_volume,10,0,10,6359,0,6359
1769878519,60,39,0,10,0,10,low_activity,0,53,0,53,low_activity,1.0,1622,0,1622,ok_volume,0,0,0,6358,0,6358
1769878520,60,39,0,113,0,113,low_activity,0,156,0,156,low_activity,1.0,1685,0,1685,ok_volume,103,0,103,6461,0,6461
1769878521,60,39,0,328,0,328,low_activity,0,338,0,338,low_activity,1.0,1810,0,1810,ok_volume,225,0,225,6523,0,6523
1769878522,59,39,-0.962,340,17662,18002,ok_volume,-0.961,350,17662,18012,ok_volume,-0.813,1822,17662,19484,ok_volume,12,17674,17686,6535,17674,24209
1769878523,59,39,-0.969,282,17662,17944,ok_volume,-0.957,385,17662,18047,ok_volume,-0.809,1867,17662,19529,ok_volume,45,0,45,6566,17674,24240
1769878524,59,39,-0.994,57,17662,17719,ok_volume,-0.957,385,17662,18047,ok_volume,-0.809,1867,17662,19529,ok_volume,0,0,0,6566,17674,24240
1769878525,59,39,0,45,0,45,low_activity,-0.969,282,17662,17944,ok_volume,-0.831,1629,17662,19291,ok_volume,0,0,0,6566,17674,24240
1769878526,59,39,0,15,0,15,low_activity,-0.992,72,17662,17734,ok_volume,-0.83,1644,17662,19306,ok_volume,15,0,15,6581,17674,24255
1769878527,59,39,0,15,0,15,low_activity,0,60,0,60,low_activity,-0.844,1494,17662,19156,ok_volume,0,0,0,6581,17674,24255
1769878528,59,39,0,15,0,15,low_activity,0,15,0,15,low_activity,-0.844,1494,17662,19156,ok_volume,0,0,0,6531,17674,24205
1769878529,59,39,0,1587,0,1587,low_activity,0,1602,0,1602,low_activity,-0.703,3081,17662,20743,ok_volume,1587,0,1587,8088,17674,25762
1769878530,59,39,0,1587,0,1587,low_activity,0,1602,0,1602,low_activity,-0.703,3081,17662,20743,ok_volume,0,0,0,8088,17674,25762
1769878531,59,39,0,1587,0,1587,low_activity,0,1587,0,1587,low_activity,-0.73,2762,17662,20424,ok_volume,0,0,0,8088,17674,25762
1769878532,59,39,0,0,0,0,no_volume,0,1587,0,1587,low_activity,-0.732,2737,17662,20399,ok_volume,0,0,0,8088,17674,25762
1769878533,59,39,0,33,0,33,low_activity,0,1620,0,1620,low_activity,-0.729,2770,17662,20432,ok_volume,33,0,33,7004,17674,24678
1769878534,59,39,0,33,0,33,low_activity,0,33,0,33,low_activity,-0.729,2770,17662,20432,ok_volume,0,0,0,6592,17674,24266
1769878535,59,39,0,33,0,33,low_activity,0,33,0,33,low_activity,-0.756,2453,17662,20115,ok_volume,8,0,8,6572,17674,24246
1769878536,59,39,0,0,0,0,low_activity,0,33,0,33,low_activity,-0.756,2453,17662,20115,ok_volume,2,0,2,6564,17674,24238
1769878537,59,39,0,156,0,156,low_activity,0,189,0,189,low_activity,-0.745,2578,17662,20240,ok_volume,156,0,156,6705,17674,24379
1769878538,59,39,0,355,0,355,low_activity,0,355,0,355,low_activity,-0.733,2727,17662,20389,ok_volume,200,0,200,6654,17674,24328
1769878539,59,39,0,355,0,355,low_activity,0,355,0,355,low_activity,-0.741,2627,17662,20289,ok_volume,0,0,0,6654,17674,24328
1769878540,60,39,0,720,0,720,low_activity,0,876,0,876,low_activity,-0.702,3095,17662,20757,ok_volume,521,0,521,7175,17674,24849
1769878541,60,39,0,2216,0,2216,low_activity,1.0,2571,0,2571,ok_volume,-0.575,4759,17662,22421,ok_volume,1695,0,1695,8870,17674,26544
1769878542,60,39,1.0,2316,0,2316,ok_volume,1.0,2515,0,2515,ok_volume,-0.574,4782,17662,22444,ok_volume,100,0,100,8970,17674,26644
1769878543,60,39,0,1795,0,1795,low_activity,1.0,2316,0,2316,ok_volume,-0.575,4767,17662,22429,ok_volume,0,0,0,8970,17674,26644
1769878544,60,39,0,100,0,100,low_activity,1.0,2316,0,2316,ok_volume,-0.577,4744,17662,22406,ok_volume,0,0,0,6431,17674,24105
1769878545,60,39,0,0,0,0,no_volume,0,1795,0,1795,low_activity,-0.577,4744,17662,22406,ok_volume,0,0,0,6431,17674,24105
1769878546,60,39,0,1703,0,1703,low_activity,0,1803,0,1803,low_activity,-0.468,6404,17662,24066,ok_volume,1703,0,1703,8134,17674,25808
1769878547,60,39,0,1829,0,1829,low_activity,0,1829,0,1829,low_activity,-0.46,6530,17662,24192,ok_volume,126,0,126,8260,17674,25934
1769878548,60,39,0,1829,0,1829,low_activity,0,1829,0,1829,low_activity,-0.461,6520,17662,24182,ok_volume,0,0,0,8198,17674,25872
1769878549,60,39,0,126,0,126,low_activity,0,1829,0,1829,low_activity,-0.461,6520,17662,24182,ok_volume,0,0,0,8159,17674,25833
1769878550,60,39,0,38,0,38,low_activity,0,1867,0,1867,low_activity,-0.465,6455,17662,24117,ok_volume,38,0,38,8157,17674,25831
1769878551,60,39,0,428,0,428,low_activity,0,554,0,554,low_activity,-0.455,6620,17662,24282,ok_volume,0,0,0,8447,17674,26121
1769878552,60,39,0,506,0,506,low_activity,0,506,0,506,low_activity,1.0,6686,0,6686,ok_volume,78,0,78,8525,17674,26199
1769878553,60,39,0,78,0,78,low_activity,0,506,0,506,low_activity,1.0,6641,0,6641,ok_volume,2,0,2,8527,17674,26201
1769878554,60,39,0,109,0,109,low_activity,1.0,537,0,537,ok_volume,1.0,6672,0,6672,ok_volume,31,0,31,8558,17674,26232
1769878555,60,39,0,4283,0,4283,low_activity,1.0,4361,0,4361,ok_volume,1.0,10924,0,10924,ok_volume,4252,0,4252,12572,17674,30246
1769878556,60,39,0,4283,0,4283,low_activity,1.0,4361,0,4361,ok_volume,1.0,10909,0,10909,ok_volume,0,0,0,12572,17674,30246
1769878557,60,39,0,4252,0,4252,low_activity,0,4283,0,4283,low_activity,1.0,10909,0,10909,ok_volume,0,0,0,12422,17674,30096
1769878558,60,39,0,118,0,118,low_activity,1.0,4401,0,4401,ok_volume,1.0,11027,0,11027,ok_volume,118,0,118,12540,17674,30214
1769878559,60,39,0,118,0,118,low_activity,0,4370,0,4370,low_activity,1.0,9440,0,9440,ok_volume,0,0,0,12540,17674,30214
1769878560,60,39,0,118,0,118,low_activity,0,118,0,118,low_activity,1.0,9440,0,9440,ok_volume,0,0,0,12539,17674,30213
1769878561,60,39,0,0,0,0,no_volume,0,118,0,118,low_activity,1.0,9440,0,9440,ok_volume,0,0,0,12220,17674,29894
1769878562,60,39,0,50,0,50,low_activity,0,168,0,168,low_activity,1.0,9490,0,9490,ok_volume,50,0,50,12245,17674,29919
1769878563,60,39,0,50,0,50,low_activity,0,50,0,50,low_activity,1.0,9457,0,9457,ok_volume,1,0,1,12246,17674,29920
1769878564,60,39,0,50,0,50,low_activity,0,50,0,50,low_activity,1.0,9457,0,9457,ok_volume,0,0,0,12246,17674,29920
1769878565,60,39,0,0,0,0,low_activity,0,50,0,50,low_activity,1.0,9457,0,9457,ok_volume,0,0,0,11929,17674,29603
1769878566,60,39,0,10,0,10,low_activity,0,60,0,60,low_activity,1.0,9467,0,9467,ok_volume,10,0,10,11939,17674,29613
1769878567,60,39,0,10,0,10,low_activity,0,10,0,10,low_activity,1.0,9311,0,9311,ok_volume,3,0,3,11911,17674,29585
1769878568,60,39,0,10,0,10,low_activity,0,10,0,10,low_activity,1.0,9112,0,9112,ok_volume,0,0,0,11858,17674,29532
1769878569,60,39,0,1587,0,1587,low_activity,0,1597,0,1597,low_activity,1.0,10699,0,10699,ok_volume,1587,0,1587,13345,17674,31019
1769878570,60,39,0,1602,0,1602,low_activity,0,1612,0,1612,low_activity,1.0,10193,0,10193,ok_volume,15,0,15,13307,17674,30981
1769878571,60,39,0,1612,0,1612,low_activity,0,1612,0,1612,low_activity,1.0,8508,0,8508,ok_volume,10,0,10,13286,17674,30960
1769878572,60,39,0,25,0,25,low_activity,0,1612,0,1612,low_activity,1.0,8408,0,8408,ok_volume,0,0,0,13209,17674,30883
1769878573,60,39,0,10,0,10,low_activity,0,1612,0,1612,low_activity,1.0,8408,0,8408,ok_volume,0,0,0,13194,17674,30868
1769878574,60,39,0,0,0,0,no_volume,0,25,0,25,low_activity,1.0,8408,0,8408,ok_volume,0,0,0,13171,17674,30845
1769878575,60,39,0,0,0,0,no_volume,0,10,0,10,low_activity,1.0,8408,0,8408,ok_volume,0,0,0,13169,17674,30843
1769878576,60,39,0,0,0,0,no_volume,0,0,0,0,no_volume,1.0,6705,0,6705,ok_volume,0,0,0,13126,17674,30800
1769878577,60,39,0,280,0,280,low_activity,0,280,0,280,low_activity,1.0,6859,0,6859,ok_volume,280,0,280,13406,17674,31080
1769878578,60,39,0,280,0,280,low_activity,0,280,0,280,low_activity,1.0,6859,0,6859,ok_volume,4,0,4,13400,17674,31074
1769878579,60,39,0,280,0,280,low_activity,0,280,0,280,low_activity,1.0,6859,0,6859,ok_volume,0,0,0,13400,17674,31074
1769878580,60,39,0,15,0,15,low_activity,0,295,0,295,low_activity,1.0,6446,0,6446,ok_volume,15,0,15,13312,17674,30986
1769878581,60,39,0,15,0,15,low_activity,0,295,0,295,low_activity,1.0,6446,0,6446,ok_volume,0,0,0,13087,17674,30761
1769878582,60,39,0,46,0,46,low_activity,0,46,0,46,low_activity,1.0,6399,0,6399,ok_volume,31,0,31,13106,0,13106
1769878583,60,39,0,1659,0,1659,low_activity,0,1674,0,1674,low_activity,1.0,8027,0,8027,ok_volume,1628,0,1628,14689,0,14689
1769878584,60,39,0,1659,0,1659,low_activity,0,1674,0,1674,low_activity,1.0,7996,0,7996,ok_volume,0,0,0,14689,0,14689
1769878585,60,39,0,1786,0,1786,low_activity,1.0,1817,0,1817,ok_volume,1.0,3902,0,3902,ok_volume,158,0,158,14847,0,14847
1769878586,60,39,0,158,0,158,low_activity,1.0,1817,0,1817,ok_volume,1.0,3902,0,3902,ok_volume,0,0,0,14832,0,14832
1769878587,60,39,1.0,602,0,602,ok_volume,1.0,2230,0,2230,ok_volume,1.0,4346,0,4346,ok_volume,444,0,444,15276,0,15276
1769878588,60,39,0,523,0,523,low_activity,1.0,681,0,681,ok_volume,1.0,4307,0,4307,ok_volume,84,0,84,15360,0,15360
1769878589,60,39,0,523,0,523,low_activity,1.0,681,0,681,ok_volume,1.0,4307,0,4307,ok_volume,0,0,0,13773,0,13773
1769878590,60,39,0,79,0,79,low_activity,0,523,0,523,low_activity,1.0,4307,0,4307,ok_volume,0,0,0,13773,0,13773
1769878591,60,39,0,10,0,10,low_activity,1.0,533,0,533,ok_volume,1.0,4317,0,4317,ok_volume,10,0,10,13783,0,13783
1769878592,60,39,0,10,0,10,low_activity,0,89,0,89,low_activity,1.0,4267,0,4267,ok_volume,0,0,0,13783,0,13783
1769878593,60,39,0,35,0,35,low_activity,0,35,0,35,low_activity,1.0,4292,0,4292,ok_volume,25,0,25,13775,0,13775
1769878594,60,39,0,25,0,25,low_activity,0,35,0,35,low_activity,1.0,4292,0,4292,ok_volume,0,0,0,13775,0,13775
1769878595,60,39,0,25,0,25,low_activity,0,35,0,35,low_activity,1.0,4292,0,4292,ok_volume,0,0,0,13767,0,13767
1769878596,60,39,0,0,0,0,no_volume,0,25,0,25,low_activity,1.0,4282,0,4282,ok_volume,0,0,0,13765,0,13765
1769878597,60,39,0,0,0,0,no_volume,0,25,0,25,low_activity,1.0,4282,0,4282,ok_volume,0,0,0,13609,0,13609
1769878598,60,39,0,0,0,0,no_volume,0,0,0,0,no_volume,1.0,4282,0,4282,ok_volume,0,0,0,13409,0,13409
1769878599,60,39,0,0,0,0,no_volume,0,0,0,0,no_volume,1.0,2695,0,2695,ok_volume,0,0,0,13409,0,13409
1769878600,60,39,0,2380,0,2380,low_activity,0,2380,0,2380,low_activity,1.0,5060,0,5060,ok_volume,2380,0,2380,15268,0,15268
1769878601,60,39,0,2380,0,2380,low_activity,0,2380,0,2380,low_activity,1.0,5050,0,5050,ok_volume,0,0,0,13573,0,13573
1769878602,60,39,0,2380,0,2380,low_activity,0,2380,0,2380,low_activity,1.0,5050,0,5050,ok_volume,0,0,0,13473,0,13473
1769878603,60,39,0,0,0,0,no_volume,0,2380,0,2380,low_activity,1.0,5050,0,5050,ok_volume,0,0,0,13473,0,13473
1769878604,60,39,0,156,0,156,low_activity,0,2536,0,2536,low_activity,1.0,5206,0,5206,ok_volume,156,0,156,13629,0,13629
1769878605,60,39,0,312,0,312,low_activity,0,312,0,312,low_activity,1.0,5362,0,5362,ok_volume,156,0,156,13785,0,13785
1769878606,60,39,0,344,0,344,low_activity,0,344,0,344,low_activity,1.0,5394,0,5394,ok_volume,32,0,32,12114,0,12114
1769878607,60,39,0,188,0,188,low_activity,0,344,0,344,low_activity,1.0,5114,0,5114,ok_volume,0,0,0,11988,0,11988
1769878608,60,39,0,119,0,119,low_activity,0,431,0,431,low_activity,1.0,5201,0,5201,ok_volume,7,0,7,12082,0,12082
1769878609,60,39,0,146,0,146,low_activity,0,334,0,334,low_activity,1.0,5260,0,5260,ok_volume,59,0,59,12141,0,12141
1769878610,60,39,0,59,0,59,low_activity,0,178,0,178,low_activity,1.0,5245,0,5245,ok_volume,0,0,0,11713,0,11713
1769878611,60,39,0,146,0,146,low_activity,0,233,0,233,low_activity,1.0,5332,0,5332,ok_volume,87,0,87,11800,0,11800
1769878612,60,39,0,87,0,87,low_activity,0,146,0,146,low_activity,1.0,5301,0,5301,ok_volume,0,0,0,11722,0,11722
1769878613,60,39,0,87,0,87,low_activity,0,146,0,146,low_activity,1.0,3673,0,3673,ok_volume,5,0,5,11725,0,11725
1769878614,60,39,0,155,0,155,low_activity,0,242,0,242,low_activity,1.0,3828,0,3828,ok_volume,156,0,156,11850,0,11850
1769878615,60,39,0,234,0,234,low_activity,0,321,0,321,low_activity,1.0,3749,0,3749,ok_volume,79,0,79,7677,0,7677
1769878616,60,39,0,788,0,788,low_activity,0,788,0,788,low_activity,1.0,4303,0,4303,ok_volume,561,0,561,8238,0,8238
1769878617,60,39,0,728,0,728,low_activity,1.0,883,0,883,ok_volume,1.0,3954,0,3954,ok_volume,95,0,95,8333,0,8333
1769878618,60,39,0,649,0,649,low_activity,1.0,883,0,883,ok_volume,1.0,3875,0,3875,ok_volume,0,0,0,8215,0,8215
1769878619,60,39,0,183,0,183,low_activity,1.0,816,0,816,ok_volume,1.0,3963,0,3963,ok_volume,88,0,88,8303,0,8303
1769878620,60,39,0,88,0,88,low_activity,0,737,0,737,low_activity,1.0,3963,0,3963,ok_volume,0,0,0,8303,0,8303
1769878621,60,39,0,88,0,88,low_activity,0,183,0,183,low_activity,1.0,3953,0,3953,ok_volume,0,0,0,8303,0,8303
1769878622,60,39,0,312,0,312,low_activity,0,400,0,400,low_activity,1.0,4265,0,4265,ok_volume,313,0,313,8566,0,8566
1769878623,60,39,0,312,0,312,low_activity,0,400,0,400,low_activity,1.0,4240,0,4240,ok_volume,0,0,0,8565,0,8565
1769878624,60,39,0,326,0,326,low_activity,0,326,0,326,low_activity,1.0,4254,0,4254,ok_volume,14,0,14,8579,0,8579
1769878625,60,39,0,14,0,14,low_activity,0,326,0,326,low_activity,1.0,4254,0,4254,ok_volume,0,0,0,8579,0,8579
1769878626,60,39,0,14,0,14,low_activity,0,326,0,326,low_activity,1.0,4254,0,4254,ok_volume,0,0,0,8569,0,8569
1769878627,60,39,0,0,0,0,no_volume,0,14,0,14,low_activity,1.0,4254,0,4254,ok_volume,0,0,0,8566,0,8566
1769878628,60,39,0,0,0,0,no_volume,0,14,0,14,low_activity,1.0,4254,0,4254,ok_volume,0,0,0,8566,0,8566
1769878629,60,39,0,312,0,312,low_activity,0,312,0,312,low_activity,1.0,4566,0,4566,ok_volume,312,0,312,7291,0,7291
1769878630,60,39,0,312,0,312,low_activity,0,312,0,312,low_activity,1.0,2186,0,2186,ok_volume,6,0,6,7282,0,7282
1769878631,60,39,0,412,0,412,low_activity,0,412,0,412,low_activity,1.0,2286,0,2286,ok_volume,100,0,100,7372,0,7372
1769878632,60,39,0,131,0,131,low_activity,0,443,0,443,low_activity,1.0,2317,0,2317,ok_volume,31,0,31,7403,0,7403
1769878633,60,39,0,175,0,175,low_activity,0,487,0,487,low_activity,1.0,2361,0,2361,ok_volume,44,0,44,7447,0,7447
1769878634,60,39,0,75,0,75,low_activity,0,175,0,175,low_activity,1.0,2205,0,2205,ok_volume,8,0,8,7455,0,7455
1769878635,60,39,0,44,0,44,low_activity,0,175,0,175,low_activity,1.0,2049,0,2049,ok_volume,0,0,0,7455,0,7455
1769878636,60,39,0,0,0,0,low_activity,0,75,0,75,low_activity,1.0,2017,0,2017,ok_volume,0,0,0,7455,0,7455
1769878637,60,39,0,0,0,0,no_volume,0,44,0,44,low_activity,1.0,1930,0,1930,ok_volume,0,0,0,7175,0,7175
1769878638,60,39,0,0,0,0,low_activity,0,0,0,0,low_activity,1.0,1930,0,1930,ok_volume,9,0,9,7180,0,7180
1769878639,60,39,0,0,0,0,low_activity,0,0,0,0,low_activity,1.0,1871,0,1871,ok_volume,0,0,0,7180,0,7180
1769878640,60,39,0,0,0,0,low_activity,0,0,0,0,low_activity,1.0,1871,0,1871,ok_volume,0,0,0,7165,0,7165
1769878641,60,39,0,0,13,13,low_activity,0,0,13,13,low_activity,0.986,1784,13,1797,ok_volume,0,18,18,7165,18,7183
1769878642,60,39,0,126,13,139,low_activity,0,126,13,139,low_activity,0.986,1910,13,1923,ok_volume,126,0,126,7260,18,7278
1769878643,60,39,0,126,13,139,low_activity,0,126,13,139,low_activity,0.986,1910,13,1923,ok_volume,0,0,0,5632,18,5650
1769878644,60,39,0,205,0,205,low_activity,0,205,13,218,low_activity,0.986,1834,13,1847,ok_volume,79,0,79,5711,18,5729
1769878645,60,39,0,79,0,79,low_activity,0,205,13,218,low_activity,0.985,1755,13,1768,ok_volume,0,0,0,5553,18,5571
1769878646,60,39,0,254,0,254,low_activity,0,380,0,380,low_activity,0.981,1376,13,1389,ok_volume,20,0,20,5730,18,5748
1769878647,60,39,0,175,0,175,low_activity,0,254,0,254,low_activity,0.98,1281,13,1294,ok_volume,0,0,0,5286,18,5304
1769878648,60,39,0,18,0,18,low_activity,0,254,0,254,low_activity,0.98,1281,13,1294,ok_volume,7,0,7,5209,18,5227
1769878649,60,39,0,0,0,0,low_activity,0,175,0,175,low_activity,0.978,1193,13,1206,ok_volume,0,0,0,5209,18,5227
1769878650,60,39,0,0,0,0,low_activity,0,18,0,18,low_activity,0.978,1193,13,1206,ok_volume,0,0,0,5209,18,5227
1769878651,60,39,0,87,0,87,low_activity,0,87,0,87,low_activity,0.98,1280,13,1293,ok_volume,87,0,87,5286,18,5304
1769878652,60,39,0,190,0,190,low_activity,0,190,0,190,low_activity,0.976,1071,13,1084,ok_volume,105,0,105,5391,18,5409
1769878653,60,39,0,348,0,348,low_activity,0,348,0,348,low_activity,0.979,1229,13,1242,ok_volume,158,0,158,5524,18,5542
1769878654,60,39,0,511,0,511,low_activity,0,598,0,598,low_activity,0.982,1465,13,1478,ok_volume,250,0,250,5774,18,5792
1769878655,60,39,0,447,0,447,low_activity,1.0,637,0,637,ok_volume,0.983,1504,13,1517,ok_volume,46,0,46,5820,18,5838
1769878656,60,39,0,289,0,289,low_activity,0,550,0,550,low_activity,0.983,1504,13,1517,ok_volume,5,0,5,5825,18,5843
1769878657,60,39,0,39,0,39,low_activity,0,447,0,447,low_activity,0.983,1504,13,1517,ok_volume,0,0,0,5825,18,5843
1769878658,60,39,0,0,0,0,low_activity,0,289,0,289,low_activity,0.983,1504,13,1517,ok_volume,0,0,0,5825,18,5843
1769878659,60,39,0,0,0,0,no_volume,0,39,0,39,low_activity,0.978,1192,13,1205,ok_volume,0,0,0,5825,18,5843
1769878660,60,39,0,20,0,20,low_activity,0,20,0,20,low_activity,0.979,1212,13,1225,ok_volume,0,0,0,3465,18,3483
1769878661,60,39,0,20,0,20,low_activity,0,20,0,20,low_activity,0.977,1112,13,1125,ok_volume,0,0,0,3465,18,3483
1769878662,60,39,0,31,0,31,low_activity,0,51,0,51,low_activity,0.977,1112,13,1125,ok_volume,0,0,0,3496,18,3514
1769878663,60,39,0,31,0,31,low_activity,0,51,0,51,low_activity,0.976,1068,13,1081,ok_volume,0,0,0,3496,18,3514
1769878664,60,39,0,28,0,28,low_activity,0,59,0,59,low_activity,0.977,1096,13,1109,ok_volume,0,0,0,3368,18,3386
1769878665,60,39,0,28,0,28,low_activity,0,59,0,59,low_activity,0.977,1096,13,1109,ok_volume,0,0,0,3212,18,3230
1769878666,60,39,0,206,0,206,low_activity,0,234,0,234,low_activity,0.98,1302,13,1315,ok_volume,206,0,206,3386,18,3404
1769878667,60,39,0,325,0,325,low_activity,0,353,0,353,low_activity,0.982,1421,13,1434,ok_volume,126,0,126,3425,18,3443
1769878668,60,39,0,325,0,325,low_activity,0,325,0,325,low_activity,0.982,1421,13,1434,ok_volume,0,0,0,3418,18,3436
1769878669,60,39,0,215,0,215,low_activity,0,421,0,421,low_activity,0.983,1517,13,1530,ok_volume,96,0,96,3455,18,3473
1769878670,60,39,0,111,0,111,low_activity,1.0,436,0,436,ok_volume,0.983,1532,13,1545,ok_volume,15,0,15,3470,18,3488
1769878671,60,39,0,218,0,218,low_activity,1.0,337,0,337,ok_volume,1.0,1639,0,1639,ok_volume,78,0,78,3490,18,3508
1769878672,60,39,0,201,0,201,low_activity,0,297,0,297,low_total_volume,1.0,1592,0,1592,ok_volume,79,0,79,3569,18,3587
1769878673,60,39,0,157,0,157,low_activity,0,297,0,297,low_total_volume,1.0,1592,0,1592,ok_volume,0,0,0,3564,18,3582
1769878674,60,39,0,79,0,79,low_activity,0,201,0,201,low_activity,1.0,1513,0,1513,ok_volume,0,0,0,3408,18,3426
1769878675,60,39,0,0,0,0,low_activity,0,157,0,157,low_activity,1.0,1356,0,1356,ok_volume,2,0,2,3331,18,3349
1769878676,60,39,0,70,0,70,low_activity,0,149,0,149,low_activity,1.0,1408,0,1408,ok_volume,70,0,70,2840,18,2858
1769878677,60,39,0,70,0,70,low_activity,0,70,0,70,low_activity,1.0,1408,0,1408,ok_volume,0,0,0,2745,18,2763
1769878678,60,39,0,70,0,70,low_activity,0,70,0,70,low_activity,1.0,1408,0,1408,ok_volume,9,0,9,2754,18,2772
1769878679,60,39,0,17,0,17,low_activity,0,87,0,87,low_activity,1.0,1425,0,1425,ok_volume,17,0,17,2683,18,2701
1769878680,60,39,0,17,0,17,low_activity,0,87,0,87,low_activity,1.0,1425,0,1425,ok_volume,0,0,0,2683,18,2701
1769878681,60,39,0,17,0,17,low_activity,0,17,0,17,low_activity,1.0,1338,0,1338,ok_volume,0,0,0,2683,18,2701
1769878682,60,39,0,0,0,0,low_activity,0,17,0,17,low_activity,1.0,1235,0,1235,ok_volume,3,0,3,2373,18,2391
1769878683,60,39,0,0,0,0,low_activity,0,17,0,17,low_activity,1.0,1077,0,1077,ok_volume,0,0,0,2373,18,2391
1769878684,60,39,0,0,0,0,low_activity,0,0,0,0,low_activity,1.0,827,0,827,ok_volume,0,0,0,2359,18,2377
1769878685,60,39,0,39,0,39,low_activity,0,39,0,39,low_activity,1.0,827,0,827,ok_volume,39,0,39,2398,18,2416
1769878686,60,39,0,39,0,39,low_activity,0,39,0,39,low_activity,1.0,827,0,827,ok_volume,0,0,0,2398,18,2416
1769878687,60,39,0,517,0,517,low_activity,0,517,0,517,low_activity,1.0,1305,0,1305,ok_volume,478,0,478,2876,18,2894
1769878688,60,39,0,478,0,478,low_activity,0,517,0,517,low_activity,1.0,1305,0,1305,ok_volume,0,0,0,2876,18,2894
1769878689,60,39,0,503,0,503,low_activity,0,542,0,542,low_activity,1.0,1310,0,1310,ok_volume,25,0,25,2589,18,2607
1769878690,60,39,0,25,0,25,low_activity,0,503,0,503,low_activity,1.0,1310,0,1310,ok_volume,0,0,0,2583,18,2601
1769878691,60,39,0,100,0,100,low_activity,0,578,0,578,low_activity,1.0,1354,0,1354,ok_volume,0,0,0,2558,18,2576
1769878692,60,39,0,159,0,159,low_activity,0,184,0,184,low_activity,1.0,1438,0,1438,ok_volume,84,0,84,2611,18,2629
1769878693,60,39,0,115,0,115,low_activity,0,215,0,215,low_activity,1.0,1441,0,1441,ok_volume,31,0,31,2598,18,2616
1769878694,60,39,0,143,0,143,low_activity,0,218,0,218,low_activity,1.0,1469,0,1469,ok_volume,35,0,35,2625,18,2643
1769878695,60,39,0,84,0,84,low_activity,0,168,0,168,low_activity,1.0,1494,0,1494,ok_volume,25,0,25,2650,18,2668
1769878696,60,39,0,73,0,73,low_activity,0,188,0,188,low_total_volume,1.0,1308,0,1308,ok_volume,0,0,0,2670,18,2688
1769878697,60,39,0,819,0,819,low_activity,1.0,878,0,878,ok_volume,1.0,1963,0,1963,ok_volume,774,0,774,3444,18,3462
1769878698,60,39,0,1170,0,1170,low_activity,1.0,1243,0,1243,ok_volume,1.0,2359,0,2359,ok_volume,396,0,396,3831,18,3849
1769878699,60,39,0,1170,0,1170,low_activity,1.0,1215,0,1215,ok_volume,1.0,2263,0,2263,ok_volume,0,0,0,3831,18,3849
1769878700,60,39,0,2952,0,2952,low_activity,1.0,3726,0,3726,ok_volume,1.0,4775,0,4775,ok_volume,2563,0,2563,6394,18,6412
1769878701,60,39,0,2556,0,2556,low_activity,1.0,3726,0,3726,ok_volume,1.0,4697,0,4697,ok_volume,0,0,0,6394,0,6394
1769878702,60,39,0,2556,0,2556,low_activity,0,2952,0,2952,low_activity,1.0,4618,0,4618,ok_volume,0,0,0,6268,0,6268
1769878703,60,39,0,684,0,684,low_activity,1.0,3240,0,3240,ok_volume,1.0,5302,0,5302,ok_volume,684,0,684,6952,0,6952
1769878704,60,39,0,684,0,684,low_activity,1.0,3240,0,3240,ok_volume,1.0,5302,0,5302,ok_volume,0,0,0,6873,0,6873
1769878705,60,39,1.0,795,0,795,ok_volume,1.0,795,0,795,ok_volume,1.0,5413,0,5413,ok_volume,111,0,111,6827,0,6827
1769878706,60,39,0,181,0,181,low_activity,1.0,865,0,865,ok_volume,1.0,5413,0,5413,ok_volume,70,0,70,6877,0,6877
1769878707,60,39,0,271,0,271,low_activity,1.0,955,0,955,ok_volume,1.0,5503,0,5503,ok_volume,94,0,94,6971,0,6971
1769878708,60,39,0,321,0,321,low_activity,1.0,432,0,432,ok_volume,1.0,5664,0,5664,ok_volume,161,0,161,7125,0,7125
1769878709,60,39,0,251,0,251,low_activity,1.0,432,0,432,ok_volume,1.0,5647,0,5647,ok_volume,0,0,0,7125,0,7125
1769878710,60,39,0,10161,0,10161,low_activity,0,10321,0,10321,low_activity,1.0,15647,0,15647,ok_volume,10000,0,10000,17125,0,17125
1769878711,60,39,0,10290,0,10290,low_activity,1.0,10541,0,10541,ok_volume,1.0,15937,0,15937,ok_volume,294,0,294,17332,0,17332
1769878712,60,39,0,10300,0,10300,low_activity,1.0,10461,0,10461,ok_volume,1.0,15947,0,15947,ok_volume,10,0,10,17237,0,17237
1769878713,60,39,0,310,0,310,low_activity,1.0,10310,0,10310,ok_volume,1.0,15957,0,15957,ok_volume,10,0,10,17089,0,17089
1769878714,60,39,0,20,0,20,low_activity,1.0,10310,0,10310,ok_volume,1.0,15957,0,15957,ok_volume,5,0,5,16844,0,16844
1769878715,60,39,0,183,0,183,low_activity,1.0,483,0,483,ok_volume,1.0,16091,0,16091,ok_volume,181,0,181,16979,0,16979
1769878716,60,39,0,354,0,354,low_activity,1.0,374,0,374,ok_volume,1.0,16272,0,16272,ok_volume,101,0,101,17156,0,17156
1769878717,60,39,0,354,0,354,low_activity,1.0,364,0,364,ok_volume,1.0,15794,0,15794,ok_volume,0,0,0,17156,0,17156
1769878718,60,39,0,415,0,415,low_activity,1.0,669,0,669,ok_volume,1.0,16109,0,16109,ok_volume,315,0,315,17471,0,17471
1769878719,60,39,0,3157,0,3157,low_activity,1.0,3511,0,3511,ok_volume,1.0,18926,0,18926,ok_volume,2845,0,2845,20296,0,20296
1769878720,60,39,0,3204,0,3204,low_activity,1.0,3304,0,3304,ok_volume,1.0,18898,0,18898,ok_volume,47,0,47,20343,0,20343
1769878721,60,39,0,2964,0,2964,low_activity,1.0,3279,0,3279,ok_volume,1.0,18973,0,18973,ok_volume,75,0,75,20387,0,20387
1769878722,60,39,0,607,0,607,low_activity,1.0,3764,0,3764,ok_volume,1.0,19374,0,19374,ok_volume,485,0,485,20872,0,20872
1769878723,60,39,0,607,0,607,low_activity,1.0,3496,0,3496,ok_volume,1.0,19390,0,19390,ok_volume,47,0,47,20891,0,20891
1769878724,60,39,1.0,5555,0,5555,ok_volume,1.0,5677,0,5677,ok_volume,1.0,24385,0,24385,ok_volume,5023,0,5023,25914,0,25914
1769878725,60,39,1.0,5329,0,5329,ok_volume,1.0,5889,0,5889,ok_volume,1.0,24599,0,24599,ok_volume,266,0,266,26180,0,26180
1769878726,60,39,1.0,5307,0,5307,ok_volume,1.0,5839,0,5839,ok_volume,1.0,24624,0,24624,ok_volume,25,0,25,25999,0,25999
1769878727,60,39,0,284,0,284,low_activity,1.0,5354,0,5354,ok_volume,1.0,23850,0,23850,ok_volume,0,0,0,25873,0,25873
1769878728,60,39,0,25,0,25,low_activity,1.0,5307,0,5307,ok_volume,1.0,23454,0,23454,ok_volume,0,0,0,25873,0,25873
1769878729,60,39,0,0,0,0,no_volume,0,284,0,284,low_activity,1.0,23454,0,23454,ok_volume,0,0,0,25777,0,25777
1769878730,60,39,0,0,0,0,no_volume,0,25,0,25,low_activity,1.0,20898,0,20898,ok_volume,0,0,0,25733,0,25733
1769878731,60,39,0,0,0,0,no_volume,0,0,0,0,no_volume,1.0,20898,0,20898,ok_volume,0,0,0,25655,0,25655
1769878732,60,39,0,0,0,0,no_volume,0,0,0,0,no_volume,1.0,20898,0,20898,ok_volume,0,0,0,25576,0,25576
1769878733,60,39,0,0,0,0,no_volume,0,0,0,0,no_volume,1.0,20214,0,20214,ok_volume,0,0,0,25576,0,25576
1769878734,60,39,0,0,0,0,no_volume,0,0,0,0,no_volume,1.0,20214,0,20214,ok_volume,0,0,0,25576,0,25576
1769878735,60,39,0,700,0,700,low_activity,0,700,0,700,low_activity,1.0,20803,0,20803,ok_volume,700,0,700,26274,0,26274
1769878736,60,39,0,700,0,700,low_activity,0,700,0,700,low_activity,1.0,20733,0,20733,ok_volume,0,0,0,26204,0,26204
1769878737,60,39,0,700,0,700,low_activity,0,700,0,700,low_activity,1.0,20643,0,20643,ok_volume,0,0,0,26204,0,26204
1769878738,60,39,0,476,0,476,low_activity,0,1176,0,1176,low_activity,1.0,20958,0,20958,ok_volume,476,0,476,26671,0,26671
1769878739,60,39,0,476,0,476,low_activity,0,1176,0,1176,low_activity,1.0,20958,0,20958,ok_volume,0,0,0,26654,0,26654
1769878740,60,39,0,2476,0,2476,low_activity,0,2476,0,2476,low_activity,1.0,12958,0,12958,ok_volume,2000,0,2000,28654,0,28654
1769878741,60,39,0,2000,0,2000,low_activity,0,2476,0,2476,low_activity,1.0,12668,0,12668,ok_volume,0,0,0,28654,0,28654
1769878742,60,39,0,2000,0,2000,low_activity,0,2476,0,2476,low_activity,1.0,12658,0,12658,ok_volume,7,0,7,28658,0,28658
1769878743,60,39,0,0,0,0,low_activity,0,2000,0,2000,low_activity,1.0,12648,0,12648,ok_volume,0,0,0,28658,0,28658
1769878744,60,39,0,0,0,0,low_activity,0,2000,0,2000,low_activity,1.0,12648,0,12648,ok_volume,0,0,0,28658,0,28658
1769878745,60,39,0,0,0,0,no_volume,0,0,0,0,low_activity,1.0,12394,0,12394,ok_volume,0,0,0,28619,0,28619
1769878746,60,39,0,0,0,0,low_activity,0,0,0,0,low_activity,1.0,12294,0,12294,ok_volume,6,0,6,28625,0,28625
1769878747,60,39,0,0,0,0,low_activity,0,0,0,0,low_activity,1.0,12294,0,12294,ok_volume,0,0,0,28147,0,28147
1769878748,60,39,0,62,0,62,low_activity,0,62,0,62,low_activity,1.0,12041,0,12041,ok_volume,62,0,62,28209,0,28209
1769878749,60,39,0,62,0,62,low_activity,0,62,0,62,low_activity,1.0,9199,0,9199,ok_volume,0,0,0,28184,0,28184
1769878750,60,39,0,301,0,301,low_activity,0,301,0,301,low_activity,1.0,9391,0,9391,ok_volume,239,0,239,28348,0,28348
1769878751,60,39,0,262,0,262,low_activity,0,324,0,324,low_activity,1.0,9339,0,9339,ok_volume,23,0,23,28371,0,28371
1769878752,60,39,0,293,0,293,low_activity,0,355,0,355,low_activity,1.0,8885,0,8885,ok_volume,31,0,31,28318,0,28318
1769878753,60,39,0,319,0,319,low_activity,0,558,0,558,low_activity,1.0,9103,0,9103,ok_volume,265,0,265,28552,0,28552
1769878754,60,39,0,311,0,311,low_activity,1.0,573,0,573,ok_volume,1.0,4095,0,4095,ok_volume,22,0,22,28539,0,28539
1769878755,60,39,0,280,0,280,low_activity,0,334,0,334,low_activity,1.0,3836,0,3836,ok_volume,0,0,0,28494,0,28494
1769878756,60,39,0,15,0,15,low_activity,0,311,0,311,low_activity,1.0,3811,0,3811,ok_volume,0,0,0,28494,0,28494
1769878757,60,39,0,51,0,51,low_activity,0,331,0,331,low_activity,1.0,3862,0,3862,ok_volume,51,0,51,27771,0,27771
1769878758,60,39,0,289,0,289,low_activity,1.0,304,0,304,ok_volume,1.0,4100,0,4100,ok_volume,238,0,238,27613,0,27613
1769878759,60,39,1.0,437,0,437,ok_volume,1.0,437,0,437,ok_volume,1.0,4248,0,4248,ok_volume,148,0,148,27761,0,27761
1769878760,60,39,1.0,417,0,417,ok_volume,1.0,468,0,468,ok_volume,1.0,4279,0,4279,ok_volume,31,0,31,25229,0,25229
1769878761,60,39,1.0,1345,0,1345,ok_volume,1.0,1634,0,1634,ok_volume,1.0,5445,0,5445,ok_volume,1166,0,1166,26395,0,26395
1769878762,60,39,0,1197,0,1197,low_activity,1.0,1583,0,1583,ok_volume,1.0,5445,0,5445,ok_volume,0,0,0,26395,0,26395
1769878763,60,39,0,1166,0,1166,low_activity,1.0,1345,0,1345,ok_volume,1.0,5445,0,5445,ok_volume,3,0,3,25714,0,25714
1769878764,60,39,0,31,0,31,low_activity,0,1228,0,1228,low_activity,1.0,5476,0,5476,ok_volume,31,0,31,25745,0,25745
1769878765,60,39,0,102,0,102,low_activity,0,1268,0,1268,low_activity,1.0,4847,0,4847,ok_volume,78,0,78,25712,0,25712
1769878766,60,39,0,102,0,102,low_activity,0,102,0,102,low_activity,1.0,4847,0,4847,ok_volume,0,0,0,25642,0,25642
1769878767,60,39,0,71,0,71,low_activity,0,102,0,102,low_activity,1.0,4847,0,4847,ok_volume,0,0,0,25548,0,25548
1769878768,60,39,0,25,0,25,low_activity,0,127,0,127,low_activity,1.0,4396,0,4396,ok_volume,25,0,25,25412,0,25412
1769878769,60,39,0,1587,0,1587,low_activity,0,1658,0,1658,low_activity,1.0,5958,0,5958,ok_volume,1565,0,1565,26977,0,26977
1769878770,60,39,1.0,2684,0,2684,ok_volume,1.0,2684,0,2684,ok_volume,1.0,5055,0,5055,ok_volume,997,0,997,18074,0,18074
1769878771,60,39,1.0,2727,0,2727,ok_volume,1.0,2752,0,2752,ok_volume,1.0,5123,0,5123,ok_volume,68,0,68,17848,0,17848
1769878772,60,39,1.0,1223,0,1223,ok_volume,1.0,2910,0,2910,ok_volume,1.0,5281,0,5281,ok_volume,163,0,163,18001,0,18001
1769878773,60,39,0,2300,0,2300,low_activity,1.0,4959,0,4959,ok_volume,1.0,7355,0,7355,ok_volume,2074,0,2074,20065,0,20065
1769878774,60,39,1.0,5815,0,5815,ok_volume,1.0,6880,0,6880,ok_volume,1.0,10938,0,10938,ok_volume,3586,0,3586,23646,0,23646
1769878775,60,39,1.0,5657,0,5657,ok_volume,1.0,5883,0,5883,ok_volume,1.0,10938,0,10938,ok_volume,0,0,0,23384,0,23384
1769878776,60,39,1.0,11738,0,11738,ok_volume,1.0,13970,0,13970,ok_volume,1.0,19093,0,19093,ok_volume,8155,0,8155,31438,0,31438
1769878777,60,39,0,8314,0,8314,low_activity,1.0,13971,0,13971,ok_volume,1.0,19252,0,19252,ok_volume,159,0,159,31597,0,31597
1769878778,60,39,0,8314,0,8314,low_activity,1.0,11897,0,11897,ok_volume,1.0,19190,0,19190,ok_volume,0,0,0,31282,0,31282
1769878779,60,39,0,159,0,159,low_activity,0,8314,0,8314,low_activity,1.0,19190,0,19190,ok_volume,0,0,0,28437,0,28437
1769878780,60,39,0,47,0,47,low_activity,0,8361,0,8361,low_activity,1.0,18998,0,18998,ok_volume,47,0,47,28437,0,28437
1769878781,60,39,0,59,0,59,low_activity,0,218,0,218,low_activity,1.0,18987,0,18987,ok_volume,12,0,12,28374,0,28374
1769878782,60,39,0,59,0,59,low_activity,0,59,0,59,low_activity,1.0,18956,0,18956,ok_volume,0,0,0,27889,0,27889
1769878783,60,39,0,1189,0,1189,low_activity,1.0,1236,0,1236,ok_volume,1.0,19868,0,19868,ok_volume,1177,0,1177,29019,0,29019
1769878784,60,39,0,1177,0,1177,low_activity,1.0,1236,0,1236,ok_volume,1.0,19853,0,19853,ok_volume,0,0,0,23996,0,23996
1769878785,60,39,0,1397,0,1397,low_activity,1.0,1409,0,1409,ok_volume,1.0,20073,0,20073,ok_volume,220,0,220,23950,0,23950
1769878786,60,39,0,775,0,775,low_activity,1.0,1952,0,1952,ok_volume,1.0,20628,0,20628,ok_volume,555,0,555,24480,0,24480
1769878787,60,39,0,894,0,894,low_activity,1.0,2071,0,2071,ok_volume,1.0,20696,0,20696,ok_volume,128,0,128,24608,0,24608
1769878788,60,39,0,674,0,674,low_activity,0,894,0,894,low_activity,1.0,20458,0,20458,ok_volume,0,0,0,24608,0,24608
1769878789,60,38,0,45698,0,45698,low_activity,1.0,46473,0,46473,ok_volume,1.0,65889,0,65889,ok_volume,45579,0,45579,70187,0,70187
1769878790,60,38,0,45579,0,45579,low_activity,0,46253,0,46253,low_activity,1.0,65858,0,65858,ok_volume,0,0,0,70187,0,70187
1769878791,60,38,0,45579,0,45579,low_activity,0,45698,0,45698,low_activity,1.0,64692,0,64692,ok_volume,0,0,0,70187,0,70187
1769878792,60,38,0,0,0,0,no_volume,0,45579,0,45579,low_activity,1.0,64692,0,64692,ok_volume,0,0,0,70187,0,70187
1769878793,60,38,0,0,0,0,no_volume,0,45579,0,45579,low_activity,1.0,64692,0,64692,ok_volume,0,0,0,70187,0,70187
1769878794,60,38,0,0,0,0,no_volume,0,0,0,0,no_volume,1.0,64661,0,64661,ok_volume,0,0,0,70187,0,70187
1769878795,60,38,0,92,0,92,low_activity,0,92,0,92,low_activity,1.0,64682,0,64682,ok_volume,92,0,92,69579,0,69579
1769878796,60,38,0,92,0,92,low_activity,0,92,0,92,low_activity,1.0,64682,0,64682,ok_volume,0,0,0,69579,0,69579
1769878797,60,38,0,92,0,92,low_activity,0,92,0,92,low_activity,1.0,64682,0,64682,ok_volume,0,0,0,69579,0,69579
1769878798,60,38,0,30,0,30,low_activity,0,122,0,122,low_activity,1.0,64687,0,64687,ok_volume,30,0,30,69133,0,69133
1769878799,60,38,0,615,0,615,low_activity,1.0,707,0,707,ok_volume,1.0,63610,0,63610,ok_volume,590,0,590,69723,0,69723
1769878800,60,38,1.0,685,0,685,ok_volume,1.0,685,0,685,ok_volume,1.0,62683,0,62683,ok_volume,70,0,70,67793,0,67793
1769878801,60,39,0,655,0,655,low_activity,1.0,685,0,685,ok_volume,1.0,62615,0,62615,ok_volume,0,0,0,67793,0,67793
1769878802,60,39,0,855,0,855,low_activity,1.0,1470,0,1470,ok_volume,1.0,63242,0,63242,ok_volume,785,0,785,68571,0,68571
1769878803,60,39,0,785,0,785,low_activity,1.0,1440,0,1440,ok_volume,1.0,61168,0,61168,ok_volume,0,0,0,68571,0,68571
1769878804,60,39,0,785,0,785,low_activity,0,855,0,855,low_activity,1.0,57585,0,57585,ok_volume,0,0,0,68571,0,68571
1769878805,60,39,0,390,0,390,low_activity,0,1175,0,1175,low_activity,1.0,57975,0,57975,ok_volume,390,0,390,68961,0,68961
1769878806,60,39,0,390,0,390,low_activity,0,1175,0,1175,low_activity,1.0,49820,0,49820,ok_volume,0,0,0,68955,0,68955
1769878807,60,39,0,390,0,390,low_activity,0,390,0,390,low_activity,1.0,49661,0,49661,ok_volume,0,0,0,68955,0,68955
1769878808,60,39,0,0,0,0,no_volume,0,390,0,390,low_activity,1.0,49661,0,49661,ok_volume,0,0,0,68893,0,68893
1769878809,60,39,0,0,0,0,no_volume,0,390,0,390,low_activity,1.0,49661,0,49661,ok_volume,0,0,0,68893,0,68893
1769878810,60,39,0,0,0,0,no_volume,0,0,0,0,no_volume,1.0,49614,0,49614,ok_volume,0,0,0,68654,0,68654
1769878811,60,39,0,223,0,223,low_activity,0,223,0,223,low_activity,1.0,49825,0,49825,ok_volume,223,0,223,68854,0,68854
1769878812,60,39,0,223,0,223,low_activity,0,223,0,223,low_activity,1.0,49825,0,49825,ok_volume,0,0,0,68823,0,68823
1769878813,60,39,0,826,0,826,low_activity,0,826,0,826,low_activity,1.0,49251,0,49251,ok_volume,603,0,603,69161,0,69161
1769878814,60,39,0,914,0,914,low_activity,0,1137,0,1137,low_activity,1.0,49562,0,49562,ok_volume,316,0,316,69455,0,69455
1769878815,60,39,0,914,0,914,low_activity,0,1137,0,1137,low_activity,1.0,49342,0,49342,ok_volume,0,0,0,69455,0,69455
1769878816,60,39,0,553,0,553,low_activity,0,1156,0,1156,low_activity,1.0,49029,0,49029,ok_volume,242,0,242,69697,0,69697
1769878817,60,39,0,476,0,476,low_activity,0,1390,0,1390,low_activity,1.0,49144,0,49144,ok_volume,0,0,0,69880,0,69880
1769878818,60,39,0,476,0,476,low_activity,0,787,0,787,low_activity,1.0,49144,0,49144,ok_volume,0,0,0,69642,0,69642
1769878819,60,39,0,415,0,415,low_activity,0,891,0,891,low_activity,1.0,3980,0,3980,ok_volume,415,0,415,69909,0,69909
1769878820,60,39,0,415,0,415,low_activity,0,891,0,891,low_activity,1.0,3980,0,3980,ok_volume,0,0,0,69878,0,69878
1769878821,60,39,0,415,0,415,low_activity,0,415,0,415,low_activity,1.0,3980,0,3980,ok_volume,0,0,0,68712,0,68712
1769878822,60,39,0,2042,0,2042,low_activity,0,2457,0,2457,low_activity,1.0,6022,0,6022,ok_volume,2042,0,2042,70754,0,70754
1769878823,60,39,0,2042,0,2042,low_activity,0,2457,0,2457,low_activity,1.0,6022,0,6022,ok_volume,0,2,2,70751,2,70753
1769878824,60,38,0,2055,0,2055,low_activity,0,2055,0,2055,low_activity,1.0,6035,0,6035,ok_volume,13,0,13,70733,2,70735
1769878825,60,38,0,13,0,13,low_activity,0,2055,0,2055,low_activity,1.0,5943,0,5943,ok_volume,0,0,0,70655,2,70657
1769878826,60,38,0,13,0,13,low_activity,0,2055,0,2055,low_activity,1.0,5943,0,5943,ok_volume,0,0,0,70655,2,70657
1769878827,60,38,0,166,0,166,low_activity,0,179,0,179,low_activity,1.0,6109,0,6109,ok_volume,166,0,166,70821,2,70823
1769878828,60,38,0,166,0,166,low_activity,0,179,0,179,low_activity,1.0,6079,0,6079,ok_volume,0,0,0,70796,2,70798
1769878829,60,38,0,166,0,166,low_activity,0,166,0,166,low_activity,1.0,5494,0,5494,ok_volume,0,0,0,69131,2,69133
1769878830,60,38,0,15,0,15,low_activity,0,181,0,181,low_activity,1.0,5439,0,5439,ok_volume,15,0,15,68149,2,68151
1769878831,60,38,0,15,0,15,low_activity,0,181,0,181,low_activity,1.0,5439,0,5439,ok_volume,0,0,0,68081,2,68083
1769878832,60,38,0,15,0,15,low_activity,0,15,0,15,low_activity,1.0,4654,0,4654,ok_volume,0,0,0,67918,2,67920
1769878833,60,38,0,0,0,0,no_volume,0,15,0,15,low_activity,1.0,4654,0,4654,ok_volume,0,0,0,65844,2,65846
1769878834,60,38,0,0,0,0,no_volume,0,15,0,15,low_activity,1.0,4654,0,4654,ok_volume,0,0,0,62258,2,62260
1769878835,60,38,0,0,0,0,no_volume,0,0,0,0,no_volume,1.0,4264,0,4264,ok_volume,0,0,0,62258,2,62260
1769878836,61,38,0,534,0,534,low_activity,0,534,0,534,low_activity,1.0,4798,0,4798,ok_volume,534,0,534,54637,2,54639
1769878837,61,38,0,534,0,534,low_activity,0,534,0,534,low_activity,1.0,4798,0,4798,ok_volume,0,0,0,54478,2,54480
1769878838,61,38,0,843,0,843,low_activity,0,843,0,843,low_activity,1.0,5107,0,5107,ok_volume,309,0,309,54787,2,54789
1769878839,61,38,0,466,0,466,low_activity,1.0,1000,0,1000,ok_volume,1.0,5264,0,5264,ok_volume,157,0,157,54944,2,54946
1769878840,61,38,0,466,0,466,low_activity,1.0,1000,0,1000,ok_volume,1.0,5264,0,5264,ok_volume,0,0,0,54897,2,54899
1769878841,61,38,0,157,0,157,low_activity,0,466,0,466,low_activity,1.0,5041,0,5041,ok_volume,0,0,0,54885,2,54887
1769878842,61,38,0,0,0,0,no_volume,0,466,0,466,low_activity,1.0,5041,0,5041,ok_volume,0,0,0,54885,2,54887
1769878843,61,38,0,0,0,0,no_volume,0,157,0,157,low_activity,1.0,4438,0,4438,ok_volume,0,0,0,53708,2,53710
1769878844,61,38,0,176,0,176,low_activity,0,176,0,176,low_activity,1.0,4303,0,4303,ok_volume,176,0,176,53884,2,53886
1769878845,61,38,0,176,0,176,low_activity,0,176,0,176,low_activity,1.0,4303,0,4303,ok_volume,0,0,0,53664,2,53666
1769878846,61,38,0,176,0,176,low_activity,0,176,0,176,low_activity,1.0,3827,0,3827,ok_volume,0,0,0,53109,2,53111
1769878847,61,38,0,115,0,115,low_activity,0,291,0,291,low_activity,1.0,3942,0,3942,ok_volume,54,0,54,53096,2,53098
1769878848,61,38,0,176,0,176,low_activity,1.0,352,0,352,ok_volume,1.0,4003,0,4003,ok_volume,61,0,61,53157,2,53159
1769878849,61,38,0,1361,0,1361,low_activity,1.0,1422,0,1422,ok_volume,1.0,4834,0,4834,ok_volume,1246,0,1246,8824,2,8826
1769878850,61,38,1.0,1767,0,1767,ok_volume,1.0,1882,0,1882,ok_volume,1.0,5294,0,5294,ok_volume,460,0,460,9284,2,9286
1769878851,61,38,0,1862,0,1862,low_activity,1.0,1977,0,1977,ok_volume,1.0,5450,0,5450,ok_volume,156,0,156,9440,2,9442
1769878852,61,38,0,616,0,616,low_activity,1.0,1923,0,1923,ok_volume,1.0,3408,0,3408,ok_volume,0,0,0,9440,2,9442
1769878853,61,38,0,257,0,257,low_activity,1.0,1963,0,1963,ok_volume,1.0,3509,0,3509,ok_volume,101,0,101,9541,2,9543
1769878854,61,38,0,101,0,101,low_activity,0,717,0,717,low_activity,1.0,3496,0,3496,ok_volume,0,0,0,9541,2,9543
1769878855,61,38,0,773,0,773,low_activity,0,929,0,929,low_activity,1.0,4168,0,4168,ok_volume,672,0,672,10121,2,10123
1769878856,61,38,0,672,0,672,low_activity,0,773,0,773,low_activity,1.0,4168,0,4168,ok_volume,0,0,0,10121,2,10123
1769878857,61,38,0,672,0,672,low_activity,0,773,0,773,low_activity,1.0,4002,0,4002,ok_volume,0,0,0,10121,2,10123
1769878858,61,38,0,0,0,0,no_volume,0,672,0,672,low_activity,1.0,4002,0,4002,ok_volume,0,0,0,10091,2,10093
1769878859,61,38,0,0,0,0,no_volume,0,672,0,672,low_activity,1.0,4002,0,4002,ok_volume,0,0,0,9501,2,9503
1769878860,61,38,0,0,0,0,no_volume,0,9375,0,9375,low_activity,1.0,13362,0,13362,ok_volume,0,0,0,18806,2,18808
1769878861,61,38,0,1085,12,1097,low_activity,0,10460,12,10472,low_activity,0.998,14447,12,14459,ok_volume,1085,0,1085,19891,14,19905
1769878862,61,38,0.998,11163,12,11175,ok_volume,0.998,11163,12,11175,ok_volume,0.999,24525,12,24537,ok_volume,10078,0,10078,29184,14,29198
1769878863,61,38,0,11163,0,11163,low_activity,0.998,11163,12,11175,ok_volume,0.999,24525,12,24537,ok_volume,0,0,0,29184,14,29198
1769878864,61,38,0,10078,0,10078,low_activity,0.998,11163,12,11175,ok_volume,0.999,24525,12,24537,ok_volume,0,0,0,29184,14,29198
1769878865,61,38,0,0,0,0,no_volume,0,11163,0,11163,low_activity,0.999,24525,12,24537,ok_volume,0,0,0,28794,14,28808
1769878866,61,38,0,16,0,16,low_activity,0,10094,0,10094,low_activity,0.999,24007,12,24019,ok_volume,16,0,16,28810,14,28824
1769878867,61,38,0,203,0,203,low_activity,0,203,0,203,low_activity,0.999,24194,12,24206,ok_volume,156,0,156,28997,14,29011
1769878868,61,38,0,203,0,203,low_activity,0,203,0,203,low_activity,0.999,23885,12,23897,ok_volume,0,0,0,28997,14,29011
1769878869,61,38,0,296,0,296,low_activity,1.0,343,0,343,ok_volume,0.999,23868,12,23880,ok_volume,140,0,140,29137,14,29151
1769878870,61,38,0,140,0,140,low_activity,1.0,343,0,343,ok_volume,0.999,23868,12,23880,ok_volume,0,0,0,29137,14,29151
1769878871,61,38,0,140,0,140,low_activity,0,296,0,296,low_activity,0.999,23868,12,23880,ok_volume,0,0,0,28914,14,28928
1769878872,61,38,0,0,0,0,no_volume,0,140,0,140,low_activity,0.999,23868,12,23880,ok_volume,0,0,0,28914,14,28928
1769878873,61,38,0,92,0,92,low_activity,0,232,0,232,low_activity,0.999,23960,12,23972,ok_volume,92,0,92,28403,14,28417
1769878874,61,38,0,107,0,107,low_activity,0,107,0,107,low_activity,0.999,23799,12,23811,ok_volume,19,0,19,28106,14,28120
1769878875,61,38,0,183,0,183,low_activity,0,183,0,183,low_activity,0.999,23875,12,23887,ok_volume,76,0,76,28182,14,28196
1769878876,61,38,0,122,0,122,low_activity,0,214,0,214,low_activity,0.999,23845,12,23857,ok_volume,31,0,31,27737,14,27751
1769878877,61,38,0,119,0,119,low_activity,0,226,0,226,low_total_volume,0.999,23803,12,23815,ok_volume,12,0,12,27749,14,27763
1769878878,61,38,0,194,0,194,low_activity,0,285,0,285,low_total_volume,0.999,23893,12,23905,ok_volume,151,0,151,27900,14,27914
1769878879,61,38,0,219,0,219,low_activity,1.0,326,0,326,ok_volume,0.999,22703,12,22715,ok_volume,59,0,59,27551,14,27565
1769878880,61,38,0,207,0,207,low_activity,0,250,0,250,low_total_volume,0.999,22243,12,22255,ok_volume,0,0,0,27551,14,27565
1769878881,61,38,0,56,0,56,low_activity,0,219,0,219,low_activity,0.999,22087,12,22099,ok_volume,0,0,0,27551,14,27565
1769878882,61,38,0,63,0,63,low_activity,0,270,0,270,low_total_volume,0.999,22150,12,22162,ok_volume,64,0,64,25573,14,25587
1769878883,61,38,0,63,0,63,low_activity,0,119,0,119,low_activity,0.999,22049,12,22061,ok_volume,4,0,4,25577,12,25589
1769878884,61,38,0,63,0,63,low_activity,0,63,0,63,low_activity,0.999,22049,12,22061,ok_volume,0,0,0,25564,12,25576
1769878885,61,38,0,0,0,0,low_activity,0,63,0,63,low_activity,0.999,21377,12,21389,ok_volume,0,0,0,25564,12,25576
1769878886,61,38,0,124,0,124,low_activity,0,187,0,187,low_activity,0.999,21501,12,21513,ok_volume,124,0,124,25688,12,25700
1769878887,61,38,0,228,0,228,low_activity,0,228,0,228,low_activity,0.998,12230,12,12242,ok_volume,104,0,104,25626,12,25638
1769878888,61,38,1.0,575,0,575,ok_volume,1.0,575,0,575,ok_volume,0.998,12577,12,12589,ok_volume,347,0,347,25973,12,25985
1769878889,61,38,1.0,451,0,451,ok_volume,1.0,575,0,575,ok_volume,0.998,12577,12,12589,ok_volume,9,0,9,25982,12,25994
1769878890,61,38,0,347,0,347,low_activity,1.0,575,0,575,ok_volume,1.0,12577,0,12577,ok_volume,0,0,0,25967,12,25979
1769878891,61,38,0,15,0,15,low_activity,1.0,466,0,466,ok_volume,1.0,11507,0,11507,ok_volume,15,0,15,25982,12,25994
1769878892,61,38,0,15,0,15,low_activity,0,362,0,362,low_activity,1.0,1429,0,1429,ok_volume,0,0,0,25982,12,25994
1769878893,61,38,0,15,0,15,low_activity,0,15,0,15,low_activity,1.0,1429,0,1429,ok_volume,0,0,0,25982,12,25994
1769878894,61,38,0,0,0,0,low_activity,0,15,0,15,low_activity,1.0,1429,0,1429,ok_volume,7,0,7,25989,12,26001
1769878895,61,38,0,0,0,0,low_activity,0,15,0,15,low_activity,1.0,1429,0,1429,ok_volume,0,0,0,25989,12,26001
1769878896,61,38,0,0,0,0,low_activity,0,0,0,0,low_activity,1.0,1382,0,1382,ok_volume,0,0,0,25455,12,25467
1769878897,61,38,0,0,0,0,no_volume,0,0,0,0,low_activity,1.0,1226,0,1226,ok_volume,0,0,0,25455,12,25467
1769878898,61,38,0,296,0,296,low_activity,0,296,0,296,low_activity,1.0,1522,0,1522,ok_volume,296,0,296,25442,12,25454
1769878899,61,38,0,296,0,296,low_activity,0,296,0,296,low_activity,1.0,1382,0,1382,ok_volume,0,0,0,25285,12,25297
1769878900,61,38,0,312,0,312,low_activity,0,312,0,312,low_activity,1.0,1398,0,1398,ok_volume,16,0,16,25301,12,25313
1769878901,61,38,0,16,0,16,low_activity,0,312,0,312,low_activity,1.0,1398,0,1398,ok_volume,0,0,0,25301,12,25313
1769878902,61,38,0,16,0,16,low_activity,0,312,0,312,low_activity,1.0,1398,0,1398,ok_volume,0,0,0,25301,12,25313
1769878903,61,38,0,0,0,0,no_volume,0,16,0,16,low_activity,1.0,1306,0,1306,ok_volume,0,0,0,25301,12,25313
1769878904,61,38,0,31,0,31,low_activity,0,47,0,47,low_activity,1.0,1322,0,1322,ok_volume,31,0,31,25156,12,25168
1769878905,61,38,0,31,0,31,low_activity,0,31,0,31,low_activity,1.0,1246,0,1246,ok_volume,1,0,1,25157,12,25169
1769878906,61,38,0,733,0,733,low_activity,0,733,0,733,low_activity,1.0,1917,0,1917,ok_volume,546,0,546,25798,12,25810
1769878907,61,38,0,810,0,810,low_activity,1.0,841,0,841,ok_volume,1.0,2013,0,2013,ok_volume,30,0,30,25852,12,25864
1769878908,61,38,0,665,0,665,low_activity,1.0,852,0,852,ok_volume,1.0,1873,0,1873,ok_volume,11,0,11,25802,12,25814
1769878909,61,38,0,41,0,41,low_activity,1.0,821,0,821,ok_volume,1.0,1817,0,1817,ok_volume,0,0,0,24556,12,24568
1769878910,61,38,0,11,0,11,low_activity,0,665,0,665,low_activity,1.0,1817,0,1817,ok_volume,1,0,1,24097,12,24109
1769878911,61,38,0,252,0,252,low_activity,0,293,0,293,low_activity,1.0,2069,0,2069,ok_volume,252,0,252,24193,12,24205
1769878912,61,38,0,252,0,252,low_activity,0,263,0,263,low_activity,1.0,2006,0,2006,ok_volume,8,2,10,24201,14,24215
1769878913,61,38,0,335,0,335,low_activity,0,335,0,335,low_activity,1.0,2089,0,2089,ok_volume,90,0,90,24190,14,24204
1769878914,61,38,0,98,0,98,low_activity,0,350,0,350,low_activity,1.0,2104,0,2104,ok_volume,15,0,15,24205,14,24219
1769878915,61,38,0,98,0,98,low_activity,0,350,0,350,low_activity,1.0,2104,0,2104,ok_volume,5,0,5,23538,14,23552
1769878916,61,38,0,1115,0,1115,low_activity,0,1198,0,1198,low_activity,1.0,3080,0,3080,ok_volume,100,0,100,24638,14,24652
1769878917,61,38,1.0,51429,0,51429,ok_volume,1.0,51527,0,51527,ok_volume,1.0,53305,0,53305,ok_volume,50329,0,50329,65592,14,65606
1769878918,61,38,1.0,50429,0,50429,ok_volume,1.0,51444,0,51444,ok_volume,1.0,52958,0,52958,ok_volume,0,0,0,65592,14,65606
1769878919,61,38,1.0,50472,0,50472,ok_volume,1.0,51572,0,51572,ok_volume,1.0,53101,0,53101,ok_volume,143,0,143,65735,14,65749
1769878920,61,38,0,143,0,143,low_activity,1.0,50572,0,50572,ok_volume,1.0,53101,0,53101,ok_volume,0,0,0,65735,2,65737
1769878921,61,38,0,143,0,143,low_activity,1.0,50472,0,50472,ok_volume,1.0,53086,0,53086,ok_volume,0,3,3,64650,5,64655
1769878922,61,38,0,0,0,0,low_activity,0,143,0,143,low_activity,1.0,53086,0,53086,ok_volume,0,0,0,54572,5,54577
1769878923,61,38,0,0,0,0,low_activity,0,143,0,143,low_activity,1.0,53086,0,53086,ok_volume,0,0,0,54579,5,54584
1769878924,61,38,0,39,0,39,low_activity,0,39,0,39,low_activity,1.0,53125,0,53125,ok_volume,39,0,39,54618,5,54623
1769878925,61,38,0,429,0,429,low_activity,0,429,0,429,low_activity,1.0,53515,0,53515,ok_volume,390,0,390,55008,5,55013
1769878926,61,38,0,429,0,429,low_activity,0,429,0,429,low_activity,1.0,53515,0,53515,ok_volume,1,0,1,54962,5,54967
1769878927,61,38,0,1181,0,1181,low_activity,0,1220,0,1220,low_activity,1.0,54306,0,54306,ok_volume,234,0,234,55597,5,55602
1769878928,61,38,0,791,0,791,low_activity,0,1220,0,1220,low_activity,1.0,54010,0,54010,ok_volume,0,0,0,55597,5,55602
1769878929,61,38,0,234,0,234,low_activity,0,1181,0,1181,low_activity,1.0,54010,0,54010,ok_volume,0,0,0,55457,5,55462
1769878930,61,38,0,0,155,155,low_activity,0,791,155,946,low_activity,0.994,53994,155,54149,ok_volume,0,155,155,55457,160,55617
1769878931,61,38,0,0,155,155,low_activity,0,234,155,389,low_activity,0.994,53994,155,54149,ok_volume,0,0,0,55457,160,55617
1769878932,61,38,0,0,155,155,low_activity,0,0,155,155,low_activity,0.994,53994,155,54149,ok_volume,0,0,0,55457,160,55617
1769878933,61,38,0,15,0,15,low_activity,0,15,155,170,low_activity,0.994,54009,155,54164,ok_volume,15,0,15,55380,160,55540
1769878934,61,38,0,15,0,15,low_activity,0,15,155,170,low_activity,0.994,53978,155,54133,ok_volume,0,0,0,55361,160,55521
1769878935,61,38,0,159,0,159,low_activity,0,159,0,159,low_activity,0.994,53966,155,54121,ok_volume,144,0,144,55429,160,55589
1769878936,61,38,1.0,583,0,583,ok_volume,1.0,598,0,598,ok_volume,0.994,53781,155,53936,ok_volume,445,0,445,55843,160,56003
1769878937,61,38,1.0,583,0,583,ok_volume,1.0,598,0,598,ok_volume,0.994,53751,155,53906,ok_volume,1,0,1,55832,160,55992
1769878938,61,38,0,439,0,439,low_activity,1.0,583,0,583,ok_volume,0.994,53740,155,53895,ok_volume,0,0,0,55674,160,55834
1769878939,61,38,0,251,0,251,low_activity,1.0,834,0,834,ok_volume,0.994,53991,155,54146,ok_volume,251,0,251,55866,160,56026
1769878940,61,38,0,332,0,332,low_activity,1.0,771,0,771,ok_volume,0.994,54072,155,54227,ok_volume,88,0,88,55954,160,56114
1769878941,61,38,0,332,0,332,low_activity,0,332,0,332,low_activity,0.994,53820,155,53975,ok_volume,0,0,0,55954,160,56114
1769878942,61,38,0,81,0,81,low_activity,0,332,0,332,low_activity,0.994,53820,155,53975,ok_volume,0,0,0,55890,160,56050
1769878943,61,38,0,177,0,177,low_activity,0,509,0,509,low_activity,0.994,53914,155,54069,ok_volume,177,0,177,56063,160,56223
1769878944,61,38,0,177,0,177,low_activity,0,258,0,258,low_activity,0.994,53899,155,54054,ok_volume,0,0,0,56063,160,56223
1769878945,61,38,0,177,0,177,low_activity,0,177,0,177,low_activity,0.994,52899,155,53054,ok_volume,0,0,0,56063,160,56223
1769878946,61,38,0,0,0,0,no_volume,0,177,0,177,low_activity,0.994,52799,155,52954,ok_volume,0,0,0,55939,160,56099
1769878947,61,38,0,0,0,0,no_volume,0,177,0,177,low_activity,0.882,2470,155,2625,ok_volume,0,0,0,55835,160,55995
1769878948,61,38,0,0,0,0,no_volume,0,0,0,0,no_volume,0.882,2470,155,2625,ok_volume,0,0,0,55488,160,55648
1769878949,61,38,0,0,0,0,no_volume,0,0,0,0,no_volume,0.875,2327,155,2482,ok_volume,0,0,0,55479,160,55639
1769878950,61,38,0,100,0,100,low_activity,0,100,0,100,low_activity,0.88,2427,155,2582,ok_volume,100,0,100,55579,160,55739
1769878951,61,38,0,100,0,100,low_activity,0,100,0,100,low_activity,0.88,2427,155,2582,ok_volume,1,0,1,55565,160,55725
1769878952,61,38,0,172,0,172,low_activity,0,172,0,172,low_activity,0.883,2499,155,2654,ok_volume,72,0,72,55637,160,55797
1769878953,61,38,0,273,0,273,low_activity,0,373,0,373,low_activity,0.891,2700,155,2855,ok_volume,201,0,201,55838,160,55998
1769878954,61,38,1.0,355,0,355,ok_volume,1.0,455,0,455,ok_volume,0.893,2743,155,2898,ok_volume,82,0,82,55913,160,56073
1769878955,61,38,0,361,0,361,low_activity,1.0,433,0,433,ok_volume,0.88,2431,155,2586,ok_volume,78,0,78,55991,160,56151
1769878956,61,38,1.0,551,0,551,ok_volume,1.0,824,0,824,ok_volume,0.872,2265,155,2420,ok_volume,391,0,391,56382,160,56542
1769878957,61,38,0,469,0,469,low_activity,1.0,752,0,752,ok_volume,0.858,2031,155,2186,ok_volume,0,0,0,56382,160,56542
1769878958,61,38,0,391,0,391,low_activity,1.0,551,0,551,ok_volume,0.858,2031,155,2186,ok_volume,0,0,0,56086,160,56246
1769878959,61,38,0,283,0,283,low_activity,1.0,752,0,752,ok_volume,0.874,2314,155,2469,ok_volume,283,0,283,56369,160,56529
1769878960,61,38,0,283,0,283,low_activity,1.0,674,0,674,ok_volume,1.0,2314,0,2314,ok_volume,0,0,0,56353,160,56513
1769878961,61,38,0,283,0,283,low_activity,0,283,0,283,low_activity,1.0,2314,0,2314,ok_volume,0,0,0,56353,160,56513
1769878962,61,38,0,50,0,50,low_activity,0,333,0,333,low_activity,1.0,2364,0,2364,ok_volume,50,0,50,56403,160,56563
1769878963,61,38,0,50,0,50,low_activity,0,333,0,333,low_activity,1.0,2349,0,2349,ok_volume,0,0,0,56403,160,56563
1769878964,61,38,0,50,0,50,low_activity,0,50,0,50,low_activity,1.0,2349,0,2349,ok_volume,0,0,0,56372,160,56532
1769878965,61,38,0,84,0,84,low_activity,0,134,0,134,low_activity,1.0,2289,0,2289,ok_volume,84,0,84,56299,160,56459
1769878966,61,38,0,1518,0,1518,low_activity,0,1568,0,1568,low_activity,1.0,3284,0,3284,ok_volume,1434,0,1434,57109,160,57269
1769878967,61,38,0,1518,0,1518,low_activity,0,1518,0,1518,low_activity,1.0,3284,0,3284,ok_volume,0,0,0,57079,160,57239
1769878968,61,38,0,1434,0,1434,low_activity,0,1518,0,1518,low_activity,1.0,3284,0,3284,ok_volume,0,0,0,57068,160,57228
1769878969,61,38,0,30,0,30,low_activity,0,1548,0,1548,low_activity,1.0,3063,0,3063,ok_volume,0,0,0,57098,160,57258
1769878970,61,38,0,376,0,376,low_activity,0,1810,0,1810,low_activity,1.0,3328,0,3328,ok_volume,346,0,346,57443,160,57603
1769878971,61,38,0,619,0,619,low_activity,0,649,0,649,low_activity,1.0,3601,0,3601,ok_volume,273,0,273,57464,160,57624
1769878972,61,38,0,619,0,619,low_activity,0,649,0,649,low_activity,1.0,3601,0,3601,ok_volume,0,0,0,57456,158,57614
1769878973,61,38,0,685,0,685,low_activity,0,1031,0,1031,low_activity,1.0,3836,0,3836,ok_volume,312,0,312,57778,158,57936
1769878974,61,38,0,412,0,412,low_activity,0,1031,0,1031,low_activity,1.0,3836,0,3836,ok_volume,0,0,0,57763,158,57921
1769878975,61,38,0,412,0,412,low_activity,0,785,0,785,low_activity,1.0,3936,0,3936,ok_volume,100,0,100,56858,158,57016
1769878976,61,38,0,100,0,100,low_activity,0,512,0,512,low_activity,1.0,3936,0,3936,ok_volume,0,0,0,56758,158,56916
1769878977,61,38,0,257,0,257,low_activity,0,569,0,569,low_activity,1.0,4093,0,4093,ok_volume,157,0,157,6586,158,6744
1769878978,61,38,0,157,0,157,low_activity,0,257,0,257,low_activity,1.0,4093,0,4093,ok_volume,0,0,0,6586,158,6744
1769878979,61,38,0,204,0,204,low_activity,0,304,0,304,low_activity,1.0,4140,0,4140,ok_volume,47,0,47,6490,158,6648
1769878980,61,38,0,47,0,47,low_activity,0,204,0,204,low_activity,1.0,4040,0,4040,ok_volume,0,0,0,6490,158,6648
1769878981,61,38,0,47,0,47,low_activity,0,204,0,204,low_activity,1.0,4040,0,4040,ok_volume,0,0,0,6490,155,6645
1769878982,61,38,0,0,0,0,no_volume,0,47,0,47,low_activity,1.0,3968,0,3968,ok_volume,0,0,0,6483,155,6638
1769878983,61,38,0,753,0,753,low_activity,0,800,0,800,low_activity,1.0,4520,0,4520,ok_volume,753,0,753,7236,155,7391
1769878984,61,38,0,753,0,753,low_activity,0,753,0,753,low_activity,1.0,4438,0,4438,ok_volume,0,0,0,7197,155,7352
1769878985,61,38,0,862,0,862,low_activity,0,862,0,862,low_activity,1.0,4469,0,4469,ok_volume,109,0,109,6916,155,7071
1769878986,61,38,0,109,0,109,low_activity,0,862,0,862,low_activity,1.0,4078,0,4078,ok_volume,0,0,0,6358,155,6513
1769878987,61,38,0,109,0,109,low_activity,0,862,0,862,low_activity,1.0,4078,0,4078,ok_volume,0,0,0,6124,155,6279
1769878988,61,38,0,0,0,0,no_volume,0,109,0,109,low_activity,1.0,4078,0,4078,ok_volume,0,0,0,6124,155,6279
1769878989,61,38,0,0,0,0,no_volume,0,109,0,109,low_activity,1.0,3795,0,3795,ok_volume,0,0,0,6124,155,6279
1769878990,61,38,0,1786,0,1786,low_activity,0,1786,0,1786,low_activity,1.0,5581,0,5581,ok_volume,1786,0,1786,7910,0,7910
1769878991,61,38,0,1786,0,1786,low_activity,0,1786,0,1786,low_activity,1.0,5581,0,5581,ok_volume,0,0,0,7910,0,7910
1769878992,61,38,0,2170,0,2170,low_activity,0,2170,0,2170,low_activity,1.0,5915,0,5915,ok_volume,0,0,0,8294,0,8294
1769878993,61,38,0,384,0,384,low_activity,0,2170,0,2170,low_activity,1.0,5915,0,5915,ok_volume,0,0,0,8279,0,8279
1769878994,61,38,0,12,0,12,low_activity,1.0,2182,0,2182,ok_volume,1.0,5927,0,5927,ok_volume,12,0,12,8291,0,8291
1769878995,61,38,0,12,0,12,low_activity,0,396,0,396,low_activity,1.0,5843,0,5843,ok_volume,0,0,0,8147,0,8147
1769878996,61,38,0,127,0,127,low_activity,0,127,0,127,low_activity,1.0,4524,0,4524,ok_volume,15,0,15,7817,0,7817
1769878997,61,38,0,310,0,310,low_activity,1.0,322,0,322,ok_volume,1.0,4719,0,4719,ok_volume,129,0,129,8011,0,8011
1769878998,61,38,1.0,1595,0,1595,ok_volume,1.0,1707,0,1707,ok_volume,1.0,6074,0,6074,ok_volume,1385,0,1385,9396,0,9396
1769878999,61,38,0,1594,0,1594,low_activity,1.0,1775,0,1775,ok_volume,1.0,6154,0,6154,ok_volume,81,0,81,9226,0,9226
1769879000,61,38,0,2172,0,2172,low_activity,1.0,2382,0,2382,ok_volume,1.0,6515,0,6515,ok_volume,707,0,707,9845,0,9845
1769879001,61,38,0,4477,0,4477,low_activity,1.0,5991,0,5991,ok_volume,1.0,9932,0,9932,ok_volume,3690,0,3690,13535,0,13535
1769879002,61,38,0,4412,0,4412,low_activity,1.0,5877,0,5877,ok_volume,1.0,9847,0,9847,ok_volume,15,0,15,13550,0,13550
1769879003,61,38,0,3705,0,3705,low_activity,0,4492,0,4492,low_activity,1.0,9535,0,9535,ok_volume,0,0,0,13373,0,13373
1769879004,61,38,0,55,0,55,low_activity,0,4452,0,4452,low_activity,1.0,9575,0,9575,ok_volume,40,0,40,13413,0,13413
1769879005,61,38,0,40,0,40,low_activity,0,3745,0,3745,low_activity,1.0,9475,0,9475,ok_volume,0,0,0,13413,0,13413
1769879006,61,38,0,55,0,55,low_activity,0,70,0,70,low_activity,1.0,9490,0,9490,ok_volume,15,0,15,13428,0,13428
1769879007,61,38,0,15,0,15,low_activity,0,55,0,55,low_activity,1.0,9333,0,9333,ok_volume,0,0,0,13428,0,13428
1769879008,61,38,0,35,0,35,low_activity,0,75,0,75,low_activity,1.0,9353,0,9353,ok_volume,20,0,20,13448,0,13448
1769879009,61,38,0,40,0,40,low_activity,0,55,0,55,low_activity,1.0,9326,0,9326,ok_volume,21,0,21,13469,0,13469
1769879010,61,38,0,40,0,40,low_activity,0,55,0,55,low_activity,1.0,9326,0,9326,ok_volume,0,0,0,13369,0,13369
1769879011,61,38,0,245,0,245,low_activity,0,265,0,265,low_activity,1.0,9551,0,9551,ok_volume,225,0,225,13593,0,13593
1769879012,61,38,0,256,0,256,low_activity,0,296,0,296,low_total_volume,1.0,9582,0,9582,ok_volume,31,0,31,13552,0,13552
1769879013,61,38,0,758,0,758,low_activity,1.0,778,0,778,ok_volume,1.0,9331,0,9331,ok_volume,502,0,502,13853,0,13853
1769879014,61,38,0,533,0,533,low_activity,0,758,0,758,low_activity,1.0,9331,0,9331,ok_volume,0,0,0,13771,0,13771
1769879015,61,38,0,602,0,602,low_activity,1.0,858,0,858,ok_volume,1.0,9322,0,9322,ok_volume,100,0,100,13793,0,13793
1769879016,61,38,0,210,0,210,low_activity,0,743,0,743,low_activity,1.0,9432,0,9432,ok_volume,110,0,110,13512,0,13512
1769879017,61,38,0,514,0,514,low_activity,0,1016,0,1016,low_activity,1.0,9736,0,9736,ok_volume,304,0,304,13816,0,13816
1769879018,61,38,0,414,0,414,low_activity,0,514,0,514,low_activity,1.0,9736,0,9736,ok_volume,0,0,0,13816,0,13816
1769879019,61,38,0,334,0,334,low_activity,0,544,0,544,low_activity,1.0,9766,0,9766,ok_volume,30,0,30,13563,0,13563
1769879020,61,38,0,145,0,145,low_activity,0,559,0,559,low_activity,1.0,8095,0,8095,ok_volume,115,0,115,13678,0,13678
1769879021,61,38,0,145,0,145,low_activity,0,449,0,449,low_activity,1.0,7711,0,7711,ok_volume,0,0,0,13678,0,13678
1769879022,61,38,0,146,0,146,low_activity,0,176,0,176,low_activity,1.0,7742,0,7742,ok_volume,31,0,31,13659,0,13659
1769879023,61,38,0,31,0,31,low_activity,0,176,0,176,low_activity,1.0,7742,0,7742,ok_volume,0,0,0,13659,0,13659
1769879024,61,38,0,31,0,31,low_activity,0,146,0,146,low_activity,1.0,7730,0,7730,ok_volume,0,0,0,13659,0,13659
1769879025,61,38,0,0,0,0,no_volume,0,31,0,31,low_activity,1.0,7630,0,7630,ok_volume,0,0,0,13575,0,13575
1769879026,61,38,0,116,0,116,low_activity,0,147,0,147,low_activity,1.0,7665,0,7665,ok_volume,116,0,116,12257,0,12257
1769879027,61,38,0,508,0,508,low_activity,0,508,0,508,low_activity,1.0,7928,0,7928,ok_volume,392,0,392,12649,0,12649
1769879028,61,38,1.0,2474,0,2474,ok_volume,1.0,2474,0,2474,ok_volume,1.0,8509,0,8509,ok_volume,1967,0,1967,14586,0,14586
1769879029,61,38,1.0,2373,0,2373,ok_volume,1.0,2489,0,2489,ok_volume,1.0,8444,0,8444,ok_volume,16,0,16,14602,0,14602
1769879030,61,38,0,1981,0,1981,low_activity,1.0,2489,0,2489,ok_volume,1.0,7737,0,7737,ok_volume,0,0,0,14256,0,14256
1769879031,61,38,0,423,0,423,low_activity,1.0,2781,0,2781,ok_volume,1.0,4455,0,4455,ok_volume,408,0,408,14391,0,14391
1769879032,61,38,0,722,0,722,low_activity,1.0,2703,0,2703,ok_volume,1.0,4754,0,4754,ok_volume,314,0,314,14605,0,14605
1769879033,61,38,0,722,0,722,low_activity,0,737,0,737,low_activity,1.0,4754,0,4754,ok_volume,0,0,0,14293,0,14293
1769879034,61,38,0,314,0,314,low_activity,0,722,0,722,low_activity,1.0,4714,0,4714,ok_volume,0,0,0,14293,0,14293
1769879035,61,38,0,46,0,46,low_activity,0,768,0,768,low_activity,1.0,4760,0,4760,ok_volume,46,0,46,14239,0,14239
1769879036,61,38,0,46,0,46,low_activity,0,360,0,360,low_activity,1.0,4745,0,4745,ok_volume,8,0,8,14247,0,14247
1769879037,61,38,0,46,0,46,low_activity,0,46,0,46,low_activity,1.0,4745,0,4745,ok_volume,0,0,0,14090,0,14090
1769879038,61,38,0,1341,0,1341,low_activity,0,1387,0,1387,low_activity,1.0,6066,0,6066,ok_volume,1341,0,1341,15431,0,15431
1769879039,61,38,0,1341,0,1341,low_activity,0,1387,0,1387,low_activity,1.0,6046,0,6046,ok_volume,0,0,0,15384,0,15384
1769879040,61,38,0,1424,0,1424,low_activity,0,1424,0,1424,low_activity,1.0,6129,0,6129,ok_volume,83,0,83,15467,0,15467
1769879041,61,38,0,83,0,83,low_activity,0,1424,0,1424,low_activity,1.0,5904,0,5904,ok_volume,0,0,0,15467,0,15467
1769879042,61,38,0,83,0,83,low_activity,0,1424,0,1424,low_activity,1.0,5873,0,5873,ok_volume,4,0,4,15471,0,15471
1769879043,61,38,0,270,0,270,low_activity,0,353,0,353,low_activity,1.0,5641,0,5641,ok_volume,270,0,270,14988,0,14988
1769879044,61,38,0,270,0,270,low_activity,0,353,0,353,low_activity,1.0,5641,0,5641,ok_volume,0,0,0,14988,0,14988
1769879045,61,38,0,357,0,357,low_activity,0,357,0,357,low_activity,1.0,5628,0,5628,ok_volume,87,0,87,14966,0,14966
1769879046,61,38,0,100,0,100,low_activity,0,370,0,370,low_activity,1.0,5531,0,5531,ok_volume,13,0,13,14979,0,14979
1769879047,61,38,0,100,0,100,low_activity,0,370,0,370,low_activity,1.0,5227,0,5227,ok_volume,1,0,1,14980,0,14980
1769879048,61,38,0,660,0,660,low_activity,1.0,747,0,747,ok_volume,1.0,5874,0,5874,ok_volume,647,0,647,15627,0,15627
1769879049,61,38,0,647,0,647,low_activity,1.0,747,0,747,ok_volume,1.0,5844,0,5844,ok_volume,0,0,0,15627,0,15627
1769879050,61,38,0,647,0,647,low_activity,0,660,0,660,low_activity,1.0,5729,0,5729,ok_volume,0,0,0,13841,0,13841
1769879051,61,38,0,3279,0,3279,low_activity,1.0,3926,0,3926,ok_volume,1.0,9008,0,9008,ok_volume,3288,0,3288,16745,0,16745
1769879052,61,38,0,3279,0,3279,low_activity,1.0,3926,0,3926,ok_volume,1.0,8977,0,8977,ok_volume,0,0,0,16745,0,16745
1769879053,61,38,0,3279,0,3279,low_activity,0,3279,0,3279,low_activity,1.0,8977,0,8977,ok_volume,3,0,3,16748,0,16748
1769879054,61,38,0,0,0,0,low_activity,0,3279,0,3279,low_activity,1.0,8977,0,8977,ok_volume,0,0,0,16736,0,16736
1769879055,61,38,0,0,0,0,low_activity,0,3279,0,3279,low_activity,1.0,8977,0,8977,ok_volume,0,0,0,16636,0,16636
1769879056,61,38,0,1559,0,1559,low_activity,0,1559,0,1559,low_activity,1.0,10420,0,10420,ok_volume,1559,0,1559,18114,0,18114
1769879057,61,38,0,1559,0,1559,low_activity,0,1559,0,1559,low_activity,1.0,10028,0,10028,ok_volume,0,0,0,17985,0,17985
1769879058,61,38,0,1559,0,1559,low_activity,0,1559,0,1559,low_activity,1.0,8062,0,8062,ok_volume,0,0,0,16600,0,16600
1769879059,61,38,0,0,0,0,low_activity,0,1559,0,1559,low_activity,1.0,8047,0,8047,ok_volume,3,0,3,16522,0,16522
1769879060,61,38,0,0,0,0,low_activity,0,1559,0,1559,low_activity,1.0,8047,0,8047,ok_volume,0,0,0,15815,0,15815
1769879061,61,38,0,0,0,0,low_activity,0,0,0,0,low_activity,1.0,7639,0,7639,ok_volume,0,0,0,12125,0,12125
1769879062,61,38,0,78,0,78,low_activity,0,78,0,78,low_activity,1.0,7403,0,7403,ok_volume,85,0,85,12195,0,12195
1769879063,61,38,0,1690,0,1690,low_activity,0,1690,0,1690,low_activity,1.0,9015,0,9015,ok_volume,1612,0,1612,13807,0,13807
1769879064,61,38,0,1690,0,1690,low_activity,0,1690,0,1690,low_activity,1.0,9015,0,9015,ok_volume,0,0,0,13767,0,13767
1769879065,61,38,0,1612,0,1612,low_activity,0,1690,0,1690,low_activity,1.0,8969,0,8969,ok_volume,0,0,0,13767,0,13767
1769879066,61,38,0,39,0,39,low_activity,0,1729,0,1729,low_activity,1.0,9008,0,9008,ok_volume,39,0,39,13791,0,13791
1769879067,61,38,0,39,0,39,low_activity,0,1651,0,1651,low_activity,1.0,9008,0,9008,ok_volume,0,0,0,13791,0,13791
1769879068,61,38,0,118,0,118,low_activity,0,118,0,118,low_activity,1.0,7746,0,7746,ok_volume,79,0,79,13850,0,13850
1769879069,61,38,0,79,0,79,low_activity,0,118,0,118,low_activity,1.0,7746,0,7746,ok_volume,0,0,0,13829,0,13829
1769879070,61,38,0,360,0,360,low_activity,0,399,0,399,low_activity,1.0,7944,0,7944,ok_volume,281,0,281,14110,0,14110
1769879071,61,38,0,281,0,281,low_activity,0,360,0,360,low_activity,1.0,7944,0,7944,ok_volume,7,0,7,13892,0,13892
1769879072,61,38,0,281,0,281,low_activity,0,360,0,360,low_activity,1.0,7944,0,7944,ok_volume,0,0,0,13861,0,13861
1769879073,61,38,0,0,0,0,low_activity,0,281,0,281,low_activity,1.0,7674,0,7674,ok_volume,0,0,0,13359,0,13359
1769879074,61,38,0,0,0,0,no_volume,0,281,0,281,low_activity,1.0,7674,0,7674,ok_volume,0,0,0,13359,0,13359
1769879075,61,38,0,0,0,0,no_volume,0,0,0,0,low_activity,1.0,7587,0,7587,ok_volume,0,0,0,13259,0,13259
1769879076,61,38,0,14,0,14,low_activity,0,14,0,14,low_activity,1.0,7588,0,7588,ok_volume,14,0,14,13163,0,13163
1769879077,61,38,0,14,0,14,low_activity,0,14,0,14,low_activity,1.0,7588,0,7588,ok_volume,0,0,0,12859,0,12859
1769879078,61,38,0,68,0,68,low_activity,0,68,0,68,low_activity,1.0,6995,0,6995,ok_volume,54,0,54,12913,0,12913
1769879079,61,38,0,69,0,69,low_activity,0,83,0,83,low_activity,1.0,7010,0,7010,ok_volume,15,0,15,12898,0,12898
1769879080,61,38,0,69,0,69,low_activity,0,83,0,83,low_activity,1.0,7010,0,7010,ok_volume,0,0,0,12783,0,12783
1769879081,61,38,0,15,0,15,low_activity,0,69,0,69,low_activity,1.0,3731,0,3731,ok_volume,0,0,0,12783,0,12783
1769879082,61,38,0,0,0,0,no_volume,0,69,0,69,low_activity,1.0,3731,0,3731,ok_volume,0,0,0,12752,0,12752
1769879083,61,38,0,18,0,18,low_activity,0,33,0,33,low_activity,1.0,3749,0,3749,ok_volume,18,0,18,12770,0,12770
1769879084,61,38,0,208,0,208,low_activity,0,208,0,208,low_activity,1.0,3939,0,3939,ok_volume,194,0,194,12964,0,12964
1769879085,61,38,0,522,0,522,low_activity,0,522,0,522,low_activity,1.0,4253,0,4253,ok_volume,314,0,314,13278,0,13278
1769879086,61,38,1.0,2025,0,2025,ok_volume,1.0,2043,0,2043,ok_volume,1.0,4215,0,4215,ok_volume,1521,0,1521,14683,0,14683
1769879087,61,38,1.0,2614,0,2614,ok_volume,1.0,2822,0,2822,ok_volume,1.0,4994,0,4994,ok_volume,779,0,779,15070,0,15070
1769879088,61,38,0,2300,0,2300,low_activity,1.0,2804,0,2804,ok_volume,1.0,4994,0,4994,ok_volume,0,0,0,13103,0,13103
1769879089,61,38,0,779,0,779,low_activity,1.0,2614,0,2614,ok_volume,1.0,4994,0,4994,ok_volume,5,0,5,13092,0,13092
1769879090,61,38,0,113,0,113,low_activity,1.0,2413,0,2413,ok_volume,1.0,5107,0,5107,ok_volume,113,0,113,13205,0,13205
1769879091,61,38,0,113,0,113,low_activity,0,892,0,892,low_activity,1.0,5107,0,5107,ok_volume,0,0,0,12797,0,12797
1769879092,61,38,0,113,0,113,low_activity,0,113,0,113,low_activity,1.0,5029,0,5029,ok_volume,0,0,0,12483,0,12483
1769879093,61,38,0,625,0,625,low_activity,0,738,0,738,low_activity,1.0,4042,0,4042,ok_volume,0,0,0,13108,0,13108
1769879094,61,38,0,655,0,655,low_activity,0,768,0,768,low_activity,1.0,4072,0,4072,ok_volume,30,0,30,13138,0,13138
1769879095,61,38,0,30,0,30,low_activity,0,655,0,655,low_activity,1.0,4072,0,4072,ok_volume,0,0,0,13092,0,13092
1769879096,61,38,0,30,0,30,low_activity,0,655,0,655,low_activity,1.0,4033,0,4033,ok_volume,0,0,0,13084,0,13084
1769879097,61,38,0,45,0,45,low_activity,0,75,0,75,low_activity,1.0,4078,0,4078,ok_volume,52,0,52,13136,0,13136
1769879098,61,38,0,45,0,45,low_activity,0,75,0,75,low_activity,1.0,3999,0,3999,ok_volume,7,0,7,11802,0,11802
1769879099,61,38,0,45,0,45,low_activity,0,45,0,45,low_activity,1.0,3999,0,3999,ok_volume,0,0,0,11802,0,11802
1769879100,61,38,0,31,0,31,low_activity,0,76,0,76,low_activity,1.0,3749,0,3749,ok_volume,31,0,31,11750,0,11750
1769879101,61,38,0,31,0,31,low_activity,0,76,0,76,low_activity,1.0,3749,0,3749,ok_volume,0,0,0,11750,0,11750
1769879102,61,38,0,31,0,31,low_activity,0,31,0,31,low_activity,1.0,3749,0,3749,ok_volume,0,0,0,11746,0,11746
1769879103,61,38,0,0,0,0,no_volume,0,31,0,31,low_activity,1.0,3749,0,3749,ok_volume,0,0,0,11476,0,11476
1769879104,61,38,0,0,0,0,no_volume,0,31,0,31,low_activity,1.0,3749,0,3749,ok_volume,0,0,0,11476,0,11476
1769879105,61,38,0,46,0,46,low_activity,0,46,0,46,low_activity,1.0,3795,0,3795,ok_volume,46,0,46,11435,0,11435
1769879106,61,38,0,46,0,46,low_activity,0,46,0,46,low_activity,1.0,3781,0,3781,ok_volume,0,0,0,11422,0,11422
1769879107,61,38,0,438,0,438,low_activity,0,438,0,438,low_activity,1.0,4173,0,4173,ok_volume,3,0,3,11816,0,11816
1769879108,61,38,0,589,0,589,low_activity,0,635,0,635,low_activity,1.0,4316,0,4316,ok_volume,197,0,197,11366,0,11366
1769879109,61,38,0,197,0,197,low_activity,0,635,0,635,low_activity,1.0,4301,0,4301,ok_volume,0,0,0,11366,0,11366
1769879110,61,38,0,197,0,197,low_activity,0,589,0,589,low_activity,1.0,4301,0,4301,ok_volume,0,0,0,11366,0,11366
1769879111,61,38,0,76,0,76,low_activity,0,273,0,273,low_activity,1.0,4377,0,4377,ok_volume,76,0,76,8154,0,8154
1769879112,61,38,0,76,0,76,low_activity,0,273,0,273,low_activity,1.0,4377,0,4377,ok_volume,0,0,0,8154,0,8154
1769879113,61,38,0,276,0,276,low_activity,0,276,0,276,low_activity,1.0,4559,0,4559,ok_volume,0,0,0,8351,0,8351
1769879114,61,38,0,200,0,200,low_activity,0,276,0,276,low_activity,1.0,4369,0,4369,ok_volume,0,0,0,8351,0,8351
1769879115,61,38,0,150,0,150,low_activity,0,426,0,426,low_activity,1.0,4205,0,4205,ok_volume,150,0,150,8501,0,8501
1769879116,61,38,0,150,0,150,low_activity,0,350,0,350,low_activity,1.0,2684,0,2684,ok_volume,6,0,6,6948,0,6948
1769879117,61,38,0,165,0,165,low_activity,0,165,0,165,low_activity,1.0,1920,0,1920,ok_volume,15,0,15,6963,0,6963
1769879118,61,38,0,172,0,172,low_activity,0,322,0,322,low_activity,1.0,2077,0,2077,ok_volume,157,0,157,7120,0,7120
1769879119,61,38,0,258,0,258,low_activity,0,408,0,408,low_activity,1.0,2163,0,2163,ok_volume,86,0,86,7203,0,7203
1769879120,61,38,0,268,0,268,low_activity,0,283,0,283,low_activity,1.0,2075,0,2075,ok_volume,25,0,25,7228,0,7228
1769879121,61,38,0,111,0,111,low_activity,0,283,0,283,low_activity,1.0,2075,0,2075,ok_volume,0,0,0,7228,0,7228
1769879122,61,38,0,25,0,25,low_activity,0,268,0,268,low_activity,1.0,1450,0,1450,ok_volume,0,0,0,7143,0,7143
1769879123,61,38,0,1470,0,1470,low_activity,0,1581,0,1581,low_activity,1.0,2920,0,2920,ok_volume,1000,0,1000,7001,0,7001
1769879124,61,38,0,1470,0,1470,low_activity,0,1495,0,1495,low_activity,1.0,2890,0,2890,ok_volume,0,0,0,7001,0,7001
1769879125,61,38,0,1000,0,1000,low_activity,0,1470,0,1470,low_activity,1.0,2890,0,2890,ok_volume,0,0,0,7001,0,7001
1769879126,61,38,0,0,0,0,no_volume,0,1470,0,1470,low_activity,1.0,2890,0,2890,ok_volume,0,0,0,6962,0,6962
1769879127,61,38,0,500,0,500,low_activity,0,1500,0,1500,low_activity,1.0,3345,0,3345,ok_volume,500,0,500,7462,0,7462
1769879128,61,38,0,510,0,510,low_activity,0,510,0,510,low_activity,1.0,3355,0,3355,ok_volume,17,0,17,7400,0,7400
1769879129,61,38,0,510,0,510,low_activity,0,510,0,510,low_activity,1.0,3355,0,3355,ok_volume,0,0,0,7400,0,7400
1769879130,61,38,0,10,0,10,low_activity,0,510,0,510,low_activity,1.0,3324,0,3324,ok_volume,0,0,0,7122,0,7122
1769879131,61,38,0,0,0,0,low_activity,0,510,0,510,low_activity,1.0,3324,0,3324,ok_volume,0,0,0,7115,0,7115
1769879132,61,38,0,0,0,0,no_volume,0,10,0,10,low_activity,1.0,3324,0,3324,ok_volume,0,0,0,7115,0,7115
1769879133,61,38,0,38,0,38,low_activity,0,38,0,38,low_activity,1.0,3362,0,3362,ok_volume,38,0,38,7153,0,7153
1769879134,61,38,0,38,0,38,low_activity,0,38,0,38,low_activity,1.0,3362,0,3362,ok_volume,7,0,7,7160,0,7160
1769879135,61,38,0,38,0,38,low_activity,0,38,0,38,low_activity,1.0,3316,0,3316,ok_volume,0,0,0,7160,0,7160
1769879136,61,38,0,100,0,100,low_activity,0,138,0,138,low_activity,1.0,3024,0,3024,ok_volume,100,0,100,7246,0,7246
1769879137,61,38,0,100,0,100,low_activity,0,138,0,138,low_activity,1.0,3024,0,3024,ok_volume,0,0,0,7246,0,7246
1769879138,61,38,0,100,0,100,low_activity,0,100,0,100,low_activity,1.0,2827,0,2827,ok_volume,0,0,0,7192,0,7192
1769879139,61,38,0,0,0,0,no_volume,0,100,0,100,low_activity,1.0,2827,0,2827,ok_volume,0,0,0,7177,0,7177
1769879140,61,38,0,100,0,100,low_activity,0,200,0,200,low_activity,1.0,2927,0,2927,ok_volume,103,0,103,7280,0,7280
1769879141,61,38,0,115,0,115,low_activity,0,115,0,115,low_activity,1.0,2866,0,2866,ok_volume,15,0,15,7295,0,7295
1769879142,61,38,0.96,1734,35,1769,ok_volume,0.96,1734,35,1769,ok_volume,0.984,4285,35,4320,ok_volume,1619,35,1654,8914,35,8949
1769879143,61,38,0,1634,35,1669,low_activity,0.96,1734,35,1769,ok_volume,0.984,4285,35,4320,ok_volume,0,0,0,8896,35,8931
1769879144,61,38,0,1659,35,1694,low_activity,0.961,1774,35,1809,ok_volume,0.984,4325,35,4360,ok_volume,40,0,40,8742,35,8777
1769879145,61,38,0,71,0,71,low_activity,0.96,1705,35,1740,ok_volume,0.983,4206,35,4241,ok_volume,31,0,31,8459,35,8494
1769879146,61,38,0,221,0,221,low_activity,0.963,1840,35,1875,ok_volume,0.984,4356,35,4391,ok_volume,150,0,150,7088,35,7123
1769879147,61,38,0,181,0,181,low_activity,0,221,0,221,low_activity,0.984,4341,35,4376,ok_volume,1,0,1,6310,35,6345
1769879148,61,38,0,650,0,650,low_activity,0,721,0,721,low_activity,0.985,4684,35,4719,ok_volume,500,0,500,6810,35,6845
1769879149,61,38,0,500,0,500,low_activity,0,681,0,681,low_activity,0.985,4598,35,4633,ok_volume,5,0,5,6810,35,6845
1769879150,61,38,0,500,0,500,low_activity,0,650,0,650,low_activity,0.985,4573,35,4608,ok_volume,0,0,0,6697,35,6732
1769879151,61,38,0,67,0,67,low_activity,0,567,0,567,low_activity,0.985,4640,35,4675,ok_volume,74,0,74,6771,35,6806
1769879152,61,38,0,67,0,67,low_activity,0,567,0,567,low_activity,0.983,4170,35,4205,ok_volume,0,0,0,6146,35,6181
1769879153,61,38,0,67,0,67,low_activity,0,67,0,67,low_activity,0.978,3170,35,3205,ok_volume,0,0,0,6146,35,6181
1769879154,61,38,0,0,0,0,no_volume,0,67,0,67,low_activity,0.978,3170,35,3205,ok_volume,0,0,0,6116,35,6151
1769879155,61,38,0,0,0,0,no_volume,0,67,0,67,low_activity,0.978,3170,35,3205,ok_volume,0,0,0,6116,35,6151
1769879156,61,38,0,23,0,23,low_activity,0,23,0,23,low_activity,0.978,3193,35,3228,ok_volume,23,0,23,6139,35,6174
1769879157,61,38,0,23,0,23,low_activity,0,23,0,23,low_activity,0.974,2693,35,2728,ok_volume,0,0,0,6087,35,6122
1769879158,61,38,0,23,0,23,low_activity,0,23,0,23,low_activity,0.974,2683,35,2718,ok_volume,2,0,2,6082,35,6117
1769879159,61,38,0,124,0,124,low_activity,0,147,0,147,low_activity,0.975,2807,35,2842,ok_volume,124,0,124,6206,35,6241
1769879160,61,38,0,202,0,202,low_activity,0,225,0,225,low_activity,0.976,2885,35,2920,ok_volume,78,0,78,6253,35,6288
1769879161,61,38,0,907,0,907,low_activity,0,907,0,907,low_activity,0.981,3590,35,3625,ok_volume,705,0,705,6958,35,6993
1769879162,61,38,0,783,0,783,low_activity,0,907,0,907,low_activity,0.981,3590,35,3625,ok_volume,0,0,0,6958,35,6993
1769879163,61,38,0,705,0,705,low_activity,0,907,0,907,low_activity,0.98,3552,35,3587,ok_volume,0,0,0,6958,35,6993
1769879164,61,38,0,0,0,0,no_volume,0,783,0,783,low_activity,0.98,3552,35,3587,ok_volume,0,0,0,6958,35,6993
1769879165,61,38,0,2093,0,2093,low_activity,0,2798,0,2798,low_activity,0.988,5645,35,5680,ok_volume,2093,0,2093,9005,35,9040
1769879166,61,38,0,4962,0,4962,low_activity,0,4962,0,4962,low_activity,0.992,8414,35,8449,ok_volume,2869,0,2869,11482,35,11517
1769879167,61,38,1.0,5040,0,5040,ok_volume,1.0,5040,0,5040,ok_volume,0.992,8492,35,8527,ok_volume,78,0,78,11557,35,11592
1769879168,61,38,0,2947,0,2947,low_activity,1.0,5040,0,5040,ok_volume,0.992,8492,35,8527,ok_volume,7,0,7,11367,35,11402
1769879169,61,38,0,78,0,78,low_activity,1.0,5040,0,5040,ok_volume,0.992,8492,35,8527,ok_volume,0,0,0,11367,35,11402
1769879170,61,38,0,0,0,0,low_activity,0,2947,0,2947,low_activity,0.992,8392,35,8427,ok_volume,0,0,0,11367,35,11402
1769879171,61,38,0,25,0,25,low_activity,0,103,0,103,low_activity,0.992,8402,35,8437,ok_volume,25,0,25,11316,35,11351
1769879172,61,38,0,103,0,103,low_activity,0,103,0,103,low_activity,1.0,6861,0,6861,ok_volume,78,0,78,11194,35,11229
1769879173,61,38,0,103,0,103,low_activity,0,103,0,103,low_activity,1.0,6861,0,6861,ok_volume,0,0,0,11194,35,11229
1769879174,61,38,0,78,0,78,low_activity,0,103,0,103,low_activity,1.0,6821,0,6821,ok_volume,2,0,2,11196,35,11231
1769879175,61,38,0,0,0,0,low_activity,0,103,0,103,low_activity,1.0,6790,0,6790,ok_volume,0,0,0,11046,35,11081
1769879176,61,38,0,23,0,23,low_activity,0,101,0,101,low_activity,1.0,6663,0,6663,ok_volume,0,0,0,11063,35,11098
1769879177,61,38,0,73,0,73,low_activity,0,73,0,73,low_activity,1.0,6713,0,6713,ok_volume,50,0,50,11098,35,11133
1769879178,61,38,0,50,0,50,low_activity,0,73,0,73,low_activity,1.0,6213,0,6213,ok_volume,0,0,0,10941,35,10976
1769879179,61,38,0,50,0,50,low_activity,0,73,0,73,low_activity,1.0,6213,0,6213,ok_volume,0,0,0,10855,35,10890
1769879180,61,38,0,276,0,276,low_activity,0,326,0,326,low_activity,1.0,6489,0,6489,ok_volume,276,0,276,11106,35,11141
1769879181,61,38,0,276,0,276,low_activity,0,326,0,326,low_activity,1.0,6422,0,6422,ok_volume,0,0,0,11106,35,11141
1769879182,61,38,0,428,0,428,low_activity,0,428,0,428,low_activity,1.0,6574,0,6574,ok_volume,152,0,152,10788,35,10823
1769879183,61,38,0,152,0,152,low_activity,0,428,0,428,low_activity,1.0,6574,0,6574,ok_volume,0,0,0,9788,35,9823
1769879184,61,38,0,167,0,167,low_activity,0,443,0,443,low_activity,1.0,6589,0,6589,ok_volume,15,0,15,9810,35,9845
1769879185,61,38,0,30,0,30,low_activity,0,182,0,182,low_activity,1.0,6604,0,6604,ok_volume,15,0,15,9825,35,9860
1769879186,61,38,0,30,0,30,low_activity,0,182,0,182,low_activity,1.0,6581,0,6581,ok_volume,0,0,0,9825,35,9860
1769879187,61,38,0,230,0,230,low_activity,0,245,0,245,low_activity,1.0,6796,0,6796,ok_volume,157,0,157,9547,35,9582
1769879188,61,38,0,253,0,253,low_activity,0,283,0,283,low_total_volume,1.0,6834,0,6834,ok_volume,38,0,38,9568,35,9603
1769879189,61,38,0,231,0,231,low_activity,1.0,304,0,304,ok_volume,1.0,6746,0,6746,ok_volume,36,0,36,9601,35,9636
1769879190,61,38,0,881,0,881,low_activity,1.0,1096,0,1096,ok_volume,1.0,7475,0,7475,ok_volume,807,0,807,10408,35,10443
1769879191,61,38,0,999,0,999,low_activity,1.0,1194,0,1194,ok_volume,1.0,6926,0,6926,ok_volume,156,0,156,10564,35,10599
1769879192,61,38,0,1518,0,1518,low_activity,1.0,1592,0,1592,ok_volume,1.0,7481,0,7481,ok_volume,555,0,555,11119,35,11154
1769879193,61,38,0,741,0,741,low_activity,1.0,1584,0,1584,ok_volume,1.0,7511,0,7511,ok_volume,30,0,30,11111,35,11146
1769879194,61,38,0,585,0,585,low_activity,0,1548,0,1548,low_activity,1.0,7511,0,7511,ok_volume,0,0,0,11104,35,11139
1769879195,61,38,0,30,0,30,low_activity,0,741,0,741,low_activity,1.0,5418,0,5418,ok_volume,0,0,0,11104,35,11139
1769879196,61,38,0,0,0,0,no_volume,0,585,0,585,low_activity,1.0,2549,0,2549,ok_volume,0,0,0,11004,35,11039
1769879197,61,38,0,0,0,0,low_activity,0,30,0,30,low_activity,1.0,2471,0,2471,ok_volume,2,0,2,11006,35,11041
1769879198,61,38,0,30,27,57,low_activity,0,30,27,57,low_activity,0.979,2501,27,2528,ok_volume,30,27,57,11036,62,11098
1769879199,61,38,0,45,27,72,low_activity,0,45,27,72,low_activity,0.979,2516,27,2543,ok_volume,15,0,15,11051,62,11113
1769879200,61,38,0,673,27,700,low_activity,0,673,27,700,low_activity,0.983,3144,27,3171,ok_volume,628,0,628,11576,62,11638
1769879201,61,38,0,643,0,643,low_activity,0,673,27,700,low_activity,0.983,3119,27,3146,ok_volume,0,0,0,11561,62,11623
1769879202,61,38,0,643,0,643,low_activity,0.924,688,27,715,ok_volume,0.982,3056,27,3083,ok_volume,15,0,15,9957,27,9984
1769879203,61,38,0,34,0,34,low_activity,0,677,0,677,low_activity,0.983,3075,27,3102,ok_volume,0,0,0,9976,27,10003
1769879204,61,38,0,34,0,34,low_activity,0,662,0,662,low_activity,0.983,3075,27,3102,ok_volume,0,0,0,9936,27,9963
1769879205,61,38,0,67,0,67,low_activity,0,101,0,101,low_activity,0.983,3119,27,3146,ok_volume,67,0,67,9981,27,10008
1769879206,61,38,0,67,0,67,low_activity,0,101,0,101,low_activity,0.983,3119,27,3146,ok_volume,0,0,0,9831,27,9858
1769879207,61,38,0,67,0,67,low_activity,0,67,0,67,low_activity,0.983,3069,27,3096,ok_volume,0,0,0,9830,27,9857
1769879208,61,38,0,798,0,798,low_activity,0,865,0,865,low_activity,0.986,3867,27,3894,ok_volume,798,0,798,10128,27,10155
1769879209,61,38,0,829,0,829,low_activity,0,896,0,896,low_activity,0.986,3898,27,3925,ok_volume,31,0,31,10154,27,10181
1769879210,61,38,0,985,0,985,low_activity,0,985,0,985,low_activity,0.986,3778,27,3805,ok_volume,156,0,156,10310,27,10337
1769879211,61,38,0,187,0,187,low_activity,0,985,0,985,low_activity,0.986,3778,27,3805,ok_volume,0,0,0,10236,27,10263
1769879212,61,38,0,3513,0,3513,low_activity,1.0,4342,0,4342,ok_volume,0.992,6983,27,7010,ok_volume,3362,0,3362,13598,27,13625
1769879213,61,38,1.0,5887,0,5887,ok_volume,1.0,6074,0,6074,ok_volume,0.994,9513,27,9540,ok_volume,2500,0,2500,16128,27,16155
1769879214,61,38,1.0,5917,0,5917,ok_volume,1.0,6073,0,6073,ok_volume,0.994,9528,27,9555,ok_volume,30,0,30,16158,27,16185
1769879215,61,38,0,2530,0,2530,low_activity,1.0,5917,0,5917,ok_volume,0.994,9513,27,9540,ok_volume,0,0,0,16158,27,16185
1769879216,61,38,0,30,0,30,low_activity,1.0,5917,0,5917,ok_volume,0.994,9455,27,9482,ok_volume,0,0,0,16135,27,16162
1769879217,61,38,0,25,0,25,low_activity,0,2555,0,2555,low_activity,0.994,9323,27,9350,ok_volume,0,0,0,16160,27,16187
1769879218,61,38,0,25,0,25,low_activity,0,55,0,55,low_activity,0.994,9285,27,9312,ok_volume,0,0,0,16158,27,16185
1769879219,61,38,0,0,0,0,no_volume,0,25,0,25,low_activity,0.994,9249,27,9276,ok_volume,0,0,0,16034,27,16061
1769879220,61,38,0,0,0,0,no_volume,0,25,0,25,low_activity,0.994,8442,27,8469,ok_volume,0,0,0,15956,27,15983
1769879221,61,38,0,0,0,0,no_volume,0,0,0,0,no_volume,0.994,8286,27,8313,ok_volume,0,0,0,15251,27,15278
1769879222,61,38,0,0,0,0,no_volume,0,0,0,0,no_volume,0.993,7731,27,7758,ok_volume,0,0,0,15251,27,15278
1769879223,61,38,0,0,0,0,low_activity,0,0,0,0,low_activity,0.993,7701,27,7728,ok_volume,3,0,3,15254,27,15281
1769879224,61,38,0,62,0,62,low_activity,0,62,0,62,low_activity,0.993,7763,27,7790,ok_volume,71,0,71,15325,27,15352
1769879225,61,38,0,463,0,463,low_activity,0,463,0,463,low_activity,0.993,8164,27,8191,ok_volume,401,0,401,13633,27,13660
1769879226,61,38,0,565,0,565,low_activity,0,565,0,565,low_activity,0.993,8266,27,8293,ok_volume,102,0,102,10866,27,10893
1769879227,61,38,0,503,0,503,low_activity,0,565,0,565,low_activity,0.993,8266,27,8293,ok_volume,0,0,0,10788,27,10815
1769879228,61,38,0,102,0,102,low_activity,0,565,0,565,low_activity,1.0,8236,0,8236,ok_volume,0,0,0,10781,27,10808
1769879229,61,38,0,0,0,0,no_volume,0,503,0,503,low_activity,1.0,8221,0,8221,ok_volume,0,0,0,10781,27,10808
1769879230,61,38,0,0,0,0,no_volume,0,102,0,102,low_activity,1.0,7593,0,7593,ok_volume,0,0,0,10781,27,10808
1769879231,61,38,0,0,0,0,no_volume,0,0,0,0,no_volume,1.0,7593,0,7593,ok_volume,0,0,0,10756,27,10783
1769879232,61,38,0,45,0,45,low_activity,0,45,0,45,low_activity,1.0,7604,0,7604,ok_volume,45,0,45,10723,27,10750
1769879233,61,38,0,45,0,45,low_activity,0,45,0,45,low_activity,1.0,7604,0,7604,ok_volume,0,0,0,10723,27,10750
1769879234,61,38,0,45,0,45,low_activity,0,45,0,45,low_activity,1.0,7604,0,7604,ok_volume,0,0,0,10721,27,10748
1769879235,61,38,0,23,0,23,low_activity,0,68,0,68,low_activity,1.0,7560,0,7560,ok_volume,23,0,23,10721,27,10748
1769879236,61,38,0,23,0,23,low_activity,0,68,0,68,low_activity,1.0,7560,0,7560,ok_volume,0,0,0,10721,27,10748
1769879237,61,38,0,23,0,23,low_activity,0,23,0,23,low_activity,1.0,7560,0,7560,ok_volume,0,0,0,10671,27,10698
1769879238,61,38,0,0,0,0,no_volume,0,23,0,23,low_activity,1.0,6762,0,6762,ok_volume,0,0,0,10671,27,10698
1769879239,61,38,0,0,0,0,no_volume,0,23,0,23,low_activity,1.0,6731,0,6731,ok_volume,0,0,0,10671,27,10698
1769879240,61,38,0,0,0,0,no_volume,0,0,0,0,no_volume,1.0,6575,0,6575,ok_volume,0,0,0,10395,27,10422
1769879241,61,38,0,0,0,0,no_volume,0,0,0,0,no_volume,1.0,6575,0,6575,ok_volume,0,0,0,10395,27,10422
1769879242,61,38,0,0,0,0,no_volume,0,0,0,0,no_volume,1.0,3188,0,3188,ok_volume,0,0,0,10243,27,10270
1769879243,61,38,0,0,0,0,no_volume,0,0,0,0,no_volume,1.0,688,0,688,ok_volume,0,0,0,10236,27,10263
1769879244,61,38,0,0,0,0,no_volume,0,0,0,0,no_volume,1.0,658,0,658,ok_volume,0,0,0,10221,27,10248
1769879245,61,38,0,153,0,153,low_activity,0,153,0,153,low_activity,1.0,811,0,811,ok_volume,153,0,153,10359,27,10386
1769879246,61,38,0,192,0,192,low_activity,0,192,0,192,low_activity,1.0,825,0,825,ok_volume,39,0,39,10333,27,10360
1769879247,61,38,0,192,0,192,low_activity,0,192,0,192,low_activity,1.0,825,0,825,ok_volume,0,0,0,10176,27,10203
1769879248,61,38,0,139,0,139,low_activity,0,292,0,292,low_activity,1.0,925,0,925,ok_volume,100,0,100,10238,27,10265
1769879249,61,38,0,115,0,115,low_activity,0,307,0,307,low_activity,1.0,940,0,940,ok_volume,15,0,15,10217,27,10244
1769879250,61,38,0,115,0,115,low_activity,0,154,0,154,low_activity,1.0,940,0,940,ok_volume,4,0,4,9414,27,9441
1769879251,61,38,0,15,0,15,low_activity,0,115,0,115,low_activity,1.0,940,0,940,ok_volume,0,0,0,9258,27,9285
1769879252,61,38,0,1303,0,1303,low_activity,0,1418,0,1418,low_activity,1.0,2243,0,2243,ok_volume,1303,0,1303,10006,27,10033
1769879253,61,38,0,1459,0,1459,low_activity,0,1474,0,1474,low_activity,1.0,2399,0,2399,ok_volume,156,0,156,10132,27,10159
1769879254,61,38,0,1459,0,1459,low_activity,0,1459,0,1459,low_activity,1.0,2337,0,2337,ok_volume,0,0,0,10132,27,10159
1769879255,61,38,0,266,0,266,low_activity,1.0,1569,0,1569,ok_volume,1.0,2046,0,2046,ok_volume,110,0,110,10242,27,10269
1769879256,61,38,0,125,0,125,low_activity,1.0,1584,0,1584,ok_volume,1.0,1959,0,1959,ok_volume,16,0,16,10258,27,10285
1769879257,61,38,0,125,0,125,low_activity,0,281,0,281,low_activity,1.0,1959,0,1959,ok_volume,0,0,0,10256,27,10283
1769879258,61,38,0,28,0,28,low_activity,0,138,0,138,low_activity,1.0,1972,0,1972,ok_volume,13,0,13,10239,0,10239
1769879259,61,38,0,13,0,13,low_activity,0,138,0,138,low_activity,1.0,1972,0,1972,ok_volume,0,0,0,10224,0,10224
1769879260,61,38,0,13,0,13,low_activity,0,28,0,28,low_activity,1.0,1972,0,1972,ok_volume,0,0,0,9596,0,9596
1769879261,61,38,0,0,0,0,no_volume,0,13,0,13,low_activity,1.0,1972,0,1972,ok_volume,0,0,0,9596,0,9596
1769879262,61,38,0,0,0,0,no_volume,0,13,0,13,low_activity,1.0,1927,0,1927,ok_volume,0,0,0,9562,0,9562
1769879263,61,38,0,23,0,23,low_activity,0,23,0,23,low_activity,1.0,1950,0,1950,ok_volume,23,0,23,9585,0,9585
1769879264,61,38,0,462,0,462,low_activity,0,462,0,462,low_activity,1.0,2389,0,2389,ok_volume,439,0,439,10015,0,10015
1769879265,61,38,0,462,0,462,low_activity,0,462,0,462,low_activity,1.0,2366,0,2366,ok_volume,0,0,0,9948,0,9948
1769879266,61,38,0,439,0,439,low_activity,0,462,0,462,low_activity,1.0,2366,0,2366,ok_volume,0,0,0,9948,0,9948
1769879267,61,38,0,1500,0,1500,low_activity,0,1962,0,1962,low_activity,1.0,3866,0,3866,ok_volume,1500,0,1500,11448,0,11448
1769879268,61,38,0,1500,476,1976,low_activity,0,1939,476,2415,low_activity,0.781,3866,476,4342,ok_volume,0,476,476,10650,476,11126
1769879269,61,38,0,1500,476,1976,low_activity,0,1500,476,1976,low_activity,0.781,3866,476,4342,ok_volume,0,0,0,10619,476,11095
1769879270,61,38,0,0,476,476,low_activity,0,1500,476,1976,low_activity,0.781,3866,476,4342,ok_volume,0,0,0,10463,476,10939
1769879271,61,38,0,38,0,38,low_activity,0,1538,476,2014,low_activity,0.783,3904,476,4380,ok_volume,38,0,38,10501,476,10977
1769879272,61,38,0,38,0,38,low_activity,0,38,476,514,low_activity,0.783,3904,476,4380,ok_volume,0,0,0,7109,476,7585
1769879273,61,38,0,38,0,38,low_activity,0,38,0,38,low_activity,0.783,3904,476,4380,ok_volume,0,0,0,4609,476,5085
1769879274,61,38,0,117,0,117,low_activity,0,155,0,155,low_activity,0.788,4021,476,4497,ok_volume,0,0,0,4696,476,5172
1769879275,61,38,0,117,0,117,low_activity,0,155,0,155,low_activity,0.781,3868,476,4344,ok_volume,0,0,0,4696,476,5172
1769879276,61,38,0,0,0,0,no_volume,0,117,0,117,low_activity,0.779,3829,476,4305,ok_volume,0,0,0,4671,476,5147
1769879277,61,38,0,300,10,310,low_activity,0,417,10,427,low_activity,0.789,4129,486,4615,ok_volume,300,10,310,4971,486,5457
1769879278,61,38,0,2300,10,2310,low_activity,0,2300,10,2310,low_activity,0.851,6029,486,6515,ok_volume,2000,0,2000,6971,486,7457
1769879279,61,38,0,2300,10,2310,low_activity,0,2300,10,2310,low_activity,0.85,6014,486,6500,ok_volume,0,0,0,6971,486,7457
1769879280,61,38,0,2040,0,2040,low_activity,0,2340,10,2350,low_activity,0.851,6054,486,6540,ok_volume,40,0,40,7011,486,7497
1769879281,61,38,0,447,0,447,low_activity,0.993,2747,10,2757,ok_volume,0.86,6461,486,6947,ok_volume,407,0,407,7418,486,7904
1769879282,61,38,0,447,0,447,low_activity,1.0,2447,0,2447,ok_volume,0.828,5158,486,5644,ok_volume,0,0,0,7418,486,7904
1769879283,61,38,0,407,0,407,low_activity,0,447,0,447,low_activity,0.823,5002,486,5488,ok_volume,0,0,0,7415,486,7901
1769879284,61,38,0,19,0,19,low_activity,1.0,466,0,466,ok_volume,0.823,5021,486,5507,ok_volume,19,0,19,7363,486,7849
1769879285,61,38,0,90,0,90,low_activity,1.0,497,0,497,ok_volume,0.822,4982,486,5468,ok_volume,71,0,71,7033,486,7519
1769879286,61,38,0,120,0,120,low_activity,0,120,0,120,low_activity,0.823,4997,486,5483,ok_volume,34,0,34,6965,486,7451
1769879287,61,38,0,101,0,101,low_activity,0,120,0,120,low_activity,0.823,4997,486,5483,ok_volume,0,0,0,6965,486,7451
1769879288,61,38,0,30,0,30,low_activity,0,120,0,120,low_activity,0.822,4984,486,5470,ok_volume,0,0,0,6965,486,7451
1769879289,61,38,0,0,0,0,no_volume,0,101,0,101,low_activity,0.822,4984,486,5470,ok_volume,0,0,0,6965,486,7451
1769879290,61,38,0,0,0,0,low_activity,0,30,0,30,low_activity,0.822,4984,486,5470,ok_volume,8,0,8,6973,486,7459
1769879291,61,38,0,0,0,0,low_activity,0,0,0,0,low_activity,0.822,4984,486,5470,ok_volume,0,0,0,6973,486,7459
1769879292,61,38,0,0,0,0,low_activity,0,0,0,0,low_activity,0.822,4984,486,5470,ok_volume,0,0,0,6928,486,7414
1769879293,61,38,0,1030,0,1030,low_activity,0,1030,0,1030,low_activity,0.85,5991,486,6477,ok_volume,1030,0,1030,7958,486,8444
1769879294,61,38,0,1030,0,1030,low_activity,0,1030,0,1030,low_activity,0.839,5552,486,6038,ok_volume,0,0,0,7958,486,8444
1769879295,61,38,0,1030,0,1030,low_activity,0,1030,0,1030,low_activity,0.839,5552,486,6038,ok_volume,0,0,0,7935,486,8421
1769879296,61,38,0,0,0,0,no_volume,0,1030,0,1030,low_activity,0.839,5552,486,6038,ok_volume,0,0,0,7935,486,8421
1769879297,61,38,0,69,0,69,low_activity,0,1099,0,1099,low_activity,0.789,4121,486,4607,ok_volume,69,0,69,8004,486,8490
1769879298,61,38,0,79,0,79,low_activity,0,79,0,79,low_activity,0.995,4131,10,4141,ok_volume,17,0,17,8021,486,8507
1769879299,61,38,0,908,0,908,low_activity,0,908,0,908,low_activity,0.996,4960,10,4970,ok_volume,829,0,829,8850,486,9336
1769879300,61,38,0,878,0,878,low_activity,1.0,947,0,947,ok_volume,0.996,4999,10,5009,ok_volume,46,0,46,8896,486,9382
1769879301,61,38,0,868,0,868,low_activity,1.0,947,0,947,ok_volume,0.996,4961,10,4971,ok_volume,0,0,0,8896,486,9382
1769879302,61,38,0,90,0,90,low_activity,0,929,0,929,low_activity,0.996,5012,10,5022,ok_volume,58,0,58,8954,486,9440
1769879303,61,38,0,51,0,51,low_activity,0,919,0,919,low_activity,0.996,4895,10,4905,ok_volume,0,0,0,8954,486,9440
1769879304,61,38,0,1941,0,1941,low_activity,0,1980,0,1980,low_activity,0.997,6785,10,6795,ok_volume,1899,0,1899,10853,486,11339
1769879305,61,38,0,1921,0,1921,low_activity,0,1972,0,1972,low_activity,0.997,6816,10,6826,ok_volume,31,0,31,10731,486,11217
1769879306,61,38,0,1921,0,1921,low_activity,0,1972,0,1972,low_activity,0.997,6816,10,6826,ok_volume,0,0,0,10692,486,11178
1769879307,61,38,0,1666,0,1666,low_activity,0,3556,0,3556,low_activity,1.0,8151,0,8151,ok_volume,1642,0,1642,12334,486,12820
1769879308,61,38,0,1635,0,1635,low_activity,0,3556,0,3556,low_activity,1.0,6151,0,6151,ok_volume,0,0,0,12234,486,12720
1769879309,61,38,0,1635,0,1635,low_activity,0,1666,0,1666,low_activity,1.0,6151,0,6151,ok_volume,0,0,0,12219,486,12705
1769879310,61,38,0,0,0,0,low_activity,0,1635,0,1635,low_activity,1.0,6111,0,6111,ok_volume,7,0,7,12222,486,12708
1769879311,61,38,0,2771,0,2771,low_activity,0,4406,0,4406,low_activity,1.0,8475,0,8475,ok_volume,328,4,332,14993,490,15483
1769879312,61,38,0,2927,0,2927,low_activity,0,2927,0,2927,low_activity,1.0,8631,0,8631,ok_volume,156,0,156,13846,490,14336
1769879313,61,38,1.0,1515,0,1515,ok_volume,1.0,3958,0,3958,ok_volume,1.0,9662,0,9662,ok_volume,1031,0,1031,14721,490,15211
1769879314,61,38,0,1187,0,1187,low_activity,1.0,3958,0,3958,ok_volume,1.0,9643,0,9643,ok_volume,0,0,0,14721,490,15211
1769879315,61,38,0,1031,0,1031,low_activity,1.0,1515,0,1515,ok_volume,1.0,9572,0,9572,ok_volume,0,0,0,14611,490,15101
1769879316,61,38,0,0,0,0,no_volume,0,1187,0,1187,low_activity,1.0,9542,0,9542,ok_volume,0,0,0,14595,490,15085
1769879317,61,38,0,10,0,10,low_activity,0,1041,0,1041,low_activity,1.0,9552,0,9552,ok_volume,10,0,10,14605,490,15095
1769879318,61,38,0,48,0,48,low_activity,0,48,0,48,low_activity,1.0,9590,0,9590,ok_volume,0,0,0,14630,490,15120
1769879319,61,38,0,48,0,48,low_activity,0,48,0,48,low_activity,1.0,9590,0,9590,ok_volume,0,0,0,14630,490,15120
1769879320,61,38,0,50,0,50,low_activity,0,98,0,98,low_activity,1.0,9640,0,9640,ok_volume,50,0,50,14680,490,15170
1769879321,61,38,0,50,0,50,low_activity,0,98,0,98,low_activity,1.0,9640,0,9640,ok_volume,0,0,0,14680,490,15170
1769879322,61,38,0,567,0,567,low_activity,0,567,0,567,low_activity,1.0,10157,0,10157,ok_volume,517,0,517,15197,490,15687
1769879323,61,38,0,517,0,517,low_activity,0,567,0,567,low_activity,1.0,9127,0,9127,ok_volume,0,0,0,15174,490,15664
1769879324,61,38,0,684,0,684,low_activity,1.0,734,0,734,ok_volume,1.0,9294,0,9294,ok_volume,123,0,123,14902,490,15392
1769879325,61,38,0,167,0,167,low_activity,0,684,0,684,low_activity,1.0,9294,0,9294,ok_volume,0,0,0,14902,490,15392
1769879326,61,38,0,186,0,186,low_activity,1.0,747,0,747,ok_volume,1.0,9357,0,9357,ok_volume,63,0,63,14965,490,15455
1769879327,61,38,0,63,0,63,low_activity,0,230,0,230,low_activity,1.0,9288,0,9288,ok_volume,0,0,0,13465,490,13955
1769879328,61,38,0,63,0,63,low_activity,0,186,0,186,low_activity,1.0,9278,0,9278,ok_volume,0,0,0,13465,14,13479
1769879329,61,38,0,5412,0,5412,low_activity,0,5475,0,5475,low_activity,1.0,13861,0,13861,ok_volume,5412,0,5412,18877,14,18891
1769879330,61,38,0,5930,0,5930,low_activity,0,5993,0,5993,low_activity,1.0,14340,0,14340,ok_volume,519,0,519,19396,14,19410
1769879331,61,38,0,5930,0,5930,low_activity,0,5930,0,5930,low_activity,1.0,14340,0,14340,ok_volume,0,0,0,19358,14,19372
1769879332,61,38,0,564,0,564,low_activity,1.0,5976,0,5976,ok_volume,1.0,14335,0,14335,ok_volume,46,0,46,19404,14,19418
1769879333,61,38,0,46,0,46,low_activity,1.0,5976,0,5976,ok_volume,1.0,14335,0,14335,ok_volume,0,0,0,19287,14,19301
1769879334,61,38,0,46,129,175,low_activity,0,564,129,693,low_activity,0.979,12445,129,12574,ok_volume,0,129,129,19287,143,19430
1769879335,61,38,0,156,129,285,low_activity,0,202,129,331,low_activity,0.98,12570,129,12699,ok_volume,156,0,156,19443,143,19586
1769879336,61,38,0,156,129,285,low_activity,0,202,129,331,low_activity,0.98,12570,129,12699,ok_volume,0,0,0,19443,143,19586
1769879337,61,38,0,465,0,465,low_activity,0,465,129,594,low_activity,0.977,11244,129,11373,ok_volume,309,0,309,19452,133,19585
1769879338,61,38,0,509,0,509,low_activity,0.675,665,129,794,ok_volume,0.978,11444,129,11573,ok_volume,200,0,200,17652,133,17785
1769879339,61,38,0,587,0,587,low_activity,1.0,743,0,743,ok_volume,0.978,11522,129,11651,ok_volume,78,0,78,17730,133,17863
1769879340,61,38,0,293,0,293,low_activity,1.0,602,0,602,ok_volume,0.972,9094,129,9223,ok_volume,15,0,15,17705,133,17838
1769879341,61,38,0,696,0,696,low_activity,1.0,1205,0,1205,ok_volume,0.973,9369,129,9498,ok_volume,603,0,603,17901,133,18034
1769879342,61,38,0,618,0,618,low_activity,0,896,0,896,low_activity,0.972,9213,129,9342,ok_volume,0,0,0,17901,133,18034
1769879343,61,38,0,1384,0,1384,low_activity,0,1477,0,1477,low_activity,0.972,8963,129,9092,ok_volume,781,0,781,18690,133,18823
1769879344,61,38,0,781,0,781,low_activity,0,1399,0,1399,low_activity,0.972,8963,129,9092,ok_volume,0,0,0,18671,133,18804
1769879345,61,38,0,781,0,781,low_activity,0,1384,0,1384,low_activity,0.972,8963,129,9092,ok_volume,0,0,0,18600,133,18733
1769879346,61,38,0,15,0,15,low_activity,0,796,0,796,low_activity,0.972,8978,129,9107,ok_volume,0,0,0,18581,133,18714
1769879347,61,38,0,58,0,58,low_activity,0,839,0,839,low_activity,0.972,8973,129,9102,ok_volume,43,0,43,18624,133,18757
1769879348,61,38,0,143,0,143,low_activity,0,158,0,158,low_activity,0.972,9073,129,9202,ok_volume,100,0,100,18724,133,18857
1769879349,61,38,0,768,0,768,low_activity,0,783,0,783,low_activity,0.974,9698,129,9827,ok_volume,625,0,625,19349,133,19482
1769879350,61,38,0,725,0,725,low_activity,0,768,0,768,low_activity,0.974,9648,129,9777,ok_volume,0,0,0,19341,133,19474
1769879351,61,38,0,625,849,1474,low_activity,-0.05,768,849,1617,ok_volume,0.816,9648,978,10626,ok_volume,0,849,849,19341,982,20323
1769879352,61,38,0,153,849,1002,low_activity,0.017,878,849,1727,ok_volume,0.809,9284,978,10262,ok_volume,153,0,153,19494,982,20476
1769879353,61,38,0,153,849,1002,low_activity,0,778,849,1627,low_activity,0.809,9240,978,10218,ok_volume,0,0,0,18464,982,19446
1769879354,61,38,0,153,0,153,low_activity,0,153,849,1002,low_activity,0.806,9117,978,10095,ok_volume,0,0,0,18464,982,19446
1769879355,61,38,0,0,0,0,no_volume,0,153,849,1002,low_activity,0.806,9117,978,10095,ok_volume,0,0,0,18464,982,19446
1769879356,61,38,0,0,0,0,no_volume,0,153,0,153,low_activity,0.805,9054,978,10032,ok_volume,0,0,0,18464,982,19446
1769879357,61,38,0,15,0,15,low_activity,0,15,0,15,low_activity,0.805,9069,978,10047,ok_volume,15,0,15,18410,982,19392
1769879358,61,38,0,15,0,15,low_activity,0,15,0,15,low_activity,0.805,9069,978,10047,ok_volume,0,0,0,18393,982,19375
1769879359,61,38,0,15,0,15,low_activity,0,15,0,15,low_activity,0.578,3657,978,4635,ok_volume,0,0,0,17564,982,18546
1769879360,61,38,0,0,0,0,low_activity,0,15,0,15,low_activity,0.525,3139,978,4117,ok_volume,7,0,7,17525,982,18507
1769879361,61,38,0,31,0,31,low_activity,0,46,0,46,low_activity,0.528,3170,978,4148,ok_volume,39,0,39,17564,982,18546
1769879362,61,38,0,31,0,31,low_activity,0,31,0,31,low_activity,0.523,3124,978,4102,ok_volume,0,0,0,17506,982,18488
1769879363,61,38,0,31,0,31,low_activity,0,31,0,31,low_activity,0.523,3124,978,4102,ok_volume,0,0,0,17506,982,18488
1769879364,61,38,0,230,0,230,low_activity,0,261,0,261,low_activity,0.596,3354,849,4203,ok_volume,230,0,230,15837,982,16819
1769879365,61,38,0,230,0,230,low_activity,0,261,0,261,low_activity,0.58,3198,849,4047,ok_volume,0,0,0,15806,982,16788
1769879366,61,38,0,255,0,255,low_activity,0,255,0,255,low_activity,0.583,3223,849,4072,ok_volume,25,0,25,15831,982,16813
1769879367,61,38,1.0,2249,0,2249,ok_volume,1.0,2479,0,2479,ok_volume,0.716,5138,849,5987,ok_volume,2224,0,2224,16413,982,17395
1769879368,61,38,1.0,2249,0,2249,ok_volume,1.0,2479,0,2479,ok_volume,0.707,4938,849,5787,ok_volume,0,0,0,16413,982,17395
1769879369,61,38,0,2224,0,2224,low_activity,1.0,2249,0,2249,ok_volume,0.703,4860,849,5709,ok_volume,0,0,0,16413,982,17395
1769879370,61,38,0,314,0,314,low_activity,1.0,2563,0,2563,ok_volume,0.717,5159,849,6008,ok_volume,314,0,314,14277,982,15259
1769879371,61,38,0,314,0,314,low_activity,0,2538,0,2538,low_activity,0.686,4556,849,5405,ok_volume,0,0,0,13949,978,14927
1769879372,61,38,0,314,0,314,low_activity,0,314,0,314,low_activity,0.686,4556,849,5405,ok_volume,0,0,0,13793,978,14771
1769879373,61,38,0,0,0,0,no_volume,0,314,0,314,low_activity,0.633,3775,849,4624,ok_volume,0,0,0,12762,978,13740
1769879374,61,38,0,0,0,0,no_volume,0,314,0,314,low_activity,0.633,3775,849,4624,ok_volume,0,0,0,12762,978,13740
1769879375,61,38,0,0,0,0,low_activity,0,0,0,0,low_activity,0.632,3760,849,4609,ok_volume,5,0,5,12767,978,13745
1769879376,61,38,0,0,0,0,low_activity,0,0,0,0,low_activity,0.632,3760,849,4609,ok_volume,0,0,0,12767,978,13745
1769879377,61,38,0,0,0,0,low_activity,0,0,0,0,low_activity,0.628,3717,849,4566,ok_volume,0,0,0,12719,978,13697
1769879378,61,38,0,50,0,50,low_activity,0,50,0,50,low_activity,0.624,3667,849,4516,ok_volume,50,0,50,12769,978,13747
1769879379,61,38,0,50,0,50,low_activity,0,50,0,50,low_activity,0.564,3042,849,3891,ok_volume,0,0,0,12769,978,13747
1769879380,61,38,0,50,0,50,low_activity,0,50,0,50,low_activity,0.564,3042,849,3891,ok_volume,0,0,0,12719,978,13697
1769879381,61,38,0,193,0,193,low_activity,0,243,0,243,low_activity,1.0,3235,0,3235,ok_volume,193,0,193,12912,978,13890
1769879382,61,38,0,193,0,193,low_activity,0,243,0,243,low_activity,1.0,3082,0,3082,ok_volume,0,0,0,12395,978,13373
1769879383,61,38,0,193,0,193,low_activity,0,193,0,193,low_activity,1.0,3082,0,3082,ok_volume,0,0,0,12351,978,13329
1769879384,61,38,0,3157,0,3157,low_activity,1.0,3350,0,3350,ok_volume,1.0,6239,0,6239,ok_volume,3157,0,3157,15385,978,16363
1769879385,61,38,0,3249,0,3249,low_activity,1.0,3442,0,3442,ok_volume,1.0,6331,0,6331,ok_volume,92,0,92,15477,978,16455
1769879386,61,38,0,3249,0,3249,low_activity,0,3249,0,3249,low_activity,1.0,6331,0,6331,ok_volume,0,0,0,15414,978,16392
1769879387,61,38,0,180,0,180,low_activity,1.0,3337,0,3337,ok_volume,1.0,6404,0,6404,ok_volume,88,0,88,15502,978,16480
1769879388,61,38,0,88,0,88,low_activity,1.0,3337,0,3337,ok_volume,1.0,6404,0,6404,ok_volume,0,0,0,15502,978,16480
1769879389,61,38,1.0,1135,0,1135,ok_volume,1.0,1227,0,1227,ok_volume,1.0,7451,0,7451,ok_volume,1047,0,1047,11137,978,12115
1769879390,61,38,0,1047,0,1047,low_activity,1.0,1135,0,1135,ok_volume,1.0,7451,0,7451,ok_volume,0,0,0,10618,978,11596
1769879391,61,38,0,1047,0,1047,low_activity,1.0,1135,0,1135,ok_volume,1.0,7420,0,7420,ok_volume,0,0,0,10618,978,11596
1769879392,61,38,0,39,0,39,low_activity,0,1086,0,1086,low_activity,1.0,7459,0,7459,ok_volume,39,0,39,10611,978,11589
1769879393,61,38,0,78,0,78,low_activity,0,1125,0,1125,low_activity,1.0,7498,0,7498,ok_volume,39,0,39,10650,978,11628
1769879394,61,38,0,78,0,78,low_activity,0,78,0,78,low_activity,1.0,7268,0,7268,ok_volume,0,0,0,10650,849,11499
1769879395,61,38,0,115,0,115,low_activity,0,154,0,154,low_activity,1.0,7344,0,7344,ok_volume,76,0,76,10570,849,11419
1769879396,61,38,0,76,0,76,low_activity,0,154,0,154,low_activity,1.0,7319,0,7319,ok_volume,0,0,0,10570,849,11419
1769879397,61,38,0,76,0,76,low_activity,0,115,0,115,low_activity,1.0,5095,0,5095,ok_volume,0,0,0,10261,849,11110
1769879398,61,38,0,31,0,31,low_activity,0,107,0,107,low_activity,1.0,5126,0,5126,ok_volume,31,0,31,10092,849,10941
1769879399,61,38,0,31,0,31,low_activity,0,107,0,107,low_activity,1.0,5126,0,5126,ok_volume,0,0,0,10014,849,10863
1769879400,61,38,0,31,0,31,low_activity,0,31,0,31,low_activity,1.0,4812,0,4812,ok_volume,0,0,0,9999,849,10848
1769879401,61,38,0,0,0,0,no_volume,0,31,0,31,low_activity,1.0,4812,0,4812,ok_volume,0,0,0,9396,849,10245
1769879402,61,38,0,0,0,0,no_volume,0,31,0,31,low_activity,1.0,4812,0,4812,ok_volume,0,0,0,9388,849,10237
1769879403,61,38,0,0,0,0,no_volume,0,0,0,0,no_volume,1.0,4812,0,4812,ok_volume,0,0,0,8607,849,9456
1769879404,61,38,0,781,0,781,low_activity,0,781,0,781,low_activity,1.0,5593,0,5593,ok_volume,781,0,781,9388,849,10237
1769879405,61,38,0,2796,0,2796,low_activity,0,2796,0,2796,low_activity,1.0,7608,0,7608,ok_volume,2015,0,2015,11388,849,12237
1769879406,61,38,1.0,2817,0,2817,ok_volume,1.0,2817,0,2817,ok_volume,1.0,7629,0,7629,ok_volume,21,0,21,11409,849,12258
1769879407,61,38,0,2036,0,2036,low_activity,1.0,2817,0,2817,ok_volume,1.0,7629,0,7629,ok_volume,0,0,0,11366,849,12215
1769879408,61,38,0,251,0,251,low_activity,1.0,3047,0,3047,ok_volume,1.0,7809,0,7809,ok_volume,230,0,230,11496,849,12345
1769879409,61,38,0,230,0,230,low_activity,1.0,2266,0,2266,ok_volume,1.0,7809,0,7809,ok_volume,0,0,0,10871,849,11720
1769879410,61,38,0,738,0,738,low_activity,1.0,759,0,759,ok_volume,1.0,8317,0,8317,ok_volume,479,0,479,11379,849,12228
1769879411,61,38,1.0,4585,0,4585,ok_volume,1.0,4815,0,4815,ok_volume,1.0,12201,0,12201,ok_volume,3927,0,3927,15456,0,15456
1769879412,61,38,0,4556,0,4556,low_activity,1.0,4815,0,4815,ok_volume,1.0,12201,0,12201,ok_volume,0,0,0,15303,0,15303
1769879413,61,38,0,3927,0,3927,low_activity,1.0,4585,0,4585,ok_volume,1.0,12201,0,12201,ok_volume,0,0,0,15303,0,15303
1769879414,61,38,0,0,0,0,no_volume,0,4556,0,4556,low_activity,1.0,9044,0,9044,ok_volume,0,0,0,15303,0,15303
1769879415,61,38,0,0,0,0,no_volume,0,3927,0,3927,low_activity,1.0,8952,0,8952,ok_volume,0,0,0,15303,0,15303
1769879416,61,38,0,0,0,0,no_volume,0,0,0,0,no_volume,1.0,8952,0,8952,ok_volume,0,0,0,15303,0,15303
1769879417,61,38,0,0,0,0,no_volume,0,0,0,0,no_volume,1.0,8864,0,8864,ok_volume,0,0,0,15288,0,15288
1769879418,61,38,0,0,0,0,no_volume,0,0,0,0,no_volume,1.0,8864,0,8864,ok_volume,0,0,0,15288,0,15288
1769879419,61,38,0,31,0,31,low_activity,0,31,0,31,low_activity,1.0,7848,0,7848,ok_volume,31,0,31,15319,0,15319
1769879420,61,38,0,31,0,31,low_activity,0,31,0,31,low_activity,1.0,7848,0,7848,ok_volume,0,0,0,15312,0,15312
1769879421,61,38,0,92,0,92,low_activity,0,92,0,92,low_activity,1.0,7909,0,7909,ok_volume,61,0,61,15334,0,15334
1769879422,61,38,0,84,0,84,low_activity,0,115,0,115,low_activity,1.0,7893,0,7893,ok_volume,23,0,23,15357,0,15357
1769879423,61,38,0,84,0,84,low_activity,0,115,0,115,low_activity,1.0,7854,0,7854,ok_volume,0,0,0,15357,0,15357
1769879424,61,38,0,23,0,23,low_activity,0,84,0,84,low_activity,1.0,7854,0,7854,ok_volume,7,0,7,15134,0,15134
1769879425,61,38,0,0,0,0,low_activity,0,84,0,84,low_activity,1.0,7778,0,7778,ok_volume,0,0,0,15134,0,15134
1769879426,61,38,0,1571,0,1571,low_activity,0,1594,0,1594,low_activity,1.0,9349,0,9349,ok_volume,1578,0,1578,16687,0,16687
1769879427,61,38,0,1571,0,1571,low_activity,0,1571,0,1571,low_activity,1.0,9349,0,9349,ok_volume,0,0,0,14463,0,14463
1769879428,61,38,0,1571,34,1605,low_activity,0,1571,34,1605,low_activity,0.993,9318,34,9352,ok_volume,0,34,34,14463,34,14497
1769879429,61,38,0,75,34,109,low_activity,0,1646,34,1680,low_activity,0.993,9393,34,9427,ok_volume,75,0,75,14538,34,14572
1769879430,61,38,0,153,34,187,low_activity,0.961,1724,34,1758,ok_volume,0.993,9471,34,9505,ok_volume,78,0,78,14302,34,14336
1769879431,61,38,0,153,0,153,low_activity,0,153,34,187,low_activity,0.993,9471,34,9505,ok_volume,0,0,0,14302,34,14336
1769879432,61,38,0,78,0,78,low_activity,0,153,34,187,low_activity,0.993,9471,34,9505,ok_volume,0,0,0,14309,34,14343
1769879433,61,38,0,0,0,0,low_activity,0,153,0,153,low_activity,0.993,9471,34,9505,ok_volume,0,0,0,14309,34,14343
1769879434,61,38,0,0,0,0,no_volume,0,78,0,78,low_activity,0.992,8690,34,8724,ok_volume,0,0,0,14309,34,14343
1769879435,61,38,0,0,0,0,no_volume,0,0,0,0,low_activity,0.99,6675,34,6709,ok_volume,0,0,0,14304,34,14338
1769879436,61,38,0,0,0,0,no_volume,0,0,0,0,no_volume,0.99,6654,34,6688,ok_volume,0,0,0,14304,34,14338
1769879437,61,38,0,0,0,0,no_volume,0,0,0,0,no_volume,0.99,6654,34,6688,ok_volume,0,0,0,14304,34,14338
1769879438,61,38,0,0,0,0,no_volume,0,0,0,0,no_volume,0.989,6424,34,6458,ok_volume,0,0,0,14254,34,14288
1769879439,61,38,0,91,0,91,low_activity,0,91,0,91,low_activity,0.99,6486,34,6520,ok_volume,91,0,91,14345,34,14379
1769879440,61,38,0,168,0,168,low_activity,0,168,0,168,low_activity,0.989,5934,34,5968,ok_volume,70,0,70,14430,34,14464
1769879441,61,38,0,199,0,199,low_activity,0,199,0,199,low_activity,0.967,2038,34,2072,ok_volume,31,0,31,14268,34,14302
1769879442,61,38,0,93,0,93,low_activity,0,199,0,199,low_activity,0.967,2038,34,2072,ok_volume,0,0,0,14268,34,14302
1769879443,61,38,0,31,0,31,low_activity,0,199,0,199,low_activity,0.967,2038,34,2072,ok_volume,0,0,0,14268,34,14302
1769879444,61,38,0,0,0,0,no_volume,0,93,0,93,low_activity,0.967,2038,34,2072,ok_volume,0,0,0,11111,34,11145
1769879445,61,38,0,92,0,92,low_activity,0,123,0,123,low_activity,0.969,2130,34,2164,ok_volume,92,0,92,11111,34,11145
1769879446,61,38,0,92,0,92,low_activity,0,92,0,92,low_activity,0.969,2130,34,2164,ok_volume,0,0,0,11111,34,11145
1769879447,61,38,0,92,0,92,low_activity,0,92,0,92,low_activity,0.969,2130,34,2164,ok_volume,0,0,0,11023,34,11057
1769879448,61,38,0,0,0,0,no_volume,0,92,0,92,low_activity,0.969,2130,34,2164,ok_volume,0,0,0,11023,34,11057
1769879449,61,38,0,40,0,40,low_activity,0,132,0,132,low_activity,0.969,2139,34,2173,ok_volume,40,0,40,10016,34,10050
1769879450,61,38,0,121,0,121,low_activity,0,121,0,121,low_activity,0.97,2220,34,2254,ok_volume,81,0,81,10097,34,10131
1769879451,61,38,0,121,0,121,low_activity,0,121,0,121,low_activity,0.969,2159,34,2193,ok_volume,0,0,0,10097,34,10131
1769879452,61,38,0,81,0,81,low_activity,0,121,0,121,low_activity,0.969,2136,34,2170,ok_volume,0,0,0,10058,34,10092
1769879453,61,38,0,0,0,0,no_volume,0,121,0,121,low_activity,0.969,2136,34,2170,ok_volume,0,0,0,10019,34,10053
1769879454,61,38,0,15,0,15,low_activity,0,96,0,96,low_activity,0.969,2151,34,2185,ok_volume,15,0,15,10034,34,10068
1769879455,61,38,0,15,0,15,low_activity,0,15,0,15,low_activity,0.969,2151,34,2185,ok_volume,0,0,0,9958,34,9992
1769879456,61,38,0,91,0,91,low_activity,0,91,0,91,low_activity,0.901,656,34,690,ok_volume,76,0,76,10034,34,10068
1769879457,61,38,0,76,0,76,low_activity,0,91,0,91,low_activity,0.901,656,34,690,ok_volume,0,0,0,10034,34,10068
1769879458,61,38,0,76,0,76,low_activity,0,91,0,91,low_activity,1.0,656,0,656,ok_volume,0,0,0,10003,34,10037
1769879459,61,38,0,0,0,0,no_volume,0,76,0,76,low_activity,1.0,581,0,581,ok_volume,0,0,0,10003,34,10037
1769879460,61,38,0,0,0,0,no_volume,0,76,0,76,low_activity,1.0,503,0,503,ok_volume,0,0,0,10003,34,10037
1769879461,61,38,0,956,0,956,low_activity,0,956,0,956,low_activity,1.0,1459,0,1459,ok_volume,957,0,957,10960,34,10994
1769879462,61,38,0,956,0,956,low_activity,0,956,0,956,low_activity,1.0,1459,0,1459,ok_volume,0,0,0,10960,34,10994
1769879463,61,38,0,956,0,956,low_activity,0,956,0,956,low_activity,1.0,1459,0,1459,ok_volume,0,0,0,10960,34,10994
1769879464,61,38,0,0,0,0,no_volume,0,956,0,956,low_activity,1.0,1459,0,1459,ok_volume,0,0,0,10179,34,10213
1769879465,61,38,0,80,0,80,low_activity,0,1036,0,1036,low_activity,1.0,1539,0,1539,ok_volume,87,0,87,8251,34,8285
1769879466,61,38,0,95,0,95,low_activity,0,95,0,95,low_activity,1.0,1554,0,1554,ok_volume,15,0,15,8245,34,8279
1769879467,61,38,0,95,0,95,low_activity,0,95,0,95,low_activity,1.0,1554,0,1554,ok_volume,1,0,1,8246,34,8280
1769879468,61,38,0,45,0,45,low_activity,0,125,0,125,low_activity,1.0,1584,0,1584,ok_volume,30,0,30,8046,34,8080
1769879469,61,38,0,30,0,30,low_activity,0,125,0,125,low_activity,1.0,1478,0,1478,ok_volume,0,0,0,8017,34,8051
1769879470,61,38,0,30,0,30,low_activity,0,45,0,45,low_activity,1.0,1416,0,1416,ok_volume,0,0,0,7388,34,7422
1769879471,61,38,0,0,0,0,no_volume,0,30,0,30,low_activity,1.0,1385,0,1385,ok_volume,0,0,0,3461,34,3495
1769879472,61,38,0,171,0,171,low_activity,0,201,0,201,low_activity,1.0,1556,0,1556,ok_volume,171,0,171,3632,34,3666
1769879473,61,38,0,271,0,271,low_activity,0,271,0,271,low_activity,1.0,1656,0,1656,ok_volume,100,0,100,3732,34,3766
1769879474,61,38,0,301,0,301,low_activity,0,301,0,301,low_activity,1.0,1686,0,1686,ok_volume,30,0,30,3762,34,3796
1769879475,61,38,0,130,0,130,low_activity,0,301,0,301,low_activity,1.0,1594,0,1594,ok_volume,0,0,0,3762,34,3796
1769879476,61,38,0,80,0,80,low_activity,1.0,351,0,351,ok_volume,1.0,1644,0,1644,ok_volume,50,0,50,3812,34,3846
1769879477,61,38,0,50,0,50,low_activity,0,180,0,180,low_activity,1.0,1644,0,1644,ok_volume,0,0,0,3812,34,3846
1769879478,61,38,0,50,0,50,low_activity,0,80,0,80,low_activity,1.0,1644,0,1644,ok_volume,0,0,0,3812,34,3846
1769879479,61,38,0,0,0,0,no_volume,0,50,0,50,low_activity,1.0,1604,0,1604,ok_volume,0,0,0,3781,34,3815
1769879480,61,38,0,0,0,0,no_volume,0,50,0,50,low_activity,1.0,1523,0,1523,ok_volume,0,0,0,3781,34,3815
1769879481,61,38,0,0,0,0,no_volume,0,0,0,0,no_volume,1.0,1523,0,1523,ok_volume,0,0,0,3720,34,3754
1769879482,61,38,0,0,0,0,no_volume,0,0,0,0,no_volume,1.0,1523,0,1523,ok_volume,0,0,0,3697,34,3731
1769879483,61,38,0,0,0,0,no_volume,0,0,0,0,no_volume,1.0,1523,0,1523,ok_volume,0,0,0,3697,34,3731
1769879484,61,38,0,0,0,0,no_volume,0,0,0,0,no_volume,1.0,1508,0,1508,ok_volume,0,0,0,3690,34,3724
1769879485,61,38,0,156,0,156,low_activity,0,156,0,156,low_activity,1.0,1664,0,1664,ok_volume,156,0,156,3846,34,3880
1769879486,61,38,0,156,0,156,low_activity,0,156,0,156,low_activity,1.0,1588,0,1588,ok_volume,0,0,0,2268,34,2302
1769879487,61,38,0,156,0,156,low_activity,0,156,0,156,low_activity,1.0,1588,0,1588,ok_volume,5,0,5,2273,34,2307
1769879488,61,38,0,775,0,775,low_activity,0,931,0,931,low_activity,1.0,2363,0,2363,ok_volume,775,0,775,3048,0,3048
1769879489,61,38,0,2751,0,2751,low_activity,1.0,2907,0,2907,ok_volume,1.0,4339,0,4339,ok_volume,1976,0,1976,4949,0,4949
1769879490,61,38,0,2751,0,2751,low_activity,0,2751,0,2751,low_activity,1.0,4339,0,4339,ok_volume,0,0,0,4871,0,4871
1769879491,61,38,0,2476,0,2476,low_activity,1.0,3251,0,3251,ok_volume,1.0,3883,0,3883,ok_volume,0,0,0,5364,0,5364
1769879492,61,38,0,515,0,515,low_activity,1.0,3266,0,3266,ok_volume,1.0,3898,0,3898,ok_volume,15,0,15,5379,0,5379
1769879493,61,38,0,178,0,178,low_activity,1.0,2654,0,2654,ok_volume,1.0,4061,0,4061,ok_volume,163,0,163,5542,0,5542
1769879494,61,38,0,178,0,178,low_activity,0,678,0,678,low_activity,1.0,4061,0,4061,ok_volume,0,0,0,5542,0,5542
1769879495,61,38,0,163,0,163,low_activity,0,178,0,178,low_activity,1.0,3981,0,3981,ok_volume,0,0,0,5542,0,5542
1769879496,61,38,0,0,0,0,no_volume,0,178,0,178,low_activity,1.0,3966,0,3966,ok_volume,0,0,0,5542,0,5542
1769879497,61,38,0,0,0,0,no_volume,0,163,0,163,low_activity,1.0,3966,0,3966,ok_volume,0,0,0,5542,0,5542
1769879498,61,38,0,0,0,0,no_volume,0,0,0,0,no_volume,1.0,3936,0,3936,ok_volume,0,0,0,5542,0,5542
1769879499,61,38,0,158,0,158,low_activity,0,158,0,158,low_activity,1.0,4094,0,4094,ok_volume,158,0,158,5594,0,5594
1769879500,61,38,0,158,0,158,low_activity,0,158,0,158,low_activity,1.0,4094,0,4094,ok_volume,0,0,0,5524,0,5524
1769879501,61,38,0,158,0,158,low_activity,0,158,0,158,low_activity,1.0,4094,0,4094,ok_volume,1,0,1,5494,0,5494
1769879502,61,38,0,15,0,15,low_activity,0,173,0,173,low_activity,1.0,3938,0,3938,ok_volume,15,0,15,5509,0,5509
1769879503,61,38,0,15,0,15,low_activity,0,173,0,173,low_activity,1.0,3838,0,3838,ok_volume,3,0,3,5512,0,5512
1769879504,61,38,0,15,0,15,low_activity,0,15,0,15,low_activity,1.0,3808,0,3808,ok_volume,4,0,4,5516,0,5516
1769879505,61,38,0,0,0,0,low_activity,0,15,0,15,low_activity,1.0,3808,0,3808,ok_volume,0,0,0,5424,0,5424
1769879506,61,38,0,10,0,10,low_activity,0,25,0,25,low_activity,1.0,3768,0,3768,ok_volume,10,0,10,5434,0,5434
1769879507,61,38,0,10,0,10,low_activity,0,10,0,10,low_activity,1.0,3768,0,3768,ok_volume,0,0,0,5434,0,5434
1769879508,61,38,0,57,0,57,low_activity,0,57,0,57,low_activity,1.0,3815,0,3815,ok_volume,0,0,0,5481,0,5481
1769879509,61,38,0,47,0,47,low_activity,0,57,0,57,low_activity,1.0,3815,0,3815,ok_volume,0,0,0,5441,0,5441
1769879510,61,38,0,87,0,87,low_activity,0,144,0,144,low_activity,1.0,3902,0,3902,ok_volume,87,0,87,5447,0,5447
1769879511,61,38,0,87,0,87,low_activity,0,134,0,134,low_activity,1.0,3902,0,3902,ok_volume,0,0,0,5447,0,5447
1769879512,61,38,0,87,0,87,low_activity,0,87,0,87,low_activity,1.0,3902,0,3902,ok_volume,0,0,0,5447,0,5447
1769879513,61,38,0,0,0,0,no_volume,0,87,0,87,low_activity,1.0,3902,0,3902,ok_volume,0,0,0,5447,0,5447
1769879514,61,38,0,0,0,0,no_volume,0,87,0,87,low_activity,1.0,3902,0,3902,ok_volume,0,0,0,5432,0,5432
1769879515,61,38,0,54,0,54,low_activity,0,54,0,54,low_activity,1.0,3800,0,3800,ok_volume,54,0,54,5486,0,5486
1769879516,61,38,0,207,0,207,low_activity,0,207,0,207,low_activity,1.0,3953,0,3953,ok_volume,0,0,0,5563,0,5563
1769879517,61,38,0,207,0,207,low_activity,0,207,0,207,low_activity,1.0,3953,0,3953,ok_volume,0,0,0,5563,0,5563
1769879518,61,38,0,0,0,0,no_volume,0,207,0,207,low_activity,1.0,3178,0,3178,ok_volume,0,0,0,5563,0,5563
1769879519,61,38,0,781,0,781,low_activity,0,988,0,988,low_activity,1.0,1983,0,1983,ok_volume,781,0,781,6344,0,6344
1769879520,61,38,0,781,0,781,low_activity,0,781,0,781,low_activity,1.0,1483,0,1483,ok_volume,0,0,0,6344,0,6344
1769879521,61,38,0,781,0,781,low_activity,0,781,0,781,low_activity,1.0,1483,0,1483,ok_volume,0,0,0,5387,0,5387
1769879522,61,38,0,51,0,51,low_activity,0,832,0,832,low_activity,1.0,1519,0,1519,ok_volume,51,0,51,5438,0,5438
1769879523,61,38,0,251,0,251,low_activity,0,1032,0,1032,low_activity,1.0,1556,0,1556,ok_volume,200,0,200,5638,0,5638
1769879524,61,38,0,251,0,251,low_activity,0,251,0,251,low_activity,1.0,1556,0,1556,ok_volume,0,0,0,5638,0,5638
1769879525,61,38,0,371,0,371,low_activity,0,422,0,422,low_activity,1.0,1727,0,1727,ok_volume,171,0,171,5722,0,5722
1769879526,61,38,0,171,0,171,low_activity,0,422,0,422,low_activity,1.0,1727,0,1727,ok_volume,0,0,0,5707,0,5707
1769879527,61,38,0,211,0,211,low_activity,0,411,0,411,low_activity,1.0,1767,0,1767,ok_volume,40,0,40,5746,0,5746
1769879528,61,38,0,40,0,40,low_activity,0,211,0,211,low_activity,1.0,1767,0,1767,ok_volume,0,0,0,5716,0,5716
1769879529,61,38,0,40,0,40,low_activity,0,211,0,211,low_activity,1.0,1609,0,1609,ok_volume,0,0,0,5716,0,5716
1769879530,61,38,0,100,0,100,low_activity,0,140,0,140,low_activity,1.0,1709,0,1709,ok_volume,100,0,100,5816,0,5816
1769879531,61,38,0,100,0,100,low_activity,0,140,0,140,low_activity,1.0,1709,0,1709,ok_volume,0,0,0,5816,0,5816
1769879532,61,38,0,100,0,100,low_activity,0,100,0,100,low_activity,1.0,1694,0,1694,ok_volume,0,0,0,5645,0,5645
1769879533,61,38,0,0,0,0,low_activity,0,100,0,100,low_activity,1.0,1694,0,1694,ok_volume,0,0,0,5553,0,5553
1769879534,61,38,0,1231,0,1231,low_activity,0,1331,0,1331,low_activity,1.0,2925,0,2925,ok_volume,450,0,450,6754,0,6754
1769879535,61,38,0,1231,0,1231,low_activity,0,1231,0,1231,low_activity,1.0,2925,0,2925,ok_volume,0,0,0,6754,0,6754
1769879536,61,38,0,450,0,450,low_activity,0,1231,0,1231,low_activity,1.0,2915,0,2915,ok_volume,0,0,0,6704,0,6704
1769879537,61,38,0,0,0,0,no_volume,0,1231,0,1231,low_activity,1.0,2868,0,2868,ok_volume,0,0,0,6704,0,6704
1769879538,61,38,0,0,0,0,no_volume,0,450,0,450,low_activity,1.0,2868,0,2868,ok_volume,0,0,0,6704,0,6704
1769879539,61,38,0,0,0,0,no_volume,0,0,0,0,no_volume,1.0,2868,0,2868,ok_volume,0,0,0,6704,0,6704
1769879540,61,38,0,0,0,0,no_volume,0,0,0,0,no_volume,1.0,2781,0,2781,ok_volume,0,0,0,6704,0,6704
1769879541,61,38,0,0,0,0,no_volume,0,0,0,0,no_volume,1.0,2781,0,2781,ok_volume,0,0,0,6704,0,6704
1769879542,61,38,0,47,0,47,low_activity,0,47,0,47,low_activity,1.0,2828,0,2828,ok_volume,47,0,47,6751,0,6751
1769879543,61,38,0,47,0,47,low_activity,0,47,0,47,low_activity,1.0,2828,0,2828,ok_volume,0,0,0,6751,0,6751
1769879544,61,38,0,203,0,203,low_activity,0,203,0,203,low_activity,1.0,2984,0,2984,ok_volume,156,0,156,6907,0,6907
1769879545,61,38,0,198,0,198,low_activity,0,245,0,245,low_activity,1.0,2819,0,2819,ok_volume,42,0,42,6793,0,6793
1769879546,61,38,0,276,0,276,low_activity,0,323,0,323,low_activity,1.0,2897,0,2897,ok_volume,78,0,78,6871,0,6871
1769879547,61,38,0,220,0,220,low_activity,0,376,0,376,low_activity,1.0,2997,0,2997,ok_volume,100,0,100,6966,0,6966
1769879548,61,38,0,178,0,178,low_activity,0,376,0,376,low_activity,1.0,2997,0,2997,ok_volume,0,0,0,6191,0,6191
1769879549,61,38,0,100,0,100,low_activity,0,220,0,220,low_activity,1.0,2216,0,2216,ok_volume,0,0,0,4215,0,4215
1769879550,61,38,0,0,0,0,no_volume,0,178,0,178,low_activity,1.0,2216,0,2216,ok_volume,0,0,0,3715,0,3715
1769879551,61,38,0,10,0,10,low_activity,0,110,0,110,low_activity,1.0,2226,0,2226,ok_volume,10,0,10,3725,0,3725
1769879552,61,38,0,37,0,37,low_activity,0,37,0,37,low_activity,1.0,2202,0,2202,ok_volume,27,0,27,3737,0,3737
1769879553,61,38,0,37,0,37,low_activity,0,37,0,37,low_activity,1.0,2002,0,2002,ok_volume,0,0,0,3574,0,3574
1769879554,61,38,0,885,0,885,low_activity,0,895,0,895,low_activity,1.0,2860,0,2860,ok_volume,858,0,858,4432,0,4432
1769879555,61,38,0,858,0,858,low_activity,0,895,0,895,low_activity,1.0,2689,0,2689,ok_volume,0,0,0,4432,0,4432
1769879556,61,38,0,1011,0,1011,low_activity,0,1038,0,1038,low_activity,1.0,2842,0,2842,ok_volume,153,0,153,4585,0,4585
1769879557,61,38,0,334,0,334,low_activity,1.0,1192,0,1192,ok_volume,1.0,2983,0,2983,ok_volume,184,0,184,4769,0,4769
1769879558,61,38,0,334,0,334,low_activity,1.0,1192,0,1192,ok_volume,1.0,2983,0,2983,ok_volume,1,1,2,4770,1,4771
1769879559,61,38,0,181,0,181,low_activity,0,334,0,334,low_activity,1.0,2983,0,2983,ok_volume,0,0,0,4612,1,4613
1769879560,61,38,0,820,0,820,low_activity,1.0,1154,0,1154,ok_volume,1.0,3703,0,3703,ok_volume,820,0,820,5432,1,5433
1769879561,61,38,0,820,0,820,low_activity,0,1001,0,1001,low_activity,1.0,3703,0,3703,ok_volume,0,0,0,5431,1,5432
1769879562,61,38,0,820,0,820,low_activity,0,820,0,820,low_activity,1.0,3703,0,3703,ok_volume,0,0,0,5416,1,5417
1769879563,61,38,0,110,0,110,low_activity,0,930,0,930,low_activity,1.0,3032,0,3032,ok_volume,110,0,110,5523,1,5524
1769879564,61,37,0,133,0,133,low_activity,0,953,0,953,low_activity,1.0,2605,0,2605,ok_volume,23,0,23,5542,1,5543
1769879565,61,37,0,133,0,133,low_activity,0,133,0,133,low_activity,1.0,2605,0,2605,ok_volume,0,0,0,5542,1,5543
1769879566,61,37,0,23,0,23,low_activity,0,133,0,133,low_activity,1.0,2605,0,2605,ok_volume,0,0,0,5532,1,5533
1769879567,61,37,0,0,0,0,no_volume,0,133,0,133,low_activity,1.0,2605,0,2605,ok_volume,0,0,0,5485,1,5486
1769879568,61,37,0,37,0,37,low_activity,0,60,0,60,low_activity,1.0,2642,0,2642,ok_volume,37,0,37,5522,1,5523
1769879569,61,37,0,37,0,37,low_activity,0,37,0,37,low_activity,1.0,2642,0,2642,ok_volume,0,0,0,5522,1,5523
1769879570,61,37,0,344,0,344,low_activity,0,344,0,344,low_activity,1.0,2949,0,2949,ok_volume,307,0,307,5742,1,5743
1769879571,61,37,0,307,0,307,low_activity,0,344,0,344,low_activity,1.0,2949,0,2949,ok_volume,0,0,0,5742,1,5743
1769879572,61,37,0,342,0,342,low_activity,0,379,0,379,low_activity,1.0,2937,0,2937,ok_volume,0,0,0,5777,1,5778
1769879573,61,37,0,88,0,88,low_activity,0,395,0,395,low_activity,1.0,2990,0,2990,ok_volume,53,0,53,5830,1,5831
1769879574,61,37,0,53,0,53,low_activity,0,395,0,395,low_activity,1.0,2834,0,2834,ok_volume,7,0,7,5837,1,5838
1769879575,61,37,0,91,0,91,low_activity,0,126,0,126,low_activity,1.0,2830,0,2830,ok_volume,38,0,38,5668,1,5669
1769879576,61,37,0,98,0,98,low_activity,0,151,0,151,low_activity,1.0,2812,0,2812,ok_volume,60,0,60,5728,1,5729
1769879577,61,37,0,98,0,98,low_activity,0,151,0,151,low_activity,1.0,2712,0,2712,ok_volume,0,0,0,5728,1,5729
1769879578,61,37,0,829,0,829,low_activity,0,867,0,867,low_activity,1.0,3481,0,3481,ok_volume,769,0,769,6497,1,6498
1769879579,61,37,0,797,0,797,low_activity,0,895,0,895,low_activity,1.0,3509,0,3509,ok_volume,28,0,28,5744,1,5745
1769879580,61,37,0,797,0,797,low_activity,0,857,0,857,low_activity,1.0,3509,0,3509,ok_volume,0,0,0,5744,1,5745
1769879581,61,37,0,97,0,97,low_activity,0,866,0,866,low_activity,1.0,3568,0,3568,ok_volume,69,0,69,5813,1,5814
1769879582,61,37,0,69,0,69,low_activity,0,866,0,866,low_activity,1.0,3541,0,3541,ok_volume,0,0,0,5762,1,5763
1769879583,61,38,0,84,0,84,low_activity,0,112,0,112,low_activity,1.0,3556,0,3556,ok_volume,15,0,15,5577,1,5578
1769879584,61,38,0,15,0,15,low_activity,0,84,0,84,low_activity,1.0,2698,0,2698,ok_volume,0,0,0,5577,1,5578
1769879585,61,38,0,30,0,30,low_activity,0,99,0,99,low_activity,1.0,2713,0,2713,ok_volume,15,0,15,5421,1,5422
1769879586,61,38,0,15,0,15,low_activity,0,30,0,30,low_activity,1.0,2560,0,2560,ok_volume,0,0,0,5421,1,5422
1769879587,61,37,0.07,414,360,774,ok_volume,0.087,429,360,789,ok_volume,0.771,2778,360,3138,ok_volume,399,0,399,5780,369,6149
1769879588,61,37,0.051,399,360,759,ok_volume,0.07,414,360,774,ok_volume,0.771,2778,360,3138,ok_volume,0,0,0,5780,369,6149
1769879589,61,37,0,399,0,399,low_activity,0.07,414,360,774,ok_volume,0.771,2778,360,3138,ok_volume,0,0,0,5780,369,6149
1769879590,61,37,0,30,0,30,low_activity,0.087,429,360,789,ok_volume,0.693,1988,360,2348,ok_volume,30,0,30,5710,369,6079
1769879591,61,37,0,30,0,30,low_activity,0,429,0,429,low_activity,0.693,1988,360,2348,ok_volume,0,0,0,5710,369,6079
1769879592,61,37,0,30,0,30,low_activity,0,30,0,30,low_activity,0.693,1988,360,2348,ok_volume,0,0,0,5702,369,6071
1769879593,61,37,0,0,0,0,no_volume,0,30,0,30,low_activity,0.678,1878,360,2238,ok_volume,0,0,0,4921,369,5290
1769879594,61,37,0,23,0,23,low_activity,0,53,0,53,low_activity,0.678,1878,360,2238,ok_volume,23,1,24,4494,370,4864
1769879595,61,37,1.0,316,0,316,ok_volume,1.0,316,0,316,ok_volume,0.716,2171,360,2531,ok_volume,293,0,293,4787,370,5157
1769879596,61,38,1.0,780,0,780,ok_volume,1.0,780,0,780,ok_volume,0.76,2635,360,2995,ok_volume,471,0,471,5258,370,5628
1769879597,61,38,1.0,757,0,757,ok_volume,1.0,780,0,780,ok_volume,0.76,2635,360,2995,ok_volume,0,0,0,5258,370,5628
1769879598,61,38,0,464,0,464,low_activity,1.0,780,0,780,ok_volume,0.757,2598,360,2958,ok_volume,0,0,0,5258,370,5628
1769879599,61,38,0,60,0,60,low_activity,1.0,817,0,817,ok_volume,0.761,2658,360,3018,ok_volume,60,0,60,5318,370,5688
1769879600,61,38,0,177,0,177,low_activity,1.0,641,0,641,ok_volume,0.745,2468,360,2828,ok_volume,119,0,119,5437,370,5807
1769879601,61,38,1.0,484,0,484,ok_volume,1.0,484,0,484,ok_volume,0.768,2740,360,3100,ok_volume,307,0,307,5744,370,6114
1769879602,61,38,0,424,0,424,low_activity,1.0,484,0,484,ok_volume,0.768,2740,360,3100,ok_volume,0,0,0,5697,370,6067
1769879603,61,38,0,1203,0,1203,low_activity,1.0,1380,0,1380,ok_volume,0.817,3583,360,3943,ok_volume,896,0,896,6593,370,6963
1769879604,61,38,0,896,0,896,low_activity,1.0,1320,0,1320,ok_volume,0.817,3583,360,3943,ok_volume,0,0,0,6437,370,6807
1769879605,61,38,0,896,0,896,low_activity,0,1203,0,1203,low_activity,0.816,3545,360,3905,ok_volume,0,0,0,6395,370,6765
1769879606,61,38,0,223,0,223,low_activity,1.0,1119,0,1119,ok_volume,0.823,3708,360,4068,ok_volume,229,0,229,6546,370,6916
1769879607,61,38,0,562,0,562,low_activity,1.0,1458,0,1458,ok_volume,0.837,4047,360,4407,ok_volume,339,0,339,6785,370,7155
1769879608,61,38,1.0,582,0,582,ok_volume,1.0,582,0,582,ok_volume,0.803,3298,360,3658,ok_volume,20,0,20,6805,370,7175
1769879609,61,38,0,359,0,359,low_activity,1.0,582,0,582,ok_volume,0.802,3270,360,3630,ok_volume,0,0,0,6805,370,7175
1769879610,61,37,0,20,0,20,low_activity,1.0,582,0,582,ok_volume,0.802,3270,360,3630,ok_volume,0,0,0,6805,370,7175
1769879611,61,37,0,0,0,0,no_volume,0,359,0,359,low_activity,0.798,3201,360,3561,ok_volume,0,0,0,6795,370,7165
1769879612,61,37,0,0,0,0,no_volume,0,20,0,20,low_activity,0.798,3201,360,3561,ok_volume,0,0,0,6768,370,7138
1769879613,61,37,0,0,0,0,no_volume,0,0,0,0,no_volume,0.797,3186,360,3546,ok_volume,0,0,0,6768,370,7138
1769879614,61,37,0,0,0,0,no_volume,0,0,0,0,no_volume,0.797,3186,360,3546,ok_volume,0,0,0,5910,370,6280
1769879615,62,37,0,0,0,0,no_volume,0,0,0,0,no_volume,0.796,3171,360,3531,ok_volume,0,0,0,5910,370,6280
1769879616,62,37,0,0,0,0,low_activity,0,0,0,0,low_activity,1.0,3171,0,3171,ok_volume,5,0,5,5762,370,6132
1769879617,62,37,0,0,0,0,low_activity,0,0,0,0,low_activity,1.0,2772,0,2772,ok_volume,0,0,0,5578,370,5948
1769879618,62,37,0,10,0,10,low_activity,0,10,0,10,low_activity,1.0,2782,0,2782,ok_volume,10,0,10,5587,369,5956
1769879619,62,37,0,10,0,10,low_activity,0,10,0,10,low_activity,1.0,2782,0,2782,ok_volume,0,0,0,5587,369,5956
1769879620,62,37,0,35,0,35,low_activity,0,35,0,35,low_activity,1.0,2777,0,2777,ok_volume,25,0,25,4792,369,5161
1769879621,62,37,0,124,0,124,low_activity,0,134,0,134,low_activity,1.0,2876,0,2876,ok_volume,99,0,99,4891,369,5260
1769879622,62,37,0,216,0,216,low_activity,0,226,0,226,low_total_volume,1.0,2968,0,2968,ok_volume,95,0,95,4986,369,5355
1769879623,62,37,1.0,391,0,391,ok_volume,1.0,416,0,416,ok_volume,1.0,3168,0,3168,ok_volume,123,0,123,5076,369,5445
1769879624,62,37,0,292,0,292,low_activity,1.0,416,0,416,ok_volume,1.0,3145,0,3145,ok_volume,0,0,0,5053,369,5422
1769879625,62,37,0,123,0,123,low_activity,1.0,391,0,391,ok_volume,1.0,2852,0,2852,ok_volume,0,0,0,5053,369,5422
1769879626,62,37,0,1547,0,1547,low_activity,1.0,1839,0,1839,ok_volume,1.0,3935,0,3935,ok_volume,1547,0,1547,6600,369,6969
1769879627,62,37,1.0,2172,0,2172,ok_volume,1.0,2295,0,2295,ok_volume,1.0,4560,0,4560,ok_volume,472,0,472,7225,369,7594
1769879628,62,37,1.0,3110,0,3110,ok_volume,1.0,3110,0,3110,ok_volume,1.0,5498,0,5498,ok_volume,945,0,945,8133,369,8502
1769879629,62,37,1.0,1494,0,1494,ok_volume,1.0,3194,0,3194,ok_volume,1.0,5522,0,5522,ok_volume,84,0,84,8217,369,8586
1769879630,62,37,1.0,1210,0,1210,ok_volume,1.0,3382,0,3382,ok_volume,1.0,5593,0,5593,ok_volume,188,0,188,8098,369,8467
1769879631,62,37,0,287,0,287,low_total_volume,1.0,1697,0,1697,ok_volume,1.0,5301,0,5301,ok_volume,15,0,15,8078,369,8447
1769879632,62,37,0,203,0,203,low_activity,1.0,1225,0,1225,ok_volume,1.0,5301,0,5301,ok_volume,0,0,0,8078,369,8447
1769879633,62,36,0,30,0,30,low_activity,1.0,302,0,302,ok_volume,1.0,4420,0,4420,ok_volume,15,0,15,8040,369,8409
1769879634,63,36,0,15,0,15,low_activity,0,218,0,218,low_activity,1.0,4420,0,4420,ok_volume,0,0,0,8033,369,8402
1769879635,63,36,0,15,0,15,low_activity,0,30,0,30,low_activity,1.0,4420,0,4420,ok_volume,0,0,0,7995,369,8364
1769879636,63,36,0,34,0,34,low_activity,0,49,0,49,low_activity,1.0,4231,0,4231,ok_volume,38,0,38,7973,369,8342
1769879637,63,36,0,791,0,791,low_activity,0,806,0,806,low_activity,1.0,4649,0,4649,ok_volume,757,0,757,8730,369,9099
1769879638,63,36,0,806,0,806,low_activity,0,806,0,806,low_activity,1.0,4644,0,4644,ok_volume,15,0,15,7976,369,8345
1769879639,63,36,0.816,772,78,850,ok_volume,0.824,806,78,884,ok_volume,0.967,4644,78,4722,ok_volume,0,78,78,7948,447,8395
1769879640,63,36,0.623,336,78,414,ok_volume,0.871,1127,78,1205,ok_volume,0.969,4965,78,5043,ok_volume,321,0,321,8269,447,8716
1769879641,63,36,0.813,756,78,834,ok_volume,0.903,1528,78,1606,ok_volume,0.972,5400,78,5478,ok_volume,435,0,435,8635,447,9082
1769879642,63,36,1.0,856,0,856,ok_volume,0.836,871,78,949,ok_volume,0.972,5500,78,5578,ok_volume,50,0,50,8735,447,9182
1769879643,63,36,1.0,686,0,686,ok_volume,0.856,1007,78,1085,ok_volume,0.973,5651,78,5729,ok_volume,151,0,151,8871,447,9318
1769879644,63,36,0,201,0,201,low_activity,1.0,1007,0,1007,ok_volume,0.973,5651,78,5729,ok_volume,0,0,0,8871,447,9318
1769879645,63,36,0,151,265,416,low_activity,0.443,686,265,951,ok_volume,0.886,5651,343,5994,ok_volume,3,265,268,8859,712,9571
1769879646,63,36,0,3030,265,3295,low_activity,0,3231,265,3496,low_activity,0.924,8681,343,9024,ok_volume,3040,0,3040,11899,344,12243
1769879647,63,36,0.86,3514,265,3779,ok_volume,0.865,3665,265,3930,ok_volume,0.928,9165,343,9508,ok_volume,491,0,491,11991,344,12335
1769879648,63,36,1.0,3552,0,3552,ok_volume,0.861,3552,265,3817,ok_volume,0.928,9193,343,9536,ok_volume,38,0,38,12029,344,12373
1769879649,63,36,1.0,899,0,899,ok_volume,0.874,3929,265,4194,ok_volume,0.931,9570,343,9913,ok_volume,377,0,377,12406,344,12750
1769879650,61,38,0.928,9959,372,10331,ok_volume,0.946,13473,372,13845,ok_volume,0.928,19089,715,19804,ok_volume,9491,373,9864,21920,717,22637
1769879651,61,38,0.928,9921,372,10293,ok_volume,0.931,10443,372,10815,ok_volume,0.927,18990,715,19705,ok_volume,15,0,15,21935,717,22652
1769879652,61,37,0.95,14632,372,15004,ok_volume,0.952,15100,372,15472,ok_volume,0.942,23962,715,24677,ok_volume,5157,0,5157,27092,717,27809
1769879653,61,37,0,5231,0,5231,low_activity,0.952,15152,372,15524,ok_volume,0.942,23929,715,24644,ok_volume,90,0,90,27182,717,27899
1769879654,61,37,0,5231,0,5231,low_activity,0.951,14722,372,15094,ok_volume,0.942,23929,715,24644,ok_volume,5,0,5,27164,716,27880
1769879655,61,37,0,847,0,847,low_activity,1.0,5988,0,5988,ok_volume,0.944,24686,715,25401,ok_volume,757,0,757,27628,716,28344
1769879656,62,37,0,757,0,757,low_activity,1.0,5988,0,5988,ok_volume,0.94,22986,715,23701,ok_volume,0,0,0,27157,716,27873
1769879657,62,36,0,757,0,757,low_activity,0,847,0,847,low_activity,0.938,22514,715,23229,ok_volume,0,0,0,27157,716,27873
1769879658,62,36,0,0,0,0,no_volume,0,757,0,757,low_activity,0.936,21576,715,22291,ok_volume,0,0,0,27157,716,27873
1769879659,62,36,0,0,0,0,no_volume,0,757,0,757,low_activity,0.936,21492,715,22207,ok_volume,0,0,0,27097,716,27813
1769879660,63,36,0,0,0,0,no_volume,0,0,0,0,no_volume,0.935,21304,715,22019,ok_volume,0,0,0,26978,716,27694
1769879661,63,36,0,39,0,39,low_activity,0,39,0,39,low_activity,0.935,21328,715,22043,ok_volume,39,0,39,26710,716,27426
1769879662,63,36,0,64,0,64,low_activity,0,64,0,64,low_activity,0.935,21353,715,22068,ok_volume,31,0,31,26741,716,27457
1769879663,63,36,1.0,20245,0,20245,ok_volume,1.0,20245,0,20245,ok_volume,0.966,41519,715,42234,ok_volume,20181,0,20181,46026,716,46742
1769879664,63,35,1.0,20281,0,20281,ok_volume,1.0,20320,0,20320,ok_volume,0.966,41594,715,42309,ok_volume,75,0,75,46101,716,46817
1769879665,63,35,1.0,20376,0,20376,ok_volume,1.0,20440,0,20440,ok_volume,0.966,41714,715,42429,ok_volume,20,0,20,46221,716,46937
1769879666,63,36,0,195,0,195,low_activity,1.0,20401,0,20401,ok_volume,0.966,41680,715,42395,ok_volume,0,0,0,45992,716,46708
1769879667,63,34,1.0,512,0,512,ok_volume,1.0,20868,0,20868,ok_volume,0.966,41415,715,42130,ok_volume,462,0,462,46145,716,46861
1769879668,63,34,1.0,492,0,492,ok_volume,1.0,687,0,687,ok_volume,0.966,41400,715,42115,ok_volume,6,0,6,46131,716,46847
1769879669,63,34,0,462,0,462,low_activity,1.0,512,0,512,ok_volume,0.97,41400,637,42037,ok_volume,0,0,0,46131,716,46847
1769879670,63,34,0,0,0,0,low_activity,1.0,492,0,492,ok_volume,0.969,41079,637,41716,ok_volume,0,0,0,46131,716,46847
1769879671,63,34,0,0,0,0,no_volume,0,462,0,462,low_activity,0.969,40594,637,41231,ok_volume,0,0,0,46131,716,46847
1769879672,63,34,0,0,0,0,low_activity,0,0,0,0,low_activity,0.969,40544,637,41181,ok_volume,7,0,7,46138,716,46854
1769879673,63,34,0,147,0,147,low_activity,0,147,0,147,low_activity,0.969,40540,637,41177,ok_volume,147,0,147,46285,716,47001
1769879674,63,34,0,291,0,291,low_activity,0,291,0,291,low_activity,0.969,40684,637,41321,ok_volume,144,0,144,46429,716,47145
1769879675,63,34,1.0,417,0,417,ok_volume,1.0,417,0,417,ok_volume,0.982,40810,372,41182,ok_volume,126,0,126,46555,716,47271
1769879676,64,34,1.0,309,0,309,ok_volume,1.0,456,0,456,ok_volume,0.981,37819,372,38191,ok_volume,39,0,39,46589,716,47305
1769879677,64,34,1.0,534,0,534,ok_volume,1.0,825,0,825,ok_volume,0.98,37704,372,38076,ok_volume,373,0,373,46962,716,47678
1769879678,64,34,0,408,0,408,low_activity,1.0,678,0,678,ok_volume,0.98,37666,372,38038,ok_volume,0,0,0,46952,716,47668
1769879679,64,34,0,657,0,657,low_activity,1.0,822,0,822,ok_volume,0.98,37524,372,37896,ok_volume,291,0,291,47243,716,47959
1769879680,64,34,1.0,697,0,697,ok_volume,1.0,1105,0,1105,ok_volume,1.0,28442,0,28442,ok_volume,410,0,410,47628,716,48344
1769879681,64,34,1.0,697,0,697,ok_volume,1.0,1066,0,1066,ok_volume,1.0,28442,0,28442,ok_volume,0,0,0,47529,716,48245
1769879682,64,34,1.0,2827,0,2827,ok_volume,1.0,3115,0,3115,ok_volume,1.0,25719,0,25719,ok_volume,2220,0,2220,49777,716,50493
1769879683,64,34,1.0,2469,0,2469,ok_volume,1.0,3166,0,3166,ok_volume,1.0,25680,0,25680,ok_volume,51,0,51,49705,716,50421
1769879684,64,34,1.0,2296,0,2296,ok_volume,1.0,2905,0,2905,ok_volume,1.0,25707,0,25707,ok_volume,22,0,22,49743,716,50459
1769879685,64,34,1.0,863,0,863,ok_volume,1.0,3281,0,3281,ok_volume,1.0,25735,0,25735,ok_volume,785,0,785,50528,716,51244
1769879686,64,34,1.0,2535,0,2535,ok_volume,1.0,4820,0,4820,ok_volume,1.0,27474,0,27474,ok_volume,1740,0,1740,50568,716,51284
1769879687,64,35,1.0,2581,0,2581,ok_volume,1.0,2659,0,2659,ok_volume,1.0,27531,0,27531,ok_volume,57,0,57,50153,716,50869
1769879688,64,35,1.0,1911,0,1911,ok_volume,1.0,2707,0,2707,ok_volume,1.0,27646,0,27646,ok_volume,115,0,115,49323,716,50039
1769879689,64,35,0,172,0,172,low_total_volume,1.0,2696,0,2696,ok_volume,1.0,27646,0,27646,ok_volume,0,0,0,49239,716,49955
1769879690,64,35,1.0,383,0,383,ok_volume,1.0,2179,0,2179,ok_volume,1.0,27914,0,27914,ok_volume,268,0,268,49319,716,50035
1769879691,64,35,0,1135,0,1135,low_activity,1.0,1307,0,1307,ok_volume,1.0,28742,0,28742,ok_volume,768,0,768,50171,716,50887
1769879692,64,35,1.0,1208,0,1208,ok_volume,1.0,1323,0,1323,ok_volume,1.0,28790,0,28790,ok_volume,73,0,73,50244,716,50960
1769879693,64,35,0,841,0,841,low_activity,1.0,1208,0,1208,ok_volume,1.0,8609,0,8609,ok_volume,3,0,3,50232,716,50948
1769879694,64,35,0,2735,0,2735,low_activity,1.0,3870,0,3870,ok_volume,1.0,11096,0,11096,ok_volume,461,0,461,52894,716,53610
1769879695,64,35,0,2662,0,2662,low_activity,0,3503,0,3503,low_activity,1.0,11076,0,11076,ok_volume,0,0,0,52894,716,53610
1769879696,64,35,0,461,0,461,low_activity,0,2735,0,2735,low_activity,1.0,11046,0,11046,ok_volume,0,0,0,52856,716,53572
1769879697,64,35,1.0,2987,0,2987,ok_volume,1.0,5649,0,5649,ok_volume,1.0,13571,0,13571,ok_volume,2028,0,2028,55086,716,55802
1769879698,64,35,1.0,4032,0,4032,ok_volume,1.0,4493,0,4493,ok_volume,1.0,14616,0,14616,ok_volume,1045,0,1045,56116,716,56832
1769879699,64,35,1.0,3116,0,3116,ok_volume,1.0,4075,0,4075,ok_volume,1.0,14659,0,14659,ok_volume,43,0,43,56159,638,56797
1769879700,64,35,1.0,1137,0,1137,ok_volume,1.0,4124,0,4124,ok_volume,1.0,14708,0,14708,ok_volume,49,0,49,55887,638,56525
1769879701,63,36,0.636,450,100,550,ok_volume,0.945,3523,100,3623,ok_volume,0.987,15066,100,15166,ok_volume,358,109,467,55760,747,56507
1769879702,63,36,0.7,567,100,667,ok_volume,0.886,1655,100,1755,ok_volume,0.987,15226,100,15326,ok_volume,165,0,165,55875,747,56622
1769879703,63,36,0.676,518,100,618,ok_volume,0.718,610,100,710,ok_volume,0.987,15079,100,15179,ok_volume,0,0,0,55724,747,56471
1769879704,63,36,0,177,0,177,low_activity,0.708,584,100,684,ok_volume,0.987,14952,100,15052,ok_volume,17,0,17,55741,747,56488
1769879705,63,36,1.0,767,0,767,ok_volume,0.856,1285,100,1385,ok_volume,0.987,15576,100,15676,ok_volume,750,0,750,56488,482,56970
1769879706,63,36,1.0,1065,0,1065,ok_volume,1.0,1225,0,1225,ok_volume,0.987,15835,100,15935,ok_volume,298,0,298,53746,482,54228
1769879707,62,37,1.0,1048,0,1048,ok_volume,1.0,1065,0,1065,ok_volume,0.987,15466,100,15566,ok_volume,7,3,10,53262,485,53747
1769879708,62,37,0,298,0,298,low_activity,1.0,1065,0,1065,ok_volume,0.987,15466,100,15566,ok_volume,0,0,0,53224,485,53709
1769879709,62,37,0,13,0,13,low_activity,1.0,1061,0,1061,ok_volume,0.987,15191,100,15291,ok_volume,13,0,13,52807,485,53292
1769879710,62,37,0,13,0,13,low_activity,0,311,0,311,low_activity,0.987,14782,100,14882,ok_volume,4,0,4,43320,112,43432
1769879711,62,36,0,13,0,13,low_activity,0,13,0,13,low_activity,0.986,14582,100,14682,ok_volume,0,0,0,43305,112,43417
1769879712,62,37,0,0,0,0,low_activity,0,13,0,13,low_activity,0.984,12364,100,12464,ok_volume,0,0,0,38148,112,38260
1769879713,62,37,0,1000,0,1000,low_activity,0,1013,0,1013,low_activity,0.985,13297,100,13397,ok_volume,1007,0,1007,39065,112,39177
1769879714,62,37,0,1022,0,1022,low_activity,0,1022,0,1022,low_activity,0.985,13308,100,13408,ok_volume,22,0,22,39082,112,39194
1769879715,62,37,0,3052,0,3052,low_activity,0,3052,0,3052,low_activity,0.986,14553,100,14653,ok_volume,2033,0,2033,40358,112,40470
1769879716,62,37,1.0,2182,0,2182,ok_volume,1.0,3182,0,3182,ok_volume,0.985,12944,100,13044,ok_volume,103,0,103,40488,112,40600
1769879717,62,37,1.0,2160,0,2160,ok_volume,1.0,3182,0,3182,ok_volume,0.985,12887,100,12987,ok_volume,0,0,0,40488,112,40600
1769879718,62,37,0,103,0,103,low_activity,1.0,2182,0,2182,ok_volume,0.984,12772,100,12872,ok_volume,0,0,0,40488,112,40600
1769879719,62,37,0,0,0,0,no_volume,1.0,2160,0,2160,ok_volume,0.984,12772,100,12872,ok_volume,0,0,0,40488,112,40600
1769879720,62,37,0,12,0,12,low_activity,0,115,0,115,low_activity,0.984,12417,100,12517,ok_volume,7,0,7,40508,112,40620
1769879721,62,37,0,12,100,112,low_activity,0,12,100,112,low_activity,0.966,11649,200,11849,ok_volume,0,100,100,40469,212,40681
1769879722,62,37,0,71,100,171,low_activity,0,83,100,183,low_activity,0.966,11647,200,11847,ok_volume,85,0,85,40523,212,40735
1769879723,62,37,0.923,2504,100,2604,ok_volume,0.924,2516,100,2616,ok_volume,0.967,11879,200,12079,ok_volume,2433,0,2433,22775,212,22987
1769879724,62,37,1.0,3752,0,3752,ok_volume,0.948,3752,100,3852,ok_volume,0.969,12666,200,12866,ok_volume,1248,0,1248,23848,212,24060
1769879725,62,37,1.0,3681,0,3681,ok_volume,0.948,3752,100,3852,ok_volume,0.969,12666,200,12866,ok_volume,3,0,3,23831,212,24043
1769879726,62,37,0,1286,0,1286,low_activity,1.0,3790,0,3790,ok_volume,0.967,11745,200,11945,ok_volume,38,0,38,23839,212,24051
1769879727,62,37,0,57,0,57,low_activity,1.0,3738,0,3738,ok_volume,0.96,9736,200,9936,ok_volume,19,0,19,23396,212,23608
1769879728,62,37,0,57,0,57,low_activity,0,1305,0,1305,low_activity,0.955,8691,200,8891,ok_volume,0,0,0,23390,212,23602
1769879729,62,37,1.0,18037,0,18037,ok_volume,1.0,18075,0,18075,ok_volume,0.985,26666,200,26866,ok_volume,18018,0,18018,41408,212,41620
1769879730,61,37,1.0,18018,0,18018,ok_volume,1.0,18075,0,18075,ok_volume,0.985,26617,200,26817,ok_volume,0,0,0,41411,212,41623
1769879731,61,37,1.0,18018,0,18018,ok_volume,1.0,18037,0,18037,ok_volume,0.992,26259,100,26359,ok_volume,7,0,7,41418,212,41630
1769879732,61,37,0,0,0,0,low_activity,1.0,18018,0,18018,ok_volume,0.992,26099,100,26199,ok_volume,0,0,0,41411,212,41623
1769879733,61,37,0,259,0,259,low_activity,1.0,18277,0,18277,ok_volume,0.992,26358,100,26458,ok_volume,262,0,262,41526,212,41738
1769879734,61,37,0,259,0,259,low_activity,0,259,0,259,low_activity,0.992,26341,100,26441,ok_volume,3,0,3,41385,212,41597
1769879735,61,37,0,259,0,259,low_activity,0,259,0,259,low_activity,0.992,25591,100,25691,ok_volume,3,0,3,41262,212,41474
1769879736,61,37,0,38,0,38,low_activity,0,297,0,297,low_total_volume,0.992,25331,100,25431,ok_volume,38,0,38,41261,212,41473
1769879737,61,37,0,38,0,38,low_activity,0,297,0,297,low_total_volume,0.992,25331,100,25431,ok_volume,0,0,0,40888,212,41100
1769879738,61,37,0,49,0,49,low_activity,0,49,0,49,low_activity,0.992,25342,100,25442,ok_volume,11,0,11,40899,212,41111
1769879739,61,37,0,11,0,11,low_activity,0,49,0,49,low_activity,0.992,25329,100,25429,ok_volume,0,0,0,40608,212,40820
1769879740,61,37,0,11,0,11,low_activity,0,49,0,49,low_activity,0.992,25329,100,25429,ok_volume,0,0,0,40198,212,40410
1769879741,61,37,0,0,0,0,low_activity,0,11,0,11,low_activity,0.992,25329,100,25429,ok_volume,7,0,7,40005,212,40217
1769879742,61,38,0,0,0,0,low_activity,0,11,0,11,low_activity,0.992,25329,100,25429,ok_volume,0,0,0,37785,212,37997
1769879743,61,38,0,30,0,30,low_activity,0,30,0,30,low_activity,0.992,24359,100,24459,ok_volume,31,0,31,37749,212,37961
1769879744,61,38,0,30,0,30,low_activity,0,30,0,30,low_activity,0.992,24337,100,24437,ok_volume,0,0,0,37727,212,37939
1769879745,61,37,0,231,0,231,low_activity,0,231,0,231,low_activity,0.991,22481,100,22581,ok_volume,201,0,201,37143,212,37355
1769879746,61,37,0,201,0,201,low_activity,0,231,0,231,low_activity,0.991,22378,100,22478,ok_volume,0,0,0,35403,212,35615
1769879747,61,38,0,201,0,201,low_activity,0,231,0,231,low_activity,0.991,22378,100,22478,ok_volume,5,0,5,35351,212,35563
1769879748,61,38,0,39,0,39,low_activity,0,240,0,240,low_total_volume,0.991,22417,100,22517,ok_volume,39,0,39,35275,212,35487
1769879749,61,38,0,180,0,180,low_activity,1.0,381,0,381,ok_volume,0.991,22546,100,22646,ok_volume,142,0,142,35417,212,35629
1769879750,61,38,1.0,352,0,352,ok_volume,1.0,352,0,352,ok_volume,0.991,22718,100,22818,ok_volume,172,0,172,35222,212,35434
1769879751,61,38,1.0,406,0,406,ok_volume,1.0,445,0,445,ok_volume,1.0,22811,0,22811,ok_volume,96,0,96,34550,212,34762
1769879752,61,38,0,265,0,265,low_activity,1.0,445,0,445,ok_volume,1.0,22740,0,22740,ok_volume,0,0,0,34477,212,34689
1769879753,61,38,0,123,0,123,low_activity,1.0,436,0,436,ok_volume,1.0,20337,0,20337,ok_volume,30,0,30,32303,212,32515
1769879754,61,38,0,45,0,45,low_activity,1.0,310,0,310,ok_volume,1.0,19104,0,19104,ok_volume,18,0,18,31860,212,32072
1769879755,61,38,0,123,0,123,low_activity,0,216,0,216,low_total_volume,1.0,19182,0,19182,ok_volume,78,0,78,31938,212,32150
1769879756,61,38,0,171,0,171,low_activity,0,201,0,201,low_activity,1.0,19222,0,19222,ok_volume,78,0,78,31057,212,31269
1769879757,61,38,0,468,0,468,low_activity,1.0,513,0,513,ok_volume,1.0,19515,0,19515,ok_volume,312,0,312,29341,212,29553
1769879758,61,38,1.0,642,0,642,ok_volume,1.0,735,0,735,ok_volume,1.0,19767,0,19767,ok_volume,252,0,252,28548,212,28760
1769879759,61,38,1.0,891,0,891,ok_volume,1.0,1047,0,1047,ok_volume,1.0,2076,0,2076,ok_volume,327,0,327,28832,212,29044
1769879760,61,38,1.0,602,0,602,ok_volume,1.0,992,0,992,ok_volume,1.0,2099,0,2099,ok_volume,33,0,33,28816,212,29028
1769879761,61,38,0,350,0,350,low_activity,1.0,914,0,914,ok_volume,1.0,2099,0,2099,ok_volume,0,0,0,28458,103,28561
1769879762,61,38,0,23,0,23,low_activity,1.0,602,0,602,ok_volume,1.0,2099,0,2099,ok_volume,1,0,1,28294,103,28397
1769879763,61,38,0,219,0,219,low_activity,0,569,0,569,low_activity,1.0,2059,0,2059,ok_volume,226,0,226,28520,103,28623
1769879764,61,38,0,263,0,263,low_activity,0,286,0,286,low_activity,1.0,2103,0,2103,ok_volume,44,0,44,28547,103,28650
1769879765,61,38,0,5224,0,5224,low_activity,0,5224,0,5224,low_activity,1.0,7064,0,7064,ok_volume,4961,0,4961,32758,103,32861
1769879766,61,38,0,5162,0,5162,low_activity,1.0,5381,0,5381,ok_volume,1.0,7183,0,7183,ok_volume,157,0,157,32617,103,32720
1769879767,61,38,0,5118,0,5118,low_activity,1.0,5381,0,5381,ok_volume,1.0,7183,0,7183,ok_volume,0,0,0,32610,100,32710
1769879768,61,38,0,167,0,167,low_activity,1.0,5172,0,5172,ok_volume,1.0,7182,0,7182,ok_volume,10,0,10,32620,100,32720
1769879769,61,38,0,27,0,27,low_activity,1.0,5145,0,5145,ok_volume,1.0,7199,0,7199,ok_volume,17,0,17,32624,100,32724
1769879770,61,38,1.0,381,0,381,ok_volume,1.0,538,0,538,ok_volume,1.0,7553,0,7553,ok_volume,354,0,354,32974,100,33074
1769879771,61,38,1.0,410,0,410,ok_volume,1.0,420,0,420,ok_volume,1.0,7592,0,7592,ok_volume,39,0,39,33013,100,33113
1769879772,61,38,1.0,471,0,471,ok_volume,1.0,498,0,498,ok_volume,1.0,7670,0,7670,ok_volume,78,0,78,33091,100,33191
1769879773,61,38,0,117,0,117,low_activity,1.0,488,0,488,ok_volume,1.0,7640,0,7640,ok_volume,0,0,0,32084,100,32184
1769879774,61,38,0,78,0,78,low_activity,1.0,471,0,471,ok_volume,1.0,7640,0,7640,ok_volume,0,0,0,32062,100,32162
1769879775,61,38,0,0,0,0,no_volume,0,117,0,117,low_activity,1.0,7439,0,7439,ok_volume,0,0,0,30002,100,30102
1769879776,61,38,0,0,0,0,no_volume,0,78,0,78,low_activity,1.0,7439,0,7439,ok_volume,0,0,0,29899,100,29999
1769879777,60,38,0,78,829,907,low_activity,0,78,829,907,low_activity,0.801,7517,829,8346,ok_volume,78,829,907,29977,929,30906
1769879778,60,38,0,385,829,1214,low_activity,0,385,829,1214,low_activity,0.808,7785,829,8614,ok_volume,317,0,317,30294,929,31223
1769879779,60,39,0,385,829,1214,low_activity,0,385,829,1214,low_activity,0.804,7644,829,8473,ok_volume,0,0,0,30281,929,31210
1769879780,60,39,0,307,0,307,low_activity,0,385,829,1214,low_activity,0.8,7472,829,8301,ok_volume,0,0,0,30274,929,31203
1769879781,60,39,0,0,0,0,low_activity,0,385,829,1214,low_activity,0.798,7379,829,8208,ok_volume,7,0,7,30281,829,31110
1769879782,60,39,0,0,0,0,low_activity,0,307,0,307,low_activity,0.798,7379,829,8208,ok_volume,0,0,0,30196,829,31025
1769879783,60,39,0,15,0,15,low_activity,0,15,0,15,low_activity,0.798,7364,829,8193,ok_volume,15,0,15,27778,829,28607
1769879784,60,39,0,46,0,46,low_activity,0,46,0,46,low_activity,0.798,7380,829,8209,ok_volume,34,0,34,26564,829,27393
1769879785,60,39,0,46,0,46,low_activity,0,46,0,46,low_activity,0.796,7302,829,8131,ok_volume,0,0,0,26561,829,27390
1769879786,60,39,0,84,0,84,low_activity,0,99,0,99,low_activity,0.795,7277,829,8106,ok_volume,53,0,53,26576,829,27405
1769879787,60,39,0,92,0,92,low_activity,0,138,0,138,low_activity,0.788,7004,829,7833,ok_volume,39,0,39,26596,829,27425
1769879788,60,39,0,92,0,92,low_activity,0,123,0,123,low_activity,0.781,6752,829,7581,ok_volume,1,0,1,26597,829,27426
1769879789,60,39,0,39,0,39,low_activity,0,92,0,92,low_activity,0.771,6425,829,7254,ok_volume,2,0,2,8578,829,9407
1769879790,60,39,0,0,0,0,low_activity,0,92,0,92,low_activity,0.771,6402,829,7231,ok_volume,0,0,0,8579,829,9408
1769879791,60,39,0,0,0,0,low_activity,0,39,0,39,low_activity,0.771,6402,829,7231,ok_volume,0,0,0,8572,829,9401
1769879792,60,39,0,0,0,0,low_activity,0,0,0,0,low_activity,0.771,6402,829,7231,ok_volume,3,0,3,8575,829,9404
1769879793,60,39,0,158,0,158,low_activity,0,158,0,158,low_activity,0.769,6341,829,7170,ok_volume,158,0,158,8471,829,9300
1769879794,60,39,0,158,0,158,low_activity,0,158,0,158,low_activity,0.767,6297,829,7126,ok_volume,0,0,0,8468,829,9297
1769879795,60,39,0,281,10,291,low_activity,0,281,10,291,low_activity,0.27,1459,839,2298,ok_volume,129,10,139,8594,839,9433
1769879796,60,39,0,138,10,148,low_activity,0.935,296,10,306,ok_volume,0.222,1317,839,2156,ok_volume,15,0,15,8571,839,9410
1769879797,60,38,0,138,10,148,low_activity,0.935,296,10,306,ok_volume,0.222,1317,839,2156,ok_volume,0,0,0,8571,839,9410
1769879798,60,38,0,15,0,15,low_activity,0,138,10,148,low_activity,0.218,1307,839,2146,ok_volume,0,0,0,8560,839,9399
1769879799,60,38,0,0,0,0,no_volume,0,138,10,148,low_activity,0.212,1290,839,2129,ok_volume,0,0,0,8560,839,9399
1769879800,60,38,0,0,0,0,no_volume,0,15,0,15,low_activity,0.055,936,839,1775,ok_volume,0,0,0,8560,839,9399
1769879801,60,38,0,0,0,0,no_volume,0,0,0,0,no_volume,0.033,897,839,1736,ok_volume,0,0,0,8553,839,9392
1769879802,61,38,0,11,0,11,low_activity,0,11,0,11,low_activity,-0.005,830,839,1669,ok_volume,12,0,12,8565,839,9404
1769879803,61,38,0,511,0,511,low_activity,0,511,0,511,low_activity,0.226,1330,839,2169,ok_volume,500,0,500,9034,839,9873
1769879804,61,37,0,526,0,526,low_activity,0,526,0,526,low_activity,0.232,1345,839,2184,ok_volume,15,0,15,9049,839,9888
1769879805,61,37,0,515,0,515,low_activity,0,526,0,526,low_activity,0.232,1345,839,2184,ok_volume,0,0,0,8848,839,9687
1769879806,60,38,0,15,147,162,low_activity,0.563,526,147,673,ok_volume,0.154,1345,986,2331,ok_volume,4,147,151,8852,986,9838
1769879807,60,37,0,0,225,225,low_activity,0.392,515,225,740,ok_volume,0.687,1267,235,1502,ok_volume,0,78,78,8847,1064,9911
1769879808,60,37,0,0,225,225,low_activity,0,15,225,240,low_total_volume,0.607,960,235,1195,ok_volume,0,0,0,8808,1064,9872
1769879809,60,37,0,768,78,846,low_activity,0.547,768,225,993,ok_volume,0.761,1728,235,1963,ok_volume,769,0,769,9435,1064,10499
1769879810,61,37,0,768,0,768,low_activity,0.547,768,225,993,ok_volume,0.761,1728,235,1963,ok_volume,7,0,7,9270,1064,10334
1769879811,61,37,0,880,0,880,low_activity,0,880,78,958,low_activity,0.773,1840,235,2075,ok_volume,113,0,113,9287,1064,10351
1769879812,61,37,1.0,1535,0,1535,ok_volume,1.0,2303,0,2303,ok_volume,0.866,3263,235,3498,ok_volume,1423,0,1423,10710,1064,11774
1769879813,60,39,1.0,1535,0,1535,ok_volume,1.0,2303,0,2303,ok_volume,0.865,3248,235,3483,ok_volume,0,0,0,10680,1064,11744
1769879814,60,39,0,1566,0,1566,low_activity,1.0,1678,0,1678,ok_volume,0.869,3360,235,3595,ok_volume,143,0,143,10806,1064,11870
1769879815,60,39,0,284,0,284,low_activity,1.0,1819,0,1819,ok_volume,0.874,3501,235,3736,ok_volume,141,0,141,10869,1064,11933
1769879816,60,39,0,482,0,482,low_activity,1.0,1905,0,1905,ok_volume,0.879,3646,235,3881,ok_volume,205,0,205,10996,1064,12060
1769879817,60,39,0,378,0,378,low_activity,0,521,0,521,low_activity,0.879,3646,235,3881,ok_volume,0,0,0,10723,1064,11787
1769879818,60,39,0,355,0,355,low_activity,1.0,639,0,639,ok_volume,0.882,3764,235,3999,ok_volume,122,0,122,10593,1064,11657
1769879819,60,39,0,211,0,211,low_activity,1.0,589,0,589,ok_volume,0.885,3857,235,4092,ok_volume,93,0,93,10359,1064,11423
1769879820,60,39,0,250,0,250,low_total_volume,1.0,487,0,487,ok_volume,0.886,3896,235,4131,ok_volume,51,0,51,10377,1064,11441
1769879821,60,39,0,227,0,227,low_activity,1.0,345,0,345,ok_volume,0.889,3991,235,4226,ok_volume,95,0,95,10472,1064,11536
1769879822,60,39,0,134,0,134,low_activity,1.0,345,0,345,ok_volume,0.889,3991,235,4226,ok_volume,0,0,0,10471,1064,11535
1769879823,60,39,0,412,0,412,low_activity,1.0,544,0,544,ok_volume,0.893,4150,235,4385,ok_volume,317,0,317,10562,1064,11626
1769879824,60,39,0,317,0,317,low_activity,0,451,0,451,low_activity,0.893,4150,235,4385,ok_volume,7,0,7,10525,1064,11589
1769879825,60,39,0,485,0,485,low_activity,0,580,0,580,low_activity,0.898,4195,225,4420,ok_volume,168,0,168,5732,1064,6796
1769879826,60,39,0,268,0,268,low_activity,0,585,0,585,low_activity,0.9,4280,225,4505,ok_volume,100,0,100,5675,1064,6739
1769879827,60,38,0,268,0,268,low_activity,0,585,0,585,low_activity,0.9,4280,225,4505,ok_volume,0,0,0,5675,1064,6739
1769879828,60,38,0,100,0,100,low_activity,0,268,0,268,low_activity,0.9,4280,225,4505,ok_volume,0,0,0,5665,1064,6729
1769879829,60,38,0,0,0,0,no_volume,0,268,0,268,low_activity,0.9,4280,225,4505,ok_volume,0,0,0,5648,1064,6712
1769879830,60,39,0,0,0,0,no_volume,0,100,0,100,low_activity,0.9,4280,225,4505,ok_volume,0,0,0,5294,1064,6358
1769879831,60,39,0,277,0,277,low_activity,0,277,0,277,low_activity,0.906,4557,225,4782,ok_volume,119,0,119,5532,1064,6596
1769879832,60,39,0,1105,0,1105,low_activity,0,1105,0,1105,low_activity,0.92,5374,225,5599,ok_volume,828,0,828,6282,1064,7346
1769879833,60,39,0,947,0,947,low_activity,0,1105,0,1105,low_activity,0.912,4874,225,5099,ok_volume,0,0,0,6282,1064,7346
1769879834,60,39,0,828,0,828,low_activity,0,1105,0,1105,low_activity,0.911,4859,225,5084,ok_volume,0,0,0,6282,1064,7346
1769879835,60,39,0,155,0,155,low_activity,1.0,1102,0,1102,ok_volume,0.914,5014,225,5239,ok_volume,155,0,155,6437,1064,7501
1769879836,59,40,-0.88,155,2431,2586,ok_volume,-0.424,983,2431,3414,ok_volume,0.333,5014,2509,7523,ok_volume,0,2431,2431,6437,3495,9932
1769879837,59,40,-0.866,175,2431,2606,ok_volume,-0.866,175,2431,2606,ok_volume,0.349,5034,2431,7465,ok_volume,20,0,20,6379,2666,9045
1769879838,59,40,-0.667,485,2431,2916,ok_volume,-0.583,640,2431,3071,ok_volume,0.387,5499,2431,7930,ok_volume,472,0,472,6534,2666,9200
1769879839,59,40,0,485,0,485,low_activity,-0.583,640,2431,3071,ok_volume,0.321,4731,2431,7162,ok_volume,6,0,6,6540,2666,9206
1769879840,59,40,0,562,0,562,low_activity,-0.614,582,2431,3013,ok_volume,0.33,4828,2431,7259,ok_volume,97,0,97,6637,2666,9303
1769879841,59,40,0,921,0,921,low_activity,1.0,1406,0,1406,ok_volume,0.39,5540,2431,7971,ok_volume,793,0,793,7454,2666,10120
1769879842,59,40,0,921,0,921,low_activity,1.0,1386,0,1386,ok_volume,0.257,4117,2431,6548,ok_volume,0,0,0,7454,2666,10120
1769879843,59,40,0,1051,0,1051,low_activity,1.0,1179,0,1179,ok_volume,0.286,4375,2431,6806,ok_volume,258,0,258,7697,2666,10363
1769879844,59,40,0,258,0,258,low_activity,1.0,1179,0,1179,ok_volume,0.27,4232,2431,6663,ok_volume,0,0,0,7663,2666,10329
1769879845,59,40,0,444,0,444,low_activity,0,1237,0,1237,low_activity,0.275,4277,2431,6708,ok_volume,186,0,186,7849,2666,10515
1769879846,59,40,0,226,0,226,low_activity,0,484,0,484,low_activity,0.253,4080,2431,6511,ok_volume,40,0,40,7836,2666,10502
1769879847,59,40,0,226,0,226,low_activity,0,484,0,484,low_activity,0.253,4080,2431,6511,ok_volume,3,0,3,7800,2666,10466
1769879848,58,41,-0.642,72,330,402,ok_volume,-0.122,258,330,588,ok_volume,0.183,3994,2761,6755,ok_volume,40,330,370,7839,2996,10835
1769879849,58,41,-0.746,48,330,378,ok_volume,-0.093,274,330,604,ok_volume,0.173,3917,2761,6678,ok_volume,22,0,22,7858,2996,10854
1769879850,58,41,-0.575,89,330,419,ok_volume,-0.438,129,330,459,ok_volume,0.173,3919,2761,6680,ok_volume,41,0,41,7899,2996,10895
1769879851,58,41,0,69,0,69,low_activity,-0.531,101,330,431,ok_volume,0.163,3836,2761,6597,ok_volume,12,0,12,7911,2996,10907
1769879852,58,41,0,130,0,130,low_activity,-0.299,178,330,508,ok_volume,0.173,3913,2761,6674,ok_volume,77,0,77,7985,2996,10981
1769879853,58,41,0,89,0,89,low_activity,0,146,0,146,low_total_volume,0.131,3596,2761,6357,ok_volume,0,0,0,7827,2996,10823
1769879854,58,41,0.569,535,147,682,ok_volume,0.6,588,147,735,ok_volume,0.165,4054,2908,6962,ok_volume,409,147,556,8285,3143,11428
1769879855,58,41,0.747,1014,147,1161,ok_volume,0.765,1103,147,1250,ok_volume,0.209,4442,2908,7350,ok_volume,556,0,556,8712,3133,11845
1769879856,58,41,0.739,981,147,1128,ok_volume,0.766,1107,147,1254,ok_volume,0.2,4358,2908,7266,ok_volume,0,0,0,8713,3133,11846
1769879857,58,41,0,572,0,572,low_activity,0.75,1030,147,1177,ok_volume,0.2,4358,2908,7266,ok_volume,0,0,0,8713,3133,11846
1769879858,58,41,0,24,198,222,low_activity,0.489,1005,345,1350,ok_volume,0.17,4382,3106,7488,ok_volume,24,198,222,8740,3331,12071
1769879859,58,41,0,124,198,322,low_activity,0.557,696,198,894,ok_volume,0.181,4482,3106,7588,ok_volume,100,0,100,8840,3331,12171
1769879860,58,41,-0.206,168,255,423,ok_volume,-0.206,168,255,423,ok_volume,0.16,4368,3163,7531,ok_volume,44,57,101,8884,3388,12272
1769879861,58,41,0,160,57,217,low_activity,-0.162,184,255,439,ok_volume,0.148,4265,3163,7428,ok_volume,16,0,16,8900,3388,12288
1769879862,57,42,-0.863,101,1373,1474,ok_volume,-0.749,225,1571,1796,ok_volume,-0.126,3478,4479,7957,ok_volume,41,1316,1357,8929,4704,13633
1769879863,57,42,-0.917,57,1316,1373,ok_volume,-0.745,201,1373,1574,ok_volume,-0.126,3478,4479,7957,ok_volume,0,0,0,8429,4704,13133
1769879864,57,41,-0.877,86,1316,1402,ok_volume,-0.808,146,1373,1519,ok_volume,-0.119,3523,4479,8002,ok_volume,47,0,47,8461,4704,13165
1769879865,57,42,0,135,0,135,low_activity,-0.745,192,1316,1508,ok_volume,-0.129,3458,4479,7937,ok_volume,90,0,90,8551,4704,13255
1769879866,57,42,0,135,0,135,low_activity,-0.764,176,1316,1492,ok_volume,0.256,3458,2048,5506,ok_volume,8,0,8,8555,4557,13112
1769879867,57,42,0,140,0,140,low_activity,0,185,0,185,low_activity,0.26,3488,2048,5536,ok_volume,58,0,58,8613,4479,13092
1769879868,57,42,0,133,0,133,low_activity,0,268,0,268,low_total_volume,0.205,3106,2048,5154,ok_volume,90,0,90,8703,4479,13182
1769879869,57,42,0,216,0,216,low_activity,1.0,306,0,306,ok_volume,0.218,3189,2048,5237,ok_volume,83,4,87,8017,4483,12500
1769879870,57,42,0,182,0,182,low_activity,0,232,0,232,low_total_volume,0.201,3077,2048,5125,ok_volume,16,0,16,8026,4483,12509
1769879871,56,43,0.854,1157,91,1248,ok_volume,0.868,1290,91,1381,ok_volume,0.219,3342,2139,5481,ok_volume,1059,91,1150,8972,4574,13546
1769879872,56,43,0.844,1074,91,1165,ok_volume,0.863,1240,91,1331,ok_volume,0.219,3342,2139,5481,ok_volume,6,0,6,7555,4574,12129
1769879873,56,43,0.853,1143,91,1234,ok_volume,0.863,1242,91,1333,ok_volume,0.194,3169,2139,5308,ok_volume,93,0,93,7647,4574,12221
1769879874,56,43,0,243,50,293,low_total_volume,0.807,1317,141,1458,ok_volume,0.206,3327,2189,5516,ok_volume,158,51,209,7662,4625,12287
1769879875,56,43,0.907,1023,50,1073,ok_volume,0.873,2081,141,2222,ok_volume,0.283,3921,2189,6110,ok_volume,780,0,780,8301,4625,12926
1769879876,55,44,0.875,971,65,1036,ok_volume,0.884,1056,65,1121,ok_volume,0.28,3914,2204,6118,ok_volume,33,20,53,8090,4645,12735
1769879877,55,44,0.98,1462,15,1477,ok_volume,0.927,1705,65,1770,ok_volume,0.349,4563,2204,6767,ok_volume,649,0,649,8739,4645,13384
1769879878,55,44,0.977,3324,38,3362,ok_volume,0.96,4262,88,4350,ok_volume,0.582,7173,1897,9070,ok_volume,2650,23,2673,11267,4668,15935
1769879879,55,44,0.641,3291,719,4010,ok_volume,0.697,4104,734,4838,ok_volume,0.468,7157,2593,9750,ok_volume,0,696,696,11174,5364,16538
1769879880,55,44,0.589,2974,769,3743,ok_volume,0.647,3656,784,4440,ok_volume,0.476,7448,2643,10091,ok_volume,340,51,391,11463,5415,16878
1769879881,55,44,0.225,1194,756,1950,ok_volume,0.704,4485,779,5264,ok_volume,0.515,8298,2653,10951,ok_volume,862,10,872,12230,5425,17655
1769879882,55,44,0.877,1237,81,1318,ok_volume,0.658,3879,800,4679,ok_volume,0.511,8264,2674,10938,ok_volume,43,21,64,12273,5446,17719
1769879883,55,44,0.893,905,51,956,ok_volume,0.216,1237,797,2034,ok_volume,0.506,8215,2694,10909,ok_volume,0,20,20,11956,5466,17422
1769879884,55,44,0,110,60,170,low_total_volume,0.831,1304,120,1424,ok_volume,0.508,7873,2566,10439,ok_volume,67,19,86,12016,5485,17501
1769879885,55,44,-0.73,67,429,496,ok_volume,0.358,972,460,1432,ok_volume,0.424,7301,2956,10257,ok_volume,0,400,400,11848,5885,17733
1769879886,55,44,-0.649,87,409,496,ok_volume,-0.552,130,450,580,ok_volume,0.425,7321,2956,10277,ok_volume,20,0,20,11768,5885,17653
1769879887,55,44,-0.127,502,648,1150,ok_volume,-0.094,569,687,1256,ok_volume,0.417,7803,3214,11017,ok_volume,483,258,741,12251,6143,18394
1769879888,55,44,-0.339,519,1051,1570,ok_volume,-0.427,586,1460,2046,ok_volume,0.344,7796,3809,11605,ok_volume,17,795,812,12268,6938,19206
1769879889,55,44,-0.207,690,1051,1741,ok_volume,-0.34,710,1441,2151,ok_volume,0.349,7887,3809,11696,ok_volume,194,0,194,12462,6938,19400
1769879890,55,44,-0.584,208,793,1001,ok_volume,-0.194,710,1051,1761,ok_volume,0.353,7843,3752,11595,ok_volume,9,0,9,12313,6938,19251
1769879891,54,44,0.277,380,215,595,ok_volume,-0.18,879,1266,2145,ok_volume,0.338,8016,3967,11983,ok_volume,189,222,411,12383,7160,19543
1769879892,54,45,0.54,720,215,935,ok_volume,-0.041,928,1008,1936,ok_volume,0.525,8506,2651,11157,ok_volume,533,0,533,12088,7160,19248
1769879893,54,45,0.55,740,215,955,ok_volume,0.625,931,215,1146,ok_volume,0.526,8526,2651,11177,ok_volume,20,0,20,12108,7160,19268
1769879894,54,45,0.983,1608,14,1622,ok_volume,0.774,1797,229,2026,ok_volume,0.563,9538,2665,12203,ok_volume,1057,14,1071,13165,7174,20339
1769879895,54,45,0,1077,14,1091,low_activity,0.774,1797,229,2026,ok_volume,0.56,9448,2665,12113,ok_volume,0,0,0,13010,7174,20184
1769879896,54,45,0,1257,14,1271,low_activity,0.985,1808,14,1822,ok_volume,0.567,9648,2665,12313,ok_volume,205,0,205,13215,4743,17958
1769879897,54,45,0,354,0,354,low_activity,0.981,1431,14,1445,ok_volume,0.571,9752,2665,12417,ok_volume,154,0,154,13349,4743,18092
1769879898,54,45,0,382,0,382,low_activity,0.981,1439,14,1453,ok_volume,0.569,9697,2665,12362,ok_volume,36,0,36,12913,4743,17656
1769879899,54,45,1.0,501,0,501,ok_volume,1.0,701,0,701,ok_volume,0.577,9933,2665,12598,ok_volume,319,0,319,13231,4743,17974
1769879900,54,45,0,347,0,347,low_activity,1.0,701,0,701,ok_volume,0.576,9917,2665,12582,ok_volume,0,0,0,13103,4743,17846
1769879901,53,46,0.278,391,221,612,ok_volume,0.443,573,221,794,ok_volume,0.523,8931,2795,11726,ok_volume,72,221,293,12382,4964,17346
1769879902,53,46,0.594,867,221,1088,ok_volume,0.692,1214,221,1435,ok_volume,0.554,9726,2795,12521,ok_volume,795,0,795,13177,4964,18141
1769879903,53,46,0.851,2754,221,2975,ok_volume,0.866,3073,221,3294,ok_volume,0.61,11528,2795,14323,ok_volume,1895,0,1895,14814,4964,19778
1769879904,53,46,1.0,2778,0,2778,ok_volume,0.856,2850,221,3071,ok_volume,0.614,11466,2745,14211,ok_volume,96,0,96,14910,4964,19874
1769879905,53,46,1.0,3349,0,3349,ok_volume,0.9,4216,221,4437,ok_volume,0.629,12052,2745,14797,ok_volume,1366,0,1366,16090,4964,21054
1769879906,53,46,1.0,1512,0,1512,ok_volume,1.0,4194,0,4194,ok_volume,0.631,12069,2730,14799,ok_volume,50,0,50,16100,4964,21064
1769879907,53,46,1.0,1615,0,1615,ok_volume,1.0,3598,0,3598,ok_volume,0.619,11619,2730,14349,ok_volume,199,0,199,16296,4964,21260
1769879908,53,46,1.0,695,0,695,ok_volume,1.0,2157,0,2157,ok_volume,0.554,9423,2707,12130,ok_volume,449,0,449,16705,4634,21339
1769879909,53,46,1.0,10670,0,10670,ok_volume,1.0,12086,0,12086,ok_volume,0.813,19448,2011,21459,ok_volume,10025,0,10025,26708,4634,31342
1769879910,53,46,1.0,11223,0,11223,ok_volume,1.0,11472,0,11472,ok_volume,0.82,19868,1961,21829,ok_volume,752,0,752,27419,4634,32053
1769879911,53,46,1.0,11538,0,11538,ok_volume,1.0,12183,0,12183,ok_volume,0.82,19767,1951,21718,ok_volume,761,0,761,28168,4634,32802
1769879912,53,46,1.0,2247,0,2247,ok_volume,1.0,12718,0,12718,ok_volume,0.828,20458,1930,22388,ok_volume,734,0,734,28825,4634,33459
1769879913,52,47,0.963,2689,50,2739,ok_volume,0.993,13466,50,13516,ok_volume,0.834,21652,1960,23612,ok_volume,1194,51,1245,29970,4685,34655
1769879914,52,47,0.987,7372,50,7422,ok_volume,0.989,8885,50,8935,ok_volume,0.866,27029,1941,28970,ok_volume,5435,0,5435,35013,4538,39551
1769879915,52,46,0.985,6830,50,6880,ok_volume,0.988,8325,50,8375,ok_volume,0.892,27221,1551,28772,ok_volume,193,0,193,34634,4538,39172
1769879916,53,46,1.0,8334,0,8334,ok_volume,0.99,10279,50,10329,ok_volume,0.901,29916,1551,31467,ok_volume,2715,0,2715,37349,4538,41887
1769879917,53,46,1.0,4147,0,4147,ok_volume,0.991,10785,50,10835,ok_volume,0.919,30674,1293,31967,ok_volume,1240,0,1240,38590,4538,43128
1769879918,53,46,1.0,3955,0,3955,ok_volume,1.0,9574,0,9574,ok_volume,0.968,30657,500,31157,ok_volume,9,0,9,38575,4340,42915
1769879919,53,46,1.0,3024,0,3024,ok_volume,1.0,5931,0,5931,ok_volume,0.969,32250,500,32750,ok_volume,1774,0,1774,40259,4340,44599
1769879920,53,46,1.0,1954,0,1954,ok_volume,1.0,5909,0,5909,ok_volume,0.97,32420,500,32920,ok_volume,170,0,170,40385,4283,44668
1769879921,53,46,1.0,2424,0,2424,ok_volume,1.0,3674,0,3674,ok_volume,0.983,32711,285,32996,ok_volume,453,0,453,40865,4283,45148
1769879922,53,46,1.0,701,0,701,ok_volume,1.0,2485,0,2485,ok_volume,0.982,32231,285,32516,ok_volume,51,0,51,40875,2967,43842
1769879923,53,46,1.0,9562,0,9562,ok_volume,1.0,11549,0,11549,ok_volume,0.986,41285,285,41570,ok_volume,9075,0,9075,49950,2967,52917
1769879924,53,46,1.0,9409,0,9409,ok_volume,1.0,10059,0,10059,ok_volume,0.987,40512,271,40783,ok_volume,292,0,292,50195,2967,53162
1769879925,53,46,1.0,9818,0,9818,ok_volume,1.0,10306,0,10306,ok_volume,0.987,40972,271,41243,ok_volume,460,0,460,50565,2967,53532
1769879926,53,46,1.0,972,0,972,ok_volume,1.0,10097,0,10097,ok_volume,0.987,41000,271,41271,ok_volume,228,0,228,50785,2967,53752
1769879927,53,46,1.0,688,0,688,ok_volume,1.0,10046,0,10046,ok_volume,0.987,40846,271,41117,ok_volume,3,0,3,50730,2967,53697
1769879928,53,46,0,415,0,415,low_activity,1.0,1159,0,1159,ok_volume,0.987,41005,271,41276,ok_volume,187,0,187,50827,2967,53794
1769879929,53,46,0,187,196,383,low_activity,0.634,875,196,1071,ok_volume,0.977,40686,467,41153,ok_volume,0,197,197,50744,3160,53904
1769879930,53,46,0,187,196,383,low_activity,0.358,415,196,611,ok_volume,0.977,40686,467,41153,ok_volume,0,0,0,50728,3160,53888
1769879931,53,46,0.531,688,211,899,ok_volume,0.611,875,211,1086,ok_volume,0.987,41302,261,41563,ok_volume,697,15,712,50366,3084,53450
1769879932,53,46,0.992,3542,15,3557,ok_volume,0.893,3729,211,3940,ok_volume,0.988,43361,261,43622,ok_volume,2765,1,2766,53214,3085,56299
1769879933,53,46,0.977,5499,65,5564,ok_volume,0.909,5499,261,5760,ok_volume,0.986,43431,311,43742,ok_volume,1957,50,2007,55078,3135,58213
1769879934,53,46,0.982,5537,50,5587,ok_volume,0.98,6314,65,6379,ok_volume,0.986,44150,311,44461,ok_volume,823,0,823,55743,3084,58827
1769879935,53,45,0.997,29923,50,29973,ok_volume,0.996,33465,65,33530,ok_volume,0.991,69935,311,70246,ok_volume,27160,0,27160,82123,3084,85207
1769879936,53,46,1.0,27966,0,27966,ok_volume,0.997,32688,50,32738,ok_volume,0.991,69885,311,70196,ok_volume,0,0,0,82090,3064,85154
1769879937,53,45,1.0,27186,0,27186,ok_volume,0.997,29958,50,30008,ok_volume,0.991,69721,311,70032,ok_volume,44,0,44,81485,3064,84549
1769879938,53,45,0,35,0,35,low_activity,1.0,28001,0,28001,ok_volume,0.991,69275,311,69586,ok_volume,8,0,8,78843,3041,81884
1769879939,53,45,0,408,0,408,low_activity,1.0,27559,0,27559,ok_volume,0.99,59623,311,59934,ok_volume,380,0,380,79223,2345,81568
1769879940,53,45,1.0,676,0,676,ok_volume,1.0,711,0,711,ok_volume,0.99,59174,311,59485,ok_volume,309,0,309,79192,2294,81486
1769879941,53,45,0.91,720,34,754,ok_volume,0.914,755,34,789,ok_volume,0.988,58457,345,58802,ok_volume,52,34,86,78382,2318,80700
1769879942,53,45,0.847,411,34,445,ok_volume,0.917,784,34,818,ok_volume,0.988,57787,345,58132,ok_volume,69,0,69,78408,2297,80705
1769879943,53,45,0.903,669,34,703,ok_volume,0.951,1345,34,1379,ok_volume,0.99,57137,295,57432,ok_volume,565,0,565,78973,2277,81250
1769879944,53,45,1.0,5966,0,5966,ok_volume,0.989,6313,34,6347,ok_volume,0.99,57051,295,57346,ok_volume,5345,0,5345,84251,2258,86509
1769879945,53,46,1.0,5964,0,5964,ok_volume,0.989,6072,34,6106,ok_volume,0.99,56921,295,57216,ok_volume,75,0,75,84326,1858,86184
1769879946,53,46,0.989,5403,30,5433,ok_volume,0.99,6028,30,6058,ok_volume,0.988,54206,325,54531,ok_volume,0,30,30,84306,1888,86194
1769879947,53,46,0,76,30,106,low_activity,0.99,5978,30,6008,ok_volume,0.988,52980,325,53305,ok_volume,2,0,2,83842,1630,85472
1769879948,53,45,-0.057,263,295,558,ok_volume,0.901,5666,295,5961,ok_volume,0.978,53219,590,53809,ok_volume,252,265,517,84077,1100,85177
1769879949,54,45,0,284,265,549,low_activity,0.099,360,295,655,ok_volume,0.977,51480,590,52070,ok_volume,38,0,38,83921,1100,85021
1769879950,54,45,0,284,265,549,low_activity,0.005,298,295,593,ok_volume,0.977,51267,590,51857,ok_volume,0,0,0,83912,1100,85012
1769879951,54,45,0,170,0,170,low_activity,0.225,419,265,684,ok_volume,0.977,50965,590,51555,ok_volume,135,0,135,83858,878,84736
1769879952,54,45,0,135,0,135,low_activity,0.225,419,265,684,ok_volume,0.977,50914,590,51504,ok_volume,0,0,0,83325,878,84203
1769879953,54,45,0,573,0,573,low_activity,0,608,0,608,low_activity,0.972,42278,590,42868,ok_volume,442,0,442,83747,878,84625
1769879954,54,45,0,917,0,917,low_activity,0,1052,0,1052,low_activity,0.973,42473,590,43063,ok_volume,479,0,479,83169,864,84033
1769879955,54,45,1.0,1120,0,1120,ok_volume,1.0,1255,0,1255,ok_volume,0.972,42216,590,42806,ok_volume,116,0,116,83380,864,84244
1769879956,54,45,1.0,989,0,989,ok_volume,1.0,1427,0,1427,ok_volume,0.972,42295,590,42885,ok_volume,307,0,307,83482,864,84346
1769879957,54,45,1.0,689,0,689,ok_volume,1.0,1693,0,1693,ok_volume,0.973,42561,590,43151,ok_volume,266,6,272,83594,870,84464
1769879958,54,45,1.0,748,0,748,ok_volume,1.0,1430,0,1430,ok_volume,0.973,42549,590,43139,ok_volume,175,0,175,83728,870,84598
1769879959,54,45,1.0,1658,0,1658,ok_volume,1.0,2081,0,2081,ok_volume,0.982,43766,394,44160,ok_volume,1217,0,1217,84626,870,85496
1769879960,54,45,1.0,6456,0,6456,ok_volume,1.0,7029,0,7029,ok_volume,0.984,48830,394,49224,ok_volume,5064,0,5064,89690,870,90560
1769879961,54,45,1.0,6375,0,6375,ok_volume,1.0,6816,0,6816,ok_volume,0.984,48147,379,48526,ok_volume,99,0,99,89717,649,90366
1769879962,54,45,1.0,16121,0,16121,ok_volume,1.0,17513,0,17513,ok_volume,0.987,56345,379,56724,ok_volume,10927,0,10927,99885,649,100534
1769879963,54,45,1.0,13010,0,13010,ok_volume,1.0,19291,0,19291,ok_volume,0.988,56341,329,56670,ok_volume,1957,0,1957,99947,649,100596
1769879964,54,45,1.0,14721,0,14721,ok_volume,1.0,19915,0,19915,ok_volume,0.989,57367,329,57696,ok_volume,1841,0,1841,101692,649,102341
1769879965,54,45,1.0,3999,0,3999,ok_volume,1.0,15056,0,15056,ok_volume,0.979,30421,329,30750,ok_volume,217,0,217,100543,649,101192
1769879966,54,45,1.0,2370,0,2370,ok_volume,1.0,15250,0,15250,ok_volume,0.979,30745,329,31074,ok_volume,324,0,324,100817,649,101466
1769879967,54,45,1.0,4144,0,4144,ok_volume,1.0,7938,0,7938,ok_volume,0.981,34325,329,34654,ok_volume,3616,0,3616,104234,649,104883
1769879968,54,45,1.0,3939,0,3939,ok_volume,1.0,5985,0,5985,ok_volume,0.981,34325,329,34654,ok_volume,0,0,0,103785,649,104434
1769879969,54,45,1.0,3812,0,3812,ok_volume,1.0,4341,0,4341,ok_volume,0.981,34149,329,34478,ok_volume,199,0,199,93959,649,94608
1769879970,54,45,0,214,0,214,low_total_volume,1.0,4153,0,4153,ok_volume,0.981,33863,329,34192,ok_volume,0,0,0,93224,649,93873
1769879971,54,44,0,214,0,214,low_total_volume,1.0,3829,0,3829,ok_volume,0.983,33819,295,34114,ok_volume,0,5,5,92463,654,93117
1769879972,54,45,0,87,0,87,low_activity,1.0,301,0,301,ok_volume,0.983,33842,295,34137,ok_volume,0,0,0,91816,654,92470
1769879973,54,45,0,174,0,174,low_activity,1.0,388,0,388,ok_volume,0.982,33368,295,33663,ok_volume,87,0,87,90692,603,91295
1769879974,55,44,0,200,0,200,low_activity,0,287,0,287,low_total_volume,0.979,28140,295,28435,ok_volume,119,0,119,85376,603,85979
1769879975,55,44,0,242,0,242,low_total_volume,1.0,329,0,329,ok_volume,0.979,28120,295,28415,ok_volume,0,0,0,85225,603,85828
1769879976,55,44,0,155,0,155,low_activity,0,242,0,242,low_total_volume,0.981,28106,265,28371,ok_volume,0,0,0,82506,603,83109
1769879977,55,44,0,0,0,0,no_volume,0,242,0,242,low_total_volume,0.981,28106,265,28371,ok_volume,0,0,0,81266,603,81869
1769879978,55,44,0,34,0,34,low_activity,0,189,0,189,low_total_volume,1.0,27891,0,27891,ok_volume,34,0,34,81281,603,81884
1769879979,55,44,0,34,0,34,low_activity,0,34,0,34,low_activity,1.0,27856,0,27856,ok_volume,0,0,0,79507,603,80110
1769879980,55,44,0,696,0,696,low_activity,0,696,0,696,low_activity,1.0,28518,0,28518,ok_volume,662,0,662,79956,603,80559
1769879981,55,44,0,662,0,662,low_activity,0,696,0,696,low_activity,1.0,28383,0,28383,ok_volume,0,0,0,79503,603,80106
1769879982,55,44,0,1012,0,1012,low_activity,1.0,1046,0,1046,ok_volume,1.0,28733,0,28733,ok_volume,358,0,358,79810,603,80413
1769879983,55,44,0,350,0,350,low_activity,0,1012,0,1012,low_activity,1.0,28295,0,28295,ok_volume,9,0,9,70744,603,71347
1769879984,55,44,0,367,0,367,low_activity,1.0,1029,0,1029,ok_volume,1.0,27746,0,27746,ok_volume,17,0,17,70469,603,71072
1769879985,55,44,0,5101,0,5101,low_activity,0,5451,0,5451,low_activity,1.0,32714,0,32714,ok_volume,5085,0,5085,75094,603,75697
1769879986,55,44,1.0,6473,0,6473,ok_volume,1.0,6823,0,6823,ok_volume,1.0,33779,0,33779,ok_volume,1373,0,1373,76239,603,76842
1769879987,54,44,0.919,6974,295,7269,ok_volume,0.919,6991,295,7286,ok_volume,0.983,34031,295,34326,ok_volume,521,299,820,76757,902,77659
1769879988,54,44,0.73,1890,295,2185,ok_volume,0.919,6991,295,7286,ok_volume,0.983,33856,295,34151,ok_volume,0,0,0,76570,902,77472
1769879989,55,44,0,518,295,813,low_activity,0.919,6974,295,7269,ok_volume,0.982,32639,295,32934,ok_volume,0,0,0,76570,705,77275
1769879990,55,44,0,1179,0,1179,low_activity,0.825,3069,295,3364,ok_volume,0.98,28754,295,29049,ok_volume,1179,0,1179,77749,705,78454
1769879991,55,44,0,1879,0,1879,low_activity,0.781,2397,295,2692,ok_volume,0.98,29324,295,29619,ok_volume,700,0,700,77663,690,78353
1769879992,55,44,1.0,2731,0,2731,ok_volume,1.0,2731,0,2731,ok_volume,0.97,19249,295,19544,ok_volume,852,0,852,75750,689,76439
1769879993,55,44,0.991,3651,17,3668,ok_volume,0.993,4830,17,4847,ok_volume,0.968,19395,312,19707,ok_volume,2049,17,2066,75892,656,76548
1769879994,55,44,0.989,3076,17,3093,ok_volume,0.993,4955,17,4972,ok_volume,0.965,17679,312,17991,ok_volume,125,0,125,75194,656,75850
1769879995,55,44,0.984,2174,17,2191,ok_volume,0.991,3776,17,3793,ok_volume,0.965,17474,312,17786,ok_volume,0,0,0,48034,656,48690
1769879996,55,44,0,297,0,297,low_activity,0.99,3248,17,3265,ok_volume,0.965,17322,312,17634,ok_volume,172,0,172,48206,656,48862
1769879997,55,44,0,322,0,322,low_activity,0.986,2496,17,2513,ok_volume,0.956,13857,312,14169,ok_volume,0,0,0,48312,656,48968
1769879998,55,44,1.0,416,0,416,ok_volume,1.0,541,0,541,ok_volume,0.956,13951,312,14263,ok_volume,94,0,94,48398,656,49054
1769879999,55,44,0,144,0,144,low_activity,1.0,466,0,466,ok_volume,0.956,13787,312,14099,ok_volume,50,0,50,48068,656,48724
1769880000,55,44,0,144,0,144,low_activity,1.0,466,0,466,ok_volume,0.956,13787,312,14099,ok_volume,0,3,3,47759,659,48418
1769880001,55,44,0,60,0,60,low_activity,0,154,0,154,low_activity,0.955,13710,312,14022,ok_volume,10,0,10,47726,625,48351
1769880002,55,44,0,527,0,527,low_activity,1.0,671,0,671,ok_volume,0.957,14227,312,14539,ok_volume,517,0,517,48174,625,48799
1769880003,55,44,0,527,0,527,low_activity,0,577,0,577,low_activity,0.957,14140,312,14452,ok_volume,3,0,3,47612,625,48237
1769880004,55,44,1.0,1167,0,1167,ok_volume,1.0,1177,0,1177,ok_volume,0.958,14635,312,14947,ok_volume,344,0,344,42917,625,43542
1769880005,55,44,1.0,950,0,950,ok_volume,1.0,1477,0,1477,ok_volume,0.959,14935,312,15247,ok_volume,313,0,313,43155,625,43780
1769880006,55,44,1.0,678,0,678,ok_volume,1.0,1501,0,1501,ok_volume,0.959,14969,312,15281,ok_volume,34,0,34,43172,595,43767
1769880007,55,44,1.0,2284,0,2284,ok_volume,1.0,2934,0,2934,ok_volume,0.964,16919,312,17231,ok_volume,1930,0,1930,45120,595,45715
1769880008,55,44,1.0,1984,0,1984,ok_volume,1.0,2628,0,2628,ok_volume,0.964,16885,312,17197,ok_volume,0,0,0,44868,330,45198
1769880009,55,44,1.0,1964,0,1964,ok_volume,1.0,2318,0,2318,ok_volume,0.964,16919,312,17231,ok_volume,34,0,34,44864,330,45194
1769880010,55,44,0,34,0,34,low_activity,1.0,2018,0,2018,ok_volume,0.962,16257,312,16569,ok_volume,0,0,0,44864,330,45194
1769880011,55,44,0,2652,0,2652,low_activity,1.0,4582,0,4582,ok_volume,0.967,18875,312,19187,ok_volume,2591,0,2591,47347,330,47677
1769880012,55,44,1.0,3509,0,3509,ok_volume,1.0,3543,0,3543,ok_volume,0.968,19416,312,19728,ok_volume,891,0,891,48238,330,48568
1769880013,55,44,1.0,3565,0,3565,ok_volume,1.0,3626,0,3626,ok_volume,0.969,19499,312,19811,ok_volume,84,0,84,47880,330,48210
1769880014,55,44,1.0,1431,0,1431,ok_volume,1.0,4049,0,4049,ok_volume,0.969,19939,312,20251,ok_volume,457,0,457,47763,330,48093
1769880015,55,44,1.0,540,0,540,ok_volume,1.0,4022,0,4022,ok_volume,0.959,14855,312,15167,ok_volume,0,0,0,47647,330,47977
1769880016,55,44,1.0,3437,0,3437,ok_volume,1.0,4411,0,4411,ok_volume,0.963,16463,312,16775,ok_volume,2980,0,2980,50320,330,50650
1769880017,54,44,0.948,2980,80,3060,ok_volume,0.956,3520,80,3600,ok_volume,0.988,15945,97,16042,ok_volume,8,80,88,50062,404,50466
1769880018,54,44,0.95,3115,80,3195,ok_volume,0.956,3572,80,3652,ok_volume,0.988,16080,97,16177,ok_volume,135,0,135,50022,404,50426
1769880019,54,44,0,135,80,215,low_activity,0.95,3115,80,3195,ok_volume,0.988,16080,97,16177,ok_volume,17,0,17,48822,404,49226
1769880020,54,44,0,221,0,221,low_activity,0.951,3201,80,3281,ok_volume,0.987,14987,97,15084,ok_volume,86,0,86,43844,404,44248
1769880021,54,44,0,544,0,544,low_activity,0.789,679,80,759,ok_volume,0.987,14745,97,14842,ok_volume,433,0,433,44167,404,44571
1769880022,54,44,0,587,0,587,low_activity,1.0,722,0,722,ok_volume,0.986,13886,97,13983,ok_volume,43,0,43,33283,404,33687
1769880023,54,44,0,476,0,476,low_activity,0,587,0,587,low_activity,0.987,11837,80,11917,ok_volume,0,0,0,31326,404,31730
1769880024,54,44,0,43,0,43,low_activity,0,587,0,587,low_activity,0.986,11712,80,11792,ok_volume,0,0,0,29485,404,29889
1769880025,54,44,0,0,0,0,no_volume,0,476,0,476,low_activity,0.986,11712,80,11792,ok_volume,0,0,0,29268,404,29672
1769880026,54,44,0,2235,0,2235,low_activity,1.0,2278,0,2278,ok_volume,0.988,13625,80,13705,ok_volume,2190,0,2190,31179,404,31583
1769880027,54,44,1.0,2352,0,2352,ok_volume,1.0,2352,0,2352,ok_volume,0.988,13742,80,13822,ok_volume,120,0,120,27683,404,28087
1769880028,54,44,0.617,2514,596,3110,ok_volume,0.622,2559,596,3155,ok_volume,0.907,13855,676,14531,ok_volume,207,600,807,27890,1004,28894
1769880029,54,44,-0.296,324,596,920,ok_volume,0.622,2559,596,3155,ok_volume,0.907,13805,676,14481,ok_volume,0,0,0,27674,1004,28678
1769880030,54,44,-0.359,281,596,877,ok_volume,0.626,2588,596,3184,ok_volume,0.907,13879,676,14555,ok_volume,74,0,74,27748,1004,28752
1769880031,54,44,0,74,0,74,low_activity,-0.199,398,596,994,ok_volume,0.907,13869,676,14545,ok_volume,0,0,0,27661,999,28660
1769880032,54,44,0,299,0,299,low_activity,-0.082,506,596,1102,ok_volume,0.905,13577,676,14253,ok_volume,226,0,226,27887,999,28886
1769880033,54,44,0,242,0,242,low_activity,1.0,316,0,316,ok_volume,0.903,13288,676,13964,ok_volume,17,0,17,27817,999,28816
1769880034,54,44,0,242,0,242,low_activity,1.0,316,0,316,ok_volume,0.901,12944,676,13620,ok_volume,0,0,0,27656,999,28655
1769880035,54,44,0,36,0,36,low_activity,0,261,0,261,low_activity,0.899,12663,676,13339,ok_volume,19,0,19,27675,999,28674
1769880036,54,44,0,150,0,150,low_activity,1.0,392,0,392,ok_volume,0.899,12740,676,13416,ok_volume,131,0,131,27806,999,28805
1769880037,54,44,0,150,0,150,low_activity,0,167,0,167,low_activity,0.882,10810,676,11486,ok_volume,1,0,1,27807,999,28806
1769880038,54,44,0,2631,0,2631,low_activity,0,2650,0,2650,low_activity,0.903,13310,676,13986,ok_volume,1,0,1,30274,999,31273
1769880039,54,44,0,2562,44,2606,low_activity,0.968,2712,44,2756,ok_volume,0.898,13338,720,14058,ok_volume,43,44,87,30336,1043,31379
1769880040,54,44,0,62,44,106,low_activity,0.968,2693,44,2737,ok_volume,0.897,13311,720,14031,ok_volume,5,0,5,29679,1043,30722
1769880041,54,44,0.892,769,44,813,ok_volume,0.974,3288,44,3332,ok_volume,0.882,11446,720,12166,ok_volume,734,0,734,30413,1043,31456
1769880042,54,44,1.0,2572,0,2572,ok_volume,0.967,2634,44,2678,ok_volume,0.89,12401,720,13121,ok_volume,1851,0,1851,31906,1043,32949
1769880043,54,44,1.0,3183,0,3183,ok_volume,0.973,3226,44,3270,ok_volume,0.894,12929,720,13649,ok_volume,617,0,617,32514,1043,33557
1769880044,54,44,1.0,2467,0,2467,ok_volume,1.0,3193,0,3193,ok_volume,0.891,12482,720,13202,ok_volume,18,0,18,32515,1043,33558
1769880045,54,44,1.0,855,0,855,ok_volume,1.0,3427,0,3427,ok_volume,0.893,12716,720,13436,ok_volume,234,0,234,27664,1043,28707
1769880046,54,44,0,269,0,269,low_total_volume,1.0,2726,0,2726,ok_volume,0.863,9761,720,10481,ok_volume,25,0,25,26316,1043,27359
1769880047,54,44,0,295,0,295,low_total_volume,1.0,916,0,916,ok_volume,0.877,9797,640,10437,ok_volume,37,0,37,25834,744,26578
1769880048,54,44,1.0,505,0,505,ok_volume,1.0,749,0,749,ok_volume,0.881,10106,640,10746,ok_volume,444,0,444,26278,744,27022
1769880049,54,44,1.0,834,0,834,ok_volume,1.0,1093,0,1093,ok_volume,0.885,10460,640,11100,ok_volume,354,0,354,26632,744,27376
1769880050,54,44,1.0,1204,0,1204,ok_volume,1.0,1265,0,1265,ok_volume,0.888,10755,640,11395,ok_volume,406,0,406,25859,744,26603
1769880051,54,45,0,760,0,760,low_activity,1.0,1240,0,1240,ok_volume,0.883,10322,640,10962,ok_volume,0,0,0,25159,744,25903
1769880052,54,45,0,406,0,406,low_activity,1.0,1204,0,1204,ok_volume,0.883,10279,640,10919,ok_volume,0,0,0,24257,744,25001
1769880053,54,45,0,0,0,0,low_activity,0,760,0,760,low_activity,0.883,10279,640,10919,ok_volume,1,0,1,22217,727,22944
1769880054,54,45,0,0,0,0,low_activity,0,406,0,406,low_activity,0.883,10279,640,10919,ok_volume,0,0,0,22092,727,22819
1769880055,54,45,0,10,0,10,low_activity,0,10,0,10,low_activity,0.882,10244,640,10884,ok_volume,10,0,10,22102,727,22829
1769880056,54,44,0,376,0,376,low_activity,0,376,0,376,low_activity,0.859,8420,640,9060,ok_volume,366,0,366,22146,727,22873
1769880057,54,44,0,376,0,376,low_activity,0,376,0,376,low_activity,0.857,8303,640,8943,ok_volume,0,0,0,22146,727,22873
1769880058,54,44,0,366,0,366,low_activity,0,376,0,376,low_activity,0.989,8096,44,8140,ok_volume,8,0,8,22060,727,22787
1769880059,54,44,0,0,0,0,low_activity,0,376,0,376,low_activity,0.989,8096,44,8140,ok_volume,0,0,0,22010,727,22737
1769880060,55,44,0,0,0,0,low_activity,0,366,0,366,low_activity,0.989,8022,44,8066,ok_volume,0,0,0,22001,724,22725
1769880061,55,44,0,102,0,102,low_activity,0,102,0,102,low_activity,0.989,8124,44,8168,ok_volume,102,0,102,22093,724,22817
1769880062,55,44,0,102,0,102,low_activity,0,102,0,102,low_activity,0.989,7899,44,7943,ok_volume,0,0,0,21576,724,22300
1769880063,55,44,0,514,0,514,low_activity,0,514,0,514,low_activity,0.989,8294,44,8338,ok_volume,382,0,382,21679,724,22403
1769880064,55,44,0,412,0,412,low_activity,0,514,0,514,low_activity,0.989,8294,44,8338,ok_volume,0,0,0,21335,724,22059
1769880065,55,44,0,382,0,382,low_activity,0,514,0,514,low_activity,0.989,8275,44,8319,ok_volume,6,0,6,21028,724,21752
1769880066,55,44,0,0,31,31,low_activity,0,412,31,443,low_activity,0.982,8144,75,8219,ok_volume,0,31,31,20974,755,21729
1769880067,55,44,0,86,31,117,low_activity,0,468,31,499,low_activity,0.974,5730,75,5805,ok_volume,86,0,86,19130,755,19885
1769880068,55,44,0,180,31,211,low_total_volume,0,180,31,211,low_total_volume,0.974,5805,75,5880,ok_volume,103,0,103,19233,755,19988
1769880069,55,44,1.0,353,0,353,ok_volume,0.839,353,31,384,ok_volume,0.99,5935,31,5966,ok_volume,173,0,173,19372,755,20127
1769880070,55,44,1.0,525,0,525,ok_volume,0.903,611,31,642,ok_volume,0.99,6193,31,6224,ok_volume,258,0,258,19605,755,20360
1769880071,55,44,0,1876,0,1876,low_activity,1.0,2056,0,2056,ok_volume,0.991,6912,31,6943,ok_volume,1445,0,1445,18459,755,19214
1769880072,55,44,0,1703,0,1703,low_activity,1.0,1970,0,1970,ok_volume,0.988,5066,31,5097,ok_volume,0,0,0,17568,755,18323
1769880073,55,44,1.0,2741,0,2741,ok_volume,1.0,3172,0,3172,ok_volume,0.989,5751,31,5782,ok_volume,1296,0,1296,18780,755,19535
1769880074,55,44,0,1296,0,1296,low_activity,1.0,2999,0,2999,ok_volume,0.989,5741,31,5772,ok_volume,0,0,0,18323,755,19078
1769880075,55,44,0,1469,0,1469,low_activity,1.0,2914,0,2914,ok_volume,0.989,5680,31,5711,ok_volume,181,0,181,18504,755,19259
1769880076,55,44,0,173,0,173,low_activity,0,1469,0,1469,low_activity,0.989,5655,31,5686,ok_volume,0,0,0,15524,755,16279
1769880077,55,44,0,519,0,519,low_activity,1.0,1815,0,1815,ok_volume,0.99,5965,31,5996,ok_volume,0,0,0,15862,675,16537
1769880078,55,44,0,361,0,361,low_activity,0,534,0,534,low_activity,0.989,5536,31,5567,ok_volume,28,0,28,15755,675,16430
1769880079,55,44,0,1889,0,1889,low_activity,1.0,2408,0,2408,ok_volume,0.991,7056,31,7087,ok_volume,1874,0,1874,17612,675,18287
1769880080,55,44,1.0,2155,0,2155,ok_volume,1.0,2501,0,2501,ok_volume,0.991,6916,31,6947,ok_volume,266,0,266,17767,675,18442
1769880081,55,44,1.0,2739,0,2739,ok_volume,1.0,2754,0,2754,ok_volume,0.992,7515,31,7546,ok_volume,601,0,601,17935,675,18610
1769880082,55,44,0,882,0,882,low_activity,1.0,2771,0,2771,ok_volume,0.992,7532,31,7563,ok_volume,20,0,20,17912,675,18587
1769880083,55,44,0,616,0,616,low_activity,1.0,2756,0,2756,ok_volume,0.992,7532,31,7563,ok_volume,0,0,0,17912,675,18587
1769880084,55,44,0,17,0,17,low_activity,0,882,0,882,low_activity,0.992,7532,31,7563,ok_volume,0,0,0,17912,675,18587
1769880085,55,44,0,17,0,17,low_activity,0,633,0,633,low_activity,0.992,7539,31,7570,ok_volume,17,0,17,17884,675,18559
1769880086,55,44,0,277,0,277,low_total_volume,0,294,0,294,low_total_volume,0.992,7433,31,7464,ok_volume,217,0,217,15954,675,16629
1769880087,55,44,1.0,576,0,576,ok_volume,1.0,576,0,576,ok_volume,0.992,7732,31,7763,ok_volume,299,0,299,16133,675,16808
1769880088,55,44,1.0,1079,0,1079,ok_volume,1.0,1139,0,1139,ok_volume,0.993,8295,31,8326,ok_volume,563,0,563,16489,75,16564
1769880089,55,44,1.0,1156,0,1156,ok_volume,1.0,1433,0,1433,ok_volume,0.993,8589,31,8620,ok_volume,294,0,294,16783,75,16858
1769880090,55,44,1.0,857,0,857,ok_volume,1.0,1373,0,1373,ok_volume,0.993,8589,31,8620,ok_volume,0,0,0,16709,75,16784
1769880091,55,44,1.0,644,0,644,ok_volume,1.0,1506,0,1506,ok_volume,0.993,8837,31,8868,ok_volume,350,0,350,17059,75,17134
1769880092,55,44,0,523,0,523,low_activity,1.0,1380,0,1380,ok_volume,0.993,8980,31,9011,ok_volume,173,0,173,17006,75,17081
1769880093,55,44,1.0,1818,0,1818,ok_volume,1.0,2112,0,2112,ok_volume,0.994,9893,31,9924,ok_volume,952,0,952,18284,75,18359
1769880094,55,44,1.0,1727,0,1727,ok_volume,1.0,2077,0,2077,ok_volume,0.994,10152,31,10183,ok_volume,259,0,259,18543,75,18618
1769880095,55,44,0,1248,0,1248,low_activity,1.0,2114,0,2114,ok_volume,0.994,10189,31,10220,ok_volume,8,0,8,18569,75,18644
1769880096,55,44,0,296,0,296,low_activity,1.0,1764,0,1764,ok_volume,1.0,10189,0,10189,ok_volume,0,0,0,18438,75,18513
1769880097,55,44,0,173,93,266,low_activity,0.877,1421,93,1514,ok_volume,0.982,10276,93,10369,ok_volume,8,93,101,16118,168,16286
1769880098,55,44,0,173,93,266,low_activity,0.669,469,93,562,ok_volume,0.982,10182,93,10275,ok_volume,0,0,0,16098,168,16266
1769880099,55,44,0,206,93,299,low_activity,0.606,379,93,472,ok_volume,0.982,10215,93,10308,ok_volume,206,0,206,16261,124,16385
1769880100,55,44,0,206,15,221,low_activity,0.556,379,108,487,ok_volume,0.979,9957,108,10065,ok_volume,0,15,15,16256,139,16395
1769880101,55,44,0,282,15,297,low_total_volume,0.446,282,108,390,ok_volume,0.975,8588,108,8696,ok_volume,63,0,63,15598,139,15737
1769880102,55,44,0,87,15,102,low_activity,0.903,293,15,308,ok_volume,0.975,8599,108,8707,ok_volume,11,0,11,13758,139,13897
1769880103,55,44,0,74,0,74,low_activity,0.903,293,15,308,ok_volume,0.971,7303,108,7411,ok_volume,0,0,0,13141,139,13280
1769880104,55,44,0,270,0,270,low_activity,0.917,346,15,361,ok_volume,0.972,7562,108,7670,ok_volume,0,0,0,13382,139,13521
1769880105,55,44,0,259,0,259,low_activity,0,333,0,333,low_activity,0.971,7389,108,7497,ok_volume,0,0,0,13148,139,13287
1769880106,55,44,0,0,0,0,no_volume,0,270,0,270,low_activity,0.97,7043,108,7151,ok_volume,0,0,0,13121,139,13260
1769880107,55,44,0,86,0,86,low_activity,0,345,0,345,low_activity,0.97,7129,108,7237,ok_volume,86,0,86,13170,139,13309
1769880108,55,44,0,86,0,86,low_activity,0,86,0,86,low_activity,0.97,7114,108,7222,ok_volume,0,0,0,12726,139,12865
1769880109,55,44,0,965,0,965,low_activity,0,965,0,965,low_activity,0.965,6119,108,6227,ok_volume,879,0,879,13251,139,13390
1769880110,55,44,0,879,0,879,low_activity,0,965,0,965,low_activity,0.964,5853,108,5961,ok_volume,0,0,0,12845,139,12984
1769880111,55,44,0,1213,0,1213,low_activity,1.0,1299,0,1299,ok_volume,0.962,5588,108,5696,ok_volume,334,0,334,13179,139,13318
1769880112,54,45,0,334,675,1009,low_activity,0.285,1213,675,1888,ok_volume,0.754,5571,783,6354,ok_volume,0,681,681,13171,820,13991
1769880113,54,45,0,334,675,1009,low_activity,0.285,1213,675,1888,ok_volume,0.754,5571,783,6354,ok_volume,8,0,8,13178,820,13998
1769880114,54,45,0,40,675,715,low_activity,-0.287,374,675,1049,ok_volume,0.755,5611,783,6394,ok_volume,40,0,40,13218,820,14038
1769880115,54,45,0,447,0,447,low_activity,0.073,781,675,1456,ok_volume,0.768,5958,783,6741,ok_volume,407,0,407,13615,820,14435
1769880116,54,45,1.0,743,0,743,ok_volume,0.048,743,675,1418,ok_volume,0.77,6037,783,6820,ok_volume,296,0,296,13545,820,14365
1769880117,54,45,1.0,803,0,803,ok_volume,1.0,843,0,843,ok_volume,0.763,5838,783,6621,ok_volume,0,0,0,13645,820,14465
1769880118,54,45,1.0,918,0,918,ok_volume,1.0,1365,0,1365,ok_volume,0.762,5797,783,6580,ok_volume,522,0,522,14159,820,14979
1769880119,54,45,0,1732,0,1732,low_activity,1.0,2535,0,2535,ok_volume,0.791,6713,783,7496,ok_volume,246,0,246,15369,820,16189
1769880120,54,44,0,1732,0,1732,low_activity,1.0,2128,0,2128,ok_volume,0.791,6713,783,7496,ok_volume,0,0,0,15369,820,16189
1769880121,54,44,0,246,0,246,low_activity,0,1732,0,1732,low_activity,0.781,6363,783,7146,ok_volume,0,0,0,15267,820,16087
1769880122,54,44,0,883,0,883,low_activity,1.0,2615,0,2615,ok_volume,0.792,6730,783,7513,ok_volume,883,0,883,16120,820,16940
1769880123,54,44,0,883,0,883,low_activity,0,1129,0,1129,low_activity,0.761,5778,783,6561,ok_volume,0,0,0,15738,820,16558
1769880124,54,44,0,883,0,883,low_activity,0,883,0,883,low_activity,0.75,5482,783,6265,ok_volume,0,0,0,15738,820,16558
1769880125,54,44,0,100,0,100,low_activity,0,983,0,983,low_activity,0.754,5582,783,6365,ok_volume,100,0,100,15832,820,16652
1769880126,54,44,0,100,0,100,low_activity,0,983,0,983,low_activity,0.747,5409,783,6192,ok_volume,0,0,0,15832,789,16621
1769880127,54,44,0,100,0,100,low_activity,0,100,0,100,low_activity,0.774,5409,690,6099,ok_volume,0,0,0,15746,789,16535
1769880128,54,44,0,450,0,450,low_activity,0,550,0,550,low_activity,0.789,5859,690,6549,ok_volume,450,0,450,16093,789,16882
1769880129,54,44,0,636,0,636,low_activity,1.0,736,0,736,ok_volume,0.789,5839,690,6529,ok_volume,186,0,186,16104,789,16893
1769880130,54,44,1.0,670,0,670,ok_volume,1.0,670,0,670,ok_volume,0.793,5860,675,6535,ok_volume,0,0,0,15880,789,16669
1769880131,54,44,0,237,0,237,low_activity,1.0,687,0,687,ok_volume,0.792,5814,675,6489,ok_volume,17,0,17,14452,789,15241
1769880132,54,44,0,59,0,59,low_activity,1.0,729,0,729,ok_volume,0.793,5845,675,6520,ok_volume,43,0,43,14495,789,15284
1769880133,54,44,0,921,0,921,low_activity,1.0,1141,0,1141,ok_volume,0.81,6448,675,7123,ok_volume,862,0,862,14061,789,14850
1769880134,54,44,0,904,313,1217,low_activity,0,921,313,1234,low_activity,0.734,6448,988,7436,ok_volume,0,319,319,14061,1108,15169
1769880135,54,44,0.876,4720,313,5033,ok_volume,0.877,4779,313,5092,ok_volume,0.825,10306,988,11294,ok_volume,3859,0,3859,17739,1108,18847
1769880136,54,43,0.92,7534,313,7847,ok_volume,0.928,8438,313,8751,ok_volume,0.868,13982,988,14970,ok_volume,3676,0,3676,21069,1108,22177
1769880137,56,43,1.0,7534,0,7534,ok_volume,0.928,8396,313,8709,ok_volume,0.867,13896,988,14884,ok_volume,0,0,0,21069,1108,22177
1769880138,56,42,1.0,3758,0,3758,ok_volume,0.921,7616,313,7929,ok_volume,0.868,13978,988,14966,ok_volume,82,0,82,21123,1108,22231
1769880139,56,42,0,82,0,82,low_activity,1.0,7616,0,7616,ok_volume,0.86,13099,988,14087,ok_volume,0,0,0,19249,1108,20357
1769880140,56,42,0,82,0,82,low_activity,1.0,3758,0,3758,ok_volume,0.86,13099,988,14087,ok_volume,0,0,0,18983,1108,20091
1769880141,56,42,0,350,0,350,low_activity,0,432,0,432,low_activity,0.86,13115,988,14103,ok_volume,0,0,0,18732,1108,19840
1769880142,56,42,0,389,0,389,low_activity,1.0,471,0,471,ok_volume,0.954,13154,313,13467,ok_volume,39,0,39,18751,1108,19859
1769880143,57,42,0,122,0,122,low_activity,1.0,472,0,472,ok_volume,0.954,13237,313,13550,ok_volume,91,0,91,18842,1108,19950
1769880144,57,41,0,133,0,133,low_activity,1.0,483,0,483,ok_volume,0.954,13208,313,13521,ok_volume,16,0,16,18858,1108,19966
1769880145,56,41,0,94,40,134,low_activity,0,133,40,173,low_total_volume,0.946,12801,353,13154,ok_volume,0,41,41,18798,1149,19947
1769880146,56,40,0,11,110,121,low_activity,0,133,110,243,low_total_volume,0.934,12405,423,12828,ok_volume,0,0,0,18581,1219,19800
1769880147,56,43,0.279,195,110,305,ok_volume,0.449,289,110,399,ok_volume,0.935,12600,423,13023,ok_volume,164,0,164,18485,1219,19704
1769880148,56,43,0,682,0,682,low_activity,0.726,693,110,803,ok_volume,0.93,11601,423,12024,ok_volume,504,0,504,18426,1219,19645
1769880149,56,43,0,681,0,681,low_activity,0.733,714,110,824,ok_volume,0.928,11387,423,11810,ok_volume,32,0,32,18164,1219,19383
1769880150,56,43,1.0,1263,0,1263,ok_volume,1.0,1458,0,1458,ok_volume,0.933,12131,423,12554,ok_volume,148,0,148,18916,1219,20135
1769880151,55,43,0.883,1613,100,1713,ok_volume,0.915,2262,100,2362,ok_volume,0.922,12968,523,13491,ok_volume,62,110,172,19409,1329,20738
1769880152,55,42,0.938,3119,100,3219,ok_volume,0.954,4242,100,4342,ok_volume,0.929,14227,523,14750,ok_volume,439,0,439,21035,1329,22364
1769880153,57,42,0.913,2204,100,2304,ok_volume,0.948,3755,100,3855,ok_volume,0.929,14227,523,14750,ok_volume,0,0,0,20083,1329,21412
1769880154,55,43,-0.084,439,520,959,ok_volume,0.668,3119,620,3739,ok_volume,0.863,14227,1043,15270,ok_volume,0,520,520,19787,1849,21636
1769880155,55,43,-0.516,166,520,686,ok_volume,0.585,2370,620,2990,ok_volume,0.864,14293,1043,15336,ok_volume,166,0,166,19945,1849,21794
1769880156,55,44,-0.516,166,520,686,ok_volume,0.076,605,520,1125,ok_volume,0.864,14293,1043,15336,ok_volume,11,0,11,19791,1849,21640
1769880157,55,44,1.0,1117,0,1117,ok_volume,0.365,1117,520,1637,ok_volume,0.872,15244,1043,16287,ok_volume,951,0,951,20734,1756,22490
1769880158,54,44,0.858,1182,90,1272,ok_volume,0.377,1348,610,1958,ok_volume,0.86,15025,1133,16158,ok_volume,239,98,337,20973,1854,22827
1769880159,54,44,0.911,1937,90,2027,ok_volume,0.918,2103,90,2193,ok_volume,0.864,15560,1133,16693,ok_volume,765,0,765,21532,1854,23386
1769880160,57,40,0.908,1874,90,1964,ok_volume,0.938,2825,90,2915,ok_volume,0.871,16448,1133,17581,ok_volume,888,0,888,22407,1839,24246
1769880161,57,41,1.0,1643,0,1643,ok_volume,0.938,2825,90,2915,ok_volume,0.871,16431,1133,17564,ok_volume,0,0,0,22344,1839,24183
1769880162,56,42,0,888,10,898,low_activity,0.899,1874,100,1974,ok_volume,0.87,16389,1143,17532,ok_volume,0,10,10,22333,1849,24182
1769880163,56,40,0,0,10,10,low_activity,0.988,1643,10,1653,ok_volume,0.863,15527,1143,16670,ok_volume,0,0,0,22074,1849,23923
1769880164,57,41,0,203,10,213,low_activity,0.982,1091,10,1101,ok_volume,0.9,15730,830,16560,ok_volume,0,0,0,22277,1849,24126
1769880165,57,40,0,203,0,203,low_activity,0,203,10,213,low_activity,0.869,11872,830,12702,ok_volume,5,0,5,22282,1849,24131
1769880166,57,40,0,16,0,16,low_activity,0,219,10,229,low_total_volume,0.816,8212,830,9042,ok_volume,16,0,16,22298,1849,24147
1769880167,57,40,0,16,0,16,low_activity,0,219,0,219,low_activity,0.816,8212,830,9042,ok_volume,0,0,0,22212,1849,24061
1769880168,57,40,0,16,0,16,low_activity,0,16,0,16,low_activity,0.815,8130,830,8960,ok_volume,0,0,0,22212,1849,24061
1769880169,56,40,0,0,10,10,low_activity,0,16,10,26,low_activity,0.813,8130,840,8970,ok_volume,0,10,10,21333,1859,23192
1769880170,56,41,0,117,10,127,low_activity,0,133,10,143,low_total_volume,0.808,7897,840,8737,ok_volume,125,0,125,21458,1859,23317
1769880171,55,44,0,157,66,223,low_total_volume,0,157,66,223,low_total_volume,0.797,7937,896,8833,ok_volume,40,56,96,21164,1915,23079
1769880172,55,44,0.796,494,56,550,ok_volume,0.764,494,66,560,ok_volume,0.804,8235,896,9131,ok_volume,337,0,337,21501,1234,22735
1769880173,55,44,0.747,387,56,443,ok_volume,0.768,504,66,570,ok_volume,0.802,8162,896,9058,ok_volume,10,0,10,21503,1234,22737
1769880174,55,44,1.0,480,0,480,ok_volume,0.838,637,56,693,ok_volume,0.805,8284,896,9180,ok_volume,76,0,76,21596,1234,22830
1769880175,58,40,1.0,597,0,597,ok_volume,0.891,974,56,1030,ok_volume,0.835,8738,786,9524,ok_volume,300,0,300,21652,1234,22886
1769880176,58,40,1.0,530,0,530,ok_volume,1.0,934,0,934,ok_volume,0.834,8705,786,9491,ok_volume,0,0,0,21256,1234,22490
1769880177,58,40,1.0,355,0,355,ok_volume,1.0,661,0,661,ok_volume,0.833,8607,786,9393,ok_volume,64,0,64,21320,1234,22554
1769880178,58,40,0,64,0,64,low_activity,1.0,594,0,594,ok_volume,0.823,8120,786,8906,ok_volume,0,0,0,19834,1234,21068
1769880179,58,40,0,64,184,248,low_activity,0.317,355,184,539,ok_volume,0.771,7484,970,8454,ok_volume,0,184,184,19588,1418,21006
1769880180,58,40,0,0,184,184,low_activity,0,64,184,248,low_activity,0.743,6569,970,7539,ok_volume,0,0,0,19588,1418,21006
1769880181,58,39,0,375,184,559,low_activity,0,439,184,623,low_activity,0.712,5179,870,6049,ok_volume,384,0,384,19972,1418,21390
1769880182,59,40,0,760,0,760,low_activity,0,760,184,944,low_activity,0.71,5125,870,5995,ok_volume,385,0,385,19474,1418,20892
1769880183,59,39,0,837,0,837,low_activity,0.64,837,184,1021,ok_volume,0.713,5202,870,6072,ok_volume,80,0,80,19554,1418,20972
1769880184,59,39,0,462,20,482,low_activity,0.953,837,20,857,ok_volume,0.867,5202,370,5572,ok_volume,0,20,20,19554,1438,20992
1769880185,59,39,0,77,20,97,low_activity,0.953,837,20,857,ok_volume,0.863,5036,370,5406,ok_volume,0,0,0,19454,1438,20892
1769880186,59,40,0,0,20,20,low_activity,0,462,20,482,low_activity,0.863,5036,370,5406,ok_volume,0,0,0,19454,1438,20892
1769880187,58,40,0,338,0,338,low_activity,0.908,415,20,435,ok_volume,0.846,4423,370,4793,ok_volume,351,0,351,19805,1438,21243
1769880188,58,40,0,338,0,338,low_activity,0.888,338,20,358,ok_volume,0.875,4192,280,4472,ok_volume,0,0,0,19355,1438,20793
1769880189,58,39,1.0,353,0,353,ok_volume,1.0,353,0,353,ok_volume,0.85,3452,280,3732,ok_volume,19,0,19,19154,1438,20592
1769880190,58,38,0,15,0,15,low_activity,1.0,353,0,353,ok_volume,0.803,2564,280,2844,ok_volume,4,0,4,19158,1438,20596
1769880191,58,40,0,38,0,38,low_activity,1.0,376,0,376,ok_volume,0.805,2587,280,2867,ok_volume,38,0,38,19179,1438,20617
1769880192,58,40,1.0,2177,0,2177,ok_volume,1.0,2192,0,2192,ok_volume,0.892,4741,270,5011,ok_volume,2162,0,2162,21298,1438,22736
1769880193,58,39,1.0,2239,0,2239,ok_volume,1.0,2254,0,2254,ok_volume,0.889,4600,270,4870,ok_volume,67,0,67,20503,1438,21941
1769880194,58,39,1.0,2216,0,2216,ok_volume,1.0,2239,0,2239,ok_volume,0.889,4600,270,4870,ok_volume,0,0,0,20503,1119,21622
1769880195,58,40,0,107,0,107,low_activity,1.0,2284,0,2284,ok_volume,0.89,4645,270,4915,ok_volume,45,0,45,16689,1119,17808
1769880196,57,41,0,45,0,45,low_activity,1.0,2261,0,2261,ok_volume,0.89,4629,270,4899,ok_volume,0,0,0,13013,1119,14132
1769880197,57,41,0,240,0,240,low_total_volume,1.0,302,0,302,ok_volume,0.894,4824,270,5094,ok_volume,195,0,195,13208,1119,14327
1769880198,57,42,0,195,0,195,low_activity,0,240,0,240,low_total_volume,0.894,4824,270,5094,ok_volume,6,0,6,13132,1119,14251
1769880199,56,42,1.0,786,0,786,ok_volume,1.0,831,0,831,ok_volume,0.908,5415,260,5675,ok_volume,591,0,591,13723,1119,14842
1769880200,56,42,0,730,0,730,low_activity,1.0,925,0,925,ok_volume,0.909,5437,260,5697,ok_volume,139,0,139,13512,1119,14631
1769880201,56,43,1.0,1632,0,1632,ok_volume,1.0,1827,0,1827,ok_volume,0.937,6299,204,6503,ok_volume,902,0,902,14414,1119,15533
1769880202,56,43,0,1041,0,1041,low_activity,1.0,1632,0,1632,ok_volume,0.934,5962,204,6166,ok_volume,0,0,0,14375,1119,15494
1769880203,56,43,0,902,0,902,low_activity,1.0,1632,0,1632,ok_volume,0.933,5895,204,6099,ok_volume,8,0,8,14292,1119,15411
1769880204,56,43,0,65,0,65,low_activity,1.0,1106,0,1106,ok_volume,0.931,5721,204,5925,ok_volume,65,0,65,14341,1119,15460
1769880205,56,43,0,65,0,65,low_activity,0,967,0,967,low_activity,0.928,5430,204,5634,ok_volume,0,0,0,14341,1008,15349
1769880206,56,42,1.0,477,0,477,ok_volume,1.0,477,0,477,ok_volume,0.933,5842,204,6046,ok_volume,421,0,421,14723,1008,15731
1769880207,56,42,1.0,557,0,557,ok_volume,1.0,622,0,622,ok_volume,0.933,5923,204,6127,ok_volume,145,0,145,14704,1008,15712
1769880208,56,43,1.0,557,0,557,ok_volume,1.0,622,0,622,ok_volume,0.933,5923,204,6127,ok_volume,5,0,5,14205,1008,15213
1769880209,56,43,0,145,0,145,low_activity,1.0,557,0,557,ok_volume,0.993,5923,20,5943,ok_volume,0,0,0,13569,1008,14577
1769880210,56,42,0,0,0,0,low_activity,1.0,557,0,557,ok_volume,0.993,5923,20,5943,ok_volume,5,0,5,12645,1008,13653
1769880211,57,42,0,502,0,502,low_activity,0,647,0,647,low_activity,0.993,6050,20,6070,ok_volume,507,0,507,11387,898,12285
1769880212,57,42,0,502,0,502,low_activity,0,502,0,502,low_activity,0.993,5665,20,5685,ok_volume,0,0,0,10948,898,11846
1769880213,57,42,0,2687,0,2687,low_activity,0,2687,0,2687,low_activity,0.995,7773,20,7793,ok_volume,2185,0,2185,13133,898,14031
1769880214,57,42,0,2218,0,2218,low_activity,1.0,2720,0,2720,ok_volume,1.0,7806,0,7806,ok_volume,33,0,33,13166,378,13544
1769880215,57,42,1.0,2368,0,2368,ok_volume,1.0,2870,0,2870,ok_volume,1.0,7956,0,7956,ok_volume,150,0,150,13142,378,13520
1769880216,57,42,0,183,0,183,low_activity,1.0,2368,0,2368,ok_volume,1.0,7956,0,7956,ok_volume,0,0,0,13131,378,13509
1769880217,57,42,1.0,3592,0,3592,ok_volume,1.0,5810,0,5810,ok_volume,1.0,11060,0,11060,ok_volume,3442,0,3442,15624,378,16002
1769880218,57,42,0,3442,0,3442,low_activity,1.0,3625,0,3625,ok_volume,1.0,11060,0,11060,ok_volume,0,0,0,15385,280,15665
1769880219,57,42,0,3491,0,3491,low_activity,1.0,3641,0,3641,ok_volume,1.0,11094,0,11094,ok_volume,54,0,54,14674,280,14954
1769880220,57,42,0,376,0,376,low_activity,1.0,3818,0,3818,ok_volume,1.0,11421,0,11421,ok_volume,327,0,327,14113,280,14393
1769880221,56,43,0.612,2075,500,2575,ok_volume,0.834,5517,500,6017,ok_volume,0.926,13097,500,13597,ok_volume,1699,500,2199,15812,780,16592
1769880222,56,43,0.65,2361,500,2861,ok_volume,0.656,2410,500,2910,ok_volume,0.915,11278,500,11778,ok_volume,338,0,338,16150,770,16920
1769880223,56,43,0.605,2034,500,2534,ok_volume,0.656,2410,500,2910,ok_volume,0.915,11216,500,11716,ok_volume,0,0,0,15947,770,16717
1769880224,56,43,0,620,0,620,low_activity,0.682,2646,500,3146,ok_volume,0.917,11501,500,12001,ok_volume,20,0,20,16232,770,17002
1769880225,56,43,0,665,0,665,low_activity,0.687,2699,500,3199,ok_volume,0.919,11836,500,12336,ok_volume,380,0,380,16607,770,17377
1769880226,56,43,0,400,0,400,low_activity,0,1000,0,1000,low_activity,0.919,11836,500,12336,ok_volume,0,0,0,16591,770,17361
1769880227,56,43,0,380,0,380,low_activity,0,665,0,665,low_activity,0.918,11641,500,12141,ok_volume,3,0,3,16594,770,17364
1769880228,55,43,0,36,28,64,low_activity,0.879,436,28,464,ok_volume,0.913,11677,528,12205,ok_volume,36,32,68,16630,802,17432
1769880229,55,43,0,36,28,64,low_activity,0,416,28,444,low_activity,0.909,11086,528,11614,ok_volume,0,0,0,16630,792,17422
1769880230,55,43,0,36,28,64,low_activity,0,36,28,64,low_activity,0.908,10947,528,11475,ok_volume,0,0,0,16505,792,17297
1769880231,55,44,0,15,0,15,low_activity,0,51,28,79,low_activity,0.9,10060,528,10588,ok_volume,20,0,20,16485,736,17221
1769880232,55,43,0,162,0,162,low_activity,0,198,28,226,low_total_volume,0.902,10207,528,10735,ok_volume,149,0,149,16297,736,17033
1769880233,55,43,1.0,917,0,917,ok_volume,1.0,917,0,917,ok_volume,0.908,10962,528,11490,ok_volume,769,0,769,16999,736,17735
1769880234,55,43,1.0,902,0,902,ok_volume,1.0,917,0,917,ok_volume,0.908,10897,528,11425,ok_volume,0,0,0,16760,736,17496
1769880235,55,43,1.0,772,0,772,ok_volume,1.0,934,0,934,ok_volume,0.908,10914,528,11442,ok_volume,17,0,17,16477,736,17213
1769880236,55,43,1.0,492,0,492,ok_volume,1.0,1394,0,1394,ok_volume,0.908,10977,528,11505,ok_volume,475,0,475,16952,736,17688
1769880237,55,43,1.0,492,0,492,ok_volume,1.0,1247,0,1247,ok_volume,0.907,10832,528,11360,ok_volume,0,0,0,16888,736,17624
1769880238,55,43,0,475,0,475,low_activity,1.0,492,0,492,ok_volume,0.907,10832,528,11360,ok_volume,0,0,0,16888,736,17624
1769880239,55,43,0,50,0,50,low_activity,1.0,542,0,542,ok_volume,0.907,10882,528,11410,ok_volume,50,0,50,16938,552,17490
1769880240,55,43,0,50,0,50,low_activity,1.0,525,0,525,ok_volume,0.907,10882,528,11410,ok_volume,16,0,16,16954,552,17506
1769880241,55,43,0,50,0,50,low_activity,0,50,0,50,low_activity,0.903,10380,528,10908,ok_volume,3,0,3,16573,552,17125
1769880242,55,43,0,134,0,134,low_activity,0,184,0,184,low_activity,0.904,10514,528,11042,ok_volume,135,0,135,16323,552,16875
1769880243,55,43,1.0,2920,0,2920,ok_volume,1.0,2970,0,2970,ok_volume,0.909,11115,528,11643,ok_volume,2791,0,2791,19034,552,19586
1769880244,55,44,1.0,3762,0,3762,ok_volume,1.0,3762,0,3762,ok_volume,0.915,11924,528,12452,ok_volume,842,0,842,19876,532,20408
1769880245,55,43,1.0,3628,0,3628,ok_volume,1.0,3762,0,3762,ok_volume,0.914,11774,528,12302,ok_volume,0,0,0,19876,532,20408
1769880246,55,43,0,865,0,865,low_activity,1.0,3785,0,3785,ok_volume,0.914,11797,528,12325,ok_volume,23,0,23,19899,532,20431
1769880247,55,44,0,47,0,47,low_activity,1.0,3675,0,3675,ok_volume,0.881,8379,528,8907,ok_volume,8,0,8,19581,532,20113
1769880248,55,44,0,489,0,489,low_activity,1.0,1331,0,1331,ok_volume,0.887,8821,528,9349,ok_volume,443,0,443,20024,532,20556
1769880249,55,43,0,458,0,458,low_activity,1.0,505,0,505,ok_volume,0.887,8788,528,9316,ok_volume,17,0,17,20022,532,20554
1769880250,55,43,0.896,583,32,615,ok_volume,0.903,630,32,662,ok_volume,0.878,8586,560,9146,ok_volume,125,0,125,20143,570,20713
1769880251,55,44,0,141,32,173,low_activity,0.896,583,32,615,ok_volume,0.983,6887,60,6947,ok_volume,1,0,1,20106,570,20676
1769880252,55,43,0,257,0,257,low_activity,0.914,715,32,747,ok_volume,0.982,6684,60,6744,ok_volume,133,0,133,18077,570,18647
1769880253,55,43,0,132,0,132,low_activity,0.79,273,32,305,ok_volume,0.981,6419,60,6479,ok_volume,0,0,0,18010,570,18580
1769880254,55,43,0,149,0,149,low_activity,0,274,0,274,low_activity,0.981,6416,60,6476,ok_volume,18,0,18,18028,570,18598
1769880255,55,43,0,102,0,102,low_activity,0,234,0,234,low_activity,0.981,6121,60,6181,ok_volume,85,0,85,18068,570,18638
1769880256,55,44,0,102,0,102,low_activity,0,234,0,234,low_activity,0.981,6121,60,6181,ok_volume,0,0,0,18068,570,18638
1769880257,55,44,0,119,0,119,low_activity,0,136,0,136,low_activity,0.981,6155,60,6215,ok_volume,34,0,34,17907,570,18477
1769880258,55,43,0,34,0,34,low_activity,0,136,0,136,low_activity,0.99,6119,32,6151,ok_volume,0,0,0,17901,570,18471
1769880259,55,43,0,34,0,34,low_activity,0,119,0,119,low_activity,0.99,6119,32,6151,ok_volume,2,0,2,17312,570,17882
1769880260,55,44,0,881,0,881,low_activity,0,915,0,915,low_activity,0.991,7000,32,7032,ok_volume,882,0,882,18055,570,18625
1769880261,55,44,0,1593,0,1593,low_activity,1.0,1627,0,1627,ok_volume,0.992,7697,32,7729,ok_volume,717,0,717,17870,570,18440
1769880262,55,44,1.0,4120,0,4120,ok_volume,1.0,4120,0,4120,ok_volume,0.994,10077,32,10109,ok_volume,1961,0,1961,20397,570,20967
1769880263,55,44,1.0,4138,0,4138,ok_volume,1.0,5019,0,5019,ok_volume,0.994,10221,32,10253,ok_volume,665,0,665,21288,570,21858
1769880264,55,44,1.0,3625,0,3625,ok_volume,1.0,5784,0,5784,ok_volume,0.994,10986,32,11018,ok_volume,655,0,655,21992,570,22562
1769880265,55,44,1.0,1632,0,1632,ok_volume,1.0,5105,0,5105,ok_volume,0.994,11171,32,11203,ok_volume,171,0,171,22194,570,22764
1769880266,55,44,1.0,2472,0,2472,ok_volume,1.0,5446,0,5446,ok_volume,0.995,12315,32,12347,ok_volume,1619,0,1619,23392,570,23962
1769880267,55,44,1.0,1790,0,1790,ok_volume,1.0,3251,0,3251,ok_volume,0.995,12315,32,12347,ok_volume,0,0,0,23247,570,23817
1769880268,55,44,0,1662,0,1662,low_activity,1.0,2515,0,2515,ok_volume,0.995,12358,32,12390,ok_volume,44,0,44,23286,570,23856
1769880269,55,44,0,43,0,43,low_activity,1.0,1833,0,1833,ok_volume,0.995,12308,32,12340,ok_volume,8,0,8,23294,570,23864
1769880270,55,44,0,273,0,273,low_activity,1.0,1892,0,1892,ok_volume,0.995,12538,32,12570,ok_volume,230,0,230,23519,570,24089
1769880271,55,44,0,230,0,230,low_activity,0,273,0,273,low_activity,0.995,12538,32,12570,ok_volume,0,0,0,23012,570,23582
1769880272,55,44,0,230,0,230,low_activity,0,273,0,273,low_activity,0.995,12404,32,12436,ok_volume,0,0,0,23012,570,23582
1769880273,56,43,0,0,0,0,no_volume,0,230,0,230,low_activity,0.993,9618,32,9650,ok_volume,0,0,0,20827,570,21397
1769880274,55,43,0,0,0,0,no_volume,0,230,0,230,low_activity,0.993,8776,32,8808,ok_volume,0,0,0,20794,570,21364
1769880275,55,44,0,253,0,253,low_activity,0,253,0,253,low_activity,0.993,9029,32,9061,ok_volume,259,0,259,20903,570,21473
1769880276,55,44,0,253,0,253,low_activity,0,253,0,253,low_activity,0.993,8982,32,9014,ok_volume,0,0,0,20901,570,21471
1769880277,55,44,1.0,1044,0,1044,ok_volume,1.0,1044,0,1044,ok_volume,0.993,9773,32,9805,ok_volume,791,0,791,18250,570,18820
1769880278,55,44,1.0,1234,0,1234,ok_volume,1.0,1487,0,1487,ok_volume,0.993,9774,32,9806,ok_volume,451,0,451,18701,570,19271
1769880279,55,44,1.0,1234,0,1234,ok_volume,1.0,1487,0,1487,ok_volume,1.0,9758,0,9758,ok_volume,0,0,0,18647,570,19217
1769880280,55,44,0,487,0,487,low_activity,1.0,1278,0,1278,ok_volume,1.0,9677,0,9677,ok_volume,44,0,44,18364,570,18934
1769880281,55,44,0,210,0,210,low_activity,1.0,1444,0,1444,ok_volume,1.0,9843,0,9843,ok_volume,166,0,166,16831,70,16901
1769880282,55,44,0,210,0,210,low_activity,0,653,0,653,low_activity,1.0,9711,0,9711,ok_volume,0,0,0,16493,70,16563
1769880283,55,44,0,166,0,166,low_activity,0,210,0,210,low_activity,1.0,9711,0,9711,ok_volume,0,0,0,16228,70,16298
1769880284,55,44,0,273,0,273,low_activity,0,483,0,483,low_activity,1.0,9967,0,9967,ok_volume,86,0,86,16481,70,16551
1769880285,55,44,0,1001,0,1001,low_activity,1.0,1167,0,1167,ok_volume,1.0,10610,0,10610,ok_volume,728,0,728,16829,70,16899
1769880286,55,44,0,814,0,814,low_activity,0,1001,0,1001,low_activity,1.0,10610,0,10610,ok_volume,0,0,0,16829,70,16899
1769880287,55,44,0,728,0,728,low_activity,0,1001,0,1001,low_activity,1.0,10576,0,10576,ok_volume,0,0,0,16826,70,16896
1769880288,55,44,0,0,0,0,no_volume,0,814,0,814,low_activity,1.0,10576,0,10576,ok_volume,0,0,0,16790,38,16828
1769880289,55,44,0,25,0,25,low_activity,0,753,0,753,low_activity,1.0,10601,0,10601,ok_volume,32,0,32,16822,38,16860
1769880290,55,44,0,25,0,25,low_activity,0,25,0,25,low_activity,1.0,9720,0,9720,ok_volume,0,0,0,16822,38,16860
1769880291,55,44,0,579,0,579,low_activity,0,579,0,579,low_activity,1.0,8996,0,8996,ok_volume,554,0,554,17364,38,17402
1769880292,55,44,0,554,0,554,low_activity,0,579,0,579,low_activity,1.0,6801,0,6801,ok_volume,0,0,0,17215,38,17253
1769880293,55,44,0,1903,166,2069,low_activity,0.841,1928,166,2094,ok_volume,0.956,7371,166,7537,ok_volume,1354,175,1529,17800,213,18013
1769880294,55,44,0,1449,166,1615,low_activity,0.847,2003,166,2169,ok_volume,0.952,6789,166,6955,ok_volume,105,0,105,17905,213,18118
1769880295,55,44,0.797,1466,166,1632,ok_volume,0.848,2020,166,2186,ok_volume,0.951,6635,166,6801,ok_volume,17,0,17,17905,213,18118
1769880296,55,44,0,754,0,754,low_activity,0.854,2103,166,2269,ok_volume,0.943,5653,166,5819,ok_volume,34,0,34,18067,213,18280
1769880297,55,44,0,654,0,654,low_activity,0.854,2103,166,2269,ok_volume,0.943,5653,166,5819,ok_volume,0,0,0,18067,213,18280
1769880298,55,44,0,68,0,68,low_activity,1.0,788,0,788,ok_volume,0.943,5644,166,5810,ok_volume,42,0,42,18109,213,18322
1769880299,55,44,0,34,0,34,low_activity,0,688,0,688,low_activity,0.943,5644,166,5810,ok_volume,0,0,0,18059,213,18272
1769880300,55,44,0,34,0,34,low_activity,0,68,0,68,low_activity,0.941,5414,166,5580,ok_volume,0,0,0,18043,213,18256
1769880301,55,44,0,61,0,61,low_activity,0,95,0,95,low_activity,0.941,5475,166,5641,ok_volume,61,0,61,18101,213,18314
1769880302,55,44,0,100,0,100,low_activity,0,134,0,134,low_total_volume,0.942,5514,166,5680,ok_volume,41,0,41,18007,213,18220
1769880303,55,44,0,137,0,137,low_total_volume,0,137,0,137,low_total_volume,0.942,5551,166,5717,ok_volume,17,0,17,15253,213,15466
1769880304,55,44,0,93,0,93,low_activity,0,154,0,154,low_total_volume,0.942,5568,166,5734,ok_volume,17,0,17,14428,213,14641
1769880305,55,44,0,578,0,578,low_activity,1.0,698,0,698,ok_volume,0.945,5859,166,6025,ok_volume,544,0,544,14972,213,15185
1769880306,55,44,0,561,0,561,low_activity,1.0,637,0,637,ok_volume,0.945,5859,166,6025,ok_volume,0,0,0,14924,213,15137
1769880307,55,44,0,759,0,759,low_activity,1.0,793,0,793,ok_volume,0.939,5283,166,5449,ok_volume,215,0,215,15131,213,15344
1769880308,55,44,0,292,0,292,low_activity,1.0,853,0,853,ok_volume,0.935,4917,166,5083,ok_volume,77,0,77,14765,213,14978
1769880309,55,44,0,409,0,409,low_activity,1.0,953,0,953,ok_volume,0.936,5034,166,5200,ok_volume,117,0,117,14865,175,15040
1769880310,55,44,1.0,1112,0,1112,ok_volume,1.0,1327,0,1327,ok_volume,0.945,5908,166,6074,ok_volume,920,0,920,15660,175,15835
1769880311,55,44,1.0,1052,0,1052,ok_volume,1.0,1344,0,1344,ok_volume,0.944,5759,166,5925,ok_volume,17,0,17,15676,175,15851
1769880312,55,44,0,935,0,935,low_activity,1.0,1129,0,1129,ok_volume,0.944,5759,166,5925,ok_volume,0,0,0,15543,175,15718
1769880313,55,44,0,17,0,17,low_activity,1.0,1052,0,1052,ok_volume,0.942,5572,166,5738,ok_volume,0,0,0,15543,175,15718
1769880314,55,44,0,17,0,17,low_activity,1.0,952,0,952,ok_volume,0.941,5503,166,5669,ok_volume,17,0,17,15542,175,15717
1769880315,55,44,0,536,0,536,low_activity,1.0,553,0,553,ok_volume,0.939,5294,166,5460,ok_volume,507,0,507,15984,175,16159
1769880316,55,44,1.0,3225,0,3225,ok_volume,1.0,3225,0,3225,ok_volume,0.959,7983,166,8149,ok_volume,2689,0,2689,18673,175,18848
1769880317,55,44,1.0,3205,0,3205,ok_volume,1.0,3242,0,3242,ok_volume,0.959,8000,166,8166,ok_volume,25,0,25,18664,175,18839
1769880318,55,44,1.0,2706,0,2706,ok_volume,1.0,3242,0,3242,ok_volume,0.959,8000,166,8166,ok_volume,6,0,6,18670,175,18845
1769880319,55,44,0,17,0,17,low_activity,1.0,3205,0,3205,ok_volume,0.959,7975,166,8141,ok_volume,0,0,0,18668,175,18843
1769880320,55,44,0,42,0,42,low_activity,1.0,2748,0,2748,ok_volume,0.959,8017,166,8183,ok_volume,42,0,42,17828,175,18003
1769880321,55,44,0,67,0,67,low_activity,0,84,0,84,low_activity,0.957,7488,166,7654,ok_volume,25,0,25,16570,175,16745
1769880322,55,44,0,117,0,117,low_activity,0,117,0,117,low_activity,0.957,7538,166,7704,ok_volume,0,0,0,14425,175,14600
1769880323,55,44,0,104,0,104,low_activity,0,146,0,146,low_total_volume,1.0,6218,0,6218,ok_volume,30,0,30,13676,175,13851
1769880324,55,44,0,766,0,766,low_activity,1.0,883,0,883,ok_volume,1.0,6855,0,6855,ok_volume,746,0,746,13736,175,13911
1769880325,55,44,1.0,902,0,902,ok_volume,1.0,977,0,977,ok_volume,1.0,6371,0,6371,ok_volume,142,0,142,13707,175,13882
1769880326,55,44,0,873,0,873,low_activity,1.0,902,0,902,ok_volume,1.0,6337,0,6337,ok_volume,7,0,7,12095,175,12270
1769880327,55,44,0,136,0,136,low_activity,1.0,902,0,902,ok_volume,1.0,6337,0,6337,ok_volume,0,0,0,12095,175,12270
1769880328,55,44,0,169,0,169,low_activity,1.0,1042,0,1042,ok_volume,1.0,6472,0,6472,ok_volume,169,0,169,12220,175,12395
1769880329,55,44,0,503,0,503,low_activity,1.0,639,0,639,ok_volume,1.0,6806,0,6806,ok_volume,337,0,337,12549,175,12724
1769880330,55,44,0,503,0,503,low_activity,0,503,0,503,low_activity,1.0,6806,0,6806,ok_volume,4,0,4,12323,175,12498
1769880331,55,44,0,348,0,348,low_activity,1.0,517,0,517,ok_volume,1.0,6759,0,6759,ok_volume,14,0,14,12337,175,12512
1769880332,55,44,0,14,0,14,low_activity,1.0,517,0,517,ok_volume,1.0,6700,0,6700,ok_volume,0,0,0,12337,175,12512
1769880333,55,44,0,4154,0,4154,low_activity,1.0,4488,0,4488,ok_volume,1.0,10823,0,10823,ok_volume,692,0,692,16477,175,16652
1769880334,55,44,0,4169,0,4169,low_activity,0,4183,0,4183,low_activity,1.0,10835,0,10835,ok_volume,29,0,29,16506,175,16681
1769880335,55,44,0,1152,0,1152,low_activity,1.0,4614,0,4614,ok_volume,1.0,10722,0,10722,ok_volume,431,0,431,16678,175,16853
1769880336,55,44,0,460,0,460,low_activity,0,4600,0,4600,low_activity,1.0,10722,0,10722,ok_volume,0,0,0,16678,175,16853
1769880337,54,45,0,1073,154,1227,low_activity,0.842,1794,154,1948,ok_volume,0.973,11149,154,11303,ok_volume,646,154,800,16533,329,16862
1769880338,54,45,0,642,154,796,low_activity,0.755,1102,154,1256,ok_volume,0.973,11072,154,11226,ok_volume,0,0,0,16082,329,16411
1769880339,55,44,0,742,154,896,low_activity,0.768,1173,154,1327,ok_volume,0.973,11055,154,11209,ok_volume,100,0,100,16182,329,16511
1769880340,56,43,0,100,0,100,low_activity,0,742,154,896,low_activity,0.97,10137,154,10291,ok_volume,4,0,4,16142,329,16471
1769880341,54,43,0,100,0,100,low_activity,0,742,154,896,low_activity,0.97,10120,154,10274,ok_volume,0,0,0,15976,329,16305
1769880342,56,43,0,0,0,0,low_activity,0,100,0,100,low_activity,0.97,10120,154,10274,ok_volume,0,0,0,15976,329,16305
1769880343,55,43,0,0,0,0,no_volume,0,100,0,100,low_activity,0.97,10120,154,10274,ok_volume,0,0,0,15789,329,16118
1769880344,55,43,0,0,0,0,no_volume,0,0,0,0,low_activity,0.97,10083,154,10237,ok_volume,0,0,0,15703,329,16032
1769880345,54,43,0,74,0,74,low_activity,0,74,0,74,low_activity,0.969,9658,154,9812,ok_volume,84,0,84,15059,329,15388
1769880346,56,43,0,74,0,74,low_activity,0,74,0,74,low_activity,0.957,6969,154,7123,ok_volume,0,0,0,15059,329,15388
1769880347,56,43,0,74,0,74,low_activity,0,74,0,74,low_activity,0.957,6952,154,7106,ok_volume,0,0,0,15059,329,15388
1769880348,56,43,0,0,0,0,no_volume,0,74,0,74,low_activity,0.957,6952,154,7106,ok_volume,0,0,0,15059,329,15388
1769880349,56,43,0,0,0,0,no_volume,0,74,0,74,low_activity,0.957,6952,154,7106,ok_volume,0,0,0,15027,329,15356
1769880350,56,43,0,0,0,0,no_volume,0,0,0,0,no_volume,0.956,6910,154,7064,ok_volume,0,0,0,15019,329,15348
1769880351,56,43,0,0,0,0,no_volume,0,0,0,0,no_volume,0.956,6835,154,6989,ok_volume,0,0,0,14465,329,14794
1769880352,56,43,0,0,0,0,low_activity,0,0,0,0,low_activity,0.956,6835,154,6989,ok_volume,9,0,9,14474,329,14803
1769880353,56,43,0,0,0,0,low_activity,0,0,0,0,low_activity,0.956,6806,154,6960,ok_volume,0,0,0,13120,154,13274
1769880354,56,43,0,0,0,0,low_activity,0,0,0,0,low_activity,0.951,6069,154,6223,ok_volume,5,0,5,13020,154,13174
1769880355,57,42,0,170,0,170,low_activity,0,170,0,170,low_activity,0.951,6103,154,6257,ok_volume,170,0,170,12570,154,12724
1769880356,57,42,0,170,0,170,low_activity,0,170,0,170,low_activity,0.951,6103,154,6257,ok_volume,0,0,0,12536,154,12690
1769880357,57,42,0,170,0,170,low_activity,0,170,0,170,low_activity,0.951,6103,154,6257,ok_volume,0,0,0,12536,154,12690
1769880358,57,42,0,0,0,0,no_volume,0,170,0,170,low_activity,0.949,5934,154,6088,ok_volume,0,0,0,12494,154,12648
1769880359,57,42,0,0,0,0,no_volume,0,170,0,170,low_activity,0.946,5600,154,5754,ok_volume,0,0,0,12494,154,12648
1769880360,56,42,0,418,0,418,low_activity,0,418,0,418,low_activity,0.95,6018,154,6172,ok_volume,418,0,418,12912,154,13066
1769880361,57,42,0,418,0,418,low_activity,0,418,0,418,low_activity,0.95,6004,154,6158,ok_volume,0,0,0,12851,154,13005
1769880362,57,42,0,492,0,492,low_activity,0,492,0,492,low_activity,0.889,2630,154,2784,ok_volume,74,0,74,12864,154,13018
1769880363,57,42,0,275,0,275,low_activity,1.0,693,0,693,ok_volume,0.866,2139,154,2293,ok_volume,208,0,208,13055,154,13209
1769880364,57,42,0,275,0,275,low_activity,1.0,693,0,693,ok_volume,0.864,2110,154,2264,ok_volume,0,0,0,13043,154,13197
1769880365,56,42,0.902,974,50,1024,ok_volume,0.909,1048,50,1098,ok_volume,0.846,2452,204,2656,ok_volume,753,55,808,13277,209,13486
1769880366,56,41,0.896,910,50,960,ok_volume,0.919,1185,50,1235,ok_volume,0.854,2589,204,2793,ok_volume,144,0,144,13421,209,13630
1769880367,56,42,0.928,1339,50,1389,ok_volume,0.938,1565,50,1615,ok_volume,0.959,2401,50,2451,ok_volume,454,0,454,13660,209,13869
1769880368,58,41,1.0,837,0,837,ok_volume,0.94,1610,50,1660,ok_volume,0.963,2647,50,2697,ok_volume,246,0,246,13829,209,14038
1769880369,58,41,0,711,0,711,low_activity,0.939,1596,50,1646,ok_volume,0.962,2558,50,2608,ok_volume,11,0,11,13723,209,13932
1769880370,58,41,0,257,0,257,low_activity,1.0,848,0,848,ok_volume,0.962,2558,50,2608,ok_volume,0,0,0,12803,209,13012
1769880371,58,41,0,11,0,11,low_activity,0,711,0,711,low_activity,0.962,2558,50,2608,ok_volume,0,0,0,12786,209,12995
1769880372,58,40,0,164,0,164,low_activity,0,421,0,421,low_activity,0.964,2722,50,2772,ok_volume,164,0,164,12950,209,13159
1769880373,57,42,0.767,303,40,343,ok_volume,0.774,314,40,354,ok_volume,0.939,2861,90,2951,ok_volume,65,42,107,13097,251,13348
1769880374,57,42,0.946,1431,40,1471,ok_volume,0.946,1431,40,1471,ok_volume,0.956,3989,90,4079,ok_volume,1128,0,1128,14188,251,14439
1769880375,57,42,0.935,1185,40,1225,ok_volume,0.946,1431,40,1471,ok_volume,0.955,3915,90,4005,ok_volume,0,0,0,13681,251,13932
1769880376,57,42,0,1128,0,1128,low_activity,0.946,1431,40,1471,ok_volume,0.955,3915,90,4005,ok_volume,5,0,5,10997,251,11248
1769880377,57,42,0,334,0,334,low_activity,0.949,1519,40,1559,ok_volume,0.959,4249,90,4339,ok_volume,337,0,337,11309,251,11560
1769880378,57,42,0,500,0,500,low_activity,0,1628,0,1628,low_activity,0.96,4415,90,4505,ok_volume,166,0,166,11469,251,11720
1769880379,57,42,1.0,3473,0,3473,ok_volume,1.0,3473,0,3473,ok_volume,0.976,7388,90,7478,ok_volume,2973,0,2973,14442,251,14693
1769880380,57,42,1.0,3606,0,3606,ok_volume,1.0,3940,0,3940,ok_volume,0.977,7855,90,7945,ok_volume,467,0,467,14867,251,15118
1769880381,57,42,1.0,3467,0,3467,ok_volume,1.0,3967,0,3967,ok_volume,0.977,7882,90,7972,ok_volume,0,0,0,14819,251,15070
1769880382,57,42,1.0,519,0,519,ok_volume,1.0,3658,0,3658,ok_volume,0.977,7907,90,7997,ok_volume,0,0,0,14844,251,15095
1769880383,57,42,0,856,0,856,low_activity,1.0,4323,0,4323,ok_volume,0.98,8738,90,8828,ok_volume,833,0,833,15647,251,15898
1769880384,57,42,0,2831,0,2831,low_activity,1.0,3350,0,3350,ok_volume,0.983,10738,90,10828,ok_volume,2005,0,2005,16906,251,17157
1769880385,57,42,1.0,3039,0,3039,ok_volume,1.0,3064,0,3064,ok_volume,0.983,10776,90,10866,ok_volume,208,0,208,16972,251,17223
1769880386,57,42,1.0,2274,0,2274,ok_volume,1.0,3105,0,3105,ok_volume,0.984,10842,90,10932,ok_volume,66,0,66,17031,251,17282
1769880387,57,42,1.0,374,0,374,ok_volume,1.0,3205,0,3205,ok_volume,0.984,10942,90,11032,ok_volume,103,0,103,17134,251,17385
1769880388,57,42,0,166,0,166,low_activity,1.0,2374,0,2374,ok_volume,0.984,10942,90,11032,ok_volume,0,0,0,16965,251,17216
1769880389,57,42,0,201,0,201,low_activity,1.0,475,0,475,ok_volume,0.984,11043,90,11133,ok_volume,101,0,101,16729,251,16980
1769880390,57,42,0,184,0,184,low_activity,1.0,350,0,350,ok_volume,0.983,10708,90,10798,ok_volume,91,0,91,16816,251,17067
1769880391,57,42,0,184,0,184,low_activity,0,284,0,284,low_activity,0.983,10708,90,10798,ok_volume,0,0,0,16802,251,17053
1769880392,57,41,0,124,0,124,low_activity,0,225,0,225,low_activity,0.983,10675,90,10765,ok_volume,8,0,8,13403,251,13654
1769880393,57,42,0,66,0,66,low_activity,0,250,0,250,low_activity,0.983,10499,90,10589,ok_volume,25,0,25,12736,251,12987
1769880394,56,43,0,35,0,35,low_activity,0,159,0,159,low_activity,0.983,10484,90,10574,ok_volume,10,0,10,12717,251,12968
1769880395,56,43,0,85,0,85,low_activity,0,126,0,126,low_total_volume,0.992,9786,40,9826,ok_volume,50,0,50,12336,251,12587
1769880396,56,42,0,60,0,60,low_activity,0,85,0,85,low_activity,0.992,9649,40,9689,ok_volume,0,0,0,12336,251,12587
1769880397,56,42,0,82,0,82,low_activity,0,117,0,117,low_total_volume,0.991,9227,40,9267,ok_volume,0,0,0,11723,97,11820
1769880398,57,39,0,6093,0,6093,low_activity,1.0,6153,0,6153,ok_volume,0.995,15042,40,15082,ok_volume,6065,0,6065,17788,97,17885
1769880399,57,40,0,6323,0,6323,low_activity,1.0,6405,0,6405,ok_volume,0.995,15293,40,15333,ok_volume,262,0,262,17950,97,18047
1769880400,59,38,0,6323,0,6323,low_activity,0,6355,0,6355,low_activity,0.995,15293,40,15333,ok_volume,1,0,1,17947,97,18044
1769880401,58,39,0,262,0,262,low_activity,0,6323,0,6323,low_activity,0.995,15293,40,15333,ok_volume,0,0,0,17947,97,18044
1769880402,59,39,0,84,0,84,low_activity,0,6407,0,6407,low_activity,0.995,15131,40,15171,ok_volume,85,0,85,18032,97,18129
1769880403,59,39,0,410,0,410,low_activity,0,672,0,672,low_activity,1.0,15400,0,15400,ok_volume,326,0,326,18358,97,18455
1769880404,59,39,1.0,496,0,496,ok_volume,1.0,496,0,496,ok_volume,1.0,14358,0,14358,ok_volume,86,0,86,18444,97,18541
1769880405,61,38,1.0,503,0,503,ok_volume,1.0,587,0,587,ok_volume,1.0,14449,0,14449,ok_volume,91,0,91,18451,97,18548
1769880406,61,38,0,177,0,177,low_activity,1.0,587,0,587,ok_volume,1.0,14449,0,14449,ok_volume,0,0,0,18451,97,18548
1769880407,61,38,0,91,0,91,low_activity,1.0,503,0,503,ok_volume,1.0,14115,0,14115,ok_volume,0,0,0,18451,97,18548
1769880408,61,38,0,0,0,0,no_volume,0,177,0,177,low_activity,1.0,13949,0,13949,ok_volume,0,0,0,18451,97,18548
1769880409,61,38,0,15,0,15,low_activity,0,106,0,106,low_activity,1.0,10991,0,10991,ok_volume,15,0,15,18466,97,18563
1769880410,61,38,0,15,0,15,low_activity,0,15,0,15,low_activity,1.0,10497,0,10497,ok_volume,7,0,7,18473,97,18570
1769880411,61,38,0,15,0,15,low_activity,0,15,0,15,low_activity,1.0,10472,0,10472,ok_volume,0,0,0,18473,97,18570
1769880412,61,38,0,54,0,54,low_activity,0,69,0,69,low_activity,1.0,10526,0,10526,ok_volume,54,0,54,18518,97,18615
1769880413,62,37,1.0,1206,0,1206,ok_volume,1.0,1221,0,1221,ok_volume,1.0,10847,0,10847,ok_volume,1153,0,1153,19672,97,19769
1769880414,62,37,1.0,1206,0,1206,ok_volume,1.0,1206,0,1206,ok_volume,1.0,8847,0,8847,ok_volume,0,0,0,19667,97,19764
1769880415,62,37,0,1152,0,1152,low_activity,1.0,1206,0,1206,ok_volume,1.0,8639,0,8639,ok_volume,0,0,0,19497,97,19594
1769880416,62,37,0,0,0,0,no_volume,1.0,1206,0,1206,ok_volume,1.0,8573,0,8573,ok_volume,0,0,0,19497,97,19594
1769880417,62,36,0,0,0,0,no_volume,0,1152,0,1152,low_activity,1.0,8473,0,8473,ok_volume,0,0,0,19497,97,19594
1769880418,62,36,0,0,0,0,no_volume,0,0,0,0,no_volume,1.0,8473,0,8473,ok_volume,0,0,0,19497,97,19594
1769880419,62,36,0,0,0,0,no_volume,0,0,0,0,no_volume,1.0,8372,0,8372,ok_volume,0,0,0,19497,97,19594
1769880420,63,36,0,15,0,15,low_activity,0,15,0,15,low_activity,1.0,8304,0,8304,ok_volume,15,0,15,19094,97,19191
1769880421,64,35,0,10000,0,10000,low_activity,0,10000,0,10000,low_activity,1.0,18248,0,18248,ok_volume,9985,0,9985,29079,97,29176
1769880422,64,35,0,10000,0,10000,low_activity,0,10000,0,10000,low_activity,1.0,18248,0,18248,ok_volume,0,0,0,29005,97,29102
1769880423,64,35,1.0,10134,0,10134,ok_volume,1.0,10149,0,10149,ok_volume,1.0,18372,0,18372,ok_volume,149,0,149,28941,97,29038
1769880424,64,35,0,149,0,149,low_activity,1.0,10149,0,10149,ok_volume,1.0,18362,0,18362,ok_volume,0,0,0,28916,97,29013
1769880425,64,35,-0.891,149,2590,2739,ok_volume,0.593,10134,2590,12724,ok_volume,0.752,18312,2590,20902,ok_volume,0,2591,2591,28163,2633,30796
1769880426,64,35,0,0,2590,2590,low_activity,-0.891,149,2590,2739,ok_volume,0.752,18280,2590,20870,ok_volume,0,0,0,28019,2633,30652
1769880427,64,35,0,0,2590,2590,low_activity,-0.891,149,2590,2739,ok_volume,0.752,18280,2590,20870,ok_volume,0,0,0,27565,2633,30198
1769880428,65,34,0,7287,0,7287,low_activity,0,7287,2590,9877,low_activity,0.766,19506,2590,22096,ok_volume,7301,3,7304,34620,2636,37256
1769880429,65,33,0,7287,0,7287,low_activity,0,7287,2590,9877,low_activity,0.763,19244,2590,21834,ok_volume,0,0,0,34609,2636,37245
1769880430,65,33,0,7287,0,7287,low_activity,0,7287,0,7287,low_activity,0.763,19244,2590,21834,ok_volume,0,0,0,34609,2636,37245
1769880431,65,33,0,62,0,62,low_activity,0,7349,0,7349,low_activity,0.763,19306,2590,21896,ok_volume,65,0,65,34674,2636,37310
1769880432,65,33,0,62,0,62,low_activity,0,7349,0,7349,low_activity,0.763,19222,2590,21812,ok_volume,0,0,0,34428,2636,37064
1769880433,65,33,0,134,0,134,low_activity,0,134,0,134,low_activity,0.76,18968,2590,21558,ok_volume,72,0,72,34435,2594,37029
1769880434,65,33,0,72,454,526,low_activity,0,134,454,588,low_activity,0.722,18882,3044,21926,ok_volume,0,454,454,33307,3048,36355
1769880435,65,33,0,389,454,843,low_activity,-0.003,451,454,905,ok_volume,0.725,19108,3044,22152,ok_volume,317,0,317,33624,3048,36672
1769880436,65,33,0.225,718,454,1172,ok_volume,0.27,790,454,1244,ok_volume,0.73,19509,3044,22553,ok_volume,401,0,401,34020,3048,37068
1769880437,65,33,1.0,833,0,833,ok_volume,0.332,905,454,1359,ok_volume,0.731,19624,3044,22668,ok_volume,115,0,115,33798,3048,36846
1769880438,65,33,1.0,1060,0,1060,ok_volume,0.504,1377,454,1831,ok_volume,0.738,20168,3044,23212,ok_volume,544,0,544,34176,3048,37224
1769880439,65,33,1.0,1231,0,1231,ok_volume,1.0,1949,0,1949,ok_volume,0.744,20725,3044,23769,ok_volume,579,0,579,31782,3048,34830
1769880440,65,33,1.0,2145,0,2145,ok_volume,1.0,2661,0,2661,ok_volume,0.754,21754,3044,24798,ok_volume,1029,0,1029,32317,3048,35365
1769880441,65,33,1.0,1601,0,1601,ok_volume,1.0,2260,0,2260,ok_volume,0.754,21754,3044,24798,ok_volume,5,0,5,32297,3048,35345
1769880442,65,33,0,1336,0,1336,low_activity,1.0,2452,0,2452,ok_volume,0.757,22007,3044,25051,ok_volume,307,0,307,32604,3048,35652
1769880443,65,33,0,366,0,366,low_activity,1.0,1967,0,1967,ok_volume,0.746,20914,3044,23958,ok_volume,59,0,59,31830,3048,34878
1769880444,65,33,1.0,573,0,573,ok_volume,1.0,1602,0,1602,ok_volume,0.748,21121,3044,24165,ok_volume,207,0,207,30032,3048,33080
1769880445,65,33,1.0,1735,0,1735,ok_volume,1.0,2042,0,2042,ok_volume,0.763,22590,3044,25634,ok_volume,1469,0,1469,31293,3048,34341
1769880446,65,33,0,1676,0,1676,low_activity,1.0,2042,0,2042,ok_volume,0.763,22590,3044,25634,ok_volume,0,0,0,31227,3048,34275
1769880447,65,33,0,1871,0,1871,low_activity,1.0,2137,0,2137,ok_volume,0.766,22992,3044,26036,ok_volume,402,0,402,31526,3048,34574
1769880448,65,33,0,1851,0,1851,low_activity,1.0,3527,0,3527,ok_volume,0.778,24441,3044,27485,ok_volume,1449,0,1449,32975,3048,36023
1769880449,65,33,0,1951,0,1951,low_activity,1.0,3420,0,3420,ok_volume,0.779,24541,3044,27585,ok_volume,100,0,100,32974,3048,36022
1769880450,65,33,0,1616,0,1616,low_activity,1.0,2018,0,2018,ok_volume,0.78,24593,3044,27637,ok_volume,55,0,55,32955,3048,36003
1769880451,65,33,1.0,1733,0,1733,ok_volume,1.0,3584,0,3584,ok_volume,0.683,16174,3044,19218,ok_volume,1573,0,1573,34487,3048,37535
1769880452,65,33,1.0,2018,0,2018,ok_volume,1.0,3584,0,3584,ok_volume,0.69,16576,3044,19620,ok_volume,414,0,414,34893,3048,37941
1769880453,65,33,0,1968,0,1968,low_activity,1.0,2135,0,2135,ok_volume,0.687,16427,3044,19471,ok_volume,0,0,0,34868,3048,37916
1769880454,65,33,0,431,0,431,low_activity,1.0,2047,0,2047,ok_volume,0.688,16456,3044,19500,ok_volume,34,0,34,34892,3048,37940
1769880455,65,33,0,57,339,396,low_activity,0.713,2025,339,2364,ok_volume,0.908,16484,793,17277,ok_volume,28,339,367,34870,3387,38257
1769880456,65,33,0,57,339,396,low_activity,0.15,459,339,798,ok_volume,0.908,16484,793,17277,ok_volume,0,0,0,34837,3387,38224
1769880457,65,33,0.081,399,339,738,ok_volume,0.116,428,339,767,ok_volume,0.91,16855,793,17648,ok_volume,371,0,371,35208,3387,38595
1769880458,66,33,0,407,0,407,low_activity,0.156,464,339,803,ok_volume,0.847,9604,793,10397,ok_volume,36,0,36,29179,3387,32566
1769880459,66,33,0,407,0,407,low_activity,0.124,435,339,774,ok_volume,0.847,9604,793,10397,ok_volume,0,0,0,28917,3387,32304
1769880460,66,33,0,79,0,79,low_activity,0,450,0,450,low_activity,0.848,9647,793,10440,ok_volume,7,0,7,28966,3387,32353
1769880461,66,33,0,43,0,43,low_activity,0,450,0,450,low_activity,0.847,9585,793,10378,ok_volume,2,0,2,28968,3387,32355
1769880462,66,33,0,0,0,0,low_activity,0,79,0,79,low_activity,0.847,9585,793,10378,ok_volume,0,0,0,28883,3387,32270
1769880463,66,33,0,525,0,525,low_activity,0,568,0,568,low_activity,0.854,10038,793,10831,ok_volume,525,0,525,29082,3387,32469
1769880464,66,33,0,525,135,660,low_activity,0,525,135,660,low_activity,0.91,10038,474,10512,ok_volume,0,135,135,28996,3522,32518
1769880465,66,33,0,563,135,698,low_activity,0,563,135,698,low_activity,0.907,9759,474,10233,ok_volume,42,0,42,28947,3522,32469
1769880466,66,33,0,48,135,183,low_activity,0.619,573,135,708,ok_volume,0.904,9368,474,9842,ok_volume,0,0,0,28957,3522,32479
1769880467,66,33,0,48,0,48,low_activity,0.619,573,135,708,ok_volume,0.903,9253,474,9727,ok_volume,0,9,9,28957,3531,32488
1769880468,66,33,0,0,0,0,low_activity,0,48,135,183,low_activity,0.897,8709,474,9183,ok_volume,0,0,0,28957,3531,32488
1769880469,66,33,0,127,0,127,low_activity,0,175,0,175,low_total_volume,0.892,8264,474,8738,ok_volume,127,0,127,29069,3531,32600
1769880470,66,33,0,127,7700,7827,low_activity,0,127,7700,7827,low_activity,-0.061,7235,8174,15409,ok_volume,0,7700,7700,29062,11231,40293
1769880471,66,33,0,127,7700,7827,low_activity,0,127,7700,7827,low_activity,-0.061,7235,8174,15409,ok_volume,3,8,11,29065,11239,40304
1769880472,66,33,0,0,7700,7700,low_activity,0,127,7700,7827,low_activity,-0.083,6928,8174,15102,ok_volume,0,0,0,29010,11239,40249
1769880473,66,33,0,0,0,0,low_activity,0,127,7700,7827,low_activity,-0.087,6869,8174,15043,ok_volume,0,0,0,27857,11239,39096
1769880474,66,33,0,973,0,973,low_activity,0,973,7700,8673,low_activity,-0.034,7635,8174,15809,ok_volume,973,0,973,28830,11239,40069
1769880475,66,33,0,1118,0,1118,low_activity,0,1118,0,1118,low_activity,-0.129,6311,8174,14485,ok_volume,0,0,0,28975,11239,40214
1769880476,66,33,0,1146,0,1146,low_activity,0,1146,0,1146,low_activity,-0.126,6339,8174,14513,ok_volume,28,0,28,29003,11239,40242
1769880477,66,33,0,28,0,28,low_activity,0,1146,0,1146,low_activity,-0.159,5937,8174,14111,ok_volume,0,0,0,29003,11239,40242
1769880478,66,33,0,42,0,42,low_activity,1.0,1160,0,1160,ok_volume,-0.29,4502,8174,12676,ok_volume,14,0,14,29017,11239,40256
1769880479,66,33,0,46,0,46,low_activity,0,74,0,74,low_activity,-0.298,4417,8174,12591,ok_volume,32,0,32,29049,11239,40288
1769880480,66,33,0,153,0,153,low_activity,0,181,0,181,low_total_volume,-0.293,4474,8174,12648,ok_volume,107,0,107,29141,11239,40380
1769880481,66,33,0,295,0,295,low_total_volume,1.0,309,0,309,ok_volume,-0.455,3064,8174,11238,ok_volume,156,0,156,19312,11239,30551
1769880482,66,33,0,263,0,263,low_activity,1.0,309,0,309,ok_volume,-0.509,2662,8174,10836,ok_volume,3,0,3,19315,11239,30554
1769880483,66,33,0,156,0,156,low_activity,0,295,0,295,low_total_volume,-0.509,2662,8174,10836,ok_volume,4,0,4,19170,11239,30409
1769880484,66,33,0,0,0,0,low_activity,0,263,0,263,low_activity,-0.513,2633,8174,10807,ok_volume,0,0,0,19170,11239,30409
1769880485,66,33,0,230,0,230,low_activity,0,386,0,386,low_activity,-0.469,2835,7835,10670,ok_volume,230,0,230,19400,8648,28048
1769880486,66,33,0,330,0,330,low_activity,0,330,0,330,low_activity,-0.455,2935,7835,10770,ok_volume,100,0,100,19500,8648,28148
1769880487,66,33,0,330,0,330,low_activity,0,330,0,330,low_activity,-0.507,2564,7835,10399,ok_volume,4,0,4,19504,8648,28152
1769880488,66,33,0,122,0,122,low_activity,0,352,0,352,low_activity,-0.509,2550,7835,10385,ok_volume,23,0,23,12226,8645,20871
1769880489,66,33,1.0,6345,0,6345,ok_volume,1.0,6675,0,6675,ok_volume,0.06,8830,7835,16665,ok_volume,6323,0,6323,18549,8645,27194
1769880490,66,33,0.811,6345,661,7006,ok_volume,0.814,6445,661,7106,ok_volume,0.019,8830,8496,17326,ok_volume,0,661,661,18549,9306,27855
1769880491,66,33,0.815,6496,661,7157,ok_volume,0.816,6518,661,7179,ok_volume,0.029,9003,8496,17499,ok_volume,176,0,176,18660,9306,27966
1769880492,66,33,0,173,701,874,low_activity,0.806,6518,701,7219,ok_volume,0.027,9003,8536,17539,ok_volume,0,40,40,18660,9346,28006
1769880493,66,33,0,173,770,943,low_activity,0.639,6496,1431,7927,ok_volume,-0.044,8478,9266,17744,ok_volume,1,0,1,18589,10076,28665
1769880494,66,33,0,517,770,1287,low_activity,-0.349,690,1431,2121,ok_volume,-0.008,8995,9131,18126,ok_volume,517,0,517,19106,9622,28728
1769880495,66,33,0,517,0,517,low_activity,-0.055,690,770,1460,ok_volume,-0.01,8947,9131,18078,ok_volume,0,0,0,18789,9622,28411
1769880496,66,33,1.0,651,0,651,ok_volume,-0.084,651,770,1421,ok_volume,-0.003,9081,9131,18212,ok_volume,134,0,134,18522,9622,28144
1769880497,66,33,1.0,854,0,854,ok_volume,1.0,1371,0,1371,ok_volume,0.035,9801,9131,18932,ok_volume,720,0,720,19127,9622,28749
1769880498,66,33,1.0,854,0,854,ok_volume,1.0,1371,0,1371,ok_volume,0.035,9801,9131,18932,ok_volume,0,0,0,18583,9622,28205
1769880499,66,33,0,720,0,720,low_activity,1.0,854,0,854,ok_volume,0.029,9674,9131,18805,ok_volume,0,0,0,18004,9622,27626
1769880500,66,33,0,0,0,0,low_activity,1.0,854,0,854,ok_volume,0.742,9674,1431,11105,ok_volume,4,0,4,16979,9622,26601
1769880501,66,33,0,0,0,0,low_activity,0,720,0,720,low_activity,0.742,9674,1431,11105,ok_volume,0,0,0,16974,9622,26596
1769880502,66,33,0,541,0,541,low_activity,0,541,0,541,low_activity,0.754,10215,1431,11646,ok_volume,541,0,541,17208,9622,26830
1769880503,66,33,0,833,0,833,low_activity,0,833,0,833,low_activity,0.76,10507,1431,11938,ok_volume,292,0,292,17441,9622,27063
1769880504,66,33,0.965,833,15,848,ok_volume,0.965,833,15,848,ok_volume,0.733,9389,1446,10835,ok_volume,0,15,15,17234,9637,26871
1769880505,66,33,0,292,57,349,low_activity,0.872,833,57,890,ok_volume,0.726,9389,1488,10877,ok_volume,0,42,42,15765,9679,25444
1769880506,66,33,0,0,57,57,low_activity,0.872,833,57,890,ok_volume,0.726,9361,1488,10849,ok_volume,0,0,0,15765,9679,25444
1769880507,66,33,0,0,42,42,low_activity,0,292,57,349,low_activity,0.726,9361,1488,10849,ok_volume,0,0,0,15363,9679,25042
1769880508,66,33,0,0,0,0,no_volume,0,0,57,57,low_activity,0.725,9347,1488,10835,ok_volume,0,0,0,13914,9679,23593
1769880509,66,33,0,80,21,101,low_activity,0,80,63,143,low_activity,0.723,9395,1509,10904,ok_volume,80,0,80,13877,9700,23577
1769880510,66,33,0.872,307,21,328,ok_volume,0.872,307,21,328,ok_volume,0.726,9515,1509,11024,ok_volume,227,0,227,14049,9700,23749
1769880511,66,33,1.0,707,0,707,ok_volume,0.942,707,21,728,ok_volume,0.732,9759,1509,11268,ok_volume,400,0,400,12876,9700,22576
1769880512,66,33,1.0,668,0,668,ok_volume,0.945,748,21,769,ok_volume,0.733,9800,1509,11309,ok_volume,41,0,41,12503,9700,22203
1769880513,66,33,0,441,0,441,low_activity,1.0,748,0,748,ok_volume,0.733,9800,1509,11309,ok_volume,0,0,0,12503,9700,22203
1769880514,66,33,0,41,0,41,low_activity,1.0,668,0,668,ok_volume,0.733,9800,1509,11309,ok_volume,0,0,0,12469,9700,22169
1769880515,66,33,0,1577,0,1577,low_activity,1.0,2018,0,2018,ok_volume,0.762,11147,1509,12656,ok_volume,1577,0,1577,14018,9361,23379
1769880516,66,33,0,1592,0,1592,low_activity,1.0,1633,0,1633,ok_volume,0.76,11062,1509,12571,ok_volume,16,0,16,14034,9361,23395
1769880517,66,33,0,1592,0,1592,low_activity,0,1592,0,1592,low_activity,0.76,11062,1509,12571,ok_volume,0,0,0,13663,9361,23024
1769880518,66,33,0,32,0,32,low_activity,1.0,1609,0,1609,ok_volume,0.76,11057,1509,12566,ok_volume,17,0,17,13644,9361,23005
1769880519,66,33,0,17,0,17,low_activity,1.0,1609,0,1609,ok_volume,0.517,4734,1509,6243,ok_volume,0,0,0,13601,9361,22962
1769880520,66,33,0,17,0,17,low_activity,0,32,0,32,low_activity,0.696,4734,848,5582,ok_volume,0,0,0,13594,9361,22955
1769880521,66,33,0,217,0,217,low_activity,0,234,0,234,low_activity,0.699,4778,848,5626,ok_volume,222,0,222,13814,9361,23175
1769880522,66,33,0,217,0,217,low_activity,0,234,0,234,low_activity,0.968,4778,78,4856,ok_volume,8,0,8,13822,9361,23183
1769880523,66,33,0,1693,0,1693,low_activity,0,1693,0,1693,low_activity,0.975,6254,78,6332,ok_volume,79,0,79,14780,9361,24141
1769880524,66,33,0,1476,0,1476,low_activity,0,1693,0,1693,low_activity,0.973,5737,78,5815,ok_volume,0,0,0,14780,9226,24006
1769880525,66,33,0,180,0,180,low_activity,1.0,1801,0,1801,ok_volume,0.974,5845,78,5923,ok_volume,108,0,108,14836,9226,24062
1769880526,66,33,0,108,0,108,low_activity,0,1584,0,1584,low_activity,0.973,5711,78,5789,ok_volume,2,0,2,14838,9226,24064
1769880527,66,33,0,325,0,325,low_activity,0,397,0,397,low_activity,0.97,5208,78,5286,ok_volume,220,0,220,15058,9217,24275
1769880528,66,33,0,264,0,264,low_activity,1.0,372,0,372,ok_volume,0.971,5255,78,5333,ok_volume,48,0,48,15106,9217,24323
1769880529,66,33,0,264,0,264,low_activity,1.0,372,0,372,ok_volume,0.971,5255,78,5333,ok_volume,0,0,0,14979,9217,24196
1769880530,66,33,0,47,0,47,low_activity,0,264,0,264,low_activity,0.971,5255,78,5333,ok_volume,0,0,0,14979,1517,16496
1769880531,66,33,0,262,0,262,low_activity,0,526,0,526,low_activity,0.972,5517,78,5595,ok_volume,262,0,262,15238,1509,16747
1769880532,66,33,0,959,0,959,low_activity,0,1006,0,1006,low_activity,0.973,5673,78,5751,ok_volume,697,0,697,15935,1509,17444
1769880533,66,33,0,973,0,973,low_activity,0,973,0,973,low_activity,0.971,5395,78,5473,ok_volume,14,0,14,15949,1509,17458
1769880534,66,33,0,1247,0,1247,low_activity,1.0,1509,0,1509,ok_volume,0.979,5931,63,5994,ok_volume,536,0,536,15367,1509,16876
1769880535,66,33,0.882,4926,310,5236,ok_volume,0.9,5885,310,6195,ok_volume,0.938,10307,331,10638,ok_volume,4376,310,4686,19743,1819,21562
1769880536,66,33,0.881,4912,310,5222,ok_volume,0.895,5623,310,5933,ok_volume,0.938,10307,331,10638,ok_volume,0,0,0,19715,1819,21534
1769880537,66,33,0,4376,310,4686,low_activity,0.882,4926,310,5236,ok_volume,0.938,10307,331,10638,ok_volume,0,0,0,19715,1819,21534
1769880538,66,33,0,0,0,0,low_activity,0.881,4912,310,5222,ok_volume,0.942,10307,310,10617,ok_volume,7,0,7,19708,1819,21527
1769880539,66,33,0,50,0,50,low_activity,0.869,4426,310,4736,ok_volume,0.941,10277,310,10587,ok_volume,50,0,50,19726,1819,21545
1769880540,66,33,0,50,0,50,low_activity,0,50,0,50,low_activity,0.94,10050,310,10360,ok_volume,0,0,0,19619,1819,21438
1769880541,66,33,0,50,0,50,low_activity,0,50,0,50,low_activity,0.938,9650,310,9960,ok_volume,0,0,0,19463,1819,21282
1769880542,66,33,0,0,0,0,no_volume,0,50,0,50,low_activity,0.937,9609,310,9919,ok_volume,0,0,0,19460,1819,21279
1769880543,66,33,0,0,0,0,no_volume,0,50,0,50,low_activity,0.937,9609,310,9919,ok_volume,0,0,0,19456,1819,21275
1769880544,66,33,0,0,0,0,no_volume,0,0,0,0,no_volume,0.937,9609,310,9919,ok_volume,0,0,0,19456,1819,21275
1769880545,66,33,0,0,0,0,no_volume,0,0,0,0,no_volume,0.926,8032,310,8342,ok_volume,0,0,0,19226,1819,21045
1769880546,66,33,0,14,0,14,low_activity,0,14,0,14,low_activity,0.926,8031,310,8341,ok_volume,14,0,14,19140,1819,20959
1769880547,66,33,0,14,0,14,low_activity,0,14,0,14,low_activity,0.926,8031,310,8341,ok_volume,0,0,0,19136,1819,20955
1769880548,66,33,0,14,200,214,low_activity,0,14,200,214,low_activity,0.88,8014,510,8524,ok_volume,7,200,207,19120,2019,21139
1769880549,66,33,0,0,200,200,low_activity,0,14,200,214,low_activity,0.88,8014,510,8524,ok_volume,5,0,5,12802,2019,14821
1769880550,66,33,0,0,200,200,low_activity,0,14,200,214,low_activity,0.88,8014,510,8524,ok_volume,0,0,0,12802,1358,14160
1769880551,66,33,0,0,0,0,low_activity,0,0,200,200,low_activity,0.877,7797,510,8307,ok_volume,0,0,0,12626,1358,13984
1769880552,66,33,0,43,0,43,low_activity,0,43,200,243,low_activity,0.853,6436,510,6946,ok_volume,45,0,45,12671,588,13259
1769880553,66,33,0,43,0,43,low_activity,0,43,0,43,low_activity,0.852,6364,510,6874,ok_volume,0,0,0,12670,588,13258
1769880554,66,33,0,115,0,115,low_activity,0,115,0,115,low_activity,0.853,6436,510,6946,ok_volume,72,0,72,12225,588,12813
1769880555,66,33,0,72,0,72,low_activity,0,115,0,115,low_activity,0.851,6328,510,6838,ok_volume,0,0,0,12225,588,12813
1769880556,66,33,0,2627,0,2627,low_activity,1.0,2670,0,2670,ok_volume,0.891,8883,510,9393,ok_volume,2562,0,2562,14653,588,15241
1769880557,66,33,0,2672,0,2672,low_activity,1.0,2744,0,2744,ok_volume,0.89,8783,510,9293,ok_volume,117,0,117,14050,588,14638
1769880558,66,33,1.0,2689,0,2689,ok_volume,1.0,2761,0,2761,ok_volume,0.89,8753,510,9263,ok_volume,17,0,17,14067,588,14655
1769880559,66,33,0,134,0,134,low_activity,1.0,2689,0,2689,ok_volume,0.89,8753,510,9263,ok_volume,0,0,0,14067,588,14655
1769880560,66,33,0,224,0,224,low_activity,1.0,2896,0,2896,ok_volume,0.892,8960,510,9470,ok_volume,207,0,207,14270,588,14858
1769880561,66,33,0,207,0,207,low_activity,0,341,0,341,low_activity,0.889,8698,510,9208,ok_volume,0,0,0,14270,588,14858
1769880562,66,33,0,207,38,245,low_activity,0,224,38,262,low_activity,0.872,8001,548,8549,ok_volume,0,38,38,13729,626,14355
1769880563,66,33,0,0,38,38,low_activity,0,207,38,245,low_activity,0.872,7987,548,8535,ok_volume,0,0,0,13437,626,14063
1769880564,66,33,0,0,38,38,low_activity,0,207,38,245,low_activity,0.863,7451,548,7999,ok_volume,0,0,0,13437,611,14048
1769880565,66,33,0,2917,0,2917,low_activity,0,2917,38,2955,low_activity,0.924,5992,238,6230,ok_volume,2917,0,2917,16354,569,16923
1769880566,66,33,0,2989,0,2989,low_activity,0,2989,38,3027,low_activity,0.924,6064,238,6302,ok_volume,72,0,72,16426,569,16995
1769880567,66,33,0,2989,0,2989,low_activity,0,2989,0,2989,low_activity,0.924,6064,238,6302,ok_volume,0,0,0,16426,569,16995
1769880568,66,33,0,106,0,106,low_activity,0,3023,0,3023,low_activity,0.925,6098,238,6336,ok_volume,34,0,34,16460,548,17008
1769880569,66,33,0,34,17,51,low_activity,0.989,3023,17,3040,ok_volume,0.919,6048,255,6303,ok_volume,0,17,17,16380,565,16945
1769880570,66,33,0,34,17,51,low_activity,0,106,17,123,low_activity,0.919,6048,255,6303,ok_volume,0,0,0,16153,571,16724
1769880571,66,33,0,21,17,38,low_activity,0,55,17,72,low_activity,0.919,6069,255,6324,ok_volume,21,0,21,15774,571,16345
1769880572,66,33,0,21,0,21,low_activity,0,55,17,72,low_activity,0.919,6069,255,6324,ok_volume,0,0,0,15733,571,16304
1769880573,66,33,0,21,763,784,low_activity,0,21,780,801,low_activity,0.713,6069,1018,7087,ok_volume,0,763,763,15733,1334,17067
1769880574,66,33,0,0,763,763,low_activity,0,21,763,784,low_activity,0.713,6069,1018,7087,ok_volume,0,0,0,15733,1334,17067
1769880575,66,33,0,0,963,963,low_activity,0,21,963,984,low_activity,0.666,6069,1218,7287,ok_volume,0,200,200,14156,1534,15690
1769880576,66,33,0,0,200,200,low_activity,0,0,963,963,low_activity,0.665,6055,1218,7273,ok_volume,0,0,0,14140,1534,15674
1769880577,66,33,0,21,200,221,low_activity,0,21,963,984,low_activity,0.666,6076,1218,7294,ok_volume,21,0,21,14161,1534,15695
1769880578,66,33,0,35,0,35,low_activity,0,35,200,235,low_activity,0.714,6090,1018,7108,ok_volume,14,0,14,14158,1534,15692
1769880579,66,33,0,63,0,63,low_activity,0,63,200,263,low_activity,0.715,6118,1018,7136,ok_volume,28,0,28,14186,1534,15720
1769880580,66,33,0,42,0,42,low_activity,0,63,0,63,low_activity,0.715,6118,1018,7136,ok_volume,0,0,0,14186,1534,15720
1769880581,66,33,0,28,0,28,low_activity,0,63,0,63,low_activity,0.715,6118,1018,7136,ok_volume,0,0,0,13964,1534,15498
1769880582,66,33,0,0,0,0,no_volume,0,42,0,42,low_activity,0.713,6075,1018,7093,ok_volume,0,0,0,12552,1534,14086
1769880583,66,33,0,42,0,42,low_activity,0,70,0,70,low_activity,0.715,6117,1018,7135,ok_volume,42,0,42,12515,1534,14049
1769880584,66,33,0,42,0,42,low_activity,0,42,0,42,low_activity,0.712,6045,1018,7063,ok_volume,0,0,0,12515,1534,14049
1769880585,66,33,0,338,0,338,low_activity,0,338,0,338,low_activity,0.723,6341,1018,7359,ok_volume,303,0,303,12710,1534,14244
1769880586,66,33,0,296,0,296,low_activity,0,338,0,338,low_activity,0.576,3786,1018,4804,ok_volume,0,0,0,12708,1534,14242
1769880587,66,33,0,310,0,310,low_activity,1.0,352,0,352,ok_volume,0.567,3683,1018,4701,ok_volume,0,0,0,12502,1534,14036
1769880588,66,33,0,14,0,14,low_activity,0,310,0,310,low_activity,0.565,3666,1018,4684,ok_volume,0,0,0,12454,1534,13988
1769880589,66,33,0,0,31,31,low_activity,0.818,310,31,341,ok_volume,0.555,3666,1049,4715,ok_volume,0,31,31,12454,1565,14019
1769880590,66,33,0,72,31,103,low_activity,0,86,31,117,low_activity,0.542,3531,1049,4580,ok_volume,72,0,72,12526,1565,14091
1769880591,66,33,0,72,31,103,low_activity,0,72,31,103,low_activity,0.542,3531,1049,4580,ok_volume,0,0,0,12264,1565,13829
1769880592,66,33,0,72,0,72,low_activity,0,72,31,103,low_activity,0.555,3531,1011,4542,ok_volume,0,0,0,11567,1565,13132
1769880593,66,33,0,0,79,79,low_activity,0,72,110,182,low_activity,0.528,3531,1090,4621,ok_volume,0,79,79,11553,1644,13197
1769880594,66,33,0,17,79,96,low_activity,0,89,79,168,low_activity,0.53,3548,1090,4638,ok_volume,17,0,17,11034,1644,12678
1769880595,66,33,0,17,79,96,low_activity,0,17,79,96,low_activity,-0.267,631,1090,1721,ok_volume,0,0,0,6658,1334,7992
1769880596,66,33,0,33,0,33,low_activity,0,33,79,112,low_activity,-0.309,575,1090,1665,ok_volume,16,0,16,6674,1334,8008
1769880597,66,33,0,88,0,88,low_activity,0,105,79,184,low_activity,-0.255,647,1090,1737,ok_volume,72,0,72,6746,1334,8080
1769880598,66,33,0,88,0,88,low_activity,0,105,0,105,low_activity,-0.28,613,1090,1703,ok_volume,0,0,0,6739,1334,8073
1769880599,66,33,0,111,0,111,low_activity,0,127,0,127,low_activity,-0.244,652,1073,1725,ok_volume,39,0,39,6728,1334,8062
1769880600,66,33,0,39,79,118,low_activity,0,127,79,206,low_total_volume,-0.277,652,1152,1804,ok_volume,0,79,79,6728,1413,8141
1769880601,66,33,0,39,79,118,low_activity,0,111,79,190,low_activity,-0.292,631,1152,1783,ok_volume,0,0,0,6728,1413,8141
1769880602,66,33,0,0,79,79,low_activity,0,39,79,118,low_activity,-0.292,631,1152,1783,ok_volume,0,0,0,6728,1413,8141
1769880603,66,33,0,20,0,20,low_activity,0,59,79,138,low_activity,0.252,651,389,1040,ok_volume,20,0,20,6748,1413,8161
1769880604,66,33,0,20,0,20,low_activity,0,20,79,99,low_activity,0.252,651,389,1040,ok_volume,0,0,0,6748,1413,8161
1769880605,66,33,0,382,0,382,low_activity,0,382,0,382,low_activity,0.686,1013,189,1202,ok_volume,362,0,362,7110,1413,8523
1769880606,66,33,0,362,0,362,low_activity,0,382,0,382,low_activity,0.686,1013,189,1202,ok_volume,1,8,9,7097,1421,8518
1769880607,66,33,0,362,0,362,low_activity,0,382,0,382,low_activity,0.68,992,189,1181,ok_volume,1,0,1,7098,1421,8519
1769880608,66,33,0,0,0,0,low_activity,0,362,0,362,low_activity,0.676,978,189,1167,ok_volume,0,0,0,7091,1221,8312
1769880609,66,33,0,0,0,0,low_activity,0,362,0,362,low_activity,0.668,950,189,1139,ok_volume,0,0,0,7086,1221,8307
1769880610,66,33,0,24,0,24,low_activity,0,24,0,24,low_activity,0.675,974,189,1163,ok_volume,24,0,24,7110,1221,8331
1769880611,66,33,0,95,0,95,low_activity,0,95,0,95,low_activity,0.694,1045,189,1234,ok_volume,71,0,71,7181,1221,8402
1769880612,66,33,0,95,0,95,low_activity,0,95,0,95,low_activity,0.694,1045,189,1234,ok_volume,5,0,5,7141,1221,8362
1769880613,66,33,0,521,0,521,low_activity,0,545,0,545,low_activity,0.77,1453,189,1642,ok_volume,450,0,450,7591,1221,8812
1769880614,66,33,0,450,0,450,low_activity,0,545,0,545,low_activity,0.77,1453,189,1642,ok_volume,0,0,0,7519,1221,8740
1769880615,66,33,0,450,10,460,low_activity,0,521,10,531,low_activity,0.706,1157,199,1356,ok_volume,0,10,10,7519,1231,8750
1769880616,66,33,0,0,10,10,low_activity,0,450,10,460,low_activity,0.703,1143,199,1342,ok_volume,0,0,0,4957,1231,6188
1769880617,66,33,0,0,10,10,low_activity,0,450,10,460,low_activity,0.703,1143,199,1342,ok_volume,0,0,0,4840,1231,6071
1769880618,66,33,0,0,0,0,no_volume,0,0,10,10,low_activity,0.703,1143,199,1342,ok_volume,0,0,0,4823,1231,6054
1769880619,66,33,0,0,0,0,no_volume,0,0,10,10,low_activity,0.744,1143,168,1311,ok_volume,0,0,0,4823,1231,6054
1769880620,66,33,0,0,0,0,low_activity,0,0,0,0,low_activity,0.729,1071,168,1239,ok_volume,7,0,7,4623,1231,5854
1769880621,66,33,0,0,0,0,low_activity,0,0,0,0,low_activity,0.729,1071,168,1239,ok_volume,0,0,0,4623,1231,5854
1769880622,66,33,0,0,0,0,low_activity,0,0,0,0,low_activity,0.729,1071,168,1239,ok_volume,0,0,0,4623,1193,5816
1769880623,65,34,0,16,9250,9266,low_activity,0,16,9250,9266,low_activity,-0.791,1087,9339,10426,ok_volume,16,9250,9266,4639,10443,15082
1769880624,65,34,0,66,9250,9316,low_activity,0,66,9250,9316,low_activity,-0.786,1120,9339,10459,ok_volume,50,0,50,4689,10443,15132
1769880625,65,34,0,66,9250,9316,low_activity,0,66,9250,9316,low_activity,-0.786,1120,9339,10459,ok_volume,0,0,0,1772,10443,12215
1769880626,65,34,0,50,0,50,low_activity,0,66,9250,9316,low_activity,-0.789,1104,9339,10443,ok_volume,0,0,0,1700,10443,12143
1769880627,65,34,0,0,0,0,low_activity,0,66,9250,9316,low_activity,-0.801,1032,9339,10371,ok_volume,2,0,2,1702,10443,12145
1769880628,65,34,0,0,0,0,low_activity,0,50,0,50,low_activity,-0.801,1032,9339,10371,ok_volume,0,0,0,1668,10443,12111
1769880629,65,34,0,0,30,30,low_activity,0,0,30,30,low_activity,-0.808,993,9369,10362,ok_volume,0,30,30,1668,10450,12118
1769880630,65,34,0,0,30,30,low_activity,0,0,30,30,low_activity,-0.807,993,9290,10283,ok_volume,0,0,0,1668,10450,12118
1769880631,65,34,0,0,30,30,low_activity,0,0,30,30,low_activity,-0.807,993,9290,10283,ok_volume,0,0,0,1647,10450,12097
1769880632,65,34,0,0,0,0,no_volume,0,0,30,30,low_activity,-0.807,993,9290,10283,ok_volume,0,0,0,1647,10450,12097
1769880633,65,34,0,0,0,0,no_volume,0,0,30,30,low_activity,-0.81,973,9290,10263,ok_volume,0,0,0,1647,9687,11334
1769880634,65,34,0,85,0,85,low_activity,0,85,0,85,low_activity,-0.796,1058,9290,10348,ok_volume,0,0,0,1732,9687,11419
1769880635,65,34,0,85,0,85,low_activity,0,85,0,85,low_activity,-0.861,696,9290,9986,ok_volume,0,0,0,1736,9487,11223
1769880636,65,34,0,0,0,0,low_activity,0,85,0,85,low_activity,-0.861,696,9290,9986,ok_volume,0,0,0,1736,9487,11223
1769880637,65,34,0,11,0,11,low_activity,0,96,0,96,low_activity,-0.859,707,9290,9997,ok_volume,11,0,11,1726,9487,11213
1769880638,65,34,0,179,0,179,low_activity,0,179,0,179,low_activity,-0.828,875,9290,10165,ok_volume,168,0,168,1880,9487,11367
1769880639,65,34,0,347,0,347,low_activity,0,347,0,347,low_activity,-0.798,1043,9290,10333,ok_volume,170,0,170,2022,9487,11509
1769880640,65,34,0,336,0,336,low_activity,0,347,0,347,low_activity,-0.802,1019,9290,10309,ok_volume,1,0,1,2023,9487,11510
1769880641,65,34,0,168,0,168,low_activity,0,347,0,347,low_activity,-0.815,948,9290,10238,ok_volume,0,0,0,2023,9487,11510
1769880642,65,34,0,0,0,0,low_activity,0,336,0,336,low_activity,-0.815,948,9290,10238,ok_volume,0,0,0,2023,9487,11510
1769880643,65,34,0,0,0,0,no_volume,0,168,0,168,low_activity,-0.898,498,9290,9788,ok_volume,0,0,0,1981,9487,11468
1769880644,65,34,0,15,0,15,low_activity,0,15,0,15,low_activity,-0.895,513,9290,9803,ok_volume,15,0,15,1996,9487,11483
1769880645,65,34,0,35,0,35,low_activity,0,35,0,35,low_activity,-0.891,533,9280,9813,ok_volume,20,0,20,1713,9487,11200
1769880646,65,34,0,35,0,35,low_activity,0,35,0,35,low_activity,-0.891,533,9280,9813,ok_volume,0,0,0,1699,9487,11186
1769880647,65,34,0,34,0,34,low_activity,0,49,0,49,low_activity,-0.889,547,9280,9827,ok_volume,14,0,14,1713,9487,11200
1769880648,65,34,0,34,0,34,low_activity,0,69,0,69,low_activity,-0.885,567,9280,9847,ok_volume,20,0,20,1733,9487,11220
1769880649,65,34,0,34,0,34,low_activity,0,54,0,54,low_activity,-0.885,567,9280,9847,ok_volume,0,0,0,1733,9456,11189
1769880650,65,34,0,20,0,20,low_activity,0,34,0,34,low_activity,-0.885,567,9280,9847,ok_volume,7,0,7,1668,9456,11124
1769880651,65,34,0,0,0,0,low_activity,0,34,0,34,low_activity,-0.885,567,9280,9847,ok_volume,0,0,0,1668,9456,11124
1769880652,65,34,0,14,0,14,low_activity,0,34,0,34,low_activity,-0.882,581,9280,9861,ok_volume,14,0,14,1682,9456,11138
1769880653,65,34,0,180,0,180,low_activity,0,180,0,180,low_activity,0.921,731,30,761,ok_volume,166,0,166,1848,9377,11225
1769880654,65,34,0,608,0,608,low_activity,0,608,0,608,low_activity,0.947,1109,30,1139,ok_volume,428,0,428,2259,9377,11636
1769880655,65,34,0,594,0,594,low_activity,0,608,0,608,low_activity,0.947,1109,30,1139,ok_volume,0,0,0,2259,9377,11636
1769880656,65,34,0,428,0,428,low_activity,0,608,0,608,low_activity,0.947,1109,30,1139,ok_volume,0,0,0,2243,9377,11620
1769880657,65,34,0,0,0,0,no_volume,0,594,0,594,low_activity,0.947,1109,30,1139,ok_volume,0,0,0,2171,9377,11548
1769880658,65,34,0,125,0,125,low_activity,0,553,0,553,low_activity,0.953,1234,30,1264,ok_volume,125,0,125,2296,9377,11673
1769880659,65,34,0,197,0,197,low_activity,0,197,0,197,low_activity,1.0,1306,0,1306,ok_volume,72,0,72,2329,9377,11706
1769880660,65,34,1.0,401,0,401,ok_volume,1.0,401,0,401,ok_volume,1.0,1510,0,1510,ok_volume,204,0,204,2533,9298,11831
1769880661,65,34,1.0,335,0,335,ok_volume,1.0,460,0,460,ok_volume,1.0,1569,0,1569,ok_volume,56,0,56,2599,9298,11897
1769880662,65,34,0,263,0,263,low_total_volume,1.0,460,0,460,ok_volume,1.0,1569,0,1569,ok_volume,0,0,0,2599,9298,11897
1769880663,65,34,0,49,50,99,low_activity,0.74,335,50,385,ok_volume,0.935,1484,50,1534,ok_volume,7,50,57,2586,9348,11934
1769880664,65,34,0,411,50,461,low_activity,0.862,674,50,724,ok_volume,0.949,1895,50,1945,ok_volume,411,0,411,2997,9348,12345
1769880665,65,34,0.813,486,50,536,ok_volume,0.829,535,50,585,ok_volume,0.95,1970,50,2020,ok_volume,83,0,83,2718,9348,12066
1769880666,65,34,0,486,0,486,low_activity,0.813,486,50,536,ok_volume,0.95,1970,50,2020,ok_volume,0,0,0,2717,9340,12057
1769880667,64,35,0,75,30,105,low_activity,0.717,486,80,566,ok_volume,0.922,1959,80,2039,ok_volume,0,30,30,2716,9370,12086
1769880668,64,35,0,30,30,60,low_activity,0.89,516,30,546,ok_volume,0.916,1821,80,1901,ok_volume,30,0,30,2746,9370,12116
1769880669,64,35,0,44,30,74,low_activity,0,119,30,149,low_activity,0.908,1667,80,1747,ok_volume,0,0,0,2760,9370,12130
1769880670,64,35,0,44,0,44,low_activity,0,44,30,74,low_activity,0.908,1667,80,1747,ok_volume,0,0,0,2736,9370,12106
1769880671,64,35,0,14,0,14,low_activity,0,58,30,88,low_activity,0.909,1681,80,1761,ok_volume,14,0,14,2679,9370,12049
1769880672,64,35,0,14,0,14,low_activity,0,58,0,58,low_activity,0.909,1681,80,1761,ok_volume,0,0,0,2674,9370,12044
1769880673,64,35,0,44,0,44,low_activity,0,44,0,44,low_activity,0.911,1711,80,1791,ok_volume,30,0,30,2254,9370,11624
1769880674,64,35,0,67,0,67,low_activity,0,81,0,81,low_activity,0.912,1733,80,1813,ok_volume,37,0,37,2291,9370,11661
1769880675,64,35,0,322,0,322,low_activity,1.0,336,0,336,ok_volume,0.922,1968,80,2048,ok_volume,255,0,255,2546,9360,11906
1769880676,64,35,0,292,0,292,low_activity,0,322,0,322,low_activity,0.922,1968,80,2048,ok_volume,0,0,0,2546,9360,11906
1769880677,64,35,0,3620,0,3620,low_activity,1.0,3687,0,3687,ok_volume,0.97,5319,80,5399,ok_volume,3365,0,3365,5911,9360,15271
1769880678,64,35,0,3405,0,3405,low_activity,1.0,3697,0,3697,ok_volume,0.97,5339,80,5419,ok_volume,40,0,40,5951,9360,15311
1769880679,64,35,0,3405,0,3405,low_activity,0,3660,0,3660,low_activity,0.97,5339,80,5419,ok_volume,0,0,0,5951,9360,15311
1769880680,64,35,0,100,0,100,low_activity,0,3465,0,3465,low_activity,0.971,5399,80,5479,ok_volume,2,0,2,6006,9360,15366
1769880681,64,35,0,60,0,60,low_activity,0,3465,0,3465,low_activity,0.971,5399,80,5479,ok_volume,0,0,0,6006,9360,15366
1769880682,64,35,0,150,0,150,low_activity,0,250,0,250,low_activity,0.972,5535,80,5615,ok_volume,150,0,150,6157,9360,15517
1769880683,64,35,0,150,0,150,low_activity,0,210,0,210,low_activity,0.971,5369,80,5449,ok_volume,0,0,0,6141,110,6251
1769880684,64,35,0,184,0,184,low_activity,0,184,0,184,low_activity,0.968,4975,80,5055,ok_volume,34,0,34,6125,110,6235
1769880685,64,35,0,34,0,34,low_activity,0,184,0,184,low_activity,0.968,4975,80,5055,ok_volume,0,0,0,6125,110,6235
1769880686,64,35,0,63,0,63,low_activity,0,213,0,213,low_activity,0.969,5004,80,5084,ok_volume,29,0,29,6154,110,6264
1769880687,64,35,0,29,0,29,low_activity,0,63,0,63,low_activity,0.969,5004,80,5084,ok_volume,0,0,0,6152,110,6262
1769880688,64,35,0,29,0,29,low_activity,0,63,0,63,low_activity,0.968,4879,80,4959,ok_volume,0,0,0,6152,110,6262
1769880689,64,35,0,0,0,0,low_activity,0,29,0,29,low_activity,0.967,4807,80,4887,ok_volume,0,0,0,6153,80,6233
1769880690,64,35,0,0,0,0,low_activity,0,29,0,29,low_activity,0.966,4593,80,4673,ok_volume,1,0,1,6154,80,6234
1769880691,64,35,0,0,0,0,low_activity,0,0,0,0,low_activity,0.965,4544,80,4624,ok_volume,0,0,0,6154,80,6234
1769880692,64,35,0,0,0,0,low_activity,0,0,0,0,low_activity,0.965,4544,80,4624,ok_volume,0,0,0,6154,80,6234
1769880693,64,35,0,0,0,0,no_volume,0,0,0,0,low_activity,0.987,4544,30,4574,ok_volume,0,0,0,6069,80,6149
1769880694,62,37,0,0,20,20,low_activity,0,0,20,20,low_activity,0.976,4133,50,4183,ok_volume,2,22,24,6067,102,6169
1769880695,62,37,0,0,20,20,low_activity,0,0,20,20,low_activity,0.976,4058,50,4108,ok_volume,0,0,0,6067,103,6170
1769880696,62,37,0,0,20,20,low_activity,0,0,20,20,low_activity,0.976,4058,50,4108,ok_volume,0,0,0,6067,103,6170
1769880697,62,37,0,61,0,61,low_activity,0,61,20,81,low_activity,0.99,4119,20,4139,ok_volume,61,0,61,6117,103,6220
1769880698,62,37,0,61,0,61,low_activity,0,61,20,81,low_activity,0.99,4075,20,4095,ok_volume,8,0,8,5957,103,6060
1769880699,62,37,0,61,0,61,low_activity,0,61,0,61,low_activity,0.99,4075,20,4095,ok_volume,0,0,0,5787,103,5890
1769880700,62,37,0,484,0,484,low_activity,1.0,545,0,545,ok_volume,0.991,4559,20,4579,ok_volume,488,0,488,6274,103,6377
1769880701,62,37,1.0,512,0,512,ok_volume,1.0,573,0,573,ok_volume,0.991,4573,20,4593,ok_volume,35,0,35,6309,103,6412
1769880702,62,37,1.0,527,0,527,ok_volume,1.0,527,0,527,ok_volume,0.991,4588,20,4608,ok_volume,15,0,15,6324,103,6427
1769880703,62,37,0,71,0,71,low_activity,1.0,555,0,555,ok_volume,0.991,4586,20,4606,ok_volume,28,0,28,6352,103,6455
1769880704,62,37,0,43,0,43,low_activity,1.0,555,0,555,ok_volume,0.991,4549,20,4569,ok_volume,0,0,0,6337,103,6440
1769880705,62,37,0,58,0,58,low_activity,0,101,0,101,low_total_volume,0.991,4324,20,4344,ok_volume,30,0,30,6347,103,6450
1769880706,62,37,0,1568,0,1568,low_activity,0,1611,0,1611,low_activity,0.993,5862,20,5882,ok_volume,1538,0,1538,7885,103,7988
1769880707,62,37,0,1568,0,1568,low_activity,0,1596,0,1596,low_activity,0.984,2497,20,2517,ok_volume,0,0,0,7871,103,7974
1769880708,62,37,0,1538,0,1538,low_activity,0,1568,0,1568,low_activity,0.984,2457,20,2477,ok_volume,1,0,1,7852,103,7955
1769880709,62,37,0,0,0,0,low_activity,0,1568,0,1568,low_activity,0.983,2397,20,2417,ok_volume,0,0,0,7852,103,7955
1769880710,62,37,0,0,0,0,low_activity,0,1538,0,1538,low_activity,0.983,2397,20,2417,ok_volume,0,0,0,7845,103,7948
1769880711,62,37,0,0,0,0,no_volume,0,0,0,0,low_activity,0.983,2397,20,2417,ok_volume,0,0,0,7845,103,7948
1769880712,62,37,0,0,0,0,no_volume,0,0,0,0,low_activity,0.982,2247,20,2267,ok_volume,0,0,0,7831,103,7934
1769880713,62,37,0,461,0,461,low_activity,0,461,0,461,low_activity,0.985,2708,20,2728,ok_volume,461,0,461,8126,103,8229
1769880714,62,37,0,461,0,461,low_activity,0,461,0,461,low_activity,0.985,2674,20,2694,ok_volume,0,0,0,7698,103,7801
1769880715,62,37,0,476,0,476,low_activity,0,476,0,476,low_activity,0.985,2689,20,2709,ok_volume,15,8,23,7713,111,7824
1769880716,62,37,0,15,0,15,low_activity,0,476,0,476,low_activity,0.985,2660,20,2680,ok_volume,0,0,0,7713,111,7824
1769880717,62,37,0,15,0,15,low_activity,0,476,0,476,low_activity,0.985,2660,20,2680,ok_volume,3,0,3,7716,111,7827
1769880718,62,37,0,0,0,0,low_activity,0,15,0,15,low_activity,0.985,2660,20,2680,ok_volume,0,0,0,7591,111,7702
1769880719,62,37,0,0,0,0,low_activity,0,15,0,15,low_activity,0.985,2660,20,2680,ok_volume,0,0,0,7519,111,7630
1769880720,62,37,0,0,0,0,low_activity,0,0,0,0,low_activity,0.985,2660,20,2680,ok_volume,1,0,1,7306,111,7417
1769880721,62,37,0,0,0,0,low_activity,0,0,0,0,low_activity,0.985,2660,20,2680,ok_volume,0,0,0,7250,111,7361
1769880722,62,37,0,2000,0,2000,low_activity,0,2000,0,2000,low_activity,0.991,4660,20,4680,ok_volume,2000,0,2000,9250,111,9361
1769880723,61,37,0,2000,345,2345,low_activity,0,2000,345,2345,low_activity,0.855,4660,365,5025,ok_volume,5,346,351,9248,407,9655
1769880724,61,38,0,2000,345,2345,low_activity,0,2000,345,2345,low_activity,0.862,4660,345,5005,ok_volume,0,0,0,8837,407,9244
1769880725,61,38,0,0,345,345,low_activity,0,2000,345,2345,low_activity,0.862,4660,345,5005,ok_volume,0,0,0,8754,407,9161
1769880726,61,38,0,15,0,15,low_activity,0,2015,345,2360,low_activity,0.863,4675,345,5020,ok_volume,15,0,15,8769,407,9176
1769880727,61,38,0,15,0,15,low_activity,0,15,345,360,low_activity,0.861,4614,345,4959,ok_volume,0,0,0,8769,377,9146
1769880728,61,38,0,15,0,15,low_activity,0,15,0,15,low_activity,0.861,4614,345,4959,ok_volume,7,0,7,8732,377,9109
1769880729,61,38,0,78,0,78,low_activity,0,93,0,93,low_activity,0.863,4692,345,5037,ok_volume,82,0,82,8814,377,9191
1769880730,61,38,0,78,0,78,low_activity,0,93,0,93,low_activity,0.848,4208,345,4553,ok_volume,0,0,0,8814,377,9191
1769880731,61,38,0,78,0,78,low_activity,0,78,0,78,low_activity,0.848,4180,345,4525,ok_volume,0,0,0,8800,377,9177
1769880732,61,38,0,0,0,0,no_volume,0,78,0,78,low_activity,0.847,4165,345,4510,ok_volume,0,0,0,8800,377,9177
1769880733,61,38,0,0,0,0,no_volume,0,78,0,78,low_activity,0.846,4137,345,4482,ok_volume,0,0,0,8770,377,9147
1769880734,61,38,0,0,0,0,no_volume,0,0,0,0,no_volume,0.846,4137,345,4482,ok_volume,0,0,0,8733,377,9110
1769880735,61,38,0,0,0,0,no_volume,0,0,0,0,no_volume,0.845,4107,345,4452,ok_volume,0,0,0,8478,377,8855
1769880736,61,38,0,0,0,0,low_activity,0,0,0,0,low_activity,0.763,2569,345,2914,ok_volume,1,0,1,8479,377,8856
1769880737,61,38,0,0,0,0,low_activity,0,0,0,0,low_activity,0.763,2569,345,2914,ok_volume,0,0,0,5114,377,5491
1769880738,61,38,0,0,0,0,low_activity,0,0,0,0,low_activity,0.763,2569,345,2914,ok_volume,0,0,0,5074,377,5451
1769880739,59,40,0,308,711,1019,low_activity,0,308,711,1019,low_activity,0.463,2877,1056,3933,ok_volume,308,712,1020,5330,1089,6419
1769880740,59,39,0,308,711,1019,low_activity,0,308,711,1019,low_activity,0.463,2877,1056,3933,ok_volume,0,0,0,5328,1089,6417
1769880741,59,40,0,308,711,1019,low_activity,0,308,711,1019,low_activity,0.463,2877,1056,3933,ok_volume,0,0,0,5327,1089,6416
1769880742,59,40,0,0,0,0,no_volume,0,308,711,1019,low_activity,0.463,2877,1056,3933,ok_volume,0,0,0,5177,1089,6266
1769880743,59,40,0,0,0,0,no_volume,0,308,711,1019,low_activity,0.392,2416,1056,3472,ok_volume,0,0,0,5177,1089,6266
1769880744,59,40,0,40,0,40,low_activity,0,40,0,40,low_activity,0.399,2456,1056,3512,ok_volume,0,0,0,5183,1089,6272
1769880745,59,40,0,40,0,40,low_activity,0,40,0,40,low_activity,0.396,2441,1056,3497,ok_volume,0,0,0,5183,1089,6272
1769880746,59,40,0,0,0,0,no_volume,0,40,0,40,low_activity,0.396,2441,1056,3497,ok_volume,0,0,0,5154,1089,6243
1769880747,59,39,0,0,0,0,no_volume,0,40,0,40,low_activity,0.396,2441,1056,3497,ok_volume,0,0,0,5154,1089,6243
1769880748,59,39,0,0,0,0,no_volume,0,0,0,0,no_volume,0.396,2441,1056,3497,ok_volume,0,0,0,5153,1089,6242
1769880749,59,40,0,0,0,0,low_activity,0,0,0,0,low_activity,0.396,2441,1056,3497,ok_volume,0,1,1,5153,1090,6243
1769880750,59,39,0,999,0,999,low_activity,0,999,0,999,low_activity,0.53,3440,1056,4496,ok_volume,1000,0,1000,6152,1090,7242
1769880751,59,39,0,1090,0,1090,low_activity,0,1090,0,1090,low_activity,0.54,3531,1056,4587,ok_volume,94,0,94,6246,1090,7336
1769880752,59,39,1.0,1190,0,1190,ok_volume,1.0,1190,0,1190,ok_volume,0.214,1631,1056,2687,ok_volume,0,0,0,6346,1090,7436
1769880753,59,39,0,191,0,191,low_activity,1.0,1190,0,1190,ok_volume,0.393,1631,711,2342,ok_volume,0,0,0,6346,1090,7436
1769880754,59,39,0,54,159,213,low_activity,0.773,1244,159,1403,ok_volume,0.319,1685,870,2555,ok_volume,54,163,217,6398,1230,7628
1769880755,59,39,-0.032,149,159,308,ok_volume,0.363,340,159,499,ok_volume,0.343,1780,870,2650,ok_volume,98,0,98,6496,1230,7726
1769880756,59,39,0.861,2132,159,2291,ok_volume,0.861,2132,159,2291,ok_volume,0.623,3748,870,4618,ok_volume,1983,0,1983,8479,1230,9709
1769880757,59,39,0,2407,0,2407,low_activity,0.879,2461,159,2620,ok_volume,0.648,4077,870,4947,ok_volume,329,0,329,8747,1230,9977
1769880758,60,39,0,2312,0,2312,low_activity,0.879,2461,159,2620,ok_volume,0.648,4077,870,4947,ok_volume,0,0,0,8739,1230,9969
1769880759,60,39,0,329,0,329,low_activity,0,2407,0,2407,low_activity,0.643,3999,870,4869,ok_volume,0,0,0,8739,1230,9969
1769880760,60,39,0,0,0,0,no_volume,0,2312,0,2312,low_activity,0.643,3999,870,4869,ok_volume,0,0,0,8251,1230,9481
1769880761,60,39,0,0,0,0,low_activity,0,329,0,329,low_activity,0.643,3999,870,4869,ok_volume,2,0,2,8218,1230,9448
1769880762,60,39,0,0,0,0,low_activity,0,0,0,0,low_activity,0.643,3999,870,4869,ok_volume,0,0,0,8203,1230,9433
1769880763,60,39,0,0,0,0,low_activity,0,0,0,0,low_activity,0.643,3999,870,4869,ok_volume,0,0,0,8175,1230,9405
1769880764,60,39,0,0,0,0,no_volume,0,0,0,0,low_activity,0.643,3999,870,4869,ok_volume,0,0,0,8175,1230,9405
1769880765,60,38,0,0,0,0,no_volume,0,0,0,0,low_activity,0.643,3999,870,4869,ok_volume,0,0,0,8145,1230,9375
1769880766,60,38,0,156,0,156,low_activity,0,156,0,156,low_activity,0.654,4155,870,5025,ok_volume,156,0,156,6763,1230,7993
1769880767,60,38,0,187,0,187,low_activity,0,187,0,187,low_activity,0.656,4186,870,5056,ok_volume,31,0,31,6794,1230,8024
1769880768,63,35,1.0,745,0,745,ok_volume,1.0,745,0,745,ok_volume,0.69,4744,870,5614,ok_volume,564,0,564,7357,1230,8587
1769880769,60,36,0.001,589,588,1177,ok_volume,0.118,745,588,1333,ok_volume,0.712,4436,747,5183,ok_volume,0,588,588,7357,1818,9175
1769880770,62,36,0,558,588,1146,low_activity,0.118,745,588,1333,ok_volume,0.712,4436,747,5183,ok_volume,0,0,0,7357,1818,9175
1769880771,62,36,0,0,588,588,low_activity,0.001,589,588,1177,ok_volume,0.712,4436,747,5183,ok_volume,0,0,0,7357,1818,9175
1769880772,62,36,0,0,0,0,no_volume,0,558,588,1146,low_activity,0.712,4436,747,5183,ok_volume,0,0,0,7357,1818,9175
1769880773,61,38,0,0,0,0,low_activity,0,0,588,588,low_activity,0.71,4396,747,5143,ok_volume,0,2,2,6896,1820,8716
1769880774,61,38,0,0,0,0,low_activity,0,0,0,0,low_activity,0.71,4396,747,5143,ok_volume,0,0,0,6896,1820,8716
1769880775,61,38,0,0,0,0,low_activity,0,0,0,0,low_activity,0.71,4396,747,5143,ok_volume,2,0,2,6883,1812,8695
1769880776,61,38,0,0,0,0,low_activity,0,0,0,0,low_activity,0.71,4396,747,5143,ok_volume,0,0,0,6883,1812,8695
1769880777,60,39,0,123,0,123,low_activity,0,123,0,123,low_activity,0.716,4519,747,5266,ok_volume,123,0,123,7003,1812,8815
1769880778,60,38,0,2660,0,2660,low_activity,0,2660,0,2660,low_activity,0.809,7056,747,7803,ok_volume,2537,0,2537,9540,1812,11352
1769880779,60,39,0,2660,0,2660,low_activity,0,2660,0,2660,low_activity,0.809,7056,747,7803,ok_volume,5,0,5,9545,1812,11357
1769880780,60,39,0,2537,0,2537,low_activity,0,2660,0,2660,low_activity,0.78,6057,747,6804,ok_volume,0,0,0,9544,1812,11356
1769880781,60,39,0,74,0,74,low_activity,0,2734,0,2734,low_activity,0.777,5940,747,6687,ok_volume,74,0,74,9618,1812,11430
1769880782,60,39,0,74,0,74,low_activity,0,2611,0,2611,low_activity,0.777,5940,747,6687,ok_volume,0,0,0,7618,1812,9430
1769880783,60,39,0,74,0,74,low_activity,0,74,0,74,low_activity,0.777,5940,747,6687,ok_volume,0,0,0,7613,1466,9079
1769880784,60,38,0,15,0,15,low_activity,0,89,0,89,low_activity,0.819,5901,588,6489,ok_volume,15,0,15,7628,1466,9094
1769880785,60,39,0,267,0,267,low_activity,0,341,0,341,low_activity,0.823,6058,588,6646,ok_volume,252,0,252,7880,1466,9346
1769880786,60,39,0,306,0,306,low_activity,0,306,0,306,low_activity,0.75,4114,588,4702,ok_volume,46,0,46,7911,1466,9377
1769880787,60,39,0,291,0,291,low_activity,0,306,0,306,low_activity,0.731,3785,588,4373,ok_volume,0,0,0,7911,1466,9377
1769880788,60,38,0,39,0,39,low_activity,0,306,0,306,low_activity,0.731,3785,588,4373,ok_volume,0,0,0,7904,1466,9370
1769880789,60,39,0,0,0,0,no_volume,0,291,0,291,low_activity,0.731,3785,588,4373,ok_volume,0,0,0,7822,1466,9288
1769880790,60,39,0,0,0,0,no_volume,0,39,0,39,low_activity,0.731,3785,588,4373,ok_volume,0,0,0,7822,1466,9288
1769880791,60,39,0,37,0,37,low_activity,0,37,0,37,low_activity,0.733,3822,588,4410,ok_volume,44,0,44,7866,1466,9332
1769880792,60,39,0,122,0,122,low_activity,0,122,0,122,low_activity,0.738,3907,588,4495,ok_volume,85,0,85,7951,1466,9417
1769880793,60,39,0,151,0,151,low_activity,0,151,0,151,low_activity,0.74,3936,588,4524,ok_volume,0,0,0,7980,1466,9446
1769880794,60,39,0,175,0,175,low_activity,0,212,0,212,low_total_volume,0.744,3997,588,4585,ok_volume,61,0,61,8041,1466,9507
1769880795,60,39,0,71,0,71,low_activity,0,222,0,222,low_total_volume,0.744,4007,588,4595,ok_volume,17,0,17,8058,1466,9524
1769880796,60,39,0,191,0,191,low_activity,1.0,305,0,305,ok_volume,0.742,3971,588,4559,ok_volume,120,0,120,8177,1466,9643
1769880797,60,39,0,150,0,150,low_activity,0,211,0,211,low_activity,0.741,3960,588,4548,ok_volume,20,0,20,8197,1466,9663
1769880798,61,34,-0.218,319,497,816,ok_volume,-0.121,390,497,887,ok_volume,0.535,3581,1085,4666,ok_volume,179,0,179,8368,1966,10334
1769880799,62,35,0,199,497,696,low_activity,-0.203,329,497,826,ok_volume,0.756,3581,497,4078,ok_volume,0,0,0,8060,1254,9314
1769880800,62,37,0,638,0,638,low_activity,0.22,778,497,1275,ok_volume,0.781,4040,497,4537,ok_volume,467,0,467,8527,1254,9781
1769880801,62,37,0,459,33,492,low_activity,0.108,658,530,1188,ok_volume,0.768,4040,530,4570,ok_volume,0,0,0,8527,1287,9814
1769880802,62,37,0.905,659,33,692,ok_volume,0.924,838,33,871,ok_volume,0.778,4240,530,4770,ok_volume,200,0,200,8727,1287,10014
1769880803,61,37,0,200,0,200,low_activity,0.905,659,33,692,ok_volume,0.778,4240,530,4770,ok_volume,0,0,0,8687,1287,9974
1769880804,61,37,0,407,0,407,low_activity,0.927,866,33,899,ok_volume,0.787,4447,530,4977,ok_volume,207,0,207,8894,1287,10181
1769880805,61,37,0,207,0,207,low_activity,0,407,0,407,low_activity,0.787,4447,530,4977,ok_volume,0,0,0,8894,1287,10181
1769880806,61,37,0,514,0,514,low_activity,0,714,0,714,low_activity,0.799,4754,530,5284,ok_volume,307,0,307,9201,1287,10488
1769880807,61,38,0,307,0,307,low_activity,0,514,0,514,low_activity,0.795,4631,530,5161,ok_volume,0,0,0,9201,1287,10488
1769880808,61,38,0,307,0,307,low_activity,0,514,0,514,low_activity,0.596,2094,530,2624,ok_volume,0,0,0,9201,1287,10488
1769880809,61,38,0,39,0,39,low_activity,0,346,0,346,low_activity,0.602,2133,530,2663,ok_volume,39,0,39,9240,1286,10526
1769880810,61,38,0,407,0,407,low_activity,1.0,714,0,714,ok_volume,0.65,2501,530,3031,ok_volume,322,0,322,8608,1286,9894
1769880811,61,38,0,407,0,407,low_activity,0,407,0,407,low_activity,0.642,2427,530,2957,ok_volume,0,0,0,8414,1286,9700
1769880812,61,38,0,346,0,346,low_activity,1.0,431,0,431,ok_volume,0.644,2451,530,2981,ok_volume,24,0,24,8438,1286,9724
1769880813,61,38,0,24,0,24,low_activity,1.0,431,0,431,ok_volume,0.644,2451,530,2981,ok_volume,0,0,0,8438,1286,9724
1769880814,61,38,0,24,0,24,low_activity,0,346,0,346,low_activity,0.643,2436,530,2966,ok_volume,0,0,0,8384,1123,9507
1769880815,61,38,0,0,0,0,no_volume,0,24,0,24,low_activity,0.609,2184,530,2714,ok_volume,0,0,0,8286,1123,9409
1769880816,61,38,0,0,0,0,no_volume,0,24,0,24,low_activity,0.604,2145,530,2675,ok_volume,0,0,0,6303,1123,7426
1769880817,61,38,0,45,0,45,low_activity,0,45,0,45,low_activity,0.61,2190,530,2720,ok_volume,45,0,45,6019,1123,7142
1769880818,61,38,0,45,0,45,low_activity,0,45,0,45,low_activity,0.61,2190,530,2720,ok_volume,0,0,0,6019,1123,7142
1769880819,61,38,0,45,0,45,low_activity,0,45,0,45,low_activity,0.61,2190,530,2720,ok_volume,0,0,0,6019,1123,7142
1769880820,61,38,0,0,0,0,no_volume,0,45,0,45,low_activity,0.61,2190,530,2720,ok_volume,0,0,0,6019,1123,7142
1769880821,61,38,0,0,0,0,no_volume,0,45,0,45,low_activity,0.605,2153,530,2683,ok_volume,0,0,0,6017,1123,7140
1769880822,61,38,0,769,0,769,low_activity,0,769,0,769,low_activity,0.682,2808,530,3338,ok_volume,769,0,769,6786,1123,7909
1769880823,61,38,0,808,0,808,low_activity,0,808,0,808,low_activity,0.686,2847,530,3377,ok_volume,39,0,39,6825,1123,7948
1769880824,61,38,0,808,0,808,low_activity,0,808,0,808,low_activity,0.68,2786,530,3316,ok_volume,0,0,0,6825,1123,7948
1769880825,61,38,0,195,0,195,low_activity,0,964,0,964,low_activity,0.694,2932,530,3462,ok_volume,0,0,0,6981,1123,8104
1769880826,61,38,0,156,0,156,low_activity,0,964,0,964,low_activity,0.683,2812,530,3342,ok_volume,7,0,7,6832,1123,7955
1769880827,61,38,0,479,0,479,low_activity,0,674,0,674,low_activity,0.98,3271,33,3304,ok_volume,479,0,479,7280,1123,8403
1769880828,61,38,0,636,0,636,low_activity,0,792,0,792,low_activity,0.98,3249,33,3282,ok_volume,157,0,157,6873,1123,7996
1769880829,61,38,0,636,0,636,low_activity,0,636,0,636,low_activity,0.98,3249,33,3282,ok_volume,0,0,0,6873,535,7408
1769880830,61,38,0,172,0,172,low_activity,0,651,0,651,low_activity,1.0,2805,0,2805,ok_volume,15,0,15,6888,535,7423
1769880831,61,38,0,15,0,15,low_activity,0,651,0,651,low_activity,1.0,2805,0,2805,ok_volume,0,0,0,6888,535,7423
1769880832,61,38,0,30,0,30,low_activity,0,187,0,187,low_activity,1.0,2620,0,2620,ok_volume,27,0,27,6915,535,7450
1769880833,61,38,0,27,0,27,low_activity,0,42,0,42,low_activity,1.0,2632,0,2632,ok_volume,12,0,12,6927,533,7460
1769880834,61,38,0,202,0,202,low_activity,0,217,0,217,low_activity,1.0,2600,0,2600,ok_volume,0,0,0,7102,533,7635
1769880835,61,38,0,297,0,297,low_activity,0,312,0,312,low_activity,1.0,2710,0,2710,ok_volume,110,0,110,7210,533,7743
1769880836,61,38,0,110,0,110,low_activity,0,312,0,312,low_activity,1.0,2403,0,2403,ok_volume,2,0,2,7212,533,7745
1769880837,61,38,0,120,0,120,low_activity,0,307,0,307,low_activity,1.0,2413,0,2413,ok_volume,10,0,10,7099,533,7632
1769880838,61,38,0,10,0,10,low_activity,0,120,0,120,low_activity,1.0,2413,0,2413,ok_volume,0,0,0,4562,533,5095
1769880839,61,38,0,10,0,10,low_activity,0,120,0,120,low_activity,1.0,2328,0,2328,ok_volume,3,0,3,4560,533,5093
1769880840,61,38,0,500,0,500,low_activity,0,510,0,510,low_activity,1.0,2506,0,2506,ok_volume,500,0,500,5060,533,5593
1769880841,61,38,0,500,0,500,low_activity,0,510,0,510,low_activity,1.0,2506,0,2506,ok_volume,0,0,0,4986,533,5519
1769880842,61,38,0,500,0,500,low_activity,0,500,0,500,low_activity,1.0,2482,0,2482,ok_volume,0,0,0,4986,533,5519
1769880843,61,38,0,0,0,0,no_volume,0,500,0,500,low_activity,1.0,2482,0,2482,ok_volume,0,0,0,4986,533,5519
1769880844,60,39,0,0,27,27,low_activity,0,500,27,527,low_activity,0.978,2482,27,2509,ok_volume,0,27,27,4971,560,5531
1769880845,60,39,0,0,27,27,low_activity,0,0,27,27,low_activity,0.978,2482,27,2509,ok_volume,7,0,7,4726,560,5286
1769880846,60,39,0,0,27,27,low_activity,0,0,27,27,low_activity,0.978,2482,27,2509,ok_volume,0,0,0,4680,560,5240
1769880847,60,39,0,23,0,23,low_activity,0,23,27,50,low_activity,0.978,2460,27,2487,ok_volume,23,0,23,4703,560,5263
1769880848,60,39,0,96,0,96,low_activity,0,96,27,123,low_activity,0.979,2533,27,2560,ok_volume,73,0,73,4783,560,5343
1769880849,60,39,0,126,0,126,low_activity,0,126,0,126,low_activity,0.979,2563,27,2590,ok_volume,30,0,30,4813,560,5373
1769880850,60,39,0,241,0,241,low_activity,0,264,0,264,low_total_volume,0.98,2701,27,2728,ok_volume,139,0,139,4952,560,5512
1769880851,60,39,0,168,0,168,low_activity,0,264,0,264,low_total_volume,0.98,2701,27,2728,ok_volume,0,0,0,4908,560,5468
1769880852,60,39,0,582,0,582,low_activity,1.0,685,0,685,ok_volume,0.978,2376,27,2403,ok_volume,288,0,288,5241,560,5801
1769880853,58,39,0,444,10,454,low_activity,0.968,612,10,622,ok_volume,0.969,2337,37,2374,ok_volume,0,10,10,5241,570,5811
1769880854,58,40,0,285,10,295,low_activity,0.966,582,10,592,ok_volume,0.967,2181,37,2218,ok_volume,0,0,0,5180,570,5750
1769880855,58,40,0,15,10,25,low_activity,0,459,10,469,low_activity,0.967,2196,37,2233,ok_volume,15,0,15,5178,570,5748
1769880856,58,40,0,131,0,131,low_activity,0.953,416,10,426,ok_volume,0.968,2312,37,2349,ok_volume,117,0,117,5175,570,5745
1769880857,58,40,0,131,0,131,low_activity,0,131,10,141,low_activity,0.96,1833,37,1870,ok_volume,0,0,0,5155,70,5225
1769880858,59,40,0,116,0,116,low_activity,0,131,0,131,low_activity,0.957,1676,37,1713,ok_volume,0,0,0,4976,70,5046
1769880859,58,40,0,0,0,0,no_volume,0,131,0,131,low_activity,0.957,1676,37,1713,ok_volume,0,0,0,4976,70,5046
1769880860,58,40,0,0,0,0,low_activity,0,116,0,116,low_activity,0.956,1661,37,1698,ok_volume,1,0,1,4510,37,4547
1769880861,58,40,0,0,0,0,low_activity,0,0,0,0,low_activity,0.956,1661,37,1698,ok_volume,1,0,1,4511,37,4548
1769880862,58,40,0,217,0,217,low_activity,0,217,0,217,low_activity,0.961,1863,37,1900,ok_volume,225,0,225,4536,37,4573
1769880863,59,40,0,317,0,317,low_activity,0,317,0,317,low_activity,0.959,1776,37,1813,ok_volume,100,0,100,4636,37,4673
1769880864,59,40,0,317,0,317,low_activity,0,317,0,317,low_activity,0.959,1776,37,1813,ok_volume,0,0,0,4429,37,4466
1769880865,59,40,0,100,0,100,low_activity,0,317,0,317,low_activity,0.957,1666,37,1703,ok_volume,0,0,0,4429,37,4466
1769880866,59,40,0,0,0,0,low_activity,0,317,0,317,low_activity,0.957,1666,37,1703,ok_volume,0,0,0,4130,37,4167
1769880867,60,39,0,0,0,0,low_activity,0,100,0,100,low_activity,0.956,1656,37,1693,ok_volume,0,0,0,4130,37,4167
1769880868,60,38,0,0,0,0,no_volume,0,0,0,0,low_activity,0.956,1656,37,1693,ok_volume,0,0,0,4130,37,4167
1769880869,60,38,0,0,0,0,no_volume,0,0,0,0,low_activity,0.956,1656,37,1693,ok_volume,0,0,0,4045,37,4082
1769880870,60,38,0,0,0,0,no_volume,0,0,0,0,no_volume,0.938,1156,37,1193,ok_volume,0,0,0,3723,37,3760
1769880871,60,39,0,263,0,263,low_activity,0,263,0,263,low_activity,0.949,1419,37,1456,ok_volume,263,0,263,3986,37,4023
1769880872,60,38,0,263,0,263,low_activity,0,263,0,263,low_activity,0.949,1419,37,1456,ok_volume,0,0,0,3962,37,3999
1769880873,60,38,0,263,0,263,low_activity,0,263,0,263,low_activity,0.949,1419,37,1456,ok_volume,0,0,0,3962,37,3999
1769880874,60,38,0,1179,0,1179,low_activity,0,1442,0,1442,low_activity,0.992,2598,10,2608,ok_volume,1195,0,1195,5157,37,5194
1769880875,60,38,0,1179,0,1179,low_activity,0,1442,0,1442,low_activity,0.992,2598,10,2608,ok_volume,0,0,0,5157,37,5194
1769880876,60,38,0,1217,0,1217,low_activity,0,1217,0,1217,low_activity,0.992,2636,10,2646,ok_volume,38,0,38,5195,37,5232
1769880877,60,38,0,38,0,38,low_activity,0,1217,0,1217,low_activity,0.992,2613,10,2623,ok_volume,0,0,0,5150,37,5187
1769880878,60,38,0,38,0,38,low_activity,0,1217,0,1217,low_activity,0.992,2540,10,2550,ok_volume,0,0,0,5150,37,5187
1769880879,60,38,0,0,0,0,no_volume,0,38,0,38,low_activity,0.992,2510,10,2520,ok_volume,0,0,0,5150,37,5187
1769880880,60,38,0,157,0,157,low_activity,0,195,0,195,low_activity,0.992,2529,10,2539,ok_volume,157,0,157,5307,37,5344
1769880881,60,38,0,302,0,302,low_activity,0,302,0,302,low_activity,0.992,2515,10,2525,ok_volume,154,0,154,5461,37,5498
1769880882,60,38,0,302,0,302,low_activity,0,302,0,302,low_activity,0.991,2230,10,2240,ok_volume,0,2,2,4692,39,4731
1769880883,60,38,0,176,0,176,low_activity,0,333,0,333,low_activity,1.0,2261,0,2261,ok_volume,31,0,31,4684,39,4723
1769880884,60,38,0,31,0,31,low_activity,0,333,0,333,low_activity,1.0,2261,0,2261,ok_volume,0,0,0,4528,39,4567
1769880885,60,38,0,131,0,131,low_activity,0,276,0,276,low_activity,1.0,2346,0,2346,ok_volume,100,0,100,4628,39,4667
1769880886,62,36,0,100,0,100,low_activity,0,131,0,131,low_activity,1.0,2230,0,2230,ok_volume,0,0,0,4621,39,4660
1769880887,63,36,0,100,0,100,low_activity,0,131,0,131,low_activity,1.0,2230,0,2230,ok_volume,0,0,0,4142,39,4181
1769880888,63,35,0,0,0,0,no_volume,0,100,0,100,low_activity,1.0,2230,0,2230,ok_volume,0,0,0,3985,39,4024
1769880889,64,34,0,0,0,0,no_volume,0,100,0,100,low_activity,1.0,2230,0,2230,ok_volume,0,0,0,3985,39,4024
1769880890,64,35,0,0,0,0,no_volume,0,0,0,0,no_volume,1.0,2230,0,2230,ok_volume,0,0,0,3970,39,4009
1769880891,64,35,0,0,0,0,low_activity,0,0,0,0,low_activity,1.0,2230,0,2230,ok_volume,0,9,9,3970,48,4018
1769880892,64,35,0,0,0,0,low_activity,0,0,0,0,low_activity,1.0,2013,0,2013,ok_volume,0,0,0,3943,48,3991
1769880893,64,34,0,37,0,37,low_activity,0,37,0,37,low_activity,1.0,1950,0,1950,ok_volume,38,0,38,3794,48,3842
1769880894,64,35,0,37,0,37,low_activity,0,37,0,37,low_activity,1.0,1950,0,1950,ok_volume,0,0,0,3794,48,3842
1769880895,64,35,0,37,0,37,low_activity,0,37,0,37,low_activity,1.0,1950,0,1950,ok_volume,0,0,0,3684,48,3732
1769880896,64,35,0,0,0,0,no_volume,0,37,0,37,low_activity,1.0,1950,0,1950,ok_volume,0,0,0,3682,48,3730
1769880897,64,35,0,0,0,0,no_volume,0,37,0,37,low_activity,1.0,1950,0,1950,ok_volume,0,0,0,3672,48,3720
1769880898,64,35,0,0,0,0,no_volume,0,0,0,0,no_volume,1.0,1950,0,1950,ok_volume,0,0,0,3672,48,3720
1769880899,64,35,0,0,0,0,no_volume,0,0,0,0,no_volume,1.0,1950,0,1950,ok_volume,0,0,0,3669,48,3717
1769880900,64,35,0,102,0,102,low_activity,0,102,0,102,low_activity,1.0,2052,0,2052,ok_volume,102,0,102,3271,48,3319
1769880901,64,35,0,930,0,930,low_activity,0,930,0,930,low_activity,1.0,2617,0,2617,ok_volume,828,0,828,4099,48,4147
1769880902,64,35,0,930,0,930,low_activity,0,930,0,930,low_activity,1.0,2617,0,2617,ok_volume,0,0,0,4099,48,4147
1769880903,64,35,0,868,0,868,low_activity,0,970,0,970,low_activity,1.0,2657,0,2657,ok_volume,40,0,40,4139,48,4187
1769880904,64,35,0,40,0,40,low_activity,0,970,0,970,low_activity,1.0,1478,0,1478,ok_volume,1,0,1,4140,21,4161
1769880905,64,35,0,40,0,40,low_activity,0,868,0,868,low_activity,1.0,1478,0,1478,ok_volume,0,0,0,4133,21,4154
1769880906,62,35,0,104,0,104,low_activity,0,144,0,144,low_activity,1.0,1544,0,1544,ok_volume,104,0,104,4237,21,4258
1769880907,63,36,0,317,0,317,low_activity,1.0,357,0,357,ok_volume,1.0,1757,0,1757,ok_volume,213,0,213,4420,38,4458
1769880908,62,36,1.0,337,0,337,ok_volume,1.0,337,0,337,ok_volume,1.0,1777,0,1777,ok_volume,34,0,34,4381,38,4419
1769880909,63,35,0,519,0,519,low_activity,1.0,623,0,623,ok_volume,1.0,2063,0,2063,ok_volume,286,0,286,4637,38,4675
1769880910,63,36,0,692,0,692,low_activity,1.0,1009,0,1009,ok_volume,1.0,2292,0,2292,ok_volume,386,0,386,4884,38,4922
1769880911,63,35,1.0,2230,0,2230,ok_volume,1.0,2463,0,2463,ok_volume,1.0,3705,0,3705,ok_volume,1559,0,1559,6284,38,6322
1769880912,63,35,1.0,1944,0,1944,ok_volume,1.0,2250,0,2250,ok_volume,1.0,3705,0,3705,ok_volume,1,0,1,5997,38,6035
1769880913,63,35,0,1558,0,1558,low_activity,1.0,2230,0,2230,ok_volume,1.0,3674,0,3674,ok_volume,0,0,0,5997,28,6025
1769880914,63,35,0,30,0,30,low_activity,1.0,1974,0,1974,ok_volume,1.0,3704,0,3704,ok_volume,30,0,30,6027,28,6055
1769880915,63,35,0,255,0,255,low_activity,1.0,1813,0,1813,ok_volume,1.0,3829,0,3829,ok_volume,225,0,225,6237,28,6265
1769880916,63,35,0,4159,0,4159,low_activity,0,4159,0,4159,low_activity,1.0,7733,0,7733,ok_volume,3904,0,3904,10027,28,10055
1769880917,63,35,1.0,4241,0,4241,ok_volume,1.0,4271,0,4271,ok_volume,1.0,7845,0,7845,ok_volume,119,0,119,10146,28,10174
1769880918,63,35,1.0,4228,0,4228,ok_volume,1.0,4483,0,4483,ok_volume,1.0,8057,0,8057,ok_volume,137,0,137,10358,28,10386
1769880919,63,35,1.0,441,0,441,ok_volume,1.0,4570,0,4570,ok_volume,1.0,8174,0,8174,ok_volume,117,0,117,10475,28,10503
1769880920,63,35,0,254,0,254,low_activity,1.0,4345,0,4345,ok_volume,1.0,8174,0,8174,ok_volume,0,0,0,10474,28,10502
1769880921,63,35,0,1659,0,1659,low_activity,1.0,1983,0,1983,ok_volume,1.0,9716,0,9716,ok_volume,1549,0,1549,12022,28,12050
1769880922,63,35,0,1572,0,1572,low_activity,1.0,1826,0,1826,ok_volume,1.0,9746,0,9746,ok_volume,30,0,30,11827,28,11855
1769880923,63,35,0,1610,0,1610,low_activity,1.0,1727,0,1727,ok_volume,1.0,9747,0,9747,ok_volume,41,0,41,11768,28,11796
1769880924,63,35,0,179,0,179,low_activity,1.0,1721,0,1721,ok_volume,1.0,9858,0,9858,ok_volume,118,0,118,11886,28,11914
1769880925,63,35,0,149,0,149,low_activity,1.0,1721,0,1721,ok_volume,1.0,9858,0,9858,ok_volume,0,0,0,11878,28,11906
1769880926,63,35,0,111,0,111,low_activity,0,179,0,179,low_activity,1.0,9858,0,9858,ok_volume,4,0,4,11882,28,11910
1769880927,63,35,0,59,0,59,low_activity,0,208,0,208,low_activity,1.0,9917,0,9917,ok_volume,59,0,59,11941,28,11969
1769880928,63,35,0,59,0,59,low_activity,0,170,0,170,low_activity,1.0,9917,0,9917,ok_volume,0,0,0,11941,28,11969
1769880929,63,35,0,59,0,59,low_activity,0,59,0,59,low_activity,1.0,9917,0,9917,ok_volume,0,0,0,11941,28,11969
1769880930,64,35,0,180,0,180,low_activity,0,239,0,239,low_activity,1.0,9995,0,9995,ok_volume,185,0,185,12126,28,12154
1769880931,64,35,0,280,0,280,low_activity,1.0,339,0,339,ok_volume,1.0,9267,0,9267,ok_volume,100,0,100,11963,28,11991
1769880932,64,35,0,280,0,280,low_activity,0,280,0,280,low_activity,1.0,9267,0,9267,ok_volume,0,0,0,11963,28,11991
1769880933,63,36,0,100,10,110,low_activity,0,280,10,290,low_total_volume,0.998,9227,10,9237,ok_volume,0,10,10,11963,38,12001
1769880934,63,36,0,1492,10,1502,low_activity,0.989,1772,10,1782,ok_volume,0.998,10719,10,10729,ok_volume,1492,0,1492,12260,38,12298
1769880935,63,36,0,1723,10,1733,low_activity,0.989,1823,10,1833,ok_volume,0.998,10950,10,10960,ok_volume,231,0,231,12491,38,12529
1769880936,63,36,0,1723,0,1723,low_activity,0,1723,10,1733,low_activity,0.998,10846,10,10856,ok_volume,0,0,0,12453,38,12491
1769880937,62,36,0,291,0,291,low_activity,0,1783,10,1793,low_activity,0.998,10693,10,10703,ok_volume,63,0,63,12516,38,12554
1769880938,62,36,0,91,0,91,low_activity,0,1814,0,1814,low_activity,0.998,10704,10,10714,ok_volume,34,0,34,12550,38,12588
1769880939,62,36,0,91,0,91,low_activity,0,322,0,322,low_activity,0.998,10418,10,10428,ok_volume,0,0,0,12550,38,12588
1769880940,62,36,0,97,0,97,low_activity,0,157,0,157,low_activity,0.998,10098,10,10108,ok_volume,66,0,66,12459,38,12497
1769880941,63,36,1.0,5000,0,5000,ok_volume,1.0,5091,0,5091,ok_volume,0.999,13474,10,13484,ok_volume,1191,0,1191,17246,38,17284
1769880942,62,36,1.0,5000,0,5000,ok_volume,1.0,5031,0,5031,ok_volume,0.999,13474,10,13484,ok_volume,0,6,6,17246,42,17288
1769880943,63,36,1.0,1537,0,1537,ok_volume,1.0,5353,0,5353,ok_volume,0.999,13827,10,13837,ok_volume,353,0,353,17568,42,17610
1769880944,62,37,0,353,0,353,low_activity,1.0,5353,0,5353,ok_volume,0.999,13797,10,13807,ok_volume,0,0,0,17568,42,17610
1769880945,62,37,0,353,0,353,low_activity,1.0,1537,0,1537,ok_volume,0.999,13572,10,13582,ok_volume,0,0,0,17468,42,17510
1769880946,62,37,0,60,0,60,low_activity,1.0,413,0,413,ok_volume,0.998,9728,10,9738,ok_volume,23,0,23,17531,42,17573
1769880947,62,37,0,90,0,90,low_activity,1.0,443,0,443,ok_volume,0.998,9571,10,9581,ok_volume,33,0,33,17564,42,17606
1769880948,62,37,0,53,0,53,low_activity,0,90,0,90,low_activity,0.998,9434,10,9444,ok_volume,0,0,0,17564,42,17606
1769880949,62,37,0,184,0,184,low_activity,0,244,0,244,low_activity,0.998,9471,10,9481,ok_volume,154,0,154,17718,42,17760
1769880950,62,37,0,187,0,187,low_activity,0,240,0,240,low_total_volume,0.998,9504,10,9514,ok_volume,44,0,44,17762,42,17804
1769880951,62,37,0,187,0,187,low_activity,0,217,0,217,low_activity,0.997,7962,10,7972,ok_volume,0,0,0,17762,33,17795
1769880952,62,37,0,33,0,33,low_activity,0,187,0,187,low_activity,0.997,7932,10,7942,ok_volume,0,0,0,17762,33,17795
1769880953,62,36,0,100,0,100,low_activity,0,287,0,287,low_total_volume,0.998,7994,10,8004,ok_volume,100,0,100,17824,33,17857
1769880954,61,37,0,100,0,100,low_activity,0,133,0,133,low_activity,0.997,7883,10,7893,ok_volume,0,0,0,17824,33,17857
1769880955,62,37,0,100,0,100,low_activity,0,100,0,100,low_activity,0.997,7883,10,7893,ok_volume,0,0,0,17824,33,17857
1769880956,62,36,0,148,0,148,low_activity,0,248,0,248,low_activity,0.998,8031,10,8041,ok_volume,176,0,176,18000,33,18033
1769880957,61,37,0,148,0,148,low_activity,0,248,0,248,low_activity,0.997,7972,10,7982,ok_volume,0,0,0,18000,33,18033
1769880958,62,36,0,148,0,148,low_activity,0,148,0,148,low_activity,0.997,7972,10,7982,ok_volume,0,0,0,18000,33,18033
1769880959,62,36,0,59,0,59,low_activity,0,207,0,207,low_activity,0.998,8031,10,8041,ok_volume,29,0,29,18059,33,18092
1769880960,61,36,0,134,0,134,low_activity,0,282,0,282,low_total_volume,0.997,7926,10,7936,ok_volume,75,0,75,18032,33,18065
1769880961,62,36,1.0,542,0,542,ok_volume,1.0,572,0,572,ok_volume,0.998,8264,10,8274,ok_volume,438,0,438,17642,33,17675
1769880962,62,36,0,513,0,513,low_activity,1.0,572,0,572,ok_volume,0.998,8264,10,8274,ok_volume,0,0,0,17642,33,17675
1769880963,63,36,0,438,0,438,low_activity,1.0,542,0,542,ok_volume,1.0,8264,0,8264,ok_volume,0,0,0,17602,33,17635
1769880964,62,36,0,0,72,72,low_activity,0.754,513,72,585,ok_volume,0.979,6772,72,6844,ok_volume,0,72,72,17601,105,17706
1769880965,62,36,0,0,72,72,low_activity,0,438,72,510,low_activity,0.978,6541,72,6613,ok_volume,0,0,0,17601,105,17706
1769880966,62,36,0,264,72,336,low_activity,0,264,72,336,low_activity,0.979,6805,72,6877,ok_volume,98,0,98,17761,88,17849
1769880967,62,36,0,264,0,264,low_activity,0,264,72,336,low_activity,0.979,6745,72,6817,ok_volume,0,0,0,17548,88,17636
1769880968,62,36,0,113,0,113,low_activity,0.59,279,72,351,ok_volume,0.979,6729,72,6801,ok_volume,15,0,15,17529,88,17617
1769880969,62,36,0,15,0,15,low_activity,0,279,0,279,low_activity,0.979,6729,72,6801,ok_volume,1,0,1,17244,88,17332
1769880970,62,36,0,15,0,15,low_activity,0,113,0,113,low_activity,0.952,2913,72,2985,ok_volume,0,0,0,16858,88,16946
1769880971,62,36,0,68,0,68,low_activity,0,83,0,83,low_activity,0.923,1797,72,1869,ok_volume,68,0,68,15367,88,15455
1769880972,62,36,0,68,0,68,low_activity,0,83,0,83,low_activity,0.923,1797,72,1869,ok_volume,0,0,0,15366,88,15454
1769880973,62,36,0,68,0,68,low_activity,0,68,0,68,low_activity,0.905,1444,72,1516,ok_volume,0,0,0,15366,88,15454
1769880974,63,36,0,25,2343,2368,low_activity,-0.924,93,2343,2436,ok_volume,-0.244,1469,2415,3884,ok_volume,25,2343,2368,15361,2431,17792
1769880975,63,36,0,25,2358,2383,low_activity,-0.924,93,2358,2451,ok_volume,-0.258,1432,2430,3862,ok_volume,7,15,22,15140,2446,17586
1769880976,63,36,0,25,2358,2383,low_activity,0,25,2358,2383,low_activity,-0.266,1409,2430,3839,ok_volume,0,0,0,11236,2446,13682
1769880977,63,36,0,0,15,15,low_activity,0,25,2358,2383,low_activity,-0.276,1379,2430,3809,ok_volume,0,0,0,11042,2446,13488
1769880978,63,36,0,83,0,83,low_activity,-0.912,108,2358,2466,ok_volume,-0.249,1462,2430,3892,ok_volume,84,0,84,10989,2446,13435
1769880979,63,35,0,83,0,83,low_activity,0,83,15,98,low_activity,-0.3,1308,2430,3738,ok_volume,0,0,0,10872,2446,13318
1769880980,63,35,0,83,0,83,low_activity,0,83,0,83,low_activity,-0.312,1275,2430,3705,ok_volume,0,0,0,10872,2446,13318
1769880981,63,36,0,0,0,0,no_volume,0,83,0,83,low_activity,-0.312,1275,2430,3705,ok_volume,0,0,0,9323,2446,11769
1769880982,64,35,0,0,0,0,no_volume,0,83,0,83,low_activity,-0.312,1275,2430,3705,ok_volume,0,0,0,9293,2446,11739
1769880983,64,35,0,0,0,0,low_activity,0,0,0,0,low_activity,-0.348,1175,2430,3605,ok_volume,0,0,0,9253,2446,11699
1769880984,64,35,0,340,0,340,low_activity,0,340,0,340,low_activity,-0.232,1515,2430,3945,ok_volume,340,0,340,9475,2446,11921
1769880985,64,35,0,340,0,340,low_activity,0,340,0,340,low_activity,-0.232,1515,2430,3945,ok_volume,0,0,0,9475,2446,11921
1769880986,64,35,0,340,0,340,low_activity,0,340,0,340,low_activity,-0.28,1367,2430,3797,ok_volume,1,0,1,9472,2446,11918
1769880987,64,35,0,0,0,0,low_activity,0,340,0,340,low_activity,-0.28,1367,2430,3797,ok_volume,0,0,0,9413,2446,11859
1769880988,63,36,0,0,2789,2789,low_activity,-0.783,340,2789,3129,ok_volume,-0.592,1337,5219,6556,ok_volume,0,2791,2791,9413,5237,14650
1769880989,63,34,0,0,2789,2789,low_activity,0,0,2789,2789,low_activity,-0.599,1308,5219,6527,ok_volume,1,0,1,9414,5237,14651
1769880990,63,34,0,0,2789,2789,low_activity,0,0,2789,2789,low_activity,-0.618,1233,5219,6452,ok_volume,0,0,0,9229,5237,14466
1769880991,63,35,0,0,0,0,low_activity,0,0,2789,2789,low_activity,-0.736,795,5219,6014,ok_volume,0,0,0,9129,5237,14366
1769880992,61,36,0,0,0,0,no_volume,0,0,2789,2789,low_activity,-0.736,795,5219,6014,ok_volume,0,0,0,9129,5237,14366
1769880993,62,37,0,0,0,0,low_activity,0,0,0,0,low_activity,-0.736,795,5219,6014,ok_volume,3,0,3,9132,5227,14359
1769880994,62,37,0,112,0,112,low_activity,0,112,0,112,low_activity,-0.7,907,5147,6054,ok_volume,113,0,113,7753,5227,12980
1769880995,62,37,1.0,313,0,313,ok_volume,1.0,313,0,313,ok_volume,-0.691,942,5147,6089,ok_volume,201,0,201,7723,5227,12950
1769880996,62,37,1.0,776,0,776,ok_volume,1.0,776,0,776,ok_volume,-0.595,1307,5147,6454,ok_volume,464,0,464,8194,5227,13421
1769880997,61,38,1.0,664,0,664,ok_volume,1.0,776,0,776,ok_volume,-0.595,1307,5147,6454,ok_volume,0,0,0,8131,5227,13358
1769880998,61,36,0,488,0,488,low_activity,1.0,801,0,801,ok_volume,-0.593,1317,5147,6464,ok_volume,11,0,11,8122,5227,13349
1769880999,61,38,0,25,0,25,low_activity,1.0,689,0,689,ok_volume,-0.593,1317,5147,6464,ok_volume,0,0,0,8122,5227,13349
1769881000,61,38,0,11,0,11,low_activity,0,488,0,488,low_activity,-0.593,1317,5147,6464,ok_volume,0,0,0,4306,5227,9533
1769881001,61,38,0,0,0,0,no_volume,0,25,0,25,low_activity,-0.609,1249,5147,6396,ok_volume,0,0,0,3115,5227,8342
1769881002,61,38,0,0,0,0,no_volume,0,11,0,11,low_activity,-0.609,1249,5147,6396,ok_volume,0,0,0,3115,5221,8336
1769881003,61,38,0,93,0,93,low_activity,0,93,0,93,low_activity,-0.586,1342,5147,6489,ok_volume,93,0,93,2855,5221,8076
1769881004,61,38,0,108,0,108,low_activity,0,108,0,108,low_activity,-0.356,1332,2804,4136,ok_volume,15,0,15,2870,5221,8091
1769881005,61,38,0,108,16,124,low_activity,0,108,16,124,low_activity,-0.356,1332,2805,4137,ok_volume,0,0,0,2830,5237,8067
1769881006,61,37,0,168,16,184,low_activity,0,261,16,277,low_total_volume,-0.308,1485,2805,4290,ok_volume,153,0,153,2960,5237,8197
1769881007,61,37,0,153,0,153,low_activity,0,261,16,277,low_total_volume,-0.308,1485,2805,4290,ok_volume,0,0,0,2927,5237,8164
1769881008,62,37,0,153,0,153,low_activity,0,168,16,184,low_activity,-0.333,1402,2805,4207,ok_volume,0,0,0,2927,5237,8164
1769881009,63,36,0,0,0,0,no_volume,0,153,0,153,low_activity,-0.333,1402,2805,4207,ok_volume,0,0,0,2773,5237,8010
1769881010,63,36,0,0,0,0,no_volume,0,153,0,153,low_activity,-0.333,1402,2805,4207,ok_volume,0,0,0,2729,5237,7966
1769881011,63,34,0,73,15,88,low_activity,0,73,15,88,low_activity,-0.313,1475,2820,4295,ok_volume,73,15,88,2802,5252,8054
1769881012,62,35,0,73,15,88,low_activity,0,73,15,88,low_activity,-0.313,1475,2820,4295,ok_volume,0,0,0,2802,5252,8054
1769881013,63,35,0,885,15,900,low_activity,0,885,15,900,low_activity,-0.104,2287,2820,5107,ok_volume,812,0,812,3514,5252,8766
1769881014,63,35,0,856,0,856,low_activity,0.968,929,15,944,ok_volume,-0.172,1991,2820,4811,ok_volume,44,0,44,3558,5252,8810
1769881015,63,35,0,856,0,856,low_activity,0.968,929,15,944,ok_volume,-0.172,1991,2820,4811,ok_volume,0,0,0,3558,5252,8810
1769881016,62,34,0,117,0,117,low_activity,1.0,929,0,929,ok_volume,-0.155,2064,2820,4884,ok_volume,73,0,73,3455,5252,8707
1769881017,64,35,0,73,0,73,low_activity,1.0,929,0,929,ok_volume,-0.155,2064,2820,4884,ok_volume,0,0,0,3455,5252,8707
1769881018,64,35,0,103,0,103,low_activity,0,147,0,147,low_activity,0.971,2094,31,2125,ok_volume,30,0,30,3455,5252,8707
1769881019,62,35,0,30,0,30,low_activity,0,103,0,103,low_activity,0.971,2094,31,2125,ok_volume,0,0,0,3426,5252,8678
1769881020,63,35,0,30,0,30,low_activity,0,103,0,103,low_activity,0.971,2094,31,2125,ok_volume,0,0,0,3351,5252,8603
1769881021,64,34,0,298,0,298,low_activity,0,328,0,328,low_activity,0.974,2392,31,2423,ok_volume,298,0,298,3211,5252,8463
1769881022,64,34,0,327,0,327,low_activity,1.0,357,0,357,ok_volume,0.975,2421,31,2452,ok_volume,29,0,29,3240,5252,8492
1769881023,64,34,1.0,382,0,382,ok_volume,1.0,382,0,382,ok_volume,0.975,2476,31,2507,ok_volume,55,0,55,3295,5252,8547
1769881024,63,34,0,84,0,84,low_activity,1.0,382,0,382,ok_volume,0.974,2364,31,2395,ok_volume,0,0,0,3295,5180,8475
1769881025,64,34,0,55,0,55,low_activity,1.0,382,0,382,ok_volume,0.972,2163,31,2194,ok_volume,0,0,0,3129,5180,8309
1769881026,63,35,0,0,0,0,no_volume,0,84,0,84,low_activity,0.964,1700,31,1731,ok_volume,0,0,0,3031,5180,8211
1769881027,63,35,0,362,0,362,low_activity,0,417,0,417,low_activity,0.97,2048,31,2079,ok_volume,362,0,362,3393,5180,8573
1769881028,64,35,0,362,0,362,low_activity,0,362,0,362,low_activity,0.97,2037,31,2068,ok_volume,0,0,0,3378,5180,8558
1769881029,64,35,0,436,0,436,low_activity,0,436,0,436,low_activity,0.971,2111,31,2142,ok_volume,75,0,75,3452,5180,8632
1769881030,64,35,0,74,0,74,low_activity,0,436,0,436,low_activity,0.971,2111,31,2142,ok_volume,0,0,0,3452,5180,8632
1769881031,64,34,0,74,0,74,low_activity,0,436,0,436,low_activity,0.971,2111,31,2142,ok_volume,0,0,0,3384,5180,8564
1769881032,63,34,0,218,0,218,low_activity,0,292,0,292,low_activity,0.974,2329,31,2360,ok_volume,219,0,219,3603,5180,8783
1769881033,63,35,0,218,0,218,low_activity,0,292,0,292,low_activity,0.973,2236,31,2267,ok_volume,0,0,0,3603,5180,8783
1769881034,64,35,0,218,0,218,low_activity,0,218,0,218,low_activity,0.987,2221,15,2236,ok_volume,0,0,0,3578,2837,6415
1769881035,63,35,0,100,0,100,low_activity,0,318,0,318,low_activity,0.987,2321,15,2336,ok_volume,0,0,0,3671,2822,6493
1769881036,63,35,0,100,0,100,low_activity,0,318,0,318,low_activity,0.986,2168,15,2183,ok_volume,0,0,0,3671,2822,6493
1769881037,63,36,0,0,0,0,low_activity,0,100,0,100,low_activity,0.986,2168,15,2183,ok_volume,1,0,1,3672,2822,6494
1769881038,63,34,0,0,0,0,low_activity,0,100,0,100,low_activity,0.986,2168,15,2183,ok_volume,0,0,0,3588,2822,6410
1769881039,63,34,0,221,0,221,low_activity,0,221,0,221,low_activity,0.988,2389,15,2404,ok_volume,221,0,221,3809,2822,6631
1769881040,63,35,0,221,0,221,low_activity,0,221,0,221,low_activity,0.988,2389,15,2404,ok_volume,0,0,0,3809,2822,6631
1769881041,63,35,0,221,0,221,low_activity,0,221,0,221,low_activity,1.0,2316,0,2316,ok_volume,1,0,1,3810,2822,6632
1769881042,63,34,0,343,0,343,low_activity,0,564,0,564,low_activity,1.0,2659,0,2659,ok_volume,343,0,343,4152,2822,6974
1769881043,63,34,0,358,0,358,low_activity,0,579,0,579,low_activity,1.0,1862,0,1862,ok_volume,22,0,22,4174,2822,6996
1769881044,63,35,0,387,0,387,low_activity,0,387,0,387,low_activity,1.0,1847,0,1847,ok_volume,29,0,29,3863,2822,6685
1769881045,63,35,0,44,0,44,low_activity,0,387,0,387,low_activity,1.0,1847,0,1847,ok_volume,0,0,0,3863,2822,6685
1769881046,63,35,0,44,47,91,low_activity,0.791,402,47,449,ok_volume,0.949,1789,47,1836,ok_volume,15,47,62,3877,2869,6746
1769881047,63,35,0,15,47,62,low_activity,0,59,47,106,low_activity,0.949,1789,47,1836,ok_volume,0,0,0,3877,2869,6746
1769881048,63,35,0,60,47,107,low_activity,0,89,47,136,low_total_volume,0.949,1804,47,1851,ok_volume,46,0,46,3923,78,4001
1769881049,63,35,0,45,0,45,low_activity,0,60,47,107,low_activity,0.949,1804,47,1851,ok_volume,0,0,0,3922,78,4000
1769881050,63,35,0,75,0,75,low_activity,0,90,47,137,low_total_volume,0.95,1834,47,1881,ok_volume,31,0,31,3953,78,4031
1769881051,63,35,0,30,0,30,low_activity,0,75,0,75,low_activity,0.941,1536,47,1583,ok_volume,0,0,0,3953,78,4031
1769881052,63,35,0,30,0,30,low_activity,0,75,0,75,low_activity,0.94,1507,47,1554,ok_volume,0,0,0,3953,78,4031
1769881053,63,35,0,331,0,331,low_activity,0,361,0,361,low_activity,0.949,1783,47,1830,ok_volume,340,0,340,4290,78,4368
1769881054,63,35,0,331,0,331,low_activity,0,361,0,361,low_activity,0.949,1783,47,1830,ok_volume,1,0,1,4178,78,4256
1769881055,63,34,0,553,0,553,low_activity,0,553,0,553,low_activity,0.954,2005,47,2052,ok_volume,222,0,222,4192,78,4270
1769881056,63,35,0,262,0,262,low_activity,1.0,593,0,593,ok_volume,0.955,2045,47,2092,ok_volume,40,0,40,3768,78,3846
1769881057,63,34,0,289,0,289,low_activity,1.0,620,0,620,ok_volume,0.946,1710,47,1757,ok_volume,27,0,27,3781,78,3859
1769881058,63,35,0,703,0,703,low_activity,1.0,925,0,925,ok_volume,0.961,2346,47,2393,ok_volume,636,0,636,4406,78,4484
1769881059,63,35,0,663,0,663,low_activity,1.0,925,0,925,ok_volume,0.959,2272,47,2319,ok_volume,0,0,0,4406,78,4484
1769881060,62,36,0,651,0,651,low_activity,1.0,718,0,718,ok_volume,0.96,2287,47,2334,ok_volume,15,0,15,4421,78,4499
1769881061,63,35,0,15,0,15,low_activity,0,678,0,678,low_activity,0.96,2287,47,2334,ok_volume,0,0,0,4421,78,4499
1769881062,63,35,0,166,0,166,low_activity,0,802,0,802,low_activity,0.959,2220,47,2267,ok_volume,151,0,151,4572,78,4650
1769881063,63,36,0,151,0,151,low_activity,0,166,0,166,low_activity,0.959,2220,47,2267,ok_volume,0,0,0,4479,78,4557
1769881064,62,35,0,151,0,151,low_activity,0,166,0,166,low_activity,0.957,2120,47,2167,ok_volume,0,0,0,4464,62,4526
1769881065,63,35,0,0,0,0,no_volume,0,151,0,151,low_activity,0.957,2120,47,2167,ok_volume,0,0,0,4464,62,4526
1769881066,63,35,0,60,0,60,low_activity,0,211,0,211,low_activity,0.958,2180,47,2227,ok_volume,62,0,62,4373,62,4435
1769881067,63,35,0,60,0,60,low_activity,0,60,0,60,low_activity,0.958,2180,47,2227,ok_volume,0,0,0,4373,62,4435
1769881068,63,35,0,105,0,105,low_activity,0,105,0,105,low_activity,0.959,2225,47,2272,ok_volume,45,0,45,4418,62,4480
1769881069,63,35,0,424,0,424,low_activity,1.0,484,0,484,ok_volume,0.961,2383,47,2430,ok_volume,379,0,379,4797,62,4859
1769881070,63,35,0,424,23,447,low_activity,0.909,484,23,507,ok_volume,0.943,2383,70,2453,ok_volume,0,23,23,4797,85,4882
1769881071,63,35,0,453,23,476,low_activity,0.912,498,23,521,ok_volume,0.945,2457,70,2527,ok_volume,74,0,74,4798,70,4868
1769881072,63,35,0,74,23,97,low_activity,0.912,498,23,521,ok_volume,0.936,2114,70,2184,ok_volume,0,0,0,4798,70,4868
1769881073,62,35,0,132,0,132,low_activity,0.914,511,23,534,ok_volume,0.937,2157,70,2227,ok_volume,58,0,58,4044,70,4114
1769881074,63,35,0,58,0,58,low_activity,0,132,23,155,low_activity,0.936,2128,70,2198,ok_volume,0,0,0,4000,70,4070
1769881075,63,35,0,58,0,58,low_activity,0,132,0,132,low_activity,0.936,2128,70,2198,ok_volume,0,0,0,4000,70,4070
1769881076,64,35,0,0,0,0,no_volume,0,58,0,58,low_activity,0.978,2113,23,2136,ok_volume,0,0,0,3927,70,3997
1769881077,64,35,0,56,0,56,low_activity,0,114,0,114,low_activity,0.979,2169,23,2192,ok_volume,56,0,56,3983,70,4053
1769881078,64,35,0,331,0,331,low_activity,0,331,0,331,low_activity,0.981,2399,23,2422,ok_volume,281,0,281,4234,70,4304
1769881079,64,35,0,331,0,331,low_activity,0,331,0,331,low_activity,0.981,2399,23,2422,ok_volume,0,0,0,4234,70,4304
1769881080,64,35,0,275,0,275,low_activity,0,331,0,331,low_activity,0.981,2369,23,2392,ok_volume,0,0,0,4234,70,4304
1769881081,64,35,0,0,0,0,no_volume,0,331,0,331,low_activity,0.981,2369,23,2392,ok_volume,0,0,0,3936,70,4006
1769881082,64,35,0,103,0,103,low_activity,0,378,0,378,low_activity,0.982,2472,23,2495,ok_volume,28,0,28,4010,70,4080
1769881083,64,35,0,103,0,103,low_activity,0,103,0,103,low_activity,0.979,2141,23,2164,ok_volume,0,0,0,3955,70,4025
1769881084,64,35,0,57,0,57,low_activity,0,132,0,132,low_activity,0.979,2170,23,2193,ok_volume,29,0,29,3984,70,4054
1769881085,64,35,0,29,0,29,low_activity,0,132,0,132,low_activity,0.977,1948,23,1971,ok_volume,0,0,0,3984,70,4054
1769881086,64,35,0,29,0,29,low_activity,0,57,0,57,low_activity,0.976,1908,23,1931,ok_volume,0,0,0,3984,70,4054
1769881087,64,35,0,0,0,0,no_volume,0,29,0,29,low_activity,0.976,1881,23,1904,ok_volume,0,0,0,3622,70,3692
1769881088,64,35,0,0,0,0,no_volume,0,29,0,29,low_activity,0.964,1245,23,1268,ok_volume,0,0,0,3622,70,3692
1769881089,64,35,0,0,0,0,low_activity,0,0,0,0,low_activity,0.964,1245,23,1268,ok_volume,1,0,1,3548,70,3618
1769881090,64,35,0,150,0,150,low_activity,0,150,0,150,low_activity,0.967,1380,23,1403,ok_volume,150,0,150,3698,70,3768
1769881091,64,35,0,183,0,183,low_activity,0,183,0,183,low_activity,0.968,1413,23,1436,ok_volume,33,0,33,3731,70,3801
1769881092,64,35,1.0,993,0,993,ok_volume,1.0,993,0,993,ok_volume,0.978,2072,23,2095,ok_volume,810,0,810,4322,70,4392
1769881093,63,35,0,918,0,918,low_activity,1.0,1068,0,1068,ok_volume,0.979,2147,23,2170,ok_volume,75,6,81,4397,76,4473
1769881094,63,36,0,885,0,885,low_activity,1.0,1068,0,1068,ok_volume,0.979,2147,23,2170,ok_volume,0,0,0,4297,76,4373
1769881095,65,34,0,85,0,85,low_activity,1.0,928,0,928,ok_volume,0.979,2157,23,2180,ok_volume,10,3,13,4307,79,4386
1769881096,65,34,0,10,0,10,low_activity,0,895,0,895,low_activity,0.978,2097,23,2120,ok_volume,0,0,0,4307,79,4386
1769881097,65,34,0,10,0,10,low_activity,0,85,0,85,low_activity,0.978,2097,23,2120,ok_volume,0,0,0,4306,79,4385
1769881098,65,34,0,0,0,0,no_volume,0,10,0,10,low_activity,0.978,2052,23,2075,ok_volume,0,0,0,4306,79,4385
1769881099,65,34,0,0,0,0,low_activity,0,10,0,10,low_activity,0.973,1673,23,1696,ok_volume,3,0,3,4088,79,4167
1769881100,65,34,0,0,0,0,low_activity,0,0,0,0,low_activity,1.0,1673,0,1673,ok_volume,0,0,0,4088,79,4167
1769881101,65,34,0,80,0,80,low_activity,0,80,0,80,low_activity,1.0,1679,0,1679,ok_volume,80,0,80,4167,79,4246
1769881102,65,34,0,116,0,116,low_activity,0,116,0,116,low_activity,1.0,1715,0,1715,ok_volume,36,0,36,3860,79,3939
1769881103,65,34,1.0,309,0,309,ok_volume,1.0,309,0,309,ok_volume,1.0,1850,0,1850,ok_volume,65,0,65,4038,79,4117
1769881104,65,34,1.0,339,0,339,ok_volume,1.0,419,0,419,ok_volume,1.0,1960,0,1960,ok_volume,110,0,110,4119,79,4198
1769881105,65,34,0,241,0,241,low_activity,1.0,492,0,492,ok_volume,1.0,2033,0,2033,ok_volume,77,0,77,4196,79,4275
1769881106,65,34,0,258,0,258,low_activity,1.0,487,0,487,ok_volume,1.0,2108,0,2108,ok_volume,76,0,76,4257,32,4289
1769881107,65,34,0,247,0,247,low_activity,1.0,415,0,415,ok_volume,1.0,2151,0,2151,ok_volume,73,0,73,4356,32,4388
1769881108,65,34,-0.493,203,598,801,ok_volume,-0.215,386,598,984,ok_volume,0.522,1905,598,2503,ok_volume,31,611,642,4341,643,4984
1769881109,65,34,-0.565,166,598,764,ok_volume,-0.275,340,598,938,ok_volume,0.534,1969,598,2567,ok_volume,64,0,64,4405,643,5048
1769881110,65,33,-0.652,126,598,724,ok_volume,-0.332,300,598,898,ok_volume,0.54,2002,598,2600,ok_volume,34,0,34,4408,643,5051
1769881111,65,34,0,235,0,235,low_total_volume,-0.279,337,598,935,ok_volume,0.551,2065,598,2663,ok_volume,138,0,138,4546,643,5189
1769881112,65,33,0,318,0,318,low_activity,-0.185,411,598,1009,ok_volume,0.57,2184,598,2782,ok_volume,147,0,147,4693,643,5336
1769881113,65,33,0,285,0,285,low_activity,1.0,382,0,382,ok_volume,0.57,2184,598,2782,ok_volume,5,0,5,4358,643,5001
1769881114,66,33,0,147,0,147,low_activity,0,318,0,318,low_activity,0.566,2155,598,2753,ok_volume,0,0,0,4357,643,5000
1769881115,66,33,0,29,0,29,low_activity,0,314,0,314,low_activity,0.57,2184,598,2782,ok_volume,29,0,29,4164,643,4807
1769881116,66,33,0,29,0,29,low_activity,0,176,0,176,low_activity,0.57,2184,598,2782,ok_volume,0,0,0,4124,643,4767
1769881117,66,33,0,174,0,174,low_activity,0,174,0,174,low_activity,0.591,2329,598,2927,ok_volume,145,0,145,4242,643,4885
1769881118,65,33,0,145,0,145,low_activity,0,174,0,174,low_activity,0.591,2329,598,2927,ok_volume,0,0,0,3606,643,4249
1769881119,65,33,0,145,164,309,low_activity,0,174,164,338,low_activity,0.507,2329,762,3091,ok_volume,0,0,0,3606,809,4415
1769881120,66,33,0,0,164,164,low_activity,0,145,164,309,low_activity,0.482,2179,762,2941,ok_volume,0,0,0,3591,809,4400
1769881121,66,33,0,0,0,0,no_volume,0,145,164,309,low_activity,0.476,2146,762,2908,ok_volume,0,0,0,3591,809,4400
1769881122,66,33,0,0,0,0,no_volume,0,0,164,164,low_activity,0.274,1336,762,2098,ok_volume,0,0,0,3440,809,4249
1769881123,66,33,0,0,0,0,no_volume,0,0,0,0,no_volume,0.247,1261,762,2023,ok_volume,0,0,0,3440,809,4249
1769881124,65,34,0,192,2500,2692,low_activity,0,192,2500,2692,low_activity,-0.384,1453,3262,4715,ok_volume,192,2500,2692,3632,3309,6941
1769881125,65,34,-0.527,775,2500,3275,ok_volume,-0.527,775,2500,3275,ok_volume,-0.234,2026,3262,5288,ok_volume,583,0,583,4215,3309,7524
1769881126,64,34,-0.202,1659,2500,4159,ok_volume,-0.202,1659,2500,4159,ok_volume,-0.057,2910,3262,6172,ok_volume,891,0,891,5044,3309,8353
1769881127,64,35,1.0,1467,0,1467,ok_volume,-0.202,1659,2500,4159,ok_volume,-0.057,2910,3262,6172,ok_volume,0,0,0,5044,3309,8353
1769881128,63,35,0,884,0,884,low_activity,-0.202,1659,2500,4159,ok_volume,-0.057,2910,3262,6172,ok_volume,0,0,0,4999,3309,8308
1769881129,63,35,0,11,0,11,low_activity,1.0,1478,0,1478,ok_volume,-0.055,2921,3262,6183,ok_volume,11,0,11,4631,3309,7940
1769881130,64,35,0,261,0,261,low_activity,1.0,1145,0,1145,ok_volume,-0.014,3171,3262,6433,ok_volume,250,0,250,4881,3286,8167
1769881131,65,34,0,261,0,261,low_activity,0,261,0,261,low_activity,-0.027,3091,3262,6353,ok_volume,9,0,9,4816,3286,8102
1769881132,65,34,0,250,0,250,low_activity,0,261,0,261,low_activity,-0.055,2920,3262,6182,ok_volume,0,0,0,4816,3286,8102
1769881133,65,34,0,0,0,0,low_activity,0,261,0,261,low_activity,-0.065,2862,3262,6124,ok_volume,0,0,0,4758,3286,8044
1769881134,65,34,0,73,0,73,low_activity,0,323,0,323,low_activity,-0.072,2825,3262,6087,ok_volume,73,0,73,4831,3286,8117
1769881135,66,33,0,148,0,148,low_activity,0,148,0,148,low_activity,-0.071,2827,3262,6089,ok_volume,75,0,75,4906,3286,8192
1769881136,66,33,0,248,0,248,low_activity,0,248,0,248,low_activity,-0.072,2826,3262,6088,ok_volume,100,0,100,5006,3286,8292
1769881137,65,33,0,175,289,464,low_activity,-0.076,248,289,537,ok_volume,-0.127,2753,3551,6304,ok_volume,0,289,289,4950,3575,8525
1769881138,66,33,0,100,289,389,low_activity,-0.076,248,289,537,ok_volume,-0.04,2724,2953,5677,ok_volume,0,0,0,4669,3575,8244
1769881139,66,33,0,0,289,289,low_activity,0,175,289,464,low_activity,-0.052,2660,2953,5613,ok_volume,0,0,0,4669,3575,8244
1769881140,66,33,0,0,0,0,no_volume,0,100,289,389,low_activity,-0.058,2627,2953,5580,ok_volume,0,0,0,4669,3575,8244
1769881141,66,33,0,58,0,58,low_activity,0,58,289,347,low_activity,-0.074,2547,2953,5500,ok_volume,58,0,58,4652,3575,8227
1769881142,66,33,0,129,0,129,low_activity,0,129,0,129,low_activity,-0.089,2471,2953,5424,ok_volume,71,0,71,4695,3575,8270
1769881143,66,33,0,129,0,129,low_activity,0,129,0,129,low_activity,-0.089,2471,2953,5424,ok_volume,0,0,0,4695,3575,8270
1769881144,66,33,0,71,0,71,low_activity,0,129,0,129,low_activity,-0.089,2471,2953,5424,ok_volume,0,0,0,4666,3575,8241
1769881145,66,33,0,81,0,81,low_activity,0,210,0,210,low_activity,-0.079,2523,2953,5476,ok_volume,81,0,81,4747,3575,8322
1769881146,66,33,0,117,0,117,low_activity,0,188,0,188,low_activity,-0.071,2559,2953,5512,ok_volume,43,0,43,4790,3575,8365
1769881147,66,33,1.0,2964,0,2964,ok_volume,1.0,2964,0,2964,ok_volume,0.281,5261,2953,8214,ok_volume,2847,0,2847,7637,3575,11212
1769881148,66,33,1.0,2903,0,2903,ok_volume,1.0,2984,0,2984,ok_volume,0.309,5281,2789,8070,ok_volume,20,0,20,7657,3575,11232
1769881149,66,33,1.0,2867,0,2867,ok_volume,1.0,2984,0,2984,ok_volume,0.309,5281,2789,8070,ok_volume,0,0,0,7656,3575,11231
1769881150,66,33,0,118,0,118,low_activity,1.0,3001,0,3001,ok_volume,0.317,5379,2789,8168,ok_volume,98,0,98,7604,3575,11179
1769881151,66,33,0,316,0,316,low_activity,1.0,3183,0,3183,ok_volume,0.335,5597,2789,8386,ok_volume,218,0,218,7789,3575,11364
1769881152,66,33,0,316,0,316,low_activity,0,336,0,336,low_activity,0.335,5597,2789,8386,ok_volume,0,0,0,6979,3575,10554
1769881153,66,33,0,218,0,218,low_activity,0,316,0,316,low_activity,0.335,5597,2789,8386,ok_volume,0,0,0,6904,3569,10473
1769881154,66,33,0,105,0,105,low_activity,0,421,0,421,low_activity,0.9,5510,289,5799,ok_volume,105,0,105,7009,3569,10578
1769881155,66,33,0,105,0,105,low_activity,0,323,0,323,low_activity,0.889,4927,289,5216,ok_volume,0,0,0,6999,3566,10565
1769881156,66,33,0,105,0,105,low_activity,0,105,0,105,low_activity,0.867,4043,289,4332,ok_volume,0,0,0,6999,3566,10565
1769881157,66,33,0,826,0,826,low_activity,1.0,931,0,931,ok_volume,0.888,4869,289,5158,ok_volume,826,0,826,7825,3566,11391
1769881158,66,33,0,898,0,898,low_activity,1.0,1003,0,1003,ok_volume,0.889,4941,289,5230,ok_volume,76,0,76,7901,3566,11467
1769881159,66,33,1.0,1091,0,1091,ok_volume,1.0,1091,0,1091,ok_volume,0.893,5123,289,5412,ok_volume,193,0,193,8091,3566,11657
1769881160,66,33,0,265,0,265,low_activity,1.0,1091,0,1091,ok_volume,0.888,4873,289,5162,ok_volume,0,0,0,8091,3566,11657
1769881161,66,33,0,193,0,193,low_activity,1.0,1091,0,1091,ok_volume,0.888,4873,289,5162,ok_volume,1,0,1,8012,3566,11578
1769881162,66,33,0,0,0,0,low_activity,0,265,0,265,low_activity,0.888,4873,289,5162,ok_volume,0,0,0,7841,3566,11407
1769881163,66,33,0,0,0,0,low_activity,0,193,0,193,low_activity,0.888,4873,289,5162,ok_volume,0,0,0,7776,3566,11342
1769881164,66,33,0,0,0,0,no_volume,0,0,0,0,low_activity,0.886,4800,289,5089,ok_volume,0,0,0,7666,3566,11232
1769881165,66,33,0,0,0,0,low_activity,0,0,0,0,low_activity,0.885,4725,289,5014,ok_volume,7,0,7,7596,3566,11162
1769881166,66,33,0,0,0,0,low_activity,0,0,0,0,low_activity,0.882,4625,289,4914,ok_volume,7,0,7,7501,3566,11067
1769881167,66,33,0,440,0,440,low_activity,0,440,0,440,low_activity,1.0,5065,0,5065,ok_volume,0,0,0,7868,3566,11434
1769881168,66,33,0,473,0,473,low_activity,0,473,0,473,low_activity,1.0,5098,0,5098,ok_volume,33,0,33,7870,2955,10825
1769881169,66,33,0,460,0,460,low_activity,0,900,0,900,low_activity,1.0,5525,0,5525,ok_volume,427,0,427,8233,2955,11188
1769881170,66,33,0,460,0,460,low_activity,0,900,0,900,low_activity,1.0,5525,0,5525,ok_volume,1,0,1,8200,2955,11155
1769881171,66,33,0,3325,92,3417,low_activity,0.947,3358,92,3450,ok_volume,0.978,8365,92,8457,ok_volume,2898,92,2990,10960,3047,14007
1769881172,66,33,0,2898,92,2990,low_activity,0.947,3358,92,3450,ok_volume,0.978,8294,92,8386,ok_volume,0,0,0,10813,3047,13860
1769881173,65,33,0,3184,92,3276,low_activity,0.95,3611,92,3703,ok_volume,0.979,8580,92,8672,ok_volume,286,0,286,11095,3047,14142
1769881174,65,33,0,684,0,684,low_activity,0.95,3582,92,3674,ok_volume,0.98,8978,92,9070,ok_volume,399,0,399,11494,3047,14541
1769881175,65,33,1.0,850,0,850,ok_volume,0.952,3748,92,3840,ok_volume,0.98,9063,92,9155,ok_volume,166,0,166,11631,3047,14678
1769881176,65,33,0.855,564,44,608,ok_volume,0.902,850,44,894,ok_volume,0.97,9027,136,9163,ok_volume,0,44,44,11631,3091,14722
1769881177,65,33,0.819,443,44,487,ok_volume,0.925,1127,44,1171,ok_volume,0.959,6457,136,6593,ok_volume,282,0,282,11768,3091,14859
1769881178,65,33,0,277,44,321,low_activity,0.901,841,44,885,ok_volume,0.959,6437,136,6573,ok_volume,0,0,0,11768,2925,14693
1769881179,65,33,0,1248,0,1248,low_activity,0.94,1414,44,1458,ok_volume,0.964,7408,136,7544,ok_volume,971,0,971,12739,2925,15664
1769881180,65,33,0,986,0,986,low_activity,0.933,1263,44,1307,ok_volume,0.964,7325,136,7461,ok_volume,15,0,15,12754,2925,15679
1769881181,66,33,0,1001,0,1001,low_activity,1.0,1278,0,1278,ok_volume,0.963,7122,136,7258,ok_volume,23,0,23,12777,2925,15702
1769881182,66,33,0,44,0,44,low_activity,1.0,1015,0,1015,ok_volume,0.963,7136,136,7272,ok_volume,14,0,14,12791,2925,15716
1769881183,66,33,0,101,0,101,low_activity,1.0,1087,0,1087,ok_volume,0.963,7208,136,7344,ok_volume,72,0,72,12863,2925,15788
1769881184,66,33,0,86,0,86,low_activity,0,116,0,116,low_activity,0.962,7103,136,7239,ok_volume,0,0,0,12671,425,13096
1769881185,66,33,0,72,70,142,low_activity,0,101,70,171,low_activity,0.944,7103,206,7309,ok_volume,0,70,70,12088,495,12583
1769881186,66,33,0,0,70,70,low_activity,0,86,70,156,low_activity,0.944,7103,206,7309,ok_volume,0,0,0,11197,495,11692
1769881187,66,33,0,0,70,70,low_activity,0,72,70,142,low_activity,0.936,6277,206,6483,ok_volume,0,0,0,11197,495,11692
1769881188,66,33,0,0,0,0,no_volume,0,0,70,70,low_activity,0.936,6205,206,6411,ok_volume,0,0,0,11197,495,11692
1769881189,66,33,0,129,0,129,low_activity,0,129,70,199,low_activity,0.935,6141,206,6347,ok_volume,134,0,134,11320,495,11815
1769881190,66,33,0,147,0,147,low_activity,0,147,0,147,low_activity,0.935,6159,206,6365,ok_volume,18,0,18,11088,495,11583
1769881191,66,33,0,584,0,584,low_activity,0,584,0,584,low_activity,0.939,6596,206,6802,ok_volume,437,0,437,11516,495,12011
1769881192,66,33,0,455,15,470,low_activity,0.95,584,15,599,ok_volume,0.935,6596,221,6817,ok_volume,0,15,15,11516,510,12026
1769881193,66,33,0,487,15,502,low_activity,0.954,634,15,649,ok_volume,0.936,6646,221,6867,ok_volume,50,0,50,11566,510,12076
1769881194,66,33,0,100,15,115,low_activity,0.947,555,15,570,ok_volume,0.936,6696,221,6917,ok_volume,50,0,50,11543,510,12053
1769881195,66,33,0,149,0,149,low_total_volume,0.95,586,15,601,ok_volume,0.937,6745,221,6966,ok_volume,49,0,49,11517,510,12027
1769881196,66,33,0,99,0,99,low_activity,0,149,15,164,low_total_volume,0.932,6305,221,6526,ok_volume,0,0,0,11417,510,11927
1769881197,66,33,0,70,0,70,low_activity,0,170,0,170,low_total_volume,0.932,6326,221,6547,ok_volume,21,0,21,11438,221,11659
1769881198,66,33,0,57,0,57,low_activity,0,156,0,156,low_total_volume,0.933,6329,221,6550,ok_volume,36,0,36,11474,221,11695
1769881199,66,33,0,1062,0,1062,low_activity,1.0,1111,0,1111,ok_volume,0.938,6907,221,7128,ok_volume,1005,0,1005,12479,221,12700
1769881200,66,33,0,1041,0,1041,low_activity,0,1062,0,1062,low_activity,0.938,6907,221,7128,ok_volume,0,0,0,12479,221,12700
1769881201,66,33,0,1119,0,1119,low_activity,1.0,1176,0,1176,ok_volume,0.939,4123,129,4252,ok_volume,115,0,115,12536,221,12757
1769881202,66,33,0,114,0,114,low_activity,0,1155,0,1155,low_activity,0.939,4123,129,4252,ok_volume,0,0,0,12465,221,12686
1769881203,66,33,0,114,0,114,low_activity,0,1119,0,1119,low_activity,0.935,3837,129,3966,ok_volume,0,0,0,12465,222,12687
1769881204,66,33,0,47,0,47,low_activity,0,161,0,161,low_activity,0.929,3486,129,3615,ok_volume,47,0,47,12512,222,12734
1769881205,66,33,0,47,0,47,low_activity,0,161,0,161,low_activity,0.925,3320,129,3449,ok_volume,0,0,0,12431,222,12653
1769881206,66,33,0,47,0,47,low_activity,0,47,0,47,low_activity,0.95,3320,85,3405,ok_volume,0,0,0,12388,222,12610
1769881207,66,33,0,152,0,152,low_activity,0,199,0,199,low_activity,0.948,3195,85,3280,ok_volume,152,0,152,9693,222,9915
1769881208,66,33,0,152,0,152,low_activity,0,199,0,199,low_activity,0.948,3195,85,3280,ok_volume,0,0,0,9673,222,9895
1769881209,66,33,0,152,0,152,low_activity,0,152,0,152,low_activity,0.926,2224,85,2309,ok_volume,0,0,0,9673,222,9895
1769881210,66,33,0,100,0,100,low_activity,0,252,0,252,low_activity,0.929,2309,85,2394,ok_volume,100,0,100,9675,222,9897
1769881211,66,33,0,150,0,150,low_activity,0,302,0,302,low_activity,0.93,2344,85,2429,ok_volume,50,0,50,9507,222,9729
1769881212,66,33,0,150,0,150,low_activity,0,150,0,150,low_activity,0.93,2330,85,2415,ok_volume,0,0,0,9507,222,9729
1769881213,66,33,0,50,0,50,low_activity,0,150,0,150,low_activity,0.927,2258,85,2343,ok_volume,12,0,12,9519,222,9741
1769881214,66,33,0,0,0,0,low_activity,0,150,0,150,low_activity,0.927,2258,85,2343,ok_volume,7,0,7,9421,222,9643
1769881215,66,33,0,247,0,247,low_activity,0,297,0,297,low_activity,0.988,2505,15,2520,ok_volume,247,0,247,9668,222,9890
1769881216,66,33,0,247,0,247,low_activity,0,247,0,247,low_activity,0.988,2505,15,2520,ok_volume,0,0,0,9668,222,9890
1769881217,66,33,1.0,327,0,327,ok_volume,1.0,327,0,327,ok_volume,0.988,2585,15,2600,ok_volume,80,0,80,8922,222,9144
1769881218,66,33,0,140,0,140,low_total_volume,1.0,387,0,387,ok_volume,0.989,2645,15,2660,ok_volume,60,0,60,8906,222,9128
1769881219,66,33,0,140,0,140,low_total_volume,1.0,387,0,387,ok_volume,0.988,2516,15,2531,ok_volume,7,0,7,8720,222,8942
1769881220,66,33,0,187,0,187,low_activity,0,267,0,267,low_total_volume,0.989,2625,15,2640,ok_volume,127,0,127,8847,222,9069
1769881221,66,33,0,142,0,142,low_activity,0,282,0,282,low_total_volume,0.986,2203,15,2218,ok_volume,15,0,15,8861,222,9083
1769881222,66,33,0,142,0,142,low_activity,0,202,0,202,low_activity,1.0,2203,0,2203,ok_volume,0,0,0,8861,222,9083
1769881223,66,33,0,15,0,15,low_activity,0,142,0,142,low_activity,1.0,2153,0,2153,ok_volume,1,0,1,8862,222,9084
1769881224,66,32,0,299,0,299,low_activity,1.0,441,0,441,ok_volume,1.0,2402,0,2402,ok_volume,299,0,299,9161,222,9383
1769881225,67,32,0,327,0,327,low_activity,1.0,342,0,342,ok_volume,1.0,2381,0,2381,ok_volume,28,0,28,9182,222,9404
1769881226,67,32,0,327,0,327,low_activity,0,327,0,327,low_activity,1.0,2381,0,2381,ok_volume,0,0,0,8735,222,8957
1769881227,67,32,0,28,0,28,low_activity,0,327,0,327,low_activity,1.0,2360,0,2360,ok_volume,0,0,0,8735,222,8957
1769881228,67,32,0,0,0,0,no_volume,0,327,0,327,low_activity,1.0,2324,0,2324,ok_volume,0,0,0,8702,222,8924
1769881229,67,32,0,0,0,0,no_volume,0,28,0,28,low_activity,1.0,1319,0,1319,ok_volume,0,0,0,8275,222,8497
1769881230,67,32,0,0,0,0,no_volume,0,0,0,0,no_volume,1.0,1319,0,1319,ok_volume,0,0,0,8274,222,8496
1769881231,67,32,0,0,0,0,no_volume,0,0,0,0,no_volume,1.0,1205,0,1205,ok_volume,0,0,0,5376,130,5506
1769881232,67,32,0,145,0,145,low_activity,0,145,0,145,low_activity,1.0,1350,0,1350,ok_volume,145,0,145,5520,130,5650
1769881233,67,32,0,145,0,145,low_activity,0,145,0,145,low_activity,1.0,1350,0,1350,ok_volume,0,0,0,5234,130,5364
1769881234,67,32,0,173,0,173,low_activity,0,173,0,173,low_activity,1.0,1331,0,1331,ok_volume,28,0,28,4863,130,4993
1769881235,67,32,0,28,0,28,low_activity,0,173,0,173,low_activity,1.0,1331,0,1331,ok_volume,0,0,0,4697,130,4827
1769881236,67,32,0,28,0,28,low_activity,0,173,0,173,low_activity,1.0,1331,0,1331,ok_volume,0,0,0,4697,86,4783
1769881237,67,32,0,114,0,114,low_activity,0,142,0,142,low_activity,1.0,1293,0,1293,ok_volume,114,0,114,4529,86,4615
1769881238,67,32,0,114,0,114,low_activity,0,142,0,142,low_activity,1.0,1293,0,1293,ok_volume,0,0,0,4529,86,4615
1769881239,67,32,0,114,23,137,low_activity,0,114,23,137,low_activity,0.965,1293,23,1316,ok_volume,0,38,38,3558,124,3682
1769881240,67,32,0,0,23,23,low_activity,0,114,23,137,low_activity,0.962,1193,23,1216,ok_volume,0,0,0,3543,124,3667
1769881241,67,32,0,0,23,23,low_activity,0,114,23,137,low_activity,0.961,1143,23,1166,ok_volume,0,0,0,3520,124,3644
1769881242,67,32,0,0,0,0,no_volume,0,0,23,23,low_activity,0.961,1143,23,1166,ok_volume,0,0,0,3506,124,3630
1769881243,67,32,0,0,0,0,no_volume,0,0,23,23,low_activity,0.961,1143,23,1166,ok_volume,0,0,0,3434,124,3558
1769881244,67,32,0,0,0,0,low_activity,0,0,0,0,low_activity,0.961,1143,23,1166,ok_volume,6,0,6,3440,124,3564
1769881245,67,32,0,0,0,0,low_activity,0,0,0,0,low_activity,0.95,896,23,919,ok_volume,0,0,0,3440,54,3494
1769881246,67,32,0,152,0,152,low_activity,0,152,0,152,low_activity,0.957,1048,23,1071,ok_volume,152,0,152,3592,54,3646
1769881247,67,32,0,465,0,465,low_activity,0,465,0,465,low_activity,0.965,1281,23,1304,ok_volume,2,0,2,3907,54,3961
1769881248,67,32,0,465,0,465,low_activity,0,465,0,465,low_activity,0.963,1221,23,1244,ok_volume,12,0,12,3919,54,3973
1769881249,67,32,0,1896,0,1896,low_activity,1.0,2361,0,2361,ok_volume,0.985,3117,23,3140,ok_volume,1896,0,1896,5681,54,5735
1769881250,67,32,0,1896,0,1896,low_activity,1.0,2361,0,2361,ok_volume,0.985,2990,23,3013,ok_volume,0,0,0,5663,54,5717
1769881251,67,32,1.0,1977,0,1977,ok_volume,1.0,1977,0,1977,ok_volume,0.985,3056,23,3079,ok_volume,20,0,20,5307,54,5361
1769881252,67,32,1.0,403,0,403,ok_volume,1.0,2299,0,2299,ok_volume,0.986,3378,23,3401,ok_volume,327,0,327,5637,39,5676
1769881253,67,32,1.0,342,0,342,ok_volume,1.0,2299,0,2299,ok_volume,0.986,3378,23,3401,ok_volume,0,0,0,5587,39,5626
1769881254,67,32,0,322,0,322,low_activity,1.0,403,0,403,ok_volume,0.985,3079,23,3102,ok_volume,0,0,0,5537,39,5576
1769881255,67,32,0,0,0,0,no_volume,1.0,342,0,342,ok_volume,0.985,3051,23,3074,ok_volume,0,0,0,5488,39,5527
1769881256,67,32,0,14,0,14,low_activity,1.0,336,0,336,ok_volume,0.985,3065,23,3088,ok_volume,14,0,14,5502,39,5541
1769881257,67,32,0,14,0,14,low_activity,0,14,0,14,low_activity,0.985,3065,23,3088,ok_volume,0,0,0,5481,39,5520
1769881258,67,32,0,14,89,103,low_activity,0,14,89,103,low_activity,0.929,3065,112,3177,ok_volume,0,0,0,5445,128,5573
1769881259,67,32,0,35,89,124,low_activity,0,49,89,138,low_activity,0.93,3100,112,3212,ok_volume,35,0,35,4475,128,4603
1769881260,67,32,0,177,0,177,low_activity,0,191,89,280,low_activity,0.933,3242,112,3354,ok_volume,142,0,142,4617,128,4745
1769881261,67,32,0,298,0,298,low_activity,0.54,298,89,387,ok_volume,0.936,3363,112,3475,ok_volume,121,0,121,4623,128,4751
1769881262,67,32,0.296,291,158,449,ok_volume,0.347,326,158,484,ok_volume,0.846,3246,270,3516,ok_volume,28,158,186,4651,285,4936
1769881263,67,32,0,149,158,307,low_activity,0.347,326,158,484,ok_volume,0.846,3246,270,3516,ok_volume,0,3,3,4651,288,4939
1769881264,67,32,0,128,158,286,low_activity,0.424,391,158,549,ok_volume,0.849,3318,270,3588,ok_volume,100,0,100,4704,288,4992
1769881265,67,32,0,100,0,100,low_activity,0.224,249,158,407,ok_volume,0.849,3318,270,3588,ok_volume,0,0,0,4704,288,4992
1769881266,67,32,0,100,0,100,low_activity,0,128,158,286,low_activity,0.849,3318,270,3588,ok_volume,0,0,0,4704,288,4992
1769881267,67,32,0,0,0,0,no_volume,0,100,0,100,low_activity,0.845,3204,270,3474,ok_volume,0,0,0,4552,288,4840
1769881268,67,32,0,0,0,0,no_volume,0,100,0,100,low_activity,0.845,3204,270,3474,ok_volume,0,0,0,4552,288,4840
1769881269,67,32,0,0,0,0,no_volume,0,0,0,0,no_volume,0.857,3204,247,3451,ok_volume,0,0,0,4552,288,4840
1769881270,67,32,0,106,0,106,low_activity,0,106,0,106,low_activity,0.861,3310,247,3557,ok_volume,113,0,113,4565,288,4853
1769881271,67,32,0,106,0,106,low_activity,0,106,0,106,low_activity,0.861,3310,247,3557,ok_volume,7,0,7,4522,288,4810
1769881272,67,32,0,106,0,106,low_activity,0,106,0,106,low_activity,0.861,3310,247,3557,ok_volume,0,0,0,4522,288,4810
1769881273,67,32,0,0,0,0,low_activity,0,106,0,106,low_activity,0.861,3310,247,3557,ok_volume,0,0,0,4510,288,4798
1769881274,67,32,0,2300,0,2300,low_activity,0,2406,0,2406,low_activity,0.916,5610,247,5857,ok_volume,2157,0,2157,6803,288,7091
1769881275,67,32,0,2300,0,2300,low_activity,0,2300,0,2300,low_activity,0.916,5610,247,5857,ok_volume,0,0,0,6556,288,6844
1769881276,67,32,0,2220,0,2220,low_activity,0,2363,0,2363,low_activity,0.909,5208,247,5455,ok_volume,63,0,63,6619,288,6907
1769881277,67,32,0,253,0,253,low_activity,1.0,2553,0,2553,ok_volume,0.912,5398,247,5645,ok_volume,190,0,190,6729,288,7017
1769881278,67,32,1.0,403,0,403,ok_volume,1.0,2560,0,2560,ok_volume,0.915,5548,247,5795,ok_volume,150,0,150,6819,288,7107
1769881279,67,32,1.0,1498,0,1498,ok_volume,1.0,1561,0,1561,ok_volume,0.902,4810,247,5057,ok_volume,1158,0,1158,7970,288,8258
1769881280,67,32,0.751,1407,200,1607,ok_volume,0.785,1660,200,1860,ok_volume,0.831,4848,447,5295,ok_volume,30,200,230,7942,488,8430
1769881281,67,32,0.725,1257,200,1457,ok_volume,0.777,1597,200,1797,ok_volume,0.831,4828,447,5275,ok_volume,0,0,0,7927,488,8415
1769881282,67,32,-0.143,150,200,350,ok_volume,0.768,1527,200,1727,ok_volume,0.824,4626,447,5073,ok_volume,124,0,124,8051,488,8539
1769881283,67,32,0,120,0,120,low_activity,0.746,1377,200,1577,ok_volume,0.824,4626,447,5073,ok_volume,0,0,0,8050,488,8538
1769881284,67,32,0,148,0,148,low_activity,-0.058,178,200,378,ok_volume,0.825,4654,447,5101,ok_volume,28,0,28,7779,488,8267
1769881285,67,32,0,28,0,28,low_activity,0,148,0,148,low_activity,0.825,4654,447,5101,ok_volume,0,0,0,7751,488,8239
1769881286,67,32,0,28,0,28,low_activity,0,148,0,148,low_activity,0.824,4640,447,5087,ok_volume,4,0,4,7755,488,8243
1769881287,67,32,0,99,0,99,low_activity,0,127,0,127,low_activity,0.86,4739,358,5097,ok_volume,99,0,99,7854,488,8342
1769881288,67,32,0,849,0,849,low_activity,1.0,877,0,877,ok_volume,0.878,5489,358,5847,ok_volume,752,0,752,8606,488,9094
1769881289,67,32,1.0,900,0,900,ok_volume,1.0,900,0,900,ok_volume,0.878,5505,358,5863,ok_volume,58,0,58,8664,488,9152
1769881290,67,32,0,821,0,821,low_activity,1.0,920,0,920,ok_volume,0.875,5383,358,5741,ok_volume,20,0,20,8684,488,9172
1769881291,67,32,0,101,0,101,low_activity,1.0,950,0,950,ok_volume,0.873,5292,358,5650,ok_volume,35,0,35,8719,488,9207
1769881292,67,32,0,165,0,165,low_activity,1.0,966,0,966,ok_volume,0.928,5379,200,5579,ok_volume,15,0,15,8689,488,9177
1769881293,68,31,0,145,0,145,low_activity,0,216,0,216,low_total_volume,0.928,5379,200,5579,ok_volume,7,0,7,8696,488,9184
1769881294,67,31,0,15,0,15,low_activity,0,165,0,165,low_activity,0.927,5279,200,5479,ok_volume,0,0,0,8668,488,9156
1769881295,67,31,0,0,0,0,low_activity,0,145,0,145,low_activity,0.927,5279,200,5479,ok_volume,0,0,0,8668,488,9156
1769881296,68,31,0,0,0,0,no_volume,0,15,0,15,low_activity,0.927,5279,200,5479,ok_volume,0,0,0,8668,488,9156
1769881297,68,31,0,17,0,17,low_activity,0,17,0,17,low_activity,0.927,5296,200,5496,ok_volume,17,0,17,8571,488,9059
1769881298,68,31,0,72,0,72,low_activity,0,72,0,72,low_activity,0.928,5351,200,5551,ok_volume,55,0,55,8626,488,9114
1769881299,68,31,0,144,0,144,low_activity,0,144,0,144,low_activity,0.929,5423,200,5623,ok_volume,72,0,72,8698,450,9148
1769881300,68,31,0,268,0,268,low_activity,0,285,0,285,low_total_volume,0.929,5458,200,5658,ok_volume,141,0,141,8839,450,9289
1769881301,68,31,0.889,900,53,953,ok_volume,0.897,972,53,1025,ok_volume,0.921,6145,253,6398,ok_volume,687,53,740,9526,503,10029
1769881302,68,31,0,828,53,881,low_activity,0.895,955,53,1008,ok_volume,0.921,6145,253,6398,ok_volume,7,0,7,9533,503,10036
1769881303,68,31,0,887,53,940,low_activity,0.908,1100,53,1153,ok_volume,0.922,6202,253,6455,ok_volume,208,0,208,9741,503,10244
1769881304,68,31,0,200,0,200,low_activity,0.902,1028,53,1081,ok_volume,0.882,4045,253,4298,ok_volume,3,0,3,9738,503,10241
1769881305,68,31,0,200,200,400,low_activity,0.556,887,253,1140,ok_volume,0.799,4045,453,4498,ok_volume,0,200,200,9738,703,10441
1769881306,68,31,0,0,200,200,low_activity,0,200,200,400,low_activity,0.796,3982,453,4435,ok_volume,0,0,0,9273,703,9976
1769881307,68,31,0,0,200,200,low_activity,0,200,200,400,low_activity,0.787,3792,453,4245,ok_volume,0,0,0,9271,703,9974
1769881308,68,31,0,0,0,0,no_volume,0,0,200,200,low_activity,0.779,3642,453,4095,ok_volume,0,0,0,9259,703,9962
1769881309,68,31,0,570,0,570,low_activity,0,570,200,770,low_activity,0.736,2985,453,3438,ok_volume,570,0,570,7933,703,8636
1769881310,68,31,0,591,0,591,low_activity,0,591,0,591,low_activity,0.843,2976,253,3229,ok_volume,21,0,21,7893,703,8596
1769881311,68,31,1.0,647,0,647,ok_volume,1.0,647,0,647,ok_volume,0.846,3032,253,3285,ok_volume,56,0,56,7926,703,8629
1769881312,68,31,0,182,0,182,low_activity,1.0,752,0,752,ok_volume,0.845,3017,253,3270,ok_volume,105,0,105,7704,703,8407
1769881313,68,31,0,199,0,199,low_activity,1.0,790,0,790,ok_volume,0.847,3055,253,3308,ok_volume,38,0,38,7742,703,8445
1769881314,68,31,0,565,0,565,low_activity,1.0,642,0,642,ok_volume,0.863,3449,253,3702,ok_volume,422,0,422,8164,703,8867
1769881315,68,31,0,460,0,460,low_activity,1.0,621,0,621,ok_volume,0.863,3449,253,3702,ok_volume,0,0,0,8164,703,8867
1769881316,68,31,0,422,0,422,low_activity,0,565,0,565,low_activity,0.863,3449,253,3702,ok_volume,0,0,0,8150,703,8853
1769881317,68,31,0,0,0,0,no_volume,0,460,0,460,low_activity,0.86,3350,253,3603,ok_volume,0,0,0,8150,614,8764
1769881318,68,31,0,0,48,48,low_activity,0,422,48,470,low_activity,0.792,2600,301,2901,ok_volume,0,48,48,8150,662,8812
1769881319,68,31,0,0,48,48,low_activity,0,0,48,48,low_activity,0.789,2549,301,2850,ok_volume,0,0,0,8115,662,8777
1769881320,68,31,0,0,48,48,low_activity,0,0,48,48,low_activity,0.787,2529,301,2830,ok_volume,0,0,0,7973,662,8635
1769881321,68,31,0,27,0,27,low_activity,0,27,48,75,low_activity,0.779,2426,301,2727,ok_volume,27,0,27,7879,662,8541
1769881322,68,31,0,27,0,27,low_activity,0,27,48,75,low_activity,0.778,2411,301,2712,ok_volume,0,0,0,7851,504,8355
1769881323,68,31,0,27,0,27,low_activity,0,27,0,27,low_activity,0.778,2411,301,2712,ok_volume,2,0,2,7853,501,8354
1769881324,68,31,0,0,0,0,low_activity,0,27,0,27,low_activity,0.778,2411,301,2712,ok_volume,4,0,4,7757,501,8258
1769881325,68,31,0,0,0,0,low_activity,0,27,0,27,low_activity,0.778,2411,301,2712,ok_volume,0,0,0,7757,501,8258
1769881326,68,31,0,0,0,0,low_activity,0,0,0,0,low_activity,0.778,2411,301,2712,ok_volume,0,0,0,7757,501,8258
1769881327,68,31,0,0,0,0,no_volume,0,0,0,0,low_activity,0.777,2394,301,2695,ok_volume,0,0,0,7757,501,8258
1769881328,68,31,0,140,0,140,low_activity,0,140,0,140,low_activity,0.783,2479,301,2780,ok_volume,140,0,140,7897,501,8398
1769881329,68,31,0,140,0,140,low_activity,0,140,0,140,low_activity,0.778,2407,301,2708,ok_volume,1,0,1,7898,501,8399
1769881330,68,31,0,140,0,140,low_activity,0,140,0,140,low_activity,0.765,2266,301,2567,ok_volume,0,0,0,7785,501,8286
1769881331,68,31,0,140,0,140,low_activity,0,280,0,280,low_activity,0.748,1719,248,1967,ok_volume,140,0,140,7919,501,8420
1769881332,68,31,0,140,0,140,low_activity,0,280,0,280,low_activity,0.748,1719,248,1967,ok_volume,0,0,0,7919,501,8420
1769881333,68,31,0,649,0,649,low_activity,0,649,0,649,low_activity,0.782,2028,248,2276,ok_volume,370,0,370,8285,501,8786
1769881334,68,31,0,509,0,509,low_activity,0,649,0,649,low_activity,0.782,2028,248,2276,ok_volume,0,0,0,6128,501,6629
1769881335,68,31,0,370,0,370,low_activity,0,649,0,649,low_activity,0.954,2028,48,2076,ok_volume,0,0,0,6128,501,6629
1769881336,68,31,0,0,0,0,no_volume,0,509,0,509,low_activity,0.954,2028,48,2076,ok_volume,0,0,0,6065,501,6566
1769881337,68,31,0,0,0,0,low_activity,0,370,0,370,low_activity,0.954,2028,48,2076,ok_volume,11,0,11,5886,501,6387
1769881338,68,31,0,0,0,0,low_activity,0,0,0,0,low_activity,0.954,2028,48,2076,ok_volume,0,0,0,5736,501,6237
1769881339,68,31,0,0,0,0,low_activity,0,0,0,0,low_activity,0.936,1458,48,1506,ok_volume,0,0,0,4509,501,5010
1769881340,68,31,0,109,0,109,low_activity,0,109,0,109,low_activity,0.94,1546,48,1594,ok_volume,109,0,109,4588,301,4889
1769881341,68,31,0,109,0,109,low_activity,0,109,0,109,low_activity,0.938,1490,48,1538,ok_volume,4,0,4,4592,301,4893
1769881342,68,31,0,109,0,109,low_activity,0,109,0,109,low_activity,0.933,1385,48,1433,ok_volume,0,0,0,4468,301,4769
1769881343,68,31,0,112,0,112,low_activity,0,221,0,221,low_activity,0.936,1459,48,1507,ok_volume,112,0,112,4580,301,4881
1769881344,68,31,0,112,0,112,low_activity,0,221,0,221,low_activity,0.912,1037,48,1085,ok_volume,2,0,2,4554,301,4855
1769881345,68,31,0,126,0,126,low_activity,0,126,0,126,low_activity,0.913,1051,48,1099,ok_volume,14,0,14,4568,301,4869
1769881346,68,31,0,14,0,14,low_activity,0,126,0,126,low_activity,0.913,1051,48,1099,ok_volume,0,0,0,4564,301,4865
1769881347,68,31,0,28,0,28,low_activity,0,140,0,140,low_activity,0.914,1065,48,1113,ok_volume,1,0,1,4480,301,4781
1769881348,68,31,0,219,0,219,low_activity,0,233,0,233,low_activity,1.0,1270,0,1270,ok_volume,205,0,205,3933,301,4234
1769881349,68,31,0,261,0,261,low_activity,0,289,0,289,low_total_volume,1.0,1326,0,1326,ok_volume,57,0,57,3932,301,4233
1769881350,68,31,0,261,0,261,low_activity,0,275,0,275,low_activity,1.0,1326,0,1326,ok_volume,0,0,0,3912,301,4213
1769881351,68,31,0,108,0,108,low_activity,0,313,0,313,low_activity,1.0,1351,0,1351,ok_volume,52,0,52,3829,301,4130
1769881352,68,31,0,52,0,52,low_activity,0,313,0,313,low_activity,1.0,1351,0,1351,ok_volume,0,0,0,3814,301,4115
1769881353,68,31,0,52,0,52,low_activity,0,108,0,108,low_activity,1.0,1351,0,1351,ok_volume,0,0,0,3807,301,4108
1769881354,68,31,0,14,0,14,low_activity,0,66,0,66,low_activity,1.0,1365,0,1365,ok_volume,14,0,14,3821,301,4122
1769881355,68,31,0,84,50,134,low_activity,0,136,50,186,low_activity,0.933,1435,50,1485,ok_volume,77,50,127,3898,351,4249
1769881356,68,31,0,84,128,212,low_activity,0,84,128,212,low_activity,0.836,1435,128,1563,ok_volume,0,0,0,3898,429,4327
1769881357,68,31,0,98,128,226,low_activity,0,112,128,240,low_total_volume,0.839,1463,128,1591,ok_volume,28,0,28,3909,429,4338
1769881358,68,31,0,28,0,28,low_activity,0,112,128,240,low_total_volume,0.824,1323,128,1451,ok_volume,5,0,5,3859,429,4288
1769881359,68,31,0,28,30,58,low_activity,0,98,158,256,low_total_volume,0.787,1323,158,1481,ok_volume,0,30,30,3787,459,4246
1769881360,68,31,0,82,30,112,low_activity,0,110,30,140,low_activity,0.798,1405,158,1563,ok_volume,82,0,82,3728,459,4187
1769881361,68,31,0,107,30,137,low_activity,0,135,30,165,low_total_volume,0.782,1290,158,1448,ok_volume,25,0,25,3066,406,3472
1769881362,68,31,0,107,0,107,low_activity,0,107,30,137,low_activity,0.759,1151,158,1309,ok_volume,1,0,1,3060,406,3466
1769881363,68,31,0,182,0,182,low_activity,0,264,30,294,low_total_volume,0.712,938,158,1096,ok_volume,139,0,139,3016,406,3422
1769881364,68,31,0,157,0,157,low_activity,0,264,0,264,low_total_volume,0.712,938,158,1096,ok_volume,7,0,7,3020,406,3426
1769881365,68,31,0,132,0,132,low_activity,0,182,0,182,low_activity,0.712,938,158,1096,ok_volume,0,0,0,3020,206,3226
1769881366,68,31,0,21,35,56,low_activity,0,178,35,213,low_activity,0.665,959,193,1152,ok_volume,21,35,56,3041,241,3282
1769881367,68,31,0,21,35,56,low_activity,0,153,35,188,low_activity,0.665,959,193,1152,ok_volume,0,0,0,3041,241,3282
1769881368,68,31,0,445,35,480,low_activity,0,445,35,480,low_activity,0.755,1383,193,1576,ok_volume,424,0,424,3465,241,3706
1769881369,68,31,0,494,0,494,low_activity,0.873,515,35,550,ok_volume,0.765,1453,193,1646,ok_volume,70,0,70,2965,241,3206
1769881370,68,31,0,564,0,564,low_activity,0.887,585,35,620,ok_volume,0.76,1414,193,1607,ok_volume,70,0,70,3014,241,3255
1769881371,68,31,0,432,0,432,low_activity,1.0,856,0,856,ok_volume,0.797,1706,193,1899,ok_volume,222,0,222,3250,241,3491
1769881372,68,31,0,362,0,362,low_activity,1.0,856,0,856,ok_volume,0.797,1706,193,1899,ok_volume,0,0,0,3145,241,3386
1769881373,68,31,0,222,23,245,low_activity,0.899,432,23,455,ok_volume,0.761,1594,216,1810,ok_volume,0,23,23,3107,264,3371
1769881374,68,31,0,207,1416,1623,low_activity,-0.427,569,1416,1985,ok_volume,0.056,1801,1609,3410,ok_volume,207,1393,1600,2892,1657,4549
1769881375,68,31,0,207,1416,1623,low_activity,0,429,1416,1845,low_activity,0.052,1787,1609,3396,ok_volume,0,0,0,2892,1657,4549
1769881376,68,31,0,207,1393,1600,low_activity,0,207,1416,1623,low_activity,0.048,1773,1609,3382,ok_volume,0,0,0,2892,1657,4549
1769881377,68,31,0,0,0,0,no_volume,0,207,1416,1623,low_activity,0.048,1773,1609,3382,ok_volume,0,0,0,2892,1657,4549
1769881378,68,31,0,15,0,15,low_activity,0,222,1393,1615,low_activity,-0.008,1583,1609,3192,ok_volume,15,0,15,2907,1609,4516
1769881379,68,31,0,15,0,15,low_activity,0,15,0,15,low_activity,-0.026,1527,1609,3136,ok_volume,0,0,0,2907,1609,4516
1769881380,68,31,0,84,0,84,low_activity,0,84,0,84,low_activity,-0.004,1596,1609,3205,ok_volume,0,0,0,2976,1609,4585
1769881381,68,31,0,69,0,69,low_activity,0,84,0,84,low_activity,-0.021,1544,1609,3153,ok_volume,0,7,7,2949,1616,4565
1769881382,68,31,0,0,277,277,low_activity,0,84,277,361,low_activity,-0.1,1544,1886,3430,ok_volume,0,277,277,2949,1893,4842
1769881383,68,31,0,0,277,277,low_activity,0,69,277,346,low_activity,-0.1,1544,1886,3430,ok_volume,4,0,4,2951,1893,4844
1769881384,68,31,0,0,277,277,low_activity,0,0,277,277,low_activity,-0.104,1530,1886,3416,ok_volume,0,0,0,2947,1893,4840
1769881385,68,31,0,0,0,0,low_activity,0,0,277,277,low_activity,-0.093,1460,1758,3218,ok_volume,4,0,4,2958,1893,4851
1769881386,68,31,0,273,0,273,low_activity,0,273,277,550,low_activity,-0.007,1733,1758,3491,ok_volume,273,0,273,3231,1893,5124
1769881387,68,31,0,273,0,273,low_activity,0,273,0,273,low_activity,-0.015,1705,1758,3463,ok_volume,0,0,0,3231,1893,5124
1769881388,68,31,0,372,0,372,low_activity,0,372,0,372,low_activity,0.013,1804,1758,3562,ok_volume,99,0,99,3190,1893,5083
1769881389,68,31,0,237,0,237,low_activity,0,510,0,510,low_activity,0.058,1942,1728,3670,ok_volume,139,0,139,3328,1893,5221
1769881390,68,31,0.601,683,170,853,ok_volume,0.698,956,170,1126,ok_volume,0.097,2306,1898,4204,ok_volume,446,170,616,3773,2063,5836
1769881391,68,31,0,584,170,754,low_activity,0.601,683,170,853,ok_volume,0.092,2281,1898,4179,ok_volume,7,0,7,3640,2063,5703
1769881392,68,31,0,446,170,616,low_activity,0.601,683,170,853,ok_volume,0.086,2256,1898,4154,ok_volume,0,0,0,3501,2063,5564
1769881393,68,31,0,138,0,138,low_activity,0.619,722,170,892,ok_volume,0.087,2262,1898,4160,ok_volume,138,0,138,3269,2063,5332
1769881394,68,31,0,138,0,138,low_activity,0,584,170,754,low_activity,0.087,2262,1898,4160,ok_volume,0,0,0,3269,2063,5332
1769881395,68,31,0,152,0,152,low_activity,0,152,0,152,low_activity,0.091,2276,1898,4174,ok_volume,14,0,14,3283,2063,5346
1769881396,68,31,0,92,0,92,low_activity,0,230,0,230,low_activity,0.112,2333,1863,4196,ok_volume,78,0,78,3361,2063,5424
1769881397,68,31,0,92,0,92,low_activity,0,230,0,230,low_activity,0.112,2333,1863,4196,ok_volume,0,0,0,3350,2063,5413
1769881398,68,31,0,78,0,78,low_activity,0,92,0,92,low_activity,0.012,1909,1863,3772,ok_volume,0,0,0,3350,2063,5413
1769881399,68,31,0,0,0,0,low_activity,0,92,0,92,low_activity,-0.006,1839,1863,3702,ok_volume,0,8,8,3350,2071,5421
1769881400,68,31,0,21,0,21,low_activity,0,99,0,99,low_activity,-0.04,1720,1863,3583,ok_volume,21,0,21,3262,2071,5333
1769881401,68,31,0,51,0,51,low_activity,0,51,0,51,low_activity,-0.099,1528,1863,3391,ok_volume,30,0,30,3288,2071,5359
1769881402,68,31,0,51,0,51,low_activity,0,51,0,51,low_activity,-0.099,1528,1863,3391,ok_volume,0,0,0,3288,2071,5359
1769881403,68,31,0,30,0,30,low_activity,0,51,0,51,low_activity,-0.093,1528,1840,3368,ok_volume,0,0,0,3176,2071,5247
1769881404,68,31,0,0,0,0,no_volume,0,51,0,51,low_activity,0.494,1321,447,1768,ok_volume,0,0,0,3174,2071,5245
1769881405,68,31,0,50,0,50,low_activity,0,80,0,80,low_activity,0.508,1371,447,1818,ok_volume,50,0,50,3210,2071,5281
1769881406,68,31,0,50,0,50,low_activity,0,50,0,50,low_activity,0.508,1371,447,1818,ok_volume,7,0,7,3203,2071,5274
1769881407,68,31,0,331,0,331,low_activity,0,331,0,331,low_activity,0.574,1652,447,2099,ok_volume,281,0,281,3483,2071,5554
1769881408,68,31,0,281,0,281,low_activity,0,331,0,331,low_activity,0.571,1637,447,2084,ok_volume,7,0,7,3285,2071,5356
1769881409,68,31,0,299,0,299,low_activity,0,349,0,349,low_activity,0.56,1586,447,2033,ok_volume,18,0,18,3246,2071,5317
1769881410,68,31,0,18,0,18,low_activity,0,299,0,299,low_activity,0.56,1586,447,2033,ok_volume,7,0,7,3253,2071,5324
1769881411,68,31,0,18,0,18,low_activity,0,299,0,299,low_activity,0.56,1586,447,2033,ok_volume,0,0,0,3201,2071,5272
1769881412,68,31,0,15,0,15,low_activity,0,33,0,33,low_activity,0.808,1601,170,1771,ok_volume,15,0,15,3216,2071,5287
1769881413,68,31,0,29,0,29,low_activity,0,47,0,47,low_activity,0.81,1615,170,1785,ok_volume,14,0,14,3230,2071,5301
1769881414,68,31,0,29,0,29,low_activity,0,29,0,29,low_activity,0.81,1615,170,1785,ok_volume,0,0,0,3216,2071,5287
1769881415,68,31,0,152,0,152,low_activity,0,167,0,167,low_activity,0.823,1753,170,1923,ok_volume,138,0,138,3277,1943,5220
1769881416,68,31,0,138,0,138,low_activity,0,167,0,167,low_activity,0.794,1480,170,1650,ok_volume,0,0,0,3277,1943,5220
1769881417,68,31,0,138,0,138,low_activity,0,152,0,152,low_activity,0.794,1480,170,1650,ok_volume,3,0,3,3252,1943,5195
1769881418,68,31,0,293,0,293,low_activity,0,431,0,431,low_activity,0.816,1674,170,1844,ok_volume,293,0,293,3540,1943,5483
1769881419,68,31,0,293,0,293,low_activity,0,431,0,431,low_activity,0.801,1536,170,1706,ok_volume,7,0,7,3547,1913,5460
1769881420,68,31,0,293,0,293,low_activity,0,293,0,293,low_activity,1.0,1090,0,1090,ok_volume,0,0,0,3465,1913,5378
1769881421,68,31,0,14,0,14,low_activity,0,307,0,307,low_activity,1.0,1104,0,1104,ok_volume,14,0,14,3454,1913,5367
1769881422,68,31,0,28,0,28,low_activity,0,321,0,321,low_activity,1.0,1118,0,1118,ok_volume,14,0,14,3442,1913,5355
1769881423,68,31,0,39,0,39,low_activity,0,39,0,39,low_activity,1.0,991,0,991,ok_volume,11,0,11,3314,1913,5227
1769881424,68,31,0,25,0,25,low_activity,0,39,0,39,low_activity,1.0,991,0,991,ok_volume,0,0,0,3307,1913,5220
1769881425,68,31,0,45,0,45,low_activity,0,73,0,73,low_activity,1.0,1011,0,1011,ok_volume,0,0,0,3341,1913,5254
1769881426,68,31,0,34,0,34,low_activity,0,59,0,59,low_activity,1.0,933,0,933,ok_volume,0,0,0,3320,1878,5198
1769881427,68,31,0,0,0,0,no_volume,0,45,0,45,low_activity,1.0,933,0,933,ok_volume,0,0,0,3320,1878,5198
1769881428,68,31,0,0,567,567,low_activity,0,34,567,601,low_activity,0.244,933,567,1500,ok_volume,0,567,567,2896,2445,5341
1769881429,68,31,0,0,567,567,low_activity,0,0,567,567,low_activity,0.244,933,567,1500,ok_volume,0,0,0,2826,2445,5271
1769881430,68,31,0,0,567,567,low_activity,0,0,567,567,low_activity,0.233,912,567,1479,ok_volume,1,0,1,2687,2445,5132
1769881431,68,31,0,168,0,168,low_activity,0,168,567,735,low_activity,0.299,1050,567,1617,ok_volume,141,0,141,2633,2445,5078
1769881432,68,31,0,168,0,168,low_activity,0,168,567,735,low_activity,0.299,1050,567,1617,ok_volume,0,0,0,2633,2445,5078
1769881433,68,31,0,179,0,179,low_activity,0,206,0,206,low_activity,0.315,1088,567,1655,ok_volume,38,0,38,2671,2422,5093
1769881434,68,31,0,561,0,561,low_activity,0,729,0,729,low_activity,0.479,1611,567,2178,ok_volume,523,0,523,2987,1029,4016
1769881435,68,31,0,561,0,561,low_activity,0,702,0,702,low_activity,0.467,1561,567,2128,ok_volume,0,0,0,2987,1029,4016
1769881436,68,31,0,523,0,523,low_activity,0,561,0,561,low_activity,0.467,1561,567,2128,ok_volume,0,0,0,2987,1029,4016
1769881437,68,31,0,0,0,0,no_volume,0,561,0,561,low_activity,0.386,1280,567,1847,ok_volume,0,0,0,2987,1029,4016
1769881438,68,31,0,226,0,226,low_activity,0,749,0,749,low_activity,0.453,1506,567,2073,ok_volume,230,0,230,3202,1029,4231
1769881439,68,31,0,226,0,226,low_activity,0,226,0,226,low_activity,0.448,1488,567,2055,ok_volume,0,0,0,3133,1029,4162
1769881440,68,31,0,326,0,326,low_activity,0,326,0,326,low_activity,0.474,1588,567,2155,ok_volume,100,0,100,3233,1032,4265
1769881441,68,31,0,100,0,100,low_activity,0,326,0,326,low_activity,0.474,1588,567,2155,ok_volume,0,0,0,3233,1025,4258
1769881442,68,31,0,100,0,100,low_activity,0,326,0,326,low_activity,0.47,1573,567,2140,ok_volume,0,0,0,3233,748,3981
1769881443,68,31,0,0,0,0,low_activity,0,100,0,100,low_activity,0.467,1559,567,2126,ok_volume,7,0,7,3236,748,3984
1769881444,68,31,0,891,0,891,low_activity,0,991,0,991,low_activity,0.624,2450,567,3017,ok_volume,891,0,891,4120,748,4868
1769881445,68,31,0,891,0,891,low_activity,0,891,0,891,low_activity,0.606,2312,567,2879,ok_volume,0,0,0,4116,748,4864
1769881446,68,31,0,1032,0,1032,low_activity,0,1032,0,1032,low_activity,0.625,2453,567,3020,ok_volume,146,0,146,3989,748,4737
1769881447,68,31,0,141,0,141,low_activity,0,1032,0,1032,low_activity,0.625,2453,567,3020,ok_volume,0,0,0,3989,748,4737
1769881448,68,31,0,155,0,155,low_activity,0,1046,0,1046,low_activity,0.586,2174,567,2741,ok_volume,14,0,14,3904,748,4652
1769881449,68,31,0,14,0,14,low_activity,0,155,0,155,low_activity,0.586,2174,567,2741,ok_volume,0,0,0,3765,748,4513
1769881450,68,31,0,14,0,14,low_activity,0,155,0,155,low_activity,0.586,2174,567,2741,ok_volume,0,0,0,3319,578,3897
1769881451,68,31,0,27,0,27,low_activity,0,41,0,41,low_activity,0.588,2187,567,2754,ok_volume,27,0,27,3339,578,3917
1769881452,68,31,0,27,0,27,low_activity,0,41,0,41,low_activity,0.586,2173,567,2740,ok_volume,0,0,0,3339,578,3917
1769881453,68,31,0,27,0,27,low_activity,0,27,0,27,low_activity,0.584,2162,567,2729,ok_volume,1,0,1,3202,578,3780
1769881454,68,31,0,0,11,11,low_activity,0,27,11,38,low_activity,0.573,2128,578,2706,ok_volume,0,11,11,3202,589,3791
1769881455,68,31,0,0,11,11,low_activity,0,27,11,38,low_activity,0.573,2128,578,2706,ok_volume,0,0,0,3188,589,3777
1769881456,68,31,0,1418,11,1429,low_activity,0,1418,11,1429,low_activity,0.72,3546,578,4124,ok_volume,1418,0,1418,4528,589,5117
1769881457,68,31,0,1770,0,1770,low_activity,0,1770,11,1781,low_activity,0.742,3898,578,4476,ok_volume,352,0,352,4880,589,5469
1769881458,68,31,0,1951,0,1951,low_activity,0,1951,11,1962,low_activity,0.995,4079,11,4090,ok_volume,181,0,181,5061,589,5650
1769881459,68,31,0,533,0,533,low_activity,0,1951,0,1951,low_activity,0.995,4079,11,4090,ok_volume,0,0,0,5061,581,5642
1769881460,68,31,0,202,0,202,low_activity,0,1972,0,1972,low_activity,0.995,4073,11,4084,ok_volume,21,0,21,5061,581,5642
1769881461,68,31,0,21,0,21,low_activity,0,554,0,554,low_activity,0.994,3932,11,3943,ok_volume,0,0,0,5031,581,5612
1769881462,68,31,0,21,0,21,low_activity,0,202,0,202,low_activity,0.994,3932,11,3943,ok_volume,0,0,0,5031,581,5612
1769881463,68,31,0,0,0,0,low_activity,0,21,0,21,low_activity,0.994,3894,11,3905,ok_volume,9,0,9,5040,581,5621
1769881464,68,31,0,168,0,168,low_activity,0,189,0,189,low_activity,0.994,3539,11,3550,ok_volume,175,0,175,5215,581,5796
1769881465,68,31,0,168,0,168,low_activity,0,168,0,168,low_activity,0.994,3539,11,3550,ok_volume,0,0,0,5165,581,5746
1769881466,68,31,0,465,0,465,low_activity,0,465,0,465,low_activity,0.994,3836,11,3847,ok_volume,297,0,297,5455,581,6036
1769881467,68,31,0,387,0,387,low_activity,1.0,555,0,555,ok_volume,0.994,3926,11,3937,ok_volume,90,0,90,5264,581,5845
1769881468,68,31,0,528,0,528,low_activity,1.0,696,0,696,ok_volume,0.994,3841,11,3852,ok_volume,141,0,141,5398,581,5979
1769881469,68,31,0,443,0,443,low_activity,1.0,740,0,740,ok_volume,0.995,4053,11,4064,ok_volume,212,0,212,5592,581,6173
1769881470,68,31,0,925,0,925,low_activity,1.0,1312,0,1312,ok_volume,0.995,4525,11,4536,ok_volume,572,0,572,6157,581,6738
1769881471,68,31,0,812,0,812,low_activity,1.0,1043,0,1043,ok_volume,0.995,4553,11,4564,ok_volume,28,0,28,6185,581,6766
1769881472,68,31,0,600,0,600,low_activity,1.0,953,0,953,ok_volume,0.995,4553,11,4564,ok_volume,0,0,0,6170,581,6751
1769881473,68,31,0,28,0,28,low_activity,0,812,0,812,low_activity,0.995,4553,11,4564,ok_volume,0,0,0,6156,581,6737
1769881474,68,31,0,0,0,0,no_volume,0,600,0,600,low_activity,0.994,3662,11,3673,ok_volume,0,0,0,6156,581,6737
1769881475,68,31,0,0,0,0,no_volume,0,28,0,28,low_activity,0.994,3662,11,3673,ok_volume,0,0,0,6018,581,6599
1769881476,68,31,0,14,0,14,low_activity,0,14,0,14,low_activity,0.994,3535,11,3546,ok_volume,14,0,14,6032,581,6613
1769881477,68,31,0,295,0,295,low_activity,0,295,0,295,low_activity,0.994,3816,11,3827,ok_volume,281,0,281,6310,581,6891
1769881478,68,31,0,309,0,309,low_activity,0,309,0,309,low_activity,0.994,3816,11,3827,ok_volume,14,0,14,6031,581,6612
1769881479,68,31,1.0,422,0,422,ok_volume,1.0,436,0,436,ok_volume,0.994,3943,11,3954,ok_volume,127,0,127,6151,581,6732
1769881480,68,31,0,141,0,141,low_activity,1.0,436,0,436,ok_volume,0.994,3943,11,3954,ok_volume,0,0,0,6151,581,6732
1769881481,68,31,0,127,0,127,low_activity,1.0,422,0,422,ok_volume,0.994,3916,11,3927,ok_volume,0,0,0,6137,581,6718
1769881482,68,31,0,106,0,106,low_activity,0,247,0,247,low_activity,0.995,4022,11,4033,ok_volume,107,0,107,6230,581,6811
1769881483,68,31,0,106,0,106,low_activity,0,233,0,233,low_activity,0.995,4022,11,4033,ok_volume,0,0,0,6219,581,6800
1769881484,68,31,0,106,0,106,low_activity,0,106,0,106,low_activity,1.0,4022,0,4022,ok_volume,0,0,0,6185,581,6766
1769881485,68,31,0,21,0,21,low_activity,0,127,0,127,low_activity,1.0,4043,0,4043,ok_volume,21,0,21,6206,581,6787
1769881486,68,31,0,21,0,21,low_activity,0,127,0,127,low_activity,1.0,2625,0,2625,ok_volume,0,0,0,6206,581,6787
1769881487,68,31,0,423,0,423,low_activity,0,423,0,423,low_activity,1.0,2675,0,2675,ok_volume,402,0,402,6608,581,7189
1769881488,68,31,0,402,0,402,low_activity,0,423,0,423,low_activity,1.0,2494,0,2494,ok_volume,8,0,8,6616,14,6630
1769881489,68,31,0,402,0,402,low_activity,0,423,0,423,low_activity,1.0,2494,0,2494,ok_volume,0,0,0,6616,14,6630
1769881490,68,31,0,121,0,121,low_activity,0,523,0,523,low_activity,1.0,2594,0,2594,ok_volume,121,0,121,6709,14,6723
1769881491,68,31,0,121,0,121,low_activity,0,523,0,523,low_activity,1.0,2594,0,2594,ok_volume,0,0,0,6568,14,6582
1769881492,68,31,0,2121,0,2121,low_activity,0,2121,0,2121,low_activity,1.0,4594,0,4594,ok_volume,0,0,0,8568,14,8582
1769881493,68,31,0,3408,0,3408,low_activity,0,3529,0,3529,low_activity,1.0,6002,0,6002,ok_volume,1408,0,1408,9938,14,9952
1769881494,68,31,0,1421,0,1421,low_activity,0,3542,0,3542,low_activity,1.0,5847,0,5847,ok_volume,13,0,13,9428,14,9442
1769881495,68,31,0,1421,0,1421,low_activity,0,3421,0,3421,low_activity,1.0,5847,0,5847,ok_volume,0,0,0,9428,14,9442
1769881496,68,31,0,24,0,24,low_activity,0,1432,0,1432,low_activity,1.0,5561,0,5561,ok_volume,11,0,11,9439,14,9453
1769881497,68,31,0,11,0,11,low_activity,0,1432,0,1432,low_activity,1.0,5471,0,5471,ok_volume,1,0,1,9440,14,9454
1769881498,68,31,0,152,0,152,low_activity,0,165,0,165,low_activity,1.0,5471,0,5471,ok_volume,150,0,150,9360,14,9374
1769881499,68,31,0,141,0,141,low_activity,0,152,0,152,low_activity,1.0,5259,0,5259,ok_volume,0,0,0,9360,11,9371
1769881500,68,31,0,281,0,281,low_activity,0,292,0,292,low_activity,1.0,4827,0,4827,ok_volume,140,0,140,9400,11,9411
1769881501,68,31,0,834,0,834,low_activity,0,975,0,975,low_activity,1.0,5493,0,5493,ok_volume,701,0,701,10101,11,10112
1769881502,68,31,0,834,0,834,low_activity,0,975,0,975,low_activity,1.0,5493,0,5493,ok_volume,1,0,1,10102,11,10113
1769881503,68,31,0,714,0,714,low_activity,0,854,0,854,low_activity,1.0,5513,0,5513,ok_volume,20,0,20,10115,11,10126
1769881504,68,31,0,20,0,20,low_activity,0,854,0,854,low_activity,1.0,5513,0,5513,ok_volume,0,0,0,9224,11,9235
1769881505,68,31,0,20,0,20,low_activity,0,714,0,714,low_activity,1.0,5513,0,5513,ok_volume,6,0,6,9230,11,9241
1769881506,68,31,0,149,0,149,low_activity,0,169,0,169,low_activity,1.0,5648,0,5648,ok_volume,149,0,149,9233,11,9244
1769881507,68,31,0,778,0,778,low_activity,0,798,0,798,low_activity,1.0,5996,0,5996,ok_volume,636,0,636,9869,11,9880
1769881508,68,31,0,778,0,778,low_activity,0,778,0,778,low_activity,1.0,5982,0,5982,ok_volume,0,0,0,9855,11,9866
1769881509,68,31,0,762,0,762,low_activity,0,911,0,911,low_activity,1.0,5988,0,5988,ok_volume,133,0,133,9988,11,9999
1769881510,68,31,0,164,0,164,low_activity,1.0,942,0,942,ok_volume,1.0,6019,0,6019,ok_volume,35,0,35,10023,11,10034
1769881511,68,31,1.0,1068,0,1068,ok_volume,1.0,1697,0,1697,ok_volume,1.0,6923,0,6923,ok_volume,904,0,904,10900,11,10911
1769881512,68,31,0,935,0,935,low_activity,1.0,1068,0,1068,ok_volume,1.0,6817,0,6817,ok_volume,3,0,3,10903,11,10914
1769881513,68,31,0,1045,0,1045,low_activity,1.0,1209,0,1209,ok_volume,1.0,6958,0,6958,ok_volume,141,0,141,11043,11,11054
1769881514,68,31,0,211,0,211,low_activity,1.0,1146,0,1146,ok_volume,1.0,7028,0,7028,ok_volume,70,0,70,11113,0,11113
1769881515,68,31,0,228,0,228,low_activity,1.0,1132,0,1132,ok_volume,1.0,7024,0,7024,ok_volume,17,0,17,11130,0,11130
1769881516,68,31,0,87,0,87,low_activity,0,228,0,228,low_activity,1.0,7024,0,7024,ok_volume,0,0,0,9712,0,9712
1769881517,68,31,0,155,0,155,low_total_volume,1.0,366,0,366,ok_volume,1.0,6760,0,6760,ok_volume,140,0,140,9500,0,9500
1769881518,68,31,0,138,0,138,low_activity,0,225,0,225,low_total_volume,1.0,6760,0,6760,ok_volume,0,0,0,9319,0,9319
1769881519,68,31,0,138,0,138,low_activity,0,155,0,155,low_total_volume,1.0,6760,0,6760,ok_volume,0,0,0,9319,0,9319
1769881520,68,31,0,0,0,0,no_volume,0,138,0,138,low_activity,1.0,6639,0,6639,ok_volume,0,0,0,9298,0,9298
1769881521,68,31,0,35,0,35,low_activity,0,173,0,173,low_total_volume,1.0,4674,0,4674,ok_volume,35,0,35,9333,0,9333
1769881522,68,31,0,35,0,35,low_activity,0,35,0,35,low_activity,1.0,4674,0,4674,ok_volume,2,0,2,9335,0,9335
1769881523,68,31,0,35,0,35,low_activity,0,35,0,35,low_activity,1.0,3266,0,3266,ok_volume,0,0,0,9326,0,9326
1769881524,68,31,0,0,0,0,low_activity,0,35,0,35,low_activity,1.0,3253,0,3253,ok_volume,8,0,8,9159,0,9159
1769881525,68,31,0,0,0,0,low_activity,0,35,0,35,low_activity,1.0,3253,0,3253,ok_volume,0,0,0,9159,0,9159
1769881526,68,31,0,0,0,0,low_activity,0,0,0,0,low_activity,1.0,3242,0,3242,ok_volume,0,0,0,8862,0,8862
1769881527,68,31,0,0,0,0,low_activity,0,0,0,0,low_activity,1.0,3242,0,3242,ok_volume,1,0,1,8773,0,8773
1769881528,68,31,0,0,0,0,low_activity,0,0,0,0,low_activity,1.0,3101,0,3101,ok_volume,0,0,0,8632,0,8632
1769881529,68,31,0,0,0,0,low_activity,0,0,0,0,low_activity,1.0,3101,0,3101,ok_volume,0,0,0,8420,0,8420
1769881530,68,31,0,0,0,0,no_volume,0,0,0,0,low_activity,1.0,2961,0,2961,ok_volume,0,0,0,7848,0,7848
1769881531,68,31,0,0,0,0,no_volume,0,0,0,0,low_activity,1.0,2267,0,2267,ok_volume,0,0,0,7820,0,7820
1769881532,68,31,0,0,0,0,no_volume,0,0,0,0,no_volume,1.0,2267,0,2267,ok_volume,0,0,0,7820,0,7820
1769881533,68,31,0,0,0,0,no_volume,0,0,0,0,no_volume,1.0,2247,0,2247,ok_volume,0,0,0,7820,0,7820
1769881534,68,31,0,0,0,0,low_activity,0,0,0,0,low_activity,1.0,2247,0,2247,ok_volume,8,0,8,7828,0,7828
1769881535,68,31,0,129,0,129,low_activity,0,129,0,129,low_activity,1.0,2376,0,2376,ok_volume,135,0,135,7963,0,7963
1769881536,68,31,0,129,0,129,low_activity,0,129,0,129,low_activity,1.0,2227,0,2227,ok_volume,13,0,13,7962,0,7962
1769881537,68,31,0,129,0,129,low_activity,0,129,0,129,low_activity,1.0,1598,0,1598,ok_volume,0,0,0,7681,0,7681
1769881538,68,31,0,0,0,0,low_activity,0,129,0,129,low_activity,1.0,1598,0,1598,ok_volume,0,0,0,7667,0,7667
1769881539,69,30,0,12,0,12,low_activity,0,141,0,141,low_total_volume,1.0,1477,0,1477,ok_volume,25,0,25,7565,0,7565
1769881540,69,30,0,12,0,12,low_activity,0,12,0,12,low_activity,1.0,1446,0,1446,ok_volume,0,0,0,7565,0,7565
1769881541,69,30,0,12,0,12,low_activity,0,12,0,12,low_activity,1.0,542,0,542,ok_volume,14,0,14,7579,0,7579
1769881542,69,30,0,16,0,16,low_activity,0,28,0,28,low_activity,1.0,558,0,558,ok_volume,16,0,16,7488,0,7488
1769881543,69,30,0,16,0,16,low_activity,0,28,0,28,low_activity,1.0,417,0,417,ok_volume,0,0,0,7488,0,7488
1769881544,69,30,0,16,0,16,low_activity,0,16,0,16,low_activity,1.0,347,0,347,ok_volume,0,0,0,7488,0,7488
1769881545,69,30,0,0,0,0,no_volume,0,16,0,16,low_activity,1.0,330,0,330,ok_volume,0,0,0,7467,0,7467
1769881546,69,30,0,0,0,0,no_volume,0,16,0,16,low_activity,1.0,330,0,330,ok_volume,0,0,0,7467,0,7467
1769881547,69,30,0,0,0,0,low_activity,0,0,0,0,low_activity,0,192,0,192,low_total_volume,4,0,4,7069,0,7069
1769881548,69,30,0,0,0,0,low_activity,0,0,0,0,low_activity,0,192,0,192,low_total_volume,6,0,6,7067,0,7067
1769881549,69,29,0,69,0,69,low_activity,0,69,0,69,low_activity,0,261,0,261,low_total_volume,73,0,73,7140,0,7140
1769881550,69,30,0,69,0,69,low_activity,0,69,0,69,low_activity,0,261,0,261,low_total_volume,5,0,5,7024,0,7024
1769881551,69,30,0,69,0,69,low_activity,0,69,0,69,low_activity,0,226,0,226,low_total_volume,0,0,0,5024,0,5024
1769881552,69,30,0,0,0,0,low_activity,0,69,0,69,low_activity,0,226,0,226,low_total_volume,0,0,0,5024,0,5024
1769881553,69,30,0,0,0,0,no_volume,0,69,0,69,low_activity,0,226,0,226,low_total_volume,0,0,0,3616,0,3616
1769881554,69,30,0,0,0,0,no_volume,0,0,0,0,low_activity,0,226,0,226,low_total_volume,0,0,0,3603,0,3603
1769881555,69,30,0,0,0,0,no_volume,0,0,0,0,no_volume,0,226,0,226,low_total_volume,0,0,0,3603,0,3603
1769881556,69,30,0,559,0,559,low_activity,0,559,0,559,low_activity,1.0,785,0,785,ok_volume,11,0,11,4162,0,4162
1769881557,69,30,0,559,0,559,low_activity,0,559,0,559,low_activity,1.0,785,0,785,ok_volume,0,0,0,4161,0,4161
1769881558,69,30,0,36,0,36,low_activity,0,595,0,595,low_activity,1.0,821,0,821,ok_volume,36,0,36,4047,0,4047
1769881559,68,31,0,36,60,96,low_activity,0.817,595,60,655,ok_volume,0.864,821,60,881,ok_volume,1,60,61,4048,60,4108
1769881560,68,31,0,49,60,109,low_total_volume,0,49,60,109,low_total_volume,0.866,834,60,894,ok_volume,13,0,13,3921,60,3981
1769881561,68,31,0,26,60,86,low_total_volume,0,62,60,122,low_total_volume,0.868,847,60,907,ok_volume,14,0,14,3234,60,3294
1769881562,68,31,0,26,0,26,low_activity,0,62,60,122,low_total_volume,0.868,847,60,907,ok_volume,3,0,3,3236,60,3296
1769881563,68,31,0,13,0,13,low_activity,0,26,60,86,low_total_volume,0.868,847,60,907,ok_volume,2,0,2,3218,60,3278
1769881564,68,31,0,51,0,51,low_activity,0,77,0,77,low_activity,0.875,898,60,958,ok_volume,51,0,51,3269,60,3329
1769881565,68,31,0,51,0,51,low_activity,0,64,0,64,low_activity,0.855,769,60,829,ok_volume,1,1,2,3264,61,3325
1769881566,68,31,0,107,0,107,low_activity,0,107,0,107,low_activity,0.864,825,60,885,ok_volume,56,0,56,3171,61,3232
1769881567,68,31,0,56,20,76,low_activity,0,107,20,127,low_activity,0.823,825,80,905,ok_volume,0,20,20,2535,81,2616
1769881568,68,31,0,102,20,122,low_activity,0,153,20,173,low_activity,0.832,871,80,951,ok_volume,46,0,46,2581,81,2662
1769881569,68,31,0,246,20,266,low_activity,0,302,20,322,low_activity,0.86,1059,80,1139,ok_volume,200,0,200,2648,81,2729
1769881570,68,31,0,501,0,501,low_activity,0.931,557,20,577,ok_volume,0.885,1314,80,1394,ok_volume,255,0,255,2868,81,2949
1769881571,68,31,0,496,0,496,low_activity,0.929,542,20,562,ok_volume,0.889,1355,80,1435,ok_volume,48,0,48,2012,81,2093
1769881572,68,31,0,296,0,296,low_activity,0,542,0,542,low_activity,0.887,1339,80,1419,ok_volume,0,0,0,2009,81,2090
1769881573,68,31,0,793,0,793,low_activity,1.0,1248,0,1248,ok_volume,0.926,2091,80,2171,ok_volume,752,0,752,2620,81,2701
1769881574,68,31,0,752,0,752,low_activity,0,1048,0,1048,low_activity,0.926,2091,80,2171,ok_volume,0,0,0,2550,81,2631
1769881575,68,31,0,1393,0,1393,low_activity,1.0,1434,0,1434,ok_volume,0.943,2732,80,2812,ok_volume,641,0,641,3174,81,3255
1769881576,68,31,0,679,0,679,low_activity,1.0,1431,0,1431,ok_volume,0.944,2770,80,2850,ok_volume,38,0,38,3212,81,3293
1769881577,68,31,0,679,0,679,low_activity,1.0,1431,0,1431,ok_volume,0.944,2770,80,2850,ok_volume,0,0,0,3072,81,3153
1769881578,68,31,0,38,0,38,low_activity,0,679,0,679,low_activity,0.944,2770,80,2850,ok_volume,0,0,0,3072,81,3153
1769881579,68,31,0,1200,0,1200,low_activity,1.0,1879,0,1879,ok_volume,0.96,3901,80,3981,ok_volume,1201,0,1201,4273,81,4354
1769881580,68,31,0,1200,0,1200,low_activity,0,1238,0,1238,low_activity,0.96,3901,80,3981,ok_volume,0,0,0,4273,81,4354
1769881581,68,31,0,1360,0,1360,low_activity,0,1360,0,1360,low_activity,0.961,4061,80,4141,ok_volume,160,0,160,4398,81,4479
1769881582,68,31,0,160,0,160,low_activity,0,1360,0,1360,low_activity,0.961,4061,80,4141,ok_volume,0,0,0,4396,81,4477
1769881583,68,31,0,160,0,160,low_activity,0,1360,0,1360,low_activity,0.961,4061,80,4141,ok_volume,7,0,7,4403,81,4484
1769881584,68,31,0,241,0,241,low_activity,0,401,0,401,low_activity,0.963,4302,80,4382,ok_volume,241,0,241,4636,81,4717
1769881585,68,31,0,241,0,241,low_activity,0,401,0,401,low_activity,0.958,3743,80,3823,ok_volume,0,0,0,4636,81,4717
1769881586,68,31,0,241,0,241,low_activity,0,241,0,241,low_activity,0.958,3743,80,3823,ok_volume,0,0,0,4636,81,4717
1769881587,68,31,0,0,0,0,no_volume,0,241,0,241,low_activity,0.958,3743,80,3823,ok_volume,0,0,0,4635,81,4716
1769881588,68,31,0,0,0,0,no_volume,0,241,0,241,low_activity,0.958,3707,80,3787,ok_volume,0,0,0,4635,81,4716
1769881589,68,31,0,141,0,141,low_activity,0,141,0,141,low_activity,0.99,3848,20,3868,ok_volume,141,0,141,4776,81,4857
1769881590,68,31,0,494,0,494,low_activity,0,494,0,494,low_activity,0.99,4188,20,4208,ok_volume,0,0,0,5129,81,5210
1769881591,68,31,0,494,0,494,low_activity,0,494,0,494,low_activity,0.99,4175,20,4195,ok_volume,0,0,0,5129,81,5210
1769881592,68,31,0,0,0,0,no_volume,0,494,0,494,low_activity,0.99,4175,20,4195,ok_volume,0,0,0,5129,81,5210
1769881593,68,31,0,0,0,0,no_volume,0,494,0,494,low_activity,0.99,4175,20,4195,ok_volume,0,0,0,5129,81,5210
1769881594,68,31,0,0,0,0,no_volume,0,0,0,0,no_volume,0.99,4124,20,4144,ok_volume,0,0,0,5121,81,5202
1769881595,68,31,0,0,0,0,no_volume,0,0,0,0,no_volume,0.99,4124,20,4144,ok_volume,0,0,0,4986,81,5067
1769881596,68,31,0,28,0,28,low_activity,0,28,0,28,low_activity,0.99,4096,20,4116,ok_volume,28,0,28,5001,81,5082
1769881597,68,31,0,28,0,28,low_activity,0,28,0,28,low_activity,1.0,4096,0,4096,ok_volume,0,0,0,5001,81,5082
1769881598,68,31,0,28,0,28,low_activity,0,28,0,28,low_activity,1.0,4050,0,4050,ok_volume,0,0,0,5001,81,5082
1769881599,68,31,0,0,0,0,no_volume,0,28,0,28,low_activity,1.0,3850,0,3850,ok_volume,0,0,0,4976,81,5057
1769881600,68,31,0,0,0,0,no_volume,0,28,0,28,low_activity,1.0,3595,0,3595,ok_volume,0,0,0,4976,81,5057
1769881601,68,31,0,0,0,0,no_volume,0,0,0,0,no_volume,1.0,3554,0,3554,ok_volume,0,0,0,4962,81,5043
1769881602,68,31,0,0,0,0,no_volume,0,0,0,0,no_volume,1.0,3554,0,3554,ok_volume,0,0,0,4946,81,5027
1769881603,68,31,0,0,0,0,no_volume,0,0,0,0,no_volume,1.0,2802,0,2802,ok_volume,0,0,0,4946,81,5027
1769881604,67,31,0,0,109,109,low_activity,0,0,109,109,low_activity,0.925,2802,109,2911,ok_volume,0,112,112,4946,193,5139
1769881605,67,31,0,20,109,129,low_activity,0,20,109,129,low_activity,0.905,2181,109,2290,ok_volume,25,0,25,4971,193,5164
1769881606,67,32,0,20,109,129,low_activity,0,20,109,129,low_activity,0.903,2143,109,2252,ok_volume,0,0,0,4971,193,5164
1769881607,67,32,0,20,0,20,low_activity,0,20,109,129,low_activity,0.903,2143,109,2252,ok_volume,0,0,0,4967,193,5160
1769881608,67,32,0,0,0,0,no_volume,0,20,109,129,low_activity,0.903,2143,109,2252,ok_volume,0,0,0,4961,193,5154
1769881609,67,32,0,0,0,0,no_volume,0,20,0,20,low_activity,0.793,943,109,1052,ok_volume,0,0,0,4888,193,5081
1769881610,67,32,0,422,0,422,low_activity,0,422,0,422,low_activity,0.852,1365,109,1474,ok_volume,422,0,422,5305,193,5498
1769881611,67,32,0,446,0,446,low_activity,0,446,0,446,low_activity,0.837,1229,109,1338,ok_volume,24,0,24,5329,193,5522
1769881612,67,32,0,446,0,446,low_activity,0,446,0,446,low_activity,0.837,1229,109,1338,ok_volume,0,0,0,5329,193,5522
1769881613,67,32,0,24,25,49,low_activity,0,446,25,471,low_activity,0.803,1229,134,1363,ok_volume,2,25,27,5331,218,5549
1769881614,67,32,0,49,25,74,low_activity,0.904,495,25,520,ok_volume,0.771,1037,134,1171,ok_volume,49,0,49,5380,218,5598
1769881615,67,32,0,49,25,74,low_activity,0,73,25,98,low_activity,0.771,1037,134,1171,ok_volume,0,0,0,4821,218,5039
1769881616,67,32,0,49,0,49,low_activity,0,49,25,74,low_activity,0.771,1037,134,1171,ok_volume,0,0,0,4810,218,5028
1769881617,67,32,0,0,0,0,no_volume,0,49,25,74,low_activity,0.771,1037,134,1171,ok_volume,0,0,0,4810,218,5028
1769881618,67,32,0,0,0,0,no_volume,0,49,0,49,low_activity,0.771,1037,134,1171,ok_volume,0,0,0,4774,218,4992
1769881619,67,32,0,0,0,0,no_volume,0,0,0,0,no_volume,0.604,543,134,677,ok_volume,0,0,0,4773,158,4931
1769881620,67,32,0,64,0,64,low_activity,0,64,0,64,low_activity,0.638,607,134,741,ok_volume,64,0,64,4824,158,4982
1769881621,67,32,0,64,0,64,low_activity,0,64,0,64,low_activity,0.638,607,134,741,ok_volume,0,0,0,4810,158,4968
1769881622,67,32,0,64,0,64,low_activity,0,64,0,64,low_activity,0.638,607,134,741,ok_volume,0,0,0,4807,158,4965
1769881623,67,32,0,643,0,643,low_activity,0,707,0,707,low_activity,0.806,1250,134,1384,ok_volume,643,0,643,5448,158,5606
1769881624,67,32,0,1071,0,1071,low_activity,1.0,1135,0,1135,ok_volume,0.852,1678,134,1812,ok_volume,428,0,428,5825,158,5983
1769881625,67,32,0,1071,0,1071,low_activity,0,1071,0,1071,low_activity,0.852,1678,134,1812,ok_volume,0,0,0,5824,157,5981
1769881626,67,32,0,1142,0,1142,low_activity,0,1785,0,1785,low_activity,0.893,2364,134,2498,ok_volume,714,0,714,6482,157,6639
1769881627,67,32,0,714,0,714,low_activity,0,1785,0,1785,low_activity,0.893,2364,134,2498,ok_volume,0,0,0,6482,137,6619
1769881628,67,32,0,714,0,714,low_activity,0,1142,0,1142,low_activity,0.893,2364,134,2498,ok_volume,0,0,0,6436,137,6573
1769881629,67,32,0,14,0,14,low_activity,0,728,0,728,low_activity,0.893,2378,134,2512,ok_volume,14,0,14,6251,137,6388
1769881630,67,32,0,14,0,14,low_activity,0,728,0,728,low_activity,0.893,2378,134,2512,ok_volume,0,0,0,5996,137,6133
1769881631,67,32,0,85,0,85,low_activity,0,85,0,85,low_activity,0.896,2449,134,2583,ok_volume,71,0,71,6019,137,6156
1769881632,67,32,0,214,0,214,low_activity,0,228,0,228,low_activity,0.902,2592,134,2726,ok_volume,143,0,143,6162,137,6299
1769881633,67,32,0.926,314,12,326,ok_volume,0.929,328,12,340,ok_volume,0.897,2692,146,2838,ok_volume,103,12,115,5513,149,5662
1769881634,67,32,0,243,12,255,low_activity,0.926,314,12,326,ok_volume,0.973,2692,37,2729,ok_volume,8,0,8,5521,149,5670
1769881635,67,32,0,3333,12,3345,low_activity,0.993,3547,12,3559,ok_volume,0.988,5905,37,5942,ok_volume,3233,0,3233,8113,149,8262
1769881636,67,32,0,3268,0,3268,low_activity,0.993,3511,12,3523,ok_volume,0.988,5940,37,5977,ok_volume,35,0,35,8110,149,8259
1769881637,67,32,0,3268,0,3268,low_activity,0.993,3368,12,3380,ok_volume,0.988,5940,37,5977,ok_volume,8,0,8,8118,149,8267
1769881638,66,33,0,92,137,229,low_total_volume,0.921,3325,137,3462,ok_volume,0.944,5997,174,6171,ok_volume,57,155,212,8175,304,8479
1769881639,66,33,0,57,137,194,low_activity,0.921,3325,137,3462,ok_volume,0.944,5997,174,6171,ok_volume,0,0,0,6974,304,7278
1769881640,66,33,0,57,137,194,low_activity,0,92,137,229,low_total_volume,0.939,5575,174,5749,ok_volume,0,0,0,6974,304,7278
1769881641,66,33,0,0,71,71,low_activity,0,57,208,265,low_total_volume,0.915,5551,245,5796,ok_volume,0,71,71,6814,375,7189
1769881642,66,33,0,0,71,71,low_activity,0,57,208,265,low_total_volume,0.915,5551,245,5796,ok_volume,0,0,0,6814,375,7189
1769881643,66,33,0,0,71,71,low_activity,0,0,71,71,low_activity,0.924,5551,220,5771,ok_volume,0,0,0,6807,375,7182
1769881644,66,33,0,0,0,0,no_volume,0,0,71,71,low_activity,0.923,5502,220,5722,ok_volume,0,0,0,6566,375,6941
1769881645,66,33,0,50,0,50,low_activity,0,50,71,121,low_activity,0.924,5552,220,5772,ok_volume,52,0,52,6618,375,6993
1769881646,66,33,0,50,0,50,low_activity,0,50,0,50,low_activity,0.924,5552,220,5772,ok_volume,0,0,0,6618,375,6993
1769881647,66,33,0,50,0,50,low_activity,0,50,0,50,low_activity,0.924,5552,220,5772,ok_volume,2,0,2,6620,375,6995
1769881648,66,33,0,0,0,0,low_activity,0,50,0,50,low_activity,0.924,5552,220,5772,ok_volume,0,0,0,6620,375,6995
1769881649,65,34,0,362,0,362,low_activity,0,412,0,412,low_activity,0.928,5914,220,6134,ok_volume,362,0,362,6488,375,6863
1769881650,65,34,0,362,33,395,low_activity,0,362,33,395,low_activity,0.917,5850,253,6103,ok_volume,0,33,33,6488,408,6896
1769881651,65,34,0,362,33,395,low_activity,0,362,33,395,low_activity,0.917,5850,253,6103,ok_volume,7,0,7,6495,408,6903
1769881652,65,34,0,0,33,33,low_activity,0,362,33,395,low_activity,0.917,5850,253,6103,ok_volume,0,0,0,6495,408,6903
1769881653,65,34,0,0,0,0,low_activity,0,362,33,395,low_activity,0.907,5207,253,5460,ok_volume,0,0,0,6495,408,6903
1769881654,65,34,0,0,36,36,low_activity,0,0,69,69,low_activity,0.886,4779,289,5068,ok_volume,0,36,36,6495,444,6939
1769881655,65,34,0,0,36,36,low_activity,0,0,36,36,low_activity,0.886,4779,289,5068,ok_volume,0,0,0,6495,444,6939
1769881656,65,34,0,0,36,36,low_activity,0,0,36,36,low_activity,0.867,4065,289,4354,ok_volume,0,0,0,6467,444,6911
1769881657,65,34,0,0,0,0,no_volume,0,0,36,36,low_activity,0.867,4065,289,4354,ok_volume,0,0,0,6467,444,6911
1769881658,65,34,0,0,0,0,no_volume,0,0,36,36,low_activity,0.867,4065,289,4354,ok_volume,0,0,0,6467,444,6911
1769881659,65,34,0,0,0,0,no_volume,0,0,0,0,no_volume,0.867,4051,289,4340,ok_volume,0,0,0,6467,444,6911
1769881660,65,34,0,0,0,0,no_volume,0,0,0,0,no_volume,0.867,4051,289,4340,ok_volume,0,0,0,6467,444,6911
1769881661,65,34,0,0,0,0,no_volume,0,0,0,0,no_volume,0.865,3980,289,4269,ok_volume,0,0,0,6467,444,6911
1769881662,65,34,0,73,0,73,low_activity,0,73,0,73,low_activity,0.862,3910,289,4199,ok_volume,73,0,73,6540,444,6984
1769881663,65,34,1.0,3851,0,3851,ok_volume,1.0,3851,0,3851,ok_volume,0.93,7588,277,7865,ok_volume,3780,0,3780,10320,444,10764
1769881664,65,34,1.0,3851,0,3851,ok_volume,1.0,3851,0,3851,ok_volume,0.93,7588,277,7865,ok_volume,2,0,2,10322,332,10654
1769881665,65,34,1.0,3778,0,3778,ok_volume,1.0,3851,0,3851,ok_volume,0.88,4355,277,4632,ok_volume,0,0,0,10297,332,10629
1769881666,65,34,0,0,0,0,low_activity,1.0,3851,0,3851,ok_volume,0.879,4320,277,4597,ok_volume,1,0,1,10298,332,10630
1769881667,65,34,0,0,0,0,low_activity,1.0,3778,0,3778,ok_volume,0.879,4320,277,4597,ok_volume,0,0,0,10298,332,10630
1769881668,67,32,0,0,0,0,low_activity,0,0,0,0,low_activity,0.936,4263,140,4403,ok_volume,9,0,9,10307,332,10639
1769881669,67,30,0,0,0,0,low_activity,0,0,0,0,low_activity,0.936,4263,140,4403,ok_volume,0,0,0,10307,332,10639
1769881670,68,29,0,0,0,0,low_activity,0,0,0,0,low_activity,0.936,4263,140,4403,ok_volume,0,0,0,9885,332,10217
1769881671,68,29,0,0,0,0,no_volume,0,0,0,0,low_activity,0.968,4263,69,4332,ok_volume,0,0,0,9861,332,10193
1769881672,67,29,0,0,0,0,no_volume,0,0,0,0,low_activity,0.968,4263,69,4332,ok_volume,0,0,0,9861,332,10193
1769881673,68,29,0,0,0,0,no_volume,0,0,0,0,no_volume,0.968,4263,69,4332,ok_volume,0,0,0,9859,307,10166
1769881674,68,29,0,0,0,0,no_volume,0,0,0,0,no_volume,0.968,4263,69,4332,ok_volume,0,0,0,9810,307,10117
1769881675,68,30,0,0,0,0,no_volume,0,0,0,0,no_volume,0.968,4213,69,4282,ok_volume,0,0,0,9810,307,10117
1769881676,68,30,0,0,0,0,no_volume,0,0,0,0,no_volume,0.968,4213,69,4282,ok_volume,0,0,0,9810,307,10117
1769881677,69,30,0,169,0,169,low_activity,0,169,0,169,low_activity,0.969,4382,69,4451,ok_volume,169,0,169,9979,307,10286
1769881678,69,30,0,169,0,169,low_activity,0,169,0,169,low_activity,0.969,4382,69,4451,ok_volume,0,0,0,9979,307,10286
1769881679,69,30,0,169,0,169,low_activity,0,169,0,169,low_activity,0.966,4020,69,4089,ok_volume,0,0,0,9979,307,10286
1769881680,69,30,0,23,0,23,low_activity,0,192,0,192,low_activity,0.982,4043,36,4079,ok_volume,23,0,23,9938,307,10245
1769881681,69,30,0,23,0,23,low_activity,0,192,0,192,low_activity,0.982,4043,36,4079,ok_volume,0,0,0,9938,307,10245
1769881682,69,30,0,23,0,23,low_activity,0,23,0,23,low_activity,0.982,4043,36,4079,ok_volume,0,0,0,9938,307,10245
1769881683,69,30,0,0,0,0,no_volume,0,23,0,23,low_activity,0.982,4043,36,4079,ok_volume,0,0,0,9295,307,9602
1769881684,69,29,0,69,0,69,low_activity,0,92,0,92,low_activity,1.0,4112,0,4112,ok_volume,69,0,69,8936,307,9243
1769881685,69,29,0,69,0,69,low_activity,0,69,0,69,low_activity,1.0,4112,0,4112,ok_volume,0,0,0,8936,307,9243
1769881686,69,29,0,69,0,69,low_activity,0,69,0,69,low_activity,1.0,4112,0,4112,ok_volume,0,0,0,8222,307,8529
1769881687,69,29,0,0,0,0,no_volume,0,69,0,69,low_activity,1.0,4112,0,4112,ok_volume,0,0,0,8222,307,8529
1769881688,69,29,0,0,15,15,low_activity,0,69,15,84,low_activity,0.993,4112,15,4127,ok_volume,0,0,0,8221,322,8543
1769881689,69,29,0,184,15,199,low_total_volume,0,184,15,199,low_total_volume,0.993,4296,15,4311,ok_volume,185,0,185,8392,322,8714
1769881690,69,29,1.0,430,0,430,ok_volume,0.933,430,15,445,ok_volume,0.993,4542,15,4557,ok_volume,246,0,246,8638,322,8960
1769881691,69,29,1.0,430,0,430,ok_volume,0.933,430,15,445,ok_volume,0.993,4542,15,4557,ok_volume,0,0,0,8567,322,8889
1769881692,69,29,0,256,0,256,low_total_volume,1.0,440,0,440,ok_volume,0.993,4479,15,4494,ok_volume,10,0,10,8434,322,8756
1769881693,69,29,0,10,0,10,low_activity,1.0,440,0,440,ok_volume,0.958,701,15,716,ok_volume,0,0,0,8331,310,8641
1769881694,69,29,0,215,0,215,low_activity,1.0,461,0,461,ok_volume,0.967,906,15,921,ok_volume,205,0,205,8528,310,8838
1769881695,69,29,0,547,0,547,low_activity,0,557,0,557,low_activity,0.976,1248,15,1263,ok_volume,342,0,342,5637,310,5947
1769881696,69,29,0,588,0,588,low_activity,0,598,0,598,low_activity,0.977,1289,15,1304,ok_volume,45,0,45,5647,310,5957
1769881697,69,29,0,519,0,519,low_activity,0,724,0,724,low_activity,0.979,1425,15,1440,ok_volume,136,0,136,5775,310,6085
1769881698,69,29,0,177,0,177,low_activity,0,724,0,724,low_activity,0.979,1425,15,1440,ok_volume,5,0,5,5723,155,5878
1769881699,69,29,0,176,0,176,low_activity,0,559,0,559,low_activity,0.98,1465,15,1480,ok_volume,46,0,46,5769,155,5924
1769881700,69,29,0,461,0,461,low_activity,0,638,0,638,low_activity,0.984,1886,15,1901,ok_volume,421,0,421,6190,155,6345
1769881701,69,29,1.0,793,0,793,ok_volume,1.0,929,0,929,ok_volume,0.987,2218,15,2233,ok_volume,332,0,332,6522,84,6606
1769881702,69,29,0,753,0,753,low_activity,1.0,793,0,793,ok_volume,0.987,2218,15,2233,ok_volume,1,0,1,6523,84,6607
1769881703,69,29,0,414,0,414,low_activity,1.0,875,0,875,ok_volume,0.987,2300,15,2315,ok_volume,89,0,89,6612,84,6696
1769881704,69,29,0,151,0,151,low_activity,1.0,904,0,904,ok_volume,0.987,2369,15,2384,ok_volume,74,0,74,6686,84,6770
1769881705,69,29,0,307,0,307,low_activity,1.0,639,0,639,ok_volume,0.988,2525,15,2540,ok_volume,164,0,164,6798,84,6882
1769881706,69,29,0,238,0,238,low_activity,1.0,320,0,320,ok_volume,0.988,2538,15,2553,ok_volume,13,0,13,6811,84,6895
1769881707,69,29,0,169,0,169,low_activity,1.0,320,0,320,ok_volume,0.987,2369,15,2384,ok_volume,0,0,0,6809,84,6893
1769881708,69,29,0,47,350,397,low_activity,-0.125,272,350,622,ok_volume,0.736,2403,365,2768,ok_volume,35,350,385,6844,434,7278
1769881709,69,29,0,34,350,384,low_activity,-0.266,203,350,553,ok_volume,0.736,2403,365,2768,ok_volume,0,0,0,6482,434,6916
1769881710,69,29,-0.077,300,350,650,ok_volume,-0.056,313,350,663,ok_volume,0.758,2646,365,3011,ok_volume,266,0,266,6748,401,7149
1769881711,69,29,1.0,316,0,316,ok_volume,0.0,350,350,700,ok_volume,0.762,2696,365,3061,ok_volume,50,0,50,6791,401,7192
1769881712,69,29,1.0,341,0,341,ok_volume,0.034,375,350,725,ok_volume,0.763,2721,365,3086,ok_volume,25,0,25,6816,401,7217
1769881713,69,29,0,1075,0,1075,low_activity,1.0,1341,0,1341,ok_volume,0.821,3721,365,4086,ok_volume,1000,0,1000,7816,401,8217
1769881714,69,29,0,1301,0,1301,low_activity,1.0,1617,0,1617,ok_volume,0.83,3928,365,4293,ok_volume,276,0,276,8092,365,8457
1769881715,69,29,1.0,2118,0,2118,ok_volume,1.0,2193,0,2193,ok_volume,0.858,4770,365,5135,ok_volume,842,0,842,8934,365,9299
1769881716,69,29,0,1118,0,1118,low_activity,1.0,2143,0,2143,ok_volume,0.858,4770,365,5135,ok_volume,1,0,1,8935,365,9300
1769881717,69,29,0,855,0,855,low_activity,1.0,2131,0,2131,ok_volume,0.864,4783,350,5133,ok_volume,13,0,13,8948,365,9313
1769881718,69,29,0,226,0,226,low_activity,1.0,1344,0,1344,ok_volume,0.869,4996,350,5346,ok_volume,213,0,213,9161,365,9526
1769881719,69,29,0,239,0,239,low_total_volume,1.0,1081,0,1081,ok_volume,0.865,4825,350,5175,ok_volume,14,0,14,9175,365,9540
1769881720,69,29,0.435,226,89,315,ok_volume,0.457,239,89,328,ok_volume,0.825,4579,439,5018,ok_volume,0,89,89,9175,454,9629
1769881721,69,29,0,13,89,102,low_activity,0.457,239,89,328,ok_volume,0.825,4579,439,5018,ok_volume,4,0,4,9179,454,9633
1769881722,69,29,0,0,89,89,low_activity,0.435,226,89,315,ok_volume,0.825,4569,439,5008,ok_volume,8,0,8,9114,454,9568
1769881723,69,29,0,57,0,57,low_activity,0,70,89,159,low_total_volume,0.827,4626,439,5065,ok_volume,57,0,57,5391,454,5845
1769881724,69,29,0,94,0,94,low_activity,0,94,89,183,low_total_volume,0.821,4458,439,4897,ok_volume,43,0,43,5432,454,5886
1769881725,69,29,1.0,474,0,474,ok_volume,1.0,474,0,474,ok_volume,0.822,4496,439,4935,ok_volume,380,0,380,5812,454,6266
1769881726,69,29,1.0,427,0,427,ok_volume,1.0,484,0,484,ok_volume,0.821,4465,439,4904,ok_volume,10,0,10,5821,454,6275
1769881727,69,29,1.0,1213,0,1213,ok_volume,1.0,1307,0,1307,ok_volume,0.843,5152,439,5591,ok_volume,823,0,823,6644,454,7098
1769881728,69,29,1.0,873,0,873,ok_volume,1.0,1290,0,1290,ok_volume,0.844,5192,439,5631,ok_volume,40,0,40,6675,454,7129
1769881729,69,29,1.0,938,0,938,ok_volume,1.0,1328,0,1328,ok_volume,0.845,5227,439,5666,ok_volume,75,0,75,6750,454,7204
1769881730,69,29,1.0,1161,0,1161,ok_volume,1.0,1994,0,1994,ok_volume,0.86,5852,439,6291,ok_volume,1030,0,1030,7801,454,8255
1769881731,69,29,1.0,1134,0,1134,ok_volume,1.0,1997,0,1997,ok_volume,0.853,5533,439,5972,ok_volume,15,0,15,7816,454,8270
1769881732,69,29,0,1038,40,1078,low_activity,0.934,1174,40,1214,ok_volume,0.841,5533,479,6012,ok_volume,0,40,40,7816,494,8310
1769881733,69,29,0,730,40,770,low_activity,0.958,1851,40,1891,ok_volume,0.856,6168,479,6647,ok_volume,27,0,27,8533,494,9027
1769881734,69,29,0,786,40,826,low_activity,0.957,1824,40,1864,ok_volume,0.856,6168,479,6647,ok_volume,69,0,69,8602,494,9096
1769881735,69,28,0,96,0,96,low_activity,0.905,799,40,839,ok_volume,0.852,6012,479,6491,ok_volume,5,0,5,8607,494,9101
1769881736,70,28,0,69,0,69,low_activity,0,786,40,826,low_activity,0.852,5999,479,6478,ok_volume,0,0,0,8607,494,9101
1769881737,70,28,0,0,0,0,low_activity,0,96,0,96,low_activity,0.852,5999,479,6478,ok_volume,0,0,0,8438,494,8932
1769881738,70,28,0,0,0,0,no_volume,0,69,0,69,low_activity,0.958,5965,129,6094,ok_volume,0,0,0,8438,494,8932
1769881739,70,28,0,0,0,0,no_volume,0,0,0,0,low_activity,0.958,5965,129,6094,ok_volume,0,0,0,8438,494,8932
1769881740,70,28,0,0,0,0,no_volume,0,0,0,0,no_volume,0.956,5699,129,5828,ok_volume,0,0,0,8415,494,8909
1769881741,71,28,0,134,0,134,low_activity,0,134,0,134,low_activity,0.956,5783,129,5912,ok_volume,147,0,147,8562,494,9056
1769881742,71,28,0,134,0,134,low_activity,0,134,0,134,low_activity,0.956,5758,129,5887,ok_volume,2,0,2,8564,494,9058
1769881743,71,28,0,134,0,134,low_activity,0,134,0,134,low_activity,0.947,4758,129,4887,ok_volume,2,0,2,8566,494,9060
1769881744,71,28,0,13,0,13,low_activity,0,147,0,147,low_total_volume,0.944,4495,129,4624,ok_volume,21,0,21,8518,494,9012
1769881745,71,28,0,13,0,13,low_activity,0,147,0,147,low_total_volume,0.932,3653,129,3782,ok_volume,0,0,0,8518,494,9012
1769881746,71,28,0,26,0,26,low_activity,0,26,0,26,low_activity,0.932,3666,129,3795,ok_volume,13,0,13,8531,494,9025
1769881747,70,28,0,13,0,13,low_activity,0,26,0,26,low_activity,0.932,3653,129,3782,ok_volume,0,13,13,8531,492,9023
1769881748,70,28,0,13,0,13,low_activity,0,26,0,26,low_activity,0.928,3440,129,3569,ok_volume,0,0,0,8531,492,9023
1769881749,70,28,0,38,0,38,low_activity,0,51,0,51,low_activity,0.928,3465,129,3594,ok_volume,6,0,6,8392,492,8884
1769881750,70,28,0,194,23,217,low_total_volume,0,207,23,230,low_total_volume,0.966,3621,63,3684,ok_volume,156,23,179,8302,515,8817
1769881751,70,28,0,193,23,216,low_activity,0,231,23,254,low_total_volume,0.966,3658,63,3721,ok_volume,37,0,37,8339,515,8854
1769881752,70,28,0,193,23,216,low_activity,0,231,23,254,low_total_volume,0.966,3658,63,3721,ok_volume,0,0,0,8329,515,8844
1769881753,70,28,0,37,0,37,low_activity,0,193,23,216,low_activity,0.966,3601,63,3664,ok_volume,1,0,1,8330,515,8845
1769881754,70,28,0,27,0,27,low_activity,0,220,23,243,low_total_volume,0.966,3591,63,3654,ok_volume,27,0,27,8152,515,8667
1769881755,71,28,0,238,0,238,low_activity,0,275,0,275,low_total_volume,0.964,3422,63,3485,ok_volume,211,0,211,8021,515,8536
1769881756,71,28,0,238,0,238,low_activity,0,238,0,238,low_activity,0.964,3412,63,3475,ok_volume,5,0,5,7981,515,8496
1769881757,71,28,0,224,0,224,low_activity,0,251,0,251,low_total_volume,0.953,2602,63,2665,ok_volume,13,0,13,7858,515,8373
1769881758,71,28,0,722,0,722,low_activity,1.0,960,0,960,ok_volume,0.962,3271,63,3334,ok_volume,711,0,711,8564,515,9079
1769881759,71,28,0,749,0,749,low_activity,1.0,960,0,960,ok_volume,0.961,3202,63,3265,ok_volume,27,0,27,8545,515,9060
1769881760,71,28,0,736,0,736,low_activity,0,749,0,749,low_activity,0.944,2177,63,2240,ok_volume,6,0,6,8130,515,8645
1769881761,70,29,0,27,0,27,low_activity,0,749,0,749,low_activity,0.943,2164,63,2227,ok_volume,0,0,0,7798,515,8313
1769881762,70,28,0,116,50,166,low_activity,0.889,852,50,902,ok_volume,0.912,1590,73,1663,ok_volume,117,50,167,7914,565,8479
1769881763,70,28,-0.968,116,7050,7166,ok_volume,-0.96,143,7050,7193,ok_volume,-0.638,1563,7073,8636,ok_volume,9,7000,7009,7834,7565,15399
1769881764,70,28,-0.968,116,7050,7166,ok_volume,-0.968,116,7050,7166,ok_volume,-0.651,1494,7073,8567,ok_volume,2,0,2,7763,7565,15328
1769881765,70,28,0,40,7000,7040,low_activity,-0.957,156,7050,7206,ok_volume,-0.644,1534,7073,8607,ok_volume,40,0,40,7639,7565,15204
1769881766,70,28,0,40,0,40,low_activity,-0.957,156,7050,7206,ok_volume,-0.644,1534,7073,8607,ok_volume,0,0,0,7626,7565,15191
1769881767,70,28,0,590,0,590,low_activity,-0.845,590,7000,7590,ok_volume,-0.545,2084,7073,9157,ok_volume,550,0,550,8176,7565,15741
1769881768,70,28,0,550,0,550,low_activity,0,590,0,590,low_activity,-0.545,2084,7073,9157,ok_volume,0,0,0,8141,7215,15356
1769881769,70,28,0,550,0,550,low_activity,0,590,0,590,low_activity,-0.545,2084,7073,9157,ok_volume,0,0,0,8141,7215,15356
1769881770,70,28,0,0,0,0,no_volume,0,550,0,550,low_activity,-0.545,2084,7073,9157,ok_volume,0,0,0,7875,7215,15090
1769881771,70,28,0,0,0,0,no_volume,0,550,0,550,low_activity,-0.568,1950,7073,9023,ok_volume,0,0,0,7825,7215,15040
1769881772,70,28,0,1351,0,1351,low_activity,0,1351,0,1351,low_activity,-0.364,3301,7073,10374,ok_volume,1352,0,1352,9152,7215,16367
1769881773,70,28,0,1351,0,1351,low_activity,0,1351,0,1351,low_activity,-0.364,3301,7073,10374,ok_volume,2,0,2,8154,7215,15369
1769881774,70,28,0,1400,0,1400,low_activity,0,1400,0,1400,low_activity,-0.359,3337,7073,10410,ok_volume,49,0,49,7927,7215,15142
1769881775,70,28,0,49,0,49,low_activity,0,1400,0,1400,low_activity,-0.359,3337,7073,10410,ok_volume,0,0,0,7085,7215,14300
1769881776,70,28,0,49,0,49,low_activity,0,1400,0,1400,low_activity,-0.361,3324,7073,10397,ok_volume,0,0,0,7084,7215,14299
1769881777,70,28,0,0,0,0,no_volume,0,49,0,49,low_activity,-0.361,3324,7073,10397,ok_volume,0,0,0,7071,7215,14286
1769881778,70,28,0,0,0,0,no_volume,0,49,0,49,low_activity,-0.366,3286,7073,10359,ok_volume,0,0,0,6858,7215,14073
1769881779,70,28,0,26,421,447,low_activity,0,26,421,447,low_activity,-0.387,3312,7494,10806,ok_volume,27,421,448,6872,7636,14508
1769881780,70,28,-0.592,108,421,529,ok_volume,-0.592,108,421,529,ok_volume,-0.395,3238,7471,10709,ok_volume,83,0,83,6955,7547,14502
1769881781,70,28,-0.592,108,421,529,ok_volume,-0.592,108,421,529,ok_volume,-0.4,3201,7471,10672,ok_volume,0,0,0,6951,7547,14498
1769881782,70,28,1.0,2403,0,2403,ok_volume,0.705,2429,421,2850,ok_volume,-0.15,5522,7471,12993,ok_volume,2321,0,2321,9264,7547,16811
1769881783,70,28,0,2321,0,2321,low_activity,0.705,2429,421,2850,ok_volume,-0.15,5522,7471,12993,ok_volume,7,0,7,9214,7547,16761
1769881784,70,28,0,2321,0,2321,low_activity,1.0,2403,0,2403,ok_volume,-0.152,5495,7471,12966,ok_volume,3,0,3,9174,7547,16721
1769881785,70,28,0,68,0,68,low_activity,1.0,2389,0,2389,ok_volume,-0.165,5352,7471,12823,ok_volume,68,0,68,8862,7547,16409
1769881786,70,28,0,68,0,68,low_activity,1.0,2389,0,2389,ok_volume,-0.165,5352,7471,12823,ok_volume,0,0,0,8852,7547,16399
1769881787,70,29,0,68,0,68,low_activity,0,68,0,68,low_activity,-0.166,5339,7471,12810,ok_volume,0,0,0,8029,7547,15576
1769881788,70,29,0,0,50,50,low_activity,0,68,50,118,low_activity,-0.238,4630,7521,12151,ok_volume,0,50,50,7989,7597,15586
1769881789,70,28,0,682,50,732,low_activity,0,750,50,800,low_activity,-0.175,5285,7521,12806,ok_volume,682,0,682,8575,7597,16172
1769881790,70,28,0,782,50,832,low_activity,0,782,50,832,low_activity,-0.166,5385,7521,12906,ok_volume,100,0,100,7645,7597,15242
1769881791,70,28,0,782,0,782,low_activity,0,782,50,832,low_activity,-0.166,5385,7521,12906,ok_volume,0,0,0,7630,7597,15227
1769881792,70,28,0,100,0,100,low_activity,0,782,50,832,low_activity,-0.173,5269,7471,12740,ok_volume,0,0,0,6940,7557,14497
1769881793,70,28,0,0,0,0,low_activity,0,782,0,782,low_activity,0.836,5269,471,5740,ok_volume,4,0,4,6917,7557,14474
1769881794,70,28,0,235,0,235,low_activity,0,335,0,335,low_activity,0.842,5504,471,5975,ok_volume,235,0,235,7083,7557,14640
1769881795,70,28,0,601,0,601,low_activity,0,601,0,601,low_activity,0.85,5830,471,6301,ok_volume,372,0,372,7450,7557,15007
1769881796,70,28,0,601,0,601,low_activity,0,601,0,601,low_activity,0.85,5830,471,6301,ok_volume,0,0,0,7450,7557,15007
1769881797,70,28,0,366,0,366,low_activity,0,601,0,601,low_activity,0.836,5280,471,5751,ok_volume,0,0,0,7450,7557,15007
1769881798,70,28,0,0,0,0,no_volume,0,601,0,601,low_activity,0.836,5280,471,5751,ok_volume,0,0,0,7450,7557,15007
1769881799,70,28,0,25,0,25,low_activity,0,391,0,391,low_activity,0.837,5305,471,5776,ok_volume,25,0,25,7475,7557,15032
1769881800,70,28,0,86,0,86,low_activity,0,86,0,86,low_activity,0.839,5366,471,5837,ok_volume,61,0,61,7536,7557,15093
1769881801,70,28,0,131,0,131,low_activity,0,131,0,131,low_activity,0.84,5411,471,5882,ok_volume,45,0,45,7434,7557,14991
1769881802,70,28,0,256,0,256,low_activity,0,281,0,281,low_total_volume,0.799,4210,471,4681,ok_volume,150,0,150,7582,7557,15139
1769881803,70,28,0,930,0,930,low_activity,1.0,1016,0,1016,ok_volume,0.826,4945,471,5416,ok_volume,735,0,735,8315,7557,15872
1769881804,70,28,0,982,0,982,low_activity,1.0,1088,0,1088,ok_volume,0.828,4993,471,5464,ok_volume,97,0,97,8391,7557,15948
1769881805,70,28,0,1044,0,1044,low_activity,1.0,1239,0,1239,ok_volume,0.834,5205,471,5676,ok_volume,212,0,212,8603,7557,16160
1769881806,70,28,0,309,34,343,low_activity,0.945,1194,34,1228,ok_volume,0.823,5205,505,5710,ok_volume,0,0,0,8590,7591,16181
1769881807,70,28,0,660,34,694,low_activity,0.955,1492,34,1526,ok_volume,0.836,5653,505,6158,ok_volume,40,0,40,9038,7578,16616
1769881808,70,28,0,5853,0,5853,low_activity,0.989,6162,34,6196,ok_volume,0.913,11058,505,11563,ok_volume,5405,0,5405,14403,7578,21981
1769881809,70,28,0,5445,0,5445,low_activity,0.989,6065,34,6099,ok_volume,0.985,11032,84,11116,ok_volume,0,0,0,14397,7578,21975
1769881810,70,28,0,5405,0,5405,low_activity,0,5853,0,5853,low_activity,0.985,10950,84,11034,ok_volume,0,0,0,14241,7555,21796
1769881811,70,28,0,100,0,100,low_activity,1.0,5545,0,5545,ok_volume,0.985,11050,84,11134,ok_volume,101,0,101,14305,7555,21860
1769881812,70,28,0,236,0,236,low_activity,1.0,5641,0,5641,ok_volume,0.981,8865,84,8949,ok_volume,136,0,136,14441,7555,21996
1769881813,70,28,0,506,0,506,low_activity,0,506,0,506,low_activity,0.982,9135,84,9219,ok_volume,0,0,0,14710,7555,22265
1769881814,70,28,0,406,0,406,low_activity,0,506,0,506,low_activity,0.982,9135,84,9219,ok_volume,0,0,0,14683,7555,22238
1769881815,70,28,0,100,0,100,low_activity,1.0,606,0,606,ok_volume,0.982,9167,84,9251,ok_volume,100,0,100,14572,7555,22127
1769881816,70,28,0,300,0,300,low_activity,0,706,0,706,low_activity,0.982,9367,84,9451,ok_volume,200,0,200,14767,7555,22322
1769881817,70,28,0,650,0,650,low_activity,0,650,0,650,low_activity,0.983,9717,84,9801,ok_volume,350,0,350,15104,7555,22659
1769881818,70,28,0,2291,0,2291,low_activity,1.0,2391,0,2391,ok_volume,0.994,11458,34,11492,ok_volume,1745,0,1745,16138,7555,23693
1769881819,70,28,0,2091,0,2091,low_activity,1.0,2391,0,2391,ok_volume,0.994,10776,34,10810,ok_volume,0,0,0,16111,7555,23666
1769881820,70,28,0,1741,0,1741,low_activity,0,2291,0,2291,low_activity,0.994,10676,34,10710,ok_volume,1,0,1,16106,7555,23661
1769881821,70,28,0,59,0,59,low_activity,0,2150,0,2150,low_activity,0.994,10735,34,10769,ok_volume,59,0,59,16165,7555,23720
1769881822,70,28,0,132,0,132,low_activity,0,1873,0,1873,low_activity,0.994,10808,34,10842,ok_volume,73,0,73,16121,7505,23626
1769881823,70,28,0,132,0,132,low_activity,0,132,0,132,low_activity,0.994,10808,34,10842,ok_volume,0,0,0,16111,505,16616
1769881824,70,28,0,124,0,124,low_activity,0,183,0,183,low_activity,0.994,10624,34,10658,ok_volume,52,0,52,16161,505,16666
1769881825,70,28,0,51,0,51,low_activity,0,183,0,183,low_activity,0.993,10258,34,10292,ok_volume,1,0,1,16122,505,16627
1769881826,70,28,0,51,0,51,low_activity,0,124,0,124,low_activity,0.993,10258,34,10292,ok_volume,0,0,0,16122,505,16627
1769881827,70,28,0,0,0,0,low_activity,0,51,0,51,low_activity,0.993,10258,34,10292,ok_volume,0,0,0,15572,505,16077
1769881828,70,28,0,136,0,136,low_activity,0,187,0,187,low_activity,0.993,10394,34,10428,ok_volume,141,0,141,15713,505,16218
1769881829,70,28,0,146,0,146,low_activity,0,146,0,146,low_activity,0.993,10379,34,10413,ok_volume,10,0,10,15723,505,16228
1769881830,70,28,1.0,8308,0,8308,ok_volume,1.0,8308,0,8308,ok_volume,0.996,18480,34,18514,ok_volume,8135,0,8135,23885,505,24390
1769881831,70,27,0.976,8172,100,8272,ok_volume,0.976,8308,100,8408,ok_volume,0.986,18435,134,18569,ok_volume,0,105,105,23885,610,24495
1769881832,70,27,0,8135,100,8235,low_activity,0.976,8308,100,8408,ok_volume,0.985,18285,134,18419,ok_volume,0,0,0,22533,610,23143
1769881833,70,27,0,0,100,100,low_activity,0.976,8172,100,8272,ok_volume,0.985,17550,134,17684,ok_volume,0,0,0,22531,610,23141
1769881834,72,27,0,26,0,26,low_activity,0.976,8161,100,8261,ok_volume,0.985,17479,134,17613,ok_volume,26,0,26,22508,610,23118
1769881835,72,27,0,26,0,26,low_activity,0,26,100,126,low_activity,0.988,17267,100,17367,ok_volume,0,0,0,22508,610,23118
1769881836,72,27,0,59,0,59,low_activity,0,59,0,59,low_activity,0.988,16892,100,16992,ok_volume,33,0,33,22541,610,23151
1769881837,72,27,0,33,0,33,low_activity,0,59,0,59,low_activity,0.988,16852,100,16952,ok_volume,2,0,2,22543,610,23153
1769881838,70,28,0,60,30,90,low_activity,0,86,30,116,low_activity,0.978,11474,130,11604,ok_volume,27,30,57,22569,640,23209
1769881839,70,28,0,251,30,281,low_activity,0,284,30,314,low_activity,0.978,11698,130,11828,ok_volume,229,0,229,22771,219,22990
1769881840,70,28,0,251,30,281,low_activity,0,284,30,314,low_activity,0.978,11698,130,11828,ok_volume,0,0,0,22688,219,22907
1769881841,70,28,0,251,0,251,low_activity,0,278,30,308,low_activity,0.978,11625,130,11755,ok_volume,29,0,29,22717,219,22936
1769881842,70,28,0,188,0,188,low_activity,0.872,439,30,469,ok_volume,0.977,11380,130,11510,ok_volume,136,0,136,20557,219,20776
1769881843,70,28,0,288,0,288,low_activity,1.0,512,0,512,ok_volume,0.978,11480,130,11610,ok_volume,100,0,100,20650,219,20869
1769881844,70,28,0,883,0,883,low_activity,1.0,935,0,935,ok_volume,0.979,12127,130,12257,ok_volume,647,0,647,21294,219,21513
1769881845,70,28,1.0,1754,0,1754,ok_volume,1.0,1942,0,1942,ok_volume,0.98,13034,130,13164,ok_volume,851,0,851,22233,219,22452
1769881846,70,28,1.0,1833,0,1833,ok_volume,1.0,2069,0,2069,ok_volume,0.98,13013,130,13143,ok_volume,179,0,179,22412,219,22631
1769881847,70,28,1.0,1658,0,1658,ok_volume,1.0,2561,0,2561,ok_volume,0.981,13291,130,13421,ok_volume,628,0,628,23040,219,23259
1769881848,70,28,1.0,807,0,807,ok_volume,1.0,2461,0,2461,ok_volume,0.978,11550,130,11680,ok_volume,3,0,3,23043,169,23212
1769881849,70,28,0,628,0,628,low_activity,1.0,1658,0,1658,ok_volume,0.978,11550,130,11680,ok_volume,0,0,0,22361,169,22530
1769881850,70,28,0,0,0,0,low_activity,1.0,807,0,807,ok_volume,0.978,11550,130,11680,ok_volume,0,0,0,22261,169,22430
1769881851,70,28,0,0,0,0,no_volume,0,628,0,628,low_activity,0.978,11491,130,11621,ok_volume,0,0,0,22261,169,22430
1769881852,70,28,0,298,0,298,low_activity,0,298,0,298,low_activity,0.978,11716,130,11846,ok_volume,298,0,298,22559,169,22728
1769881853,70,28,0,298,0,298,low_activity,0,298,0,298,low_activity,0.978,11716,130,11846,ok_volume,0,0,0,22555,169,22724
1769881854,70,28,0,330,0,330,low_activity,0,330,0,330,low_activity,0.978,11697,130,11827,ok_volume,32,0,32,22352,169,22521
1769881855,70,28,0,32,0,32,low_activity,0,330,0,330,low_activity,0.978,11697,130,11827,ok_volume,0,0,0,21980,169,22149
1769881856,70,28,0,32,0,32,low_activity,0,330,0,330,low_activity,0.978,11697,130,11827,ok_volume,0,0,0,21980,169,22149
1769881857,70,28,0,0,0,0,low_activity,0,32,0,32,low_activity,0.978,11697,130,11827,ok_volume,9,0,9,21989,169,22158
1769881858,70,28,0,81,0,81,low_activity,0,113,0,113,low_activity,0.978,11642,130,11772,ok_volume,81,0,81,22070,169,22239
1769881859,70,28,0,81,0,81,low_activity,0,81,0,81,low_activity,0.978,11605,130,11735,ok_volume,0,0,0,22045,169,22214
1769881860,70,28,0,131,0,131,low_activity,0,131,0,131,low_activity,0.929,3520,130,3650,ok_volume,50,0,50,22034,169,22203
1769881861,70,28,0,85,0,85,low_activity,0,166,0,166,low_activity,0.983,3555,30,3585,ok_volume,35,0,35,22024,169,22193
1769881862,70,28,0,85,0,85,low_activity,0,166,0,166,low_activity,0.983,3555,30,3585,ok_volume,0,0,0,21874,169,22043
1769881863,70,28,0,35,0,35,low_activity,0,85,0,85,low_activity,0.983,3555,30,3585,ok_volume,0,0,0,21139,169,21308
1769881864,70,28,0,720,0,720,low_activity,1.0,805,0,805,ok_volume,0.986,4249,30,4279,ok_volume,720,0,720,21762,169,21931
1769881865,70,28,1.0,799,0,799,ok_volume,1.0,834,0,834,ok_volume,0.986,4328,30,4358,ok_volume,79,2,81,21629,137,21766
1769881866,70,28,1.0,1377,0,1377,ok_volume,1.0,1377,0,1377,ok_volume,0.988,4873,30,4903,ok_volume,583,0,583,21804,137,21941
1769881867,70,28,1.0,990,0,990,ok_volume,1.0,1710,0,1710,ok_volume,0.989,5206,30,5236,ok_volume,333,0,333,22097,137,22234
1769881868,70,28,0,911,0,911,low_activity,1.0,1710,0,1710,ok_volume,1.0,5179,0,5179,ok_volume,0,0,0,16692,137,16829
1769881869,70,28,0,333,0,333,low_activity,1.0,990,0,990,ok_volume,1.0,4955,0,4955,ok_volume,0,0,0,16692,137,16829
1769881870,70,28,0,0,0,0,no_volume,0,911,0,911,low_activity,1.0,4955,0,4955,ok_volume,0,0,0,16692,137,16829
1769881871,70,28,0,20,0,20,low_activity,0,353,0,353,low_activity,1.0,4923,0,4923,ok_volume,20,0,20,16611,137,16748
1769881872,70,28,0,20,0,20,low_activity,0,20,0,20,low_activity,1.0,4787,0,4787,ok_volume,0,0,0,16205,137,16342
1769881873,70,28,0,20,0,20,low_activity,0,20,0,20,low_activity,1.0,4687,0,4687,ok_volume,0,0,0,16205,137,16342
1769881874,70,28,0,81,0,81,low_activity,0,101,0,101,low_activity,1.0,3965,0,3965,ok_volume,86,0,86,16291,137,16428
1769881875,70,28,0,81,209,290,low_activity,0,101,209,310,low_activity,0.874,3114,209,3323,ok_volume,0,209,209,16191,346,16537
1769881876,70,28,0,81,209,290,low_activity,0,81,209,290,low_activity,0.867,2935,209,3144,ok_volume,2,0,2,15993,346,16339
1769881877,70,28,0,0,209,209,low_activity,0,81,209,290,low_activity,0.834,2307,209,2516,ok_volume,0,0,0,15643,346,15989
1769881878,70,28,0,200,353,553,low_activity,0,281,562,843,low_activity,0.634,2507,562,3069,ok_volume,200,353,553,14098,699,14797
1769881879,70,28,0,362,353,715,low_activity,0,362,562,924,low_activity,0.652,2669,562,3231,ok_volume,162,0,162,14260,699,14959
1769881880,70,28,0,362,353,715,low_activity,0,362,353,715,low_activity,0.652,2669,562,3231,ok_volume,0,0,0,14259,699,14958
1769881881,70,28,0,1783,0,1783,low_activity,0,1983,353,2336,low_activity,0.768,4290,562,4852,ok_volume,1621,0,1621,15821,699,16520
1769881882,70,28,0,3689,0,3689,low_activity,0.84,4051,353,4404,ok_volume,0.83,6060,562,6622,ok_volume,2068,0,2068,17816,699,18515
1769881883,70,28,0,3689,0,3689,low_activity,0,3851,0,3851,low_activity,0.83,6060,562,6622,ok_volume,0,0,0,17816,699,18515
1769881884,70,28,0,2174,0,2174,low_activity,0,3795,0,3795,low_activity,0.832,6134,562,6696,ok_volume,106,0,106,17870,699,18569
1769881885,70,28,0,106,0,106,low_activity,0,3795,0,3795,low_activity,0.832,6134,562,6696,ok_volume,0,0,0,17869,699,18568
1769881886,70,28,0,242,0,242,low_activity,0,2310,0,2310,low_activity,0.835,6270,562,6832,ok_volume,141,0,141,18010,699,18709
1769881887,70,28,0,136,0,136,low_activity,0,242,0,242,low_activity,0.835,6270,562,6832,ok_volume,0,0,0,18010,699,18709
1769881888,70,28,0,231,0,231,low_activity,0,337,0,337,low_activity,0.836,6284,562,6846,ok_volume,27,0,27,17964,699,18663
1769881889,70,28,0,95,0,95,low_activity,0,231,0,231,low_activity,0.836,6284,562,6846,ok_volume,0,0,0,17927,699,18626
1769881890,70,28,0,27,0,27,low_activity,0,231,0,231,low_activity,0.835,6234,562,6796,ok_volume,0,0,0,9792,699,10491
1769881891,70,28,0,0,0,0,no_volume,0,95,0,95,low_activity,0.834,6199,562,6761,ok_volume,0,0,0,9792,594,10386
1769881892,70,28,0,0,0,0,no_volume,0,27,0,27,low_activity,0.834,6199,562,6761,ok_volume,0,0,0,9792,594,10386
1769881893,70,28,0,0,0,0,low_activity,0,0,0,0,low_activity,0.834,6199,562,6761,ok_volume,3,0,3,9795,594,10389
1769881894,70,28,0,405,0,405,low_activity,0,405,0,405,low_activity,0.826,5884,562,6446,ok_volume,405,0,405,10174,594,10768
1769881895,70,28,0,519,0,519,low_activity,0,519,0,519,low_activity,0.827,5919,562,6481,ok_volume,120,0,120,10294,594,10888
1769881896,70,28,0,519,0,519,low_activity,0,519,0,519,low_activity,0.81,5341,562,5903,ok_volume,0,0,0,10261,594,10855
1769881897,70,28,0,328,0,328,low_activity,1.0,733,0,733,ok_volume,0.806,5222,562,5784,ok_volume,214,0,214,10473,594,11067
1769881898,70,28,0,214,0,214,low_activity,1.0,733,0,733,ok_volume,0.806,5222,562,5784,ok_volume,0,0,0,10446,564,11010
1769881899,70,28,0,214,0,214,low_activity,0,328,0,328,low_activity,0.806,5222,562,5784,ok_volume,0,0,0,10217,564,10781
1769881900,70,28,0,0,0,0,no_volume,0,214,0,214,low_activity,0.806,5222,562,5784,ok_volume,0,0,0,10217,564,10781
1769881901,70,28,0,0,0,0,no_volume,0,214,0,214,low_activity,0.805,5202,562,5764,ok_volume,0,0,0,10163,564,10727
1769881902,70,28,0,0,0,0,low_activity,0,0,0,0,low_activity,0.805,5202,562,5764,ok_volume,0,9,9,10027,573,10600
1769881903,70,29,0,0,0,0,low_activity,0,0,0,0,low_activity,0.805,5202,562,5764,ok_volume,0,0,0,9927,573,10500
1769881904,70,29,0,0,0,0,low_activity,0,0,0,0,low_activity,0.802,5121,562,5683,ok_volume,0,0,0,9124,573,9697
1769881905,70,29,0,0,0,0,low_activity,0,0,0,0,low_activity,0.871,5121,353,5474,ok_volume,2,0,2,8275,573,8848
1769881906,70,29,0,0,0,0,low_activity,0,0,0,0,low_activity,0.871,5121,353,5474,ok_volume,0,0,0,8096,573,8669
1769881907,70,29,0,0,0,0,low_activity,0,0,0,0,low_activity,0.871,5121,353,5474,ok_volume,0,0,0,7468,573,8041
1769881908,70,29,0,345,0,345,low_activity,0,345,0,345,low_activity,1.0,5266,0,5266,ok_volume,345,0,345,7810,573,8383
1769881909,70,29,0,345,0,345,low_activity,0,345,0,345,low_activity,1.0,5104,0,5104,ok_volume,0,0,0,7811,573,8384
1769881910,70,29,0,345,0,345,low_activity,0,345,0,345,low_activity,1.0,5104,0,5104,ok_volume,0,0,0,7811,573,8384
1769881911,70,29,0,0,0,0,low_activity,0,345,0,345,low_activity,1.0,3483,0,3483,ok_volume,2,0,2,7813,573,8386
1769881912,70,29,0,305,0,305,low_activity,0,650,0,650,low_activity,1.0,1720,0,1720,ok_volume,307,0,307,7822,573,8395
1769881913,70,29,0,305,0,305,low_activity,0,305,0,305,low_activity,1.0,1720,0,1720,ok_volume,0,0,0,7822,573,8395
1769881914,70,29,0,407,0,407,low_activity,0,407,0,407,low_activity,1.0,1716,0,1716,ok_volume,83,0,83,7892,573,8465
1769881915,70,29,0,132,0,132,low_activity,1.0,437,0,437,ok_volume,1.0,1746,0,1746,ok_volume,30,0,30,7922,573,8495
1769881916,70,29,0,113,0,113,low_activity,1.0,437,0,437,ok_volume,1.0,1610,0,1610,ok_volume,0,0,0,7922,573,8495
1769881917,70,29,0,30,0,30,low_activity,0,132,0,132,low_activity,1.0,1542,0,1542,ok_volume,0,0,0,7913,573,8486
1769881918,70,29,0,0,0,0,low_activity,0,113,0,113,low_activity,1.0,1515,0,1515,ok_volume,4,0,4,7836,573,8409
1769881919,69,28,0,61,102,163,low_activity,0,91,102,193,low_activity,0.878,1576,102,1678,ok_volume,61,104,165,7897,677,8574
1769881920,70,28,0,61,102,163,low_activity,0,61,102,163,low_activity,0.878,1576,102,1678,ok_volume,0,0,0,7847,677,8524
1769881921,69,28,0.602,411,102,513,ok_volume,0.602,411,102,513,ok_volume,0.899,1926,102,2028,ok_volume,350,0,350,8162,677,8839
1769881922,70,28,0,417,0,417,low_activity,0.648,478,102,580,ok_volume,0.903,1993,102,2095,ok_volume,67,0,67,8229,677,8906
1769881923,70,28,1.0,825,0,825,ok_volume,0.794,886,102,988,ok_volume,0.918,2401,102,2503,ok_volume,408,0,408,8637,677,9314
1769881924,71,28,0,475,0,475,low_activity,1.0,825,0,825,ok_volume,0.903,1996,102,2098,ok_volume,0,0,0,7917,677,8594
1769881925,71,28,0,408,0,408,low_activity,1.0,825,0,825,ok_volume,0.897,1882,102,1984,ok_volume,0,0,0,7838,675,8513
1769881926,71,28,0,200,0,200,low_activity,0,675,0,675,low_activity,0.907,2082,102,2184,ok_volume,200,0,200,7455,675,8130
1769881927,71,28,0.006,4899,4839,9738,ok_volume,0.046,5307,4839,10146,ok_volume,0.141,6567,4941,11508,ok_volume,4723,4839,9562,11845,5514,17359
1769881928,71,28,0.006,4899,4839,9738,ok_volume,0.006,4899,4839,9738,ok_volume,0.141,6567,4941,11508,ok_volume,0,0,0,11845,5514,17359
1769881929,71,28,0.053,5376,4839,10215,ok_volume,0.071,5576,4839,10415,ok_volume,0.189,7244,4941,12185,ok_volume,677,0,677,12522,5514,18036
1769881930,71,28,0,687,0,687,low_activity,0.072,5586,4839,10425,ok_volume,0.19,7254,4941,12195,ok_volume,16,0,16,12538,5514,18052
1769881931,71,28,0,687,0,687,low_activity,0.053,5386,4839,10225,ok_volume,0.19,7254,4941,12195,ok_volume,0,0,0,12518,5514,18032
1769881932,71,28,0,71,0,71,low_activity,0,748,0,748,low_activity,0.194,7315,4941,12256,ok_volume,0,0,0,12583,5514,18097
1769881933,70,28,0,139,40,179,low_total_volume,0.908,826,40,866,ok_volume,0.195,7393,4981,12374,ok_volume,90,40,130,12673,5554,18227
1769881934,70,28,0,78,40,118,low_activity,0,149,40,189,low_total_volume,0.195,7393,4981,12374,ok_volume,0,0,0,12587,5554,18141
1769881935,70,28,0,78,40,118,low_activity,0,139,40,179,low_total_volume,0.195,7393,4981,12374,ok_volume,0,0,0,12587,5345,17932
1769881936,70,28,0,0,0,0,no_volume,0,78,40,118,low_activity,0.195,7393,4981,12374,ok_volume,0,0,0,12585,5345,17930
1769881937,70,27,0,218,0,218,low_activity,0.762,296,40,336,ok_volume,0.209,7611,4981,12592,ok_volume,220,0,220,12805,5345,18150
1769881938,70,28,0,241,0,241,low_activity,0,241,0,241,low_activity,0.188,7289,4981,12270,ok_volume,25,0,25,12630,4992,17622
1769881939,70,28,0.082,441,374,815,ok_volume,0.082,441,374,815,ok_volume,0.166,7489,5355,12844,ok_volume,200,374,574,12668,5366,18034
1769881940,70,28,0,285,374,659,low_activity,0.147,503,374,877,ok_volume,0.17,7551,5355,12906,ok_volume,62,0,62,12730,5366,18096
1769881941,70,28,0,262,374,636,low_activity,0.147,503,374,877,ok_volume,0.17,7551,5355,12906,ok_volume,0,0,0,11109,5366,16475
1769881942,70,28,0,62,0,62,low_activity,0,285,374,659,low_activity,0.15,7246,5355,12601,ok_volume,0,0,0,9041,5366,14407
1769881943,70,28,0,0,0,0,no_volume,0,262,374,636,low_activity,0.149,7227,5355,12582,ok_volume,0,0,0,9041,5366,14407
1769881944,70,28,0,0,0,0,low_activity,0,62,0,62,low_activity,0.143,7144,5355,12499,ok_volume,5,0,5,8940,5366,14306
1769881945,69,28,0,200,0,200,low_activity,0,200,0,200,low_activity,0.155,7314,5355,12669,ok_volume,0,0,0,9140,5366,14506
1769881946,69,29,1.0,1079,0,1079,ok_volume,1.0,1079,0,1079,ok_volume,0.209,8193,5355,13548,ok_volume,881,0,881,9880,5366,15246
1769881947,69,29,0,879,0,879,low_activity,1.0,1079,0,1079,ok_volume,0.209,8193,5355,13548,ok_volume,0,0,0,9812,5366,15178
1769881948,69,28,1.0,2230,0,2230,ok_volume,1.0,2430,0,2430,ok_volume,0.281,9544,5355,14899,ok_volume,1351,0,1351,11136,5366,16502
1769881949,69,29,0,1351,0,1351,low_activity,1.0,2230,0,2230,ok_volume,0.287,9483,5253,14736,ok_volume,0,0,0,11136,5366,16502
1769881950,69,29,1.0,1891,0,1891,ok_volume,1.0,2770,0,2770,ok_volume,0.312,10023,5253,15276,ok_volume,540,0,540,11676,5366,17042
1769881951,69,29,0,540,0,540,low_activity,1.0,1891,0,1891,ok_volume,0.296,9673,5253,14926,ok_volume,0,0,0,11676,5366,17042
1769881952,69,29,1.0,1353,0,1353,ok_volume,1.0,2704,0,2704,ok_volume,0.33,10419,5253,15672,ok_volume,813,0,813,12489,5366,17855
1769881953,70,29,0,813,0,813,low_activity,1.0,1353,0,1353,ok_volume,0.312,10011,5253,15264,ok_volume,0,0,0,12486,5366,17852
1769881954,70,29,0,813,0,813,low_activity,1.0,1353,0,1353,ok_volume,0.312,10011,5253,15264,ok_volume,0,0,0,12081,5366,17447
1769881955,70,29,0,100,0,100,low_activity,0,913,0,913,low_activity,0.316,10111,5253,15364,ok_volume,100,0,100,12066,5366,17432
1769881956,70,29,0,241,0,241,low_activity,1.0,1054,0,1054,ok_volume,0.314,10052,5253,15305,ok_volume,141,0,141,12207,5366,17573
1769881957,70,29,0,241,0,241,low_activity,0,241,0,241,low_activity,0.856,5353,414,5767,ok_volume,1,0,1,11994,5366,17360
1769881958,70,29,0,141,0,141,low_activity,0,241,0,241,low_activity,0.856,5353,414,5767,ok_volume,0,0,0,11994,5366,17360
1769881959,70,29,0,0,0,0,low_activity,0,241,0,241,low_activity,0.837,4676,414,5090,ok_volume,0,0,0,11994,5366,17360
1769881960,70,29,0,0,0,0,no_volume,0,141,0,141,low_activity,0.837,4666,414,5080,ok_volume,0,0,0,11994,5366,17360
1769881961,70,29,0,135,0,135,low_activity,0,135,0,135,low_activity,0.839,4740,414,5154,ok_volume,0,0,0,12129,5366,17495
1769881962,70,29,0,135,0,135,low_activity,0,135,0,135,low_activity,0.839,4740,414,5154,ok_volume,0,0,0,12129,5357,17486
1769881963,70,29,0,0,0,0,no_volume,0,135,0,135,low_activity,0.851,4662,374,5036,ok_volume,0,0,0,12129,5357,17486
1769881964,70,29,0,193,0,193,low_activity,0,328,0,328,low_activity,0.857,4855,374,5229,ok_volume,193,0,193,12322,5357,17679
1769881965,70,29,0,193,0,193,low_activity,0,193,0,193,low_activity,0.857,4855,374,5229,ok_volume,1,0,1,12321,5357,17678
1769881966,70,29,0,193,0,193,low_activity,0,193,0,193,low_activity,0.857,4855,374,5229,ok_volume,0,0,0,12321,5357,17678
1769881967,70,29,0,0,0,0,low_activity,0,193,0,193,low_activity,0.851,4637,374,5011,ok_volume,0,0,0,12321,5357,17678
1769881968,70,29,0,0,0,0,no_volume,0,193,0,193,low_activity,0.85,4614,374,4988,ok_volume,0,0,0,11975,5357,17332
1769881969,70,29,0,0,0,0,no_volume,0,0,0,0,low_activity,1.0,4414,0,4414,ok_volume,0,0,0,11975,5357,17332
1769881970,70,28,0,0,0,0,low_activity,0,0,0,0,low_activity,1.0,4352,0,4352,ok_volume,4,0,4,11979,5357,17336
1769881971,70,28,0,0,0,0,low_activity,0,0,0,0,low_activity,1.0,4352,0,4352,ok_volume,0,0,0,11977,5357,17334
1769881972,70,28,0,0,0,0,low_activity,0,0,0,0,low_activity,1.0,4352,0,4352,ok_volume,0,0,0,11670,5357,17027
1769881973,70,28,0,0,0,0,no_volume,0,0,0,0,low_activity,1.0,4352,0,4352,ok_volume,0,0,0,11651,5357,17008
1769881974,70,28,0,0,0,0,low_activity,0,0,0,0,low_activity,1.0,4152,0,4152,ok_volume,4,0,4,11572,5357,16929
1769881975,70,28,0,136,0,136,low_activity,0,136,0,136,low_activity,1.0,4288,0,4288,ok_volume,136,0,136,11678,5357,17035
1769881976,70,28,0,136,0,136,low_activity,0,136,0,136,low_activity,1.0,3409,0,3409,ok_volume,0,0,0,11678,5357,17035
1769881977,70,28,0,136,0,136,low_activity,0,136,0,136,low_activity,1.0,3409,0,3409,ok_volume,0,0,0,11678,5357,17035
1769881978,69,28,0,0,154,154,low_activity,0,136,154,290,low_activity,0.861,2058,154,2212,ok_volume,0,156,156,11674,5513,17187
1769881979,70,28,0,102,154,256,low_activity,0.214,238,154,392,ok_volume,0.867,2160,154,2314,ok_volume,34,0,34,11715,5409,17124
1769881980,70,28,0,102,154,256,low_activity,0,102,154,256,low_activity,0.826,1620,154,1774,ok_volume,0,0,0,11715,5409,17124
1769881981,70,29,0,34,0,34,low_activity,0,102,154,256,low_activity,0.826,1620,154,1774,ok_volume,0,0,0,11365,5409,16774
1769881982,70,29,0,0,0,0,no_volume,0,102,154,256,low_activity,0.68,807,154,961,ok_volume,0,0,0,11298,5409,16707
1769881983,70,29,0,13,0,13,low_activity,0,47,0,47,low_activity,0.684,820,154,974,ok_volume,13,0,13,10903,5409,16312
1769881984,70,29,0,23,0,23,low_activity,0,23,0,23,low_activity,0.687,830,154,984,ok_volume,10,0,10,10913,5409,16322
1769881985,70,29,0,227,0,227,low_total_volume,0,227,0,227,low_total_volume,0.717,934,154,1088,ok_volume,204,0,204,11117,5409,16526
1769881986,70,29,0,248,0,248,low_total_volume,0,261,0,261,low_total_volume,0.686,827,154,981,ok_volume,34,0,34,10951,5409,16360
1769881987,70,29,0,238,0,238,low_activity,0,261,0,261,low_total_volume,0.686,827,154,981,ok_volume,0,0,0,6228,570,6798
1769881988,69,29,0,34,0,34,low_activity,0,248,0,248,low_total_volume,0.686,827,154,981,ok_volume,0,0,0,6228,570,6798
1769881989,72,27,1.0,627,0,627,ok_volume,1.0,865,0,865,ok_volume,0.808,1454,154,1608,ok_volume,627,0,627,6178,570,6748
1769881990,72,27,1.0,641,0,641,ok_volume,1.0,675,0,675,ok_volume,0.793,1333,154,1487,ok_volume,14,0,14,6176,570,6746
1769881991,72,27,1.0,641,0,641,ok_volume,1.0,641,0,641,ok_volume,0.793,1333,154,1487,ok_volume,0,0,0,6111,570,6681
1769881992,72,27,0,14,1144,1158,low_activity,-0.282,641,1144,1785,ok_volume,0.013,1333,1298,2631,ok_volume,0,1144,1144,6111,1714,7825
1769881993,72,27,0,0,1144,1144,low_activity,-0.282,641,1144,1785,ok_volume,0.013,1333,1298,2631,ok_volume,0,0,0,6021,1674,7695
1769881994,72,27,0,0,1144,1144,low_activity,0,14,1144,1158,low_activity,-0.065,1140,1298,2438,ok_volume,0,0,0,6021,1674,7695
1769881995,72,27,0,72,0,72,low_activity,0,72,1144,1216,low_activity,-0.034,1212,1298,2510,ok_volume,72,0,72,6093,1674,7767
1769881996,72,27,0,92,0,92,low_activity,0,92,1144,1236,low_activity,-0.026,1232,1298,2530,ok_volume,20,0,20,6113,1674,7787
1769881997,72,27,0,191,0,191,low_total_volume,0,191,0,191,low_total_volume,0.013,1331,1298,2629,ok_volume,99,0,99,5992,1674,7666
1769881998,72,27,0,119,0,119,low_activity,0,191,0,191,low_total_volume,0.013,1331,1298,2629,ok_volume,0,0,0,5967,1674,7641
1769881999,73,26,0,99,0,99,low_activity,0,191,0,191,low_total_volume,0.013,1331,1298,2629,ok_volume,0,0,0,5767,1300,7067
1769882000,73,26,0,0,0,0,no_volume,0,119,0,119,low_activity,0.013,1331,1298,2629,ok_volume,0,0,0,5705,1300,7005
1769882001,73,26,0,0,0,0,no_volume,0,99,0,99,low_activity,0.013,1331,1298,2629,ok_volume,0,0,0,5705,1300,7005
1769882002,73,26,0,39,0,39,low_activity,0,39,0,39,low_activity,0.027,1370,1298,2668,ok_volume,39,0,39,5744,1300,7044
1769882003,73,26,0,39,0,39,low_activity,0,39,0,39,low_activity,0.027,1370,1298,2668,ok_volume,0,0,0,5744,1300,7044
1769882004,73,26,0,110,0,110,low_activity,0,110,0,110,low_activity,0.052,1441,1298,2739,ok_volume,71,0,71,5610,1300,6910
1769882005,73,26,0,71,0,71,low_activity,0,110,0,110,low_activity,0.003,1305,1298,2603,ok_volume,0,0,0,5610,1300,6910
1769882006,73,26,0,97,0,97,low_activity,0,136,0,136,low_activity,0.013,1331,1298,2629,ok_volume,26,0,26,4755,1300,6055
1769882007,73,26,0,733,0,733,low_activity,0,804,0,804,low_activity,0.222,2038,1298,3336,ok_volume,707,0,707,5462,1300,6762
1769882008,73,26,1.0,776,0,776,ok_volume,1.0,847,0,847,ok_volume,0.275,2013,1144,3157,ok_volume,24,0,24,4154,1300,5454
1769882009,73,26,1.0,881,0,881,ok_volume,1.0,907,0,907,ok_volume,0.297,2110,1144,3254,ok_volume,131,0,131,4285,1300,5585
1769882010,73,26,1.0,329,0,329,ok_volume,1.0,1081,0,1081,ok_volume,0.333,2284,1144,3428,ok_volume,174,0,174,3919,1300,5219
1769882011,73,26,1.0,519,0,519,ok_volume,1.0,1269,0,1269,ok_volume,0.372,2498,1144,3642,ok_volume,214,0,214,4133,1300,5433
1769882012,72,26,0.964,5436,100,5536,ok_volume,0.965,5591,100,5691,ok_volume,0.717,7546,1244,8790,ok_volume,5050,100,5150,8370,1400,9770
1769882013,72,27,0.963,5262,100,5362,ok_volume,0.965,5567,100,5667,ok_volume,0.717,7533,1244,8777,ok_volume,0,0,0,8370,1400,9770
1769882014,72,26,0.962,5146,100,5246,ok_volume,0.965,5534,100,5634,ok_volume,0.719,7621,1244,8865,ok_volume,100,0,100,8465,1400,9865
1769882015,72,26,0,98,0,98,low_activity,0.963,5360,100,5460,ok_volume,0.713,7417,1244,8661,ok_volume,0,0,0,8375,1400,9775
1769882016,72,26,0,98,0,98,low_activity,0.962,5146,100,5246,ok_volume,0.712,7383,1244,8627,ok_volume,4,0,4,8238,1400,9638
1769882017,72,26,0,0,0,0,low_activity,0,98,0,98,low_activity,0.712,7383,1244,8627,ok_volume,0,0,0,8237,1400,9637
1769882018,72,26,0,0,0,0,low_activity,0,98,0,98,low_activity,0.712,7383,1244,8627,ok_volume,3,0,3,8240,1400,9640
1769882019,72,26,0,0,0,0,low_activity,0,0,0,0,low_activity,0.689,6756,1244,8000,ok_volume,0,0,0,8240,1400,9640
1769882020,72,26,0,23,0,23,low_activity,0,23,0,23,low_activity,0.689,6765,1244,8009,ok_volume,23,0,23,8128,1400,9528
1769882021,72,26,0,213,1201,1414,low_activity,0,213,1201,1414,low_activity,0.48,6955,2445,9400,ok_volume,190,1201,1391,8318,2601,10919
1769882022,72,26,-0.377,544,1201,1745,ok_volume,-0.377,544,1201,1745,ok_volume,0.697,7286,1301,8587,ok_volume,331,0,331,8649,2601,11250
1769882023,72,26,0,521,1201,1722,low_activity,-0.377,544,1201,1745,ok_volume,0.697,7286,1301,8587,ok_volume,0,0,0,8649,2601,11250
1769882024,72,26,0,980,100,1080,low_activity,-0.043,1193,1301,2494,ok_volume,0.7,7935,1401,9336,ok_volume,649,100,749,9105,2701,11806
1769882025,72,26,0.966,5730,100,5830,ok_volume,0.655,6251,1301,7552,ok_volume,0.805,12944,1401,14345,ok_volume,5086,0,5086,14190,2701,16891
1769882026,70,26,0.944,12308,354,12662,ok_volume,0.946,12639,354,12993,ok_volume,0.844,19502,1655,21157,ok_volume,6578,254,6832,20768,2955,23723
1769882027,70,26,0.958,11789,254,12043,ok_volume,0.945,12438,354,12792,ok_volume,0.844,19533,1655,21188,ok_volume,130,0,130,20906,2955,23861
1769882028,70,28,0,6708,254,6962,low_activity,0.945,12438,354,12792,ok_volume,0.844,19533,1655,21188,ok_volume,0,0,0,20906,2955,23861
1769882029,71,26,0,152,0,152,low_activity,0.958,11811,254,12065,ok_volume,0.844,19555,1655,21210,ok_volume,24,0,24,20930,2955,23885
1769882030,71,26,0,428,0,428,low_activity,0.931,7136,254,7390,ok_volume,0.847,19961,1655,21616,ok_volume,0,0,0,21337,2955,24292
1769882031,71,26,0,428,43,471,low_activity,0,558,43,601,low_activity,0.843,19961,1698,21659,ok_volume,0,43,43,21337,2998,24335
1769882032,71,26,0,0,43,43,low_activity,0,428,43,471,low_activity,0.843,19922,1698,21620,ok_volume,0,0,0,21337,2998,24335
1769882033,71,26,0,0,43,43,low_activity,0,428,43,471,low_activity,0.843,19922,1698,21620,ok_volume,0,0,0,21337,2998,24335
1769882034,71,26,0,0,0,0,no_volume,0,0,43,43,low_activity,0.842,19851,1698,21549,ok_volume,0,0,0,21333,2998,24331
1769882035,71,26,0,0,0,0,no_volume,0,0,43,43,low_activity,0.842,19851,1698,21549,ok_volume,0,0,0,21197,2998,24195
1769882036,71,26,0,0,0,0,no_volume,0,0,0,0,no_volume,0.842,19825,1698,21523,ok_volume,0,0,0,21197,2998,24195
1769882037,72,26,0,0,0,0,no_volume,0,0,0,0,no_volume,0.837,19099,1698,20797,ok_volume,0,0,0,21197,2998,24195
1769882038,72,26,0,45,0,45,low_activity,0,45,0,45,low_activity,0.837,19120,1698,20818,ok_volume,45,0,45,21174,2842,24016
1769882039,72,26,0,104,0,104,low_activity,0,104,0,104,low_activity,0.836,19048,1698,20746,ok_volume,59,0,59,21199,2842,24041
1769882040,74,25,1.0,662,0,662,ok_volume,1.0,662,0,662,ok_volume,0.839,19432,1698,21130,ok_volume,558,0,558,21757,2842,24599
1769882041,74,25,1.0,617,0,617,ok_volume,1.0,662,0,662,ok_volume,0.838,19218,1698,20916,ok_volume,0,0,0,21757,2842,24599
1769882042,74,25,0.585,558,146,704,ok_volume,0.639,662,146,808,ok_volume,0.781,14170,1744,15914,ok_volume,0,146,146,21757,2988,24745
1769882043,74,25,0,52,146,198,low_activity,0.642,669,146,815,ok_volume,0.782,14222,1744,15966,ok_volume,52,0,52,21796,2988,24784
1769882044,74,24,0,65,146,211,low_activity,0.62,623,146,769,ok_volume,0.78,14137,1744,15881,ok_volume,13,0,13,21799,2988,24787
1769882045,74,25,1.0,437,0,437,ok_volume,0.499,437,146,583,ok_volume,0.785,14509,1744,16253,ok_volume,374,3,377,21969,2991,24960
1769882046,74,25,0,385,0,385,low_activity,0.499,437,146,583,ok_volume,0.785,14509,1744,16253,ok_volume,0,0,0,21935,2991,24926
1769882047,74,25,1.0,444,0,444,ok_volume,1.0,509,0,509,ok_volume,0.786,14581,1744,16325,ok_volume,76,0,76,22011,2991,25002
1769882048,74,25,0,72,0,72,low_activity,1.0,457,0,457,ok_volume,0.786,14581,1744,16325,ok_volume,0,0,0,22011,2991,25002
1769882049,75,24,0.976,8416,101,8517,ok_volume,0.977,8788,101,8889,ok_volume,0.851,22925,1845,24770,ok_volume,8344,101,8445,29728,3092,32820
1769882050,75,24,0.976,8344,101,8445,ok_volume,0.976,8416,101,8517,ok_volume,0.851,22902,1845,24747,ok_volume,0,0,0,29714,3092,32806
1769882051,74,25,-0.248,8344,13860,22204,ok_volume,-0.244,8416,13860,22276,ok_volume,0.224,22712,14403,37115,ok_volume,0,13759,13759,29714,16851,46565
1769882052,73,26,0,324,13759,14083,low_activity,-0.23,8668,13860,22528,ok_volume,0.224,22705,14403,37108,ok_volume,331,0,331,30045,15707,45752
1769882053,73,26,0,324,13759,14083,low_activity,-0.23,8668,13860,22528,ok_volume,0.224,22705,14403,37108,ok_volume,0,0,0,30045,15707,45752
1769882054,73,26,0,324,0,324,low_activity,0,324,13759,14083,low_activity,0.213,22056,14303,36359,ok_volume,0,0,0,30046,15707,45753
1769882055,73,26,0,65,0,65,low_activity,-0.945,389,13759,14148,ok_volume,0.087,17040,14303,31343,ok_volume,0,0,0,30039,15707,45746
1769882056,73,26,0,115,0,115,low_activity,0,439,0,439,low_activity,-0.144,10512,14049,24561,ok_volume,0,0,0,30069,15707,45776
1769882057,73,25,0,184,0,184,low_activity,0,249,0,249,low_activity,-0.144,10516,14049,24565,ok_volume,134,0,134,30104,15707,45811
1769882058,74,25,0,134,0,134,low_activity,0,249,0,249,low_activity,-0.144,10516,14049,24565,ok_volume,0,0,0,30104,15707,45811
1769882059,74,25,0,134,0,134,low_activity,0,184,0,184,low_activity,-0.164,10088,14049,24137,ok_volume,0,0,0,30104,15707,45811
1769882060,74,25,0,0,0,0,no_volume,0,134,0,134,low_activity,-0.164,10088,14049,24137,ok_volume,0,0,0,30104,15707,45811
1769882061,74,25,0,131,0,131,low_activity,0,265,0,265,low_activity,-0.156,10219,14006,24225,ok_volume,0,0,0,30235,15707,45942
1769882062,74,25,0,131,0,131,low_activity,0,131,0,131,low_activity,-0.156,10219,14006,24225,ok_volume,0,0,0,30196,15707,45903
1769882063,74,25,0,13,49,62,low_activity,0,144,49,193,low_total_volume,-0.157,10232,14055,24287,ok_volume,13,49,62,30209,15756,45965
1769882064,73,26,0,13,49,62,low_activity,0,144,49,193,low_total_volume,-0.157,10232,14055,24287,ok_volume,0,0,0,30138,15756,45894
1769882065,71,28,-0.999,13,18300,18313,ok_volume,-0.999,13,18300,18313,ok_volume,-0.519,10232,32306,42538,ok_volume,0,3257,3257,30138,34013,64151
1769882066,71,28,0,0,18251,18251,low_activity,-0.999,13,18300,18313,ok_volume,-0.519,10232,32306,42538,ok_volume,1,0,1,30113,34013,64126
1769882067,71,28,0,255,3257,3512,low_activity,-0.971,268,18300,18568,ok_volume,-0.51,10487,32306,42793,ok_volume,1,0,1,29643,34013,63656
1769882068,70,29,1.0,19203,0,19203,ok_volume,0.025,19203,18251,37454,ok_volume,-0.047,29390,32306,61696,ok_volume,6164,0,6164,48571,34013,82584
1769882069,70,27,1.0,18948,0,18948,ok_volume,0.71,19203,3257,22460,ok_volume,-0.048,29331,32306,61637,ok_volume,6,0,6,48446,34013,82459
1769882070,70,29,1.0,6399,0,6399,ok_volume,1.0,19440,0,19440,ok_volume,-0.054,29010,32306,61316,ok_volume,237,0,237,48509,34013,82522
1769882071,70,29,0,336,0,336,low_activity,1.0,19284,0,19284,ok_volume,-0.052,29109,32306,61415,ok_volume,30,0,30,48394,34013,82407
1769882072,70,28,1.0,467,0,467,ok_volume,1.0,6629,0,6629,ok_volume,-0.048,29240,32160,61400,ok_volume,135,0,135,43479,33913,77392
1769882073,72,27,0,201,0,201,low_total_volume,1.0,507,0,507,ok_volume,-0.048,29228,32160,61388,ok_volume,40,0,40,43519,33913,77432
1769882074,72,27,0,171,0,171,low_total_volume,1.0,507,0,507,ok_volume,-0.048,29215,32160,61375,ok_volume,0,0,0,43409,33913,77322
1769882075,72,27,0,73,0,73,low_activity,0,234,0,234,low_total_volume,-0.054,28876,32160,61036,ok_volume,33,0,33,43442,33913,77355
1769882076,72,27,0,533,0,533,low_activity,1.0,704,0,704,ok_volume,-0.045,29376,32160,61536,ok_volume,500,0,500,43938,33913,77851
1769882077,72,27,1.0,1976,0,1976,ok_volume,1.0,2016,0,2016,ok_volume,-0.022,30747,32160,62907,ok_volume,1443,0,1443,45381,33913,79294
1769882078,72,27,0,1943,0,1943,low_activity,1.0,1976,0,1976,ok_volume,-0.022,30747,32160,62907,ok_volume,0,0,0,45378,33913,79291
1769882079,72,27,1.0,1499,0,1499,ok_volume,1.0,2032,0,2032,ok_volume,-0.176,22459,32059,54518,ok_volume,56,0,56,45434,33913,79347
1769882080,70,28,0,56,0,56,low_activity,1.0,1999,0,1999,ok_volume,-0.176,22459,32059,54518,ok_volume,0,0,0,45411,33913,79324
1769882081,70,28,0,56,10,66,low_activity,0.987,1499,10,1509,ok_volume,0.102,22459,18310,40769,ok_volume,0,10,10,45221,32722,77943
1769882082,70,28,0,0,10,10,low_activity,0,56,10,66,low_activity,0.095,22135,18310,40445,ok_volume,0,0,0,44890,32722,77612
1769882083,70,28,0,0,10,10,low_activity,0,56,10,66,low_activity,0.095,22135,18310,40445,ok_volume,0,0,0,44890,32722,77612
1769882084,70,27,0,417,0,417,low_activity,0,417,10,427,low_activity,0.102,22487,18310,40797,ok_volume,421,0,421,44662,32622,77284
1769882085,70,28,0,417,0,417,low_activity,0,417,10,427,low_activity,0.101,22437,18310,40747,ok_volume,0,0,0,39576,32622,72198
1769882086,70,28,0,588,0,588,low_activity,0,588,0,588,low_activity,0.105,22608,18310,40918,ok_volume,179,0,179,33169,32368,65537
1769882087,70,28,0,171,0,171,low_activity,0,588,0,588,low_activity,0.102,22474,18310,40784,ok_volume,0,0,0,33039,32368,65407
1769882088,70,27,0,171,0,171,low_activity,0,588,0,588,low_activity,0.102,22474,18310,40784,ok_volume,2,0,2,33041,32368,65409
1769882089,70,27,0,4675,0,4675,low_activity,0,4846,0,4846,low_activity,0.194,27149,18310,45459,ok_volume,4679,0,4679,37285,32368,69653
1769882090,70,27,0,4675,0,4675,low_activity,0,4846,0,4846,low_activity,0.192,27018,18310,45328,ok_volume,0,0,0,37285,32368,69653
1769882091,70,27,0,4675,0,4675,low_activity,0,4675,0,4675,low_activity,0.192,27018,18310,45328,ok_volume,0,0,0,37285,32325,69610
1769882092,70,27,0,0,0,0,low_activity,0,4675,0,4675,low_activity,0.192,27018,18310,45328,ok_volume,5,0,5,37290,32325,69615
1769882093,70,27,0,0,0,0,low_activity,0,4675,0,4675,low_activity,0.193,27005,18261,45266,ok_volume,0,0,0,37290,32325,69615
1769882094,70,27,0,0,0,0,low_activity,0,0,0,0,low_activity,0.784,27005,3267,30272,ok_volume,0,0,0,37290,32325,69615
1769882095,70,29,0,266,0,266,low_activity,0,266,0,266,low_activity,0.999,27271,10,27281,ok_volume,266,0,266,37556,32325,69881
1769882096,70,29,0,266,0,266,low_activity,0,266,0,266,low_activity,0.999,27016,10,27026,ok_volume,0,0,0,37556,32325,69881
1769882097,70,29,0,362,0,362,low_activity,0,362,0,362,low_activity,0.999,14326,10,14336,ok_volume,100,0,100,37660,32325,69985
1769882098,70,29,0,96,0,96,low_activity,0,362,0,362,low_activity,0.998,8164,10,8174,ok_volume,0,0,0,37615,32325,69940
1769882099,70,28,1.0,762,0,762,ok_volume,1.0,1028,0,1028,ok_volume,0.998,8830,10,8840,ok_volume,666,0,666,38222,32325,70547
1769882100,70,28,0,666,0,666,low_activity,1.0,762,0,762,ok_volume,0.998,8524,10,8534,ok_volume,0,0,0,37664,32325,69989
1769882101,70,28,1.0,679,0,679,ok_volume,1.0,775,0,775,ok_volume,0.998,8507,10,8517,ok_volume,13,0,13,37677,32325,70002
1769882102,70,28,0,13,0,13,low_activity,1.0,679,0,679,ok_volume,0.998,8376,10,8386,ok_volume,0,0,0,37677,32179,69856
1769882103,70,28,0,13,0,13,low_activity,1.0,679,0,679,ok_volume,0.998,8336,10,8346,ok_volume,0,0,0,37625,32179,69804
1769882104,70,28,0,68,0,68,low_activity,0,81,0,81,low_activity,0.998,8404,10,8414,ok_volume,68,0,68,37680,32179,69859
1769882105,70,28,0,68,0,68,low_activity,0,81,0,81,low_activity,0.998,8371,10,8381,ok_volume,0,0,0,37306,32176,69482
1769882106,70,29,0,68,0,68,low_activity,0,68,0,68,low_activity,0.997,7871,10,7881,ok_volume,0,0,0,37306,32176,69482
1769882107,70,29,0,140,0,140,low_activity,0,208,0,208,low_activity,0.997,6568,10,6578,ok_volume,140,0,140,37370,32176,69546
1769882108,69,30,0,140,98,238,low_activity,0.359,208,98,306,ok_volume,0.968,6568,108,6676,ok_volume,0,98,98,37370,32274,69644
1769882109,69,30,0,140,98,238,low_activity,0,140,98,238,low_activity,0.967,6512,108,6620,ok_volume,4,0,4,29030,32173,61203
1769882110,68,30,0,27,98,125,low_activity,0,167,98,265,low_total_volume,0.968,6539,108,6647,ok_volume,27,0,27,29057,32173,61230
1769882111,68,30,0,143,0,143,low_activity,0.486,283,98,381,ok_volume,0.971,6655,98,6753,ok_volume,125,0,125,29182,18414,47596
1769882112,68,30,1.0,3163,0,3163,ok_volume,0.94,3163,98,3261,ok_volume,0.98,9675,98,9773,ok_volume,3020,0,3020,31871,18414,50285
1769882113,68,31,0,3136,0,3136,low_activity,1.0,3163,0,3163,ok_volume,0.98,9675,98,9773,ok_volume,0,0,0,31870,18414,50284
1769882114,68,31,0,3020,0,3020,low_activity,1.0,3163,0,3163,ok_volume,0.979,9258,98,9356,ok_volume,0,0,0,31805,18414,50219
1769882115,68,31,0,0,0,0,no_volume,0,3136,0,3136,low_activity,0.979,9258,98,9356,ok_volume,0,0,0,31755,18414,50169
1769882116,68,31,0,20,0,20,low_activity,0,3040,0,3040,low_activity,0.979,9107,98,9205,ok_volume,20,0,20,31775,18414,50189
1769882117,68,31,0,20,0,20,low_activity,0,20,0,20,low_activity,0.979,9107,98,9205,ok_volume,0,0,0,31641,18414,50055
1769882118,68,31,0,20,35,55,low_activity,0,20,35,55,low_activity,0.971,9107,133,9240,ok_volume,0,35,35,31641,18449,50090
1769882119,68,31,0,0,35,35,low_activity,0,20,35,55,low_activity,0.942,4432,133,4565,ok_volume,0,0,0,31641,18449,50090
1769882120,67,32,0,499,1035,1534,low_activity,-0.332,519,1035,1554,ok_volume,0.626,4931,1133,6064,ok_volume,499,1000,1499,32009,19449,51458
1769882121,67,32,0,548,1000,1548,low_activity,-0.308,548,1035,1583,ok_volume,0.629,4980,1133,6113,ok_volume,49,0,49,32058,19449,51507
1769882122,67,32,0,548,1000,1548,low_activity,-0.308,548,1035,1583,ok_volume,0.629,4980,1133,6113,ok_volume,0,0,0,32058,19449,51507
1769882123,67,32,0,100,0,100,low_activity,0,599,1000,1599,low_activity,0.632,5031,1133,6164,ok_volume,51,0,51,32096,19400,51496
1769882124,67,32,0,51,12,63,low_activity,-0.256,599,1012,1611,ok_volume,0.629,5031,1145,6176,ok_volume,7,21,28,32103,4421,36524
1769882125,67,32,0,51,27,78,low_activity,0,100,27,127,low_activity,0.608,4765,1160,5925,ok_volume,0,2,2,32103,1181,33284
1769882126,66,33,0,0,48,48,low_activity,0,51,48,99,low_activity,0.603,4765,1181,5946,ok_volume,0,21,21,31847,1202,33049
1769882127,66,33,0,20,21,41,low_activity,0,71,48,119,low_total_volume,0.598,4689,1181,5870,ok_volume,22,0,22,19080,1202,20282
1769882128,66,33,0,20,21,41,low_activity,0,20,48,68,low_activity,0.598,4689,1181,5870,ok_volume,0,0,0,12916,1202,14118
1769882129,66,33,0,55,0,55,low_activity,0,55,21,76,low_activity,0.549,4058,1181,5239,ok_volume,35,0,35,12945,1202,14147
1769882130,66,33,0,35,0,35,low_activity,0,55,21,76,low_activity,0.549,4058,1181,5239,ok_volume,0,0,0,12639,1202,13841
1769882131,66,33,0,35,0,35,low_activity,0,55,0,55,low_activity,0.548,4045,1181,5226,ok_volume,0,0,0,12609,1202,13811
1769882132,66,33,0,0,0,0,no_volume,0,35,0,35,low_activity,0.548,4045,1181,5226,ok_volume,0,0,0,12474,1202,13676
1769882133,66,33,0,83,0,83,low_activity,0,118,0,118,low_activity,0.555,4128,1181,5309,ok_volume,85,0,85,12519,1202,13721
1769882134,66,33,1.0,1215,0,1215,ok_volume,1.0,1215,0,1215,ok_volume,0.629,5192,1181,6373,ok_volume,1132,0,1132,13651,1202,14853
1769882135,66,33,1.0,1215,0,1215,ok_volume,1.0,1215,0,1215,ok_volume,0.629,5192,1181,6373,ok_volume,1,0,1,13619,1202,14821
1769882136,66,33,1.0,1146,0,1146,ok_volume,1.0,1229,0,1229,ok_volume,0.63,5206,1181,6387,ok_volume,0,0,0,13133,1202,14335
1769882137,65,33,0,14,0,14,low_activity,1.0,1229,0,1229,ok_volume,0.622,5066,1181,6247,ok_volume,0,0,0,11694,1202,12896
1769882138,65,34,0,289,0,289,low_activity,1.0,1435,0,1435,ok_volume,0.664,5355,1083,6438,ok_volume,289,0,289,11983,1202,13185
1769882139,65,34,0,359,0,359,low_activity,0,373,0,373,low_activity,0.667,5425,1083,6508,ok_volume,72,0,72,11999,1202,13201
1769882140,65,33,1.0,793,0,793,ok_volume,1.0,793,0,793,ok_volume,0.687,5832,1083,6915,ok_volume,434,0,434,12433,1202,13635
1769882141,65,33,0,504,0,504,low_activity,1.0,793,0,793,ok_volume,0.681,5716,1083,6799,ok_volume,0,0,0,12433,1192,13625
1769882142,65,33,0,434,0,434,low_activity,1.0,793,0,793,ok_volume,0.427,2696,1083,3779,ok_volume,5,0,5,12438,1192,13630
1769882143,65,33,0,10,217,227,low_total_volume,0.406,514,217,731,ok_volume,0.351,2706,1300,4006,ok_volume,10,217,227,12448,1409,13857
1769882144,65,34,0,67,217,284,low_total_volume,0.396,501,217,718,ok_volume,0.36,2763,1300,4063,ok_volume,57,0,57,12084,1409,13493
1769882145,64,34,0.689,1177,217,1394,ok_volume,0.689,1177,217,1394,ok_volume,0.497,3873,1300,5173,ok_volume,1110,0,1110,13194,1409,14603
1769882146,64,34,1.0,1332,0,1332,ok_volume,0.722,1342,217,1559,ok_volume,0.511,4018,1300,5318,ok_volume,165,0,165,13180,1409,14589
1769882147,65,34,1.0,1309,0,1309,ok_volume,0.728,1376,217,1593,ok_volume,0.514,4052,1300,5352,ok_volume,34,0,34,13214,1409,14623
1769882148,65,34,0.24,243,149,392,ok_volume,0.809,1410,149,1559,ok_volume,0.487,4096,1414,5510,ok_volume,44,149,193,13256,1558,14814
1769882149,65,34,0,78,149,227,low_activity,0.802,1353,149,1502,ok_volume,0.487,4096,1414,5510,ok_volume,0,0,0,8577,1558,10135
1769882150,65,34,0,44,149,193,low_activity,0.24,243,149,392,ok_volume,0.794,3597,414,4011,ok_volume,0,0,0,8577,1558,10135
1769882151,65,34,0,0,0,0,no_volume,0,78,149,227,low_activity,0.791,3548,414,3962,ok_volume,0,0,0,8577,1558,10135
1769882152,65,34,0,0,0,0,no_volume,0,44,149,193,low_activity,0.791,3548,414,3962,ok_volume,0,0,0,8572,1558,10130
1769882153,65,34,0,0,0,0,no_volume,0,0,0,0,no_volume,0.788,3497,414,3911,ok_volume,0,0,0,8572,1558,10130
1769882154,65,34,0,66,0,66,low_activity,0,66,0,66,low_activity,0.804,3563,387,3950,ok_volume,70,0,70,8642,1558,10200
1769882155,65,34,0,385,0,385,low_activity,0,385,0,385,low_activity,0.819,3882,387,4269,ok_volume,319,0,319,8695,1558,10253
1769882156,65,34,1.0,5385,0,5385,ok_volume,1.0,5385,0,5385,ok_volume,0.921,8882,366,9248,ok_volume,5000,0,5000,13691,1558,15249
1769882157,65,34,0,5360,0,5360,low_activity,1.0,5426,0,5426,ok_volume,0.921,8903,366,9269,ok_volume,41,0,41,13632,1558,15190
1769882158,65,34,0,5196,0,5196,low_activity,1.0,5581,0,5581,ok_volume,0.922,9058,366,9424,ok_volume,155,0,155,13787,1558,15345
1769882159,65,34,0,696,0,696,low_activity,1.0,6015,0,6015,ok_volume,0.926,9523,366,9889,ok_volume,502,0,502,13623,1558,15181
1769882160,65,34,0.984,2545,20,2565,ok_volume,0.995,7586,20,7606,ok_volume,0.935,11413,386,11799,ok_volume,1895,20,1915,15518,1578,17096
1769882161,65,34,0.984,2460,20,2480,ok_volume,0.985,2656,20,2676,ok_volume,0.935,11483,386,11869,ok_volume,77,0,77,15582,1578,17160
1769882162,65,34,0.98,1960,20,1980,ok_volume,0.985,2615,20,2635,ok_volume,0.935,11483,386,11869,ok_volume,0,0,0,15582,1578,17160
1769882163,65,34,0,70,0,70,low_activity,0.984,2460,20,2480,ok_volume,0.934,11400,386,11786,ok_volume,0,0,0,15582,1578,17160
1769882164,65,34,0,0,0,0,no_volume,0.98,1960,20,1980,ok_volume,0.928,10268,386,10654,ok_volume,0,0,0,15514,1578,17092
1769882165,65,34,0,150,0,150,low_activity,0,220,0,220,low_activity,0.928,10404,386,10790,ok_volume,150,0,150,15664,1578,17242
1769882166,65,34,0,150,0,150,low_activity,0,150,0,150,low_activity,0.928,10404,386,10790,ok_volume,0,0,0,15664,1578,17242
1769882167,65,34,0,160,0,160,low_activity,0,160,0,160,low_activity,0.929,10414,386,10800,ok_volume,10,0,10,15534,1578,17112
1769882168,65,34,0,10,0,10,low_activity,0,160,0,160,low_activity,0.927,10125,386,10511,ok_volume,0,0,0,15534,1480,17014
1769882169,65,34,0,39,0,39,low_activity,0,189,0,189,low_activity,0.926,10084,386,10470,ok_volume,29,0,29,15559,1480,17039
1769882170,65,34,0,29,0,29,low_activity,0,39,0,39,low_activity,0.923,9650,386,10036,ok_volume,0,0,0,15532,1480,17012
1769882171,65,34,0,329,0,329,low_activity,0,339,0,339,low_activity,0.925,9950,386,10336,ok_volume,300,0,300,15707,1480,17187
1769882172,65,34,0,332,0,332,low_activity,0,361,0,361,low_activity,0.926,9982,386,10368,ok_volume,32,0,32,12719,1480,14199
1769882173,65,34,0,432,0,432,low_activity,0,461,0,461,low_activity,0.967,10072,169,10241,ok_volume,105,0,105,12824,1480,14304
1769882174,65,34,0,147,0,147,low_activity,0,447,0,447,low_activity,0.967,10030,169,10199,ok_volume,15,0,15,12839,1480,14319
1769882175,65,34,0,482,0,482,low_activity,1.0,814,0,814,ok_volume,0.964,9287,169,9456,ok_volume,367,0,367,13206,1480,14686
1769882176,65,34,0,382,0,382,low_activity,0,514,0,514,low_activity,0.964,9122,169,9291,ok_volume,0,0,0,13186,1480,14666
1769882177,65,34,0,367,0,367,low_activity,0,482,0,482,low_activity,0.963,9088,169,9257,ok_volume,0,0,0,13186,1480,14666
1769882178,65,34,0,0,0,0,no_volume,0,382,0,382,low_activity,0.996,9044,20,9064,ok_volume,0,0,0,13186,1445,14631
1769882179,65,34,0,0,0,0,low_activity,0,367,0,367,low_activity,0.996,9044,20,9064,ok_volume,3,0,3,13189,1445,14634
1769882180,65,34,0,72,0,72,low_activity,0,72,0,72,low_activity,0.996,9116,20,9136,ok_volume,72,0,72,12762,445,13207
1769882181,65,34,0,82,0,82,low_activity,0,82,0,82,low_activity,0.996,9126,20,9146,ok_volume,10,0,10,12723,445,13168
1769882182,65,34,0,683,0,683,low_activity,0,683,0,683,low_activity,0.996,9727,20,9747,ok_volume,13,0,13,13324,445,13769
1769882183,65,34,0,978,0,978,low_activity,1.0,1050,0,1050,ok_volume,0.996,10094,20,10114,ok_volume,376,0,376,13649,445,14094
1769882184,65,34,0,454,0,454,low_activity,1.0,1124,0,1124,ok_volume,0.996,10102,20,10122,ok_volume,74,0,74,13716,409,14125
1769882185,65,34,0,588,0,588,low_activity,1.0,1199,0,1199,ok_volume,0.996,9930,20,9950,ok_volume,147,0,147,13863,407,14270
1769882186,65,34,0,221,0,221,low_activity,0,601,0,601,low_activity,0.992,4930,20,4950,ok_volume,0,0,0,13863,386,14249
1769882187,65,34,0,147,0,147,low_activity,0,588,0,588,low_activity,0.992,4889,20,4909,ok_volume,0,0,0,13841,386,14227
1769882188,65,34,0,993,0,993,low_activity,0,1214,0,1214,low_activity,0.993,5727,20,5747,ok_volume,979,0,979,14834,386,15220
1769882189,65,34,0,1235,0,1235,low_activity,0,1382,0,1382,low_activity,0.993,5469,20,5489,ok_volume,242,0,242,15041,386,15427
1769882190,65,34,0,1221,0,1221,low_activity,0,1235,0,1235,low_activity,1.0,3579,0,3579,ok_volume,0,0,0,15041,386,15427
1769882191,65,34,0,242,0,242,low_activity,0,1235,0,1235,low_activity,1.0,3509,0,3509,ok_volume,0,0,0,15041,386,15427
1769882192,65,34,0,183,0,183,low_activity,0,1404,0,1404,low_activity,1.0,3692,0,3692,ok_volume,190,0,190,15231,386,15617
1769882193,65,34,0,697,0,697,low_activity,0,939,0,939,low_activity,1.0,4206,0,4206,ok_volume,514,0,514,15660,386,16046
1769882194,65,34,0,697,0,697,low_activity,0,697,0,697,low_activity,1.0,4206,0,4206,ok_volume,0,0,0,14528,386,14914
1769882195,65,34,0,514,0,514,low_activity,0,697,0,697,low_activity,1.0,4056,0,4056,ok_volume,0,0,0,14513,386,14899
1769882196,65,34,0,739,0,739,low_activity,0,1436,0,1436,low_activity,1.0,4795,0,4795,ok_volume,0,0,0,15248,386,15634
1769882197,65,34,0,753,0,753,low_activity,0,1267,0,1267,low_activity,1.0,4799,0,4799,ok_volume,15,0,15,15263,386,15649
1769882198,65,34,0,14,0,14,low_activity,0,753,0,753,low_activity,1.0,4799,0,4799,ok_volume,1,0,1,14975,386,15361
1769882199,65,34,0,14,0,14,low_activity,0,753,0,753,low_activity,1.0,4770,0,4770,ok_volume,7,0,7,14910,386,15296
1769882200,65,34,0,1183,0,1183,low_activity,0,1197,0,1197,low_activity,1.0,5953,0,5953,ok_volume,1183,0,1183,15659,386,16045
1769882201,65,34,0,1183,0,1183,low_activity,0,1197,0,1197,low_activity,1.0,5653,0,5653,ok_volume,0,0,0,15659,386,16045
1769882202,65,34,0,1318,0,1318,low_activity,0,1318,0,1318,low_activity,1.0,5756,0,5756,ok_volume,135,0,135,15789,386,16175
1769882203,65,34,0,135,0,135,low_activity,0,1318,0,1318,low_activity,1.0,5656,0,5656,ok_volume,0,0,0,15779,169,15948
1769882204,65,34,0,149,0,149,low_activity,0,1332,0,1332,low_activity,1.0,5655,0,5655,ok_volume,14,0,14,15736,169,15905
1769882205,65,34,1.0,2696,0,2696,ok_volume,1.0,2831,0,2831,ok_volume,1.0,7970,0,7970,ok_volume,54,0,54,17308,169,17477
1769882206,65,34,1.0,3435,0,3435,ok_volume,1.0,3570,0,3570,ok_volume,1.0,8709,0,8709,ok_volume,739,0,739,17882,169,18051
1769882207,65,34,0,793,0,793,low_activity,1.0,3435,0,3435,ok_volume,1.0,8709,0,8709,ok_volume,0,0,0,17848,169,18017
1769882208,65,34,0,837,45,882,low_activity,0.975,3533,45,3578,ok_volume,0.99,8807,45,8852,ok_volume,98,45,143,17902,65,17967
1769882209,65,34,0,98,45,143,low_activity,0.904,891,45,936,ok_volume,0.99,8807,45,8852,ok_volume,0,0,0,17902,65,17967
1769882210,65,34,0,98,45,143,low_activity,0,837,45,882,low_activity,0.99,8735,45,8780,ok_volume,0,0,0,17902,65,17967
1769882211,65,34,0,192,0,192,low_activity,0,290,45,335,low_activity,0.989,8329,45,8374,ok_volume,192,0,192,18094,65,18159
1769882212,65,34,0,192,0,192,low_activity,0,290,45,335,low_activity,0.989,8316,45,8361,ok_volume,0,0,0,18094,65,18159
1769882213,65,34,0,192,0,192,low_activity,0,192,0,192,low_activity,0.989,7949,45,7994,ok_volume,0,0,0,18094,65,18159
1769882214,65,34,0,11,0,11,low_activity,0,203,0,203,low_activity,0.989,7886,45,7931,ok_volume,11,0,11,18035,65,18100
1769882215,65,34,0,11,0,11,low_activity,0,203,0,203,low_activity,0.988,7739,45,7784,ok_volume,0,0,0,17716,65,17781
1769882216,65,34,0,11,0,11,low_activity,0,11,0,11,low_activity,0.988,7739,45,7784,ok_volume,0,0,0,12716,65,12781
1769882217,65,34,0,0,0,0,no_volume,0,11,0,11,low_activity,0.988,7725,45,7770,ok_volume,0,0,0,12675,65,12740
1769882218,65,34,0,0,0,0,low_activity,0,11,0,11,low_activity,0.987,6746,45,6791,ok_volume,8,0,8,12528,65,12593
1769882219,65,34,0,230,0,230,low_activity,0,230,0,230,low_activity,0.987,6734,45,6779,ok_volume,230,0,230,12256,65,12321
1769882220,65,34,0,230,0,230,low_activity,0,230,0,230,low_activity,0.987,6734,45,6779,ok_volume,0,0,0,10361,45,10406
1769882221,65,34,0,230,0,230,low_activity,0,230,0,230,low_activity,0.987,6734,45,6779,ok_volume,0,0,0,10284,45,10329
1769882222,65,34,0,88,0,88,low_activity,0,318,0,318,low_activity,0.987,6639,45,6684,ok_volume,88,0,88,10372,45,10417
1769882223,65,34,0,88,0,88,low_activity,0,318,0,318,low_activity,0.985,6125,45,6170,ok_volume,0,0,0,10372,45,10417
1769882224,65,34,0,3323,0,3323,low_activity,0,3323,0,3323,low_activity,0.99,9360,45,9405,ok_volume,3235,0,3235,13607,45,13652
1769882225,65,34,0,3235,0,3235,low_activity,0,3323,0,3323,low_activity,0.99,8621,45,8666,ok_volume,0,0,0,13457,45,13502
1769882226,65,33,0,4714,0,4714,low_activity,0,4802,0,4802,low_activity,0.991,10100,45,10145,ok_volume,1479,0,1479,14936,45,14981
1769882227,65,33,0,1479,0,1479,low_activity,0,4714,0,4714,low_activity,0.991,10086,45,10131,ok_volume,0,0,0,14926,45,14971
1769882228,65,33,0,1479,0,1479,low_activity,0,4714,0,4714,low_activity,0.991,10086,45,10131,ok_volume,0,0,0,14926,45,14971
1769882229,65,33,0,0,0,0,no_volume,0,1479,0,1479,low_activity,0.991,10086,45,10131,ok_volume,0,0,0,14897,45,14942
1769882230,65,33,0,0,0,0,no_volume,0,1479,0,1479,low_activity,0.99,8903,45,8948,ok_volume,0,0,0,14897,45,14942
1769882231,65,33,0,0,0,0,no_volume,0,0,0,0,no_volume,0.99,8903,45,8948,ok_volume,0,0,0,14597,45,14642
1769882232,64,33,0,43,0,43,low_activity,0,43,0,43,low_activity,0.99,8811,45,8856,ok_volume,43,0,43,14608,45,14653
1769882233,64,33,0,86,0,86,low_activity,0,86,0,86,low_activity,0.99,8854,45,8899,ok_volume,0,0,0,14546,47,14593
1769882234,64,33,0,86,0,86,low_activity,0,86,0,86,low_activity,0.986,6212,45,6257,ok_volume,0,0,0,14531,47,14578
1769882235,64,33,0,15,31,46,low_activity,0,101,31,132,low_activity,0.976,6173,76,6249,ok_volume,15,36,51,14179,83,14262
1769882236,64,33,0,29,31,60,low_activity,0,115,31,146,low_total_volume,0.972,5448,76,5524,ok_volume,14,0,14,14193,83,14276
1769882237,65,33,0,29,31,60,low_activity,0,29,31,60,low_activity,0.972,5448,76,5524,ok_volume,0,0,0,14193,83,14276
1769882238,65,34,0,14,0,14,low_activity,0,29,31,60,low_activity,0.988,5350,31,5381,ok_volume,0,0,0,14193,83,14276
1769882239,65,34,0,0,0,0,no_volume,0,29,31,60,low_activity,0.988,5350,31,5381,ok_volume,0,0,0,14190,83,14273
1769882240,65,34,0,0,0,0,no_volume,0,14,0,14,low_activity,0.988,5350,31,5381,ok_volume,0,0,0,14118,83,14201
1769882241,63,34,0,0,0,0,no_volume,0,0,0,0,no_volume,0.988,5158,31,5189,ok_volume,0,0,0,13520,83,13603
1769882242,65,34,0,0,85,85,low_activity,0,0,85,85,low_activity,0.956,5158,116,5274,ok_volume,0,0,0,13507,177,13684
1769882243,65,34,0,0,85,85,low_activity,0,0,85,85,low_activity,0.956,5158,116,5274,ok_volume,0,0,0,13131,177,13308
1769882244,65,34,0,1300,0,1300,low_activity,0.877,1300,85,1385,ok_volume,0.965,6447,116,6563,ok_volume,1000,0,1000,14357,177,14534
1769882245,65,34,0,1300,0,1300,low_activity,0.877,1300,85,1385,ok_volume,0.965,6447,116,6563,ok_volume,7,0,7,14217,177,14394
1769882246,65,34,0,1000,0,1000,low_activity,0,1300,0,1300,low_activity,0.965,6447,116,6563,ok_volume,2,0,2,14219,177,14396
1769882247,65,34,0,205,0,205,low_activity,1.0,1505,0,1505,ok_volume,0.966,6652,116,6768,ok_volume,214,0,214,14419,177,14596
1769882248,65,34,0,205,0,205,low_activity,0,1205,0,1205,low_activity,0.966,6652,116,6768,ok_volume,0,0,0,13440,177,13617
1769882249,65,34,0,205,0,205,low_activity,0,205,0,205,low_activity,0.965,6422,116,6538,ok_volume,0,0,0,13198,177,13375
1769882250,65,34,0,10,0,10,low_activity,0,215,0,215,low_activity,0.965,6432,116,6548,ok_volume,0,0,0,13208,177,13385
1769882251,65,34,0,72,0,72,low_activity,0,277,0,277,low_activity,0.965,6494,116,6610,ok_volume,62,0,62,13270,177,13447
1769882252,65,34,0,62,0,62,low_activity,0,72,0,72,low_activity,0.964,6406,116,6522,ok_volume,0,0,0,13080,177,13257
1769882253,65,34,0,98,0,98,low_activity,0,108,0,108,low_activity,0.965,6442,116,6558,ok_volume,36,0,36,12602,177,12779
1769882254,65,34,0,46,0,46,low_activity,0,108,0,108,low_activity,0.93,3217,116,3333,ok_volume,10,6,16,12612,183,12795
1769882255,65,34,0,82,0,82,low_activity,0,144,0,144,low_activity,0.931,3253,116,3369,ok_volume,36,0,36,11909,183,12092
1769882256,65,34,0,46,0,46,low_activity,0,82,0,82,low_activity,0.877,1774,116,1890,ok_volume,3,0,3,11917,183,12100
1769882257,65,34,0,109,0,109,low_activity,0,155,0,155,low_activity,0.882,1847,116,1963,ok_volume,73,0,73,11975,183,12158
1769882258,65,34,0,73,0,73,low_activity,0,119,0,119,low_activity,0.882,1847,116,1963,ok_volume,0,0,0,11974,183,12157
1769882259,65,34,0,109,0,109,low_activity,0,145,0,145,low_activity,0.884,1883,116,1999,ok_volume,36,0,36,12003,183,12186
1769882260,65,34,0,36,0,36,low_activity,0,109,0,109,low_activity,0.884,1883,116,1999,ok_volume,0,0,0,10820,183,11003
1769882261,65,34,0,36,0,36,low_activity,0,109,0,109,low_activity,0.884,1883,116,1999,ok_volume,0,0,0,10820,183,11003
1769882262,65,34,0,0,0,0,no_volume,0,36,0,36,low_activity,0.879,1797,116,1913,ok_volume,0,0,0,10685,183,10868
1769882263,65,34,0,423,0,423,low_activity,1.0,459,0,459,ok_volume,0.901,2220,116,2336,ok_volume,423,0,423,11108,183,11291
1769882264,65,34,0,423,0,423,low_activity,0,423,0,423,low_activity,0.901,2220,116,2336,ok_volume,0,0,0,8466,183,8649
1769882265,65,34,0,423,0,423,low_activity,0,423,0,423,low_activity,0.926,2205,85,2290,ok_volume,0,0,0,8412,183,8595
1769882266,65,34,0,0,0,0,no_volume,0,423,0,423,low_activity,0.925,2191,85,2276,ok_volume,0,0,0,7673,183,7856
1769882267,65,34,0,0,0,0,no_volume,0,423,0,423,low_activity,0.925,2191,85,2276,ok_volume,0,0,0,7673,183,7856
1769882268,65,34,0,135,0,135,low_activity,0,135,0,135,low_activity,0.929,2326,85,2411,ok_volume,135,0,135,7710,138,7848
1769882269,65,34,0,135,0,135,low_activity,0,135,0,135,low_activity,0.929,2326,85,2411,ok_volume,0,0,0,7710,138,7848
1769882270,65,34,1.0,356,0,356,ok_volume,1.0,356,0,356,ok_volume,0.935,2547,85,2632,ok_volume,221,0,221,7931,138,8069
1769882271,65,34,0,221,0,221,low_activity,1.0,356,0,356,ok_volume,1.0,2547,0,2547,ok_volume,0,0,0,7739,138,7877
1769882272,65,34,0,221,0,221,low_activity,1.0,356,0,356,ok_volume,1.0,2547,0,2547,ok_volume,0,0,0,7739,138,7877
1769882273,66,33,0,10,0,10,low_activity,0,231,0,231,low_activity,1.0,2257,0,2257,ok_volume,10,0,10,7749,138,7887
1769882274,66,33,0,10,0,10,low_activity,0,231,0,231,low_activity,1.0,1257,0,1257,ok_volume,0,0,0,7738,138,7876
1769882275,66,33,0,10,0,10,low_activity,0,10,0,10,low_activity,1.0,1257,0,1257,ok_volume,0,0,0,7738,138,7876
1769882276,66,33,0,0,0,0,no_volume,0,10,0,10,low_activity,1.0,1257,0,1257,ok_volume,0,0,0,7738,138,7876
1769882277,66,33,0,0,0,0,no_volume,0,10,0,10,low_activity,1.0,1052,0,1052,ok_volume,0,0,0,7738,138,7876
1769882278,66,33,0,0,0,0,no_volume,0,0,0,0,no_volume,1.0,1052,0,1052,ok_volume,0,0,0,7730,138,7868
1769882279,66,33,0,30,0,30,low_activity,0,30,0,30,low_activity,1.0,1072,0,1072,ok_volume,30,0,30,7530,138,7668
1769882280,66,33,0,394,10,404,low_activity,0,394,10,404,low_activity,0.986,1436,10,1446,ok_volume,364,10,374,7894,148,8042
1769882281,66,33,0,394,10,404,low_activity,0,394,10,404,low_activity,0.986,1374,10,1384,ok_volume,7,0,7,7901,148,8049
1769882282,66,33,0.753,730,103,833,ok_volume,0.761,760,103,863,ok_volume,0.888,1740,103,1843,ok_volume,366,0,366,8179,246,8425
1769882283,66,33,0,466,93,559,low_activity,0.786,860,103,963,ok_volume,0.892,1804,103,1907,ok_volume,100,0,100,8279,247,8526
1769882284,66,33,0,531,0,531,low_activity,0.794,895,103,998,ok_volume,0.895,1859,103,1962,ok_volume,65,0,65,5109,247,5356
1769882285,66,33,0,310,0,310,low_activity,0.758,676,93,769,ok_volume,0.901,1968,103,2071,ok_volume,146,0,146,5260,247,5507
1769882286,66,33,0,228,0,228,low_activity,1.0,694,0,694,ok_volume,0.901,1986,103,2089,ok_volume,18,0,18,3799,247,4046
1769882287,66,33,0,177,0,177,low_activity,1.0,342,0,342,ok_volume,0.899,1927,103,2030,ok_volume,21,0,21,3820,247,4067
1769882288,66,33,0,32,0,32,low_activity,0,242,0,242,low_activity,0.899,1927,103,2030,ok_volume,0,0,0,3820,247,4067
1769882289,66,33,0,14,0,14,low_activity,0,177,0,177,low_activity,0.897,1891,103,1994,ok_volume,0,0,0,3820,247,4067
1769882290,66,33,0,66,0,66,low_activity,0,98,0,98,low_activity,0.9,1957,103,2060,ok_volume,66,0,66,3886,247,4133
1769882291,66,33,0,76,0,76,low_activity,0,90,0,90,low_activity,0.9,1967,103,2070,ok_volume,10,0,10,3896,247,4143
1769882292,66,33,0,246,0,246,low_total_volume,0,246,0,246,low_total_volume,0.908,2137,103,2240,ok_volume,170,0,170,3980,245,4225
1769882293,66,33,0,180,0,180,low_activity,0,246,0,246,low_total_volume,0.887,1714,103,1817,ok_volume,0,0,0,3980,245,4225
1769882294,66,33,0,170,0,170,low_activity,0,246,0,246,low_total_volume,0.887,1714,103,1817,ok_volume,0,0,0,3980,245,4225
1769882295,66,33,0,0,0,0,low_activity,0,180,0,180,low_activity,0.887,1714,103,1817,ok_volume,0,0,0,3973,209,4182
1769882296,66,33,0,0,0,0,low_activity,0,170,0,170,low_activity,0.887,1714,103,1817,ok_volume,0,0,0,3959,209,4168
1769882297,66,33,0,0,0,0,no_volume,0,0,0,0,low_activity,0.887,1714,103,1817,ok_volume,0,0,0,3959,209,4168
1769882298,66,33,0,0,0,0,no_volume,0,0,0,0,low_activity,0.878,1579,103,1682,ok_volume,0,0,0,3959,209,4168
1769882299,66,33,0,0,0,0,no_volume,0,0,0,0,no_volume,0.878,1579,103,1682,ok_volume,0,0,0,3959,209,4168
1769882300,66,33,0,43,0,43,low_activity,0,43,0,43,low_activity,0.863,1401,103,1504,ok_volume,43,0,43,4002,209,4211
1769882301,66,33,0,202,0,202,low_activity,0,202,0,202,low_activity,0.876,1560,103,1663,ok_volume,159,0,159,4161,115,4276
1769882302,66,33,0,202,0,202,low_activity,0,202,0,202,low_activity,0.876,1560,103,1663,ok_volume,0,0,0,4161,115,4276
1769882303,66,33,0,159,0,159,low_activity,0,202,0,202,low_activity,0.875,1550,103,1653,ok_volume,0,0,0,3861,115,3976
1769882304,66,33,0,0,0,0,no_volume,0,202,0,202,low_activity,0.875,1550,103,1653,ok_volume,0,0,0,2861,115,2976
1769882305,66,33,0,2081,0,2081,low_activity,0,2240,0,2240,low_activity,0.945,3631,103,3734,ok_volume,2089,0,2089,4943,115,5058
1769882306,66,33,0,2115,0,2115,low_activity,0,2115,0,2115,low_activity,0.945,3665,103,3768,ok_volume,34,0,34,4975,115,5090
1769882307,66,33,0,4615,0,4615,low_activity,0,4615,0,4615,low_activity,0.967,6165,103,6268,ok_volume,2500,0,2500,7261,115,7376
1769882308,66,33,0,2534,0,2534,low_activity,0,4615,0,4615,low_activity,0.967,6165,103,6268,ok_volume,7,0,7,7268,115,7383
1769882309,66,33,0,2500,0,2500,low_activity,0,4615,0,4615,low_activity,0.967,6135,103,6238,ok_volume,0,0,0,7258,115,7373
1769882310,66,33,0,0,0,0,low_activity,0,2534,0,2534,low_activity,0.968,5771,93,5864,ok_volume,0,0,0,7258,115,7373
1769882311,66,33,0,0,0,0,no_volume,0,2500,0,2500,low_activity,1.0,5771,0,5771,ok_volume,0,0,0,7196,115,7311
1769882312,66,33,0,0,0,0,no_volume,0,0,0,0,low_activity,1.0,5405,0,5405,ok_volume,0,0,0,7196,115,7311
1769882313,66,33,0,289,0,289,low_activity,0,289,0,289,low_activity,1.0,5594,0,5594,ok_volume,289,0,289,7449,115,7564
1769882314,66,33,0,337,0,337,low_activity,0,337,0,337,low_activity,1.0,5577,0,5577,ok_volume,48,0,48,7487,109,7596
1769882315,66,33,0,337,0,337,low_activity,0,337,0,337,low_activity,1.0,5432,0,5432,ok_volume,5,0,5,7451,109,7560
1769882316,66,33,0,48,0,48,low_activity,0,337,0,337,low_activity,1.0,5414,0,5414,ok_volume,0,0,0,7448,109,7557
1769882317,66,33,0,65,0,65,low_activity,0,402,0,402,low_activity,1.0,5465,0,5465,ok_volume,65,0,65,7440,109,7549
1769882318,66,33,0,65,0,65,low_activity,0,113,0,113,low_activity,1.0,5465,0,5465,ok_volume,0,0,0,7440,109,7549
1769882319,66,33,0,65,0,65,low_activity,0,65,0,65,low_activity,1.0,5465,0,5465,ok_volume,0,0,0,7404,109,7513
1769882320,66,33,0,0,0,0,low_activity,0,65,0,65,low_activity,1.0,5399,0,5399,ok_volume,1,0,1,7405,109,7514
1769882321,66,33,0,0,0,0,low_activity,0,65,0,65,low_activity,1.0,5389,0,5389,ok_volume,7,0,7,7412,109,7521
1769882322,66,33,0,144,0,144,low_activity,0,144,0,144,low_activity,1.0,5363,0,5363,ok_volume,144,8,152,7556,117,7673
1769882323,66,33,0,144,0,144,low_activity,0,144,0,144,low_activity,1.0,5363,0,5363,ok_volume,0,0,0,7133,117,7250
1769882324,66,33,0,144,0,144,low_activity,0,144,0,144,low_activity,1.0,5363,0,5363,ok_volume,5,0,5,7138,117,7255
1769882325,66,33,0,0,0,0,low_activity,0,144,0,144,low_activity,1.0,5363,0,5363,ok_volume,0,0,0,7138,117,7255
1769882326,66,33,0,0,0,0,low_activity,0,144,0,144,low_activity,1.0,5363,0,5363,ok_volume,0,0,0,7138,117,7255
1769882327,66,33,0,0,0,0,low_activity,0,0,0,0,low_activity,1.0,5363,0,5363,ok_volume,8,0,8,7146,117,7263
1769882328,66,33,0,0,0,0,low_activity,0,0,0,0,low_activity,1.0,5363,0,5363,ok_volume,0,0,0,7011,117,7128
1769882329,66,33,0,14,0,14,low_activity,0,14,0,14,low_activity,1.0,5377,0,5377,ok_volume,14,0,14,7025,117,7142
1769882330,66,33,0,14,0,14,low_activity,0,14,0,14,low_activity,1.0,5334,0,5334,ok_volume,1,0,1,6805,117,6922
1769882331,66,33,0,14,0,14,low_activity,0,14,0,14,low_activity,1.0,5175,0,5175,ok_volume,0,0,0,6805,117,6922
1769882332,66,33,0,583,0,583,low_activity,0,597,0,597,low_activity,1.0,5758,0,5758,ok_volume,583,0,583,7388,117,7505
1769882333,66,33,0,594,0,594,low_activity,0,608,0,608,low_activity,1.0,5769,0,5769,ok_volume,11,0,11,7389,117,7506
1769882334,66,33,0,666,0,666,low_activity,0,666,0,666,low_activity,1.0,5841,0,5841,ok_volume,72,0,72,7461,117,7578
1769882335,66,33,0,83,0,83,low_activity,0,666,0,666,low_activity,1.0,3760,0,3760,ok_volume,0,0,0,7461,117,7578
1769882336,66,33,0,84,0,84,low_activity,0,678,0,678,low_activity,1.0,3738,0,3738,ok_volume,14,0,14,7475,117,7592
1769882337,66,33,0,12,0,12,low_activity,0,95,0,95,low_activity,1.0,1238,0,1238,ok_volume,0,0,0,7475,117,7592
1769882338,66,33,0,12,0,12,low_activity,0,84,0,84,low_activity,1.0,1238,0,1238,ok_volume,0,0,0,7475,117,7592
1769882339,66,33,0,0,0,0,no_volume,0,12,0,12,low_activity,1.0,1238,0,1238,ok_volume,0,0,0,7445,117,7562
1769882340,66,33,0,10,0,10,low_activity,0,22,0,22,low_activity,1.0,1248,0,1248,ok_volume,10,0,10,7091,107,7198
1769882341,66,33,0,10,0,10,low_activity,0,10,0,10,low_activity,1.0,1248,0,1248,ok_volume,0,0,0,7084,9,7093
1769882342,66,33,0,79,0,79,low_activity,0,79,0,79,low_activity,1.0,1317,0,1317,ok_volume,72,0,72,6790,8,6798
1769882343,66,33,0,69,200,269,low_activity,0,79,200,279,low_total_volume,0.674,1028,200,1228,ok_volume,0,200,200,6690,208,6898
1769882344,66,33,0.48,569,200,769,ok_volume,0.487,579,200,779,ok_volume,0.762,1480,200,1680,ok_volume,500,0,500,7120,208,7328
1769882345,65,34,0,500,210,710,low_activity,0.461,569,210,779,ok_volume,0.751,1480,210,1690,ok_volume,0,10,10,6974,218,7192
1769882346,65,34,0,500,10,510,low_activity,0.461,569,210,779,ok_volume,0.751,1480,210,1690,ok_volume,5,0,5,6961,218,7179
1769882347,65,34,0,10,10,20,low_activity,0,510,210,720,low_activity,0.743,1425,210,1635,ok_volume,10,0,10,6950,218,7168
1769882348,65,34,0,10,0,10,low_activity,0,510,10,520,low_activity,0.743,1425,210,1635,ok_volume,0,0,0,6950,218,7168
1769882349,65,34,0,39,0,39,low_activity,0,39,10,49,low_activity,0.748,1454,210,1664,ok_volume,29,0,29,6979,218,7197
1769882350,65,34,0,43,0,43,low_activity,0,53,0,53,low_activity,0.75,1468,210,1678,ok_volume,1,0,1,6928,218,7146
1769882351,65,34,0,43,0,43,low_activity,0,53,0,53,low_activity,0.75,1468,210,1678,ok_volume,0,0,0,6918,218,7136
1769882352,65,32,0,101,0,101,low_activity,0,144,0,144,low_activity,0.743,1425,210,1635,ok_volume,101,0,101,6849,218,7067
1769882353,67,31,0,101,0,101,low_activity,0,144,0,144,low_activity,0.743,1425,210,1635,ok_volume,0,0,0,6849,218,7067
1769882354,67,31,0,101,0,101,low_activity,0,101,0,101,low_activity,0.743,1425,210,1635,ok_volume,0,0,0,6841,218,7059
1769882355,67,32,0,0,0,0,no_volume,0,101,0,101,low_activity,0.743,1425,210,1635,ok_volume,0,0,0,6841,218,7059
1769882356,67,32,0,0,0,0,no_volume,0,101,0,101,low_activity,0.743,1425,210,1635,ok_volume,0,0,0,6841,218,7059
1769882357,67,32,0,0,0,0,low_activity,0,0,0,0,low_activity,0.743,1425,210,1635,ok_volume,7,0,7,6848,218,7066
1769882358,67,32,0,64,0,64,low_activity,0,64,0,64,low_activity,0.753,1489,210,1699,ok_volume,64,0,64,6912,218,7130
1769882359,67,32,0,64,0,64,low_activity,0,64,0,64,low_activity,0.751,1475,210,1685,ok_volume,0,0,0,6912,218,7130
1769882360,67,32,0,110,0,110,low_activity,0,110,0,110,low_activity,0.757,1521,210,1731,ok_volume,48,0,48,6917,218,7135
1769882361,67,32,0,46,0,46,low_activity,0,110,0,110,low_activity,0.757,1521,210,1731,ok_volume,0,0,0,6758,218,6976
1769882362,67,32,0,477,0,477,low_activity,0,541,0,541,low_activity,0.734,1369,210,1579,ok_volume,438,0,438,7196,218,7414
1769882363,67,32,0,714,0,714,low_activity,0,760,0,760,low_activity,0.773,1641,210,1851,ok_volume,283,0,283,7479,218,7697
1769882364,67,32,0,714,0,714,low_activity,0,760,0,760,low_activity,0.764,1569,210,1779,ok_volume,7,0,7,7486,218,7704
1769882365,66,32,0,283,0,283,low_activity,0,714,0,714,low_activity,0.764,1569,210,1779,ok_volume,1,0,1,5398,218,5616
1769882366,66,33,0,0,0,0,low_activity,0,714,0,714,low_activity,0.762,1557,210,1767,ok_volume,0,0,0,5364,218,5582
1769882367,66,33,0,0,0,0,low_activity,0,283,0,283,low_activity,0.762,1557,210,1767,ok_volume,0,0,0,2864,218,3082
1769882368,66,33,0,428,0,428,low_activity,0,428,0,428,low_activity,0.809,1985,210,2195,ok_volume,428,0,428,3285,218,3503
1769882369,66,33,0,513,0,513,low_activity,0,513,0,513,low_activity,0.816,2070,210,2280,ok_volume,85,0,85,3370,218,3588
1769882370,66,33,0,513,0,513,low_activity,0,513,0,513,low_activity,0.815,2060,210,2270,ok_volume,2,0,2,3372,218,3590
1769882371,66,33,0,154,0,154,low_activity,0,582,0,582,low_activity,0.82,2129,210,2339,ok_volume,74,0,74,3446,218,3664
1769882372,66,33,0,69,0,69,low_activity,0,582,0,582,low_activity,0.815,2060,210,2270,ok_volume,0,0,0,3446,218,3664
1769882373,66,33,0,83,0,83,low_activity,0,168,0,168,low_activity,0.99,2074,10,2084,ok_volume,21,0,21,3178,218,3396
1769882374,66,33,0,72,0,72,low_activity,0,141,0,141,low_activity,0.988,1632,10,1642,ok_volume,58,0,58,3191,218,3409
1769882375,66,33,0,119,0,119,low_activity,0,188,0,188,low_total_volume,1.0,1679,0,1679,ok_volume,47,0,47,3233,218,3451
1769882376,66,33,0,105,0,105,low_activity,0,119,0,119,low_activity,1.0,1679,0,1679,ok_volume,0,0,0,3233,218,3451
1769882377,66,33,0,156,0,156,low_activity,0,228,0,228,low_total_volume,1.0,1778,0,1778,ok_volume,109,0,109,3277,218,3495
1769882378,66,33,0,109,0,109,low_activity,0,214,0,214,low_activity,1.0,1778,0,1778,ok_volume,0,0,0,3277,218,3495
1769882379,66,33,0,109,78,187,low_activity,0,156,78,234,low_activity,0.914,1735,78,1813,ok_volume,0,78,78,3277,296,3573
1769882380,66,33,0,72,78,150,low_activity,0,181,78,259,low_activity,0.917,1807,78,1885,ok_volume,72,0,72,3348,296,3644
1769882381,66,33,0,72,78,150,low_activity,0,181,78,259,low_activity,0.917,1807,78,1885,ok_volume,0,0,0,3341,296,3637
1769882382,66,33,0,101,0,101,low_activity,0,101,78,179,low_activity,0.914,1735,78,1813,ok_volume,38,0,38,3235,288,3523
1769882383,66,33,0,65,0,65,low_activity,0,137,78,215,low_activity,0.916,1771,78,1849,ok_volume,37,0,37,3272,288,3560
1769882384,66,33,0,65,0,65,low_activity,0,137,0,137,low_activity,0.916,1771,78,1849,ok_volume,0,0,0,3267,288,3555
1769882385,66,33,0,36,0,36,low_activity,0,65,0,65,low_activity,0.916,1771,78,1849,ok_volume,0,0,0,3267,288,3555
1769882386,66,32,0,616,0,616,low_activity,0,681,0,681,low_activity,0.937,2387,78,2465,ok_volume,625,0,625,3892,288,4180
1769882387,66,33,0,616,0,616,low_activity,0,652,0,652,low_activity,0.937,2387,78,2465,ok_volume,0,0,0,3884,288,4172
1769882388,66,33,0,694,0,694,low_activity,0,694,0,694,low_activity,0.937,2401,78,2479,ok_volume,80,0,80,3964,288,4252
1769882389,66,33,0,78,0,78,low_activity,0,694,0,694,low_activity,0.937,2401,78,2479,ok_volume,0,0,0,3950,288,4238
1769882390,65,34,1.0,597,0,597,ok_volume,1.0,1213,0,1213,ok_volume,0.947,2874,78,2952,ok_volume,521,0,521,4470,288,4758
1769882391,63,34,-0.337,519,1047,1566,ok_volume,-0.274,597,1047,1644,ok_volume,0.437,2874,1125,3999,ok_volume,0,0,0,4470,1335,5805
1769882392,63,36,-0.161,757,1047,1804,ok_volume,-0.113,835,1047,1882,ok_volume,0.409,2681,1125,3806,ok_volume,238,0,238,4125,1340,5465
1769882393,63,36,0,382,0,382,low_activity,-0.075,901,1047,1948,ok_volume,0.386,2542,1125,3667,ok_volume,144,0,144,4258,1340,5598
1769882394,63,36,1.0,462,0,462,ok_volume,-0.033,981,1047,2028,ok_volume,0.4,2622,1125,3747,ok_volume,80,0,80,4266,1340,5606
1769882395,63,36,0,224,0,224,low_activity,1.0,462,0,462,ok_volume,0.4,2622,1125,3747,ok_volume,0,0,0,4266,1340,5606
1769882396,63,36,0,80,0,80,low_activity,1.0,462,0,462,ok_volume,0.4,2622,1125,3747,ok_volume,0,0,0,4252,1340,5592
1769882397,62,37,0,0,22,22,low_activity,0,224,22,246,low_total_volume,0.391,2622,1147,3769,ok_volume,0,22,22,4252,1362,5614
1769882398,62,37,0,0,22,22,low_activity,0,80,22,102,low_activity,0.313,2194,1147,3341,ok_volume,3,0,3,4255,1362,5617
1769882399,62,37,0,38,22,60,low_activity,0,38,22,60,low_activity,0.304,2147,1147,3294,ok_volume,38,0,38,4293,1362,5655
1769882400,62,37,0,38,0,38,low_activity,0,38,22,60,low_activity,0.304,2147,1147,3294,ok_volume,0,0,0,4283,1362,5645
1769882401,62,37,0,38,0,38,low_activity,0,38,22,60,low_activity,0.289,2078,1147,3225,ok_volume,0,0,0,4283,1362,5645
1769882402,62,37,0,0,0,0,no_volume,0,38,0,38,low_activity,0.289,2078,1147,3225,ok_volume,0,0,0,4211,1362,5573
1769882403,62,37,0,0,0,0,no_volume,0,38,0,38,low_activity,0.286,2064,1147,3211,ok_volume,0,0,0,4211,1162,5373
1769882404,62,37,0,0,0,0,no_volume,0,0,0,0,no_volume,0.272,2006,1147,3153,ok_volume,0,0,0,3711,1162,4873
1769882405,62,37,0,0,0,0,no_volume,0,0,0,0,no_volume,0.261,1959,1147,3106,ok_volume,0,0,0,3711,1152,4863
1769882406,62,37,0,0,0,0,no_volume,0,0,0,0,no_volume,0.261,1959,1147,3106,ok_volume,0,0,0,3706,1152,4858
1769882407,62,37,0,38,0,38,low_activity,0,38,0,38,low_activity,0.244,1888,1147,3035,ok_volume,38,0,38,3734,1152,4886
1769882408,62,37,0,38,0,38,low_activity,0,38,0,38,low_activity,0.244,1888,1147,3035,ok_volume,0,0,0,3734,1152,4886
1769882409,62,37,0,38,0,38,low_activity,0,38,0,38,low_activity,0.277,1888,1069,2957,ok_volume,0,0,0,3691,1152,4843
1769882410,62,37,0,0,0,0,no_volume,0,38,0,38,low_activity,0.259,1816,1069,2885,ok_volume,0,0,0,3690,1152,4842
1769882411,62,37,0,15,0,15,low_activity,0,53,0,53,low_activity,0.263,1831,1069,2900,ok_volume,22,0,22,3712,1152,4864
1769882412,62,37,0,939,0,939,low_activity,0,939,0,939,low_activity,0.437,2726,1069,3795,ok_volume,924,0,924,4535,1152,5687
1769882413,62,37,1.0,1042,0,1042,ok_volume,1.0,1042,0,1042,ok_volume,0.446,2793,1069,3862,ok_volume,104,0,104,4639,1152,5791
1769882414,62,37,0.971,1027,15,1042,ok_volume,0.972,1042,15,1057,ok_volume,0.441,2793,1084,3877,ok_volume,0,15,15,4639,1167,5806
1769882415,61,38,0.464,628,230,858,ok_volume,0.744,1567,230,1797,ok_volume,0.437,3318,1299,4617,ok_volume,525,215,740,5164,1382,6546
1769882416,61,38,0.391,525,230,755,ok_volume,0.742,1552,230,1782,ok_volume,0.351,2702,1299,4001,ok_volume,0,0,0,5164,1382,6546
1769882417,61,38,0,525,215,740,low_activity,0.464,628,230,858,ok_volume,0.351,2702,1299,4001,ok_volume,0,0,0,5157,1382,6539
1769882418,61,38,0,10,0,10,low_activity,0.399,535,230,765,ok_volume,0.339,2634,1299,3933,ok_volume,10,0,10,5103,1382,6485
1769882419,61,38,0,10,0,10,low_activity,0.427,535,215,750,ok_volume,0.339,2634,1299,3933,ok_volume,0,0,0,5103,1382,6485
1769882420,61,38,0,10,0,10,low_activity,0,10,0,10,low_activity,0.787,2115,252,2367,ok_volume,0,0,0,5055,1382,6437
1769882421,61,38,0,0,0,0,no_volume,0,10,0,10,low_activity,0.787,2115,252,2367,ok_volume,0,0,0,5055,1382,6437
1769882422,61,38,0,3399,0,3399,low_activity,0,3409,0,3409,low_activity,0.909,5276,252,5528,ok_volume,3399,0,3399,8016,1382,9398
1769882423,61,38,1.0,4029,0,4029,ok_volume,1.0,4029,0,4029,ok_volume,0.916,5762,252,6014,ok_volume,615,0,615,8363,1382,9745
1769882424,61,38,1.0,4054,0,4054,ok_volume,1.0,4054,0,4054,ok_volume,0.915,5707,252,5959,ok_volume,25,0,25,8381,1382,9763
1769882425,61,38,1.0,640,0,640,ok_volume,1.0,4054,0,4054,ok_volume,0.915,5707,252,5959,ok_volume,0,0,0,8380,1382,9762
1769882426,61,38,0,339,0,339,low_activity,1.0,4368,0,4368,ok_volume,0.92,6021,252,6273,ok_volume,0,0,0,8694,1382,10076
1769882427,61,38,0,314,0,314,low_activity,1.0,954,0,954,ok_volume,0.926,6021,230,6251,ok_volume,0,0,0,8694,1382,10076
1769882428,61,38,0,0,0,0,no_volume,0,339,0,339,low_activity,0.926,6021,230,6251,ok_volume,0,0,0,8266,1382,9648
1769882429,61,38,0,217,0,217,low_activity,0,531,0,531,low_activity,0.928,6200,230,6430,ok_volume,67,0,67,8404,1382,9786
1769882430,61,38,0,467,0,467,low_activity,0,467,0,467,low_activity,0.931,6450,230,6680,ok_volume,250,0,250,8652,1382,10034
1769882431,61,38,0,311,0,311,low_activity,0,467,0,467,low_activity,0.931,6450,230,6680,ok_volume,0,0,0,8578,1382,9960
1769882432,61,38,0,250,0,250,low_activity,0,467,0,467,low_activity,0.931,6450,230,6680,ok_volume,0,0,0,8578,1382,9960
1769882433,61,38,0,25,0,25,low_activity,0,336,0,336,low_activity,0.931,6475,230,6705,ok_volume,0,0,0,8579,1382,9961
1769882434,61,38,0,25,0,25,low_activity,0,275,0,275,low_activity,0.931,6475,230,6705,ok_volume,0,0,0,8521,1382,9903
1769882435,60,39,0,157,0,157,low_activity,0,182,0,182,low_activity,0.933,6632,230,6862,ok_volume,157,8,165,8631,1390,10021
1769882436,60,39,0,173,0,173,low_activity,0,198,0,198,low_activity,0.933,6648,230,6878,ok_volume,18,0,18,8649,1390,10039
1769882437,60,39,0,173,0,173,low_activity,0,173,0,173,low_activity,0.933,6610,230,6840,ok_volume,10,0,10,8550,1390,9940
1769882438,60,38,0,320,0,320,low_activity,0,477,0,477,low_activity,0.936,6914,230,7144,ok_volume,306,0,306,8856,1390,10246
1769882439,60,38,0,304,0,304,low_activity,0,477,0,477,low_activity,0.936,6914,230,7144,ok_volume,0,0,0,8856,1312,10168
1769882440,60,38,0,304,0,304,low_activity,0,320,0,320,low_activity,0.936,6914,230,7144,ok_volume,0,0,0,8784,1312,10096
1769882441,60,38,0,0,0,0,no_volume,0,304,0,304,low_activity,0.935,6899,230,7129,ok_volume,0,0,0,8784,1312,10096
1769882442,60,38,0,0,0,0,low_activity,0,304,0,304,low_activity,0.926,5975,230,6205,ok_volume,7,0,7,8753,1312,10065
1769882443,60,38,0,25,0,25,low_activity,0,25,0,25,low_activity,0.925,5897,230,6127,ok_volume,25,0,25,8741,1312,10053
1769882444,60,38,0,40,0,40,low_activity,0,40,0,40,low_activity,0.93,5912,215,6127,ok_volume,21,0,21,8762,1312,10074
1769882445,60,38,0,376,0,376,low_activity,0,376,0,376,low_activity,1.0,5723,0,5723,ok_volume,336,0,336,9098,1312,10410
1769882446,60,38,0,390,0,390,low_activity,1.0,415,0,415,ok_volume,1.0,5762,0,5762,ok_volume,39,0,39,8512,1312,9824
1769882447,60,38,0,385,0,385,low_activity,1.0,425,0,425,ok_volume,1.0,5772,0,5772,ok_volume,13,0,13,8525,1312,9837
1769882448,60,38,0,127,0,127,low_activity,1.0,478,0,478,ok_volume,1.0,5840,0,5840,ok_volume,78,0,78,8523,1312,9835
1769882449,60,38,0,88,0,88,low_activity,0,463,0,463,low_activity,1.0,5840,0,5840,ok_volume,0,0,0,8523,1312,9835
1769882450,60,38,1.0,1880,0,1880,ok_volume,1.0,1929,0,1929,ok_volume,1.0,7642,0,7642,ok_volume,1572,8,1580,9804,273,10077
1769882451,60,38,1.0,2454,0,2454,ok_volume,1.0,2542,0,2542,ok_volume,1.0,8294,0,8294,ok_volume,652,0,652,10456,268,10724
1769882452,60,39,0.97,2423,37,2460,ok_volume,0.973,2731,37,2768,ok_volume,0.986,5079,37,5116,ok_volume,204,41,245,10422,309,10731
1769882453,60,39,0.92,891,37,928,ok_volume,0.973,2693,37,2730,ok_volume,0.984,4504,37,4541,ok_volume,40,0,40,10318,309,10627
1769882454,60,39,0.866,517,37,554,ok_volume,0.973,2741,37,2778,ok_volume,0.985,4757,37,4794,ok_volume,286,0,286,10524,309,10833
1769882455,60,39,0,318,0,318,low_activity,0.939,1169,37,1206,ok_volume,0.983,4443,37,4480,ok_volume,0,0,0,10524,309,10833
1769882456,60,39,0,1852,0,1852,low_activity,0.965,2091,37,2128,ok_volume,0.988,6017,37,6054,ok_volume,1574,0,1574,12098,309,12407
1769882457,60,39,1.0,6683,0,6683,ok_volume,1.0,7001,0,7001,ok_volume,0.993,11126,37,11163,ok_volume,5109,0,5109,17209,287,17496
1769882458,60,39,1.0,6746,0,6746,ok_volume,1.0,7024,0,7024,ok_volume,0.993,11033,37,11070,ok_volume,67,0,67,17273,287,17560
1769882459,60,39,1.0,10209,0,10209,ok_volume,1.0,11783,0,11783,ok_volume,0.995,16009,37,16046,ok_volume,5038,0,5038,22273,287,22560
1769882460,60,39,1.0,6115,0,6115,ok_volume,1.0,12798,0,12798,ok_volume,0.996,16774,37,16811,ok_volume,1015,0,1015,23288,287,23575
1769882461,60,39,0,6052,0,6052,low_activity,1.0,11224,0,11224,ok_volume,0.996,16774,37,16811,ok_volume,7,0,7,23295,287,23582
1769882462,60,39,1.0,1343,0,1343,ok_volume,1.0,6443,0,6443,ok_volume,0.996,17077,37,17114,ok_volume,328,0,328,23623,287,23910
1769882463,60,39,1.0,390,0,390,ok_volume,1.0,6442,0,6442,ok_volume,0.996,17139,37,17176,ok_volume,69,0,69,23692,287,23979
1769882464,60,39,1.0,405,0,405,ok_volume,1.0,1420,0,1420,ok_volume,0.996,17154,37,17191,ok_volume,17,0,17,23709,287,23996
1769882465,60,39,0,77,0,77,low_activity,1.0,405,0,405,ok_volume,0.996,16997,37,17034,ok_volume,0,0,0,23709,287,23996
1769882466,60,39,0,55,0,55,low_activity,1.0,445,0,445,ok_volume,0.996,17021,37,17058,ok_volume,40,0,40,23749,287,24036
1769882467,60,39,0,55,0,55,low_activity,0,132,0,132,low_total_volume,0.996,17036,37,17073,ok_volume,22,0,22,23733,287,24020
1769882468,60,39,0,55,0,55,low_activity,0,70,0,70,low_activity,0.996,16732,37,16769,ok_volume,0,0,0,23733,287,24020
1769882469,60,39,0,148,0,148,low_activity,0,188,0,188,low_activity,0.996,16865,37,16902,ok_volume,137,0,137,23870,287,24157
1769882470,58,40,-0.628,133,582,715,ok_volume,-0.512,188,582,770,ok_volume,0.929,16865,619,17484,ok_volume,0,588,588,23870,875,24745
1769882471,59,40,-0.579,155,582,737,ok_volume,-0.548,170,582,752,ok_volume,0.929,16887,619,17506,ok_volume,22,0,22,23870,875,24745
1769882472,59,40,-0.854,46,582,628,ok_volume,-0.53,179,582,761,ok_volume,0.929,16911,619,17530,ok_volume,24,0,24,22970,875,23845
1769882473,60,38,0,71,0,71,low_activity,-0.481,204,582,786,ok_volume,0.929,16911,619,17530,ok_volume,27,0,27,22893,875,23768
1769882474,61,38,0,49,30,79,low_activity,-0.792,71,612,683,ok_volume,0.926,16896,649,17545,ok_volume,0,30,30,22893,890,23783
1769882475,60,38,0,25,30,55,low_activity,0,71,30,101,low_activity,0.925,16560,649,17209,ok_volume,0,0,0,22368,675,23043
1769882476,60,39,0,0,30,30,low_activity,0,49,30,79,low_activity,0.924,16521,649,17170,ok_volume,0,0,0,22368,675,23043
1769882477,61,38,0,31,0,31,low_activity,0,56,30,86,low_activity,0.924,16542,649,17191,ok_volume,33,0,33,22401,675,23076
1769882478,61,38,0,31,0,31,low_activity,0,31,30,61,low_activity,0.924,16464,649,17113,ok_volume,0,0,0,22391,675,23066
1769882479,61,38,0,31,350,381,low_activity,0,31,350,381,low_activity,0.884,16234,999,17233,ok_volume,0,350,350,22391,1025,23416
1769882480,61,38,0,30,365,395,low_activity,0,61,365,426,low_activity,0.871,14692,1014,15706,ok_volume,39,15,54,22430,1040,23470
1769882481,61,37,-0.502,121,365,486,ok_volume,-0.412,152,365,517,ok_volume,0.866,14131,1014,15145,ok_volume,108,0,108,22538,1040,23578
1769882482,61,37,0,121,15,136,low_total_volume,-0.502,121,365,486,ok_volume,0.869,13932,977,14909,ok_volume,0,0,0,19124,1040,20164
1769882483,61,38,0,591,0,591,low_activity,0.26,621,365,986,ok_volume,0.873,14392,977,15369,ok_volume,500,0,500,19009,1040,20049
1769882484,61,38,0,601,0,601,low_activity,0.959,722,15,737,ok_volume,0.871,14215,977,15192,ok_volume,101,0,101,19085,1040,20125
1769882485,61,38,0,601,0,601,low_activity,1.0,692,0,692,ok_volume,0.871,14215,977,15192,ok_volume,0,0,0,18771,1040,19811
1769882486,61,38,0.918,938,40,978,ok_volume,0.946,1438,40,1478,ok_volume,0.86,13478,1017,14495,ok_volume,807,40,847,19608,1080,20688
1769882487,60,39,0.468,837,303,1140,ok_volume,0.652,1438,303,1741,ok_volume,0.735,8369,1280,9649,ok_volume,0,263,263,19608,1343,20951
1769882488,60,39,0.454,807,303,1110,ok_volume,0.512,938,303,1241,ok_volume,0.733,8306,1280,9586,ok_volume,0,0,0,19452,1343,20795
1769882489,60,39,0.838,2981,263,3244,ok_volume,0.853,3818,303,4121,ok_volume,0.66,6250,1280,7530,ok_volume,57,0,57,22366,1343,23709
1769882490,60,39,0,2981,0,2981,low_activity,0.852,3788,303,4091,ok_volume,0.607,5235,1280,6515,ok_volume,1,0,1,22117,1343,23460
1769882491,60,39,0,215,0,215,low_activity,0.845,3139,263,3402,ok_volume,0.616,5393,1280,6673,ok_volume,0,0,0,22275,1343,23618
1769882492,59,39,0,308,24,332,low_activity,0.986,3289,24,3313,ok_volume,0.6,5215,1304,6519,ok_volume,150,29,179,22400,1372,23772
1769882493,59,39,0,150,24,174,low_activity,0,365,24,389,low_activity,0.596,5153,1304,6457,ok_volume,0,0,0,22400,1372,23772
1769882494,59,39,0,650,24,674,low_activity,0,808,24,832,low_activity,0.624,5638,1304,6942,ok_volume,514,0,514,22914,1372,24286
1769882495,59,39,0,1557,0,1557,low_activity,0,1707,24,1731,low_activity,0.674,6695,1304,7999,ok_volume,1057,0,1057,23814,1364,25178
1769882496,59,39,0,1747,0,1747,low_activity,0.975,1897,24,1921,ok_volume,0.68,6845,1304,8149,ok_volume,190,0,190,23986,1364,25350
1769882497,59,39,1.0,1372,0,1372,ok_volume,1.0,1872,0,1872,ok_volume,0.684,6955,1304,8259,ok_volume,125,0,125,24101,1364,25465
1769882498,60,39,1.0,315,0,315,ok_volume,1.0,1872,0,1872,ok_volume,0.684,6955,1304,8259,ok_volume,0,0,0,23795,1364,25159
1769882499,60,39,0,225,0,225,low_activity,1.0,1472,0,1472,ok_volume,0.683,6922,1304,8226,ok_volume,107,0,107,23902,1364,25266
1769882500,60,39,0,110,0,110,low_activity,1.0,425,0,425,ok_volume,0.811,6932,722,7654,ok_volume,10,0,10,23912,1364,25276
1769882501,60,39,0,110,0,110,low_activity,0,235,0,235,low_total_volume,0.811,6910,722,7632,ok_volume,0,0,0,23912,1364,25276
1769882502,60,39,0,10,0,10,low_activity,0,110,0,110,low_activity,0.81,6886,722,7608,ok_volume,0,0,0,23905,1364,25269
1769882503,60,39,0,0,0,0,no_volume,0,110,0,110,low_activity,0.81,6861,722,7583,ok_volume,0,0,0,23880,1364,25244
1769882504,60,39,0,71,0,71,low_activity,0,81,0,81,low_activity,0.818,6932,692,7624,ok_volume,76,0,76,23935,1364,25299
1769882505,60,39,0,71,0,71,low_activity,0,71,0,71,low_activity,0.818,6932,692,7624,ok_volume,0,0,0,23599,1364,24963
1769882506,59,39,0,81,10,91,low_activity,0,81,10,91,low_activity,0.816,6942,702,7644,ok_volume,10,10,20,23570,1374,24944
1769882507,59,39,0,260,10,270,low_activity,0.941,331,10,341,ok_volume,0.821,7161,702,7863,ok_volume,255,0,255,23812,1374,25186
1769882508,59,39,0.977,878,10,888,ok_volume,0.979,949,10,959,ok_volume,0.834,7779,702,8481,ok_volume,627,0,627,24361,1374,25735
1769882509,59,39,1.0,1037,0,1037,ok_volume,0.981,1047,10,1057,ok_volume,0.915,7948,352,8300,ok_volume,171,0,171,24302,1374,25676
1769882510,59,40,0,787,0,787,low_activity,0.981,1047,10,1057,ok_volume,0.918,7918,337,8255,ok_volume,0,0,0,22730,1366,24096
1769882511,59,40,0,207,0,207,low_activity,1.0,1075,0,1075,ok_volume,0.918,7865,337,8202,ok_volume,40,0,40,22118,1366,23484
1769882512,59,40,0,38,0,38,low_activity,1.0,825,0,825,ok_volume,0.918,7865,337,8202,ok_volume,0,0,0,21914,1325,23239
1769882513,59,40,0,38,0,38,low_activity,0,207,0,207,low_activity,0.912,7365,337,7702,ok_volume,0,0,0,21874,1325,23199
1769882514,60,39,0,0,0,0,low_activity,0,38,0,38,low_activity,0.911,7264,337,7601,ok_volume,2,0,2,21590,1325,22915
1769882515,60,39,0,0,0,0,low_activity,0,38,0,38,low_activity,0.911,7234,337,7571,ok_volume,0,0,0,21590,1325,22915
1769882516,60,39,0,0,0,0,low_activity,0,0,0,0,low_activity,0.912,6427,297,6724,ok_volume,0,0,0,20014,1325,21339
1769882517,60,39,0,319,0,319,low_activity,0,319,0,319,low_activity,0.99,6746,34,6780,ok_volume,319,0,319,15224,1325,16549
1769882518,60,39,0,356,0,356,low_activity,0,356,0,356,low_activity,0.983,3859,34,3893,ok_volume,37,0,37,15194,1325,16519
1769882519,60,39,0,356,0,356,low_activity,0,356,0,356,low_activity,0.982,3802,34,3836,ok_volume,0,0,0,10156,1325,11481
1769882520,60,39,0,52,0,52,low_activity,0,371,0,371,low_activity,0.982,3659,34,3693,ok_volume,15,0,15,9156,1325,10481
1769882521,60,39,0,15,0,15,low_activity,0,371,0,371,low_activity,0.982,3659,34,3693,ok_volume,0,0,0,9149,1325,10474
1769882522,60,39,0,78,0,78,low_activity,0,115,0,115,low_activity,0.994,3572,10,3582,ok_volume,63,0,63,8884,1325,10209
1769882523,60,39,0,83,0,83,low_activity,0,98,0,98,low_activity,0.994,3592,10,3602,ok_volume,20,0,20,8835,1325,10160
1769882524,60,39,1.0,15710,0,15710,ok_volume,1.0,15725,0,15725,ok_volume,0.999,18719,10,18729,ok_volume,15636,0,15636,24454,1325,25779
1769882525,60,39,1.0,15663,0,15663,ok_volume,1.0,15726,0,15726,ok_volume,0.999,17678,10,17688,ok_volume,16,0,16,24470,1325,25795
1769882526,60,39,1.0,15643,0,15643,ok_volume,1.0,15726,0,15726,ok_volume,0.999,17488,10,17498,ok_volume,0,0,0,24430,1325,25755
1769882527,60,39,0,40,0,40,low_activity,1.0,15687,0,15687,ok_volume,0.999,17387,10,17397,ok_volume,28,0,28,24436,1325,25761
1769882528,60,39,0,24,0,24,low_activity,1.0,15667,0,15667,ok_volume,0.999,17387,10,17397,ok_volume,0,0,0,24436,1325,25761
1769882529,60,39,0,24,0,24,low_activity,0,40,0,40,low_activity,0.999,17287,10,17297,ok_volume,10,0,10,24309,1325,25634
1769882530,60,39,0,0,0,0,low_activity,0,24,0,24,low_activity,0.999,17277,10,17287,ok_volume,0,0,0,24309,737,25046
1769882531,60,39,0,0,0,0,low_activity,0,24,0,24,low_activity,0.999,17277,10,17287,ok_volume,0,0,0,24294,737,25031
1769882532,60,39,0,0,0,0,low_activity,0,0,0,0,low_activity,0.999,17277,10,17287,ok_volume,0,0,0,24270,737,25007
1769882533,60,39,0,237,0,237,low_activity,0,237,0,237,low_activity,0.999,17514,10,17524,ok_volume,239,0,239,24482,737,25219
1769882534,59,39,1.0,765,0,765,ok_volume,1.0,765,0,765,ok_volume,0.999,17971,10,17981,ok_volume,528,0,528,25010,707,25717
1769882535,59,39,0.989,8699,50,8749,ok_volume,0.989,8699,50,8749,ok_volume,0.995,25905,60,25965,ok_volume,7936,58,7994,32946,765,33711
1769882536,59,39,0.988,8462,50,8512,ok_volume,0.989,8699,50,8749,ok_volume,0.996,25895,50,25945,ok_volume,0,0,0,32946,765,33711
1769882537,60,39,0.988,8250,50,8300,ok_volume,0.989,9015,50,9065,ok_volume,0.996,25961,50,26011,ok_volume,325,0,325,33238,765,34003
1769882538,60,39,0,316,0,316,low_activity,0.989,8778,50,8828,ok_volume,0.996,25343,50,25393,ok_volume,0,0,0,33238,765,34003
1769882539,60,39,1.0,326,0,326,ok_volume,0.988,8260,50,8310,ok_volume,0.996,25184,50,25234,ok_volume,12,0,12,33250,415,33665
1769882540,60,39,0,10,0,10,low_activity,1.0,326,0,326,ok_volume,0.996,25184,50,25234,ok_volume,0,0,0,33211,400,33611
1769882541,60,39,0,10,0,10,low_activity,1.0,326,0,326,ok_volume,0.996,25146,50,25196,ok_volume,0,0,0,33103,400,33503
1769882542,60,39,0,0,0,0,no_volume,0,10,0,10,low_activity,0.996,25146,50,25196,ok_volume,0,0,0,33103,400,33503
1769882543,60,39,0,0,0,0,no_volume,0,10,0,10,low_activity,0.996,25146,50,25196,ok_volume,0,0,0,32603,400,33003
1769882544,60,38,0,0,0,0,no_volume,0,0,0,0,no_volume,0.996,25146,50,25196,ok_volume,0,0,0,32502,400,32902
1769882545,60,39,0,0,0,0,low_activity,0,0,0,0,low_activity,0.996,25146,50,25196,ok_volume,2,0,2,32474,400,32874
1769882546,60,38,0,0,0,0,low_activity,0,0,0,0,low_activity,0.996,25146,50,25196,ok_volume,2,0,2,31669,360,32029
1769882547,60,39,0,0,0,0,low_activity,0,0,0,0,low_activity,0.996,24827,50,24877,ok_volume,0,0,0,31669,97,31766
1769882548,60,39,0,0,0,0,low_activity,0,0,0,0,low_activity,0.996,24790,50,24840,ok_volume,0,0,0,28745,97,28842
1769882549,60,38,0,0,0,0,no_volume,0,0,0,0,low_activity,0.996,24790,50,24840,ok_volume,0,0,0,28688,97,28785
1769882550,60,37,0,0,0,0,no_volume,0,0,0,0,low_activity,0.996,24775,50,24825,ok_volume,0,0,0,28529,97,28626
1769882551,60,37,0,0,0,0,no_volume,0,0,0,0,no_volume,0.996,24775,50,24825,ok_volume,0,0,0,28529,97,28626
1769882552,60,38,0,0,0,0,no_volume,0,0,0,0,no_volume,0.996,24712,50,24762,ok_volume,0,0,0,28379,68,28447
1769882553,60,38,0,0,0,0,no_volume,0,0,0,0,no_volume,0.996,24692,50,24742,ok_volume,0,0,0,28379,68,28447
1769882554,60,38,0,0,0,0,no_volume,0,0,0,0,no_volume,0.989,9065,50,9115,ok_volume,0,0,0,27865,68,27933
1769882555,60,38,0,31,0,31,low_activity,0,31,0,31,low_activity,0.989,9080,50,9130,ok_volume,31,0,31,26839,68,26907
1769882556,60,38,0,76,0,76,low_activity,0,76,0,76,low_activity,0.989,9125,50,9175,ok_volume,45,0,45,26694,68,26762
1769882557,60,38,0,76,0,76,low_activity,0,76,0,76,low_activity,0.989,9101,50,9151,ok_volume,0,0,0,26569,68,26637
1769882558,60,39,0,81,0,81,low_activity,0,112,0,112,low_activity,0.989,9137,50,9187,ok_volume,36,0,36,26605,68,26673
1769882559,60,39,0,36,0,36,low_activity,0,112,0,112,low_activity,0.989,9137,50,9187,ok_volume,0,0,0,26498,68,26566
1769882560,60,39,0,36,0,36,low_activity,0,81,0,81,low_activity,0.989,9137,50,9187,ok_volume,0,0,0,26488,68,26556
1769882561,60,39,1.0,562,0,562,ok_volume,1.0,598,0,598,ok_volume,0.99,9699,50,9749,ok_volume,562,0,562,27050,68,27118
1769882562,60,39,1.0,5641,0,5641,ok_volume,1.0,5677,0,5677,ok_volume,0.993,14778,50,14828,ok_volume,5083,0,5083,32133,68,32201
1769882563,60,39,1.0,5657,0,5657,ok_volume,1.0,5657,0,5657,ok_volume,0.993,14557,50,14607,ok_volume,16,0,16,32149,68,32217
1769882564,60,39,1.0,5118,0,5118,ok_volume,1.0,5680,0,5680,ok_volume,0.993,14052,50,14102,ok_volume,0,0,0,32096,68,32164
1769882565,60,39,0,39,0,39,low_activity,1.0,5680,0,5680,ok_volume,1.0,6118,0,6118,ok_volume,0,0,0,32101,68,32169
1769882566,60,39,0,85,0,85,low_activity,1.0,5203,0,5203,ok_volume,1.0,6203,0,6203,ok_volume,85,0,85,32176,58,32234
1769882567,60,38,0,85,0,85,low_activity,0,124,0,124,low_total_volume,1.0,5887,0,5887,ok_volume,0,0,0,31921,58,31979
1769882568,60,38,0,85,0,85,low_activity,0,85,0,85,low_activity,1.0,5887,0,5887,ok_volume,0,0,0,31294,58,31352
1769882569,60,39,0,0,0,0,no_volume,0,85,0,85,low_activity,1.0,5877,0,5877,ok_volume,0,0,0,31123,58,31181
1769882570,60,39,0,0,0,0,no_volume,0,85,0,85,low_activity,1.0,5877,0,5877,ok_volume,0,0,0,31123,58,31181
1769882571,60,39,0,82,0,82,low_activity,0,82,0,82,low_activity,1.0,5959,0,5959,ok_volume,82,0,82,31165,58,31223
1769882572,60,37,0,120,0,120,low_activity,0,120,0,120,low_activity,1.0,5997,0,5997,ok_volume,40,0,40,31205,58,31263
1769882573,60,38,0,120,0,120,low_activity,0,120,0,120,low_activity,1.0,5997,0,5997,ok_volume,0,0,0,31205,58,31263
1769882574,60,38,0,38,0,38,low_activity,0,120,0,120,low_activity,1.0,5997,0,5997,ok_volume,5,0,5,31208,58,31266
1769882575,61,37,0,86,0,86,low_activity,0,206,0,206,low_activity,1.0,6083,0,6083,ok_volume,91,0,91,31299,58,31357
1769882576,61,36,0,86,0,86,low_activity,0,124,0,124,low_activity,1.0,6083,0,6083,ok_volume,0,0,0,31299,58,31357
1769882577,61,38,0,86,0,86,low_activity,0,86,0,86,low_activity,1.0,6083,0,6083,ok_volume,0,0,0,30980,58,31038
1769882578,61,37,0,0,0,0,low_activity,0,86,0,86,low_activity,1.0,6083,0,6083,ok_volume,5,0,5,30948,58,31006
1769882579,61,36,0,0,0,0,low_activity,0,86,0,86,low_activity,1.0,6083,0,6083,ok_volume,8,0,8,30956,58,31014
1769882580,61,36,0,0,0,0,low_activity,0,0,0,0,low_activity,1.0,6083,0,6083,ok_volume,0,0,0,30941,58,30999
1769882581,61,36,0,0,0,0,low_activity,0,0,0,0,low_activity,1.0,6083,0,6083,ok_volume,1,0,1,30942,58,31000
1769882582,61,36,0,0,0,0,low_activity,0,0,0,0,low_activity,1.0,6083,0,6083,ok_volume,4,0,4,30883,58,30941
1769882583,63,36,0,597,0,597,low_activity,0,597,0,597,low_activity,1.0,6680,0,6680,ok_volume,597,0,597,31460,58,31518
1769882584,63,36,0,597,59,656,low_activity,0,597,59,656,low_activity,0.982,6680,59,6739,ok_volume,0,59,59,15824,117,15941
1769882585,63,36,0.909,2097,100,2197,ok_volume,0.909,2097,100,2197,ok_volume,0.976,8149,100,8249,ok_volume,1500,41,1541,17308,158,17466
1769882586,63,36,0,1500,100,1600,low_activity,0.909,2097,100,2197,ok_volume,0.976,8104,100,8204,ok_volume,0,0,0,17308,158,17466
1769882587,63,36,0,1545,41,1586,low_activity,0.911,2142,100,2242,ok_volume,0.976,8149,100,8249,ok_volume,48,0,48,17328,158,17486
1769882588,63,36,0,120,0,120,low_activity,0.884,1620,100,1720,ok_volume,0.976,8188,100,8288,ok_volume,75,0,75,17403,158,17561
1769882589,63,36,0,271,0,271,low_activity,0.955,1771,41,1812,ok_volume,0.976,8339,100,8439,ok_volume,155,0,155,17548,158,17706
1769882590,63,36,0,226,0,226,low_activity,0,271,0,271,low_activity,0.976,8339,100,8439,ok_volume,0,0,0,17541,158,17699
1769882591,64,35,0,151,0,151,low_activity,0,271,0,271,low_activity,0.975,7777,100,7877,ok_volume,2,0,2,17543,158,17701
1769882592,64,35,0,76,0,76,low_activity,0,302,0,302,low_activity,0.93,2774,100,2874,ok_volume,76,0,76,17619,158,17777
1769882593,64,35,0,76,0,76,low_activity,0,227,0,227,low_activity,0.929,2735,100,2835,ok_volume,0,0,0,17380,158,17538
1769882594,64,35,0,76,0,76,low_activity,0,76,0,76,low_activity,0.929,2735,100,2835,ok_volume,7,0,7,16859,158,17017
1769882595,64,35,0,397,0,397,low_activity,0,473,0,473,low_activity,0.938,3132,100,3232,ok_volume,400,0,400,9323,100,9423
1769882596,64,35,0,397,0,397,low_activity,0,473,0,473,low_activity,0.936,3047,100,3147,ok_volume,0,0,0,9323,100,9423
1769882597,64,35,0,411,0,411,low_activity,0,411,0,411,low_activity,0.937,3061,100,3161,ok_volume,18,0,18,9016,100,9116
1769882598,64,35,0,14,0,14,low_activity,0,411,0,411,low_activity,0.937,3061,100,3161,ok_volume,0,0,0,9016,100,9116
1769882599,64,35,0,43,0,43,low_activity,0,440,0,440,low_activity,0.937,3090,100,3190,ok_volume,29,0,29,9033,100,9133
1769882600,64,35,0,529,0,529,low_activity,0,543,0,543,low_activity,0.946,3590,100,3690,ok_volume,500,0,500,9533,100,9633
1769882601,64,35,0,529,0,529,low_activity,0,543,0,543,low_activity,0.945,3508,100,3608,ok_volume,0,0,0,9533,100,9633
1769882602,64,35,0,514,0,514,low_activity,0,543,0,543,low_activity,0.944,3484,100,3584,ok_volume,14,0,14,9547,100,9647
1769882603,64,35,0,14,0,14,low_activity,0,543,0,543,low_activity,0.944,3484,100,3584,ok_volume,0,0,0,9547,100,9647
1769882604,64,35,0,14,0,14,low_activity,0,514,0,514,low_activity,0.944,3484,100,3584,ok_volume,4,0,4,9551,100,9651
1769882605,64,35,0,0,36,36,low_activity,0,14,36,50,low_activity,0.923,3398,136,3534,ok_volume,0,36,36,9549,136,9685
1769882606,64,35,0,0,36,36,low_activity,0,14,36,50,low_activity,0.923,3398,136,3534,ok_volume,0,0,0,9547,136,9683
1769882607,64,35,0,0,36,36,low_activity,0,0,36,36,low_activity,0.923,3398,136,3534,ok_volume,0,0,0,9547,136,9683
1769882608,64,35,0,30,0,30,low_activity,0,30,36,66,low_activity,0.924,3428,136,3564,ok_volume,0,0,0,9577,136,9713
1769882609,63,36,0.883,2613,162,2775,ok_volume,0.859,2613,198,2811,ok_volume,0.906,6011,298,6309,ok_volume,2521,164,2685,12160,300,12460
1769882610,63,36,0.882,2583,162,2745,ok_volume,0.883,2613,162,2775,ok_volume,0.906,6011,298,6309,ok_volume,0,0,0,12160,300,12460
1769882611,63,36,0.879,2521,162,2683,ok_volume,0.883,2613,162,2775,ok_volume,0.906,6011,298,6309,ok_volume,0,0,0,12160,300,12460
1769882612,63,36,0,30,0,30,low_activity,0.883,2613,162,2775,ok_volume,0.906,6041,298,6339,ok_volume,30,0,30,12190,300,12490
1769882613,63,36,0,30,0,30,low_activity,0.881,2551,162,2713,ok_volume,0.896,5444,298,5742,ok_volume,0,0,0,12190,300,12490
1769882614,63,36,0,1908,0,1908,low_activity,0,1908,0,1908,low_activity,0.937,7322,239,7561,ok_volume,1878,0,1878,14068,300,14368
1769882615,63,36,0,1878,0,1878,low_activity,0,1908,0,1908,low_activity,0.934,5822,198,6020,ok_volume,0,0,0,14037,300,14337
1769882616,63,36,0,1908,0,1908,low_activity,1.0,1938,0,1938,ok_volume,0.935,5852,198,6050,ok_volume,34,0,34,14026,300,14326
1769882617,63,36,0,52,0,52,low_activity,1.0,1930,0,1930,ok_volume,0.934,5829,198,6027,ok_volume,22,0,22,14048,300,14348
1769882618,63,36,0,102,0,102,low_activity,1.0,1980,0,1980,ok_volume,0.934,5804,198,6002,ok_volume,50,0,50,14062,300,14362
1769882619,62,36,0.74,1587,237,1824,ok_volume,0.744,1617,237,1854,ok_volume,0.886,7168,435,7603,ok_volume,1515,237,1752,15577,537,16114
1769882620,62,37,0.737,1565,237,1802,ok_volume,0.744,1617,237,1854,ok_volume,0.886,7168,435,7603,ok_volume,0,0,0,15577,537,16114
1769882621,62,37,0.729,1515,237,1752,ok_volume,0.74,1587,237,1824,ok_volume,0.886,7168,435,7603,ok_volume,0,0,0,15015,537,15552
1769882622,62,36,0,28,0,28,low_activity,0.741,1593,237,1830,ok_volume,0.885,7120,435,7555,ok_volume,37,0,37,9969,537,10506
1769882623,62,36,0,28,0,28,low_activity,0.734,1543,237,1780,ok_volume,0.885,7120,435,7555,ok_volume,0,0,0,9930,537,10467
1769882624,62,36,0,28,0,28,low_activity,0,28,0,28,low_activity,0.885,7120,435,7555,ok_volume,0,0,0,9925,537,10462
1769882625,63,36,0,0,0,0,no_volume,0,28,0,28,low_activity,0.878,6723,435,7158,ok_volume,0,0,0,9925,537,10462
1769882626,63,36,0,0,0,0,no_volume,0,28,0,28,low_activity,0.878,6723,435,7158,ok_volume,0,0,0,9840,537,10377
1769882627,63,36,0,0,0,0,no_volume,0,0,0,0,no_volume,0.878,6709,435,7144,ok_volume,0,0,0,9840,537,10377
1769882628,63,36,0,0,0,0,no_volume,0,0,0,0,no_volume,0.878,6709,435,7144,ok_volume,0,0,0,9840,537,10377
1769882629,63,36,0,31,0,31,low_activity,0,31,0,31,low_activity,0.878,6711,435,7146,ok_volume,31,0,31,9871,537,10408
1769882630,63,36,0,31,0,31,low_activity,0,31,0,31,low_activity,0.869,6211,435,6646,ok_volume,0,0,0,9871,537,10408
1769882631,63,36,0,1250,0,1250,low_activity,0,1250,0,1250,low_activity,0.889,7430,435,7865,ok_volume,1219,0,1219,11008,537,11545
1769882632,63,36,0,4371,0,4371,low_activity,0,4402,0,4402,low_activity,0.921,10568,435,11003,ok_volume,3152,0,3152,14120,537,14657
1769882633,63,36,0,6371,0,6371,low_activity,1.0,6402,0,6402,ok_volume,0.933,12568,435,13003,ok_volume,2000,0,2000,16120,537,16657
1769882634,63,36,0,5190,0,5190,low_activity,1.0,6409,0,6409,ok_volume,0.933,12606,435,13041,ok_volume,38,0,38,16153,537,16690
1769882635,63,36,0,2149,0,2149,low_activity,1.0,6520,0,6520,ok_volume,0.939,12717,399,13116,ok_volume,111,0,111,16173,537,16710
1769882636,63,36,0,298,0,298,low_activity,1.0,5450,0,5450,ok_volume,0.94,12866,399,13265,ok_volume,149,0,149,16322,537,16859
1769882637,63,36,0,260,0,260,low_activity,1.0,2298,0,2298,ok_volume,0.94,12836,399,13235,ok_volume,0,0,0,16322,537,16859
1769882638,63,36,0,301,0,301,low_activity,1.0,450,0,450,ok_volume,0.94,12926,399,13325,ok_volume,152,0,152,16469,537,17006
1769882639,63,36,0,216,0,216,low_activity,1.0,476,0,476,ok_volume,0.956,10469,237,10706,ok_volume,76,0,76,16537,537,17074
1769882640,63,35,0,216,0,216,low_activity,0,365,0,365,low_activity,0.956,10469,237,10706,ok_volume,0,0,0,16537,537,17074
1769882641,63,35,0,64,0,64,low_activity,0,216,0,216,low_activity,0.956,10469,237,10706,ok_volume,0,0,0,16536,537,17073
1769882642,63,36,0,1259,0,1259,low_activity,0,1475,0,1475,low_activity,0.96,11698,237,11935,ok_volume,1259,0,1259,17791,537,18328
1769882643,63,36,0,1774,0,1774,low_activity,1.0,1838,0,1838,ok_volume,0.962,12213,237,12450,ok_volume,515,0,515,17709,537,18246
1769882644,63,36,0,1774,0,1774,low_activity,0,1774,0,1774,low_activity,0.955,10335,237,10572,ok_volume,0,0,0,17709,478,18187
1769882645,63,36,0,515,0,515,low_activity,0,1774,0,1774,low_activity,0.955,10335,237,10572,ok_volume,0,0,0,16209,437,16646
1769882646,63,36,0,0,0,0,no_volume,0,1774,0,1774,low_activity,0.955,10305,237,10542,ok_volume,0,0,0,16209,437,16646
1769882647,62,36,0,22,0,22,low_activity,0,537,0,537,low_activity,0.955,10305,237,10542,ok_volume,22,0,22,16183,437,16620
1769882648,62,36,0,59,0,59,low_activity,0,59,0,59,low_activity,0.955,10292,237,10529,ok_volume,46,0,46,16154,437,16591
1769882649,62,36,0,1699,0,1699,low_activity,0,1699,0,1699,low_activity,1.0,10417,0,10417,ok_volume,1640,0,1640,17646,437,18083
1769882650,62,36,0,1697,0,1697,low_activity,1.0,1719,0,1719,ok_volume,1.0,10437,0,10437,ok_volume,0,0,0,17666,437,18103
1769882651,62,36,0,1660,0,1660,low_activity,1.0,1719,0,1719,ok_volume,1.0,10437,0,10437,ok_volume,0,0,0,17664,437,18101
1769882652,62,36,0,9190,0,9190,low_activity,1.0,10887,0,10887,ok_volume,1.0,19599,0,19599,ok_volume,100,0,100,26778,437,27215
1769882653,62,36,1.0,9295,0,9295,ok_volume,1.0,10955,0,10955,ok_volume,1.0,19704,0,19704,ok_volume,75,0,75,26883,437,27320
1769882654,62,36,0,205,0,205,low_activity,1.0,9295,0,9295,ok_volume,1.0,19704,0,19704,ok_volume,8,0,8,26884,437,27321
1769882655,62,36,0,105,0,105,low_activity,1.0,9325,0,9325,ok_volume,1.0,19734,0,19734,ok_volume,0,0,0,26514,437,26951
1769882656,62,36,0,131,0,131,low_activity,1.0,336,0,336,ok_volume,1.0,19835,0,19835,ok_volume,86,0,86,26615,437,27052
1769882657,62,36,0,101,0,101,low_activity,0,206,0,206,low_total_volume,1.0,19835,0,19835,ok_volume,0,0,0,26597,437,27034
1769882658,62,36,0,86,0,86,low_activity,0,131,0,131,low_activity,1.0,19835,0,19835,ok_volume,0,0,0,26597,437,27034
1769882659,62,36,0,0,0,0,low_activity,0,101,0,101,low_activity,1.0,19804,0,19804,ok_volume,4,0,4,26572,437,27009
1769882660,62,36,0,15,0,15,low_activity,0,101,0,101,low_activity,1.0,19819,0,19819,ok_volume,15,0,15,26087,437,26524
1769882661,62,36,0,615,0,615,low_activity,0,615,0,615,low_activity,1.0,19200,0,19200,ok_volume,600,0,600,26687,437,27124
1769882662,62,35,0,796,0,796,low_activity,0,796,0,796,low_activity,1.0,16229,0,16229,ok_volume,181,0,181,26854,437,27291
1769882663,62,35,0,781,0,781,low_activity,0,796,0,796,low_activity,1.0,14229,0,14229,ok_volume,0,0,0,26854,437,27291
1769882664,63,34,0,181,0,181,low_activity,0,796,0,796,low_activity,1.0,14191,0,14191,ok_volume,0,0,0,26850,437,27287
1769882665,63,34,0,0,0,0,no_volume,0,781,0,781,low_activity,1.0,14080,0,14080,ok_volume,0,0,0,26850,401,27251
1769882666,63,34,0,0,0,0,no_volume,0,181,0,181,low_activity,1.0,13931,0,13931,ok_volume,0,0,0,26850,401,27251
1769882667,63,34,0,0,0,0,no_volume,0,0,0,0,no_volume,1.0,13931,0,13931,ok_volume,0,0,0,26820,401,27221
1769882668,63,34,0,0,12,12,low_activity,0,0,12,12,low_activity,0.998,13779,12,13791,ok_volume,0,12,12,26758,413,27171
1769882669,64,34,0,96,12,108,low_total_volume,0,96,12,108,low_total_volume,0.998,13811,12,13823,ok_volume,116,0,116,24353,249,24602
1769882670,65,34,0,96,12,108,low_total_volume,0,96,12,108,low_total_volume,0.998,13811,12,13823,ok_volume,7,0,7,24360,249,24609
1769882671,65,34,0,96,0,96,low_activity,0,96,12,108,low_total_volume,0.998,13811,12,13823,ok_volume,0,0,0,24360,249,24609
1769882672,65,34,0,0,0,0,low_activity,0,96,12,108,low_total_volume,0.998,12552,12,12564,ok_volume,0,0,0,24330,249,24579
1769882673,64,34,0,0,0,0,no_volume,0,96,0,96,low_activity,0.998,12037,12,12049,ok_volume,0,0,0,24330,249,24579
1769882674,64,34,0,32,0,32,low_activity,0,32,0,32,low_activity,0.998,12069,12,12081,ok_volume,32,0,32,22484,249,22733
1769882675,64,34,0,32,0,32,low_activity,0,32,0,32,low_activity,0.998,12069,12,12081,ok_volume,0,0,0,22484,249,22733
1769882676,64,34,0,32,0,32,low_activity,0,32,0,32,low_activity,0.998,12069,12,12081,ok_volume,0,0,0,22450,249,22699
1769882677,64,35,0,0,0,0,no_volume,0,32,0,32,low_activity,0.998,12047,12,12059,ok_volume,0,0,0,22428,249,22677
1769882678,64,34,0,0,0,0,no_volume,0,32,0,32,low_activity,0.998,12010,12,12022,ok_volume,0,0,0,22378,249,22627
1769882679,64,34,0,0,0,0,no_volume,0,0,0,0,no_volume,0.998,10350,12,10362,ok_volume,0,0,0,20863,12,20875
1769882680,64,34,0,0,0,0,no_volume,0,0,0,0,no_volume,0.998,10350,12,10362,ok_volume,0,0,0,20863,12,20875
1769882681,64,35,0,0,0,0,no_volume,0,0,0,0,no_volume,0.981,1260,12,1272,ok_volume,0,0,0,20863,12,20875
1769882682,64,35,0,0,0,0,no_volume,0,0,0,0,no_volume,0.979,1130,12,1142,ok_volume,0,0,0,20826,12,20838
1769882683,64,35,0,300,0,300,low_activity,0,300,0,300,low_activity,0.982,1355,12,1367,ok_volume,300,0,300,21126,12,21138
1769882684,64,35,0,462,0,462,low_activity,0,462,0,462,low_activity,0.984,1487,12,1499,ok_volume,162,0,162,21288,12,21300
1769882685,62,37,0,472,0,472,low_activity,0,472,0,472,low_activity,0.984,1482,12,1494,ok_volume,10,0,10,21298,12,21310
1769882686,62,36,0,247,0,247,low_activity,1.0,547,0,547,ok_volume,0.984,1471,12,1483,ok_volume,75,0,75,21373,12,21385
1769882687,62,35,0,137,0,137,low_activity,1.0,599,0,599,ok_volume,0.984,1523,12,1535,ok_volume,38,0,38,21426,12,21438
1769882688,63,36,0,127,0,127,low_activity,0,299,0,299,low_total_volume,0.984,1523,12,1535,ok_volume,0,0,0,21426,12,21438
1769882689,63,36,0,37,0,37,low_activity,0,137,0,137,low_activity,0.984,1523,12,1535,ok_volume,0,0,0,21395,12,21407
1769882690,63,36,0,0,0,0,low_activity,0,127,0,127,low_activity,0.984,1508,12,1520,ok_volume,1,0,1,21396,12,21408
1769882691,62,36,0,0,0,0,low_activity,0,37,0,37,low_activity,0.974,908,12,920,ok_volume,1,0,1,20178,12,20190
1769882692,64,35,0,43,0,43,low_activity,0,43,0,43,low_activity,0.969,770,12,782,ok_volume,30,0,30,17069,12,17081
1769882693,64,35,0,43,0,43,low_activity,0,43,0,43,low_activity,0.969,770,12,782,ok_volume,0,0,0,15069,12,15081
1769882694,64,35,0,30,0,30,low_activity,0,43,0,43,low_activity,0.969,770,12,782,ok_volume,0,0,0,15031,12,15043
1769882695,64,35,0,15,0,15,low_activity,0,58,0,58,low_activity,0.97,785,12,797,ok_volume,15,0,15,14935,12,14947
1769882696,64,35,0,15,0,15,low_activity,0,45,0,45,low_activity,0.97,785,12,797,ok_volume,0,0,0,14786,12,14798
1769882697,64,35,0,15,0,15,low_activity,0,15,0,15,low_activity,0.97,785,12,797,ok_volume,0,0,0,14786,12,14798
1769882698,64,35,0,0,0,0,no_volume,0,15,0,15,low_activity,1.0,785,0,785,ok_volume,0,0,0,14634,12,14646
1769882699,64,35,0,141,0,141,low_activity,0,156,0,156,low_total_volume,1.0,830,0,830,ok_volume,148,0,148,14706,12,14718
1769882700,64,35,0,141,0,141,low_activity,0,141,0,141,low_activity,1.0,830,0,830,ok_volume,0,0,0,14706,12,14718
1769882701,64,35,0,141,0,141,low_activity,0,141,0,141,low_activity,1.0,830,0,830,ok_volume,0,0,0,14706,12,14718
1769882702,64,34,0,216,0,216,low_activity,1.0,357,0,357,ok_volume,1.0,1046,0,1046,ok_volume,218,0,218,13665,12,13677
1769882703,64,34,0,434,0,434,low_activity,1.0,575,0,575,ok_volume,1.0,1264,0,1264,ok_volume,0,0,0,13370,12,13382
1769882704,64,35,0,434,0,434,low_activity,0,434,0,434,low_activity,1.0,1232,0,1232,ok_volume,0,0,0,13370,12,13382
1769882705,64,35,0,0,0,0,no_volume,0,434,0,434,low_activity,1.0,1232,0,1232,ok_volume,0,0,0,13370,12,13382
1769882706,64,35,0,0,0,0,low_activity,0,434,0,434,low_activity,1.0,1232,0,1232,ok_volume,1,0,1,13371,12,13383
1769882707,63,36,0,51,0,51,low_activity,0,51,0,51,low_activity,1.0,1283,0,1283,ok_volume,54,0,54,13403,12,13415
1769882708,63,36,0.982,1081,10,1091,ok_volume,0.982,1081,10,1091,ok_volume,0.991,2313,10,2323,ok_volume,1030,0,1030,14380,24,14404
1769882709,63,36,0.984,1273,10,1283,ok_volume,0.984,1273,10,1283,ok_volume,0.992,2505,10,2515,ok_volume,151,0,151,12912,24,12936
1769882710,63,36,1.0,1297,0,1297,ok_volume,0.985,1348,10,1358,ok_volume,0.992,2580,10,2590,ok_volume,75,0,75,12987,24,13011
1769882711,63,36,0,324,0,324,low_activity,0.986,1446,10,1456,ok_volume,0.993,2678,10,2688,ok_volume,98,0,98,3995,24,4019
1769882712,63,36,0,173,0,173,low_activity,1.0,1395,0,1395,ok_volume,0.993,2678,10,2688,ok_volume,2,0,2,3867,24,3891
1769882713,63,36,0,293,0,293,low_activity,1.0,519,0,519,ok_volume,0.992,2573,10,2583,ok_volume,195,0,195,3987,24,4011
1769882714,63,36,0,195,0,195,low_activity,0,368,0,368,low_activity,0.992,2411,10,2421,ok_volume,0,0,0,3949,24,3973
1769882715,63,36,0,232,0,232,low_activity,0,330,0,330,low_activity,0.992,2438,10,2448,ok_volume,37,0,37,3971,24,3995
1769882716,63,36,0,55,0,55,low_activity,0,250,0,250,low_activity,0.992,2366,10,2376,ok_volume,18,0,18,3903,24,3927
1769882717,63,36,0,55,0,55,low_activity,0,250,0,250,low_activity,0.991,2329,10,2339,ok_volume,0,0,0,3903,24,3927
1769882718,63,36,0,169,0,169,low_activity,0,206,0,206,low_activity,0.992,2480,10,2490,ok_volume,151,0,151,4054,24,4078
1769882719,63,36,0,151,0,151,low_activity,0,206,0,206,low_activity,0.992,2480,10,2490,ok_volume,0,0,0,4050,24,4074
1769882720,63,36,0,351,0,351,low_activity,0,369,0,369,low_activity,0.993,2680,10,2690,ok_volume,200,0,200,4235,24,4259
1769882721,63,36,0,211,0,211,low_activity,0,362,0,362,low_activity,0.993,2678,10,2688,ok_volume,11,0,11,3646,24,3670
1769882722,63,36,0,324,0,324,low_activity,0,475,0,475,low_activity,0.993,2761,10,2771,ok_volume,113,0,113,3578,24,3602
1769882723,63,36,0,124,0,124,low_activity,0,324,0,324,low_activity,0.993,2761,10,2771,ok_volume,0,0,0,3578,24,3602
1769882724,63,36,0,189,0,189,low_activity,0,400,0,400,low_activity,0.993,2837,10,2847,ok_volume,76,0,76,3654,24,3678
1769882725,63,36,0,76,0,76,low_activity,0,200,0,200,low_activity,0.993,2822,10,2832,ok_volume,0,0,0,3654,24,3678
1769882726,63,36,0,76,0,76,low_activity,0,189,0,189,low_activity,0.993,2822,10,2832,ok_volume,0,0,0,3654,24,3678
1769882727,63,36,0,898,0,898,low_activity,0,974,0,974,low_activity,0.995,3720,10,3730,ok_volume,152,0,152,4552,24,4576
1769882728,63,36,0,913,0,913,low_activity,0,989,0,989,low_activity,0.995,3735,10,3745,ok_volume,15,0,15,4567,12,4579
1769882729,63,36,0,1324,0,1324,low_activity,1.0,2070,0,2070,ok_volume,0.996,4751,10,4761,ok_volume,1157,0,1157,5608,12,5620
1769882730,63,36,0,1172,0,1172,low_activity,1.0,2070,0,2070,ok_volume,0.996,4751,10,4761,ok_volume,0,0,0,5601,12,5613
1769882731,63,36,0,1157,0,1157,low_activity,0,1324,0,1324,low_activity,0.996,4751,10,4761,ok_volume,1,0,1,5602,12,5614
1769882732,63,36,0,0,0,0,low_activity,0,1172,0,1172,low_activity,0.995,4317,10,4327,ok_volume,0,0,0,5602,12,5614
1769882733,63,36,0,3353,0,3353,low_activity,0,4510,0,4510,low_activity,0.997,7670,10,7680,ok_volume,3353,0,3353,8955,12,8967
1769882734,63,36,0,3423,0,3423,low_activity,0,3423,0,3423,low_activity,0.997,7740,10,7750,ok_volume,70,0,70,8993,12,9005
1769882735,63,36,0,3423,0,3423,low_activity,0,3423,0,3423,low_activity,0.997,7740,10,7750,ok_volume,0,0,0,8993,12,9005
1769882736,63,36,0,70,0,70,low_activity,0,3423,0,3423,low_activity,0.997,7740,10,7750,ok_volume,0,0,0,8993,12,9005
1769882737,63,36,0,331,0,331,low_activity,0,3754,0,3754,low_activity,1.0,8020,0,8020,ok_volume,331,0,331,9324,12,9336
1769882738,63,36,0,341,0,341,low_activity,0,411,0,411,low_activity,1.0,6959,0,6959,ok_volume,11,0,11,9335,12,9347
1769882739,63,36,1.0,618,0,618,ok_volume,1.0,618,0,618,ok_volume,1.0,7085,0,7085,ok_volume,277,0,277,9612,12,9624
1769882740,63,36,1.0,408,0,408,ok_volume,1.0,739,0,739,ok_volume,1.0,7131,0,7131,ok_volume,121,0,121,9733,12,9745
1769882741,63,36,1.0,1061,0,1061,ok_volume,1.0,1402,0,1402,ok_volume,1.0,7696,0,7696,ok_volume,663,0,663,10396,12,10408
1769882742,63,36,0,784,0,784,low_activity,1.0,1071,0,1071,ok_volume,1.0,7696,0,7696,ok_volume,0,0,0,10396,12,10408
1769882743,63,36,0,713,0,713,low_activity,1.0,1111,0,1111,ok_volume,1.0,7551,0,7551,ok_volume,50,0,50,10146,12,10158
1769882744,63,36,0,50,0,50,low_activity,1.0,834,0,834,ok_volume,1.0,7551,0,7551,ok_volume,0,0,0,9984,12,9996
1769882745,63,36,0,50,0,50,low_activity,0,713,0,713,low_activity,1.0,7514,0,7514,ok_volume,2,0,2,9976,12,9988
1769882746,63,36,0,181,0,181,low_total_volume,0,231,0,231,low_total_volume,1.0,7677,0,7677,ok_volume,184,0,184,10070,12,10082
1769882747,63,36,0,252,29,281,low_total_volume,0.825,302,29,331,ok_volume,0.993,7748,29,7777,ok_volume,71,0,71,10103,41,10144
1769882748,63,36,0.82,294,29,323,ok_volume,0.82,294,29,323,ok_volume,0.992,7639,29,7668,ok_volume,52,0,52,10155,41,10196
1769882749,63,36,0,322,0,322,low_activity,0.891,503,29,532,ok_volume,0.993,7848,29,7877,ok_volume,209,0,209,10364,41,10405
1769882750,63,36,0,251,0,251,low_activity,0.891,503,29,532,ok_volume,0.992,7648,29,7677,ok_volume,0,0,0,10363,41,10404
1769882751,63,36,0,399,0,399,low_activity,1.0,512,0,512,ok_volume,0.993,7827,29,7856,ok_volume,190,0,190,10539,41,10580
1769882752,63,36,0,190,0,190,low_activity,0,441,0,441,low_activity,0.993,7714,29,7743,ok_volume,0,0,0,10509,41,10550
1769882753,63,36,0,190,0,190,low_activity,0,399,0,399,low_activity,0.993,7714,29,7743,ok_volume,0,0,0,10509,41,10550
1769882754,63,36,0,30,0,30,low_activity,0,220,0,220,low_activity,0.992,7668,29,7697,ok_volume,30,0,30,10539,41,10580
1769882755,63,35,0,30,0,30,low_activity,0,220,0,220,low_activity,0.992,7668,29,7697,ok_volume,6,0,6,10530,41,10571
1769882756,63,35,0,30,0,30,low_activity,0,30,0,30,low_activity,0.992,6922,29,6951,ok_volume,0,0,0,10530,41,10571
1769882757,63,35,0,0,0,0,low_activity,0,30,0,30,low_activity,0.991,6770,29,6799,ok_volume,0,0,0,10530,41,10571
1769882758,63,35,0,0,0,0,no_volume,0,30,0,30,low_activity,0.991,6755,29,6784,ok_volume,0,0,0,10530,41,10571
1769882759,63,36,0,149,0,149,low_activity,0,149,0,149,low_activity,0.99,5747,29,5776,ok_volume,149,0,149,10531,41,10572
1769882760,63,34,0,149,0,149,low_activity,0,149,0,149,low_activity,0.99,5747,29,5776,ok_volume,0,0,0,10531,41,10572
1769882761,63,35,0,149,0,149,low_activity,0,149,0,149,low_activity,0.99,5747,29,5776,ok_volume,0,0,0,10531,41,10572
1769882762,63,35,0,0,0,0,no_volume,0,149,0,149,low_activity,0.99,5747,29,5776,ok_volume,0,0,0,10093,41,10134
1769882763,63,34,0,0,0,0,no_volume,0,149,0,149,low_activity,0.976,2394,29,2423,ok_volume,0,0,0,10093,41,10134
1769882764,63,34,0,218,0,218,low_activity,0,218,0,218,low_activity,0.977,2542,29,2571,ok_volume,220,0,220,10313,41,10354
1769882765,63,34,0,218,0,218,low_activity,0,218,0,218,low_activity,0.977,2542,29,2571,ok_volume,0,0,0,10313,41,10354
1769882766,63,34,0,218,0,218,low_activity,0,218,0,218,low_activity,0.977,2542,29,2571,ok_volume,0,0,0,10312,41,10353
1769882767,63,34,0,295,0,295,low_activity,0,513,0,513,low_activity,0.977,2506,29,2535,ok_volume,296,0,296,10554,29,10583
1769882768,63,35,0,357,0,357,low_activity,1.0,575,0,575,ok_volume,0.978,2558,29,2587,ok_volume,62,0,62,9545,29,9574
1769882769,63,36,0,357,0,357,low_activity,0,357,0,357,low_activity,0.975,2281,29,2310,ok_volume,0,0,0,9394,29,9423
1769882770,63,36,0,62,0,62,low_activity,0,357,0,357,low_activity,0.974,2160,29,2189,ok_volume,0,0,0,9319,29,9348
1769882771,63,36,0,0,0,0,low_activity,0,357,0,357,low_activity,0.962,1497,29,1526,ok_volume,7,0,7,9228,29,9257
1769882772,63,36,0,0,0,0,low_activity,0,62,0,62,low_activity,0.962,1497,29,1526,ok_volume,0,0,0,9226,29,9255
1769882773,63,36,0,75,0,75,low_activity,0,75,0,75,low_activity,0.963,1522,29,1551,ok_volume,75,0,75,9106,29,9135
1769882774,63,36,0,75,0,75,low_activity,0,75,0,75,low_activity,0.963,1522,29,1551,ok_volume,0,0,0,9106,29,9135
1769882775,63,36,0,75,0,75,low_activity,0,75,0,75,low_activity,0.963,1522,29,1551,ok_volume,0,0,0,9069,29,9098
1769882776,63,36,0,150,0,150,low_activity,0,225,0,225,low_activity,1.0,1491,0,1491,ok_volume,150,0,150,9201,29,9230
1769882777,63,36,0,803,0,803,low_activity,1.0,878,0,878,ok_volume,1.0,2073,0,2073,ok_volume,653,0,653,9854,29,9883
1769882778,63,36,0,803,0,803,low_activity,0,803,0,803,low_activity,1.0,2031,0,2031,ok_volume,0,0,0,9703,29,9732
1769882779,63,36,0,653,0,653,low_activity,0,803,0,803,low_activity,1.0,1822,0,1822,ok_volume,1,0,1,9704,29,9733
1769882780,63,36,0,0,0,0,low_activity,0,803,0,803,low_activity,1.0,1822,0,1822,ok_volume,0,0,0,9504,29,9533
1769882781,63,36,0,0,0,0,low_activity,0,653,0,653,low_activity,1.0,1632,0,1632,ok_volume,0,0,0,9493,29,9522
1769882782,63,36,0,0,0,0,low_activity,0,0,0,0,low_activity,1.0,1632,0,1632,ok_volume,0,6,6,9380,35,9415
1769882783,62,37,0,59,33,92,low_activity,0,59,33,92,low_activity,0.962,1691,33,1724,ok_volume,59,0,59,9439,68,9507
1769882784,62,37,0,59,179,238,low_activity,0,59,179,238,low_activity,0.805,1661,179,1840,ok_volume,0,0,0,9363,214,9577
1769882785,62,37,0,59,146,205,low_activity,0,59,179,238,low_activity,0.805,1661,179,1840,ok_volume,0,0,0,9363,214,9577
1769882786,62,37,0,0,0,0,no_volume,0,59,179,238,low_activity,0.805,1661,179,1840,ok_volume,0,0,0,8617,214,8831
1769882787,62,37,0,15,0,15,low_activity,0,74,146,220,low_activity,0.807,1676,179,1855,ok_volume,15,0,15,8480,214,8694
1769882788,62,37,0,15,0,15,low_activity,0,15,0,15,low_activity,0.807,1676,179,1855,ok_volume,1,0,1,8466,214,8680
1769882789,62,37,0,15,0,15,low_activity,0,15,0,15,low_activity,0.79,1527,179,1706,ok_volume,0,0,0,7309,214,7523
1769882790,62,37,0,0,0,0,low_activity,0,15,0,15,low_activity,0.79,1527,179,1706,ok_volume,0,0,0,7309,214,7523
1769882791,62,37,0,45,0,45,low_activity,0,60,0,60,low_activity,0.796,1572,179,1751,ok_volume,45,0,45,7353,214,7567
1769882792,62,37,0,103,0,103,low_activity,0,103,0,103,low_activity,0.802,1630,179,1809,ok_volume,4,0,4,7415,214,7629
1769882793,62,37,0,489,0,489,low_activity,0,489,0,489,low_activity,0.837,2016,179,2195,ok_volume,386,0,386,4448,214,4662
1769882794,62,37,0,386,0,386,low_activity,0,489,0,489,low_activity,0.819,1798,179,1977,ok_volume,0,0,0,4378,214,4592
1769882795,60,37,0,401,125,526,low_activity,0.603,504,125,629,ok_volume,0.713,1813,304,2117,ok_volume,22,128,150,4400,342,4742
1769882796,60,39,0,15,125,140,low_activity,0,401,125,526,low_activity,0.713,1813,304,2117,ok_volume,0,0,0,4400,342,4742
1769882797,60,39,0,38,125,163,low_activity,0,424,125,549,low_activity,0.67,1541,304,1845,ok_volume,25,0,25,4094,342,4436
1769882798,60,39,0,214,0,214,low_activity,0.294,229,125,354,ok_volume,0.692,1670,304,1974,ok_volume,191,0,191,4274,342,4616
1769882799,60,39,0,229,0,229,low_activity,0.322,244,125,369,ok_volume,0.694,1685,304,1989,ok_volume,15,0,15,4012,342,4354
1769882800,60,39,0,206,0,206,low_activity,0,229,0,229,low_activity,0.694,1685,304,1989,ok_volume,0,0,0,3891,342,4233
1769882801,60,39,0,15,0,15,low_activity,0,229,0,229,low_activity,0.694,1685,304,1989,ok_volume,0,0,0,3228,342,3570
1769882802,60,39,0,0,0,0,no_volume,0,206,0,206,low_activity,0.694,1685,304,1989,ok_volume,0,0,0,3228,342,3570
1769882803,60,39,0,0,0,0,no_volume,0,15,0,15,low_activity,0.682,1610,304,1914,ok_volume,0,0,0,3178,342,3520
1769882804,60,39,0,13,0,13,low_activity,0,13,0,13,low_activity,0.684,1623,304,1927,ok_volume,0,0,0,3193,342,3535
1769882805,60,39,0,13,0,13,low_activity,0,13,0,13,low_activity,0.684,1623,304,1927,ok_volume,0,0,0,3191,342,3533
1769882806,60,39,0,0,35,35,low_activity,0,13,35,48,low_activity,0.626,1473,339,1812,ok_volume,0,35,35,3007,348,3355
1769882807,59,40,0,0,71,71,low_activity,0,13,71,84,low_activity,0.372,820,375,1195,ok_volume,0,45,45,2936,393,3329
1769882808,58,41,0.728,793,125,918,ok_volume,0.728,793,125,918,ok_volume,0.58,1613,429,2042,ok_volume,793,29,822,3677,452,4129
1769882809,58,40,0.863,1221,90,1311,ok_volume,0.814,1221,125,1346,ok_volume,0.653,2041,429,2470,ok_volume,428,0,428,3896,452,4348
1769882810,58,40,0.96,1221,25,1246,ok_volume,0.814,1221,125,1346,ok_volume,0.653,2041,429,2470,ok_volume,0,0,0,3896,452,4348
1769882811,58,41,0,428,0,428,low_activity,0.863,1221,90,1311,ok_volume,0.653,2041,429,2470,ok_volume,0,0,0,3706,452,4158
1769882812,58,41,0,0,0,0,low_activity,0.96,1221,25,1246,ok_volume,0.675,2041,396,2437,ok_volume,8,0,8,3714,452,4166
1769882813,56,43,0,0,10,10,low_activity,0.954,428,10,438,ok_volume,0.768,1982,260,2242,ok_volume,3,15,18,3717,467,4184
1769882814,56,43,0,0,10,10,low_activity,0,0,10,10,low_activity,0.768,1982,260,2242,ok_volume,8,0,8,3695,467,4162
1769882815,56,43,0,0,10,10,low_activity,0,0,10,10,low_activity,0.768,1982,260,2242,ok_volume,0,0,0,3689,467,4156
1769882816,56,43,0,0,0,0,low_activity,0,0,10,10,low_activity,0.768,1982,260,2242,ok_volume,0,0,0,3689,467,4156
1769882817,56,40,0,74,0,74,low_activity,0,74,10,84,low_activity,0.774,2041,260,2301,ok_volume,74,0,74,3763,467,4230
1769882818,56,41,0,74,0,74,low_activity,0,74,0,74,low_activity,0.774,2041,260,2301,ok_volume,0,0,0,3763,467,4230
1769882819,56,41,0,74,0,74,low_activity,0,74,0,74,low_activity,0.774,2041,260,2301,ok_volume,0,0,0,3614,467,4081
1769882820,56,41,0,0,0,0,low_activity,0,74,0,74,low_activity,0.774,2041,260,2301,ok_volume,3,0,3,3617,467,4084
1769882821,56,43,0,17,0,17,low_activity,0,91,0,91,low_activity,0.765,1955,260,2215,ok_volume,19,0,19,3636,467,4103
1769882822,57,42,0,121,25,146,low_total_volume,0,121,25,146,low_total_volume,0.757,2059,285,2344,ok_volume,110,30,140,3746,497,4243
1769882823,56,42,0,162,25,187,low_total_volume,0,162,25,187,low_total_volume,0.715,1714,285,1999,ok_volume,41,0,41,3787,497,4284
1769882824,56,42,0,145,146,291,low_total_volume,0.052,162,146,308,ok_volume,0.617,1714,406,2120,ok_volume,0,121,121,3567,618,4185
1769882825,56,41,0,112,121,233,low_activity,0.23,233,146,379,ok_volume,0.726,1770,281,2051,ok_volume,71,0,71,3638,618,4256
1769882826,56,41,0,71,121,192,low_activity,0.193,216,146,362,ok_volume,0.726,1770,281,2051,ok_volume,0,0,0,3638,618,4256
1769882827,56,41,0,71,0,71,low_activity,0,112,121,233,low_activity,0.723,1747,281,2028,ok_volume,0,0,0,3342,618,3960
1769882828,56,41,0,0,0,0,no_volume,0,71,121,192,low_activity,0.694,1556,281,1837,ok_volume,0,0,0,3280,618,3898
1769882829,58,41,0,15,13,28,low_activity,0,86,13,99,low_activity,0.682,1556,294,1850,ok_volume,15,0,15,3295,631,3926
1769882830,58,41,0,15,13,28,low_activity,0,15,13,28,low_activity,0.682,1556,294,1850,ok_volume,7,0,7,3302,631,3933
1769882831,58,41,0,15,0,15,low_activity,0,15,13,28,low_activity,0.682,1556,294,1850,ok_volume,0,0,0,3295,631,3926
1769882832,58,41,0,0,0,0,low_activity,0,15,13,28,low_activity,0.682,1556,294,1850,ok_volume,0,0,0,3295,631,3926
1769882833,58,41,0,0,0,0,no_volume,0,15,0,15,low_activity,0.68,1543,294,1837,ok_volume,0,0,0,3220,631,3851
1769882834,58,41,0,0,0,0,no_volume,0,0,0,0,low_activity,0.68,1543,294,1837,ok_volume,0,0,0,3220,631,3851
1769882835,58,41,0,131,0,131,low_activity,0,131,0,131,low_activity,0.701,1674,294,1968,ok_volume,131,0,131,3351,631,3982
1769882836,58,41,-0.765,181,1358,1539,ok_volume,-0.765,181,1358,1539,ok_volume,0.032,1724,1617,3341,ok_volume,51,1358,1409,3252,1989,5241
1769882837,58,41,-0.765,181,1358,1539,ok_volume,-0.765,181,1358,1539,ok_volume,0.053,1724,1552,3276,ok_volume,0,0,0,2599,1989,4588
1769882838,58,41,-0.62,319,1358,1677,ok_volume,-0.502,450,1358,1808,ok_volume,-0.12,1200,1527,2727,ok_volume,269,0,269,2868,1989,4857
1769882839,58,41,1.0,425,0,425,ok_volume,-0.383,606,1358,1964,ok_volume,-0.244,928,1527,2455,ok_volume,164,0,164,3031,1989,5020
1769882840,58,40,1.0,425,0,425,ok_volume,-0.482,475,1358,1833,ok_volume,-0.244,928,1527,2455,ok_volume,0,0,0,3031,1989,5020
1769882841,58,40,0,156,0,156,low_activity,1.0,425,0,425,ok_volume,-0.244,928,1527,2455,ok_volume,0,0,0,3031,1989,5020
1769882842,58,40,0,0,0,0,no_volume,1.0,425,0,425,ok_volume,-0.244,928,1527,2455,ok_volume,0,0,0,3031,1950,4981
1769882843,55,41,0,375,0,375,low_activity,1.0,531,0,531,ok_volume,-0.076,1303,1517,2820,ok_volume,379,0,379,3351,1804,5155
1769882844,57,40,0.321,1197,615,1812,ok_volume,0.321,1197,615,1812,ok_volume,-0.002,2125,2132,4257,ok_volume,824,0,824,4175,2429,6604
1769882845,58,41,0.367,1327,615,1942,ok_volume,0.367,1327,615,1942,ok_volume,0.028,2255,2132,4387,ok_volume,138,0,138,4313,2429,6742
1769882846,58,41,1.0,1022,0,1022,ok_volume,0.389,1397,615,2012,ok_volume,0.043,2325,2132,4457,ok_volume,78,0,78,4391,2429,6820
1769882847,58,41,0,244,0,244,low_total_volume,0.402,1441,615,2056,ok_volume,0.037,2295,2132,4427,ok_volume,44,0,44,4420,2429,6849
1769882848,58,41,1.0,946,0,946,ok_volume,1.0,1898,0,1898,ok_volume,0.189,3127,2132,5259,ok_volume,832,0,832,5251,2429,7680
1769882849,58,41,1.0,958,0,958,ok_volume,1.0,1158,0,1158,ok_volume,0.202,3209,2132,5341,ok_volume,0,0,0,5333,2429,7762
1769882850,58,41,0,914,0,914,low_activity,1.0,1028,0,1028,ok_volume,0.202,3209,2132,5341,ok_volume,5,0,5,5338,2429,7767
1769882851,58,41,0,80,0,80,low_activity,1.0,1038,0,1038,ok_volume,0.211,3272,2132,5404,ok_volume,88,0,88,5323,2429,7752
1769882852,55,41,0,80,0,80,low_activity,1.0,994,0,994,ok_volume,0.201,3168,2107,5275,ok_volume,0,0,0,5319,2429,7748
1769882853,55,44,1.0,578,0,578,ok_volume,1.0,578,0,578,ok_volume,0.265,3625,2107,5732,ok_volume,500,0,500,5433,2434,7867
1769882854,55,44,1.0,621,0,621,ok_volume,1.0,701,0,701,ok_volume,0.307,3748,1986,5734,ok_volume,123,0,123,5556,2434,7990
1769882855,55,44,1.0,633,0,633,ok_volume,1.0,713,0,713,ok_volume,0.3,3689,1986,5675,ok_volume,20,0,20,5554,2306,7860
1769882856,55,44,0,167,0,167,low_activity,1.0,665,0,665,ok_volume,0.304,3721,1986,5707,ok_volume,33,0,33,5587,2306,7893
1769882857,55,44,0,87,0,87,low_activity,1.0,708,0,708,ok_volume,0.309,3764,1986,5750,ok_volume,43,0,43,5605,2306,7911
1769882858,55,44,0,75,0,75,low_activity,0,210,0,210,low_total_volume,0.312,3764,1973,5737,ok_volume,0,0,0,5414,2306,7720
1769882859,55,44,0,118,0,118,low_activity,0,162,0,162,low_total_volume,0.319,3824,1973,5797,ok_volume,75,0,75,5474,2306,7780
1769882860,55,44,1.0,3124,0,3124,ok_volume,1.0,3199,0,3199,ok_volume,0.554,6873,1973,8846,ok_volume,3055,0,3055,8529,2306,10835
1769882861,55,44,1.0,4061,0,4061,ok_volume,1.0,4104,0,4104,ok_volume,0.597,7810,1973,9783,ok_volume,937,0,937,9466,2306,11772
1769882862,55,44,1.0,6744,0,6744,ok_volume,1.0,6819,0,6819,ok_volume,0.685,10568,1973,12541,ok_volume,2758,0,2758,12224,2306,14530
1769882863,55,44,1.0,4567,0,4567,ok_volume,1.0,7691,0,7691,ok_volume,0.706,11440,1973,13413,ok_volume,872,0,872,13081,2306,15387
1769882864,55,44,1.0,3630,0,3630,ok_volume,1.0,7616,0,7616,ok_volume,0.706,11440,1973,13413,ok_volume,0,0,0,13081,2306,15387
1769882865,55,44,0,922,0,922,low_activity,1.0,4617,0,4617,ok_volume,0.704,11359,1973,13332,ok_volume,50,0,50,13131,2306,15437
1769882866,55,44,0,93,0,93,low_activity,1.0,3723,0,3723,ok_volume,0.897,11352,615,11967,ok_volume,43,0,43,13174,2271,15445
1769882867,55,44,0,4266,0,4266,low_activity,1.0,5138,0,5138,ok_volume,0.924,15525,615,16140,ok_volume,4173,0,4173,17347,2196,19543
1769882868,55,44,0,4216,0,4216,low_activity,0,4266,0,4266,low_activity,0.923,15256,615,15871,ok_volume,6,0,6,16560,2167,18727
1769882869,55,44,0,4173,144,4317,low_activity,0.935,4266,144,4410,ok_volume,0.904,15100,759,15859,ok_volume,0,150,150,16132,2317,18449
1769882870,55,44,0,688,244,932,low_activity,0.905,4904,244,5148,ok_volume,0.897,15788,859,16647,ok_volume,688,100,788,16820,2417,19237
1769882871,55,44,0.777,1944,244,2188,ok_volume,0.923,6117,244,6361,ok_volume,0.904,17044,859,17903,ok_volume,1256,0,1256,18076,2417,20493
1769882872,55,44,0.902,1944,100,2044,ok_volume,0.777,1944,244,2188,ok_volume,0.904,17044,859,17903,ok_volume,0,0,0,18068,2417,20485
1769882873,55,42,1.0,1583,0,1583,ok_volume,0.806,2271,244,2515,ok_volume,0.972,16996,244,17240,ok_volume,327,0,327,18392,2402,20794
1769882874,56,42,0,327,0,327,low_activity,0.916,2271,100,2371,ok_volume,0.97,16174,244,16418,ok_volume,0,0,0,18384,2402,20786
1769882875,56,42,0,327,0,327,low_activity,1.0,1583,0,1583,ok_volume,0.97,16044,244,16288,ok_volume,0,0,0,18384,2402,20786
1769882876,56,42,0,0,0,0,no_volume,0,327,0,327,low_activity,0.97,15974,244,16218,ok_volume,0,0,0,18384,2402,20786
1769882877,56,42,0,485,0,485,low_activity,1.0,812,0,812,ok_volume,0.971,16415,244,16659,ok_volume,485,0,485,18795,2402,21197
1769882878,56,42,0,485,0,485,low_activity,0,485,0,485,low_activity,0.969,15501,244,15745,ok_volume,0,0,0,18795,2402,21197
1769882879,56,42,0,485,0,485,low_activity,0,485,0,485,low_activity,0.969,15501,244,15745,ok_volume,0,0,0,18795,2402,21197
1769882880,56,43,0,33,0,33,low_activity,0,518,0,518,low_activity,0.969,15534,244,15778,ok_volume,41,0,41,18833,2402,21235
1769882881,56,42,0,65,0,65,low_activity,1.0,550,0,550,ok_volume,0.969,15486,244,15730,ok_volume,41,0,41,18855,2402,21257
1769882882,56,42,0,81,0,81,low_activity,0,81,0,81,low_activity,0.969,15502,244,15746,ok_volume,16,0,16,18761,2372,21133
1769882883,56,42,0,48,0,48,low_activity,0,81,0,81,low_activity,0.968,15004,244,15248,ok_volume,0,0,0,18720,2372,21092
1769882884,56,42,0,16,0,16,low_activity,0,81,0,81,low_activity,0.968,14881,244,15125,ok_volume,0,0,0,18720,2251,20971
1769882885,56,42,0,0,0,0,no_volume,0,48,0,48,low_activity,0.968,14869,244,15113,ok_volume,0,0,0,18649,2251,20900
1769882886,56,42,0,8363,0,8363,low_activity,0,8379,0,8379,low_activity,0.979,23200,244,23444,ok_volume,38,0,38,27017,2251,29268
1769882887,56,42,0,8363,0,8363,low_activity,0,8363,0,8363,low_activity,0.979,23157,244,23401,ok_volume,0,0,0,27017,2251,29268
1769882888,56,42,0,157,0,157,low_activity,1.0,8487,0,8487,ok_volume,0.979,23281,244,23525,ok_volume,124,0,124,27141,2238,29379
1769882889,56,42,0,207,0,207,low_activity,1.0,8570,0,8570,ok_volume,0.979,23289,244,23533,ok_volume,83,0,83,27209,2238,29447
1769882890,56,42,0,207,0,207,low_activity,0,240,0,240,low_activity,0.976,20240,244,20484,ok_volume,0,0,0,27202,2238,29440
1769882891,56,42,0,83,0,83,low_activity,0,207,0,207,low_activity,0.975,19303,244,19547,ok_volume,0,0,0,27202,2238,29440
1769882892,56,42,-0.294,1711,3139,4850,ok_volume,-0.241,1918,3139,5057,ok_volume,0.687,18256,3383,21639,ok_volume,1711,3142,4853,28913,5380,34293
1769882893,56,42,-0.284,1752,3139,4891,ok_volume,-0.262,1835,3139,4974,ok_volume,0.675,17425,3383,20808,ok_volume,41,0,41,28954,5380,34334
1769882894,57,42,-0.029,2963,3139,6102,ok_volume,-0.029,2963,3139,6102,ok_volume,0.693,18636,3383,22019,ok_volume,800,0,800,30170,5380,35550
1769882895,57,42,1.0,1252,0,1252,ok_volume,-0.029,2963,3139,6102,ok_volume,0.692,18586,3383,21969,ok_volume,0,0,0,30040,5380,35420
1769882896,57,42,1.0,1186,0,1186,ok_volume,0.033,3354,3139,6493,ok_volume,0.697,18934,3383,22317,ok_volume,391,0,391,30389,4022,34411
1769882897,57,42,1.0,891,0,891,ok_volume,1.0,2143,0,2143,ok_volume,0.637,15261,3383,18644,ok_volume,500,0,500,30889,4022,34911
1769882898,57,42,1.0,891,0,891,ok_volume,1.0,1686,0,1686,ok_volume,0.637,15261,3383,18644,ok_volume,0,0,0,30620,4022,34642
1769882899,56,42,0,700,0,700,low_activity,1.0,1091,0,1091,ok_volume,0.654,15461,3239,18700,ok_volume,200,0,200,30656,4022,34678
1769882900,56,43,1.0,332,0,332,ok_volume,1.0,1223,0,1223,ok_volume,0.652,14905,3139,18044,ok_volume,133,0,133,30789,4022,34811
1769882901,56,43,1.0,348,0,348,ok_volume,1.0,848,0,848,ok_volume,0.626,13665,3139,16804,ok_volume,16,0,16,30805,4022,34827
1769882902,56,43,0,148,0,148,low_activity,1.0,348,0,348,ok_volume,0.626,13665,3139,16804,ok_volume,0,0,0,30805,4022,34827
1769882903,56,43,0,16,0,16,low_activity,1.0,348,0,348,ok_volume,0.619,13338,3139,16477,ok_volume,0,0,0,30426,3397,33823
1769882904,56,43,0,50,0,50,low_activity,0,198,0,198,low_total_volume,0.62,13388,3139,16527,ok_volume,27,0,27,29662,3397,33059
1769882905,56,42,0,883,0,883,low_activity,1.0,899,0,899,ok_volume,0.638,14221,3139,17360,ok_volume,833,0,833,30357,3397,33754
1769882906,56,42,0,855,0,855,low_activity,0,883,0,883,low_activity,0.638,14221,3139,17360,ok_volume,0,0,0,30279,3397,33676
1769882907,57,42,0,833,0,833,low_activity,0,883,0,883,low_activity,0.628,13736,3139,16875,ok_volume,0,0,0,30235,3397,33632
1769882908,57,42,0,0,0,0,no_volume,0,855,0,855,low_activity,0.628,13736,3139,16875,ok_volume,0,0,0,29321,3397,32718
1769882909,57,42,0,0,0,0,no_volume,0,833,0,833,low_activity,0.628,13736,3139,16875,ok_volume,0,0,0,29321,3397,32718
1769882910,57,42,0,0,0,0,no_volume,0,0,0,0,no_volume,0.627,13703,3139,16842,ok_volume,0,0,0,29316,3397,32713
1769882911,57,42,0,83,0,83,low_activity,0,83,0,83,low_activity,0.628,13754,3139,16893,ok_volume,83,0,83,29311,3397,32708
1769882912,57,42,0,83,0,83,low_activity,0,83,0,83,low_activity,0.628,13738,3139,16877,ok_volume,0,0,0,29311,3392,32703
1769882913,57,42,0,1906,0,1906,low_activity,0,1906,0,1906,low_activity,0.664,15561,3139,18700,ok_volume,1823,0,1823,30634,3392,34026
1769882914,57,42,0,2005,0,2005,low_activity,1.0,2088,0,2088,ok_volume,0.668,15743,3139,18882,ok_volume,182,0,182,30693,3392,34085
1769882915,57,42,1.0,2047,0,2047,ok_volume,1.0,2130,0,2130,ok_volume,0.407,7455,3139,10594,ok_volume,42,0,42,30715,3392,34107
1769882916,57,42,1.0,357,0,357,ok_volume,1.0,2180,0,2180,ok_volume,0.413,7555,3139,10694,ok_volume,133,0,133,30815,3392,34207
1769882917,57,42,1.0,325,0,325,ok_volume,1.0,2330,0,2330,ok_volume,0.421,7705,3139,10844,ok_volume,150,0,150,30922,3392,34314
1769882918,57,42,0,449,0,449,low_activity,1.0,673,0,673,ok_volume,0.423,7747,3139,10886,ok_volume,166,0,166,31088,3392,34480
1769882919,57,42,0,316,0,316,low_activity,1.0,491,0,491,ok_volume,0.419,7664,3139,10803,ok_volume,13,0,13,31026,3392,34418
1769882920,57,42,0,166,15,181,low_activity,0.935,449,15,464,ok_volume,0.417,7664,3154,10818,ok_volume,0,15,15,27971,3407,31378
1769882921,57,42,0.997,10000,15,10015,ok_volume,0.997,10316,15,10331,ok_volume,0.697,17664,3154,20818,ok_volume,10000,0,10000,37034,3407,40441
1769882922,57,42,0.977,10010,115,10125,ok_volume,0.978,10176,115,10291,ok_volume,0.986,15963,115,16078,ok_volume,10,100,110,34286,3507,37793
1769882923,57,42,0.98,10010,100,10110,ok_volume,0.977,10010,115,10125,ok_volume,0.985,15506,115,15621,ok_volume,0,0,0,33414,3507,36921
1769882924,57,42,0,10,100,110,low_activity,0.977,10010,115,10125,ok_volume,0.984,14711,115,14826,ok_volume,0,0,0,33414,3507,36921
1769882925,56,43,0,0,35,35,low_activity,0.973,10010,135,10145,ok_volume,0.98,14711,150,14861,ok_volume,1,37,38,33365,3544,36909
1769882926,56,43,0,0,35,35,low_activity,0,10,135,145,low_activity,0.979,14320,150,14470,ok_volume,0,0,0,33322,3544,36866
1769882927,55,44,0.197,581,390,971,ok_volume,0.197,581,390,971,ok_volume,0.932,14401,505,14906,ok_volume,588,355,943,29737,3899,33636
1769882928,55,44,0.505,1079,355,1434,ok_volume,0.469,1079,390,1469,ok_volume,0.934,14899,505,15404,ok_volume,500,0,500,30231,3899,34130
1769882929,55,44,0.512,1099,355,1454,ok_volume,0.476,1099,390,1489,ok_volume,0.934,14719,505,15224,ok_volume,20,0,20,30251,3749,34000
1769882930,55,43,0,518,0,518,low_activity,0.512,1099,355,1454,ok_volume,0.933,14587,505,15092,ok_volume,0,0,0,29563,3649,33212
1769882931,56,43,0,20,0,20,low_activity,0.512,1099,355,1454,ok_volume,0.933,14571,505,15076,ok_volume,0,0,0,28307,3649,31956
1769882932,55,44,0,0,0,0,no_volume,0,518,0,518,low_activity,0.933,14571,505,15076,ok_volume,0,0,0,28307,3649,31956
1769882933,56,43,0,10,0,10,low_activity,0,30,0,30,low_activity,0.933,14553,505,15058,ok_volume,15,7,22,27995,3656,31651
1769882934,56,43,0,130,0,130,low_activity,0,130,0,130,low_activity,0.933,14651,505,15156,ok_volume,85,0,85,28115,3656,31771
1769882935,56,43,0,130,0,130,low_activity,0,130,0,130,low_activity,0.929,13818,505,14323,ok_volume,0,0,0,28115,3656,31771
1769882936,56,43,0,85,0,85,low_activity,0,130,0,130,low_activity,0.929,13818,505,14323,ok_volume,0,0,0,28115,3656,31771
1769882937,56,43,0,170,0,170,low_activity,0,300,0,300,low_activity,0.93,13988,505,14493,ok_volume,170,0,170,27800,3656,31456
1769882938,56,43,0,170,0,170,low_activity,0,255,0,255,low_activity,0.93,13988,505,14493,ok_volume,1,0,1,27801,3656,31457
1769882939,57,42,0,380,0,380,low_activity,0,380,0,380,low_activity,0.931,14198,505,14703,ok_volume,210,7,217,28011,3663,31674
1769882940,57,42,0,210,0,210,low_activity,0,380,0,380,low_activity,0.931,14198,505,14703,ok_volume,0,0,0,27970,3663,31633
1769882941,56,42,0,210,0,210,low_activity,0,380,0,380,low_activity,0.931,14115,505,14620,ok_volume,0,0,0,27929,3663,31592
1769882942,56,43,-0.983,20,2307,2327,ok_volume,-0.819,230,2307,2537,ok_volume,0.668,14135,2812,16947,ok_volume,21,1649,1670,27934,5980,33914
1769882943,56,43,-0.967,39,2307,2346,ok_volume,-0.805,249,2307,2556,ok_volume,0.629,12331,2812,15143,ok_volume,20,0,20,27954,5980,33934
1769882944,56,43,-0.954,39,1644,1683,ok_volume,-0.967,39,2307,2346,ok_volume,0.624,12149,2812,14961,ok_volume,0,0,0,27954,5980,33934
1769882945,56,43,0,369,0,369,low_activity,-0.711,389,2307,2696,ok_volume,0.632,12457,2812,15269,ok_volume,350,0,350,19975,5980,25955
1769882946,56,43,0.938,620,20,640,ok_volume,-0.433,659,1664,2323,ok_volume,0.633,12594,2832,15426,ok_volume,169,20,189,20207,6000,26207
1769882947,56,43,0.974,1495,20,1515,ok_volume,0.974,1514,20,1534,ok_volume,0.649,13319,2832,16151,ok_volume,875,0,875,21082,6000,27082
1769882948,56,43,0.977,1738,20,1758,ok_volume,0.982,2189,20,2209,ok_volume,0.66,13847,2832,16679,ok_volume,703,0,703,21661,6000,27661
1769882949,56,43,1.0,1669,0,1669,ok_volume,0.983,2289,20,2309,ok_volume,0.662,13947,2832,16779,ok_volume,109,0,109,21687,6000,27687
1769882950,56,43,0,794,0,794,low_activity,0.978,1838,20,1858,ok_volume,0.664,13947,2817,16764,ok_volume,0,0,0,21687,6000,27687
1769882951,56,43,0.747,345,50,395,ok_volume,0.949,1914,50,1964,ok_volume,0.188,4192,2867,7059,ok_volume,245,50,295,21932,6050,27982
1769882952,56,43,0.985,6471,50,6521,ok_volume,0.986,7265,50,7315,ok_volume,0.58,10408,2767,13175,ok_volume,6226,0,6226,26447,2908,29355
1769882953,56,43,0.985,6471,50,6521,ok_volume,0.985,6571,50,6621,ok_volume,0.58,10408,2767,13175,ok_volume,0,0,0,25990,2908,28898
1769882954,56,43,0,6259,0,6259,low_activity,0.985,6504,50,6554,ok_volume,0.581,10441,2767,13208,ok_volume,33,0,33,25222,2908,28130
1769882955,56,43,0,427,0,427,low_activity,0.986,6898,50,6948,ok_volume,0.597,10835,2732,13567,ok_volume,394,0,394,25607,2908,28515
1769882956,56,43,-0.292,597,1090,1687,ok_volume,0.725,6823,1090,7913,ok_volume,0.484,11005,3822,14827,ok_volume,170,1090,1260,25386,3998,29384
1769882957,56,43,-0.243,664,1090,1754,ok_volume,-0.22,697,1090,1787,ok_volume,0.504,10524,3467,13991,ok_volume,100,0,100,24986,3998,28984
1769882958,56,43,0.312,2080,1090,3170,ok_volume,0.394,2507,1090,3597,ok_volume,0.547,11836,3467,15303,ok_volume,1810,0,1810,26796,3998,30794
1769882959,56,43,1.0,2246,0,2246,ok_volume,0.441,2810,1090,3900,ok_volume,0.556,12152,3467,15619,ok_volume,336,0,336,26932,3998,30930
1769882960,56,43,1.0,12144,0,12144,ok_volume,0.839,12414,1090,13504,ok_volume,0.729,22150,3467,25617,ok_volume,10000,0,10000,36799,3998,40797
1769882961,56,43,1.0,10334,0,10334,ok_volume,1.0,12244,0,12244,ok_volume,0.729,22150,3467,25617,ok_volume,1,0,1,36784,3998,40782
1769882962,56,43,0.994,9998,30,10028,ok_volume,0.995,12144,30,12174,ok_volume,0.727,22150,3497,25647,ok_volume,0,30,30,36784,4028,40812
1769882963,56,43,0,0,70,70,low_activity,0.987,10334,70,10404,ok_volume,0.724,22105,3537,25642,ok_volume,0,43,43,36751,4071,40822
1769882964,56,43,0.894,3387,190,3577,ok_volume,0.972,13385,190,13575,ok_volume,0.748,25407,3657,29064,ok_volume,3389,121,3510,40113,4192,44305
1769882965,56,43,0.91,3387,160,3547,ok_volume,0.894,3387,190,3577,ok_volume,0.748,25407,3657,29064,ok_volume,0,0,0,39280,4192,43472
1769882966,56,43,0.928,3467,130,3597,ok_volume,0.891,3467,200,3667,ok_volume,0.748,25487,3667,29154,ok_volume,80,10,90,39360,4202,43562
1769882967,56,43,-0.719,122,747,869,ok_volume,0.589,3509,907,4416,ok_volume,0.704,25359,4404,29763,ok_volume,42,737,779,39402,4939,44341
1769882968,56,43,-0.624,173,747,920,ok_volume,0.608,3560,867,4427,ok_volume,0.705,25410,4404,29814,ok_volume,51,0,51,39453,4939,44392
1769882969,56,43,-0.744,108,737,845,ok_volume,-0.598,188,747,935,ok_volume,0.703,25215,4404,29619,ok_volume,19,0,19,39472,4939,44411
1769882970,55,44,-0.786,213,1782,1995,ok_volume,-0.766,335,2529,2864,ok_volume,0.608,25362,6186,31548,ok_volume,32,1782,1814,39619,6721,46340
1769882971,55,44,-0.684,335,1782,2117,ok_volume,-0.71,428,2519,2947,ok_volume,0.644,25535,5523,31058,ok_volume,173,0,173,39709,6721,46430
1769882972,55,44,-0.744,262,1782,2044,ok_volume,-0.602,443,1782,2225,ok_volume,0.737,25572,3879,29451,ok_volume,57,0,57,39766,6721,46487
1769882973,54,45,-0.296,1085,1999,3084,ok_volume,-0.504,1247,3781,5028,ok_volume,0.636,26408,5878,32286,ok_volume,855,2005,2860,38798,8726,47524
1769882974,54,45,-0.363,934,1999,2933,ok_volume,-0.537,1139,3781,4920,ok_volume,0.636,26430,5878,32308,ok_volume,22,0,22,38638,8726,47364
1769882975,54,45,-0.304,1066,1999,3065,ok_volume,-0.213,1296,1999,3295,ok_volume,0.633,26168,5878,32046,ok_volume,174,0,174,38795,8726,47521
1769882976,54,45,1.0,496,0,496,ok_volume,-0.173,1408,1999,3407,ok_volume,0.635,26284,5858,32142,ok_volume,286,0,286,38948,8726,47674
1769882977,54,45,1.0,602,0,602,ok_volume,-0.141,1504,1999,3503,ok_volume,0.627,25562,5858,31420,ok_volume,157,0,157,38955,8726,47681
1769882978,54,45,0.823,494,48,542,ok_volume,0.873,705,48,753,ok_volume,0.617,24924,5906,30830,ok_volume,58,48,106,38847,8774,47621
1769882979,54,45,0,209,48,257,low_total_volume,0.864,658,48,706,ok_volume,0.616,24824,5906,30730,ok_volume,0,0,0,38834,8774,47608
1769882980,54,45,-0.517,84,264,348,ok_volume,0.328,522,264,786,ok_volume,0.605,24852,6122,30974,ok_volume,28,62,90,38862,8975,47837
1769882981,54,45,0.652,1026,216,1242,ok_volume,0.648,1235,264,1499,ok_volume,0.617,25605,6072,31677,ok_volume,1000,0,1000,29862,8975,38837
1769882982,54,45,0.892,1085,62,1147,ok_volume,0.624,1141,264,1405,ok_volume,0.524,19438,6072,25510,ok_volume,59,0,59,29911,8875,38786
1769882983,54,45,1.0,1229,0,1229,ok_volume,0.707,1257,216,1473,ok_volume,0.527,19610,6072,25682,ok_volume,172,0,172,30083,8875,38958
1769882984,53,45,-0.445,231,601,832,ok_volume,0.309,1257,663,1920,ok_volume,0.492,19577,6673,26250,ok_volume,0,601,601,30083,9476,39559
1769882985,53,45,-0.308,318,601,919,ok_volume,0.392,1375,601,1976,ok_volume,0.487,19329,6673,26002,ok_volume,146,0,146,30228,9439,39667
1769882986,52,45,-0.394,270,621,891,ok_volume,-0.107,501,621,1122,ok_volume,0.55,19283,5603,24886,ok_volume,124,20,144,30352,9459,39811
1769882987,52,46,0.92,1302,54,1356,ok_volume,0.385,1474,655,2129,ok_volume,0.564,20215,5637,25852,ok_volume,1033,34,1067,30797,9138,39935
1769882988,52,47,0.919,1276,54,1330,ok_volume,0.369,1422,655,2077,ok_volume,0.533,18525,5637,24162,ok_volume,120,0,120,30417,9138,39555
1769882989,52,46,0.945,1211,34,1245,ok_volume,0.93,1481,54,1535,ok_volume,0.528,18248,5637,23885,ok_volume,63,0,63,30460,9138,39598
1769882990,52,46,1.0,534,0,534,ok_volume,0.938,1690,54,1744,ok_volume,0.208,8605,5637,14242,ok_volume,359,4,363,30819,9142,39961
1769882991,52,46,1.0,708,0,708,ok_volume,0.964,1860,34,1894,ok_volume,0.224,8899,5637,14536,ok_volume,44,0,44,31113,9142,40255
1769882992,52,47,1.0,914,0,914,ok_volume,1.0,1093,0,1093,ok_volume,0.241,9164,5607,14771,ok_volume,265,0,265,31378,9142,40520
1769882993,52,47,1.0,401,0,401,ok_volume,1.0,1065,0,1065,ok_volume,0.249,9256,5567,14823,ok_volume,107,0,107,31435,9135,40570
1769882994,52,46,1.0,552,0,552,ok_volume,1.0,1201,0,1201,ok_volume,0.054,6064,5447,11511,ok_volume,178,0,178,31545,9135,40680
1769882995,52,46,1.0,312,0,312,ok_volume,1.0,621,0,621,ok_volume,0.056,6089,5447,11536,ok_volume,25,0,25,31570,9135,40705
1769882996,52,46,1.0,729,0,729,ok_volume,1.0,1103,0,1103,ok_volume,0.092,6535,5437,11972,ok_volume,26,0,26,32096,9135,41231
1769882997,52,46,0,551,0,551,low_activity,1.0,838,0,838,ok_volume,0.16,6493,4700,11193,ok_volume,0,0,0,31926,9135,41061
1769882998,52,47,0,61,0,61,low_activity,1.0,764,0,764,ok_volume,0.159,6477,4700,11177,ok_volume,35,0,35,31960,9135,41095
1769882999,52,47,0,135,0,135,low_activity,1.0,686,0,686,ok_volume,0.157,6447,4700,11147,ok_volume,18,0,18,31857,9128,40985
1769883000,51,46,-0.589,364,1407,1771,ok_volume,-0.566,390,1407,1797,ok_volume,0.211,6644,4325,10969,ok_volume,229,1407,1636,32086,10535,42621
1769883001,51,46,-0.292,771,1407,2178,ok_volume,-0.222,895,1407,2302,ok_volume,0.236,7002,4325,11327,ok_volume,531,0,531,32617,9867,42484
1769883002,51,46,-0.286,781,1407,2188,ok_volume,-0.211,916,1407,2323,ok_volume,0.234,6966,4325,11291,ok_volume,21,0,21,32617,8218,40835
1769883003,51,48,1.0,947,0,947,ok_volume,-0.085,1187,1407,2594,ok_volume,0.473,6506,2326,8832,ok_volume,395,0,395,32992,8218,41210
1769883004,51,48,0,433,0,433,low_activity,-0.082,1193,1407,2600,ok_volume,0.471,6476,2326,8802,ok_volume,18,0,18,33009,8218,41227
1769883005,51,46,1.0,1511,0,1511,ok_volume,1.0,2063,0,2063,ok_volume,0.522,7411,2326,9737,ok_volume,1100,0,1100,33658,8218,41876
1769883006,51,46,0.786,1126,135,1261,ok_volume,0.839,1542,135,1677,ok_volume,0.487,7136,2461,9597,ok_volume,10,135,145,33499,8333,41832
1769883007,51,46,0.785,1119,135,1254,ok_volume,0.838,1531,135,1666,ok_volume,0.479,6993,2461,9454,ok_volume,10,0,10,32634,8333,40967
1769883008,52,46,0,20,135,155,low_activity,0.788,1136,135,1271,ok_volume,0.484,6937,2413,9350,ok_volume,0,0,0,31931,8333,40264
1769883009,52,46,0,104,0,104,low_activity,0.8,1213,135,1348,ok_volume,0.514,7031,2259,9290,ok_volume,94,0,94,31916,8333,40249
1769883010,52,46,0,219,0,219,low_activity,0.278,239,135,374,ok_volume,0.529,7128,2197,9325,ok_volume,128,0,128,32044,8333,40377
1769883011,51,46,0,219,0,219,low_activity,0,229,0,229,low_activity,0.472,6130,2197,8327,ok_volume,0,0,0,31799,8283,40082
1769883012,51,46,0,187,0,187,low_activity,0,281,0,281,low_total_volume,0.473,6133,2197,8330,ok_volume,62,0,62,25635,8286,33921
1769883013,51,46,0,92,29,121,low_total_volume,0.829,311,29,340,ok_volume,0.458,5991,2226,8217,ok_volume,10,29,39,25665,8315,33980
1769883014,51,46,-0.048,5449,5998,11447,ok_volume,-0.037,5574,5998,11572,ok_volume,0.198,11348,7594,18942,ok_volume,5357,5969,11326,30989,14284,45273
1769883015,51,46,-0.051,5411,5998,11409,ok_volume,-0.044,5493,5998,11491,ok_volume,0.194,11246,7594,18840,ok_volume,44,0,44,30639,14284,44923
1769883016,51,46,0.202,8993,5969,14962,ok_volume,0.205,9085,5998,15083,ok_volume,0.32,14714,7574,22288,ok_volume,3597,0,3597,34066,13194,47260
1769883017,51,46,1.0,3833,0,3833,ok_volume,0.211,9200,5998,15198,ok_volume,0.296,13879,7540,21419,ok_volume,197,0,197,34163,13194,47357
1769883018,51,46,1.0,3936,0,3936,ok_volume,0.22,9337,5969,15306,ok_volume,0.297,13906,7540,21446,ok_volume,147,0,147,32500,13194,45694
1769883019,52,46,-0.019,433,450,883,ok_volume,0.801,4069,450,4519,ok_volume,0.271,13936,7990,21926,ok_volume,89,450,539,32261,13644,45905
1769883020,52,45,-0.327,236,465,701,ok_volume,0.793,4025,465,4490,ok_volume,0.25,13331,8005,21336,ok_volume,0,15,15,22261,13659,35920
1769883021,53,45,-0.679,89,465,554,ok_volume,-0.036,433,465,898,ok_volume,0.248,13287,8005,21292,ok_volume,0,0,0,22260,13659,35919
1769883022,53,46,0,460,15,475,low_activity,0.199,696,465,1161,ok_volume,0.255,13482,8005,21487,ok_volume,460,0,460,22720,13629,36349
1769883023,53,46,0,470,0,470,low_activity,0.092,559,465,1024,ok_volume,0.251,13383,8005,21388,ok_volume,11,0,11,22731,13586,36317
1769883024,53,46,1.0,932,0,932,ok_volume,0.968,932,15,947,ok_volume,0.261,13667,8005,21672,ok_volume,462,0,462,19804,13465,33269
1769883025,53,46,0,497,0,497,low_activity,1.0,957,0,957,ok_volume,0.244,13167,8005,21172,ok_volume,25,0,25,19829,13465,33294
1769883026,53,46,1.0,4076,0,4076,ok_volume,1.0,4546,0,4546,ok_volume,0.353,16730,8005,24735,ok_volume,3589,0,3589,23338,13455,36793
1769883027,53,46,0,3631,0,3631,low_activity,1.0,4103,0,4103,ok_volume,0.353,16747,8005,24752,ok_volume,0,0,0,23313,12718,36031
1769883028,53,46,1.0,3656,0,3656,ok_volume,1.0,4143,0,4143,ok_volume,0.351,16673,8005,24678,ok_volume,50,0,50,23312,12718,36030
1769883029,53,45,0,243,0,243,low_activity,1.0,3874,0,3874,ok_volume,0.356,16855,8005,24860,ok_volume,25,0,25,23381,12718,36099
1769883030,53,46,0,284,0,284,low_total_volume,1.0,3890,0,3890,ok_volume,0.433,16667,6598,23265,ok_volume,0,0,0,23392,10936,34328
1769883031,52,46,0.924,1040,41,1081,ok_volume,0.937,1268,41,1309,ok_volume,0.441,17120,6639,23759,ok_volume,986,41,1027,24205,10977,35182
1769883032,51,47,0.948,1984,53,2037,ok_volume,0.954,2268,53,2321,ok_volume,0.463,18099,6651,24750,ok_volume,1000,12,1012,25148,10989,36137
1769883033,51,48,0.95,2073,53,2126,ok_volume,0.951,2129,53,2182,ok_volume,0.456,17793,6651,24444,ok_volume,96,0,96,24389,8984,33373
1769883034,51,48,0.99,2350,12,2362,ok_volume,0.969,3334,53,3387,ok_volume,0.482,19037,6651,25688,ok_volume,1266,0,1266,25608,8984,34592
1769883035,51,48,1.0,1870,0,1870,ok_volume,0.973,3854,53,3907,ok_volume,0.47,18458,6651,25109,ok_volume,520,0,520,25959,8984,34943
1769883036,51,48,1.0,1881,0,1881,ok_volume,0.992,2970,12,2982,ok_volume,0.48,18548,6516,25064,ok_volume,100,0,100,25773,8984,34757
1769883037,51,48,1.0,620,0,620,ok_volume,1.0,1970,0,1970,ok_volume,0.48,18538,6516,25054,ok_volume,0,0,0,25616,8984,34600
1769883038,51,48,0,100,0,100,low_activity,1.0,1881,0,1881,ok_volume,0.48,18538,6516,25054,ok_volume,0,0,0,25558,8936,34494
1769883039,51,48,0,22,0,22,low_activity,1.0,642,0,642,ok_volume,0.478,18466,6516,24982,ok_volume,22,0,22,25580,8782,34362
1769883040,51,48,0,9112,0,9112,low_activity,0,9212,0,9212,low_activity,0.616,27431,6516,33947,ok_volume,9091,0,9091,34643,8720,43363
1769883041,51,48,0,9112,0,9112,low_activity,0,9112,0,9112,low_activity,0.616,27431,6516,33947,ok_volume,0,0,0,33643,8720,42363
1769883042,50,49,0,9182,139,9321,low_activity,0.97,9204,139,9343,ok_volume,0.61,27441,6655,34096,ok_volume,92,145,237,33676,8865,42541
1769883043,50,49,0,92,139,231,low_activity,0.97,9204,139,9343,ok_volume,0.611,27431,6626,34057,ok_volume,9,0,9,33513,8865,42378
1769883044,50,49,0.175,198,139,337,ok_volume,0.971,9288,139,9427,ok_volume,0.942,22180,657,22837,ok_volume,110,0,110,33623,8264,41887
1769883045,50,49,0,106,39,145,low_total_volume,0.053,198,178,376,ok_volume,0.939,22136,696,22832,ok_volume,8,39,47,33485,8303,41788
1769883046,50,49,0,143,39,182,low_total_volume,0.138,235,178,413,ok_volume,0.928,18581,696,19277,ok_volume,39,0,39,33400,8283,41683
1769883047,50,49,0,964,39,1003,low_activity,0.93,1070,39,1109,ok_volume,0.93,19311,696,20007,ok_volume,927,0,927,33294,8249,41543
1769883048,50,49,1.0,1531,0,1531,ok_volume,0.953,1637,39,1676,ok_volume,0.932,19731,696,20427,ok_volume,567,0,567,33741,8249,41990
1769883049,50,49,0,1494,0,1494,low_activity,0.95,1531,39,1570,ok_volume,0.975,19642,246,19888,ok_volume,0,0,0,33678,8249,41927
1769883050,50,49,1.0,765,0,765,ok_volume,1.0,1729,0,1729,ok_volume,0.977,19840,231,20071,ok_volume,203,0,203,33272,8245,41517
1769883051,50,49,1.0,561,0,561,ok_volume,1.0,2055,0,2055,ok_volume,0.977,20203,231,20434,ok_volume,365,0,365,33593,8245,41838
1769883052,50,49,1.0,571,0,571,ok_volume,1.0,1138,0,1138,ok_volume,0.977,19753,231,19984,ok_volume,28,0,28,33356,8245,41601
1769883053,50,49,0.486,373,129,502,ok_volume,0.631,571,129,700,ok_volume,0.964,19743,360,20103,ok_volume,0,129,129,33232,8374,41606
1769883054,50,49,0.873,1896,129,2025,ok_volume,0.9,2457,129,2586,ok_volume,0.967,21167,360,21527,ok_volume,1886,0,1886,34940,8374,43314
1769883055,50,49,0.891,2229,129,2358,ok_volume,0.906,2602,129,2731,ok_volume,0.967,21485,360,21845,ok_volume,343,0,343,34758,8374,43132
1769883056,50,49,1.0,2229,0,2229,ok_volume,0.891,2239,129,2368,ok_volume,0.961,17879,360,18239,ok_volume,0,0,0,34732,8374,43106
1769883057,50,48,1.0,12130,0,12130,ok_volume,0.982,14016,129,14145,ok_volume,0.976,29666,360,30026,ok_volume,11789,0,11789,46521,8374,54895
1769883058,50,48,1.0,11787,0,11787,ok_volume,1.0,14016,0,14016,ok_volume,0.976,29438,360,29798,ok_volume,5,0,5,46402,8374,54776
1769883059,50,48,1.0,11787,0,11787,ok_volume,1.0,12130,0,12130,ok_volume,0.976,29382,360,29742,ok_volume,0,0,0,46384,8374,54758
1769883060,50,49,0,531,0,531,low_activity,1.0,12318,0,12318,ok_volume,0.976,29913,360,30273,ok_volume,540,0,540,46695,6967,53662
1769883061,50,49,0,531,0,531,low_activity,1.0,12318,0,12318,ok_volume,0.978,28929,319,29248,ok_volume,0,0,0,46164,6967,53131
1769883062,50,49,0,631,0,631,low_activity,0,631,0,631,low_activity,0.978,28029,307,28336,ok_volume,2,5,7,46245,6972,53217
1769883063,50,49,0,147,0,147,low_activity,1.0,678,0,678,ok_volume,0.978,27987,307,28294,ok_volume,47,0,47,45897,6972,52869
1769883064,50,49,0,75,0,75,low_activity,1.0,706,0,706,ok_volume,0.977,26754,307,27061,ok_volume,30,0,30,45909,6972,52881
1769883065,51,48,1.0,496,0,496,ok_volume,1.0,596,0,596,ok_volume,0.977,26655,307,26962,ok_volume,421,0,421,45230,6972,52202
1769883066,51,48,0,449,0,449,low_activity,1.0,496,0,496,ok_volume,0.977,26555,307,26862,ok_volume,0,0,0,45220,6837,52057
1769883067,51,48,1.0,559,0,559,ok_volume,1.0,634,0,634,ok_volume,0.977,26693,307,27000,ok_volume,147,0,147,45357,6837,52194
1769883068,51,48,0,138,0,138,low_activity,1.0,587,0,587,ok_volume,0.977,26693,307,27000,ok_volume,0,0,0,45357,6837,52194
1769883069,51,48,1.0,349,0,349,ok_volume,1.0,770,0,770,ok_volume,0.977,26882,307,27189,ok_volume,219,0,219,45482,6837,52319
1769883070,50,49,0.286,288,160,448,ok_volume,0.454,426,160,586,ok_volume,0.949,17869,467,18336,ok_volume,42,160,202,45436,6997,52433
1769883071,50,49,-0.298,416,770,1186,ok_volume,-0.163,554,770,1324,ok_volume,0.887,17997,1077,19074,ok_volume,130,625,755,45566,7619,53185
1769883072,49,49,-0.243,567,932,1499,ok_volume,-0.065,818,932,1750,ok_volume,0.887,18307,1100,19407,ok_volume,402,180,582,45886,7799,53685
1769883073,49,50,0.391,1765,772,2537,ok_volume,0.376,2053,932,2985,ok_volume,0.893,19542,1100,20642,ok_volume,1235,0,1235,47111,7770,54881
1769883074,48,51,-0.109,1791,2231,4022,ok_volume,-0.211,1956,3001,4957,ok_volume,0.722,19590,3169,22759,ok_volume,154,2069,2223,41908,3870,45778
1769883075,48,51,0.159,2850,2069,4919,ok_volume,0.087,3380,2841,6221,ok_volume,0.741,21051,3130,24181,ok_volume,1291,0,1291,43325,3870,47195
1769883076,48,51,-0.072,1792,2069,3861,ok_volume,0.212,3429,2231,5660,ok_volume,0.743,21191,3130,24321,ok_volume,177,0,177,39905,3870,43775
1769883077,48,51,1.0,2164,0,2164,ok_volume,0.286,3723,2069,5792,ok_volume,0.74,20960,3130,24090,ok_volume,23,0,23,40413,3870,44283
1769883078,48,51,1.0,2145,0,2145,ok_volume,0.29,3760,2069,5829,ok_volume,0.748,21665,3130,24795,ok_volume,1279,0,1279,41537,3870,45407
1769883079,48,50,0.99,20845,100,20945,ok_volume,0.991,22986,100,23086,ok_volume,0.855,41215,3230,44445,ok_volume,19558,109,19667,61006,3529,64535
1769883080,48,51,0.991,21032,100,21132,ok_volume,0.991,21905,100,22005,ok_volume,0.855,41227,3230,44457,ok_volume,210,0,210,61216,3514,64730
1769883081,48,51,0.991,21128,100,21228,ok_volume,0.991,22423,100,22523,ok_volume,0.858,42232,3230,45462,ok_volume,1370,0,1370,62586,3514,66100
1769883082,49,50,1.0,6842,0,6842,ok_volume,0.993,27664,100,27764,ok_volume,0.873,47486,3230,50716,ok_volume,5264,0,5264,67390,3514,70904
1769883083,49,50,1.0,6712,0,6712,ok_volume,0.992,26472,100,26572,ok_volume,0.878,47566,3101,50667,ok_volume,80,0,80,67459,3514,70973
1769883084,49,50,1.0,6038,0,6038,ok_volume,1.0,7616,0,7616,ok_volume,0.875,46374,3101,49475,ok_volume,694,0,694,67691,3514,71205
1769883085,49,50,1.0,774,0,774,ok_volume,1.0,7406,0,7406,ok_volume,0.874,46031,3101,49132,ok_volume,3,2,5,67669,3516,71185
1769883086,49,50,1.0,1174,0,1174,ok_volume,1.0,6518,0,6518,ok_volume,0.875,46511,3101,49612,ok_volume,488,0,488,64551,3516,68067
1769883087,49,50,0,576,35,611,low_activity,0.949,1350,35,1385,ok_volume,0.835,34820,3136,37956,ok_volume,96,35,131,64647,3551,68198
1769883088,49,50,0.922,862,35,897,ok_volume,0.956,1556,35,1591,ok_volume,0.836,35106,3136,38242,ok_volume,298,0,298,64717,3551,68268
1769883089,49,50,0.846,421,35,456,ok_volume,0.925,901,35,936,ok_volume,0.836,35145,3136,38281,ok_volume,39,0,39,64689,3551,68240
1769883090,49,50,-0.364,403,865,1268,ok_volume,0.042,979,900,1879,ok_volume,0.793,34692,4001,38693,ok_volume,42,865,907,64769,4416,69185
1769883091,49,50,-0.909,419,8817,9236,ok_volume,-0.834,801,8852,9653,ok_volume,0.49,34894,11953,46847,ok_volume,308,7952,8260,64091,12327,76418
1769883092,44,53,-0.966,684,39744,40428,ok_volume,-0.949,1047,39744,40791,ok_volume,-0.098,35236,42880,78116,ok_volume,343,30959,31302,63434,43274,106708
1769883093,46,53,-0.615,9257,38879,48136,ok_volume,-0.618,9374,39744,49118,ok_volume,0.011,43802,42880,86682,ok_volume,8621,0,8621,71960,43274,115234
1769883094,45,53,-0.539,9252,30927,40179,ok_volume,-0.611,9594,39744,49338,ok_volume,0.014,44071,42880,86951,ok_volume,302,0,302,70991,43274,114265
1769883095,45,54,1.0,9355,0,9355,ok_volume,-0.591,9999,38879,48878,ok_volume,0.014,44095,42880,86975,ok_volume,426,0,426,70916,43274,114190
1769883096,44,54,1.0,1993,0,1993,ok_volume,-0.477,10948,30927,41875,ok_volume,0.028,45346,42880,88226,ok_volume,1202,0,1202,72078,43274,115352
1769883097,42,55,1.0,5529,0,5529,ok_volume,1.0,14458,0,14458,ok_volume,0.067,49060,42880,91940,ok_volume,3866,0,3866,75944,43274,119218
1769883098,43,52,1.0,15103,0,15103,ok_volume,1.0,15896,0,15896,ok_volume,0.159,59111,42880,101991,ok_volume,10051,0,10051,85995,43274,129269
1769883099,43,52,0.981,16101,156,16257,ok_volume,0.983,17778,156,17934,ok_volume,0.173,61058,43036,104094,ok_volume,2200,170,2370,88173,43444,131617
1769883100,43,53,0.976,12847,156,13003,ok_volume,0.983,17899,156,18055,ok_volume,0.179,61619,42876,104495,ok_volume,400,0,400,79682,43444,123126
1769883101,43,52,0.948,5876,156,6032,ok_volume,0.984,19779,156,19935,ok_volume,0.209,64571,42266,106837,ok_volume,3080,0,3080,82762,43444,126206
1769883102,43,55,1.0,6362,0,6362,ok_volume,0.984,18811,156,18967,ok_volume,0.229,67053,42104,109157,ok_volume,2889,0,2889,85559,43299,128858
1769883103,42,57,1.0,6139,0,6139,ok_volume,0.966,8935,156,9091,ok_volume,0.221,65993,42104,108097,ok_volume,180,0,180,85730,43299,129029
1769883104,42,57,1.0,3156,0,3156,ok_volume,1.0,6634,0,6634,ok_volume,0.243,65766,40035,105801,ok_volume,98,0,98,85718,43299,129017
1769883105,42,57,1.0,2499,0,2499,ok_volume,1.0,8463,0,8463,ok_volume,0.25,66702,40035,106737,ok_volume,2231,0,2231,87941,43260,131201
1769883106,43,56,1.0,2976,0,2976,ok_volume,1.0,6035,0,6035,ok_volume,0.248,66504,40035,106539,ok_volume,641,0,641,88560,43260,131820
1769883107,42,55,1.0,2879,0,2879,ok_volume,1.0,3151,0,3151,ok_volume,0.248,66481,40035,106516,ok_volume,0,0,0,87633,43260,130893
1769883108,45,54,0.865,3394,246,3640,ok_volume,0.918,5735,246,5981,ok_volume,0.256,67968,40281,108249,ok_volume,2334,246,2580,89825,43506,133331
1769883109,43,54,0.129,3491,2694,6185,ok_volume,0.406,6370,2694,9064,ok_volume,0.071,49150,42629,91779,ok_volume,732,2448,3180,90557,45954,136511
1769883110,40,56,0.036,3315,3083,6398,ok_volume,0.173,4375,3083,7458,ok_volume,0.067,49189,43018,92207,ok_volume,250,375,625,90604,46349,136953
1769883111,41,58,-0.387,1253,2837,4090,ok_volume,0.131,4012,3083,7095,ok_volume,0.056,48093,43018,91111,ok_volume,272,0,272,90511,46349,136860
1769883112,38,59,0.536,1408,425,1833,ok_volume,0.176,4474,3133,7607,ok_volume,0.007,43716,43068,86784,ok_volume,334,50,384,91374,46399,137773
1769883113,38,61,0.585,1672,438,2110,ok_volume,-0.105,2653,3275,5928,ok_volume,0.008,44149,43456,87605,ok_volume,513,75,588,91887,46664,138551
1769883114,38,61,0.747,3025,438,3463,ok_volume,0.669,4101,813,4914,ok_volume,0.024,45635,43456,89091,ok_volume,2189,5,2194,92190,46669,138859
1769883115,38,61,0.902,2913,150,3063,ok_volume,0.776,4072,513,4585,ok_volume,0.026,45855,43531,89386,ok_volume,220,80,300,92067,46749,138816
1769883116,38,61,0.949,2866,75,2941,ok_volume,0.757,3711,513,4224,ok_volume,0.026,45841,43531,89372,ok_volume,474,0,474,92542,46749,139291
1769883117,37,62,0.102,1012,825,1837,ok_volume,0.609,3705,900,4605,ok_volume,0.02,46071,44246,90317,ok_volume,326,750,1076,81079,47499,128578
1769883118,37,62,0.051,831,750,1581,ok_volume,0.593,3231,825,4056,ok_volume,0.018,45824,44246,90070,ok_volume,41,0,41,81115,47499,128614
1769883119,37,62,-0.246,465,769,1234,ok_volume,0.154,1151,844,1995,ok_volume,0.018,45847,44265,90112,ok_volume,105,19,124,81220,47518,128738
1769883120,36,63,-0.353,139,291,430,ok_volume,-0.056,931,1041,1972,ok_volume,0.024,45807,43672,89479,ok_volume,0,273,273,80680,47791,128471
1769883121,35,62,0.84,3341,291,3632,ok_volume,0.561,3706,1041,4747,ok_volume,0.154,48746,35720,84466,ok_volume,241,0,241,83821,47791,131612
1769883122,35,63,0.859,3594,272,3866,ok_volume,0.855,3733,291,4024,ok_volume,0.821,48757,4793,53550,ok_volume,353,0,353,84172,47786,131958
1769883123,37,62,0.974,3289,44,3333,ok_volume,0.9,6389,335,6724,ok_volume,0.797,42839,4837,47676,ok_volume,2695,44,2739,86820,47830,134650
1769883124,36,63,0.989,8252,44,8296,ok_volume,0.946,11493,316,11809,ok_volume,0.816,47727,4837,52564,ok_volume,5204,0,5204,91996,47830,139826
1769883125,35,62,0.839,9419,825,10244,ok_volume,0.848,10013,825,10838,ok_volume,0.793,48770,5618,54388,ok_volume,1520,781,2301,93095,48617,141712
1769883126,36,62,0.853,9828,781,10609,ok_volume,0.88,12876,825,13701,ok_volume,0.8,50674,5618,56292,ok_volume,3105,0,3105,96200,48617,144817
1769883127,36,62,0.751,5490,781,6271,ok_volume,0.884,13389,825,14214,ok_volume,0.789,47688,5618,53306,ok_volume,866,0,866,96919,48617,145536
1769883128,35,63,1.0,6685,0,6685,ok_volume,0.89,13409,781,14190,ok_volume,0.756,40352,5618,45970,ok_volume,2719,0,2719,99638,48617,148255
1769883129,34,62,0.798,4265,478,4743,ok_volume,0.752,8889,1259,10148,ok_volume,0.734,38638,5940,44578,ok_volume,691,478,1169,100070,49095,149165
1769883130,37,62,0.37,3683,1695,5378,ok_volume,0.637,7653,1695,9348,ok_volume,0.687,38524,7157,45681,ok_volume,293,501,794,100321,50152,150473
1769883131,37,62,-0.168,1305,1831,3136,ok_volume,0.455,4886,1831,6717,ok_volume,0.661,35781,7293,43074,ok_volume,344,136,480,100535,49663,150198
1769883132,34,62,0.215,1548,1000,2548,ok_volume,0.386,4947,2194,7141,ok_volume,0.631,33824,7656,41480,ok_volume,927,363,1290,101060,49846,150906
1769883133,34,62,0.791,4283,499,4782,ok_volume,0.411,5251,2194,7445,ok_volume,0.655,36668,7656,44324,ok_volume,3026,0,3026,102851,49846,152697
1769883134,34,63,0.935,10792,363,11155,ok_volume,0.839,11413,1000,12413,ok_volume,0.7,43417,7656,51073,ok_volume,6858,0,6858,109385,47777,157162
1769883135,34,63,0.999,20304,14,20318,ok_volume,0.954,21568,513,22081,ok_volume,0.741,51612,7670,59282,ok_volume,10445,22,10467,118539,47799,166338
1769883136,34,63,0.999,20601,14,20615,ok_volume,0.97,24547,377,24924,ok_volume,0.752,54293,7670,61963,ok_volume,3318,0,3318,120998,47799,168797
1769883137,34,63,0.996,14354,31,14385,ok_volume,0.997,24219,31,24250,ok_volume,0.753,54467,7687,62154,ok_volume,599,22,621,121574,47821,169395
1769883138,36,63,0.946,6203,171,6374,ok_volume,0.984,23488,185,23673,ok_volume,0.755,54421,7595,62016,ok_volume,2290,154,2444,122585,47975,170560
1769883139,34,63,0.892,7158,407,7565,ok_volume,0.961,20913,421,21334,ok_volume,0.83,57960,5369,63329,ok_volume,4273,236,4509,107300,48102,155402
1769883140,34,62,0.903,7661,390,8051,ok_volume,0.932,11576,407,11983,ok_volume,0.843,58813,4994,63807,ok_volume,1112,0,1112,108202,48102,156304
1769883141,34,63,0.92,9396,394,9790,ok_volume,0.912,12283,565,12848,ok_volume,0.847,62009,5152,67161,ok_volume,3771,158,3929,110855,48260,159115
1769883142,35,63,0.94,15401,480,15881,ok_volume,0.924,21960,870,22830,ok_volume,0.867,71953,5111,77064,ok_volume,10276,322,10598,115867,48582,164449
1769883143,35,62,0.92,15088,629,15717,ok_volume,0.92,20713,865,21578,ok_volume,0.866,72481,5185,77666,ok_volume,1043,75,1118,116830,48739,165569
1769883144,35,64,0.635,14006,3126,17132,ok_volume,0.707,19131,3284,22415,ok_volume,0.806,72990,7840,80830,ok_volume,2701,2655,5356,118837,51394,170231
1769883145,36,62,0.093,3918,3250,7168,ok_volume,0.65,17965,3810,21775,ok_volume,0.796,72958,8291,81249,ok_volume,190,527,717,119024,51919,170943
1769883146,36,61,-0.053,2927,3252,6179,ok_volume,0.586,14244,3723,17967,ok_volume,0.793,72542,8362,80904,ok_volume,50,0,50,118586,51990,170576
1769883147,36,62,-0.28,481,856,1337,ok_volume,0.081,4211,3580,7791,ok_volume,0.804,72459,7871,80330,ok_volume,0,259,259,118733,52214,170947
1769883148,36,62,0.347,869,421,1290,ok_volume,0.01,3746,3673,7419,ok_volume,0.802,72996,8033,81029,ok_volume,580,162,742,119014,52376,171390
1769883149,37,62,0.63,1856,421,2277,ok_volume,0.393,2337,1018,3355,ok_volume,0.805,74176,8014,82190,ok_volume,1280,0,1280,120217,52376,172593
1769883150,36,62,0.421,2252,917,3169,ok_volume,0.368,2545,1176,3721,ok_volume,0.788,71572,8497,80069,ok_volume,396,757,1153,120571,52268,172839
1769883151,36,62,0.511,2579,835,3414,ok_volume,0.431,3155,1256,4411,ok_volume,0.788,72234,8577,80811,ok_volume,903,80,983,121166,44396,165562
1769883152,36,62,0.29,1687,929,2616,ok_volume,0.529,3543,1091,4634,ok_volume,0.786,72269,8671,80940,ok_volume,388,94,482,121210,13531,134741
1769883153,35,62,0.444,2090,805,2895,ok_volume,0.414,3766,1560,5326,ok_volume,0.767,70373,9258,79631,ok_volume,804,632,1436,113393,14163,127556
1769883154,35,63,0.533,2378,725,3103,ok_volume,0.404,3677,1560,5237,ok_volume,0.755,66360,9258,75618,ok_volume,1196,0,1196,114268,14163,128431
1769883155,35,62,0.688,3413,631,4044,ok_volume,0.708,4704,805,5509,ok_volume,0.773,66263,8477,74740,ok_volume,1440,0,1440,115222,14163,129385
1769883156,35,62,0.963,5239,98,5337,ok_volume,0.773,6426,823,7249,ok_volume,0.769,65784,8575,74359,ok_volume,2625,98,2723,116645,14261,130906
1769883157,35,62,0.591,5410,1389,6799,ok_volume,0.571,7400,2020,9420,ok_volume,0.741,66280,9866,76146,ok_volume,1362,1291,2653,114141,15552,129693
1769883158,35,62,0.713,8296,1389,9685,ok_volume,0.774,10910,1389,12299,ok_volume,0.746,67874,9866,77740,ok_volume,3871,0,3871,108399,15552,123951
1769883159,35,62,0.732,8329,1291,9620,ok_volume,0.798,12377,1389,13766,ok_volume,0.779,69848,8672,78520,ok_volume,2659,0,2659,108658,15382,124040
1769883160,35,63,1.0,8561,0,8561,ok_volume,0.807,12986,1389,14375,ok_volume,0.795,71596,8171,79767,ok_volume,1652,9,1661,110300,15391,125691
1769883161,35,62,0.742,5198,769,5967,ok_volume,0.681,10869,2060,12929,ok_volume,0.781,71767,8804,80571,ok_volume,512,769,1281,107732,16160,123892
1769883162,35,62,0.533,2527,769,3296,ok_volume,0.849,9446,769,10215,ok_volume,0.788,71217,8441,79658,ok_volume,17,9,26,105225,16169,121394
1769883163,35,62,0.278,1361,769,2130,ok_volume,0.774,6051,769,6820,ok_volume,0.781,68674,8441,77115,ok_volume,476,0,476,105521,16169,121690
1769883164,35,62,1.0,590,0,590,ok_volume,0.603,3105,769,3874,ok_volume,0.76,61930,8441,70371,ok_volume,102,0,102,105525,16169,121694
1769883165,35,62,1.0,923,0,923,ok_volume,0.403,1808,769,2577,ok_volume,0.72,51836,8427,60263,ok_volume,345,0,345,103622,16169,119791
1769883166,35,62,0.93,1097,40,1137,ok_volume,0.951,1585,40,1625,ok_volume,0.706,49170,8467,57637,ok_volume,650,40,690,103631,16209,119840
1769883167,34,62,0.096,1020,842,1862,ok_volume,0.31,1598,842,2440,ok_volume,0.68,48596,9252,57848,ok_volume,1,802,803,103232,17011,120243
1769883168,34,62,-0.211,1074,1650,2724,ok_volume,-0.041,1521,1650,3171,ok_volume,0.65,46707,9906,56613,ok_volume,399,0,399,101297,17580,118877
1769883169,34,63,-0.256,954,1610,2564,ok_volume,0.089,1974,1650,3624,ok_volume,0.633,42991,9670,52661,ok_volume,561,0,561,101126,15112,116238
1769883170,34,62,0.781,1626,200,1826,ok_volume,0.109,2301,1850,4151,ok_volume,0.622,42309,9870,52179,ok_volume,672,209,881,101548,14946,116494
1769883171,34,63,0.806,1867,200,2067,ok_volume,0.112,2266,1810,4076,ok_volume,0.603,39178,9712,48890,ok_volume,642,0,642,101361,14946,116307
1769883172,34,64,0.866,2776,200,2976,ok_volume,0.898,3730,200,3930,ok_volume,0.531,30366,9310,39676,ok_volume,1466,0,1466,102493,14577,117070
1769883173,34,64,1.0,2276,0,2276,ok_volume,0.892,3503,200,3703,ok_volume,0.523,29497,9241,38738,ok_volume,177,0,177,102157,14502,116659
1769883174,34,64,1.0,4578,0,4578,ok_volume,0.934,5890,200,6090,ok_volume,0.637,29750,6586,36336,ok_volume,2694,0,2694,102912,14497,117409
1769883175,33,64,0.958,3139,68,3207,ok_volume,0.974,5243,68,5311,ok_volume,0.66,29587,6057,35644,ok_volume,25,69,94,102716,14486,117202
1769883176,35,63,0.978,6190,68,6258,ok_volume,0.983,8076,68,8144,ok_volume,0.688,32767,6057,38824,ok_volume,3473,0,3473,105715,14486,120201
1769883177,36,63,0.962,3533,68,3601,ok_volume,0.98,6647,68,6715,ok_volume,0.7,32802,5798,38600,ok_volume,35,0,35,105424,13736,119160
1769883178,33,63,1.0,3508,0,3508,ok_volume,0.978,6225,68,6293,ok_volume,0.702,32226,5636,37862,ok_volume,0,6,6,105383,13742,119125
1769883179,33,64,0,65,139,204,low_total_volume,0.89,3563,207,3770,ok_volume,0.686,30976,5775,36751,ok_volume,37,0,37,105315,13866,119181
1769883180,30,66,-0.832,288,3140,3428,ok_volume,0.095,3796,3140,6936,ok_volume,0.587,30838,8021,38859,ok_volume,258,3003,3261,102573,16596,119169
1769883181,32,66,0.053,3336,3001,6337,ok_volume,0.035,3371,3140,6511,ok_volume,0.612,32983,7941,40924,ok_volume,3048,0,3048,105380,16596,121976
1769883182,32,66,0.062,3398,3001,6399,ok_volume,0.044,3428,3140,6568,ok_volume,0.613,32687,7847,40534,ok_volume,53,0,53,105132,16596,121728
1769883183,32,67,0.984,3290,27,3317,ok_volume,0.083,3578,3028,6606,ok_volume,0.631,32038,7243,39281,ok_volume,150,31,181,102585,16583,119168
1769883184,32,67,0.823,587,57,644,ok_volume,0.127,3945,3058,7003,ok_volume,0.622,31244,7273,38517,ok_volume,397,30,427,97778,16607,114385
1769883185,30,66,0.945,15883,452,16335,ok_volume,0.954,19023,452,19475,ok_volume,0.71,45157,7668,52825,ok_volume,15340,395,15735,111598,16221,127819
1769883186,32,67,0.778,15829,1981,17810,ok_volume,0.777,16019,2008,18027,ok_volume,0.647,42628,9126,51754,ok_volume,101,1571,1672,108594,17792,126386
1769883187,30,68,0.775,15487,1967,17454,ok_volume,0.776,16034,2024,18058,ok_volume,0.678,40883,7851,48734,ok_volume,55,20,75,107783,17812,125595
1769883188,30,69,0.282,2893,1622,4515,ok_volume,0.802,18626,2047,20673,ok_volume,0.668,39754,7901,47655,ok_volume,2747,50,2797,107811,17862,125673
1769883189,30,69,0.925,2957,116,3073,ok_volume,0.798,18389,2067,20456,ok_volume,0.645,36866,7951,44817,ok_volume,174,50,224,107294,16718,124012
1769883190,28,70,0.339,3741,1847,5588,ok_volume,0.065,3892,3419,7311,ok_volume,0.576,36063,9698,45761,ok_volume,847,1747,2594,107848,17964,125812
1769883191,28,70,-0.043,1716,1872,3588,ok_volume,0.399,4513,1938,6451,ok_volume,0.599,35907,9004,44911,ok_volume,717,75,792,108221,17903,126124
1769883192,29,70,0.047,2001,1822,3823,ok_volume,0.437,4903,1922,6825,ok_volume,0.603,36340,9004,45344,ok_volume,388,0,388,107739,17540,125279
1769883193,28,70,0.928,2007,75,2082,ok_volume,0.232,3006,1872,4878,ok_volume,0.606,36709,9004,45713,ok_volume,845,0,845,105558,17540,123098
1769883194,28,71,1.0,3415,0,3415,ok_volume,0.468,5028,1822,6850,ok_volume,0.623,38789,9004,47793,ok_volume,2182,0,2182,100882,17540,118422
1769883195,27,71,0.899,7933,422,8355,ok_volume,0.896,9095,497,9592,ok_volume,0.643,43350,9426,52776,ok_volume,4906,434,5340,95343,17952,113295
1769883196,25,71,0.89,7283,422,7705,ok_volume,0.906,8516,422,8938,ok_volume,0.641,42870,9386,52256,ok_volume,195,0,195,92220,17952,110172
1769883197,28,71,0.888,7093,422,7515,ok_volume,0.92,10120,422,10542,ok_volume,0.705,44862,7776,52638,ok_volume,0,0,0,93621,17930,111551
1769883198,27,70,0.526,2474,769,3243,ok_volume,0.778,9562,1191,10753,ok_volume,0.679,44750,8545,53295,ok_volume,287,414,701,91618,18545,110163
1769883199,28,71,-0.33,387,769,1156,ok_volume,0.725,7480,1191,8671,ok_volume,0.677,44295,8545,52840,ok_volume,100,9,109,87445,18318,105763
1769883200,27,71,0.256,699,414,1113,ok_volume,0.579,2886,769,3655,ok_volume,0.681,43935,8345,52280,ok_volume,318,0,318,86399,18318,104717
1769883201,27,72,0.983,2514,22,2536,ok_volume,0.56,2801,791,3592,ok_volume,0.689,45397,8367,53764,ok_volume,1997,22,2019,84730,18182,102912
1769883202,26,72,0.882,2784,175,2959,ok_volume,0.687,3171,589,3760,ok_volume,0.677,44303,8520,52823,ok_volume,373,153,526,74827,17931,92758
1769883203,26,72,0.724,2952,473,3425,ok_volume,0.76,3469,473,3942,ok_volume,0.669,44466,8818,53284,ok_volume,585,300,885,74369,18156,92525
1769883204,25,72,0.348,1333,645,1978,ok_volume,0.698,3747,667,4414,ok_volume,0.648,42152,9012,51164,ok_volume,184,208,392,72056,15709,87765
1769883205,25,73,0.365,1057,492,1549,ok_volume,0.674,3424,667,4091,ok_volume,0.65,42221,8944,51165,ok_volume,72,0,72,71964,15111,87075
1769883206,25,72,0.685,1036,194,1230,ok_volume,0.544,2185,645,2830,ok_volume,0.631,39506,8944,48450,ok_volume,758,0,758,72429,15111,87540
1769883207,25,73,0.869,829,58,887,ok_volume,0.535,1815,550,2365,ok_volume,0.629,39471,9002,48473,ok_volume,5,0,5,72434,14910,87344
1769883208,27,72,0.911,4908,228,5136,ok_volume,0.85,5186,422,5608,ok_volume,0.657,43621,9033,52654,ok_volume,4150,170,4320,76004,14918,90922
1769883209,27,72,0.921,4150,170,4320,ok_volume,0.912,4979,228,5207,ok_volume,0.657,43591,9033,52624,ok_volume,0,0,0,74724,14918,89642
1769883210,27,72,0.207,4161,2736,6897,ok_volume,0.276,4919,2794,7713,ok_volume,0.669,43344,8598,51942,ok_volume,11,2566,2577,74339,16727,91066
1769883211,27,71,-0.993,11,2951,2962,ok_volume,0.143,4161,3121,7282,ok_volume,0.635,40244,8983,49227,ok_volume,0,317,317,73436,17032,90468
1769883212,27,71,-0.993,11,2971,2982,ok_volume,0.14,4161,3141,7302,ok_volume,0.634,40204,9003,49207,ok_volume,0,20,20,73048,16958,90006
1769883213,27,71,-0.962,191,9983,10174,ok_volume,-0.968,202,12617,12819,ok_volume,0.367,40245,18622,58867,ok_volume,191,9657,9848,72435,25983,98418
1769883214,28,71,-0.929,358,9746,10104,ok_volume,-0.944,369,12697,13066,ok_volume,0.364,40015,18672,58687,ok_volume,167,80,247,71406,26063,97469
1769883215,28,71,-0.88,620,9726,10346,ok_volume,-0.884,620,10063,10683,ok_volume,0.154,24941,18277,43218,ok_volume,266,0,266,70232,26063,96295
1769883216,26,71,-0.479,541,1535,2076,ok_volume,-0.877,732,11201,11933,ok_volume,0.157,24957,18176,43133,ok_volume,112,1455,1567,67719,27420,95139
1769883217,29,69,-0.55,423,1455,1878,ok_volume,-0.869,781,11181,11962,ok_volume,0.158,24951,18160,43111,ok_volume,49,0,49,65968,26129,92097
1769883218,29,69,-0.806,161,1496,1657,ok_volume,-0.455,590,1576,2166,ok_volume,0.101,22209,18151,40360,ok_volume,0,46,46,62097,26175,88272
1769883219,27,69,0.629,1604,365,1969,ok_volume,0.042,1978,1820,3798,ok_volume,0.123,23604,18425,42029,ok_volume,1555,342,1897,60603,26517,87120
1769883220,29,70,0.756,2623,365,2988,ok_volume,0.209,2784,1820,4604,ok_volume,0.177,23833,16678,40511,ok_volume,1068,0,1068,60019,26508,86527
1769883221,29,69,0.832,6183,568,6751,ok_volume,0.822,6232,609,6841,ok_volume,0.225,26619,16847,43466,ok_volume,3560,245,3805,62702,25984,88686
1769883222,27,69,0.91,5166,244,5410,ok_volume,0.834,6721,609,7330,ok_volume,0.227,26769,16847,43616,ok_volume,538,0,538,63223,25975,89198
1769883223,28,71,0.904,4853,244,5097,ok_volume,0.859,7476,568,8044,ok_volume,0.226,26679,16847,43526,ok_volume,762,0,762,63509,25975,89484
1769883224,28,70,1.0,5593,0,5593,ok_volume,0.953,10221,244,10465,ok_volume,0.262,28797,16847,45644,ok_volume,4308,0,4308,67715,25975,93690
1769883225,27,70,0.989,11255,65,11320,ok_volume,0.961,15353,309,15662,ok_volume,0.292,30091,16490,46581,ok_volume,6202,70,6272,73572,26045,99617
1769883226,27,70,0.667,11722,2340,14062,ok_volume,0.695,13015,2340,15355,ok_volume,0.216,29126,18765,47891,ok_volume,1231,2250,3481,74128,28280,102408
1769883227,29,70,0.419,7572,3097,10669,ok_volume,0.606,12627,3097,15724,ok_volume,0.209,29276,19167,48443,ok_volume,155,757,912,74282,27420,101702
1769883228,27,71,-0.257,1776,3007,4783,ok_volume,0.597,12276,3097,15373,ok_volume,0.221,29393,18753,48146,ok_volume,408,0,408,74294,27420,101714
1769883229,28,71,0.55,2677,777,3454,ok_volume,0.528,10099,3117,13216,ok_volume,0.252,31416,18773,50189,ok_volume,2123,20,2143,75856,27440,103296
1769883230,27,71,0.988,3190,20,3210,ok_volume,0.202,4562,3027,7589,ok_volume,0.256,31662,18773,50435,ok_volume,665,0,665,75852,27231,103083
1769883231,27,72,0.988,3211,20,3231,ok_volume,0.658,3765,777,4542,ok_volume,0.232,30090,18751,48841,ok_volume,435,0,435,75645,27231,102876
1769883232,27,72,1.0,2440,0,2440,ok_volume,0.992,4967,20,4987,ok_volume,0.251,31072,18598,49670,ok_volume,1357,0,1357,75536,27231,102767
1769883233,27,72,0.95,3112,79,3191,ok_volume,0.967,5898,99,5997,ok_volume,0.265,31628,18379,50007,ok_volume,368,0,368,76444,27310,103754
1769883234,27,72,0.954,3357,79,3436,ok_volume,0.965,4445,79,4524,ok_volume,0.277,32091,18185,50276,ok_volume,674,0,674,74424,27310,101734
1769883235,26,72,0.44,1462,569,2031,ok_volume,0.733,4206,648,4854,ok_volume,0.267,32444,18754,51198,ok_volume,424,569,993,74823,27810,102633
1769883236,27,72,0.684,3608,677,4285,ok_volume,0.786,6295,756,7051,ok_volume,0.29,34200,18804,53004,ok_volume,2182,108,2290,73872,27918,101790
1769883237,27,72,0.653,3229,677,3906,ok_volume,0.726,4267,677,4944,ok_volume,0.294,34491,18804,53295,ok_volume,296,0,296,74133,27918,102051
1769883238,27,72,0.907,3000,146,3146,ok_volume,0.722,4434,715,5149,ok_volume,0.246,30876,18672,49548,ok_volume,536,0,536,74669,27807,102476
1769883239,27,72,0.012,1172,1145,2317,ok_volume,0.386,4110,1822,5932,ok_volume,0.224,31222,19779,51001,ok_volume,346,1107,1453,74978,28914,103892
1769883240,27,72,-0.296,1084,1995,3079,ok_volume,0.247,3549,2141,5690,ok_volume,0.271,31414,18033,49447,ok_volume,203,888,1091,74923,26799,101722
1769883241,27,72,0.226,4089,2582,6671,ok_volume,0.305,4915,2620,7535,ok_volume,0.313,34954,18303,53257,ok_volume,3545,587,4132,75368,27386,102754
1769883242,27,72,0.025,7339,6975,14314,ok_volume,0.008,8220,8082,16302,ok_volume,0.237,38550,23783,62333,ok_volume,3584,5500,9084,78916,32886,111802
1769883243,27,72,0.56,21600,6087,27687,ok_volume,0.465,22149,8082,30231,ok_volume,0.578,52823,14137,66960,ok_volume,14464,0,14464,93230,32855,126085
1769883244,27,72,0.55,19060,5538,24598,ok_volume,0.53,22820,7013,29833,ok_volume,0.584,53673,14095,67768,ok_volume,1017,38,1055,93850,32863,126713
1769883245,27,72,0.961,18364,364,18728,ok_volume,0.596,25500,6451,31951,ok_volume,0.592,56294,14421,70715,ok_volume,2883,326,3209,81393,32794,114187
1769883246,27,72,0.797,4368,493,4861,ok_volume,0.578,22411,5993,28404,ok_volume,0.624,56650,13095,69745,ok_volume,475,100,575,81767,31352,113119
1769883247,27,72,0.583,3413,900,4313,ok_volume,0.905,18894,938,19832,ok_volume,0.614,56663,13540,70203,ok_volume,62,445,507,81774,31777,113551
1769883248,26,73,-0.475,834,2345,3179,ok_volume,0.267,4734,2738,7472,ok_volume,0.577,56967,15299,72266,ok_volume,87,1800,1887,79331,33527,112858
1769883249,26,73,-0.148,1666,2245,3911,ok_volume,0.3,5017,2700,7717,ok_volume,0.582,56712,14975,71687,ok_volume,1102,0,1102,80459,33477,113936
1769883250,27,71,0.734,11753,1800,13553,ok_volume,0.684,12500,2345,14845,ok_volume,0.63,66010,14975,80985,ok_volume,10366,0,10366,89978,31730,121708
1769883251,27,71,1.0,11707,0,11707,ok_volume,0.691,12273,2245,14518,ok_volume,0.619,62691,14731,77422,ok_volume,242,0,242,89446,31655,121101
1769883252,27,72,1.0,11838,0,11838,ok_volume,0.76,13225,1800,15025,ok_volume,0.623,63384,14731,78115,ok_volume,1131,0,1131,90289,31655,121944
1769883253,27,72,0.985,1969,15,1984,ok_volume,0.998,13435,15,13450,ok_volume,0.621,63126,14746,77872,ok_volume,497,15,512,89941,31670,121611
1769883254,26,72,0.984,1900,15,1915,ok_volume,0.998,12607,15,12622,ok_volume,0.601,59098,14746,73844,ok_volume,246,0,246,88031,31670,119701
1769883255,26,72,0.964,819,15,834,ok_volume,0.987,2291,15,2306,ok_volume,0.566,52948,14656,67604,ok_volume,55,0,55,83180,31236,114416
1769883256,28,71,0.559,852,241,1093,ok_volume,0.815,2506,256,2762,ok_volume,0.61,52282,12647,64929,ok_volume,556,241,797,81541,31477,113018
1769883257,28,71,-0.703,858,4926,5784,ok_volume,-0.505,1627,4941,6568,ok_volume,0.519,52384,16575,68959,ok_volume,252,4685,4937,81793,35807,117600
1769883258,28,71,-0.718,808,4926,5734,ok_volume,-0.634,1104,4926,6030,ok_volume,0.516,51980,16575,68555,ok_volume,0,7,7,81506,35400,116906
1769883259,28,71,-0.876,311,4685,4996,ok_volume,-0.686,917,4926,5843,ok_volume,0.502,49916,16555,66471,ok_volume,59,6,65,81465,35397,116862
1769883260,27,71,0,75,0,75,low_activity,-0.696,883,4926,5809,ok_volume,0.497,49269,16555,65824,ok_volume,16,0,16,81058,35397,116455
1769883261,26,72,-0.812,178,1715,1893,ok_volume,-0.874,430,6400,6830,ok_volume,0.456,48947,18270,67217,ok_volume,103,1721,1824,79164,37096,116260
1769883262,26,72,-0.662,349,1715,2064,ok_volume,-0.616,408,1715,2123,ok_volume,0.441,46858,18191,65049,ok_volume,242,0,242,79033,36943,115976
1769883263,26,72,-0.613,1045,4362,5407,ok_volume,-0.591,1120,4362,5482,ok_volume,0.387,47202,20838,68040,ok_volume,714,2647,3361,78958,39290,118248
1769883264,26,72,-0.422,1075,2647,3722,ok_volume,-0.57,1194,4362,5556,ok_volume,0.383,46665,20838,67503,ok_volume,133,0,133,78881,39082,117963
1769883265,27,72,-0.426,1065,2647,3712,ok_volume,-0.515,1398,4362,5760,ok_volume,0.389,46121,20269,66390,ok_volume,225,0,225,79034,39082,118116
1769883266,27,72,0.723,541,87,628,ok_volume,-0.297,1483,2734,4217,ok_volume,0.371,44135,20248,64383,ok_volume,197,89,286,78473,39113,117586
1769883267,27,71,0.792,750,87,837,ok_volume,-0.263,1595,2734,4329,ok_volume,0.372,44186,20210,64396,ok_volume,345,0,345,78813,39113,117926
1769883268,27,72,0.661,597,122,719,ok_volume,0.772,950,122,1072,ok_volume,0.367,43718,20245,63963,ok_volume,67,35,102,74730,38978,113708
1769883269,27,72,0.871,508,35,543,ok_volume,0.765,916,122,1038,ok_volume,0.389,43471,19138,62609,ok_volume,99,5,104,74829,38983,113812
1769883270,27,71,0.818,490,49,539,ok_volume,0.765,1020,136,1156,ok_volume,0.409,43592,18264,61856,ok_volume,324,14,338,75142,36363,111505
1769883271,27,71,0.812,423,44,467,ok_volume,0.827,832,79,911,ok_volume,0.387,40035,17707,57742,ok_volume,8,38,46,75150,36084,111234
1769883272,26,71,0.137,1531,1161,2692,ok_volume,0.173,1697,1196,2893,ok_volume,0.477,37663,13324,50987,ok_volume,1207,1117,2324,76357,37181,113538
1769883273,27,72,-0.07,1278,1470,2748,ok_volume,0.068,1701,1484,3185,ok_volume,0.261,23270,13647,36917,ok_volume,32,324,356,76237,27848,104085
1769883274,27,72,0.144,2354,1760,4114,ok_volume,0.195,2678,1804,4482,ok_volume,0.252,23329,13929,37258,ok_volume,1076,320,1396,77146,28088,105234
1769883275,27,72,0.465,1761,643,2404,ok_volume,0.254,3007,1790,4797,ok_volume,0.217,21099,13574,34673,ok_volume,653,0,653,77533,28088,105621
1769883276,26,72,0.677,2220,428,2648,ok_volume,0.304,3498,1868,5366,ok_volume,0.217,21122,13582,34704,ok_volume,502,108,610,77923,26741,104664
1769883277,26,72,0.843,1271,108,1379,ok_volume,0.52,2379,751,3130,ok_volume,0.23,20970,13137,34107,ok_volume,127,0,127,78001,26741,104742
1769883278,26,72,0.931,3005,108,3113,ok_volume,0.834,4734,428,5162,ok_volume,0.341,23070,11337,34407,ok_volume,2390,0,2390,80391,26695,107086
1769883279,26,72,1.0,8600,0,8600,ok_volume,0.978,9744,108,9852,ok_volume,0.424,28056,11337,39393,ok_volume,6088,0,6088,84924,26353,111277
1769883280,26,72,1.0,8839,0,8839,ok_volume,0.977,9457,108,9565,ok_volume,0.229,18056,11337,29393,ok_volume,366,4,370,84222,26357,110579
1769883281,26,72,1.0,6635,0,6635,ok_volume,1.0,9149,0,9149,ok_volume,0.224,17898,11337,29235,ok_volume,188,0,188,80850,26112,106962
1769883282,26,72,1.0,1249,0,1249,ok_volume,1.0,9722,0,9722,ok_volume,0.213,17467,11337,28804,ok_volume,709,0,709,81021,26112,107133
1769883283,26,72,0.83,1420,132,1552,ok_volume,0.967,7872,132,8004,ok_volume,0.208,17481,11454,28935,ok_volume,538,132,670,80797,26244,107041
1769883284,25,72,-0.184,2417,3508,5925,ok_volume,-0.084,2966,3508,6474,ok_volume,0.108,18415,14830,33245,ok_volume,1191,3383,4574,77680,29627,107307
1769883285,25,72,-0.144,2997,4008,7005,ok_volume,-0.016,3880,4008,7888,ok_volume,0.123,19645,15330,34975,ok_volume,1280,500,1780,72758,30032,102790
1769883286,25,72,-0.205,2555,3876,6431,ok_volume,-0.028,3792,4008,7800,ok_volume,0.119,19184,15089,34273,ok_volume,0,0,0,71622,27782,99404
1769883287,25,72,0.262,2291,1340,3631,ok_volume,-0.095,4008,4848,8856,ok_volume,0.277,19848,11244,31092,ok_volume,925,840,1765,72389,27865,100254
1769883288,26,72,0.168,1180,840,2020,ok_volume,-0.116,3735,4716,8451,ok_volume,0.283,20112,11244,31356,ok_volume,270,0,270,72251,27865,100116
1769883289,26,72,0.654,4014,840,4854,ok_volume,0.602,5389,1340,6729,ok_volume,0.341,22887,11244,34131,ok_volume,2838,0,2838,72963,27845,100808
1769883290,26,72,0.987,3118,21,3139,ok_volume,0.648,4034,861,4895,ok_volume,0.34,22891,11265,34156,ok_volume,20,21,41,72318,27866,100184
1769883291,26,72,0.987,3318,21,3339,ok_volume,0.679,4498,861,5359,ok_volume,0.418,23252,9550,32802,ok_volume,467,0,467,72350,27866,100216
1769883292,26,72,0.927,554,21,575,ok_volume,0.989,3652,21,3673,ok_volume,0.415,23092,9550,32642,ok_volume,75,0,75,70101,27787,97888
1769883293,26,72,1.0,7890,0,7890,ok_volume,0.996,10744,21,10765,ok_volume,0.623,29736,6903,36639,ok_volume,7360,0,7360,77093,27787,104880
1769883294,26,72,0.592,7543,1933,9476,ok_volume,0.608,8027,1954,9981,ok_volume,0.542,29720,8836,38556,ok_volume,117,1933,2050,76536,29720,106256
1769883295,26,72,0.589,7473,1933,9406,ok_volume,0.611,8007,1933,9940,ok_volume,0.539,29500,8836,38336,ok_volume,6,0,6,75778,29151,104929
1769883296,27,72,-0.088,1621,1933,3554,ok_volume,0.648,9047,1933,10980,ok_volume,0.558,30816,8749,39565,ok_volume,1504,0,1504,75100,29043,104143
1769883297,27,72,1.0,2821,0,2821,ok_volume,0.684,10294,1933,12227,ok_volume,0.568,31791,8749,40540,ok_volume,1317,0,1317,76121,29005,105126
1769883298,27,72,0.99,3059,15,3074,ok_volume,0.24,3176,1948,5124,ok_volume,0.571,31962,8729,40691,ok_volume,238,15,253,75823,29020,104843
1769883299,27,72,0.983,1747,15,1762,ok_volume,0.991,3251,15,3266,ok_volume,0.572,32055,8729,40784,ok_volume,192,0,192,75669,27913,103582
1769883300,27,72,0.922,866,35,901,ok_volume,0.981,3687,35,3722,ok_volume,0.573,32167,8735,40902,ok_volume,436,20,456,75902,27045,102947
1769883301,27,72,0.9,1908,100,2008,ok_volume,0.936,3463,115,3578,ok_volume,0.584,33447,8785,42232,ok_volume,1280,80,1360,73621,26538,100159
1769883302,27,72,0.89,1716,100,1816,ok_volume,0.898,2146,115,2261,ok_volume,0.615,32201,7668,39869,ok_volume,0,0,0,70037,21038,91075
1769883303,27,72,0.895,1801,100,1901,ok_volume,0.906,2429,120,2549,ok_volume,0.632,32690,7365,40055,ok_volume,524,20,544,56097,21058,77155
1769883304,27,72,-0.638,855,3865,4720,ok_volume,-0.213,2571,3965,6536,ok_volume,0.492,31948,10890,42838,ok_volume,335,3845,4180,55415,24865,80280
1769883305,27,72,-0.041,3564,3865,7429,ok_volume,0.102,4844,3945,8789,ok_volume,0.515,34004,10890,44894,ok_volume,2709,0,2709,55241,24510,79751
1769883306,27,72,-0.053,3459,3845,7304,ok_volume,0.015,3980,3865,7845,ok_volume,0.518,33929,10782,44711,ok_volume,416,8,424,55182,24418,79600
1769883307,27,72,1.0,3203,0,3203,ok_volume,0.024,4058,3865,7923,ok_volume,0.517,33880,10782,44662,ok_volume,78,0,78,54981,23973,78954
1769883308,27,72,0.437,510,200,710,ok_volume,-0.065,3553,4045,7598,ok_volume,0.483,31509,10982,42491,ok_volume,16,200,216,54710,22373,77083
1769883309,27,72,0.121,319,250,569,ok_volume,0.865,3444,250,3694,ok_volume,0.398,25648,11032,36680,ok_volume,129,50,179,53833,22423,76256
1769883310,27,72,0.434,913,360,1273,ok_volume,0.593,1407,360,1767,ok_volume,0.399,25954,11142,37096,ok_volume,674,110,784,44141,22533,66674
1769883311,27,72,0.7,908,160,1068,ok_volume,0.506,1098,360,1458,ok_volume,0.398,25878,11142,37020,ok_volume,107,0,107,43906,22533,66439
1769883312,27,72,0.761,1040,141,1181,ok_volume,0.532,1281,391,1672,ok_volume,0.39,25439,11173,36612,ok_volume,197,31,228,43036,22564,65600
1769883313,26,72,0.852,388,31,419,ok_volume,0.723,1189,191,1380,ok_volume,0.386,24922,11041,35963,ok_volume,23,0,23,42536,22549,65085
1769883314,26,73,0.405,387,164,551,ok_volume,0.636,1230,274,1504,ok_volume,0.508,23912,7798,31710,ok_volume,170,133,303,42460,22682,65142
1769883315,26,73,0.176,190,133,323,ok_volume,0.546,558,164,722,ok_volume,0.511,22537,7298,29835,ok_volume,0,0,0,42405,22682,65087
1769883316,26,73,0.593,603,154,757,ok_volume,0.632,820,185,1005,ok_volume,0.517,22970,7319,30289,ok_volume,433,21,454,42282,22462,64744
1769883317,25,73,0.244,487,296,783,ok_volume,0.224,677,429,1106,ok_volume,0.532,22108,6754,28862,ok_volume,54,275,329,42084,18052,60136
1769883318,26,72,0.483,889,310,1199,ok_volume,0.41,1059,443,1502,ok_volume,0.533,22246,6768,29014,ok_volume,402,14,416,42486,18059,60545
1769883319,28,71,0.352,603,289,892,ok_volume,0.539,1036,310,1346,ok_volume,0.486,19559,6768,26327,ok_volume,156,0,156,42583,18053,60636
1769883320,28,71,0.858,549,42,591,ok_volume,0.508,1036,338,1374,ok_volume,0.485,19539,6775,26314,ok_volume,0,31,31,42567,18084,60651
1769883321,27,72,-0.833,147,1615,1762,ok_volume,-0.519,603,1904,2507,ok_volume,0.39,19075,8362,27437,ok_volume,0,1587,1587,42464,17950,60414
1769883322,27,72,-0.961,32,1615,1647,ok_volume,-0.474,581,1629,2210,ok_volume,0.39,19037,8362,27399,ok_volume,32,0,32,42254,17950,60204
1769883323,28,71,-0.881,100,1587,1687,ok_volume,-0.735,247,1615,1862,ok_volume,0.168,11749,8362,20111,ok_volume,68,0,68,41608,15303,56911
1769883324,28,71,0,100,0,100,low_activity,-0.883,100,1615,1715,ok_volume,0.288,11632,6429,18061,ok_volume,0,0,0,41475,15303,56778
1769883325,28,71,0,84,0,84,low_activity,-0.864,116,1587,1703,ok_volume,0.289,11648,6429,18077,ok_volume,16,0,16,41266,15303,56569
1769883326,28,71,0,16,0,16,low_activity,0,116,0,116,low_activity,0.224,10144,6429,16573,ok_volume,0,0,0,41069,15214,56283
1769883327,28,71,0,499,90,589,low_activity,0,567,90,657,low_activity,0.176,9310,6519,15829,ok_volume,483,93,576,41207,15307,56514
1769883328,28,71,0.813,875,90,965,ok_volume,0.817,891,90,981,ok_volume,0.185,9464,6504,15968,ok_volume,393,0,393,41533,15272,56805
1769883329,27,71,0.854,1140,90,1230,ok_volume,0.856,1156,90,1246,ok_volume,0.189,9537,6504,16041,ok_volume,270,0,270,41704,15267,56971
1769883330,27,71,1.0,787,0,787,ok_volume,0.868,1270,90,1360,ok_volume,0.175,9231,6484,15715,ok_volume,139,0,139,41519,15253,56772
1769883331,27,72,1.0,2086,0,2086,ok_volume,0.941,2961,90,3051,ok_volume,0.202,9642,6404,16046,ok_volume,1698,0,1698,43209,15215,58424
1769883332,26,73,1.0,1821,0,1821,ok_volume,1.0,2478,0,2478,ok_volume,0.202,9642,6404,16046,ok_volume,0,0,0,41963,14098,56061
1769883333,26,73,1.0,2472,0,2472,ok_volume,1.0,2867,0,2867,ok_volume,0.216,9902,6384,16286,ok_volume,784,0,784,42715,13774,56489
1769883334,26,72,1.0,7443,0,7443,ok_volume,1.0,9264,0,9264,ok_volume,0.729,16230,2539,18769,ok_volume,6662,0,6662,48301,13454,61755
1769883335,26,72,1.0,7604,0,7604,ok_volume,1.0,9295,0,9295,ok_volume,0.687,13682,2539,16221,ok_volume,161,0,161,47809,13454,61263
1769883336,26,72,1.0,16500,0,16500,ok_volume,1.0,17281,0,17281,ok_volume,0.801,22943,2539,25482,ok_volume,9677,0,9677,56984,13346,70330
1769883337,26,72,0.994,10289,33,10322,ok_volume,0.996,17732,33,17765,ok_volume,0.801,23316,2572,25888,ok_volume,452,33,485,57309,13379,70688
1769883338,26,72,0.994,10555,33,10588,ok_volume,0.996,17378,33,17411,ok_volume,0.818,23631,2372,26003,ok_volume,428,0,428,55347,13379,68726
1769883339,26,72,0.928,878,33,911,ok_volume,0.994,10716,33,10749,ok_volume,0.82,23502,2322,25824,ok_volume,0,0,0,49259,13379,62638
1769883340,26,73,1.0,984,0,984,ok_volume,0.994,11112,33,11145,ok_volume,0.827,23387,2212,25599,ok_volume,557,0,557,49450,13375,62825
1769883341,26,73,1.0,666,0,666,ok_volume,0.958,1544,33,1577,ok_volume,0.827,23325,2212,25537,ok_volume,109,0,109,49371,13375,62746
1769883342,26,73,0.96,733,15,748,ok_volume,0.974,1160,15,1175,ok_volume,0.827,23195,2196,25391,ok_volume,67,15,82,48729,13390,62119
1769883343,26,73,0,176,121,297,low_total_volume,0.717,733,121,854,ok_volume,0.819,23175,2302,25477,ok_volume,0,106,106,48191,13364,61555
1769883344,26,73,0.61,500,121,621,ok_volume,0.812,1166,121,1287,ok_volume,0.831,23438,2169,25607,ok_volume,433,0,433,47433,9981,57414
1769883345,26,73,0.819,1066,106,1172,ok_volume,0.822,1242,121,1363,ok_volume,0.835,24071,2169,26240,ok_volume,633,0,633,46691,9481,56172
1769883346,26,73,0.488,1149,395,1544,ok_volume,0.404,1216,516,1732,ok_volume,0.806,23721,2543,26264,ok_volume,83,395,478,46774,9876,56650
1769883347,26,73,0.034,966,902,1868,ok_volume,0.162,1399,1008,2407,ok_volume,0.792,23917,2775,26692,ok_volume,250,507,757,46099,9543,55642
1769883348,26,73,0.576,6002,1616,7618,ok_volume,0.628,7068,1616,8684,ok_volume,0.787,29184,3475,32659,ok_volume,5673,714,6387,51502,10257,61759
1769883349,26,73,0.646,7111,1528,8639,ok_volume,0.606,7827,1923,9750,ok_volume,0.778,30229,3782,34011,ok_volume,1192,307,1499,49856,10564,60420
1769883350,25,73,0.738,6861,1036,7897,ok_volume,0.576,7194,1938,9132,ok_volume,0.778,30229,3769,33998,ok_volume,0,15,15,49836,10558,60394
1769883351,25,73,0.592,1257,322,1579,ok_volume,0.646,7176,1543,8719,ok_volume,0.866,30294,2182,32476,ok_volume,0,0,0,49434,10558,59992
1769883352,25,74,0.976,1235,15,1250,ok_volume,0.773,8096,1036,9132,ok_volume,0.87,31432,2182,33614,ok_volume,1183,0,1183,50542,10558,61100
1769883353,25,74,1.0,1290,0,1290,ok_volume,0.776,2547,322,2869,ok_volume,0.87,31484,2182,33666,ok_volume,120,0,120,43302,10558,53860
1769883354,25,74,1.0,1458,0,1458,ok_volume,0.98,1523,15,1538,ok_volume,0.871,31652,2182,33834,ok_volume,168,0,168,43353,8625,51978
1769883355,25,74,1.0,600,0,600,ok_volume,1.0,1770,0,1770,ok_volume,0.872,31948,2182,34130,ok_volume,312,0,312,43659,8625,52284
1769883356,25,74,1.0,682,0,682,ok_volume,1.0,1972,0,1972,ok_volume,0.873,32150,2182,34332,ok_volume,202,0,202,42357,8625,50982
1769883357,25,74,0.867,617,44,661,ok_volume,0.907,905,44,949,ok_volume,0.874,31770,2136,33906,ok_volume,103,44,147,41143,8669,49812
1769883358,25,74,0.782,359,44,403,ok_volume,0.9,839,44,883,ok_volume,0.873,31432,2136,33568,ok_volume,54,0,54,40959,8654,49613
1769883359,25,74,0.575,474,128,602,ok_volume,0.771,988,128,1116,ok_volume,0.868,31484,2220,33704,ok_volume,100,84,184,41084,8738,49822
1769883360,25,74,0.75,588,84,672,ok_volume,0.749,893,128,1021,ok_volume,0.869,31571,2220,33791,ok_volume,217,5,222,40864,8723,49587
1769883361,25,74,0.692,461,84,545,ok_volume,0.734,835,128,963,ok_volume,0.862,30024,2220,32244,ok_volume,146,0,146,39730,8643,48373
1769883362,25,74,1.0,1085,0,1085,ok_volume,0.891,1456,84,1540,ok_volume,0.865,30748,2220,32968,ok_volume,726,0,726,40456,8643,49099
1769883363,25,74,1.0,868,0,868,ok_volume,0.868,1185,84,1269,ok_volume,0.862,29967,2220,32187,ok_volume,7,0,7,39939,8623,48562
1769883364,25,74,1.0,1902,0,1902,ok_volume,1.0,2263,0,2263,ok_volume,0.834,24483,2220,26703,ok_volume,1178,0,1178,40782,4778,45560
1769883365,25,74,1.0,7261,0,7261,ok_volume,1.0,8129,0,8129,ok_volume,0.864,30405,2220,32625,ok_volume,6083,0,6083,44156,4778,48934
1769883366,25,74,0.899,18633,995,19628,ok_volume,0.902,19357,995,20352,ok_volume,0.818,32100,3215,35315,ok_volume,11374,1000,12374,55114,5770,60884
1769883367,25,74,0.87,17472,1213,18685,ok_volume,0.878,18650,1213,19863,ok_volume,0.806,31666,3400,35066,ok_volume,17,218,235,55053,5988,61041
1769883368,25,74,0.809,11478,1213,12691,ok_volume,0.878,18739,1213,19952,ok_volume,0.804,31328,3400,34728,ok_volume,0,0,0,55030,5788,60818
1769883369,24,74,-0.763,1373,10216,11589,ok_volume,0.254,18828,11211,30039,ok_volume,0.417,32595,13398,45993,ok_volume,1268,10000,11268,56169,15738,71907
1769883370,24,75,-0.63,2271,10018,12289,ok_volume,0.101,13749,11231,24980,ok_volume,0.422,33042,13418,46460,ok_volume,1009,20,1029,56504,15648,72152
1769883371,24,75,-0.573,2721,10018,12739,ok_volume,-0.567,2827,10236,13063,ok_volume,0.427,33383,13418,46801,ok_volume,450,0,450,56783,15648,72431
1769883372,24,75,-0.598,1628,6470,8098,ok_volume,-0.701,2895,16468,19363,ok_volume,0.256,33490,19853,53343,ok_volume,174,6450,6624,56760,22067,78827
1769883373,24,75,-0.707,1109,6450,7559,ok_volume,-0.659,3380,16468,19848,ok_volume,0.265,33975,19747,53722,ok_volume,493,0,493,57230,22067,79297
1769883374,24,75,-0.577,1728,6450,8178,ok_volume,-0.341,3182,6470,9652,ok_volume,0.273,34611,19747,54358,ok_volume,1074,0,1074,58134,21934,80068
1769883375,24,75,1.0,7373,0,7373,ok_volume,0.107,7997,6450,14447,ok_volume,0.337,39797,19747,59544,ok_volume,5819,0,5819,63953,21934,85887
1769883376,24,75,0.987,7073,45,7118,ok_volume,0.087,7732,6495,14227,ok_volume,0.346,39899,19397,59296,ok_volume,185,45,230,63705,21958,85663
1769883377,23,76,0.986,6230,45,6275,ok_volume,0.989,7784,45,7829,ok_volume,0.357,39875,18890,58765,ok_volume,226,0,226,63877,21683,85560
1769883378,23,75,0.927,1196,45,1241,ok_volume,0.989,8084,45,8129,ok_volume,0.316,34991,18176,53167,ok_volume,792,0,792,64267,21669,85936
1769883379,23,75,1.0,1011,0,1011,ok_volume,0.987,7015,45,7060,ok_volume,0.308,33799,17869,51668,ok_volume,0,0,0,64111,21669,85780
1769883380,23,75,1.0,2630,0,2630,ok_volume,0.971,3041,45,3086,ok_volume,0.332,35579,17854,53433,ok_volume,1796,0,1796,65957,21638,87595
1769883381,23,75,0.865,2080,150,2230,ok_volume,0.907,3091,150,3241,ok_volume,0.331,35814,18004,53818,ok_volume,240,151,391,66197,20202,86399
1769883382,23,75,0.867,2111,150,2261,ok_volume,0.903,2946,150,3096,ok_volume,0.317,34725,18004,52729,ok_volume,81,5,86,66246,20207,86453
1769883383,24,75,0.896,2741,150,2891,ok_volume,0.937,4586,150,4736,ok_volume,0.346,37030,18004,55034,ok_volume,2425,0,2425,68603,20207,88810
1769883384,23,75,0.95,3899,100,3999,ok_volume,0.919,5929,250,6179,ok_volume,0.358,38255,18104,56359,ok_volume,1402,100,1502,70005,20307,90312
1769883385,23,75,0.951,4008,100,4108,ok_volume,0.891,4324,250,4574,ok_volume,0.356,38133,18104,56237,ok_volume,197,0,197,70186,20307,90493
1769883386,23,75,0.905,2010,100,2110,ok_volume,0.957,4516,100,4616,ok_volume,0.359,38358,18104,56462,ok_volume,427,0,427,70613,20307,90920
1769883387,23,75,1.0,1293,0,1293,ok_volume,0.962,5111,100,5211,ok_volume,0.366,38931,18060,56991,ok_volume,676,0,676,70806,20214,91020
1769883388,23,76,1.0,1126,0,1126,ok_volume,0.929,2709,100,2809,ok_volume,0.363,38683,18060,56743,ok_volume,0,0,0,70436,20214,90650
1769883389,23,76,0.991,5147,23,5170,ok_volume,0.992,5764,23,5787,ok_volume,0.41,43031,17999,61030,ok_volume,4448,23,4471,74614,20237,94851
1769883390,23,76,0.997,16272,23,16295,ok_volume,0.997,17398,23,17421,ok_volume,0.504,54638,17999,72637,ok_volume,11824,0,11824,86299,20237,106536
1769883391,23,76,0.997,17128,23,17151,ok_volume,0.997,17827,23,17850,ok_volume,0.509,55350,17999,73349,ok_volume,856,0,856,85457,20237,105694
1769883392,23,76,0.928,16910,628,17538,ok_volume,0.941,21358,651,22009,ok_volume,0.519,58856,18627,77483,ok_volume,4024,628,4652,89687,20865,110552
1769883393,23,76,0.779,5282,656,5938,ok_volume,0.939,21554,679,22233,ok_volume,0.52,59052,18655,77707,ok_volume,201,28,229,89104,20893,109997
1769883394,23,76,0.752,4628,656,5284,ok_volume,0.928,17514,656,18170,ok_volume,0.515,58282,18655,76937,ok_volume,408,0,408,82850,20893,103743
1769883395,23,76,0.938,881,28,909,ok_volume,0.802,5967,656,6623,ok_volume,0.475,52476,18655,71131,ok_volume,277,0,277,82966,20893,103859
1769883396,23,76,-0.319,716,1386,2102,ok_volume,0.415,4936,2042,6978,ok_volume,0.367,41135,19046,60181,ok_volume,31,1386,1417,73320,22279,95599
1769883397,23,76,-0.4,594,1386,1980,ok_volume,-0.083,1198,1414,2612,ok_volume,0.374,41315,18828,60143,ok_volume,286,0,286,73154,22246,95400
1769883398,23,76,-0.513,2493,7735,10228,ok_volume,-0.418,3178,7735,10913,ok_volume,0.267,43491,25177,68668,ok_volume,2180,6354,8534,74906,28600,103506
1769883399,23,76,-0.002,6327,6349,12676,ok_volume,-0.077,6635,7735,14370,ok_volume,0.505,46089,15179,61268,ok_volume,3865,0,3865,78771,28600,107371
1769883400,23,76,0.023,6650,6349,12999,ok_volume,-0.052,6967,7735,14702,ok_volume,0.502,45694,15159,60853,ok_volume,609,3,612,78823,28603,107426
1769883401,23,76,1.0,5436,0,5436,ok_volume,0.109,7898,6349,14247,ok_volume,0.506,46206,15159,61365,ok_volume,962,0,962,79676,28603,108279
1769883402,23,76,1.0,4077,0,4077,ok_volume,0.229,10118,6349,16467,ok_volume,0.696,48538,8709,57247,ok_volume,2487,0,2487,82115,28588,110703
1769883403,22,77,0.435,4904,1931,6835,ok_volume,0.659,9378,1931,11309,ok_volume,0.646,49489,10640,60129,ok_volume,1436,1944,3380,83551,30426,113977
1769883404,22,77,0.473,5396,1931,7327,ok_volume,0.567,6986,1931,8917,ok_volume,0.648,49893,10640,60533,ok_volume,1490,0,1490,84608,30426,115034
1769883405,22,77,0.215,2988,1931,4919,ok_volume,0.54,6456,1931,8387,ok_volume,0.612,44153,10640,54793,ok_volume,79,0,79,84054,30426,114480
1769883406,22,77,1.0,2721,0,2721,ok_volume,0.55,6644,1931,8575,ok_volume,0.62,45137,10595,55732,ok_volume,1175,0,1175,85146,30031,115177
1769883407,23,76,1.0,2526,0,2526,ok_volume,0.476,5435,1931,7366,ok_volume,0.627,46189,10595,56784,ok_volume,1290,0,1290,86186,29524,115710
1769883408,23,76,1.0,2466,0,2466,ok_volume,1.0,4018,0,4018,ok_volume,0.622,45423,10595,56018,ok_volume,19,0,19,80532,28810,109342
1769883409,23,76,1.0,1297,0,1297,ok_volume,1.0,2545,0,2545,ok_volume,0.621,45373,10595,55968,ok_volume,0,0,0,79340,28503,107843
1769883410,23,76,-0.79,387,3300,3687,ok_volume,-0.076,2834,3300,6134,ok_volume,0.52,43946,13895,57841,ok_volume,368,3300,3668,79643,31788,111431
1769883411,23,76,-0.812,447,4300,4747,ok_volume,-0.423,1744,4300,6044,ok_volume,0.496,43790,14745,58535,ok_volume,79,1000,1079,79722,32788,112510
1769883412,23,76,-0.525,1338,4300,5638,ok_volume,-0.52,1357,4300,5657,ok_volume,0.503,44600,14745,59345,ok_volume,795,0,795,79430,32788,112218
1769883413,23,76,0.501,3006,1000,4006,ok_volume,-0.121,3374,4300,7674,ok_volume,0.5,44211,14745,58956,ok_volume,19,0,19,81346,32788,114134
1769883414,23,76,1.0,3127,0,3127,ok_volume,-0.079,3670,4300,7970,ok_volume,0.493,43114,14645,57759,ok_volume,296,2,298,81474,32790,114264
1769883415,23,76,0.814,1461,150,1611,ok_volume,0.589,4448,1150,5598,ok_volume,0.497,44070,14795,58865,ok_volume,1146,150,1296,82308,32940,115248
1769883416,23,76,0.838,10577,931,11508,ok_volume,0.87,13408,931,14339,ok_volume,0.544,52778,15576,68354,ok_volume,9114,781,9895,91241,33721,124962
1769883417,23,76,0.838,10550,931,11481,ok_volume,0.842,10865,931,11796,ok_volume,0.541,52348,15576,67924,ok_volume,275,0,275,91413,33677,125090
1769883418,23,76,0.887,14743,881,15624,ok_volume,0.88,16206,1031,17237,ok_volume,0.573,57708,15676,73384,ok_volume,4866,100,4966,96510,33777,130287
1769883419,23,76,0.966,5819,100,5919,ok_volume,0.88,16100,1031,17131,ok_volume,0.547,53450,15653,69103,ok_volume,194,0,194,96604,33693,130297
1769883420,23,76,0.967,5915,100,6015,ok_volume,0.894,15792,881,16673,ok_volume,0.462,42485,15653,58138,ok_volume,859,0,859,97246,33688,130934
1769883421,23,76,0.953,1241,30,1271,ok_volume,0.963,6870,130,7000,ok_volume,0.453,41615,15683,57298,ok_volume,193,30,223,97293,33718,131011
1769883422,23,76,0.958,1415,30,1445,ok_volume,0.961,6471,130,6601,ok_volume,0.432,37955,15055,53010,ok_volume,364,0,364,96931,33718,130649
1769883423,23,76,0.917,1501,65,1566,ok_volume,0.95,2550,65,2615,ok_volume,0.44,38704,15062,53766,ok_volume,170,35,205,97869,33753,131622
1769883424,23,76,0.957,1588,35,1623,ok_volume,0.952,2639,65,2704,ok_volume,0.438,38575,15062,53637,ok_volume,268,0,268,96970,33753,130723
1769883425,23,76,0.915,784,35,819,ok_volume,0.94,2115,65,2180,ok_volume,0.439,38633,15062,53695,ok_volume,280,0,280,91222,33753,124975
1769883426,23,76,-0.749,795,5530,6325,ok_volume,-0.449,2115,5565,7680,ok_volume,0.338,38794,19206,58000,ok_volume,192,5530,5722,80040,38283,118323
1769883427,23,76,-0.784,671,5530,6201,ok_volume,-0.651,1175,5565,6740,ok_volume,0.337,38707,19206,57913,ok_volume,199,0,199,80133,38065,118198
1769883428,23,76,-0.808,587,5530,6117,ok_volume,-0.646,1190,5530,6720,ok_volume,0.481,36727,12857,49584,ok_volume,196,0,196,80329,38065,118394
1769883429,23,76,1.0,655,0,655,ok_volume,-0.661,1127,5530,6657,ok_volume,0.441,33122,12857,45979,ok_volume,268,0,268,79329,28065,107394
1769883430,23,76,1.0,1368,0,1368,ok_volume,-0.517,1759,5530,7289,ok_volume,0.444,33425,12857,46282,ok_volume,920,0,920,79240,28045,107285
1769883431,23,76,1.0,1681,0,1681,ok_volume,1.0,2076,0,2076,ok_volume,0.439,32953,12857,45810,ok_volume,509,0,509,79299,28045,107344
1769883432,23,76,1.0,1521,0,1521,ok_volume,1.0,1977,0,1977,ok_volume,0.408,30566,12857,43423,ok_volume,110,0,110,79235,21595,100830
1769883433,23,76,1.0,741,0,741,ok_volume,1.0,1913,0,1913,ok_volume,0.456,29262,10926,40188,ok_volume,132,0,132,78874,21595,100469
1769883434,23,76,1.0,646,0,646,ok_volume,1.0,2067,0,2067,ok_volume,0.442,28203,10926,39129,ok_volume,414,0,414,78214,21595,99809
1769883435,23,76,1.0,594,0,594,ok_volume,1.0,1203,0,1203,ok_volume,0.441,28172,10926,39098,ok_volume,48,0,48,72443,21595,94038
1769883436,23,76,1.0,6128,0,6128,ok_volume,1.0,6360,0,6360,ok_volume,0.499,32669,10926,43595,ok_volume,5282,0,5282,77924,21550,99474
1769883437,23,76,1.0,5979,0,5979,ok_volume,1.0,6525,0,6525,ok_volume,0.487,31656,10926,42582,ok_volume,265,0,265,77963,21550,99513
1769883438,23,76,1.0,5763,0,5763,ok_volume,1.0,6609,0,6609,ok_volume,0.489,31853,10926,42779,ok_volume,219,0,219,77390,21550,98940
1769883439,23,76,1.0,2278,0,2278,ok_volume,1.0,7992,0,7992,ok_volume,0.51,33650,10926,44576,ok_volume,1800,0,1800,79140,21550,100690
1769883440,23,76,1.0,2809,0,2809,ok_volume,1.0,8356,0,8356,ok_volume,0.634,34078,7626,41704,ok_volume,805,0,805,78149,21550,99699
1769883441,23,76,1.0,2651,0,2651,ok_volume,1.0,3132,0,3132,ok_volume,0.673,33961,6626,40587,ok_volume,39,0,39,77967,21399,99366
1769883442,23,76,1.0,854,0,854,ok_volume,1.0,2867,0,2867,ok_volume,0.649,31149,6626,37775,ok_volume,0,0,0,77886,21394,99280
1769883443,23,76,0,70,0,70,low_activity,1.0,2682,0,2682,ok_volume,0.649,31161,6626,37787,ok_volume,31,0,31,75492,21394,96886
1769883444,23,76,0,130,0,130,low_total_volume,1.0,984,0,984,ok_volume,0.647,30964,6626,37590,ok_volume,80,3,83,74190,21297,95487
1769883445,23,76,1.0,419,0,419,ok_volume,1.0,458,0,458,ok_volume,0.646,30086,6476,36562,ok_volume,289,0,289,74282,21297,95579
1769883446,23,76,0.356,833,396,1229,ok_volume,0.381,883,396,1279,ok_volume,0.557,21436,6091,27527,ok_volume,464,396,860,74319,21693,96012
1769883447,23,76,0.653,1885,396,2281,ok_volume,0.672,2015,396,2411,ok_volume,0.563,21805,6091,27896,ok_volume,1132,0,1132,74752,21693,96445
1769883448,22,76,-0.122,6980,8916,15896,ok_volume,-0.096,7349,8916,16265,ok_volume,0.212,22323,14511,36834,ok_volume,5408,8520,13928,80160,30213,110373
1769883449,22,76,-0.12,6688,8520,15208,ok_volume,-0.09,7441,8916,16357,ok_volume,0.212,22305,14511,36816,ok_volume,176,0,176,75888,30190,106078
1769883450,22,76,-0.185,5857,8520,14377,ok_volume,-0.089,7453,8916,16369,ok_volume,0.2,21747,14511,36258,ok_volume,301,0,301,64365,30190,94555
1769883451,23,76,1.0,5228,0,5228,ok_volume,0.159,11744,8520,20264,ok_volume,0.29,26310,14481,40791,ok_volume,4757,0,4757,68060,30190,98250
1769883452,23,76,1.0,5796,0,5796,ok_volume,0.143,11352,8520,19872,ok_volume,0.283,25911,14481,40392,ok_volume,740,6,746,64776,29568,94344
1769883453,23,76,1.0,5566,0,5566,ok_volume,1.0,6039,0,6039,ok_volume,0.282,25801,14446,40247,ok_volume,71,0,71,64646,29540,94186
1769883454,23,76,1.0,865,0,865,ok_volume,1.0,5921,0,5921,ok_volume,0.277,25532,14446,39978,ok_volume,34,0,34,64293,29540,93833
1769883455,23,76,1.0,4115,0,4115,ok_volume,1.0,9610,0,9610,ok_volume,0.339,29242,14446,43688,ok_volume,3990,0,3990,68006,29540,97546
1769883456,23,76,1.0,4269,0,4269,ok_volume,1.0,5100,0,5100,ok_volume,0.533,29295,8916,38211,ok_volume,245,0,245,68220,28154,96374
1769883457,23,76,0.085,4856,4094,8950,ok_volume,0.098,4981,4094,9075,ok_volume,0.391,29717,13010,42727,ok_volume,625,4094,4719,68559,32248,100807
1769883458,23,76,-0.638,905,4094,4999,ok_volume,0.093,4929,4094,9023,ok_volume,0.389,29560,13010,42570,ok_volume,46,3,49,66425,25897,92322
1769883459,23,76,-0.119,3221,4094,7315,ok_volume,0.291,7456,4094,11550,ok_volume,0.42,31861,13010,44871,ok_volume,559,0,559,65121,25897,91018
1769883460,23,76,1.0,4451,0,4451,ok_volume,0.13,5317,4094,9411,ok_volume,0.432,32800,13010,45810,ok_volume,1851,0,1851,66363,25894,92257
1769883461,23,76,1.0,3040,0,3040,ok_volume,0.164,5702,4094,9796,ok_volume,0.433,32921,13010,45931,ok_volume,630,0,630,66012,25894,91906
1769883462,23,76,1.0,6182,0,6182,ok_volume,1.0,8782,0,8782,ok_volume,0.475,36522,13010,49532,ok_volume,3651,0,3651,67226,25894,93120
1769883463,23,76,0.996,6709,15,6724,ok_volume,0.997,9119,15,9134,ok_volume,0.497,38768,13025,51793,ok_volume,2378,15,2393,68168,23965,92133
1769883464,23,76,0.996,6875,15,6890,ok_volume,0.997,9406,15,9421,ok_volume,0.501,39200,13025,52225,ok_volume,846,0,846,67524,23965,91489
1769883465,23,76,0.992,3644,15,3659,ok_volume,0.996,7975,15,7990,ok_volume,0.501,39188,13025,52213,ok_volume,420,0,420,67865,23965,91830
1769883466,23,76,1.0,1364,0,1364,ok_volume,0.996,7393,15,7408,ok_volume,0.446,34004,13025,47029,ok_volume,98,0,98,66788,23965,90753
1769883467,23,76,1.0,685,0,685,ok_volume,0.992,3909,15,3924,ok_volume,0.445,33906,13025,46931,ok_volume,167,0,167,65665,23965,89630
1769883468,23,76,0.645,2585,558,3143,ok_volume,0.747,3851,558,4409,ok_volume,0.452,36010,13583,49593,ok_volume,2327,565,2892,67973,24530,92503
1769883469,23,76,0.643,2565,558,3123,ok_volume,0.693,3083,558,3641,ok_volume,0.433,34291,13583,47874,ok_volume,78,7,85,68051,24537,92588
1769883470,23,76,0.661,2736,558,3294,ok_volume,0.686,3001,558,3559,ok_volume,0.427,33814,13583,47397,ok_volume,140,0,140,68024,21237,89261
1769883471,23,76,1.0,1364,0,1364,ok_volume,0.747,3851,558,4409,ok_volume,0.438,34723,13583,48306,ok_volume,179,0,179,68797,20237,89034
1769883472,23,76,1.0,16488,0,16488,ok_volume,0.943,19087,558,19645,ok_volume,0.574,50126,13583,63709,ok_volume,15403,0,15403,81388,20237,101625
1769883473,23,76,0.994,17171,51,17222,ok_volume,0.994,18356,51,18407,ok_volume,0.582,51665,13634,65299,ok_volume,1589,51,1640,82958,20288,103246
1769883474,23,76,0.994,17036,51,17087,ok_volume,0.994,18121,51,18172,ok_volume,0.582,51629,13634,65263,ok_volume,44,0,44,82706,20286,102992
1769883475,23,76,0.939,1633,51,1684,ok_volume,0.994,17215,51,17266,ok_volume,0.58,51340,13634,64974,ok_volume,0,0,0,81539,20136,101675
1769883476,23,76,-0.753,2278,16138,18416,ok_volume,0.087,19270,16189,35459,ok_volume,0.288,53110,29376,82486,ok_volume,2234,16138,18372,74659,35493,110152
1769883477,23,76,-0.645,3486,16138,19624,ok_volume,-0.52,5119,16189,21308,ok_volume,0.289,53230,29376,82606,ok_volume,1259,0,1259,75141,35493,110634
1769883478,23,76,-0.623,3743,16138,19881,ok_volume,-0.62,3787,16138,19925,ok_volume,0.395,48103,20856,68959,ok_volume,260,0,260,70535,35393,105928
1769883479,23,76,0.827,1720,163,1883,ok_volume,-0.61,3954,16301,20255,ok_volume,0.392,48142,21019,69161,ok_volume,211,163,374,70555,35556,106111
1769883480,23,76,0.567,590,163,753,ok_volume,-0.6,4076,16301,20377,ok_volume,0.391,47963,21019,68982,ok_volume,122,0,122,69818,35556,105374
1769883481,23,76,0.941,5384,163,5547,ok_volume,0.954,6893,163,7056,ok_volume,0.393,48259,21019,69278,ok_volume,5051,0,5051,74676,35526,110202
1769883482,23,76,1.0,6172,0,6172,ok_volume,0.952,6640,163,6803,ok_volume,0.395,48518,21019,69537,ok_volume,999,0,999,74536,35526,110062
1769883483,23,76,0.98,8248,82,8330,ok_volume,0.944,8581,245,8826,ok_volume,0.412,50625,21101,71726,ok_volume,2198,82,2280,76553,35573,112126
1769883484,23,76,0.986,11948,82,12030,ok_volume,0.99,17121,82,17203,ok_volume,0.475,59342,21101,80443,ok_volume,8751,0,8751,84981,35573,120554
1769883485,23,76,0.986,11604,82,11686,ok_volume,0.991,17654,82,17736,ok_volume,0.453,56007,21101,77108,ok_volume,655,0,655,85356,35573,120929
1769883486,23,76,0.997,9973,16,9989,ok_volume,0.985,13170,98,13268,ok_volume,0.455,56329,21117,77446,ok_volume,452,16,468,85731,30059,115790
1769883487,23,76,0.978,1456,16,1472,ok_volume,0.984,12405,98,12503,ok_volume,0.533,55942,17023,72965,ok_volume,37,0,37,85766,30059,115825
1769883488,23,76,0.907,5486,269,5755,ok_volume,0.965,15007,269,15276,ok_volume,0.545,58701,17276,75977,ok_volume,4813,253,5066,90383,30312,120695
1769883489,23,76,0.958,11871,253,12124,ok_volume,0.96,13290,269,13559,ok_volume,0.581,65176,17276,82452,ok_volume,7034,0,7034,97149,30312,127461
1769883490,23,76,0.959,12125,253,12378,ok_volume,0.959,12811,269,13080,ok_volume,0.573,63616,17276,80892,ok_volume,191,0,191,96520,30312,126832
1769883491,23,76,0.997,7427,10,7437,ok_volume,0.958,12264,263,12527,ok_volume,0.57,63038,17286,80324,ok_volume,102,10,112,96113,30322,126435
1769883492,23,76,0.805,2549,275,2824,ok_volume,0.93,14483,528,15011,ok_volume,0.557,61643,17551,79194,ok_volume,2062,265,2327,98266,30587,128853
1769883493,23,76,0.734,2377,365,2742,ok_volume,0.927,9702,365,10067,ok_volume,0.542,59284,17626,76910,ok_volume,19,90,109,98153,30677,128830
1769883494,23,76,0.71,2093,355,2448,ok_volume,0.753,2587,365,2952,ok_volume,0.537,58457,17626,76083,ok_volume,19,0,19,97758,30677,128435
1769883495,23,76,-0.628,2180,9554,11734,ok_volume,-0.368,4538,9829,14367,ok_volume,0.379,60179,27090,87269,ok_volume,2142,8394,10536,99468,40141,139609
1769883496,23,76,-0.622,2205,9464,11669,ok_volume,-0.393,4279,9819,14098,ok_volume,0.379,60125,27090,87215,ok_volume,44,0,44,94230,40141,134371
1769883497,23,76,-0.536,2642,8736,11378,ok_volume,-0.574,2680,9896,12576,ok_volume,0.375,60414,27432,87846,ok_volume,463,342,805,94428,40483,134911
1769883498,23,76,0.352,915,439,1354,ok_volume,-0.526,3076,9903,12979,ok_volume,0.369,58509,26971,85480,ok_volume,416,97,513,94625,40580,135205
1769883499,23,76,0.349,909,439,1348,ok_volume,-0.481,3095,8833,11928,ok_volume,0.367,58268,26971,85239,ok_volume,38,0,38,92863,40580,133443
1769883500,23,76,0.925,2498,97,2595,ok_volume,0.745,2998,439,3437,ok_volume,0.376,59407,26971,86378,ok_volume,2010,0,2010,94084,40580,134664
1769883501,23,76,1.0,8779,0,8779,ok_volume,0.913,9650,439,10089,ok_volume,0.419,65924,26971,92895,ok_volume,1312,0,1312,100744,40580,141324
1769883502,23,76,1.0,9116,0,9116,ok_volume,0.98,9604,97,9701,ok_volume,0.308,50931,26971,77902,ok_volume,410,0,410,101156,40580,141736
1769883503,23,76,1.0,1873,0,1873,ok_volume,1.0,9343,0,9343,ok_volume,0.295,49496,26920,76416,ok_volume,154,0,154,101259,40580,141839
1769883504,23,76,1.0,1119,0,1119,ok_volume,1.0,9825,0,9825,ok_volume,0.3,50007,26920,76927,ok_volume,555,0,555,101734,40577,142311
1769883505,23,76,1.0,751,0,751,ok_volume,1.0,2470,0,2470,ok_volume,0.3,50049,26920,76969,ok_volume,49,0,49,101494,40577,142071
1769883506,23,76,1.0,685,0,685,ok_volume,1.0,1249,0,1249,ok_volume,0.633,47903,10782,58685,ok_volume,55,0,55,101118,40181,141299
1769883507,23,76,0,169,0,169,low_total_volume,1.0,878,0,878,ok_volume,0.625,46690,10782,57472,ok_volume,42,0,42,100028,40181,140209
1769883508,23,76,0,490,0,490,low_activity,1.0,1120,0,1120,ok_volume,0.626,46829,10782,57611,ok_volume,396,0,396,95016,31661,126677
1769883509,23,76,0,974,0,974,low_activity,1.0,1104,0,1104,ok_volume,0.632,47157,10619,57776,ok_volume,539,0,539,95379,31661,127040
1769883510,23,76,0,1027,0,1027,low_activity,1.0,1121,0,1121,ok_volume,0.632,47127,10619,57746,ok_volume,93,0,93,95171,31661,126832
1769883511,23,76,1.0,834,0,834,ok_volume,1.0,1269,0,1269,ok_volume,0.599,42279,10619,52898,ok_volume,203,0,203,90617,31661,122278
1769883512,23,76,0,295,0,295,low_activity,1.0,1230,0,1230,ok_volume,0.591,41280,10619,51899,ok_volume,0,0,0,89877,31655,121532
1769883513,23,76,0,203,0,203,low_activity,1.0,834,0,834,ok_volume,0.575,39082,10537,49619,ok_volume,0,0,0,89785,31655,121440
1769883514,23,76,0,677,67,744,low_activity,0.871,972,67,1039,ok_volume,0.49,31008,10604,41612,ok_volume,684,67,751,90435,31722,122157
1769883515,23,76,0.857,871,67,938,ok_volume,0.883,1074,67,1141,ok_volume,0.483,30432,10604,41036,ok_volume,195,7,202,86640,31729,118369
1769883516,23,76,0.874,993,67,1060,ok_volume,0.874,993,67,1060,ok_volume,0.477,29905,10588,40493,ok_volume,122,0,122,86517,31729,118246
1769883517,23,76,1.0,434,0,434,ok_volume,0.886,1111,67,1178,ok_volume,0.478,29986,10588,40574,ok_volume,118,0,118,86010,27635,113645
1769883518,23,76,1.0,824,0,824,ok_volume,0.924,1695,67,1762,ok_volume,0.428,25770,10335,36105,ok_volume,586,0,586,84548,27632,112180
1769883519,23,76,0.295,702,382,1084,ok_volume,0.454,1018,382,1400,ok_volume,0.27,18636,10717,29353,ok_volume,0,382,382,83989,28014,112003
1769883520,23,76,0.279,677,382,1059,ok_volume,0.412,917,382,1299,ok_volume,0.267,18538,10717,29255,ok_volume,97,5,102,82235,28019,110254
1769883521,23,76,-0.444,147,382,529,ok_volume,0.379,849,382,1231,ok_volume,0.261,18289,10707,28996,ok_volume,54,0,54,81609,28019,109628
1769883522,23,76,1.0,388,0,388,ok_volume,0.436,972,382,1354,ok_volume,0.224,16475,10442,26917,ok_volume,141,0,141,78199,28019,106218
1769883523,23,76,1.0,375,0,375,ok_volume,0.101,468,382,850,ok_volume,0.23,16536,10352,26888,ok_volume,80,0,80,75901,28004,103905
1769883524,23,76,1.0,519,0,519,ok_volume,1.0,766,0,766,ok_volume,0.289,16815,9282,26097,ok_volume,298,0,298,75353,28004,103357
1769883525,23,76,1.0,957,0,957,ok_volume,1.0,1252,0,1252,ok_volume,0.89,15252,888,16140,ok_volume,520,0,520,75512,28004,103516
1769883526,23,76,1.0,2077,0,2077,ok_volume,1.0,2298,0,2298,ok_volume,0.897,16408,888,17296,ok_volume,1200,1,1201,76614,28005,104619
1769883527,23,76,1.0,2183,0,2183,ok_volume,1.0,2620,0,2620,ok_volume,0.936,16415,546,16961,ok_volume,463,0,463,76910,28005,104915
1769883528,23,76,0.017,1923,1857,3780,ok_volume,0.202,2800,1857,4657,ok_volume,0.752,16260,2306,18566,ok_volume,260,1857,2117,74843,29297,104140
1769883529,23,76,-0.195,1252,1857,3109,ok_volume,0.231,2972,1857,4829,ok_volume,0.758,16716,2306,19022,ok_volume,500,0,500,75093,29290,104383
1769883530,23,76,-0.404,789,1857,2646,ok_volume,0.138,2452,1857,4309,ok_volume,0.603,9319,2306,11625,ok_volume,0,0,0,74184,29290,103474
1769883531,23,76,0,1346,0,1346,low_activity,0.061,2098,1857,3955,ok_volume,0.587,8856,2306,11162,ok_volume,846,0,846,74851,29290,104141
1769883532,23,76,0,1437,0,1437,low_activity,0.09,2226,1857,4083,ok_volume,0.593,9037,2306,11343,ok_volume,591,0,591,60039,29290,89329
1769883533,23,76,0.325,1477,753,2230,ok_volume,0.448,1977,753,2730,ok_volume,0.489,8923,3059,11982,ok_volume,40,753,793,58490,29992,88482
1769883534,23,76,0,631,753,1384,low_activity,0.325,1477,753,2230,ok_volume,0.465,8368,3059,11427,ok_volume,0,0,0,58446,29992,88438
1769883535,23,76,0,313,753,1066,low_activity,0.398,1750,753,2503,ok_volume,0.474,8566,3059,11625,ok_volume,273,0,273,58719,29992,88711
1769883536,23,76,0,273,0,273,low_activity,0.091,904,753,1657,ok_volume,0.471,8511,3059,11570,ok_volume,0,0,0,56485,13854,70339
1769883537,23,76,0,292,0,292,low_activity,0,332,753,1085,low_activity,0.47,8491,3059,11550,ok_volume,21,0,21,55247,13854,69101
1769883538,23,76,0.34,286,141,427,ok_volume,0.597,559,141,700,ok_volume,0.446,8362,3200,11562,ok_volume,267,141,408,55251,13995,69246
1769883539,23,76,0.186,436,299,735,ok_volume,0.407,709,299,1008,ok_volume,0.407,7973,3358,11331,ok_volume,150,158,308,55190,13990,69180
1769883540,23,76,0.384,671,299,970,ok_volume,0.395,690,299,989,ok_volume,0.416,8135,3358,11493,ok_volume,234,0,234,55322,13990,69312
1769883541,23,76,0.984,19830,158,19988,ok_volume,0.971,20116,299,20415,ok_volume,0.781,27358,3358,30716,ok_volume,19426,0,19426,69697,13990,83687
1769883542,23,76,1.0,20254,0,20254,ok_volume,0.972,20691,299,20990,ok_volume,0.785,27952,3358,31310,ok_volume,594,0,594,69292,13990,83282
1769883543,23,76,1.0,21028,0,21028,ok_volume,0.985,21432,158,21590,ok_volume,0.792,28960,3358,32318,ok_volume,1008,0,1008,68102,13908,82010
1769883544,23,76,1.0,1794,0,1794,ok_volume,1.0,21454,0,21454,ok_volume,0.793,28475,3291,31766,ok_volume,195,0,195,59546,13908,73454
1769883545,23,76,0,1246,0,1246,low_activity,1.0,21266,0,21266,ok_volume,0.792,28327,3291,31618,ok_volume,62,0,62,58838,13908,72746
1769883546,23,76,0,238,0,238,low_activity,1.0,1840,0,1840,ok_volume,0.791,28205,3291,31496,ok_volume,9,0,9,58198,13892,72090
1769883547,23,76,0.94,4678,145,4823,ok_volume,0.952,5878,145,6023,ok_volume,0.81,32719,3436,36155,ok_volume,4632,145,4777,62793,14037,76830
1769883548,23,76,0.943,4932,145,5077,ok_volume,0.945,5170,145,5315,ok_volume,0.808,32435,3436,35871,ok_volume,301,0,301,58281,13784,72065
1769883549,23,76,0.943,4932,145,5077,ok_volume,0.943,4978,145,5123,ok_volume,0.828,32435,3054,35489,ok_volume,1,0,1,51148,13784,64932
1769883550,23,76,0,695,0,695,low_activity,0.947,5327,145,5472,ok_volume,0.829,32737,3054,35791,ok_volume,397,0,397,51354,13784,65138
1769883551,23,76,0,445,0,445,low_activity,0.947,5377,145,5522,ok_volume,0.829,32633,3054,35687,ok_volume,50,0,50,51101,13774,64875
1769883552,23,76,1.0,883,0,883,ok_volume,1.0,1183,0,1183,ok_volume,0.83,32930,3054,35984,ok_volume,438,0,438,49477,13509,62986
1769883553,23,76,1.0,9784,0,9784,ok_volume,1.0,10179,0,10179,ok_volume,0.865,42146,3054,45200,ok_volume,9296,0,9296,58754,13419,72173
1769883554,23,76,1.0,10887,0,10887,ok_volume,1.0,11332,0,11332,ok_volume,0.867,42942,3054,45996,ok_volume,1156,0,1156,59891,12349,72240
1769883555,23,76,1.0,11088,0,11088,ok_volume,1.0,11576,0,11576,ok_volume,0.868,43061,3054,46115,ok_volume,389,0,389,58388,3955,62343
1769883556,23,76,0,1792,0,1792,low_activity,1.0,11526,0,11526,ok_volume,0.864,41861,3054,44915,ok_volume,0,0,0,58344,3955,62299
1769883557,23,76,0,448,0,448,low_activity,1.0,11147,0,11147,ok_volume,0.863,41457,3054,44511,ok_volume,59,0,59,57940,3613,61553
1769883558,23,76,0,59,39,98,low_activity,0.959,1851,39,1890,ok_volume,0.942,41168,1236,42404,ok_volume,0,39,39,57524,3555,61079
1769883559,23,76,0.886,1121,68,1189,ok_volume,0.914,1510,68,1578,ok_volume,0.941,41730,1265,42995,ok_volume,1062,29,1091,58513,3584,62097
1769883560,23,76,0.946,5037,139,5176,ok_volume,0.947,5096,139,5235,ok_volume,0.943,45705,1336,47041,ok_volume,3975,71,4046,55091,3655,58746
1769883561,23,76,0.961,5037,100,5137,ok_volume,0.947,5096,139,5235,ok_volume,0.942,44859,1336,46195,ok_volume,0,0,0,53777,3655,57432
1769883562,23,76,0.965,3994,71,4065,ok_volume,0.946,5056,139,5195,ok_volume,0.941,44287,1336,45623,ok_volume,19,0,19,53386,3655,57041
1769883563,23,76,0,57,0,57,low_activity,0.961,5094,100,5194,ok_volume,0.974,44285,583,44868,ok_volume,38,2,40,53270,3657,56927
1769883564,23,76,0,136,103,239,low_activity,0.919,4111,174,4285,ok_volume,0.97,44364,686,45050,ok_volume,79,103,182,52794,3760,56554
1769883565,23,76,0.6,412,103,515,ok_volume,0.614,431,103,534,ok_volume,0.97,44386,686,45072,ok_volume,295,0,295,53007,3760,56767
1769883566,23,76,0.823,1063,103,1166,ok_volume,0.832,1120,103,1223,ok_volume,0.97,45075,686,45761,ok_volume,689,0,689,53641,3760,57401
1769883567,23,76,0.989,2628,15,2643,ok_volume,0.918,2745,118,2863,ok_volume,0.97,46700,701,47401,ok_volume,1644,15,1659,55243,3775,59018
1769883568,23,76,0.979,2392,25,2417,ok_volume,0.912,2766,128,2894,ok_volume,0.976,46492,570,47062,ok_volume,66,10,76,54913,3785,58698
1769883569,23,76,0.977,2161,25,2186,ok_volume,0.984,3145,25,3170,ok_volume,0.983,46780,412,47192,ok_volume,458,0,458,54832,3785,58617
1769883570,23,76,0,517,10,527,low_activity,0.983,2850,25,2875,ok_volume,0.982,46546,412,46958,ok_volume,0,0,0,54739,3785,58524
1769883571,23,76,0,563,0,563,low_activity,0.978,2266,25,2291,ok_volume,0.97,27225,412,27637,ok_volume,107,0,107,54643,3785,58428
1769883572,23,76,0,105,0,105,low_activity,0.968,622,10,632,ok_volume,0.97,26631,412,27043,ok_volume,0,0,0,54643,3785,58428
1769883573,23,76,0,105,0,105,low_activity,0,563,0,563,low_activity,0.968,25623,412,26035,ok_volume,0,0,0,54643,3785,58428
1769883574,23,76,0,0,305,305,low_activity,0,105,305,410,low_activity,0.945,25431,717,26148,ok_volume,0,305,305,53959,4023,57982
1769883575,23,76,0,20,305,325,low_activity,0,125,305,430,low_activity,0.945,25405,717,26122,ok_volume,20,0,20,53784,4016,57800
1769883576,23,76,-0.506,100,305,405,ok_volume,-0.506,100,305,405,ok_volume,0.945,25485,717,26202,ok_volume,81,0,81,53743,4016,57759
1769883577,23,76,1.0,676,0,676,ok_volume,0.378,676,305,981,ok_volume,0.948,21429,572,22001,ok_volume,576,0,576,54201,4016,58217
1769883578,23,76,1.0,956,0,956,ok_volume,0.524,976,305,1281,ok_volume,0.948,21429,572,22001,ok_volume,300,0,300,53915,4016,57931
1769883579,23,76,1.0,1931,0,1931,ok_volume,1.0,2031,0,2031,ok_volume,0.95,22484,572,23056,ok_volume,1062,0,1062,54977,3634,58611
1769883580,23,76,1.0,1906,0,1906,ok_volume,1.0,2562,0,2562,ok_volume,0.951,22640,572,23212,ok_volume,552,0,552,55432,3629,59061
1769883581,23,76,1.0,1990,0,1990,ok_volume,1.0,2866,0,2866,ok_volume,0.951,22974,572,23546,ok_volume,384,0,384,55662,3629,59291
1769883582,23,76,0,935,0,935,low_activity,1.0,2290,0,2290,ok_volume,0.95,22536,572,23108,ok_volume,7,0,7,55528,3629,59157
1769883583,23,76,0,384,65,449,low_activity,0.937,1990,65,2055,ok_volume,0.908,13240,637,13877,ok_volume,0,65,65,55448,3694,59142
1769883584,23,76,0,7357,65,7422,low_activity,0.984,8292,65,8357,ok_volume,0.936,19194,637,19831,ok_volume,7357,0,7357,62448,3694,66142
1769883585,23,76,0.984,7861,65,7926,ok_volume,0.984,8245,65,8310,ok_volume,0.936,19309,637,19946,ok_volume,506,0,506,62434,3694,66128
1769883586,23,76,1.0,8321,0,8321,ok_volume,0.984,8321,65,8386,ok_volume,0.938,19769,637,20406,ok_volume,460,0,460,61694,3693,65387
1769883587,23,76,1.0,1774,0,1774,ok_volume,0.986,9131,65,9196,ok_volume,0.94,20520,637,21157,ok_volume,810,0,810,62041,3693,65734
1769883588,23,76,1.0,2279,0,2279,ok_volume,1.0,10140,0,10140,ok_volume,0.946,21529,598,22127,ok_volume,1009,0,1009,62761,1836,64597
1769883589,23,76,0,1819,0,1819,low_activity,1.0,2783,0,2783,ok_volume,0.946,20467,569,21036,ok_volume,0,0,0,62261,1836,64097
1769883590,23,76,0,1009,35,1044,low_activity,0.97,2279,35,2314,ok_volume,0.937,16492,533,17025,ok_volume,0,35,35,62261,1871,64132
1769883591,23,76,0.914,777,35,812,ok_volume,0.973,2596,35,2631,ok_volume,0.94,17269,533,17802,ok_volume,777,0,777,62192,1871,64063
1769883592,23,76,0.918,819,35,854,ok_volume,0.962,1828,35,1863,ok_volume,0.94,17292,533,17825,ok_volume,42,0,42,61643,1871,63514
1769883593,23,76,1.0,1026,0,1026,ok_volume,0.934,1026,35,1061,ok_volume,0.941,17461,533,17994,ok_volume,207,0,207,61810,1118,62928
1769883594,23,76,0,1249,0,1249,low_activity,0.966,2026,35,2061,ok_volume,0.954,18382,430,18812,ok_volume,1000,0,1000,62810,1118,63928
1769883595,23,76,1.0,1287,0,1287,ok_volume,1.0,2106,0,2106,ok_volume,0.954,18167,430,18597,ok_volume,86,0,86,62623,1118,63741
1769883596,23,76,1.0,1536,0,1536,ok_volume,1.0,1785,0,1785,ok_volume,0.953,17934,430,18364,ok_volume,61,0,61,63079,1118,64197
1769883597,23,76,0.91,1036,49,1085,ok_volume,0.957,2243,49,2292,ok_volume,0.946,16790,464,17254,ok_volume,500,49,549,63558,1167,64725
1769883598,23,76,0.909,1023,49,1072,ok_volume,0.962,2498,49,2547,ok_volume,0.949,17193,454,17647,ok_volume,462,0,462,63753,1026,64779
1769883599,23,76,0.921,1199,49,1248,ok_volume,0.945,1735,49,1784,ok_volume,0.948,16972,454,17426,ok_volume,237,0,237,63820,868,64688
1769883600,23,76,1.0,699,0,699,ok_volume,0.925,1260,49,1309,ok_volume,0.948,16972,454,17426,ok_volume,0,0,0,63586,868,64454
1769883601,23,76,1.0,1364,0,1364,ok_volume,0.959,2326,49,2375,ok_volume,0.951,17994,454,18448,ok_volume,1127,0,1127,45287,868,46155
1769883602,23,76,1.0,1146,0,1146,ok_volume,1.0,1845,0,1845,ok_volume,0.951,18013,454,18467,ok_volume,19,0,19,44712,868,45580
1769883603,23,76,1.0,3722,0,3722,ok_volume,1.0,3959,0,3959,ok_volume,0.957,20589,454,21043,ok_volume,2577,0,2577,46281,868,47149
1769883604,23,76,1.0,5314,0,5314,ok_volume,1.0,6441,0,6441,ok_volume,0.987,23308,149,23457,ok_volume,2727,0,2727,48813,868,49681
1769883605,23,76,1.0,5295,0,5295,ok_volume,1.0,6441,0,6441,ok_volume,0.987,23288,149,23437,ok_volume,0,0,0,48751,868,49619
1769883606,23,76,1.0,2919,0,2919,ok_volume,1.0,5514,0,5514,ok_volume,0.987,23408,149,23557,ok_volume,200,0,200,48942,868,49810
1769883607,23,76,0,464,0,464,low_activity,1.0,5759,0,5759,ok_volume,0.987,23096,149,23245,ok_volume,264,0,264,44574,723,45297
1769883608,23,76,0,464,0,464,low_activity,1.0,3183,0,3183,ok_volume,0.987,22796,149,22945,ok_volume,0,0,0,44273,723,44996
1769883609,23,76,1.0,308,0,308,ok_volume,1.0,508,0,508,ok_volume,0.986,21785,149,21934,ok_volume,51,0,51,44323,723,45046
1769883610,23,76,0,44,0,44,low_activity,1.0,508,0,508,ok_volume,0.986,21234,149,21383,ok_volume,0,0,0,43926,723,44649
1769883611,23,76,0,477,0,477,low_activity,1.0,741,0,741,ok_volume,0.986,21283,149,21432,ok_volume,433,0,433,44309,723,45032
1769883612,23,76,0,634,0,634,low_activity,1.0,678,0,678,ok_volume,0.986,21484,149,21633,ok_volume,201,0,201,44072,723,44795
1769883613,23,76,1.0,2101,0,2101,ok_volume,1.0,2145,0,2145,ok_volume,0.993,22951,84,23035,ok_volume,1147,0,1147,36243,723,36966
1769883614,23,76,0.415,1705,705,2410,ok_volume,0.504,2138,705,2843,ok_volume,0.904,15631,789,16420,ok_volume,37,705,742,34874,1428,36302
1769883615,23,76,0.318,1362,705,2067,ok_volume,0.533,2316,705,3021,ok_volume,0.902,15305,789,16094,ok_volume,0,0,0,34663,1428,36091
1769883616,23,76,0.019,732,705,1437,ok_volume,0.546,2400,705,3105,ok_volume,0.902,15362,789,16151,ok_volume,517,0,517,35180,1428,36608
1769883617,23,76,0,940,0,940,low_activity,0.531,2302,705,3007,ok_volume,0.9,14975,789,15764,ok_volume,39,0,39,35544,1428,36972
1769883618,23,76,1.0,1176,0,1176,ok_volume,0.327,1391,705,2096,ok_volume,0.895,14202,789,14991,ok_volume,236,0,236,35780,1389,37169
1769883619,23,76,1.0,784,0,784,ok_volume,1.0,1685,0,1685,ok_volume,0.898,14711,789,15500,ok_volume,343,2,345,35227,1362,36589
1769883620,23,76,1.0,2011,0,2011,ok_volume,1.0,2951,0,2951,ok_volume,0.91,15977,754,16731,ok_volume,1266,0,1266,32518,1291,33809
1769883621,23,76,1.0,1654,0,1654,ok_volume,1.0,2095,0,2095,ok_volume,0.906,15245,754,15999,ok_volume,45,0,45,32563,1291,33854
1769883622,23,76,0.977,1311,15,1326,ok_volume,0.986,2056,15,2071,ok_volume,0.904,15203,769,15972,ok_volume,0,15,15,32544,1306,33850
1769883623,23,76,0,107,15,122,low_activity,0.983,1716,15,1731,ok_volume,0.903,15058,769,15827,ok_volume,62,0,62,32568,1304,33872
1769883624,23,76,0,62,15,77,low_activity,0.978,1373,15,1388,ok_volume,0.896,14058,769,14827,ok_volume,0,0,0,32489,1201,33690
1769883625,23,76,1.0,3359,0,3359,ok_volume,0.991,3404,15,3419,ok_volume,0.913,16880,769,17649,ok_volume,3305,0,3305,35499,1201,36700
1769883626,23,76,0,3337,0,3337,low_activity,0.991,3399,15,3414,ok_volume,0.913,16859,769,17628,ok_volume,40,0,40,34850,1201,36051
1769883627,23,76,1.0,3709,0,3709,ok_volume,1.0,3771,0,3771,ok_volume,0.917,16731,720,17451,ok_volume,372,0,372,33578,1186,34764
1769883628,23,76,1.0,700,0,700,ok_volume,1.0,3997,0,3997,ok_volume,0.917,16557,720,17277,ok_volume,288,0,288,33800,1176,34976
1769883629,23,76,1.0,835,0,835,ok_volume,1.0,4172,0,4172,ok_volume,0.916,16495,720,17215,ok_volume,177,0,177,33519,1176,34695
1769883630,23,76,0,463,0,463,low_activity,1.0,875,0,875,ok_volume,0.916,16495,720,17215,ok_volume,0,0,0,33519,1176,34695
1769883631,23,76,0,175,0,175,low_activity,1.0,835,0,835,ok_volume,0.91,15368,720,16088,ok_volume,0,0,0,33412,1176,34588
1769883632,23,76,0,100,0,100,low_activity,1.0,563,0,563,ok_volume,0.911,15449,720,16169,ok_volume,0,0,0,33512,1176,34688
1769883633,23,76,0,165,0,165,low_activity,1.0,340,0,340,ok_volume,0.895,12938,720,13658,ok_volume,70,0,70,33582,1176,34758
1769883634,23,76,0.976,2523,30,2553,ok_volume,0.977,2623,30,2653,ok_volume,0.888,12677,750,13427,ok_volume,2458,30,2488,36040,901,36941
1769883635,23,76,0.982,3333,30,3363,ok_volume,0.983,3433,30,3463,ok_volume,0.895,13487,750,14237,ok_volume,810,0,810,36830,901,37731
1769883636,23,76,0.982,3268,30,3298,ok_volume,0.982,3333,30,3363,ok_volume,0.893,13287,750,14037,ok_volume,0,0,0,36749,901,37650
1769883637,23,76,1.0,852,0,852,ok_volume,0.982,3375,30,3405,ok_volume,0.891,13065,750,13815,ok_volume,42,0,42,36215,901,37116
1769883638,23,76,0,142,0,142,low_activity,0.983,3410,30,3440,ok_volume,0.892,13165,750,13915,ok_volume,100,0,100,36015,901,36916
1769883639,23,76,0,142,0,142,low_activity,1.0,952,0,952,ok_volume,0.892,13121,750,13871,ok_volume,0,0,0,34953,901,35854
1769883640,23,76,0,136,0,136,low_activity,0,178,0,178,low_total_volume,0.892,13157,750,13907,ok_volume,36,0,36,34437,901,35338
1769883641,23,76,0,36,0,36,low_activity,0,178,0,178,low_total_volume,0.889,12724,750,13474,ok_volume,9,0,9,34062,901,34963
1769883642,23,76,1.0,5388,0,5388,ok_volume,1.0,5488,0,5488,ok_volume,0.918,17555,750,18305,ok_volume,5357,0,5357,39412,901,40313
1769883643,23,76,1.0,5352,0,5352,ok_volume,1.0,5388,0,5388,ok_volume,0.913,16408,750,17158,ok_volume,0,0,0,39412,836,40248
1769883644,23,76,1.0,6199,0,6199,ok_volume,1.0,6235,0,6235,ok_volume,0.995,17040,45,17085,ok_volume,847,0,847,32902,836,33738
1769883645,23,76,1.0,4793,0,4793,ok_volume,1.0,10145,0,10145,ok_volume,0.996,20986,45,21031,ok_volume,3951,0,3951,36347,836,37183
1769883646,23,76,1.0,5193,0,5193,ok_volume,1.0,10545,0,10545,ok_volume,0.996,20485,45,20530,ok_volume,400,0,400,36287,836,37123
1769883647,23,76,1.0,4383,0,4383,ok_volume,1.0,5230,0,5230,ok_volume,0.996,20483,45,20528,ok_volume,37,0,37,35514,836,36350
1769883648,23,76,0.947,1000,27,1027,ok_volume,0.991,5793,27,5820,ok_volume,0.993,20644,72,20716,ok_volume,563,27,590,35068,863,35931
1769883649,23,76,0.936,814,27,841,ok_volume,0.99,5160,27,5187,ok_volume,0.993,20515,72,20587,ok_volume,138,0,138,35282,863,36145
1769883650,23,76,0.935,1249,42,1291,ok_volume,0.951,1686,42,1728,ok_volume,0.991,19721,87,19808,ok_volume,472,15,487,35754,843,36597
1769883651,23,76,0.953,629,15,644,ok_volume,0.938,1305,42,1347,ok_volume,0.991,19695,87,19782,ok_volume,19,0,19,34996,843,35839
1769883652,23,76,0.941,491,15,506,ok_volume,0.936,1268,42,1310,ok_volume,0.993,19695,72,19767,ok_volume,2,0,2,34956,843,35799
1769883653,23,76,0,19,0,19,low_activity,0.953,629,15,644,ok_volume,0.993,19633,72,19705,ok_volume,0,0,0,34749,843,35592
1769883654,23,76,0,74,0,74,low_activity,0.948,565,15,580,ok_volume,0.993,19707,72,19779,ok_volume,77,0,77,33826,843,34669
1769883655,23,76,0,843,0,843,low_activity,0,862,0,862,low_activity,0.992,17179,72,17251,ok_volume,769,0,769,34114,843,34957
1769883656,23,76,0,943,0,943,low_activity,0,943,0,943,low_activity,0.992,17239,72,17311,ok_volume,100,0,100,34153,843,34996
1769883657,23,76,1.0,2159,0,2159,ok_volume,1.0,2233,0,2233,ok_volume,0.992,18157,72,18229,ok_volume,365,0,365,34943,794,35737
1769883658,23,76,1.0,1405,0,1405,ok_volume,1.0,2248,0,2248,ok_volume,0.992,17884,72,17956,ok_volume,15,0,15,34496,794,35290
1769883659,23,76,1.0,715,0,715,ok_volume,1.0,2509,0,2509,ok_volume,0.992,18044,72,18116,ok_volume,335,0,335,34598,794,35392
1769883660,23,76,0,389,0,389,low_activity,1.0,1779,0,1779,ok_volume,0.992,18083,72,18155,ok_volume,39,0,39,34637,794,35431
1769883661,23,76,0,374,0,374,low_activity,1.0,754,0,754,ok_volume,0.992,17983,72,18055,ok_volume,0,0,0,33510,794,34304
1769883662,23,76,0,39,0,39,low_activity,0,389,0,389,low_activity,0.992,17983,72,18055,ok_volume,0,0,0,33491,794,34285
1769883663,23,76,0,781,0,781,low_activity,1.0,1155,0,1155,ok_volume,0.992,18699,72,18771,ok_volume,781,0,781,31695,794,32489
1769883664,23,76,1.0,897,0,897,ok_volume,1.0,936,0,936,ok_volume,0.995,16357,42,16399,ok_volume,67,0,67,29085,794,29879
1769883665,23,76,1.0,907,0,907,ok_volume,1.0,907,0,907,ok_volume,0.995,15557,42,15599,ok_volume,10,0,10,29095,794,29889
1769883666,23,76,0,159,0,159,low_total_volume,1.0,990,0,990,ok_volume,0.995,15640,42,15682,ok_volume,83,0,83,28978,794,29772
1769883667,23,76,0,1658,0,1658,low_activity,1.0,2555,0,2555,ok_volume,0.995,17163,42,17205,ok_volume,1565,2,1567,30279,796,31075
1769883668,23,76,1.0,6221,0,6221,ok_volume,1.0,6297,0,6297,ok_volume,0.996,21636,42,21678,ok_volume,4589,0,4589,34868,796,35664
1769883669,23,76,1.0,6286,0,6286,ok_volume,1.0,6379,0,6379,ok_volume,0.996,21784,42,21826,ok_volume,148,0,148,34965,796,35761
1769883670,23,76,1.0,4721,0,4721,ok_volume,1.0,6369,0,6369,ok_volume,0.996,21748,42,21790,ok_volume,1,0,1,34969,796,35765
1769883671,23,76,0,148,0,148,low_activity,1.0,6286,0,6286,ok_volume,0.996,21748,42,21790,ok_volume,7,0,7,34543,796,35339
1769883672,23,76,0,0,0,0,low_activity,1.0,4721,0,4721,ok_volume,0.995,16396,42,16438,ok_volume,0,0,0,34022,796,34818
1769883673,23,76,0,384,0,384,low_activity,0,532,0,532,low_activity,0.995,16780,42,16822,ok_volume,384,0,384,33259,796,34055
1769883674,23,76,0,384,0,384,low_activity,0,384,0,384,low_activity,0.995,15933,42,15975,ok_volume,0,0,0,33044,91,33135
1769883675,23,76,0,5384,0,5384,low_activity,0,5384,0,5384,low_activity,0.995,16987,42,17029,ok_volume,5000,0,5000,38044,91,38135
1769883676,23,76,0,5353,0,5353,low_activity,1.0,5737,0,5737,ok_volume,0.995,16940,42,16982,ok_volume,353,0,353,37496,91,37587
1769883677,23,76,1.0,6110,0,6110,ok_volume,1.0,6494,0,6494,ok_volume,0.995,17660,42,17702,ok_volume,757,0,757,38214,91,38305
1769883678,23,76,1.0,1321,0,1321,ok_volume,1.0,6321,0,6321,ok_volume,0.998,17232,15,17247,ok_volume,211,0,211,38023,91,38114
1769883679,23,76,1.0,968,0,968,ok_volume,1.0,6321,0,6321,ok_volume,0.998,17094,15,17109,ok_volume,1,0,1,37681,89,37770
1769883680,23,76,0,230,0,230,low_activity,1.0,1340,0,1340,ok_volume,1.0,16641,0,16641,ok_volume,19,0,19,36434,89,36523
1769883681,23,76,0,19,0,19,low_activity,1.0,987,0,987,ok_volume,1.0,16622,0,16622,ok_volume,0,6,6,36389,95,36484
1769883682,23,76,0,19,0,19,low_activity,0,230,0,230,low_activity,1.0,16622,0,16622,ok_volume,0,0,0,36389,80,36469
1769883683,23,76,0,570,47,617,low_activity,0,589,47,636,low_activity,0.995,17192,47,17239,ok_volume,577,47,624,36904,127,37031
1769883684,23,76,0.903,918,47,965,ok_volume,0.904,937,47,984,ok_volume,0.995,17466,47,17513,ok_volume,348,0,348,37252,127,37379
1769883685,23,76,0.912,1019,47,1066,ok_volume,0.912,1019,47,1066,ok_volume,0.994,16798,47,16845,ok_volume,101,0,101,34048,127,34175
1769883686,23,76,1.0,554,0,554,ok_volume,0.92,1124,47,1171,ok_volume,0.994,15878,47,15925,ok_volume,112,0,112,34120,127,34247
1769883687,23,76,0,225,0,225,low_total_volume,0.921,1143,47,1190,ok_volume,0.994,15532,47,15579,ok_volume,19,0,19,33767,127,33894
1769883688,23,76,0,266,0,266,low_activity,1.0,715,0,715,ok_volume,0.994,15659,47,15706,ok_volume,142,0,142,33621,127,33748
1769883689,23,76,1.0,1836,0,1836,ok_volume,1.0,2042,0,2042,ok_volume,0.994,16999,47,17046,ok_volume,1675,0,1675,35119,127,35246
1769883690,23,76,1.0,1835,0,1835,ok_volume,1.0,1959,0,1959,ok_volume,0.994,16978,47,17025,ok_volume,21,0,21,35140,127,35267
1769883691,23,76,1.0,1693,0,1693,ok_volume,1.0,1854,0,1854,ok_volume,0.994,16978,47,17025,ok_volume,0,0,0,35040,127,35167
1769883692,23,76,0,1045,0,1045,low_activity,1.0,2862,0,2862,ok_volume,0.995,18005,47,18052,ok_volume,1027,0,1027,36067,127,36194
1769883693,23,76,0,1075,0,1075,low_activity,1.0,2768,0,2768,ok_volume,0.995,17222,47,17269,ok_volume,51,0,51,36048,127,36175
1769883694,23,76,1.0,1094,0,1094,ok_volume,1.0,1112,0,1112,ok_volume,0.995,17175,47,17222,ok_volume,19,0,19,33609,97,33706
1769883695,23,76,0,105,0,105,low_activity,1.0,1132,0,1132,ok_volume,0.995,17203,47,17250,ok_volume,38,0,38,32837,97,32934
1769883696,23,76,0,274,0,274,low_activity,1.0,1349,0,1349,ok_volume,0.995,17337,47,17384,ok_volume,20,0,20,33054,97,33151
1769883697,23,76,0,255,0,255,low_activity,1.0,322,0,322,ok_volume,0.994,15772,47,15819,ok_volume,0,0,0,33012,97,33109
1769883698,23,76,0,20,0,20,low_activity,0,274,0,274,low_activity,0.992,11199,47,11246,ok_volume,0,0,0,32912,97,33009
1769883699,23,76,0,370,0,370,low_activity,0,625,0,625,low_activity,0.992,11421,47,11468,ok_volume,370,0,370,33282,97,33379
1769883700,23,76,0,370,0,370,low_activity,0,390,0,390,low_activity,0.992,11421,47,11468,ok_volume,0,0,0,33246,97,33343
1769883701,23,76,0.927,796,30,826,ok_volume,0.927,796,30,826,ok_volume,0.987,11847,77,11924,ok_volume,426,30,456,33663,127,33790
1769883702,23,76,0.922,737,30,767,ok_volume,0.947,1107,30,1137,ok_volume,0.987,12158,77,12235,ok_volume,311,0,311,28617,127,28744
1769883703,23,76,0.95,1167,30,1197,ok_volume,0.962,1537,30,1567,ok_volume,0.987,12204,77,12281,ok_volume,430,0,430,29047,127,29174
1769883704,23,76,1.0,741,0,741,ok_volume,0.95,1167,30,1197,ok_volume,0.987,12204,77,12281,ok_volume,0,0,0,28200,127,28327
1769883705,23,76,0,440,0,440,low_activity,0.95,1177,30,1207,ok_volume,0.979,7214,77,7291,ok_volume,10,0,10,24259,127,24386
1769883706,23,76,0,10,0,10,low_activity,1.0,751,0,751,ok_volume,0.978,6861,77,6938,ok_volume,0,0,0,23859,127,23986
1769883707,23,76,0,1221,0,1221,low_activity,1.0,1651,0,1651,ok_volume,0.979,7315,77,7392,ok_volume,1211,0,1211,25033,127,25160
1769883708,23,76,0,1285,0,1285,low_activity,1.0,1295,0,1295,ok_volume,0.979,7178,77,7255,ok_volume,74,0,74,24468,100,24568
1769883709,23,76,1.0,2232,0,2232,ok_volume,1.0,2242,0,2242,ok_volume,0.981,8125,77,8202,ok_volume,947,0,947,25277,100,25377
1769883710,23,76,1.0,2560,0,2560,ok_volume,1.0,3771,0,3771,ok_volume,0.984,9645,77,9722,ok_volume,1544,0,1544,26349,85,26434
1769883711,23,76,1.0,2621,0,2621,ok_volume,1.0,3906,0,3906,ok_volume,0.984,9780,77,9857,ok_volume,135,0,135,26465,85,26550
1769883712,23,76,1.0,1871,0,1871,ok_volume,1.0,2892,0,2892,ok_volume,0.985,9977,77,10054,ok_volume,0,0,0,26660,85,26745
1769883713,23,76,1.0,433,0,433,ok_volume,1.0,2919,0,2919,ok_volume,0.994,9508,30,9538,ok_volume,101,0,101,26761,85,26846
1769883714,23,76,0,201,0,201,low_activity,1.0,2072,0,2072,ok_volume,0.994,9260,30,9290,ok_volume,100,0,100,26784,85,26869
1769883715,23,76,0,201,0,201,low_activity,1.0,533,0,533,ok_volume,0.993,9159,30,9189,ok_volume,6,0,6,26021,85,26106
1769883716,23,76,0,1080,0,1080,low_activity,1.0,1181,0,1181,ok_volume,0.994,10034,30,10064,ok_volume,980,0,980,25976,85,26061
1769883717,23,76,0,980,0,980,low_activity,1.0,1181,0,1181,ok_volume,0.994,10015,30,10045,ok_volume,0,0,0,25611,85,25696
1769883718,23,76,0,991,255,1246,low_activity,0.621,1091,255,1346,ok_volume,0.944,9884,285,10169,ok_volume,11,255,266,25603,340,25943
1769883719,23,76,0,11,255,266,low_activity,0,991,255,1246,low_activity,0.933,8209,285,8494,ok_volume,0,0,0,25268,340,25608
1769883720,23,76,0,149,255,404,low_activity,0.632,1129,255,1384,ok_volume,0.934,8329,285,8614,ok_volume,0,0,0,25367,340,25707
1769883721,23,76,1.0,7283,0,7283,ok_volume,0.932,7294,255,7549,ok_volume,0.964,15474,285,15759,ok_volume,7053,0,7053,32512,340,32852
1769883722,23,76,1.0,7529,0,7529,ok_volume,0.936,7678,255,7933,ok_volume,0.962,14831,285,15116,ok_volume,391,0,391,32903,340,33243
1769883723,23,76,1.0,7437,0,7437,ok_volume,1.0,7667,0,7667,ok_volume,0.962,14783,285,15068,ok_volume,0,0,0,32072,340,32412
1769883724,23,76,0,384,0,384,low_activity,1.0,7529,0,7529,ok_volume,0.962,14764,285,15049,ok_volume,5,0,5,32010,340,32350
1769883725,23,76,0,111,0,111,low_activity,1.0,7548,0,7548,ok_volume,0.962,14640,285,14925,ok_volume,111,0,111,32111,340,32451
1769883726,23,76,1.0,4551,0,4551,ok_volume,1.0,4935,0,4935,ok_volume,0.971,19060,285,19345,ok_volume,4440,0,4440,36468,340,36808
1769883727,23,76,1.0,5162,0,5162,ok_volume,1.0,5162,0,5162,ok_volume,0.971,19671,285,19956,ok_volume,615,0,615,35518,338,35856
1769883728,23,76,0.762,5147,696,5843,ok_volume,0.766,5258,696,5954,ok_volume,0.905,19767,981,20748,ok_volume,96,696,792,31025,1034,32059
1769883729,23,76,0.111,869,696,1565,ok_volume,0.772,5420,696,6116,ok_volume,0.904,19559,981,20540,ok_volume,162,0,162,31036,1034,32070
1769883730,23,76,-0.459,258,696,954,ok_volume,0.768,5309,696,6005,ok_volume,0.904,19559,981,20540,ok_volume,0,0,0,31035,1034,32069
1769883731,23,76,0.865,662,48,710,ok_volume,0.296,1369,744,2113,ok_volume,0.903,19633,999,20632,ok_volume,0,48,48,31528,1082,32610
1769883732,23,76,0,500,48,548,low_activity,0.009,758,744,1502,ok_volume,0.902,19322,999,20321,ok_volume,0,0,0,31528,1082,32610
1769883733,23,76,0,0,107,107,low_activity,0.722,662,107,769,ok_volume,0.894,18892,1058,19950,ok_volume,0,59,59,31144,1141,32285
1769883734,23,76,0,0,59,59,low_activity,0,500,107,607,low_activity,0.894,18892,1058,19950,ok_volume,5,0,5,31149,1141,32290
1769883735,23,76,0,0,69,69,low_activity,0,0,117,117,low_activity,0.893,18882,1068,19950,ok_volume,0,10,10,26149,1151,27300
1769883736,23,76,0,0,10,10,low_activity,0,0,69,69,low_activity,0.893,18882,1068,19950,ok_volume,0,0,0,25796,1151,26947
1769883737,23,76,0.991,2135,10,2145,ok_volume,0.937,2135,69,2204,ok_volume,0.898,19806,1068,20874,ok_volume,2135,0,2135,27174,1151,28325
1769883738,23,76,1.0,7513,0,7513,ok_volume,0.997,7513,10,7523,ok_volume,0.918,25110,1068,26178,ok_volume,5348,0,5348,32341,1151,33492
1769883739,23,76,1.0,7532,0,7532,ok_volume,0.997,7532,10,7542,ok_volume,0.915,24182,1068,25250,ok_volume,19,0,19,32359,1151,33510
1769883740,23,76,1.0,5493,0,5493,ok_volume,1.0,7658,0,7658,ok_volume,0.91,22769,1068,23837,ok_volume,41,0,41,32466,1151,33617
1769883741,23,76,0,260,0,260,low_total_volume,1.0,7773,0,7773,ok_volume,0.91,22552,1068,23620,ok_volume,115,0,115,32581,1145,33726
1769883742,23,76,1.0,1843,0,1843,ok_volume,1.0,7295,0,7295,ok_volume,0.916,24239,1068,25307,ok_volume,1690,0,1690,34271,1145,35416
1769883743,23,76,1.0,2395,0,2395,ok_volume,1.0,2540,0,2540,ok_volume,0.917,24731,1068,25799,ok_volume,593,0,593,34287,1098,35385
1769883744,23,76,1.0,2609,0,2609,ok_volume,1.0,2765,0,2765,ok_volume,0.918,24960,1068,26028,ok_volume,329,0,329,34268,1098,35366
1769883745,23,76,1.0,1050,0,1050,ok_volume,1.0,2852,0,2852,ok_volume,0.918,25088,1068,26156,ok_volume,128,0,128,34295,1098,35393
1769883746,23,76,0.74,555,83,638,ok_volume,0.943,2835,83,2918,ok_volume,0.909,24206,1151,25357,ok_volume,101,83,184,34284,1181,35465
1769883747,23,76,0.667,415,83,498,ok_volume,0.883,1337,83,1420,ok_volume,0.91,24395,1151,25546,ok_volume,189,0,189,34454,1181,35635
1769883748,23,76,0,287,83,370,low_activity,0.799,744,83,827,ok_volume,0.929,24384,896,25280,ok_volume,0,0,0,34312,1190,35502
1769883749,23,76,0.762,1073,145,1218,ok_volume,0.701,1299,228,1527,ok_volume,0.92,25130,1041,26171,ok_volume,884,145,1029,33521,1335,34856
1769883750,23,76,0.967,8682,145,8827,ok_volume,0.95,8969,228,9197,ok_volume,0.939,32836,1041,33877,ok_volume,7805,0,7805,41305,1335,42640
1769883751,23,76,0.967,8682,145,8827,ok_volume,0.968,8871,145,9016,ok_volume,0.922,25783,1041,26824,ok_volume,0,0,0,41305,1335,42640
1769883752,23,76,1.0,7932,0,7932,ok_volume,0.968,8816,145,8961,ok_volume,0.922,25533,1041,26574,ok_volume,134,0,134,40412,1335,41747
1769883753,23,76,0,134,0,134,low_activity,0.968,8816,145,8961,ok_volume,0.922,25533,1041,26574,ok_volume,0,0,0,40361,1335,41696
1769883754,23,76,0,203,0,203,low_activity,1.0,8001,0,8001,ok_volume,0.922,25602,1041,26643,ok_volume,69,0,69,40411,1335,41746
1769883755,23,76,0,69,0,69,low_activity,0,203,0,203,low_activity,0.922,25491,1041,26532,ok_volume,0,0,0,40176,1335,41511
1769883756,23,76,0,69,0,69,low_activity,0,203,0,203,low_activity,0.906,21051,1041,22092,ok_volume,0,2,2,40156,1337,41493
1769883757,23,76,0,339,0,339,low_activity,1.0,408,0,408,ok_volume,0.905,20779,1041,21820,ok_volume,339,0,339,40495,1337,41832
1769883758,23,76,1.0,349,0,349,ok_volume,1.0,418,0,418,ok_volume,0.967,20693,345,21038,ok_volume,10,0,10,40505,1337,41842
1769883759,23,76,1.0,422,0,422,ok_volume,1.0,422,0,422,ok_volume,0.967,20604,345,20949,ok_volume,73,0,73,40208,1337,41545
1769883760,23,76,0,220,15,235,low_total_volume,0.948,559,15,574,ok_volume,0.965,20241,360,20601,ok_volume,39,15,54,40345,1352,41697
1769883761,23,76,0,210,15,225,low_total_volume,0.948,559,15,574,ok_volume,0.97,20241,312,20553,ok_volume,0,0,0,39919,1322,41241
1769883762,23,76,0,135,46,181,low_total_volume,0.746,316,46,362,ok_volume,0.967,20337,343,20680,ok_volume,96,31,127,39704,1353,41057
1769883763,23,76,0,96,31,127,low_activity,0.739,306,46,352,ok_volume,0.972,20337,284,20621,ok_volume,0,0,0,39274,1353,40627
1769883764,23,76,0,166,31,197,low_total_volume,0,205,46,251,low_total_volume,0.973,20407,284,20691,ok_volume,75,0,75,39349,1353,40702
1769883765,23,76,0,147,0,147,low_activity,0,243,31,274,low_total_volume,0.974,20484,274,20758,ok_volume,77,0,77,39416,1353,40769
1769883766,23,76,0,147,0,147,low_activity,0,243,31,274,low_total_volume,0.974,20484,274,20758,ok_volume,0,0,0,39416,1353,40769
1769883767,23,76,0,504,0,504,low_activity,0,574,0,574,low_activity,0.971,18746,274,19020,ok_volume,427,0,427,38632,1353,39985
1769883768,23,76,0,634,0,634,low_activity,1.0,781,0,781,ok_volume,0.961,13605,274,13879,ok_volume,207,0,207,38765,1355,40120
1769883769,23,76,0.641,680,149,829,ok_volume,0.671,757,149,906,ok_volume,0.939,13547,423,13970,ok_volume,46,149,195,37864,1504,39368
1769883770,23,76,0.673,763,149,912,ok_volume,0.777,1190,149,1339,ok_volume,0.941,14016,423,14439,ok_volume,510,0,510,36830,1504,38334
1769883771,23,76,0.609,613,149,762,ok_volume,0.787,1247,149,1396,ok_volume,0.941,13958,423,14381,ok_volume,57,0,57,36555,1504,38059
1769883772,23,76,1.0,752,0,752,ok_volume,0.742,1005,149,1154,ok_volume,0.934,12456,423,12879,ok_volume,189,0,189,36744,1504,38248
1769883773,23,76,0.945,531,15,546,ok_volume,0.738,1087,164,1251,ok_volume,0.93,12152,438,12590,ok_volume,289,15,304,36932,1519,38451
1769883774,23,76,0.962,771,15,786,ok_volume,0.978,1338,15,1353,ok_volume,0.93,12120,438,12558,ok_volume,297,0,297,37129,1519,38648
1769883775,23,76,0.975,1186,15,1201,ok_volume,0.979,1428,15,1443,ok_volume,0.933,12592,438,13030,ok_volume,600,0,600,37723,1519,39242
1769883776,23,76,1.0,940,0,940,ok_volume,0.979,1414,15,1429,ok_volume,0.945,12537,355,12892,ok_volume,48,0,48,36791,1519,38310
1769883777,23,76,0.953,835,20,855,ok_volume,0.952,1421,35,1456,ok_volume,0.942,12540,375,12915,ok_volume,192,20,212,36983,1539,38522
1769883778,23,76,0.994,7002,20,7022,ok_volume,0.995,7899,20,7919,ok_volume,0.962,19307,375,19682,ok_volume,6767,0,6767,43739,1284,45023
1769883779,23,76,0.994,7030,20,7050,ok_volume,0.995,7673,20,7693,ok_volume,0.975,18494,230,18724,ok_volume,76,0,76,43677,1284,44961
1769883780,23,76,1.0,6838,0,6838,ok_volume,0.994,7073,20,7093,ok_volume,0.958,10696,230,10926,ok_volume,0,0,0,43585,1284,44869
1769883781,23,76,0.871,1728,119,1847,ok_volume,0.969,8687,139,8826,ok_volume,0.945,12353,349,12702,ok_volume,1661,119,1780,38193,1403,39596
1769883782,23,76,0.884,1933,119,2052,ok_volume,0.973,8771,119,8890,ok_volume,0.946,12495,349,12844,ok_volume,276,0,276,38078,1403,39481
1769883783,23,76,0.888,1998,119,2117,ok_volume,0.891,2069,119,2188,ok_volume,0.946,12560,349,12909,ok_volume,65,0,65,38143,1403,39546
1769883784,23,76,1.0,380,0,380,ok_volume,0.89,2037,119,2156,ok_volume,0.946,12530,349,12879,ok_volume,39,0,39,38177,1403,39580
1769883785,23,76,1.0,986,0,986,ok_volume,0.922,2919,119,3038,ok_volume,0.949,13412,349,13761,ok_volume,325,0,325,38948,1403,40351
1769883786,23,76,1.0,1017,0,1017,ok_volume,1.0,1358,0,1358,ok_volume,0.95,13508,349,13857,ok_volume,96,0,96,34604,1403,36007
1769883787,23,76,0,520,0,520,low_activity,1.0,1181,0,1181,ok_volume,0.949,13268,349,13617,ok_volume,99,0,99,34088,1403,35491
1769883788,23,76,1.0,20448,0,20448,ok_volume,1.0,21369,0,21369,ok_volume,0.979,33511,349,33860,ok_volume,20253,0,20253,54245,707,54952
1769883789,23,76,1.0,23392,0,23392,ok_volume,1.0,23813,0,23813,ok_volume,0.981,36380,349,36729,ok_volume,3040,0,3040,57123,707,57830
1769883790,23,76,1.0,24282,0,24282,ok_volume,1.0,24477,0,24477,ok_volume,0.982,37330,334,37664,ok_volume,989,0,989,57612,707,58319
1769883791,23,76,0,4159,0,4159,low_activity,1.0,24511,0,24511,ok_volume,0.982,37460,334,37794,ok_volume,130,0,130,57742,659,58401
1769883792,23,76,0,1253,0,1253,low_activity,1.0,24546,0,24546,ok_volume,0.984,37498,303,37801,ok_volume,134,0,134,57876,659,58535
1769883793,23,76,0.81,523,55,578,ok_volume,0.976,4552,55,4607,ok_volume,0.981,37757,358,38115,ok_volume,259,55,314,58135,655,58790
1769883794,23,76,0.764,412,55,467,ok_volume,0.931,1531,55,1586,ok_volume,0.981,37706,358,38064,ok_volume,19,0,19,58149,655,58804
1769883795,23,76,0.719,337,55,392,ok_volume,0.832,601,55,656,ok_volume,0.981,37688,358,38046,ok_volume,59,0,59,58208,645,58853
1769883796,23,76,0,571,0,571,low_activity,0.892,964,55,1019,ok_volume,0.981,38181,358,38539,ok_volume,493,0,493,58701,645,59346
1769883797,23,76,1.0,601,0,601,ok_volume,0.882,879,55,934,ok_volume,0.981,37803,358,38161,ok_volume,30,0,30,56585,645,57230
1769883798,23,76,1.0,542,0,542,ok_volume,1.0,620,0,620,ok_volume,0.981,37596,358,37954,ok_volume,0,0,0,51237,645,51882
1769883799,23,76,0,46,0,46,low_activity,1.0,617,0,617,ok_volume,0.989,37566,209,37775,ok_volume,16,0,16,51149,645,51794
1769883800,23,76,0,61,0,61,low_activity,1.0,603,0,603,ok_volume,0.989,37101,209,37310,ok_volume,45,0,45,51153,645,51798
1769883801,23,76,1.0,1721,0,1721,ok_volume,1.0,1751,0,1751,ok_volume,0.989,38704,209,38913,ok_volume,1276,8,1284,52698,653,53351
1769883802,23,76,1.0,2084,0,2084,ok_volume,1.0,2100,0,2100,ok_volume,0.989,38898,209,39107,ok_volume,379,0,379,51387,653,52040
1769883803,23,76,1.0,2247,0,2247,ok_volume,1.0,2692,0,2692,ok_volume,0.99,39201,194,39395,ok_volume,592,0,592,51386,653,52039
1769883804,23,76,0.812,971,101,1072,ok_volume,0.927,2676,101,2777,ok_volume,0.985,38904,295,39199,ok_volume,0,101,101,51057,754,51811
1769883805,23,76,0.731,649,101,750,ok_volume,0.916,2304,101,2405,ok_volume,0.985,38361,295,38656,ok_volume,57,0,57,50986,754,51740
1769883806,23,76,0.581,381,101,482,ok_volume,0.861,1352,101,1453,ok_volume,0.985,38642,295,38937,ok_volume,328,0,328,51213,671,51884
1769883807,23,76,1.0,477,0,477,ok_volume,0.827,1069,101,1170,ok_volume,0.986,38546,275,38821,ok_volume,96,0,96,51120,662,51782
1769883808,23,76,1.0,1137,0,1137,ok_volume,0.844,1194,101,1295,ok_volume,0.983,32496,275,32771,ok_volume,572,0,572,51840,662,52502
1769883809,23,76,1.0,1513,0,1513,ok_volume,1.0,1894,0,1894,ok_volume,0.984,33125,275,33400,ok_volume,705,0,705,51661,517,52178
1769883810,23,76,1.0,1522,0,1522,ok_volume,1.0,2090,0,2090,ok_volume,0.984,33378,275,33653,ok_volume,258,0,258,44114,517,44631
1769883811,23,76,1.0,2847,0,2847,ok_volume,1.0,3660,0,3660,ok_volume,0.991,33615,156,33771,ok_volume,1897,0,1897,46011,517,46528
1769883812,23,76,1.0,7147,0,7147,ok_volume,1.0,8416,0,8416,ok_volume,0.992,38339,156,38495,ok_volume,5000,0,5000,50877,517,51394
1769883813,23,76,1.0,6894,0,6894,ok_volume,1.0,7847,0,7847,ok_volume,0.992,38274,156,38430,ok_volume,5,0,5,50882,517,51399
1769883814,23,76,0,5000,0,5000,low_activity,1.0,7147,0,7147,ok_volume,0.992,37678,156,37834,ok_volume,0,0,0,50813,517,51330
1769883815,23,76,0,0,0,0,low_activity,1.0,6894,0,6894,ok_volume,0.992,37353,156,37509,ok_volume,0,0,0,50813,517,51330
1769883816,23,76,0,540,0,540,low_activity,1.0,5540,0,5540,ok_volume,0.992,37797,156,37953,ok_volume,547,0,547,51360,515,51875
1769883817,23,76,0,559,0,559,low_activity,0,559,0,559,low_activity,0.992,37717,156,37873,ok_volume,21,0,21,51042,515,51557
1769883818,23,76,0,559,0,559,low_activity,0,559,0,559,low_activity,0.982,17464,156,17620,ok_volume,0,0,0,51032,515,51547
1769883819,23,76,0,19,0,19,low_activity,0,559,0,559,low_activity,0.979,14424,156,14580,ok_volume,0,0,0,50861,515,51376
1769883820,23,76,0,185,0,185,low_activity,1.0,744,0,744,ok_volume,0.977,13620,156,13776,ok_volume,0,0,0,51007,500,51507
1769883821,23,76,1.0,1106,0,1106,ok_volume,1.0,1125,0,1125,ok_volume,0.979,14411,156,14567,ok_volume,921,0,921,51928,500,52428
1769883822,23,76,0,921,0,921,low_activity,1.0,1106,0,1106,ok_volume,0.978,14277,156,14433,ok_volume,0,0,0,51832,469,52301
1769883823,23,76,0,921,0,921,low_activity,1.0,1106,0,1106,ok_volume,0.986,14018,101,14119,ok_volume,0,0,0,51832,469,52301
1769883824,23,76,0,989,78,1067,low_activity,0.922,1910,78,1988,ok_volume,0.976,14988,179,15167,ok_volume,989,78,1067,52746,547,53293
1769883825,23,76,0.927,2063,78,2141,ok_volume,0.949,2984,78,3062,ok_volume,0.978,16003,179,16182,ok_volume,1074,0,1074,53743,547,54290
1769883826,23,76,0.93,2140,78,2218,ok_volume,0.93,2140,78,2218,ok_volume,0.977,15568,179,15747,ok_volume,77,0,77,53820,547,54367
1769883827,23,76,1.0,1576,0,1576,ok_volume,0.941,2565,78,2643,ok_volume,0.978,15963,179,16142,ok_volume,425,0,425,53818,545,54363
1769883828,23,76,0.939,702,22,724,ok_volume,0.93,2765,100,2865,ok_volume,0.975,16163,201,16364,ok_volume,0,0,0,53811,567,54378
1769883829,23,76,0.954,934,22,956,ok_volume,0.979,2085,22,2107,ok_volume,0.976,16456,201,16657,ok_volume,309,0,309,54074,418,54492
1769883830,23,76,1.0,9470,0,9470,ok_volume,0.996,10172,22,10194,ok_volume,0.984,25188,201,25389,ok_volume,9161,0,9161,62725,418,63143
1769883831,23,76,0.972,10048,142,10190,ok_volume,0.97,10673,164,10837,ok_volume,0.972,24490,343,24833,ok_volume,578,142,720,63246,560,63806
1769883832,23,76,0.971,9794,142,9936,ok_volume,0.972,10103,142,10245,ok_volume,0.972,24166,343,24509,ok_volume,55,0,55,63112,560,63672
1769883833,23,76,0.723,883,142,1025,ok_volume,0.973,10353,142,10495,ok_volume,0.972,23824,343,24167,ok_volume,250,0,250,63073,545,63618
1769883834,23,76,0,343,0,343,low_activity,0.972,10082,142,10224,ok_volume,0.98,23862,242,24104,ok_volume,39,0,39,62815,545,63360
1769883835,23,76,0,325,0,325,low_activity,0.742,958,142,1100,ok_volume,0.98,23842,242,24084,ok_volume,44,0,44,62259,545,62804
1769883836,23,76,0,94,0,94,low_activity,1.0,399,0,399,ok_volume,0.98,23537,242,23779,ok_volume,19,0,19,62237,545,62782
1769883837,23,76,0,75,0,75,low_activity,1.0,363,0,363,ok_volume,0.979,23312,242,23554,ok_volume,19,0,19,62064,525,62589
1769883838,23,76,0,66,10,76,low_activity,0,141,10,151,low_total_volume,0.978,22771,252,23023,ok_volume,28,10,38,55325,535,55860
1769883839,23,76,0,47,10,57,low_activity,0,103,10,113,low_total_volume,0.977,22071,252,22323,ok_volume,5,0,5,55254,535,55789
1769883840,23,76,0,116,10,126,low_activity,0,154,10,164,low_total_volume,0.977,21906,252,22158,ok_volume,88,0,88,55342,535,55877
1769883841,23,76,0,189,0,189,low_activity,0,236,10,246,low_total_volume,0.975,20113,252,20365,ok_volume,101,0,101,53782,416,54198
1769883842,23,76,1.0,1343,0,1343,ok_volume,0.986,1371,10,1381,ok_volume,0.969,16267,252,16519,ok_volume,1154,0,1154,54660,416,55076
1769883843,23,76,1.0,3430,0,3430,ok_volume,1.0,3518,0,3518,ok_volume,0.973,18442,252,18694,ok_volume,2175,0,2175,56770,416,57186
1769883844,23,76,1.0,3466,0,3466,ok_volume,1.0,3655,0,3655,ok_volume,0.973,18579,252,18831,ok_volume,137,0,137,56311,416,56727
1769883845,23,76,1.0,2312,0,2312,ok_volume,1.0,3567,0,3567,ok_volume,0.973,18579,252,18831,ok_volume,0,0,0,55986,416,56402
1769883846,23,76,0,137,0,137,low_activity,1.0,3466,0,3466,ok_volume,0.972,18039,252,18291,ok_volume,0,0,0,55890,416,56306
1769883847,23,76,0,205,0,205,low_activity,1.0,2517,0,2517,ok_volume,0.973,18225,252,18477,ok_volume,205,0,205,55996,416,56412
1769883848,23,76,0,7897,0,7897,low_activity,1.0,8034,0,8034,ok_volume,0.981,25917,252,26169,ok_volume,7692,0,7692,43435,416,43851
1769883849,23,76,1.0,9507,0,9507,ok_volume,1.0,9507,0,9507,ok_volume,0.982,27342,252,27594,ok_volume,1610,0,1610,42005,416,42421
1769883850,23,76,1.0,11339,0,11339,ok_volume,1.0,11544,0,11544,ok_volume,0.983,29379,252,29631,ok_volume,2037,0,2037,43053,416,43469
1769883851,23,76,1.0,3647,0,3647,ok_volume,1.0,11544,0,11544,ok_volume,0.982,28458,252,28710,ok_volume,0,0,0,42927,416,43343
1769883852,23,76,1.0,3985,0,3985,ok_volume,1.0,13287,0,13287,ok_volume,0.984,30406,252,30658,ok_volume,1948,0,1948,44741,416,45157
1769883853,23,76,0,2145,0,2145,low_activity,1.0,5792,0,5792,ok_volume,0.984,30603,252,30855,ok_volume,197,0,197,44679,361,45040
1769883854,23,76,1.0,2170,0,2170,ok_volume,1.0,4207,0,4207,ok_volume,0.988,29639,174,29813,ok_volume,25,0,25,44685,361,45046
1769883855,23,76,0,222,0,222,low_activity,1.0,2170,0,2170,ok_volume,0.988,28565,174,28739,ok_volume,5,0,5,44631,361,44992
1769883856,23,76,0,9640,0,9640,low_activity,1.0,11785,0,11785,ok_volume,0.991,38103,174,38277,ok_volume,9615,0,9615,53734,361,54095
1769883857,23,76,0,9809,0,9809,low_activity,0,10031,0,10031,low_activity,0.992,37672,152,37824,ok_volume,194,0,194,53898,361,54259
1769883858,23,76,0,9809,0,9809,low_activity,0,9834,0,9834,low_activity,0.992,37672,152,37824,ok_volume,0,0,0,53898,361,54259
1769883859,23,76,0,294,0,294,low_activity,0,9909,0,9909,low_activity,0.992,37463,152,37615,ok_volume,100,0,100,53982,361,54343
1769883860,23,76,0,300,0,300,low_activity,1.0,10109,0,10109,ok_volume,0.989,28502,152,28654,ok_volume,200,0,200,53753,361,54114
1769883861,23,76,1.0,555,0,555,ok_volume,1.0,749,0,749,ok_volume,0.999,28179,10,28189,ok_volume,255,0,255,52732,353,53085
1769883862,23,76,1.0,1474,0,1474,ok_volume,1.0,1574,0,1574,ok_volume,0.999,29143,10,29153,ok_volume,1000,0,1000,53372,353,53725
1769883863,23,76,1.0,3710,0,3710,ok_volume,1.0,4010,0,4010,ok_volume,0.999,31329,10,31339,ok_volume,2137,0,2137,55217,353,55570
1769883864,23,76,1.0,3510,0,3510,ok_volume,1.0,3984,0,3984,ok_volume,0.999,31365,10,31375,ok_volume,74,0,74,55291,252,55543
1769883865,23,76,0,2210,0,2210,low_activity,1.0,3784,0,3784,ok_volume,0.999,31328,10,31338,ok_volume,0,0,0,55234,252,55486
1769883866,23,76,0,166,31,197,low_activity,0.983,3602,31,3633,ok_volume,0.997,31401,41,31442,ok_volume,92,31,123,54998,283,55281
1769883867,23,76,0,192,31,223,low_activity,0.975,2402,31,2433,ok_volume,0.997,31482,41,31523,ok_volume,100,0,100,54854,283,55137
1769883868,23,76,0.851,384,31,415,ok_volume,0.873,458,31,489,ok_volume,0.998,31646,31,31677,ok_volume,192,0,192,54474,283,54757
1769883869,23,76,0,292,0,292,low_activity,0.851,384,31,415,ok_volume,0.998,31646,31,31677,ok_volume,0,0,0,53769,283,54052
1769883870,23,76,0.894,1429,80,1509,ok_volume,0.872,1621,111,1732,ok_volume,0.993,32795,111,32906,ok_volume,1237,80,1317,54748,363,55111
1769883871,23,76,0,1267,80,1347,low_activity,0.902,1559,80,1639,ok_volume,0.993,32724,111,32835,ok_volume,30,0,30,52881,363,53244
1769883872,23,76,0.489,2467,847,3314,ok_volume,0.517,2659,847,3506,ok_volume,0.948,32770,878,33648,ok_volume,200,771,971,49081,1134,50215
1769883873,23,76,0,1230,767,1997,low_activity,0.489,2467,847,3314,ok_volume,0.944,30595,878,31473,ok_volume,0,0,0,49076,1134,50210
1769883874,23,76,0.109,1042,838,1880,ok_volume,0.566,3309,918,4227,ok_volume,0.941,31300,949,32249,ok_volume,851,71,922,49927,1205,51132
1769883875,23,76,0.877,1083,71,1154,ok_volume,0.468,2313,838,3151,ok_volume,0.942,31541,949,32490,ok_volume,241,0,241,50168,1205,51373
1769883876,23,76,0.843,1280,109,1389,ok_volume,0.256,1480,876,2356,ok_volume,0.94,31738,987,32725,ok_volume,197,38,235,49820,1243,51063
1769883877,23,76,0.927,1403,53,1456,ok_volume,0.895,2245,124,2369,ok_volume,0.94,32498,1002,33500,ok_volume,967,15,982,50766,1258,52024
1769883878,23,76,0.944,1826,53,1879,ok_volume,0.918,2909,124,3033,ok_volume,0.924,25470,1002,26472,ok_volume,672,0,672,51438,1258,52696
1769883879,23,76,0.985,1943,15,1958,ok_volume,0.956,2381,53,2434,ok_volume,0.92,24174,1002,25176,ok_volume,314,0,314,51567,1258,52825
1769883880,23,76,1.0,4968,0,4968,ok_volume,0.983,6130,53,6183,ok_volume,0.926,26127,1002,27129,ok_volume,3990,0,3990,55557,1258,56815
1769883881,23,76,1.0,4455,0,4455,ok_volume,0.995,6084,15,6099,ok_volume,0.927,26278,1002,27280,ok_volume,151,0,151,54787,1258,56045
1769883882,23,76,1.0,4207,0,4207,ok_volume,1.0,5185,0,5185,ok_volume,0.921,24396,1002,25398,ok_volume,66,0,66,54853,1258,56111
1769883883,23,76,-0.632,248,1100,1348,ok_volume,0.611,4552,1100,5652,ok_volume,0.84,24230,2102,26332,ok_volume,31,1100,1131,54884,2358,57242
1769883884,23,76,0,116,1100,1216,low_activity,0.589,4257,1100,5357,ok_volume,0.84,24224,2102,26326,ok_volume,19,0,19,53914,2280,56194
1769883885,23,76,0,445,1100,1545,low_activity,-0.249,662,1100,1762,ok_volume,0.843,24619,2102,26721,ok_volume,395,0,395,53235,2280,55515
1769883886,23,76,0,432,0,432,low_activity,-0.351,529,1100,1629,ok_volume,0.754,15022,2102,17124,ok_volume,1,0,1,53177,2280,55457
1769883887,23,76,0,2452,0,2452,low_activity,0.389,2502,1100,3602,ok_volume,0.778,16867,2102,18969,ok_volume,2039,0,2039,54591,2258,56849
1769883888,23,76,0,6039,0,6039,low_activity,1.0,6471,0,6471,ok_volume,0.817,20867,2102,22969,ok_volume,0,0,0,58591,2258,60849
1769883889,23,76,1.0,12020,0,12020,ok_volume,1.0,12433,0,12433,ok_volume,0.854,26748,2102,28850,ok_volume,5919,0,5919,64263,2258,66521
1769883890,23,76,1.0,6000,0,6000,ok_volume,1.0,12039,0,12039,ok_volume,0.853,26567,2102,28669,ok_volume,19,0,19,55121,2258,57379
1769883891,23,76,1.0,6955,0,6955,ok_volume,1.0,13056,0,13056,ok_volume,0.857,27310,2102,29412,ok_volume,1017,0,1017,55560,2116,57676
1769883892,23,76,0,2574,0,2574,low_activity,1.0,8555,0,8555,ok_volume,0.858,27548,2102,29650,ok_volume,1539,0,1539,57044,2116,59160
1769883893,23,76,1.0,3093,0,3093,ok_volume,1.0,9031,0,9031,ok_volume,0.85,25950,2102,28052,ok_volume,538,0,538,57332,2116,59448
1769883894,23,76,1.0,2482,0,2482,ok_volume,1.0,3518,0,3518,ok_volume,0.852,26282,2102,28384,ok_volume,409,0,409,57702,2116,59818
1769883895,23,76,0.974,1133,15,1148,ok_volume,0.992,3688,15,3703,ok_volume,0.852,26471,2117,28588,ok_volume,189,15,204,57840,2131,59971
1769883896,23,76,0.951,595,15,610,ok_volume,0.989,2671,15,2686,ok_volume,0.853,26379,2086,28465,ok_volume,0,0,0,57821,2131,59952
1769883897,23,76,0.909,315,15,330,ok_volume,0.976,1259,15,1274,ok_volume,0.854,26405,2086,28491,ok_volume,126,0,126,57928,2131,60059
1769883898,23,76,1.0,5007,0,5007,ok_volume,0.995,5602,15,5617,ok_volume,0.874,31094,2086,33180,ok_volume,4881,0,4881,62781,2121,64902
1769883899,23,76,1.0,6584,0,6584,ok_volume,0.996,6773,15,6788,ok_volume,0.88,32671,2086,34757,ok_volume,1577,0,1577,64353,2121,66474
1769883900,23,76,1.0,6458,0,6458,ok_volume,1.0,6584,0,6584,ok_volume,0.88,31434,2006,33440,ok_volume,9,0,9,64274,2121,66395
1769883901,23,76,1.0,2494,0,2494,ok_volume,1.0,7501,0,7501,ok_volume,0.88,31321,2006,33327,ok_volume,917,0,917,65090,2128,67218
1769883902,23,76,1.0,1194,0,1194,ok_volume,1.0,7652,0,7652,ok_volume,0.924,31398,1239,32637,ok_volume,277,0,277,64213,2128,66341
1769883903,23,76,1.0,1194,0,1194,ok_volume,1.0,2771,0,2771,ok_volume,0.924,31398,1239,32637,ok_volume,0,0,0,62038,2128,64166
1769883904,23,76,1.0,1274,0,1274,ok_volume,1.0,2191,0,2191,ok_volume,0.929,31553,1168,32721,ok_volume,143,0,143,62898,2128,65026
1769883905,23,76,1.0,1498,0,1498,ok_volume,1.0,2692,0,2692,ok_volume,0.929,31813,1168,32981,ok_volume,501,0,501,63399,2128,65527
1769883906,23,76,1.0,5988,0,5988,ok_volume,1.0,7119,0,7119,ok_volume,0.941,36960,1130,38090,ok_volume,5344,0,5344,68743,2128,70871
1769883907,23,76,1.0,5845,0,5845,ok_volume,1.0,6842,0,6842,ok_volume,0.94,35995,1115,37110,ok_volume,0,0,0,68538,2128,70666
1769883908,23,76,0,6305,0,6305,low_activity,1.0,6949,0,6949,ok_volume,0.94,36292,1115,37407,ok_volume,961,0,961,61807,2128,63935
1769883909,23,76,0,961,0,961,low_activity,1.0,6806,0,6806,ok_volume,0.94,35978,1115,37093,ok_volume,5,0,5,60202,2128,62330
1769883910,23,76,0,1001,0,1001,low_activity,1.0,6345,0,6345,ok_volume,0.933,32028,1115,33143,ok_volume,40,0,40,58201,2128,60329
1769883911,23,76,0,140,0,140,low_activity,0,1101,0,1101,low_activity,0.933,31977,1115,33092,ok_volume,100,0,100,58301,2128,60429
1769883912,23,76,0,1293,0,1293,low_activity,0,2254,0,2254,low_activity,0.935,33064,1115,34179,ok_volume,1153,0,1153,57506,2128,59634
1769883913,23,76,0,1327,15,1342,low_activity,0.978,1367,15,1382,ok_volume,0.998,33107,30,33137,ok_volume,74,15,89,57383,2143,59526
1769883914,23,76,0.98,1498,15,1513,ok_volume,0.982,1638,15,1653,ok_volume,0.998,33359,30,33389,ok_volume,74,0,74,57629,2143,59772
1769883915,23,76,0.941,490,15,505,ok_volume,0.983,1743,15,1758,ok_volume,0.998,33091,30,33121,ok_volume,152,0,152,57776,2143,59919
1769883916,23,76,1.0,344,0,344,ok_volume,0.983,1768,15,1783,ok_volume,0.998,33216,30,33246,ok_volume,128,0,128,48289,2143,50432
1769883917,23,76,0,270,0,270,low_activity,0.952,615,15,630,ok_volume,0.998,27177,30,27207,ok_volume,0,0,0,48095,2143,50238
1769883918,23,76,0,1086,0,1086,low_activity,1.0,1305,0,1305,ok_volume,0.998,28076,30,28106,ok_volume,961,0,961,49056,2143,51199
1769883919,23,76,0,1077,0,1077,low_activity,1.0,1347,0,1347,ok_volume,0.997,22273,30,22303,ok_volume,118,0,118,49074,2143,51217
1769883920,23,76,0,1160,0,1160,low_activity,1.0,1285,0,1285,ok_volume,0.997,22337,30,22367,ok_volume,83,0,83,48957,2143,51100
1769883921,23,76,0,199,0,199,low_activity,0,1160,0,1160,low_activity,0.997,21320,30,21350,ok_volume,0,0,0,48683,2143,50826
1769883922,23,76,0,269,31,300,low_activity,0.955,1346,31,1377,ok_volume,0.994,19968,61,20029,ok_volume,186,31,217,47569,2174,49743
1769883923,23,76,0,262,31,293,low_activity,0.874,461,31,492,ok_volume,0.994,19506,61,19567,ok_volume,79,0,79,45511,2174,47685
1769883924,23,76,0.842,362,31,393,ok_volume,0.87,445,31,476,ok_volume,0.994,19200,61,19261,ok_volume,100,0,100,45537,2174,47711
1769883925,23,76,0,176,0,176,low_activity,0.842,362,31,393,ok_volume,0.995,19011,46,19057,ok_volume,0,0,0,45537,2174,47711
1769883926,23,76,0,141,0,141,low_activity,0.857,403,31,434,ok_volume,0.995,19052,46,19098,ok_volume,41,0,41,45486,2143,47629
1769883927,23,76,0,41,0,41,low_activity,0,217,0,217,low_activity,0.995,18926,46,18972,ok_volume,3,0,3,45389,2143,47532
1769883928,23,76,0,51,0,51,low_activity,0,151,0,151,low_activity,0.993,14055,46,14101,ok_volume,10,0,10,45207,2143,47350
1769883929,23,76,0,48,0,48,low_activity,0,89,0,89,low_activity,0.993,12516,46,12562,ok_volume,38,0,38,45245,2143,47388
1769883930,23,76,0,122,583,705,low_activity,-0.563,163,583,746,ok_volume,0.905,12590,629,13219,ok_volume,74,583,657,44082,2646,46728
1769883931,23,76,0.32,1131,583,1714,ok_volume,0.324,1141,583,1724,ok_volume,0.906,12692,629,13321,ok_volume,1019,0,1019,44071,2646,46717
1769883932,23,76,0.321,1133,583,1716,ok_volume,0.339,1181,583,1764,ok_volume,0.904,12455,629,13084,ok_volume,40,0,40,43911,1875,45786
1769883933,23,76,0,1059,0,1059,low_activity,0.335,1171,583,1754,ok_volume,0.897,11601,629,12230,ok_volume,0,0,0,43911,1875,45786
1769883934,23,76,0,192,0,192,low_activity,0.376,1285,583,1868,ok_volume,0.897,11610,629,12239,ok_volume,152,0,152,43212,1804,45016
1769883935,23,76,0,219,0,219,low_activity,1.0,1278,0,1278,ok_volume,0.893,11176,629,11805,ok_volume,67,0,67,43036,1804,44840
1769883936,23,76,1.0,313,0,313,ok_volume,1.0,353,0,353,ok_volume,0.808,5926,629,6555,ok_volume,101,0,101,42940,1766,44706
1769883937,23,76,0,161,18,179,low_activity,0.891,313,18,331,ok_volume,0.803,5926,647,6573,ok_volume,0,18,18,41973,1769,43742
1769883938,23,76,0,113,18,131,low_activity,0.897,332,18,350,ok_volume,0.77,4984,647,5631,ok_volume,19,0,19,41320,1769,43089
1769883939,23,76,0,130,18,148,low_total_volume,0.883,291,18,309,ok_volume,0.775,5095,647,5742,ok_volume,111,0,111,41117,1769,42886
1769883940,23,76,1.0,990,0,990,ok_volume,0.967,1084,18,1102,ok_volume,0.803,5915,647,6562,ok_volume,860,0,860,37987,1769,39756
1769883941,23,76,1.0,1406,0,1406,ok_volume,0.975,1425,18,1443,ok_volume,0.812,6250,647,6897,ok_volume,435,0,435,38271,1769,40040
1769883942,23,76,1.0,1812,0,1812,ok_volume,1.0,1942,0,1942,ok_volume,0.793,5614,647,6261,ok_volume,517,0,517,38722,1769,40491
1769883943,23,76,1.0,1347,0,1347,ok_volume,1.0,2318,0,2318,ok_volume,0.802,5738,632,6370,ok_volume,395,0,395,39086,669,39755
1769883944,23,76,0,912,0,912,low_activity,1.0,2207,0,2207,ok_volume,0.799,5664,632,6296,ok_volume,0,0,0,39067,669,39736
1769883945,23,76,0,491,0,491,low_activity,1.0,1443,0,1443,ok_volume,0.798,5615,632,6247,ok_volume,105,0,105,38759,669,39428
1769883946,23,76,0,96,0,96,low_activity,0,1008,0,1008,low_activity,0.794,5490,632,6122,ok_volume,0,0,0,38758,669,39427
1769883947,23,76,0,171,0,171,low_activity,0,566,0,566,low_activity,0.796,5565,632,6197,ok_volume,75,0,75,32794,669,33463
1769883948,23,76,0,94,0,94,low_activity,0,190,0,190,low_activity,0.759,4623,632,5255,ok_volume,19,0,19,32751,669,33420
1769883949,23,76,0,271,0,271,low_total_volume,1.0,367,0,367,ok_volume,0.762,4684,632,5316,ok_volume,177,0,177,27009,669,27678
1769883950,23,76,1.0,516,0,516,ok_volume,1.0,591,0,591,ok_volume,0.772,4921,632,5553,ok_volume,324,0,324,27314,669,27983
1769883951,23,76,1.0,497,0,497,ok_volume,1.0,591,0,591,ok_volume,0.772,4921,632,5553,ok_volume,0,0,0,26297,669,26966
1769883952,23,76,1.0,715,0,715,ok_volume,1.0,911,0,911,ok_volume,0.79,5130,601,5731,ok_volume,395,0,395,25153,669,25822
1769883953,23,76,0,395,67,462,low_activity,0.86,892,67,959,ok_volume,0.767,5054,668,5722,ok_volume,0,67,67,24615,736,25351
1769883954,23,76,0.774,527,67,594,ok_volume,0.853,847,67,914,ok_volume,0.768,5086,668,5754,ok_volume,132,0,132,24338,736,25074
1769883955,23,76,0,172,67,239,low_total_volume,0.789,567,67,634,ok_volume,0.769,5126,668,5794,ok_volume,40,0,40,24189,721,24910
1769883956,23,76,0,209,0,209,low_total_volume,0.8,604,67,671,ok_volume,0.769,5122,668,5790,ok_volume,44,0,44,24233,721,24954
1769883957,23,76,0,160,0,160,low_total_volume,0.627,292,67,359,ok_volume,0.773,5205,668,5873,ok_volume,83,0,83,24190,721,24911
1769883958,23,76,1.0,374,0,374,ok_volume,1.0,546,0,546,ok_volume,0.782,5449,668,6117,ok_volume,254,0,254,19563,721,20284
1769883959,23,76,1.0,355,0,355,ok_volume,1.0,432,0,432,ok_volume,0.781,5429,668,6097,ok_volume,18,0,18,18004,721,18725
1769883960,23,76,0.874,1148,77,1225,ok_volume,0.886,1268,77,1345,ok_volume,0.949,6231,162,6393,ok_volume,876,77,953,18871,791,19662
1769883961,23,76,0.841,894,77,971,ok_volume,0.882,1231,77,1308,ok_volume,0.94,5212,162,5374,ok_volume,0,0,0,17954,791,18745
1769883962,23,76,0.84,887,77,964,ok_volume,0.875,1159,77,1236,ok_volume,0.939,5183,162,5345,ok_volume,11,0,11,17688,791,18479
1769883963,23,76,0,49,0,49,low_activity,0.849,943,77,1020,ok_volume,0.94,5221,162,5383,ok_volume,38,0,38,16872,791,17663
1769883964,23,76,0,68,47,115,low_activity,0.768,944,124,1068,ok_volume,0.921,5088,209,5297,ok_volume,19,47,66,16748,838,17586
1769883965,23,76,0.754,335,47,382,ok_volume,0.761,346,47,393,ok_volume,0.924,5299,209,5508,ok_volume,278,0,278,16525,838,17363
1769883966,23,76,0.93,1287,47,1334,ok_volume,0.932,1336,47,1383,ok_volume,0.935,6195,209,6404,ok_volume,990,0,990,12171,838,13009
1769883967,23,76,1.0,1796,0,1796,ok_volume,0.951,1853,47,1900,ok_volume,0.945,6723,191,6914,ok_volume,528,0,528,12699,838,13537
1769883968,23,76,1.0,1518,0,1518,ok_volume,0.95,1815,47,1862,ok_volume,0.945,6704,191,6895,ok_volume,0,0,0,11738,838,12576
1769883969,23,76,0,624,0,624,low_activity,1.0,1892,0,1892,ok_volume,0.944,6689,191,6880,ok_volume,96,8,104,11829,847,12676
1769883970,23,76,0,96,0,96,low_activity,1.0,1614,0,1614,ok_volume,0.937,5829,191,6020,ok_volume,3,0,3,11792,847,12639
1769883971,23,76,0,364,0,364,low_activity,1.0,892,0,892,ok_volume,0.935,5662,191,5853,ok_volume,268,0,268,11960,847,12807
1769883972,23,76,1.0,3857,0,3857,ok_volume,1.0,3953,0,3953,ok_volume,0.957,8734,191,8925,ok_volume,3589,0,3589,14396,847,15243
1769883973,23,76,1.0,4042,0,4042,ok_volume,1.0,4138,0,4138,ok_volume,0.956,8524,191,8715,ok_volume,185,0,185,14310,832,15142
1769883974,23,76,1.0,3824,0,3824,ok_volume,1.0,4092,0,4092,ok_volume,0.956,8574,191,8765,ok_volume,50,0,50,14286,832,15118
1769883975,23,76,0,360,0,360,low_activity,1.0,4217,0,4217,ok_volume,0.957,8603,191,8794,ok_volume,125,0,125,14259,832,15091
1769883976,23,76,0,251,0,251,low_activity,1.0,4025,0,4025,ok_volume,0.957,8679,191,8870,ok_volume,76,0,76,14207,832,15039
1769883977,23,76,0,277,0,277,low_activity,1.0,512,0,512,ok_volume,0.957,8680,191,8871,ok_volume,76,0,76,14283,832,15115
1769883978,23,76,0,152,0,152,low_activity,0,327,0,327,low_activity,0.957,8661,191,8852,ok_volume,0,0,0,13322,832,14154
1769883979,23,76,0,565,15,580,low_activity,0.962,766,15,781,ok_volume,0.955,8973,206,9179,ok_volume,489,15,504,13693,847,14540
1769883980,23,76,0.964,809,15,824,ok_volume,0.969,961,15,976,ok_volume,0.955,8973,206,9179,ok_volume,320,0,320,13930,847,14777
1769883981,23,76,0.975,1169,15,1184,ok_volume,0.976,1245,15,1260,ok_volume,0.957,9333,206,9539,ok_volume,367,0,367,14297,847,15144
1769883982,23,76,1.0,1866,0,1866,ok_volume,0.987,2355,15,2370,ok_volume,0.96,10124,206,10330,ok_volume,1186,0,1186,15297,816,16113
1769883983,23,76,1.0,1968,0,1968,ok_volume,0.989,2777,15,2792,ok_volume,0.974,10546,139,10685,ok_volume,422,9,431,15640,825,16465
1769883984,23,76,1.0,1711,0,1711,ok_volume,1.0,2391,0,2391,ok_volume,0.974,10517,139,10656,ok_volume,103,0,103,15643,825,16468
1769883985,23,76,1.0,525,0,525,ok_volume,1.0,2071,0,2071,ok_volume,0.974,10477,139,10616,ok_volume,3,0,3,15646,825,16471
1769883986,23,76,0,103,19,122,low_activity,0.978,1711,19,1730,ok_volume,0.97,10440,158,10598,ok_volume,0,19,19,15605,844,16449
1769883987,23,76,0,4038,19,4057,low_activity,0.992,4563,19,4582,ok_volume,0.978,14395,158,14553,ok_volume,4038,0,4038,19640,844,20484
1769883988,23,76,0.985,4096,30,4126,ok_volume,0.986,4199,30,4229,ok_volume,0.976,14199,169,14368,ok_volume,58,11,69,19688,855,20543
1769883989,23,76,0.995,4214,11,4225,ok_volume,0.986,4214,30,4244,ok_volume,0.977,14299,169,14468,ok_volume,39,0,39,19768,855,20623
1769883990,23,76,0,176,11,187,low_total_volume,0.986,4214,30,4244,ok_volume,0.986,13423,92,13515,ok_volume,0,0,0,19694,272,19966
1769883991,23,76,0,744,0,744,low_activity,0.996,4919,11,4930,ok_volume,0.987,14128,92,14220,ok_volume,713,0,713,19388,272,19660
1769883992,23,76,0,743,0,743,low_activity,0.976,919,11,930,ok_volume,0.987,14155,92,14247,ok_volume,50,0,50,19398,272,19670
1769883993,23,76,0,762,0,762,low_activity,1.0,801,0,801,ok_volume,0.987,14136,92,14228,ok_volume,19,0,19,19417,272,19689
1769883994,23,76,0,57,0,57,low_activity,0,762,0,762,low_activity,0.994,14117,45,14162,ok_volume,1,0,1,19266,272,19538
1769883995,23,76,0,877,0,877,low_activity,1.0,1620,0,1620,ok_volume,0.994,14697,45,14742,ok_volume,858,0,858,20057,272,20329
1769883996,23,76,0,958,0,958,low_activity,1.0,1015,0,1015,ok_volume,0.994,13807,45,13852,ok_volume,100,0,100,20056,272,20328
1769883997,23,76,1.0,1749,0,1749,ok_volume,1.0,1768,0,1768,ok_volume,0.994,14070,45,14115,ok_volume,791,0,791,20847,254,21101
1769883998,23,76,0,891,0,891,low_activity,1.0,1749,0,1749,ok_volume,0.994,14070,45,14115,ok_volume,0,0,0,20828,254,21082
1769883999,23,76,0,791,0,791,low_activity,1.0,1749,0,1749,ok_volume,0.994,13974,45,14019,ok_volume,0,0,0,20717,254,20971
1769884000,23,76,0,79,0,79,low_activity,0,970,0,970,low_activity,0.994,14053,45,14098,ok_volume,79,0,79,19936,254,20190
1769884001,23,76,0,148,0,148,low_activity,0,939,0,939,low_activity,0.994,13854,45,13899,ok_volume,69,0,69,19570,254,19824
1769884002,23,76,0,246,0,246,low_activity,0,246,0,246,low_activity,0.991,10363,45,10408,ok_volume,98,0,98,19151,254,19405
1769884003,23,76,1.0,1128,0,1128,ok_volume,1.0,1207,0,1207,ok_volume,0.992,11139,45,11184,ok_volume,961,0,961,19717,254,19971
1769884004,23,76,1.0,1059,0,1059,ok_volume,1.0,1207,0,1207,ok_volume,0.992,11089,45,11134,ok_volume,0,0,0,19717,254,19971
1769884005,23,76,0.955,1080,25,1105,ok_volume,0.961,1247,25,1272,ok_volume,0.987,11083,70,11153,ok_volume,119,25,144,19731,279,20010
1769884006,23,76,0.93,692,25,717,ok_volume,0.972,1751,25,1776,ok_volume,0.988,11580,70,11650,ok_volume,574,0,574,20305,279,20584
1769884007,23,76,0.934,731,25,756,ok_volume,0.971,1692,25,1717,ok_volume,0.988,11543,70,11613,ok_volume,39,0,39,20269,279,20548
1769884008,23,76,0,900,0,900,low_activity,0.952,1019,25,1044,ok_volume,0.988,11831,70,11901,ok_volume,288,0,288,20538,279,20817
1769884009,23,76,0,519,0,519,low_activity,0.96,1211,25,1236,ok_volume,0.991,11534,55,11589,ok_volume,192,0,192,20553,279,20832
1769884010,23,76,0,480,0,480,low_activity,1.0,1092,0,1092,ok_volume,0.99,11214,55,11269,ok_volume,0,0,0,20229,279,20508
1769884011,23,76,0,1192,0,1192,low_activity,1.0,1519,0,1519,ok_volume,0.991,11854,55,11909,ok_volume,1000,0,1000,21229,279,21508
1769884012,23,76,0,1019,0,1019,low_activity,1.0,1499,0,1499,ok_volume,0.99,10687,55,10742,ok_volume,19,0,19,20853,279,21132
1769884013,23,76,0,1056,0,1056,low_activity,1.0,1248,0,1248,ok_volume,0.989,10302,55,10357,ok_volume,37,0,37,20890,212,21102
1769884014,23,76,0,56,0,56,low_activity,0,1056,0,1056,low_activity,0.989,10199,55,10254,ok_volume,0,0,0,20758,212,20970
1769884015,23,76,0,37,206,243,low_activity,0.674,1056,206,1262,ok_volume,0.95,10199,261,10460,ok_volume,0,206,206,20718,418,21136
1769884016,23,76,-0.457,149,400,549,ok_volume,-0.322,205,400,605,ok_volume,0.919,10348,436,10784,ok_volume,157,194,351,20831,612,21443
1769884017,23,76,-0.272,229,400,629,ok_volume,-0.201,266,400,666,ok_volume,0.872,6390,436,6826,ok_volume,80,0,80,20828,612,21440
1769884018,23,76,0,229,194,423,low_activity,-0.272,229,400,629,ok_volume,0.873,6253,425,6678,ok_volume,0,0,0,20574,612,21186
1769884019,23,76,0,80,0,80,low_activity,-0.272,229,400,629,ok_volume,0.872,6214,425,6639,ok_volume,2,0,2,20558,612,21170
1769884020,23,76,0,0,0,0,low_activity,0,229,194,423,low_activity,0.872,6214,425,6639,ok_volume,7,0,7,19689,535,20224
1769884021,23,76,0,989,0,989,low_activity,0,1069,0,1069,low_activity,0.877,6498,425,6923,ok_volume,989,0,989,20686,535,21221
1769884022,23,75,0,1035,0,1035,low_activity,0,1035,0,1035,low_activity,0.877,6506,425,6931,ok_volume,46,0,46,20721,535,21256
1769884023,23,76,0,1135,0,1135,low_activity,0,1135,0,1135,low_activity,0.879,6587,425,7012,ok_volume,100,0,100,20783,535,21318
1769884024,23,76,0,146,0,146,low_activity,0,1135,0,1135,low_activity,0.879,6587,425,7012,ok_volume,0,0,0,20764,488,21252
1769884025,23,76,0,119,0,119,low_activity,1.0,1154,0,1154,ok_volume,0.862,5748,425,6173,ok_volume,19,0,19,20505,488,20993
1769884026,23,76,1.0,1291,0,1291,ok_volume,1.0,1437,0,1437,ok_volume,0.884,6920,425,7345,ok_volume,1272,0,1272,20787,488,21275
1769884027,23,76,1.0,1391,0,1391,ok_volume,1.0,1491,0,1491,ok_volume,0.872,6229,425,6654,ok_volume,100,0,100,20359,488,20847
1769884028,23,76,1.0,1455,0,1455,ok_volume,1.0,1474,0,1474,ok_volume,0.874,6312,425,6737,ok_volume,72,0,72,20442,487,20929
1769884029,23,76,1.0,592,0,592,ok_volume,1.0,1883,0,1883,ok_volume,0.881,6721,425,7146,ok_volume,409,0,409,20755,479,21234
1769884030,23,76,1.0,4284,0,4284,ok_volume,1.0,5667,0,5667,ok_volume,0.922,10445,425,10870,ok_volume,0,0,0,24555,479,25034
1769884031,23,76,1.0,4429,0,4429,ok_volume,1.0,4612,0,4612,ok_volume,0.923,10593,425,11018,ok_volume,217,0,217,24504,479,24983
1769884032,23,76,0,217,0,217,low_activity,1.0,4501,0,4501,ok_volume,0.922,10495,425,10920,ok_volume,0,0,0,20915,479,21394
1769884033,23,76,0,236,0,236,low_activity,1.0,4448,0,4448,ok_volume,0.915,9553,425,9978,ok_volume,19,0,19,20749,479,21228
1769884034,23,76,0,19,0,19,low_activity,0,236,0,236,low_activity,0.915,9553,425,9978,ok_volume,0,0,0,20699,479,21178
1769884035,23,76,0,526,0,526,low_activity,0,743,0,743,low_activity,0.923,9941,400,10341,ok_volume,507,0,507,21081,479,21560
1769884036,23,76,0,507,0,507,low_activity,0,526,0,526,low_activity,0.918,9368,400,9768,ok_volume,0,0,0,21005,479,21484
1769884037,23,76,0,507,0,507,low_activity,0,526,0,526,low_activity,0.918,9329,400,9729,ok_volume,0,0,0,20929,479,21408
1769884038,23,76,0,326,0,326,low_activity,0,833,0,833,low_activity,0.918,9367,400,9767,ok_volume,326,0,326,21255,479,21734
1769884039,23,76,0,326,0,326,low_activity,0,833,0,833,low_activity,0.916,9175,400,9575,ok_volume,0,0,0,20766,464,21230
1769884040,23,76,1.0,835,0,835,ok_volume,1.0,835,0,835,ok_volume,0.921,9684,400,10084,ok_volume,509,0,509,20955,464,21419
1769884041,23,76,0,509,0,509,low_activity,1.0,835,0,835,ok_volume,0.912,8684,400,9084,ok_volume,0,0,0,20588,464,21052
1769884042,23,76,-0.067,546,624,1170,ok_volume,0.166,872,624,1496,ok_volume,0.789,8702,1024,9726,ok_volume,37,624,661,19439,1088,20527
1769884043,23,76,0.344,1277,624,1901,ok_volume,0.482,1786,624,2410,ok_volume,0.813,9905,1024,10929,ok_volume,1240,0,1240,20257,1079,21336
1769884044,23,75,0.675,3220,624,3844,ok_volume,0.713,3729,624,4353,ok_volume,0.841,11848,1024,12872,ok_volume,1943,0,1943,22097,1079,23176
1769884045,23,76,0.625,3563,821,4384,ok_volume,0.427,3600,1445,5045,ok_volume,0.764,12228,1639,13867,ok_volume,380,821,1201,22474,1900,24374
1769884046,23,75,0.527,2780,860,3640,ok_volume,0.464,4057,1484,5541,ok_volume,0.788,12536,1484,14020,ok_volume,457,39,496,22931,1920,24851
1769884047,23,76,0.052,954,860,1814,ok_volume,0.656,4137,860,4997,ok_volume,0.789,12573,1484,14057,ok_volume,129,0,129,19022,1920,20942
1769884048,23,76,0.892,685,39,724,ok_volume,0.555,3008,860,3868,ok_volume,0.791,12684,1484,14168,ok_volume,118,0,118,19003,1909,20912
1769884049,23,76,0,246,0,246,low_activity,0.115,1083,860,1943,ok_volume,0.791,12702,1484,14186,ok_volume,18,0,18,18982,1909,20891
1769884050,23,76,0,314,0,314,low_activity,0.916,888,39,927,ok_volume,0.793,12887,1484,14371,ok_volume,185,0,185,19167,1909,21076
1769884051,23,76,0,203,0,203,low_activity,1.0,431,0,431,ok_volume,0.778,11898,1484,13382,ok_volume,0,0,0,18454,1909,20363
1769884052,23,76,0,199,0,199,low_activity,0,328,0,328,low_activity,0.778,11866,1484,13350,ok_volume,14,0,14,18418,1909,20327
1769884053,23,76,0,14,0,14,low_activity,0,217,0,217,low_activity,0.776,11766,1484,13250,ok_volume,0,0,0,18399,1909,20308
1769884054,23,76,0,72,0,72,low_activity,0,257,0,257,low_activity,0.777,11824,1484,13308,ok_volume,58,0,58,18456,1909,20365
1769884055,23,76,0,58,0,58,low_activity,0,72,0,72,low_activity,0.777,11805,1484,13289,ok_volume,0,0,0,17598,1909,19507
1769884056,23,76,0,58,0,58,low_activity,0,72,0,72,low_activity,0.753,10533,1484,12017,ok_volume,0,0,0,17498,1909,19407
1769884057,23,76,1.0,3821,0,3821,ok_volume,1.0,3879,0,3879,ok_volume,0.811,14243,1484,15727,ok_volume,3824,0,3824,20531,1909,22440
1769884058,23,76,1.0,5006,0,5006,ok_volume,1.0,5064,0,5064,ok_volume,0.824,15356,1484,16840,ok_volume,1185,0,1185,21716,1909,23625
1769884059,23,76,1.0,5006,0,5006,ok_volume,1.0,5006,0,5006,ok_volume,0.765,11144,1484,12628,ok_volume,7,0,7,21723,1909,23632
1769884060,23,76,0,1204,0,1204,low_activity,1.0,5025,0,5025,ok_volume,0.765,11163,1484,12647,ok_volume,19,0,19,21663,1909,23572
1769884061,23,76,0,38,0,38,low_activity,1.0,5044,0,5044,ok_volume,0.762,10965,1484,12449,ok_volume,19,0,19,21613,1909,23522
1769884062,23,76,1.0,470,0,470,ok_volume,1.0,1655,0,1655,ok_volume,0.77,11397,1484,12881,ok_volume,434,0,434,21949,1909,23858
1769884063,23,76,0,451,0,451,low_activity,1.0,470,0,470,ok_volume,0.769,11378,1484,12862,ok_volume,0,0,0,20988,1909,22897
1769884064,23,76,0,432,0,432,low_activity,1.0,470,0,470,ok_volume,0.769,11378,1484,12862,ok_volume,0,0,0,20988,1909,22897
1769884065,23,76,0,277,0,277,low_activity,1.0,728,0,728,ok_volume,0.765,11148,1484,12632,ok_volume,192,0,192,21146,1884,23030
1769884066,23,76,0,288,0,288,low_activity,1.0,720,0,720,ok_volume,0.765,11159,1484,12643,ok_volume,11,0,11,20583,1884,22467
1769884067,23,76,0,251,0,251,low_activity,1.0,336,0,336,ok_volume,0.766,11207,1484,12691,ok_volume,48,0,48,20592,1884,22476
1769884068,23,76,1.0,833,0,833,ok_volume,1.0,1110,0,1110,ok_volume,0.774,11655,1484,13139,ok_volume,774,0,774,21078,1884,22962
1769884069,23,76,1.0,1726,0,1726,ok_volume,1.0,1929,0,1929,ok_volume,0.789,12559,1484,14043,ok_volume,904,0,904,21790,1884,23674
1769884070,23,76,1.0,1813,0,1813,ok_volume,1.0,1872,0,1872,ok_volume,0.783,12185,1484,13669,ok_volume,135,5,140,21925,1889,23814
1769884071,23,76,1.0,1327,0,1327,ok_volume,1.0,2149,0,2149,ok_volume,0.787,12473,1484,13957,ok_volume,288,0,288,21213,1889,23102
1769884072,23,76,1.0,494,0,494,ok_volume,1.0,2172,0,2172,ok_volume,0.871,12507,860,13367,ok_volume,71,0,71,21265,1889,23154
1769884073,23,76,-0.488,455,1322,1777,ok_volume,0.061,1494,1322,2816,ok_volume,0.678,11363,2182,13545,ok_volume,96,1322,1418,21324,3211,24535
1769884074,23,76,0,167,1322,1489,low_activity,-0.383,590,1322,1912,ok_volume,0.624,9420,2182,11602,ok_volume,0,0,0,21324,3211,24535
1769884075,23,75,-0.608,322,1322,1644,ok_volume,-0.32,681,1322,2003,ok_volume,0.744,9266,1361,10627,ok_volume,231,0,231,21555,3005,24560
1769884076,23,76,0,226,0,226,low_activity,-0.542,393,1322,1715,ok_volume,0.739,8809,1322,10131,ok_volume,0,0,0,21398,2811,24209
1769884077,23,76,0,336,0,336,low_activity,-0.507,432,1322,1754,ok_volume,0.739,8802,1322,10124,ok_volume,120,0,120,21438,2811,24249
1769884078,23,76,0,110,0,110,low_activity,0,336,0,336,low_activity,0.736,8691,1322,10013,ok_volume,0,0,0,21438,2811,24249
1769884079,23,76,0,110,0,110,low_activity,0,336,0,336,low_activity,0.735,8673,1322,9995,ok_volume,0,0,0,21443,2811,24254
1769884080,23,76,0,246,0,246,low_activity,0,356,0,356,low_activity,0.737,8734,1322,10056,ok_volume,246,0,246,21674,2811,24485
1769884081,23,76,0,361,0,361,low_activity,1.0,471,0,471,ok_volume,0.74,8849,1322,10171,ok_volume,115,0,115,20800,2811,23611
1769884082,23,76,0,361,0,361,low_activity,0,361,0,361,low_activity,0.74,8835,1322,10157,ok_volume,0,0,0,20754,2811,23565
1769884083,23,76,0,115,0,115,low_activity,0,361,0,361,low_activity,0.74,8835,1322,10157,ok_volume,0,0,0,20654,2811,23465
1769884084,23,76,0,155,0,155,low_activity,1.0,516,0,516,ok_volume,0.742,8932,1322,10254,ok_volume,155,0,155,20809,2811,23620
1769884085,23,76,0,356,0,356,low_activity,0,471,0,471,low_activity,0.747,9133,1322,10455,ok_volume,0,0,0,20991,2811,23802
1769884086,23,76,0,356,0,356,low_activity,0,356,0,356,low_activity,0.747,9133,1322,10455,ok_volume,1,0,1,19720,2811,22531
1769884087,23,76,0,0,0,0,low_activity,0,356,0,356,low_activity,0.601,5312,1322,6634,ok_volume,3,0,3,19612,2811,22423
1769884088,23,76,0,115,0,115,low_activity,1.0,471,0,471,ok_volume,0.525,4242,1322,5564,ok_volume,124,0,124,19664,2811,22475
1769884089,23,76,1.0,468,0,468,ok_volume,1.0,468,0,468,ok_volume,0.553,4595,1322,5917,ok_volume,353,0,353,15805,2811,18616
1769884090,23,76,1.0,831,0,831,ok_volume,1.0,831,0,831,ok_volume,0.578,4939,1322,6261,ok_volume,363,0,363,16168,2811,18979
1769884091,23,76,1.0,1126,0,1126,ok_volume,1.0,1241,0,1241,ok_volume,0.603,5330,1322,6652,ok_volume,410,0,410,16361,2811,19172
1769884092,23,76,0,1207,0,1207,low_activity,1.0,1675,0,1675,ok_volume,0.603,5332,1322,6654,ok_volume,434,0,434,16795,2811,19606
1769884093,23,76,0,1420,0,1420,low_activity,1.0,2136,0,2136,ok_volume,0.634,5908,1322,7230,ok_volume,579,0,579,17355,2811,20166
1769884094,23,76,0,1010,0,1010,low_activity,1.0,1783,0,1783,ok_volume,0.63,5823,1322,7145,ok_volume,0,0,0,17355,2811,20166
1769884095,23,76,0,856,0,856,low_activity,1.0,1700,0,1700,ok_volume,0.634,5911,1322,7233,ok_volume,280,0,280,17128,2811,19939
1769884096,23,75,0,280,0,280,low_activity,0,1290,0,1290,low_activity,0.634,5900,1322,7222,ok_volume,0,0,0,17128,2811,19939
1769884097,23,76,1.0,555,0,555,ok_volume,1.0,1131,0,1131,ok_volume,0.645,6127,1322,7449,ok_volume,263,0,263,17403,2811,20214
1769884098,23,76,0,275,0,275,low_activity,1.0,555,0,555,ok_volume,0.604,5353,1322,6675,ok_volume,0,6,6,17077,2817,19894
1769884099,23,76,0,305,21,326,low_activity,0.932,597,21,618,ok_volume,0.54,4491,1343,5834,ok_volume,42,21,63,17119,2838,19957
1769884100,23,76,0,516,21,537,low_activity,0.948,791,21,812,ok_volume,0.565,4830,1343,6173,ok_volume,0,0,0,17084,2838,19922
1769884101,23,76,0,516,21,537,low_activity,0.948,779,21,800,ok_volume,0.544,4542,1343,5885,ok_volume,0,0,0,17084,2838,19922
1769884102,23,76,0,0,0,0,no_volume,0,516,21,537,low_activity,0.538,4471,1343,5814,ok_volume,0,0,0,17047,2214,19261
1769884103,23,76,0,25,0,25,low_activity,0,541,21,562,low_activity,0.99,4400,21,4421,ok_volume,25,0,25,15832,2214,18046
1769884104,23,76,0,25,0,25,low_activity,0,25,0,25,low_activity,0.99,4400,21,4421,ok_volume,0,0,0,13889,2214,16103
1769884105,23,75,0,89,0,89,low_activity,0,89,0,89,low_activity,0.99,4238,21,4259,ok_volume,64,0,64,13576,1393,14969
1769884106,23,76,0,640,0,640,low_activity,0,665,0,665,low_activity,0.991,4814,21,4835,ok_volume,578,0,578,13697,1354,15051
1769884107,23,76,1.0,1421,0,1421,ok_volume,1.0,1446,0,1446,ok_volume,0.992,5485,21,5506,ok_volume,762,0,762,14349,1354,15703
1769884108,23,76,1.0,1357,0,1357,ok_volume,1.0,1421,0,1421,ok_volume,0.992,5485,21,5506,ok_volume,0,0,0,14231,1354,15585
1769884109,23,76,1.0,1113,0,1113,ok_volume,1.0,1772,0,1772,ok_volume,0.993,5836,21,5857,ok_volume,358,0,358,14571,1354,15925
1769884110,23,76,1.0,659,0,659,ok_volume,1.0,2016,0,2016,ok_volume,0.993,5898,21,5919,ok_volume,313,0,313,14699,1354,16053
1769884111,23,76,0.956,759,17,776,ok_volume,0.978,1521,17,1538,ok_volume,0.987,5883,38,5921,ok_volume,100,17,117,14799,1371,16170
1769884112,23,76,0.616,408,97,505,ok_volume,0.773,759,97,856,ok_volume,0.961,5883,118,6001,ok_volume,3,80,83,14788,1451,16239
1769884113,23,76,0,110,97,207,low_activity,0.776,769,97,866,ok_volume,0.961,5893,118,6011,ok_volume,10,0,10,14798,1451,16249
1769884114,23,75,0.89,1374,80,1454,ok_volume,0.897,1782,97,1879,ok_volume,0.966,6901,118,7019,ok_volume,1371,0,1371,16111,1451,17562
1769884115,23,76,1.0,1495,0,1495,ok_volume,0.885,1595,97,1692,ok_volume,0.967,7022,118,7140,ok_volume,121,0,121,16232,1451,17683
1769884116,24,75,1.0,2225,0,2225,ok_volume,0.931,2235,80,2315,ok_volume,0.97,7762,118,7880,ok_volume,720,0,720,16979,1451,18430
1769884117,23,76,0.48,1649,580,2229,ok_volume,0.678,3023,580,3603,ok_volume,0.849,8550,698,9248,ok_volume,788,580,1368,13943,2031,15974
1769884118,23,76,0.512,1799,580,2379,ok_volume,0.701,3304,580,3884,ok_volume,0.852,8726,698,9424,ok_volume,291,0,291,13049,2031,15080
1769884119,23,76,0.301,1079,580,1659,ok_volume,0.54,1940,580,2520,ok_volume,0.846,8373,698,9071,ok_volume,0,0,0,13042,2031,15073
1769884120,23,76,0,754,0,754,low_activity,0.592,2262,580,2842,ok_volume,0.848,8473,698,9171,ok_volume,463,0,463,13486,2031,15517
1769884121,23,76,1.0,577,0,577,ok_volume,0.481,1656,580,2236,ok_volume,0.843,8177,698,8875,ok_volume,114,0,114,13581,2031,15612
1769884122,23,76,1.0,693,0,693,ok_volume,1.0,984,0,984,ok_volume,0.837,7859,698,8557,ok_volume,116,0,116,13270,2031,15301
1769884123,23,76,0,249,0,249,low_activity,1.0,712,0,712,ok_volume,0.826,7302,698,8000,ok_volume,19,0,19,13289,2031,15320
1769884124,23,76,0,277,0,277,low_activity,1.0,854,0,854,ok_volume,0.829,7444,698,8142,ok_volume,142,0,142,13346,2031,15377
1769884125,23,76,0,161,0,161,low_activity,1.0,391,0,391,ok_volume,0.822,7164,698,7862,ok_volume,0,0,0,13154,2031,15185
1769884126,23,76,0,203,0,203,low_activity,0,338,0,338,low_activity,0.824,7213,698,7911,ok_volume,61,0,61,13204,2031,15235
1769884127,23,76,0,469,0,469,low_activity,1.0,630,0,630,ok_volume,0.827,7358,698,8056,ok_volume,13,0,13,13564,2031,15595
1769884128,23,76,0,548,0,548,low_activity,1.0,690,0,690,ok_volume,0.828,7437,698,8135,ok_volume,79,0,79,12869,2031,14900
1769884129,23,76,0,111,0,111,low_activity,1.0,567,0,567,ok_volume,0.822,6940,677,7617,ok_volume,20,0,20,11985,2031,14016
1769884130,23,76,0,98,0,98,low_activity,1.0,567,0,567,ok_volume,0.822,6940,677,7617,ok_volume,0,0,0,11850,2026,13876
1769884131,23,76,0,88,0,88,low_activity,0,180,0,180,low_total_volume,0.824,7009,677,7686,ok_volume,69,0,69,11631,2026,13657
1769884132,23,76,0,531,0,531,low_activity,1.0,629,0,629,ok_volume,0.834,7471,677,8148,ok_volume,462,0,462,12022,2026,14048
1769884133,23,75,0.939,1750,55,1805,ok_volume,0.94,1769,55,1824,ok_volume,0.844,8665,732,9397,ok_volume,1219,55,1274,13145,759,13904
1769884134,23,76,0.949,2114,55,2169,ok_volume,0.951,2183,55,2238,ok_volume,0.851,9098,732,9830,ok_volume,433,0,433,13578,759,14337
1769884135,23,76,0.936,1652,55,1707,ok_volume,0.951,2183,55,2238,ok_volume,0.85,9034,732,9766,ok_volume,0,0,0,13347,759,14106
1769884136,23,76,0,483,0,483,low_activity,0.95,2164,55,2219,ok_volume,0.841,8489,732,9221,ok_volume,55,0,55,13402,759,14161
1769884137,23,76,0,248,0,248,low_activity,0.944,1900,55,1955,ok_volume,0.831,7925,732,8657,ok_volume,198,0,198,13480,759,14239
1769884138,23,76,0,248,0,248,low_activity,1.0,681,0,681,ok_volume,0.831,7925,732,8657,ok_volume,0,0,0,13473,759,14232
1769884139,23,76,1.0,1394,0,1394,ok_volume,1.0,1444,0,1444,ok_volume,0.846,8770,732,9502,ok_volume,1196,0,1196,14669,759,15428
1769884140,23,76,0,1196,0,1196,low_activity,1.0,1444,0,1444,ok_volume,0.841,8462,732,9194,ok_volume,0,0,0,14423,759,15182
1769884141,23,76,1.0,1613,0,1613,ok_volume,1.0,1811,0,1811,ok_volume,0.849,8779,715,9494,ok_volume,417,0,417,14725,759,15484
1769884142,23,76,1.0,1625,0,1625,ok_volume,1.0,2821,0,2821,ok_volume,0.88,9987,635,10622,ok_volume,313,0,313,15938,759,16697
1769884143,23,76,1.0,1684,0,1684,ok_volume,1.0,2880,0,2880,ok_volume,0.881,10036,635,10671,ok_volume,59,0,59,15997,759,16756
1769884144,23,76,0,762,0,762,low_activity,1.0,2079,0,2079,ok_volume,0.869,9067,635,9702,ok_volume,395,0,395,16036,759,16795
1769884145,23,76,0,579,100,679,low_activity,0.913,2204,100,2304,ok_volume,0.85,9051,735,9786,ok_volume,132,100,232,16168,859,17027
1769884146,23,76,0.794,869,100,969,ok_volume,0.85,1236,100,1336,ok_volume,0.844,8680,735,9415,ok_volume,356,0,356,16523,859,17382
1769884147,23,76,0.82,1013,100,1113,ok_volume,0.872,1467,100,1567,ok_volume,0.964,8431,155,8586,ok_volume,539,0,539,17059,859,17918
1769884148,23,76,1.0,1770,0,1770,ok_volume,0.916,2290,100,2390,ok_volume,0.966,9022,155,9177,ok_volume,882,0,882,17817,859,18676
1769884149,23,76,0,1432,0,1432,low_activity,0.9,1906,100,2006,ok_volume,0.966,9033,155,9188,ok_volume,11,0,11,17475,859,18334
1769884150,23,76,0,916,0,916,low_activity,1.0,1804,0,1804,ok_volume,0.965,8593,155,8748,ok_volume,11,0,11,17135,859,17994
1769884151,23,76,0,134,43,177,low_total_volume,0.946,1555,43,1598,ok_volume,0.955,8579,198,8777,ok_volume,100,43,143,16825,902,17727
1769884152,23,76,0.939,1369,43,1412,ok_volume,0.963,2274,43,2317,ok_volume,0.96,9721,198,9919,ok_volume,1258,0,1258,17649,902,18551
1769884153,23,76,0.666,1743,350,2093,ok_volume,0.671,1777,350,2127,ok_volume,0.905,10087,505,10592,ok_volume,392,307,699,17462,1209,18671
1769884154,23,76,0.723,1909,307,2216,ok_volume,0.705,2020,350,2370,ok_volume,0.906,10211,505,10716,ok_volume,266,0,266,17728,1209,18937
1769884155,23,76,0.391,701,307,1008,ok_volume,0.709,2059,350,2409,ok_volume,0.906,10261,505,10766,ok_volume,7,0,7,17505,1209,18714
1769884156,23,76,1.0,578,0,578,ok_volume,0.757,2221,307,2528,ok_volume,0.904,10067,505,10572,ok_volume,262,0,262,17755,1209,18964
1769884157,23,76,0,1129,0,1129,low_activity,0.713,1830,307,2137,ok_volume,0.912,10921,505,11426,ok_volume,867,0,867,18359,1209,19568
1769884158,23,75,0,1224,0,1224,low_activity,1.0,1540,0,1540,ok_volume,0.912,10937,505,11442,ok_volume,95,0,95,18454,1203,19657
1769884159,23,76,0,2073,0,2073,low_activity,1.0,2335,0,2335,ok_volume,0.919,12029,505,12534,ok_volume,1111,0,1111,19049,1182,20231
1769884160,23,76,1.0,1453,0,1453,ok_volume,1.0,2582,0,2582,ok_volume,0.921,12276,505,12781,ok_volume,249,0,249,19298,1182,20480
1769884161,23,76,0,1358,0,1358,low_activity,1.0,2320,0,2320,ok_volume,0.921,12207,505,12712,ok_volume,0,0,0,19298,1182,20480
1769884162,23,76,0,391,0,391,low_activity,1.0,1597,0,1597,ok_volume,0.919,11889,505,12394,ok_volume,144,0,144,19442,1182,20624
1769884163,23,76,0,164,0,164,low_activity,1.0,1522,0,1522,ok_volume,0.919,10690,450,11140,ok_volume,20,0,20,19437,1185,20622
1769884164,23,76,0,164,0,164,low_activity,1.0,411,0,411,ok_volume,0.916,10257,450,10707,ok_volume,0,0,0,19441,1185,20626
1769884165,23,76,0,308,0,308,low_activity,0,452,0,452,low_activity,0.918,10545,450,10995,ok_volume,288,0,288,19665,1185,20850
1769884166,23,76,0,388,0,388,low_activity,1.0,552,0,552,ok_volume,0.919,10595,450,11045,ok_volume,100,0,100,19168,1185,20353
1769884167,23,76,0,440,0,440,low_activity,1.0,460,0,460,ok_volume,0.917,10449,450,10899,ok_volume,52,0,52,18458,1185,19643
1769884168,23,75,0.085,229,193,422,ok_volume,0.456,517,193,710,ok_volume,0.885,10526,643,11169,ok_volume,84,193,277,18542,1378,19920
1769884169,23,76,0.656,1683,349,2032,ok_volume,0.712,2071,349,2420,ok_volume,0.863,10884,799,11683,ok_volume,1554,156,1710,19738,1534,21272
1769884170,23,76,0.705,2019,349,2368,ok_volume,0.723,2171,349,2520,ok_volume,0.868,11272,799,12071,ok_volume,388,0,388,19813,1534,21347
1769884171,23,76,0.865,2158,156,2314,ok_volume,0.735,2287,349,2636,ok_volume,0.854,10171,799,10970,ok_volume,216,0,216,19929,1517,21446
1769884172,23,75,1.0,777,0,777,ok_volume,0.747,2408,349,2757,ok_volume,0.853,10036,799,10835,ok_volume,173,0,173,20099,1437,21536
1769884173,23,76,1.0,1412,0,1412,ok_volume,0.911,3354,156,3510,ok_volume,0.865,11000,799,11799,ok_volume,1023,0,1023,21112,1437,22549
1769884174,23,76,1.0,1245,0,1245,ok_volume,1.0,1849,0,1849,ok_volume,0.86,10654,799,11453,ok_volume,49,0,49,19790,1437,21227
1769884175,23,76,1.0,1197,0,1197,ok_volume,1.0,1586,0,1586,ok_volume,0.877,10654,699,11353,ok_volume,125,0,125,19767,1437,21204
1769884176,23,76,0,274,0,274,low_total_volume,1.0,1470,0,1470,ok_volume,0.874,10405,699,11104,ok_volume,100,0,100,19147,1437,20584
1769884177,23,76,1.0,324,0,324,ok_volume,1.0,1396,0,1396,ok_volume,0.869,9965,699,10664,ok_volume,99,0,99,18458,857,19315
1769884178,23,76,0,487,0,487,low_activity,1.0,661,0,661,ok_volume,0.861,9371,699,10070,ok_volume,288,0,288,18455,857,19312
1769884179,23,76,0,426,0,426,low_activity,1.0,651,0,651,ok_volume,0.861,9387,699,10086,ok_volume,39,0,39,18494,857,19351
1769884180,23,76,0,327,0,327,low_activity,1.0,526,0,526,ok_volume,0.861,9376,699,10075,ok_volume,3,0,3,18034,857,18891
1769884181,23,76,1.0,4196,0,4196,ok_volume,1.0,4583,0,4583,ok_volume,0.907,13433,656,14089,ok_volume,4157,0,4157,22070,857,22927
1769884182,23,76,1.0,4204,0,4204,ok_volume,1.0,4531,0,4531,ok_volume,0.898,12222,656,12878,ok_volume,10,0,10,22001,857,22858
1769884183,23,76,1.0,5011,0,5011,ok_volume,1.0,5050,0,5050,ok_volume,0.946,12644,349,12993,ok_volume,813,0,813,22795,857,23652
1769884184,23,76,0,817,0,817,low_activity,1.0,5011,0,5011,ok_volume,0.945,12328,349,12677,ok_volume,0,0,0,22653,857,23510
1769884185,23,76,0,807,0,807,low_activity,1.0,5011,0,5011,ok_volume,0.945,12328,349,12677,ok_volume,10,0,10,22663,857,23520
1769884186,23,76,0,20,0,20,low_activity,0,837,0,837,low_activity,0.944,12086,349,12435,ok_volume,20,0,20,22227,857,23084
1769884187,23,76,0,20,0,20,low_activity,0,827,0,827,low_activity,0.94,11219,349,11568,ok_volume,0,0,0,22214,857,23071
1769884188,23,76,0,489,0,489,low_activity,0,489,0,489,low_activity,0.942,11593,349,11942,ok_volume,469,0,469,22604,857,23461
1769884189,23,76,0,838,0,838,low_activity,0,858,0,858,low_activity,0.938,10851,349,11200,ok_volume,375,0,375,22959,857,23816
1769884190,23,76,0,838,300,1138,low_activity,0.482,858,300,1158,ok_volume,0.885,10604,649,11253,ok_volume,10,300,310,22969,1157,24126
1769884191,23,76,0.236,485,300,785,ok_volume,0.522,954,300,1254,ok_volume,0.886,10720,649,11369,ok_volume,116,0,116,23016,1157,24173
1769884192,24,75,0.521,953,300,1253,ok_volume,0.713,1791,300,2091,ok_volume,0.892,11413,649,12062,ok_volume,837,0,837,23391,1157,24548
1769884193,24,75,1.0,953,0,953,ok_volume,0.63,1322,300,1622,ok_volume,0.892,11393,649,12042,ok_volume,0,0,0,22172,1102,23274
1769884194,24,75,0,1763,0,1763,low_activity,0.725,1879,300,2179,ok_volume,0.9,12319,649,12968,ok_volume,926,0,926,22665,1102,23767
1769884195,24,75,0,926,0,926,low_activity,1.0,1879,0,1879,ok_volume,0.898,12031,649,12680,ok_volume,0,0,0,22665,1102,23767
1769884196,24,75,0,964,0,964,low_activity,1.0,1801,0,1801,ok_volume,0.897,11969,649,12618,ok_volume,38,0,38,22648,1102,23750
1769884197,24,75,0,237,0,237,low_activity,1.0,1163,0,1163,ok_volume,0.898,12116,649,12765,ok_volume,162,8,170,22649,1110,23759
1769884198,24,75,0,287,0,287,low_total_volume,1.0,1213,0,1213,ok_volume,0.927,12089,456,12545,ok_volume,50,0,50,22699,1110,23809
1769884199,24,75,0,257,0,257,low_activity,1.0,332,0,332,ok_volume,0.945,10580,300,10880,ok_volume,45,0,45,21551,1110,22661
1769884200,24,75,1.0,365,0,365,ok_volume,1.0,602,0,602,ok_volume,0.944,10462,300,10762,ok_volume,270,0,270,21821,1110,22931
1769884201,24,75,1.0,890,0,890,ok_volume,1.0,1102,0,1102,ok_volume,0.946,10821,300,11121,ok_volume,575,0,575,21079,1110,22189
1769884202,24,75,1.0,1218,0,1218,ok_volume,1.0,1313,0,1313,ok_volume,0.947,11021,300,11321,ok_volume,373,0,373,21139,1110,22249
1769884203,24,75,0.739,1019,153,1172,ok_volume,0.794,1334,153,1487,ok_volume,0.914,10069,453,10522,ok_volume,71,153,224,21151,1263,22414
1769884204,24,75,0.81,1455,153,1608,ok_volume,0.875,2300,153,2453,ok_volume,0.921,11031,453,11484,ok_volume,0,0,0,21767,1263,23030
1769884205,24,75,0.815,1503,153,1656,ok_volume,0.882,2451,153,2604,ok_volume,0.923,11327,453,11780,ok_volume,421,0,421,22056,1163,23219
1769884206,24,75,0,421,0,421,low_activity,0.849,1876,153,2029,ok_volume,0.922,11227,453,11680,ok_volume,0,0,0,21700,1163,22863
1769884207,24,75,0,440,0,440,low_activity,0.817,1522,153,1675,ok_volume,0.922,11147,453,11600,ok_volume,19,0,19,21180,1163,22343
1769884208,24,75,0,95,0,95,low_activity,0,516,0,516,low_activity,0.92,10935,453,11388,ok_volume,0,0,0,20374,1163,21537
1769884209,24,75,0,286,0,286,low_total_volume,1.0,707,0,707,ok_volume,0.921,11087,453,11540,ok_volume,191,0,191,20542,1163,21705
1769884210,24,75,1.0,352,0,352,ok_volume,1.0,447,0,447,ok_volume,0.923,11248,453,11701,ok_volume,161,0,161,20692,1163,21855
1769884211,24,75,1.0,847,0,847,ok_volume,1.0,942,0,942,ok_volume,0.887,7549,453,8002,ok_volume,495,0,495,21087,1120,22207
1769884212,24,75,1.0,1356,0,1356,ok_volume,1.0,1547,0,1547,ok_volume,0.896,8239,453,8692,ok_volume,700,0,700,20529,1120,21649
1769884213,24,75,1.0,1195,0,1195,ok_volume,1.0,1547,0,1547,ok_volume,0.885,7432,453,7885,ok_volume,0,0,0,20137,813,20950
1769884214,24,75,0,792,0,792,low_activity,1.0,1448,0,1448,ok_volume,0.886,7524,453,7977,ok_volume,92,0,92,19913,813,20726
1769884215,24,75,0,3814,20,3834,low_activity,0.992,5009,20,5029,ok_volume,0.919,11246,473,11719,ok_volume,3722,20,3742,23628,833,24461
1769884216,24,75,0,3814,20,3834,low_activity,0.991,4514,20,4534,ok_volume,0.919,11226,473,11699,ok_volume,0,0,0,23366,833,24199
1769884217,24,75,0.99,4166,20,4186,ok_volume,0.991,4258,20,4278,ok_volume,0.922,11670,473,12143,ok_volume,444,0,444,22943,833,23776
1769884218,24,75,0,540,0,540,low_activity,0.991,4354,20,4374,ok_volume,0.92,11297,473,11770,ok_volume,96,6,102,22944,839,23783
1769884219,24,75,1.0,718,0,718,ok_volume,0.991,4440,20,4460,ok_volume,0.918,11106,473,11579,ok_volume,178,0,178,22011,839,22850
1769884220,24,75,0,274,0,274,low_activity,1.0,718,0,718,ok_volume,0.969,11106,173,11279,ok_volume,0,0,0,21762,839,22601
1769884221,24,75,0,340,0,340,low_activity,1.0,880,0,880,ok_volume,0.969,11152,173,11325,ok_volume,162,0,162,21924,839,22763
1769884222,24,75,0,162,19,181,low_activity,0.916,436,19,455,ok_volume,0.963,10315,192,10507,ok_volume,0,19,19,21780,855,22635
1769884223,24,75,0,162,19,181,low_activity,0.894,340,19,359,ok_volume,0.963,10315,192,10507,ok_volume,5,0,5,21758,855,22613
1769884224,24,75,0,76,19,95,low_activity,0,238,19,257,low_total_volume,0.96,9465,192,9657,ok_volume,76,0,76,21834,855,22689
1769884225,24,75,1.0,713,0,713,ok_volume,0.957,875,19,894,ok_volume,0.963,10102,192,10294,ok_volume,637,0,637,22183,855,23038
1769884226,24,75,1.0,766,0,766,ok_volume,0.952,766,19,785,ok_volume,0.963,10080,192,10272,ok_volume,53,0,53,22136,855,22991
1769884227,24,75,1.0,897,0,897,ok_volume,1.0,973,0,973,ok_volume,0.963,10125,192,10317,ok_volume,207,0,207,22291,855,23146
1769884228,24,75,1.0,2995,0,2995,ok_volume,1.0,3708,0,3708,ok_volume,0.97,12810,192,13002,ok_volume,2735,0,2735,24942,662,25604
1769884229,24,75,1.0,2942,0,2942,ok_volume,1.0,3632,0,3632,ok_volume,0.97,12765,192,12957,ok_volume,0,0,0,23388,506,23894
1769884230,24,75,0,2920,0,2920,low_activity,1.0,3180,0,3180,ok_volume,0.97,12680,192,12872,ok_volume,185,0,185,23185,506,23691
1769884231,24,75,0,3004,0,3004,low_activity,1.0,5946,0,5946,ok_volume,0.975,14924,192,15116,ok_volume,2819,0,2819,25788,506,26294
1769884232,24,75,0,3104,0,3104,low_activity,1.0,5839,0,5839,ok_volume,0.974,14651,192,14843,ok_volume,100,0,100,25715,506,26221
1769884233,24,75,0,3009,0,3009,low_activity,1.0,3194,0,3194,ok_volume,0.994,13659,39,13698,ok_volume,90,0,90,24782,506,25288
1769884234,24,75,0,208,0,208,low_activity,1.0,3212,0,3212,ok_volume,0.994,13677,39,13716,ok_volume,18,0,18,24751,506,25257
1769884235,24,75,0,298,0,298,low_activity,1.0,3217,0,3217,ok_volume,0.994,13446,39,13485,ok_volume,190,0,190,24816,506,25322
1769884236,24,75,0,208,10,218,low_activity,0.951,398,10,408,ok_volume,0.993,13446,49,13495,ok_volume,0,10,10,24716,516,25232
1769884237,24,75,0,590,10,600,low_activity,0.972,698,10,708,ok_volume,0.993,13751,49,13800,ok_volume,400,0,400,25017,516,25533
1769884238,24,75,0,465,10,475,low_activity,0.971,673,10,683,ok_volume,0.993,13816,49,13865,ok_volume,0,1,1,24794,517,25311
1769884239,24,75,1.0,2771,0,2771,ok_volume,0.993,2961,10,2971,ok_volume,0.994,15931,49,15980,ok_volume,2307,0,2307,27062,517,27579
1769884240,24,75,1.0,2405,0,2405,ok_volume,0.993,2870,10,2880,ok_volume,0.994,15869,49,15918,ok_volume,106,0,106,27165,517,27682
1769884241,23,76,0.47,2571,928,3499,ok_volume,0.532,3036,928,3964,ok_volume,0.882,15540,977,16517,ok_volume,166,933,1099,23137,1450,24587
1769884242,23,76,-0.543,275,928,1203,ok_volume,0.471,2581,928,3509,ok_volume,0.877,14850,977,15827,ok_volume,10,0,10,23137,1450,24587
1769884243,23,76,-0.528,287,928,1215,ok_volume,0.487,2692,928,3620,ok_volume,0.877,14961,977,15938,ok_volume,111,0,111,22435,1450,23885
1769884244,23,76,0,121,0,121,low_activity,-0.412,386,928,1314,ok_volume,0.877,14869,977,15846,ok_volume,0,0,0,22435,1450,23885
1769884245,23,76,0,111,0,111,low_activity,-0.528,287,928,1215,ok_volume,0.842,11147,957,12104,ok_volume,0,0,0,22425,1450,23875
1769884246,23,76,0,0,0,0,no_volume,0,121,0,121,low_activity,0.842,11147,957,12104,ok_volume,0,0,0,22405,1450,23855
1769884247,23,76,0,1499,0,1499,low_activity,1.0,1610,0,1610,ok_volume,0.855,12202,957,13159,ok_volume,1399,0,1399,23904,1457,25361
1769884248,23,76,0.961,1560,31,1591,ok_volume,0.961,1560,31,1591,ok_volume,0.85,12167,988,13155,ok_volume,61,31,92,23496,1488,24984
1769884249,23,76,0,1460,31,1491,low_activity,0.961,1560,31,1591,ok_volume,0.848,11989,988,12977,ok_volume,0,0,0,23121,1488,24609
1769884250,23,76,0.916,703,31,734,ok_volume,0.972,2202,31,2233,ok_volume,0.855,12631,988,13619,ok_volume,489,0,489,23753,1188,24941
1769884251,23,76,1.0,800,0,800,ok_volume,0.973,2260,31,2291,ok_volume,0.855,12627,988,13615,ok_volume,158,0,158,23795,1188,24983
1769884252,23,76,1.0,657,0,657,ok_volume,0.931,871,31,902,ok_volume,0.858,12637,969,13606,ok_volume,10,0,10,22968,1188,24156
1769884253,23,76,0,168,0,168,low_activity,1.0,810,0,810,ok_volume,0.858,12637,969,13606,ok_volume,0,0,0,22968,1188,24156
1769884254,23,76,0,27,42,69,low_activity,0.883,674,42,716,ok_volume,0.851,12578,1011,13589,ok_volume,0,43,43,22059,1231,23290
1769884255,23,76,0,401,42,443,low_activity,0.863,569,42,611,ok_volume,0.848,12325,1011,13336,ok_volume,384,0,384,22443,1231,23674
1769884256,23,76,0,384,42,426,low_activity,0,411,42,453,low_activity,0.848,12272,1011,13283,ok_volume,0,0,0,22368,1231,23599
1769884257,23,76,1.0,815,0,815,ok_volume,0.904,832,42,874,ok_volume,0.85,12496,1011,13507,ok_volume,436,0,436,22642,1223,23865
1769884258,23,76,1.0,490,0,490,ok_volume,0.908,874,42,916,ok_volume,0.813,9820,1011,10831,ok_volume,63,0,63,22652,1223,23875
1769884259,23,76,1.0,490,0,490,ok_volume,1.0,874,0,874,ok_volume,0.813,9820,1011,10831,ok_volume,5,0,5,22612,1223,23835
1769884260,23,76,0,77,29,106,low_activity,0.892,508,29,537,ok_volume,0.805,9653,1040,10693,ok_volume,18,36,54,22360,1259,23619
1769884261,23,76,0.937,898,29,927,ok_volume,0.959,1388,29,1417,ok_volume,0.762,7714,1040,8754,ok_volume,880,0,880,22665,1259,23924
1769884262,23,76,0.937,898,29,927,ok_volume,0.941,957,29,986,ok_volume,0.76,7614,1040,8654,ok_volume,0,0,0,22292,1259,23551
1769884263,23,76,1.0,1040,0,1040,ok_volume,0.947,1058,29,1087,ok_volume,0.762,7684,1040,8724,ok_volume,160,0,160,21370,1106,22476
1769884264,23,76,0,898,0,898,low_activity,0.968,1796,29,1825,ok_volume,0.78,8404,1040,9444,ok_volume,741,0,741,22111,1106,23217
1769884265,23,76,1.0,1696,0,1696,ok_volume,1.0,2576,0,2576,ok_volume,0.793,9012,1040,10052,ok_volume,798,0,798,22488,1106,23594
1769884266,23,76,0,1536,0,1536,low_activity,1.0,1696,0,1696,ok_volume,0.795,9012,1030,10042,ok_volume,0,0,0,22488,1106,23594
1769884267,23,76,0,798,0,798,low_activity,1.0,1696,0,1696,ok_volume,0.785,8547,1030,9577,ok_volume,0,0,0,22393,1106,23499
1769884268,24,75,0,231,0,231,low_activity,1.0,1767,0,1767,ok_volume,0.79,8778,1030,9808,ok_volume,231,0,231,22624,1106,23730
1769884269,24,75,-0.591,231,898,1129,ok_volume,0.068,1029,898,1927,ok_volume,0.541,6472,1928,8400,ok_volume,0,898,898,22433,2004,24437
1769884270,24,75,-0.591,231,898,1129,ok_volume,-0.591,231,898,1129,ok_volume,0.535,6373,1928,8301,ok_volume,0,0,0,22272,2004,24276
1769884271,24,75,0.178,1287,898,2185,ok_volume,0.257,1518,898,2416,ok_volume,0.765,7494,1000,8494,ok_volume,1287,0,1287,23064,2004,25068
1769884272,24,75,0,1287,0,1287,low_activity,0.257,1518,898,2416,ok_volume,0.764,7484,1000,8484,ok_volume,0,0,0,22364,2004,24368
1769884273,24,75,0.978,3586,40,3626,ok_volume,0.585,3586,938,4524,ok_volume,0.806,9672,1040,10712,ok_volume,2147,40,2187,24663,2044,26707
1769884274,24,75,0.966,2299,40,2339,ok_volume,0.978,3586,40,3626,ok_volume,0.806,9672,1040,10712,ok_volume,0,0,0,24571,2044,26615
1769884275,24,74,0.983,4629,40,4669,ok_volume,0.987,6068,40,6108,ok_volume,0.842,12154,1040,13194,ok_volume,2482,0,2482,23331,2024,25355
1769884276,24,74,1.0,4931,0,4931,ok_volume,0.989,7230,40,7270,ok_volume,0.866,14503,1040,15543,ok_volume,456,0,456,25780,2024,27804
1769884277,24,75,0.98,5372,55,5427,ok_volume,0.975,7519,95,7614,ok_volume,0.85,13545,1095,14640,ok_volume,441,55,496,25777,2079,27856
1769884278,24,75,0.907,1122,55,1177,ok_volume,0.981,5597,55,5652,ok_volume,0.856,13709,1064,14773,ok_volume,225,0,225,25906,2073,27979
1769884279,24,75,0.847,666,55,721,ok_volume,0.981,5597,55,5652,ok_volume,0.854,13556,1064,14620,ok_volume,0,0,0,25728,2073,27801
1769884280,24,74,1.0,457,0,457,ok_volume,0.922,1354,55,1409,ok_volume,0.852,13299,1064,14363,ok_volume,232,0,232,25960,2073,28033
1769884281,23,76,0,232,0,232,low_activity,0.885,898,55,953,ok_volume,0.85,13141,1064,14205,ok_volume,0,0,0,25798,2073,27871
1769884282,23,76,0.082,232,197,429,ok_volume,0.398,457,197,654,ok_volume,0.825,13131,1261,14392,ok_volume,0,0,0,25798,2251,28049
1769884283,23,76,0,370,197,567,low_activity,0.507,602,197,799,ok_volume,0.829,13484,1261,14745,ok_volume,370,0,370,26163,2251,28414
1769884284,23,76,0,884,0,884,low_activity,0.7,1116,197,1313,ok_volume,0.84,13998,1219,15217,ok_volume,514,0,514,26601,2251,28852
1769884285,23,75,0,1064,0,1064,low_activity,0.688,1064,197,1261,ok_volume,0.838,13794,1219,15013,ok_volume,180,0,180,26144,2251,28395
1769884286,23,75,0,694,0,694,low_activity,0,1064,0,1064,low_activity,0.838,13794,1219,15013,ok_volume,0,0,0,26091,2251,28342
1769884287,23,75,0,251,0,251,low_activity,1.0,1135,0,1135,ok_volume,0.834,13434,1219,14653,ok_volume,71,0,71,25955,2251,28206
1769884288,23,74,1.0,852,0,852,ok_volume,1.0,1546,0,1546,ok_volume,0.841,14156,1219,15375,ok_volume,762,0,762,24001,2251,26252
1769884289,23,74,1.0,897,0,897,ok_volume,1.0,1077,0,1077,ok_volume,0.842,14201,1219,15420,ok_volume,45,0,45,24046,2251,26297
1769884290,23,74,1.0,2618,0,2618,ok_volume,1.0,2708,0,2708,ok_volume,0.861,15994,1190,17184,ok_volume,1811,0,1811,25672,2251,27923
1769884291,24,75,0,1856,0,1856,low_activity,1.0,2708,0,2708,ok_volume,0.854,15114,1190,16304,ok_volume,0,0,0,22853,2251,25104
1769884292,24,75,0,1811,0,1811,low_activity,1.0,2618,0,2618,ok_volume,0.854,15114,1190,16304,ok_volume,3,0,3,22756,2251,25007
1769884293,24,75,0,71,606,677,low_activity,0.522,1927,606,2533,ok_volume,0.786,15025,1796,16821,ok_volume,0,606,606,22737,2857,25594
1769884294,24,75,0,338,606,944,low_activity,0.56,2149,606,2755,ok_volume,0.78,14554,1796,16350,ok_volume,267,0,267,22986,2857,25843
1769884295,24,75,0,302,606,908,low_activity,-0.238,373,606,979,ok_volume,0.77,13791,1796,15587,ok_volume,35,0,35,22831,2857,25688
1769884296,24,75,0,502,0,502,low_activity,-0.028,573,606,1179,ok_volume,0.772,13991,1796,15787,ok_volume,200,0,200,23031,2847,25878
1769884297,24,75,0,235,20,255,low_activity,-0.11,502,626,1128,ok_volume,0.77,13991,1816,15807,ok_volume,0,27,27,22566,2874,25440
1769884298,24,75,0,257,20,277,low_activity,0.931,559,20,579,ok_volume,0.768,13817,1816,15633,ok_volume,57,0,57,22623,2873,25496
1769884299,24,74,0.343,3028,1481,4509,ok_volume,0.376,3263,1481,4744,ok_volume,0.752,16788,2379,19167,ok_volume,2971,1461,4432,23287,4334,27621
1769884300,24,74,0.349,3028,1461,4489,ok_volume,0.371,3228,1481,4709,ok_volume,0.752,16788,2379,19167,ok_volume,0,0,0,23181,4334,27515
1769884301,24,74,0.357,3080,1461,4541,ok_volume,0.359,3137,1481,4618,ok_volume,0.736,15610,2379,17989,ok_volume,109,0,109,23124,3401,26525
1769884302,24,74,0,109,0,109,low_activity,0.365,3137,1461,4598,ok_volume,0.733,15458,2379,17837,ok_volume,0,0,0,23114,3401,26515
1769884303,24,74,0,109,151,260,low_activity,0.313,3080,1612,4692,ok_volume,0.685,13311,2490,15801,ok_volume,0,151,151,23003,3552,26555
1769884304,24,75,0,0,171,171,low_activity,0,109,171,280,low_activity,0.683,13311,2510,15821,ok_volume,0,20,20,23003,3572,26575
1769884305,23,76,-0.888,19,321,340,ok_volume,-0.43,128,321,449,ok_volume,0.538,8855,2660,11515,ok_volume,19,150,169,23022,3722,26744
1769884306,23,76,0,19,170,189,low_activity,-0.888,19,321,340,ok_volume,0.519,8399,2660,11059,ok_volume,0,0,0,22922,3715,26637
1769884307,23,76,0.579,562,150,712,ok_volume,0.273,562,321,883,ok_volume,0.531,8501,2605,11106,ok_volume,543,0,543,22066,3715,25781
1769884308,23,76,1.0,920,0,920,ok_volume,0.693,939,170,1109,ok_volume,0.537,8653,2605,11258,ok_volume,377,0,377,22382,3684,26066
1769884309,23,76,0.888,1164,69,1233,ok_volume,0.688,1183,219,1402,ok_volume,0.538,8897,2674,11571,ok_volume,244,69,313,22473,3753,26226
1769884310,23,76,0.901,1327,69,1396,ok_volume,0.929,1870,69,1939,ok_volume,0.556,9371,2674,12045,ok_volume,706,0,706,22690,3753,26443
1769884311,23,76,0.905,1380,69,1449,ok_volume,0.942,2300,69,2369,ok_volume,0.597,9801,2477,12278,ok_volume,386,0,386,22968,3753,26721
1769884312,23,76,1.0,1192,0,1192,ok_volume,0.927,1813,69,1882,ok_volume,0.598,9857,2477,12334,ok_volume,56,0,56,23014,3753,26767
1769884313,23,76,1.0,475,0,475,ok_volume,0.911,1475,69,1544,ok_volume,0.587,9526,2477,12003,ok_volume,39,0,39,23036,3753,26789
1769884314,23,76,1.0,536,0,536,ok_volume,1.0,1672,0,1672,ok_volume,0.585,9453,2477,11930,ok_volume,441,0,441,23477,3710,27187
1769884315,23,76,1.0,4587,0,4587,ok_volume,1.0,5023,0,5023,ok_volume,0.688,13380,2477,15857,ok_volume,3911,0,3911,27200,3710,30910
1769884316,23,76,1.0,5048,0,5048,ok_volume,1.0,5143,0,5143,ok_volume,0.697,13880,2477,16357,ok_volume,500,0,500,27700,3710,31410
1769884317,23,76,1.0,5482,0,5482,ok_volume,1.0,6158,0,6158,ok_volume,0.714,14861,2477,17338,ok_volume,1071,0,1071,28335,3710,32045
1769884318,23,76,1.0,1590,0,1590,ok_volume,1.0,6138,0,6138,ok_volume,0.701,14118,2477,16595,ok_volume,19,0,19,28291,3710,32001
1769884319,23,76,1.0,1282,0,1282,ok_volume,1.0,5693,0,5693,ok_volume,0.704,14265,2477,16742,ok_volume,192,0,192,28478,3710,32188
1769884320,23,76,0,259,0,259,low_activity,1.0,1830,0,1830,ok_volume,0.669,12502,2477,14979,ok_volume,48,0,48,28508,3674,32182
1769884321,23,76,1.0,4662,0,4662,ok_volume,1.0,5752,0,5752,ok_volume,0.745,16924,2477,19401,ok_volume,4429,0,4429,32057,3674,35731
1769884322,23,76,1.0,4666,0,4666,ok_volume,1.0,4877,0,4877,ok_volume,0.746,17049,2477,19526,ok_volume,196,0,196,32253,3674,35927
1769884323,23,76,0.863,4716,347,5063,ok_volume,0.869,4956,347,5303,ok_volume,0.771,17147,2218,19365,ok_volume,98,347,445,32191,4021,36212
1769884324,23,76,-0.058,309,347,656,ok_volume,0.865,4779,347,5126,ok_volume,0.768,16895,2218,19113,ok_volume,15,0,15,31465,4021,35486
1769884325,23,76,-0.004,344,347,691,ok_volume,0.869,4962,347,5309,ok_volume,0.77,17091,2218,19309,ok_volume,239,0,239,30906,4021,34927
1769884326,23,76,-0.958,265,12339,12604,ok_volume,-0.916,559,12686,13245,ok_volume,0.075,16910,14557,31467,ok_volume,19,12344,12363,30925,16365,47290
1769884327,23,76,-0.38,5559,12368,17927,ok_volume,-0.383,5672,12715,18387,ok_volume,0.208,22219,14566,36785,ok_volume,5309,0,5309,36234,16394,52628
1769884328,23,76,-0.398,5328,12368,17696,ok_volume,-0.379,5574,12368,17942,ok_volume,0.207,22162,14566,36728,ok_volume,0,0,0,36003,16394,52397
1769884329,23,76,1.0,6108,0,6108,ok_volume,-0.321,6358,12368,18726,ok_volume,0.208,19990,13105,33095,ok_volume,799,0,799,36802,15496,52298
1769884330,23,76,0,799,0,799,low_activity,-0.337,6127,12368,18495,ok_volume,0.208,19990,13105,33095,ok_volume,0,0,0,36802,15496,52298
1769884331,23,76,1.0,948,0,948,ok_volume,1.0,6257,0,6257,ok_volume,0.209,20030,13105,33135,ok_volume,149,0,149,35664,15496,51160
1769884332,21,76,-0.967,149,9019,9168,ok_volume,-0.81,948,9019,9967,ok_volume,-0.05,20030,22124,42154,ok_volume,0,9024,9024,35512,24520,60032
1769884333,21,76,-0.764,1207,9019,10226,ok_volume,-0.636,2006,9019,11025,ok_volume,-0.021,21088,21973,43061,ok_volume,1058,0,1058,34423,24480,58903
1769884334,22,76,-0.687,1671,9019,10690,ok_volume,-0.664,1820,9019,10839,ok_volume,-0.006,21701,21953,43654,ok_volume,613,0,613,35036,24480,59516
1769884335,23,76,0.891,1690,97,1787,ok_volume,-0.664,1839,9116,10955,ok_volume,-0.005,21701,21900,43601,ok_volume,19,97,116,30580,24577,55157
1769884336,23,76,0,632,746,1378,low_activity,-0.705,1690,9765,11455,ok_volume,-0.019,21701,22549,44250,ok_volume,9,649,658,30133,25226,55359
1769884337,23,76,-0.817,75,746,821,ok_volume,0.401,1746,746,2492,ok_volume,-0.031,21214,22549,43763,ok_volume,38,0,38,29748,25171,54919
1769884338,22,77,0.41,1582,662,2244,ok_volume,0.489,2214,759,2973,ok_volume,-0.004,22363,22562,44925,ok_volume,1526,13,1539,31049,25184,56233
1769884339,22,77,0.984,1603,13,1616,ok_volume,0.367,1640,759,2399,ok_volume,-0.008,22158,22493,44651,ok_volume,39,0,39,31088,25184,56272
1769884340,22,77,0.984,1615,13,1628,ok_volume,0.432,1671,662,2333,ok_volume,-0.024,21452,22493,43945,ok_volume,53,0,53,30909,25184,56093
1769884341,22,77,0.002,228,227,455,ok_volume,0.764,1792,240,2032,ok_volume,-0.034,21211,22720,43931,ok_volume,141,227,368,31050,25214,56264
1769884342,22,77,0,189,227,416,low_activity,0.759,1754,240,1994,ok_volume,-0.036,21155,22720,43875,ok_volume,0,0,0,31050,25214,56264
1769884343,22,77,0,139,227,366,low_activity,0.002,228,227,455,ok_volume,-0.037,21116,22720,43836,ok_volume,0,0,0,30680,25214,55894
1769884344,22,77,0,0,100,100,low_activity,-0.267,189,327,516,ok_volume,-0.054,20479,22820,43299,ok_volume,0,100,100,30166,25314,55480
1769884345,22,77,0,228,100,328,low_activity,0.058,367,327,694,ok_volume,-0.152,16796,22820,39616,ok_volume,230,0,230,30216,25314,55530
1769884346,22,77,0,228,100,328,low_activity,0,228,100,328,low_activity,-0.167,16296,22820,39116,ok_volume,0,0,0,30216,25314,55530
1769884347,22,77,0,240,0,240,low_activity,0,240,100,340,low_activity,-0.199,15237,22820,38057,ok_volume,12,0,12,30138,25314,55452
1769884348,22,77,0,12,460,472,low_activity,-0.4,240,560,800,ok_volume,-0.209,15218,23280,38498,ok_volume,0,115,115,29376,25774,55150
1769884349,22,77,0,32,460,492,low_activity,-0.278,260,460,720,ok_volume,-0.215,15046,23280,38326,ok_volume,20,0,20,29351,25774,55125
1769884350,22,77,0,20,115,135,low_activity,0,32,460,492,low_activity,-0.216,14998,23280,38278,ok_volume,0,0,0,27540,25774,53314
1769884351,22,77,0,70,0,70,low_activity,-0.697,82,460,542,ok_volume,-0.373,10626,23280,33906,ok_volume,55,0,55,27595,25774,53369
1769884352,22,77,0,50,0,50,low_activity,0,70,115,185,low_activity,-0.381,10430,23280,33710,ok_volume,0,0,0,27521,25774,53295
1769884353,22,77,0,182,0,182,low_activity,0,202,0,202,low_total_volume,-0.373,10464,22933,33397,ok_volume,145,0,145,27666,25168,52834
1769884354,22,77,1.0,22366,0,22366,ok_volume,1.0,22416,0,22416,ok_volume,0.175,32683,22933,55616,ok_volume,22239,0,22239,49638,25168,74806
1769884355,22,77,1.0,22510,0,22510,ok_volume,1.0,22560,0,22560,ok_volume,0.174,32596,22933,55529,ok_volume,153,0,153,49756,25168,74924
1769884356,22,77,1.0,23478,0,23478,ok_volume,1.0,23610,0,23610,ok_volume,0.522,33677,10565,44242,ok_volume,1100,0,1100,50656,25168,75824
1769884357,21,77,0,1244,0,1244,low_activity,1.0,23610,0,23610,ok_volume,0.457,28368,10565,38933,ok_volume,0,0,0,50656,25141,75797
1769884358,22,77,0,1100,650,1750,low_activity,0.946,23478,650,24128,ok_volume,0.433,28368,11215,39583,ok_volume,2,655,657,50601,25796,76397
1769884359,22,77,-0.842,102,1191,1293,ok_volume,0.061,1346,1191,2537,ok_volume,0.404,27671,11756,39427,ok_volume,102,541,643,47732,24876,72608
1769884360,22,77,-0.686,274,1471,1745,ok_volume,-0.034,1374,1471,2845,ok_volume,0.396,27843,12036,39879,ok_volume,0,280,280,47904,25156,73060
1769884361,21,78,-0.373,518,1135,1653,ok_volume,-0.55,518,1785,2303,ok_volume,0.387,27938,12350,40288,ok_volume,244,314,558,48039,25470,73509
1769884362,20,78,-0.674,244,1253,1497,ok_volume,-0.65,518,2444,2962,ok_volume,0.75,27938,3990,31928,ok_volume,0,0,0,48039,26129,74168
1769884363,20,79,0,244,973,1217,low_activity,-0.552,518,1794,2312,ok_volume,0.741,26880,3990,30870,ok_volume,1,0,1,48045,25978,74023
1769884364,20,78,0,200,0,200,low_activity,-0.477,444,1253,1697,ok_volume,0.738,26467,3990,30457,ok_volume,0,0,0,48245,25958,74203
1769884365,20,77,0,200,0,200,low_activity,-0.373,444,973,1417,ok_volume,0.743,26448,3893,30341,ok_volume,0,0,0,48226,25808,74034
1769884366,20,77,0,80,0,80,low_activity,0,280,0,280,low_activity,0.782,26510,3244,29754,ok_volume,80,0,80,48306,25808,74114
1769884367,20,76,0,227,0,227,low_activity,1.0,427,0,427,ok_volume,0.783,26619,3244,29863,ok_volume,159,0,159,47922,25808,73730
1769884368,20,76,0,227,0,227,low_activity,0,227,0,227,low_activity,0.772,25093,3231,28324,ok_volume,0,0,0,47545,25808,73353
1769884369,21,75,0,147,0,147,low_activity,0,227,0,227,low_activity,0.772,25054,3231,28285,ok_volume,0,0,0,47301,25739,73040
1769884370,21,78,0,0,0,0,no_volume,0,227,0,227,low_activity,0.771,25004,3231,28235,ok_volume,0,0,0,46545,25739,72284
1769884371,23,76,0,50,0,50,low_activity,0,197,0,197,low_total_volume,0.785,24915,3004,27919,ok_volume,31,0,31,46209,25739,71948
1769884372,23,76,0,50,0,50,low_activity,0,50,0,50,low_activity,0.785,24915,3004,27919,ok_volume,0,0,0,46153,25739,71892
1769884373,23,76,0,50,0,50,low_activity,0,69,0,69,low_activity,0.785,24934,3004,27938,ok_volume,19,0,19,46133,25739,71872
1769884374,23,76,0,414,0,414,low_activity,1.0,464,0,464,ok_volume,0.794,25329,2904,28233,ok_volume,3,0,3,45894,25739,71633
1769884375,22,77,-0.328,414,819,1233,ok_volume,-0.296,445,819,1264,ok_volume,0.742,25101,3723,28824,ok_volume,0,819,819,41983,26558,68541
1769884376,22,77,0.08,961,819,1780,ok_volume,0.253,1375,819,2194,ok_volume,0.75,26062,3723,29785,ok_volume,961,0,961,42444,26558,69002
1769884377,21,77,0.371,1786,819,2605,ok_volume,0.457,2200,819,3019,ok_volume,0.777,26875,3378,30253,ok_volume,800,0,800,42198,26558,68756
1769884378,21,77,1.0,1797,0,1797,ok_volume,0.374,1797,819,2616,ok_volume,0.784,26886,3263,30149,ok_volume,11,0,11,42190,26558,68748
1769884379,21,77,0.926,2035,78,2113,ok_volume,0.542,3021,897,3918,ok_volume,0.787,28090,3341,31431,ok_volume,548,82,630,43226,26640,69866
1769884380,21,77,0.897,1441,78,1519,ok_volume,0.953,3227,78,3305,ok_volume,0.789,28296,3341,31637,ok_volume,206,0,206,43384,26640,70024
1769884381,20,77,0.864,1072,78,1150,ok_volume,0.941,2563,78,2641,ok_volume,0.791,28568,3341,31909,ok_volume,322,0,322,39277,26640,65917
1769884382,19,79,0.963,1663,31,1694,ok_volume,0.928,2898,109,3007,ok_volume,0.796,29703,3372,33075,ok_volume,1135,31,1166,40216,26671,66887
1769884383,20,78,0.963,1638,31,1669,ok_volume,0.913,2388,109,2497,ok_volume,0.796,29752,3372,33124,ok_volume,140,0,140,40299,26324,66623
1769884384,19,79,0.962,1621,31,1652,ok_volume,0.972,2149,31,2180,ok_volume,0.398,7823,3372,11195,ok_volume,305,0,305,40589,26324,66913
1769884385,20,79,0.153,737,541,1278,ok_volume,0.592,2235,572,2807,ok_volume,0.341,7971,3913,11884,ok_volume,292,542,834,40642,26866,67508
1769884386,20,79,0.218,843,541,1384,ok_volume,0.581,2159,572,2731,ok_volume,0.29,7117,3913,11030,ok_volume,246,0,246,40869,14493,55362
1769884387,20,79,0.383,1214,541,1755,ok_volume,0.508,1659,541,2200,ok_volume,0.331,7793,3913,11706,ok_volume,234,0,234,36236,14493,50729
1769884388,20,79,1.0,1139,0,1139,ok_volume,0.525,1736,541,2277,ok_volume,0.421,8010,3263,11273,ok_volume,217,0,217,36453,14493,50946
1769884389,20,79,0,496,0,496,low_activity,0.464,1476,541,2017,ok_volume,0.482,7781,2722,10503,ok_volume,49,0,49,35703,14493,50196
1769884390,19,80,0,262,0,262,low_activity,1.0,1184,0,1184,ok_volume,0.522,7781,2442,10223,ok_volume,0,0,0,35703,14493,50196
1769884391,19,80,0,45,0,45,low_activity,0,496,0,496,low_activity,0.674,7537,1469,9006,ok_volume,0,0,0,35554,14493,50047
1769884392,18,80,0,218,0,218,low_total_volume,1.0,480,0,480,ok_volume,0.681,7755,1469,9224,ok_volume,218,0,218,35772,5469,41241
1769884393,18,81,0,218,0,218,low_total_volume,0,263,0,263,low_total_volume,0.674,7555,1469,9024,ok_volume,0,0,0,34714,5469,40183
1769884394,18,81,0,218,0,218,low_total_volume,0,218,0,218,low_total_volume,0.674,7555,1469,9024,ok_volume,10,0,10,34111,5469,39580
1769884395,18,81,0,21,0,21,low_activity,0,239,0,239,low_total_volume,0.675,7576,1469,9045,ok_volume,21,0,21,34113,5372,39485
1769884396,18,80,0,80,0,80,low_activity,0,298,0,298,low_total_volume,0.674,7555,1469,9024,ok_volume,59,0,59,34145,4723,38868
1769884397,17,80,1.0,751,0,751,ok_volume,1.0,751,0,751,ok_volume,0.692,8079,1469,9548,ok_volume,677,15,692,34784,4738,39522
1769884398,17,81,0.943,1730,51,1781,ok_volume,0.943,1751,51,1802,ok_volume,0.713,9079,1520,10599,ok_volume,1000,51,1051,34258,4776,39034
1769884399,17,82,0.945,1789,51,1840,ok_volume,0.947,1869,51,1920,ok_volume,0.716,9197,1520,10717,ok_volume,118,0,118,34337,4776,39113
1769884400,17,82,0.913,1118,51,1169,ok_volume,0.946,1848,51,1899,ok_volume,0.716,9178,1520,10698,ok_volume,1,0,1,34285,4776,39061
1769884401,17,82,0,175,202,377,low_activity,0.759,1846,253,2099,ok_volume,0.685,9204,1722,10926,ok_volume,57,202,259,34201,4751,38952
1769884402,17,82,0.091,885,737,1622,ok_volume,0.435,2003,788,2791,ok_volume,0.633,10032,2257,12289,ok_volume,308,535,843,35034,5286,40320
1769884403,17,82,0.066,885,775,1660,ok_volume,0.128,1003,775,1778,ok_volume,0.615,9618,2295,11913,ok_volume,0,38,38,35034,5324,40358
1769884404,17,82,-0.227,361,573,934,ok_volume,0.098,943,775,1718,ok_volume,0.617,9676,2295,11971,ok_volume,58,0,58,35092,5224,40316
1769884405,17,82,0,58,38,96,low_activity,0.098,943,775,1718,ok_volume,0.735,9676,1476,11152,ok_volume,0,1,1,34862,5225,40087
1769884406,17,82,0,201,45,246,low_total_volume,-0.102,504,618,1122,ok_volume,0.706,8833,1521,10354,ok_volume,47,45,92,35005,5270,40275
1769884407,17,82,-0.159,143,197,340,ok_volume,-0.078,201,235,436,ok_volume,0.655,8033,1673,9706,ok_volume,3,152,155,34996,5077,40073
1769884408,16,82,0.452,655,247,902,ok_volume,0.532,809,247,1056,ok_volume,0.644,7950,1723,9673,ok_volume,608,50,658,35604,5012,40616
1769884409,16,82,0.749,1408,202,1610,ok_volume,0.725,1551,247,1798,ok_volume,0.666,8206,1645,9851,ok_volume,300,0,300,36384,5012,41396
1769884410,16,82,0.939,1583,50,1633,ok_volume,0.737,1630,247,1877,ok_volume,0.665,8175,1645,9820,ok_volume,176,0,176,36560,5012,41572
1769884411,16,82,1.0,685,0,685,ok_volume,0.797,1793,202,1995,ok_volume,0.661,8063,1645,9708,ok_volume,213,0,213,36718,5012,41730
1769884412,16,83,0.23,396,248,644,ok_volume,0.716,1804,298,2102,ok_volume,0.575,6898,1862,8760,ok_volume,11,249,260,36729,5261,41990
1769884413,16,82,0.344,508,248,756,ok_volume,0.597,983,248,1231,ok_volume,0.582,7045,1862,8907,ok_volume,287,0,287,36871,5261,42132
1769884414,17,82,0.302,463,248,711,ok_volume,0.547,848,248,1096,ok_volume,0.575,6905,1862,8767,ok_volume,165,0,165,14797,5261,20058
1769884415,17,81,1.0,452,0,452,ok_volume,0.461,673,248,921,ok_volume,0.667,6613,1321,7934,ok_volume,9,0,9,14653,5261,19914
1769884416,18,81,-0.01,199,203,402,ok_volume,0.049,497,451,948,ok_volume,0.593,5959,1524,7483,ok_volume,34,203,237,13587,5464,19051
1769884417,18,80,0,34,553,587,low_activity,-0.064,486,553,1039,ok_volume,0.507,5725,1874,7599,ok_volume,4,350,354,13591,5814,19405
1769884418,19,80,0,34,553,587,low_activity,-0.471,199,553,752,ok_volume,0.492,5508,1874,7382,ok_volume,0,0,0,13589,5159,18748
1769884419,19,80,0,0,350,350,low_activity,0,34,553,587,low_activity,0.489,5463,1874,7337,ok_volume,0,0,0,13315,4618,17933
1769884420,19,80,0,0,0,0,no_volume,0,34,553,587,low_activity,0.489,5463,1874,7337,ok_volume,0,0,0,13315,4338,17653
1769884421,19,80,0,0,66,66,low_activity,0,0,416,416,low_activity,0.476,5463,1940,7403,ok_volume,0,66,66,13071,3431,16502
1769884422,19,80,0.908,1371,66,1437,ok_volume,0.908,1371,66,1437,ok_volume,0.547,6616,1940,8556,ok_volume,1371,0,1371,14437,3431,17868
1769884423,18,80,-0.397,1394,3231,4625,ok_volume,-0.397,1394,3231,4625,ok_volume,0.131,6639,5105,11744,ok_volume,23,3172,3195,14259,6603,20862
1769884424,19,80,-0.388,1394,3165,4559,ok_volume,-0.397,1394,3231,4625,ok_volume,0.131,6639,5105,11744,ok_volume,0,0,0,14259,6603,20862
1769884425,19,80,-0.692,576,3165,3741,ok_volume,-0.248,1947,3231,5178,ok_volume,0.168,7171,5105,12276,ok_volume,553,0,553,14812,6603,21415
1769884426,19,80,0,600,0,600,low_activity,-0.227,1994,3165,5159,ok_volume,0.167,7159,5105,12264,ok_volume,47,0,47,14779,6603,21382
1769884427,19,80,0.967,897,15,912,ok_volume,-0.551,920,3180,4100,ok_volume,0.14,6785,5120,11905,ok_volume,297,15,312,14917,6618,21535
1769884428,19,80,0.994,5127,15,5142,ok_volume,0.995,5680,15,5695,ok_volume,0.352,10568,5069,15637,ok_volume,4783,0,4783,19700,6618,26318
1769884429,19,80,0.612,5804,1399,7203,ok_volume,0.641,6404,1399,7803,ok_volume,0.268,11174,6453,17627,ok_volume,724,1000,1724,20424,8002,28426
1769884430,19,80,0.519,5507,1746,7253,ok_volume,0.537,5851,1761,7612,ok_volume,0.242,11174,6815,17989,ok_volume,8,362,370,20413,8364,28777
1769884431,19,80,-0.085,1149,1362,2511,ok_volume,0.559,6229,1761,7990,ok_volume,0.25,11017,6613,17630,ok_volume,425,0,425,20807,8364,29171
1769884432,19,80,0.191,533,362,895,ok_volume,0.552,6040,1746,7786,ok_volume,0.281,10822,6078,16900,ok_volume,108,0,108,20915,8364,29279
1769884433,19,80,-0.496,1012,3000,4012,ok_volume,-0.431,1736,4362,6098,ok_volume,0.111,11301,9040,20341,ok_volume,26,3000,3026,20981,11364,32345
1769884434,19,80,-0.63,680,3000,3680,ok_volume,-0.505,1105,3362,4467,ok_volume,0.113,11336,9040,20376,ok_volume,97,0,97,21075,11364,32439
1769884435,19,80,-0.958,118,5500,5618,ok_volume,-0.665,1105,5500,6605,ok_volume,-0.013,11240,11540,22780,ok_volume,4,2500,2504,21079,13045,34124
1769884436,19,80,-0.71,424,2500,2924,ok_volume,-0.689,1011,5500,6511,ok_volume,0.001,11524,11495,23019,ok_volume,61,0,61,20424,13045,33469
1769884437,19,80,-0.64,818,3724,4542,ok_volume,-0.756,936,6724,7660,ok_volume,-0.023,12011,12567,24578,ok_volume,487,1224,1711,20111,14269,34380
1769884438,19,80,0,571,1224,1795,low_activity,-0.599,934,3724,4658,ok_volume,-0.068,10926,12517,23443,ok_volume,23,0,23,19443,14269,33712
1769884439,19,80,0.373,2682,1224,3906,ok_volume,-0.106,3013,3724,6737,ok_volume,0.011,12798,12517,25315,ok_volume,2184,0,2184,21079,14187,35266
1769884440,19,80,1.0,2372,0,2372,ok_volume,0.409,2920,1224,4144,ok_volume,0.011,12800,12517,25317,ok_volume,177,0,177,21050,14187,35237
1769884441,19,80,1.0,5385,0,5385,ok_volume,0.656,5895,1224,7119,ok_volume,0.11,15626,12517,28143,ok_volume,3036,0,3036,23764,14187,37951
1769884442,18,80,0.695,3256,585,3841,ok_volume,0.806,5451,585,6036,ok_volume,0.098,15658,12854,28512,ok_volume,48,585,633,22636,14741,37377
1769884443,19,80,0.64,3120,684,3804,ok_volume,0.778,5469,684,6153,ok_volume,0.087,15412,12953,28365,ok_volume,52,99,151,22548,14840,37388
1769884444,19,80,-0.739,104,694,798,ok_volume,0.654,3317,694,4011,ok_volume,0.082,15267,12963,28230,ok_volume,24,15,39,22267,14855,37122
1769884445,19,80,0.516,341,109,450,ok_volume,0.663,3420,694,4114,ok_volume,0.091,15547,12963,28510,ok_volume,280,0,280,22255,14313,36568
1769884446,19,80,0.961,504,10,514,ok_volume,-0.083,588,694,1282,ok_volume,0.104,15717,12760,28477,ok_volume,205,5,210,21772,14318,36090
1769884447,19,80,1.0,692,0,692,ok_volume,0.747,753,109,862,ok_volume,0.124,15925,12410,28335,ok_volume,208,0,208,21746,14318,36064
1769884448,19,80,1.0,459,0,459,ok_volume,0.974,759,10,769,ok_volume,0.126,15972,12410,28382,ok_volume,47,0,47,21576,14318,35894
1769884449,19,80,1.0,859,0,859,ok_volume,1.0,1343,0,1343,ok_volume,0.144,16576,12410,28986,ok_volume,604,0,604,22131,14318,36449
1769884450,19,80,1.0,878,0,878,ok_volume,1.0,1290,0,1290,ok_volume,0.15,16803,12410,29213,ok_volume,227,0,227,22358,14318,36676
1769884451,18,81,0.777,876,110,986,ok_volume,0.823,1131,110,1241,ok_volume,0.15,16848,12454,29302,ok_volume,45,110,155,22403,14428,36831
1769884452,18,81,0.64,501,110,611,ok_volume,0.826,1152,110,1262,ok_volume,0.115,15706,12454,28160,ok_volume,229,0,229,22414,14428,36842
1769884453,18,81,0.755,788,110,898,ok_volume,0.873,1619,110,1729,ok_volume,0.271,16197,9289,25486,ok_volume,517,0,517,22931,14428,37359
1769884454,18,80,1.0,793,0,793,ok_volume,0.813,1065,110,1175,ok_volume,0.272,16247,9289,25536,ok_volume,50,0,50,22971,14428,37399
1769884455,18,80,1.0,1345,0,1345,ok_volume,0.873,1619,110,1729,ok_volume,0.279,16475,9289,25764,ok_volume,736,0,736,23735,14428,38163
1769884456,18,80,1.0,876,0,876,ok_volume,1.0,1619,0,1619,ok_volume,0.279,16473,9289,25762,ok_volume,45,0,45,23721,14428,38149
1769884457,18,80,0,781,0,781,low_activity,1.0,1390,0,1390,ok_volume,0.271,16176,9274,25450,ok_volume,8,0,8,23052,14413,37465
1769884458,18,80,0,45,288,333,low_activity,0.505,876,288,1164,ok_volume,0.108,11393,9178,20571,ok_volume,0,288,288,22052,14650,36702
1769884459,18,80,0,643,288,931,low_activity,0.664,1424,288,1712,ok_volume,0.161,11312,8178,19490,ok_volume,643,0,643,22577,14650,37227
1769884460,18,81,0.448,755,288,1043,ok_volume,0.471,800,288,1088,ok_volume,0.188,11424,7816,19240,ok_volume,112,0,112,22688,14650,37338
1769884461,18,81,1.0,808,0,808,ok_volume,0.474,808,288,1096,ok_volume,0.172,11052,7816,18868,ok_volume,68,0,68,22174,14448,36622
1769884462,18,81,1.0,313,0,313,ok_volume,0.537,956,288,1244,ok_volume,0.153,10638,7816,18454,ok_volume,148,0,148,22014,13913,35927
1769884463,18,81,1.0,1200,0,1200,ok_volume,1.0,1955,0,1955,ok_volume,0.414,11612,4816,16428,ok_volume,1008,0,1008,23022,13875,36897
1769884464,18,81,1.0,2248,0,2248,ok_volume,1.0,2413,0,2413,ok_volume,0.448,12620,4816,17436,ok_volume,1101,0,1101,24065,13875,37940
1769884465,18,81,0.759,2141,293,2434,ok_volume,0.778,2342,293,2635,ok_volume,0.652,12391,2609,15000,ok_volume,49,301,350,24027,14175,38202
1769884466,18,81,0.658,1422,293,1715,ok_volume,0.795,2569,293,2862,ok_volume,0.657,12610,2609,15219,ok_volume,0,0,0,24260,14130,38390
1769884467,18,81,0.334,587,293,880,ok_volume,0.803,2687,293,2980,ok_volume,0.799,12389,1385,13774,ok_volume,276,0,276,24533,13978,38511
1769884468,18,81,0,266,0,266,low_activity,0.704,1688,293,1981,ok_volume,0.799,12366,1385,13751,ok_volume,0,0,0,23425,13928,37353
1769884469,18,81,0.866,851,61,912,ok_volume,0.536,1172,354,1526,ok_volume,0.763,10779,1446,12225,ok_volume,567,61,628,23715,13989,37704
1769884470,18,81,0.89,1052,61,1113,ok_volume,0.912,1318,61,1379,ok_volume,0.769,11069,1446,12515,ok_volume,467,0,467,24006,13989,37995
1769884471,18,81,0.893,1079,61,1140,ok_volume,0.915,1368,61,1429,ok_volume,0.697,8083,1446,9529,ok_volume,50,0,50,23843,13989,37832
1769884472,18,81,0.795,1342,153,1495,ok_volume,0.8,1927,214,2141,ok_volume,0.795,8865,1014,9879,ok_volume,836,153,989,24668,13893,38561
1769884473,18,81,0.574,994,269,1263,ok_volume,0.72,2023,330,2353,ok_volume,0.793,8943,1031,9974,ok_volume,119,116,235,24500,14009,38509
1769884474,18,81,0.235,1142,708,1850,ok_volume,0.402,1659,708,2367,ok_volume,0.724,9121,1460,10581,ok_volume,198,439,637,24533,14448,38981
1769884475,18,81,0.82,5599,555,6154,ok_volume,0.803,6474,708,7182,ok_volume,0.813,14123,1460,15583,ok_volume,521,1,522,29806,14449,44255
1769884476,18,81,0.854,5580,439,6019,ok_volume,0.804,6524,708,7232,ok_volume,0.811,14019,1460,15479,ok_volume,100,2,102,29872,14248,44120
1769884477,18,81,0.607,651,159,810,ok_volume,0.778,5729,714,6443,ok_volume,0.791,13841,1619,15460,ok_volume,30,159,189,29898,14057,43955
1769884478,18,81,0.019,165,159,324,ok_volume,0.808,5645,598,6243,ok_volume,0.79,13829,1619,15448,ok_volume,35,0,35,29933,14057,43990
1769884479,18,81,-0.727,200,1264,1464,ok_volume,-0.212,821,1264,2085,ok_volume,0.661,13360,2724,16084,ok_volume,149,1105,1254,30082,15162,45244
1769884480,17,82,-0.506,1318,4018,5336,ok_volume,-0.485,1448,4177,5625,ok_volume,0.434,14281,5637,19918,ok_volume,1148,2820,3968,31230,18075,49305
1769884481,17,81,-0.513,1293,4018,5311,ok_volume,-0.509,1358,4177,5535,ok_volume,0.441,14246,5527,19773,ok_volume,16,0,16,31246,18009,49255
1769884482,17,81,-0.334,1407,2820,4227,ok_volume,-0.436,1577,4018,5595,ok_volume,0.442,14266,5527,19793,ok_volume,249,0,249,30124,18009,48133
1769884483,17,81,0,354,825,1179,low_activity,-0.495,1637,4843,6480,ok_volume,0.371,13847,6352,20199,ok_volume,95,825,920,30196,15662,45858
1769884484,17,82,0,571,825,1396,low_activity,-0.357,1729,3645,5374,ok_volume,0.375,13979,6352,20331,ok_volume,227,0,227,30423,15662,46085
1769884485,17,82,-0.302,442,825,1267,ok_volume,-0.081,701,825,1526,ok_volume,0.356,13363,6352,19715,ok_volume,120,0,120,29990,15662,45652
1769884486,17,82,1.0,543,0,543,ok_volume,0.036,887,825,1712,ok_volume,0.361,13514,6352,19866,ok_volume,213,0,213,30156,15662,45818
1769884487,17,80,0.177,426,298,724,ok_volume,-0.2,748,1123,1871,ok_volume,0.344,13624,6650,20274,ok_volume,110,298,408,29969,15945,45914
1769884488,17,82,0.013,306,298,604,ok_volume,0.373,653,298,951,ok_volume,0.363,13624,6362,19986,ok_volume,0,0,0,25186,15561,40747
1769884489,17,82,-0.097,374,454,828,ok_volume,0.206,690,454,1144,ok_volume,0.34,13245,6518,19763,ok_volume,166,0,166,24728,14717,39445
1769884490,17,82,0.257,264,156,420,ok_volume,0.113,570,454,1024,ok_volume,0.337,13133,6518,19651,ok_volume,9,0,9,24729,14355,39084
1769884491,17,82,0,164,59,223,low_activity,-0.157,374,513,887,ok_volume,0.331,13080,6577,19657,ok_volume,0,59,59,24304,14414,38718
1769884492,17,82,0,10,59,69,low_activity,0.121,274,215,489,ok_volume,0.326,12942,6577,19519,ok_volume,10,0,10,23752,14414,38166
1769884493,16,82,0.788,498,59,557,ok_volume,0.836,662,59,721,ok_volume,0.308,12431,6577,19008,ok_volume,488,0,488,24214,11414,35628
1769884494,16,83,1.0,548,0,548,ok_volume,0.806,548,59,607,ok_volume,0.267,11380,6577,17957,ok_volume,36,0,36,24167,11414,35581
1769884495,16,82,1.0,658,0,658,ok_volume,0.838,668,59,727,ok_volume,0.28,11179,6284,17463,ok_volume,120,0,120,24013,8914,32927
1769884496,17,82,0,156,40,196,low_total_volume,0.887,668,40,708,ok_volume,0.277,11179,6324,17503,ok_volume,0,40,40,23952,8954,32906
1769884497,17,82,0,120,140,260,low_activity,0.649,658,140,798,ok_volume,0.259,10913,6424,17337,ok_volume,0,100,100,23465,7830,31295
1769884498,17,82,0.895,5268,292,5560,ok_volume,0.898,5424,292,5716,ok_volume,0.421,16158,6576,22734,ok_volume,5268,152,5420,28710,7982,36692
1769884499,17,81,0.895,5268,292,5560,ok_volume,0.884,5388,332,5720,ok_volume,0.408,15596,6555,22151,ok_volume,0,0,0,26526,8022,34548
1769884500,17,81,0.93,5268,192,5460,ok_volume,0.881,5268,332,5600,ok_volume,0.395,15129,6555,21684,ok_volume,0,0,0,26349,8022,34371
1769884501,17,79,0.305,1819,969,2788,ok_volume,0.698,7087,1261,8348,ok_volume,0.384,16898,7524,24422,ok_volume,1828,969,2797,25141,8991,34132
1769884502,17,82,0.305,1819,969,2788,ok_volume,0.718,7087,1161,8248,ok_volume,0.371,16073,7371,23444,ok_volume,5,0,5,25098,8406,33504
1769884503,16,83,0.227,1918,1209,3127,ok_volume,0.227,1918,1209,3127,ok_volume,0.363,16053,7495,23548,ok_volume,100,240,340,25146,8547,33693
1769884504,16,83,-0.375,109,240,349,ok_volume,0.229,1928,1209,3137,ok_volume,0.223,11104,7056,18160,ok_volume,16,0,16,25138,8532,33670
1769884505,16,83,0.108,298,240,538,ok_volume,0.273,2117,1209,3326,ok_volume,0.208,10772,7056,17828,ok_volume,193,0,193,25051,8532,33583
1769884506,16,83,0,199,0,199,low_activity,0.108,298,240,538,ok_volume,0.204,10672,7056,17728,ok_volume,0,0,0,24846,8527,33373
1769884507,17,82,1.0,383,0,383,ok_volume,0.344,492,240,732,ok_volume,0.222,10836,6897,17733,ok_volume,94,0,94,24832,8527,33359
1769884508,18,81,0,194,0,194,low_activity,1.0,393,0,393,ok_volume,0.221,10801,6897,17698,ok_volume,5,0,5,24790,8527,33317
1769884509,17,81,0,236,0,236,low_total_volume,1.0,525,0,525,ok_volume,0.31,10808,5699,16507,ok_volume,142,0,142,24328,8527,32855
1769884510,17,81,0,142,0,142,low_activity,1.0,336,0,336,ok_volume,0.541,9660,2879,12539,ok_volume,0,0,0,24101,8527,32628
1769884511,17,81,0,241,0,241,low_activity,1.0,335,0,335,ok_volume,0.544,9749,2879,12628,ok_volume,99,0,99,24155,8417,32572
1769884512,17,81,-0.942,99,3323,3422,ok_volume,-0.865,241,3323,3564,ok_volume,0.21,9500,6202,15702,ok_volume,0,3323,3323,23926,11740,35666
1769884513,17,82,-0.942,99,3323,3422,ok_volume,-0.865,241,3323,3564,ok_volume,0.272,9405,5377,14782,ok_volume,0,0,0,23409,11740,35149
1769884514,17,82,-1.0,0,3394,3394,ok_volume,-0.943,99,3394,3493,ok_volume,0.255,9178,5448,14626,ok_volume,4,71,75,23314,11811,35125
1769884515,17,82,0,0,181,181,low_activity,-0.945,99,3504,3603,ok_volume,0.239,9058,5558,14616,ok_volume,0,110,110,22578,11921,34499
1769884516,17,81,0,227,181,408,low_activity,-0.878,227,3504,3731,ok_volume,0.241,9089,5558,14647,ok_volume,227,0,227,22760,11921,34681
1769884517,17,81,0,227,110,337,low_activity,0,227,181,408,low_activity,0.261,8979,5260,14239,ok_volume,0,0,0,22752,11921,34673
1769884518,17,81,0,309,0,309,low_activity,0.261,309,181,490,ok_volume,0.274,8961,5104,14065,ok_volume,82,0,82,22834,11633,34467
1769884519,17,81,0,82,0,82,low_activity,0,309,110,419,low_activity,0.266,8797,5104,13901,ok_volume,0,0,0,22191,11633,33824
1769884520,17,81,0,873,0,873,low_activity,1.0,1100,0,1100,ok_volume,0.305,9588,5104,14692,ok_volume,791,0,791,22870,11633,34503
1769884521,17,81,0,791,77,868,low_activity,0,873,77,950,low_activity,0.304,9588,5122,14710,ok_volume,0,77,77,22802,11710,34512
1769884522,17,81,0,1042,77,1119,low_activity,0.872,1124,77,1201,ok_volume,0.315,9829,5122,14951,ok_volume,251,0,251,22905,11710,34615
1769884523,18,81,0.198,590,395,985,ok_volume,0.555,1381,395,1776,ok_volume,0.28,9666,5440,15106,ok_volume,339,318,657,22236,12028,34264
1769884524,18,81,0.43,1111,443,1554,ok_volume,0.571,1902,520,2422,ok_volume,0.292,10151,5565,15716,ok_volume,522,125,647,21648,12153,33801
1769884525,18,81,0.502,1336,443,1779,ok_volume,0.506,1587,520,2107,ok_volume,0.307,10507,5565,16072,ok_volume,476,0,476,21795,11852,33647
1769884526,18,81,0.839,1425,125,1550,ok_volume,0.64,2015,443,2458,ok_volume,0.329,10935,5525,16460,ok_volume,428,3,431,22223,11855,34078
1769884527,18,81,1.0,1179,0,1179,ok_volume,0.643,2039,443,2482,ok_volume,0.348,11210,5425,16635,ok_volume,275,3,278,22222,11858,34080
1769884528,18,81,1.0,764,0,764,ok_volume,0.867,1761,125,1886,ok_volume,0.069,6003,5233,11236,ok_volume,61,0,61,22260,11858,34118
1769884529,18,80,1.0,359,0,359,ok_volume,1.0,1263,0,1263,ok_volume,0.07,6026,5233,11259,ok_volume,23,0,23,21716,11797,33513
1769884530,18,81,1.0,1174,0,1174,ok_volume,1.0,1877,0,1877,ok_volume,0.152,7116,5233,12349,ok_volume,1100,0,1100,22349,11797,34146
1769884531,18,81,0.834,1113,101,1214,ok_volume,0.87,1449,101,1550,ok_volume,0.096,5297,4365,9662,ok_volume,0,101,101,22299,11898,34197
1769884532,18,81,0.873,1489,101,1590,ok_volume,0.879,1573,101,1674,ok_volume,0.132,5696,4365,10061,ok_volume,399,0,399,21862,11745,33607
1769884533,18,81,0.894,1812,101,1913,ok_volume,0.933,2925,101,3026,ok_volume,0.259,7010,4125,11135,ok_volume,1413,0,1413,23156,11629,34785
1769884534,18,81,1.0,2441,0,2441,ok_volume,0.944,3531,101,3632,ok_volume,0.298,7629,4125,11754,ok_volume,629,0,629,18826,11190,30016
1769884535,18,81,1.0,2067,0,2067,ok_volume,0.921,2466,101,2567,ok_volume,0.288,7465,4125,11590,ok_volume,25,0,25,18330,11189,29519
1769884536,18,81,1.0,803,0,803,ok_volume,1.0,2615,0,2615,ok_volume,0.291,7514,4125,11639,ok_volume,149,0,149,18379,11187,29566
1769884537,18,81,1.0,395,0,395,ok_volume,1.0,2437,0,2437,ok_volume,0.299,7641,4125,11766,ok_volume,221,0,221,18570,11028,29598
1769884538,18,81,0.486,868,300,1168,ok_volume,0.671,1522,300,1822,ok_volume,0.296,8139,4425,12564,ok_volume,498,300,798,19033,11328,30361
1769884539,18,81,0,719,300,1019,low_activity,0.497,893,300,1193,ok_volume,0.288,7997,4425,12422,ok_volume,0,0,0,18884,10130,29014
1769884540,18,81,0.799,2680,300,2980,ok_volume,0.821,3050,300,3350,ok_volume,0.394,10179,4425,14604,ok_volume,2182,0,2182,19927,7310,27237
1769884541,18,81,1.0,2455,0,2455,ok_volume,0.827,3174,300,3474,ok_volume,0.401,10353,4425,14778,ok_volume,273,0,273,20184,7310,27494
1769884542,18,81,1.0,2552,0,2552,ok_volume,0.821,3050,300,3350,ok_volume,0.809,10450,1102,11552,ok_volume,97,0,97,20032,7310,27342
1769884543,18,81,1.0,385,0,385,ok_volume,1.0,2567,0,2567,ok_volume,0.809,10465,1102,11567,ok_volume,19,0,19,19956,6485,26441
1769884544,18,81,1.0,656,0,656,ok_volume,1.0,3111,0,3111,ok_volume,0.829,11009,1031,12040,ok_volume,544,0,544,20273,6485,26758
1769884545,18,81,1.0,606,0,606,ok_volume,1.0,976,0,976,ok_volume,0.846,11056,921,11977,ok_volume,61,0,61,20214,6485,26699
1769884546,18,81,1.0,791,0,791,ok_volume,1.0,903,0,903,ok_volume,0.846,11029,921,11950,ok_volume,209,0,209,20210,6485,26695
1769884547,19,80,0,297,0,297,low_activity,1.0,856,0,856,ok_volume,0.847,11079,921,12000,ok_volume,50,0,50,20150,6187,26337
1769884548,19,80,0,250,0,250,low_activity,1.0,841,0,841,ok_volume,0.845,10997,921,11918,ok_volume,0,0,0,20050,6031,26081
1769884549,19,80,0,144,287,431,low_activity,0.153,391,287,678,ok_volume,0.804,11091,1208,12299,ok_volume,94,292,386,19978,6323,26301
1769884550,20,78,0.682,1519,287,1806,ok_volume,0.721,1769,287,2056,ok_volume,0.813,11725,1208,12933,ok_volume,1425,0,1425,21394,6323,27717
1769884551,20,79,0.682,1519,287,1806,ok_volume,0.691,1569,287,1856,ok_volume,0.824,11725,1131,12856,ok_volume,0,0,0,21394,6264,27658
1769884552,20,79,1.0,1425,0,1425,ok_volume,0.682,1519,287,1806,ok_volume,0.821,11474,1131,12605,ok_volume,0,0,0,21384,6264,27648
1769884553,20,79,0,0,312,312,low_activity,0.434,1519,599,2118,ok_volume,0.816,11135,1125,12260,ok_volume,0,312,312,20882,6576,27458
1769884554,20,77,0,40,312,352,low_activity,0.649,1465,312,1777,ok_volume,0.828,10654,1000,11654,ok_volume,40,0,40,20886,6576,27462
1769884555,21,75,0,40,312,352,low_activity,0,40,312,352,low_activity,0.821,10178,1000,11178,ok_volume,6,0,6,20772,6576,27348
1769884556,24,75,0,40,0,40,low_activity,0,40,312,352,low_activity,0.814,9750,1000,10750,ok_volume,0,0,0,20772,6536,27308
1769884557,24,75,0,191,0,191,low_activity,-0.149,231,312,543,ok_volume,0.812,9666,1000,10666,ok_volume,191,0,191,20963,6436,27399
1769884558,25,73,0,215,0,215,low_activity,0,255,0,255,low_total_volume,0.812,9629,1000,10629,ok_volume,24,1,25,15719,6245,21964
1769884559,25,74,0,215,0,215,low_activity,0,215,0,215,low_activity,0.811,9606,1000,10606,ok_volume,0,0,0,15719,6245,21964
1769884560,24,74,0,112,0,112,low_activity,1.0,303,0,303,ok_volume,0.792,8604,1000,9604,ok_volume,17,1,18,15807,6246,22053
1769884561,24,74,0,188,0,188,low_activity,1.0,403,0,403,ok_volume,0.813,8704,899,9603,ok_volume,100,0,100,14079,5277,19356
1769884562,25,74,1.0,1402,0,1402,ok_volume,1.0,1497,0,1497,ok_volume,0.829,9590,899,10489,ok_volume,1285,0,1285,15359,5277,20636
1769884563,25,74,1.0,1627,0,1627,ok_volume,1.0,1715,0,1715,ok_volume,0.807,8419,899,9318,ok_volume,242,0,242,15501,5037,20538
1769884564,25,74,1.0,7741,0,7741,ok_volume,1.0,7858,0,7858,ok_volume,0.879,14004,899,14903,ok_volume,6214,0,6214,21699,5037,26736
1769884565,26,73,0.567,6473,1791,8264,ok_volume,0.629,7858,1791,9649,ok_volume,0.678,13996,2690,16686,ok_volume,17,1791,1808,21523,6828,28351
1769884566,26,73,0.553,6231,1791,8022,ok_volume,0.625,7758,1791,9549,ok_volume,0.675,13847,2690,16537,ok_volume,0,0,0,21423,6828,28251
1769884567,26,73,0,34,1791,1825,low_activity,0.567,6490,1791,8281,ok_volume,0.671,13643,2690,16333,ok_volume,17,0,17,21346,6828,28174
1769884568,26,72,0,286,0,286,low_activity,0.569,6517,1791,8308,ok_volume,0.698,13414,2390,15804,ok_volume,269,0,269,21610,6828,28438
1769884569,26,72,1.0,302,0,302,ok_volume,-0.698,319,1791,2110,ok_volume,0.698,13430,2390,15820,ok_volume,16,0,16,21484,6828,28312
1769884570,26,71,0,285,0,285,low_activity,1.0,302,0,302,ok_volume,0.65,11248,2390,13638,ok_volume,0,0,0,21484,6828,28312
1769884571,26,71,0,39,0,39,low_activity,1.0,325,0,325,ok_volume,0.643,10998,2390,13388,ok_volume,40,0,40,21425,6828,28253
1769884572,26,72,0,23,0,23,low_activity,1.0,308,0,308,ok_volume,0.64,10901,2390,13291,ok_volume,0,0,0,21425,3505,24930
1769884573,27,72,0,23,0,23,low_activity,0,39,0,39,low_activity,0.64,10886,2390,13276,ok_volume,7,0,7,21432,3505,24937
1769884574,28,71,0,20,0,20,low_activity,0,43,0,43,low_activity,0.625,10362,2390,12752,ok_volume,20,0,20,21448,3434,24882
1769884575,28,71,0,20,0,20,low_activity,0,43,0,43,low_activity,0.624,10315,2390,12705,ok_volume,0,0,0,21448,3324,24772
1769884576,28,71,0,20,0,20,low_activity,0,20,0,20,low_activity,0.618,10115,2390,12505,ok_volume,0,0,0,21221,3324,24545
1769884577,28,71,0,98,652,750,low_activity,-0.694,118,652,770,ok_volume,0.539,10163,3042,13205,ok_volume,98,652,750,21319,3976,25295
1769884578,28,71,-0.202,433,652,1085,ok_volume,-0.18,453,652,1105,ok_volume,0.551,10498,3042,13540,ok_volume,335,0,335,21572,3976,25548
1769884579,28,71,0.043,711,652,1363,ok_volume,0.043,711,652,1363,ok_volume,0.59,10682,2755,13437,ok_volume,247,0,247,21851,3976,25827
1769884580,28,71,1.0,707,0,707,ok_volume,0.105,805,652,1457,ok_volume,0.545,9351,2755,12106,ok_volume,100,14,114,21160,3990,25150
1769884581,28,71,1.0,518,0,518,ok_volume,0.202,983,652,1635,ok_volume,0.551,9529,2755,12284,ok_volume,178,0,178,21344,3913,25257
1769884582,28,71,0.969,964,15,979,ok_volume,0.981,1577,15,1592,ok_volume,0.574,10221,2770,12991,ok_volume,698,24,722,21791,3937,25728
1769884583,28,71,0.942,4546,135,4681,ok_volume,0.946,4886,135,5021,ok_volume,0.687,13897,2578,16475,ok_volume,3676,120,3796,25128,3739,28867
1769884584,28,71,0.946,4866,135,5001,ok_volume,0.949,5138,135,5273,ok_volume,0.696,14355,2578,16933,ok_volume,504,0,504,25119,3614,28733
1769884585,28,71,0.964,6600,120,6720,ok_volume,0.964,7470,135,7605,ok_volume,0.734,16781,2578,19359,ok_volume,2426,0,2426,27069,3614,30683
1769884586,27,71,1.0,3318,0,3318,ok_volume,0.965,7686,135,7821,ok_volume,0.739,17175,2578,19753,ok_volume,394,0,394,27035,3611,30646
1769884587,27,71,1.0,3408,0,3408,ok_volume,0.969,7582,120,7702,ok_volume,0.744,17572,2578,20150,ok_volume,598,0,598,27358,3608,30966
1769884588,28,71,1.0,1170,0,1170,ok_volume,1.0,4094,0,4094,ok_volume,0.746,17736,2578,20314,ok_volume,194,0,194,27495,3608,31103
1769884589,28,71,1.0,1101,0,1101,ok_volume,1.0,3921,0,3921,ok_volume,0.749,17990,2578,20568,ok_volume,316,0,316,27805,3608,31413
1769884590,28,71,1.0,513,0,513,ok_volume,1.0,1495,0,1495,ok_volume,0.749,17973,2578,20551,ok_volume,7,0,7,26712,3608,30320
1769884591,28,71,0.983,4384,37,4421,ok_volume,0.986,5177,37,5214,ok_volume,0.787,21949,2615,24564,ok_volume,4033,42,4075,30794,3549,34343
1769884592,28,71,0.961,6436,128,6564,ok_volume,0.964,6949,128,7077,ok_volume,0.79,23024,2706,25730,ok_volume,2363,91,2454,32758,3640,36398
1769884593,27,71,0.961,6462,128,6590,ok_volume,0.963,6819,128,6947,ok_volume,0.788,22857,2706,25563,ok_volume,77,0,77,31422,3640,35062
1769884594,27,72,0.951,3622,91,3713,ok_volume,0.967,7698,128,7826,ok_volume,0.736,17830,2706,20536,ok_volume,1187,0,1187,31980,3640,35620
1769884595,28,71,1.0,1569,0,1569,ok_volume,0.968,7956,128,8084,ok_volume,0.904,18120,915,19035,ok_volume,307,0,307,32262,3640,35902
1769884596,28,71,1.0,1703,0,1703,ok_volume,0.957,4138,91,4229,ok_volume,0.905,18329,915,19244,ok_volume,209,0,209,32322,3640,35962
1769884597,28,71,1.0,526,0,526,ok_volume,1.0,1788,0,1788,ok_volume,0.905,18322,915,19237,ok_volume,22,0,22,32123,3640,35763
1769884598,28,71,0,270,0,270,low_total_volume,1.0,1764,0,1764,ok_volume,0.904,18104,915,19019,ok_volume,60,0,60,31685,3340,35025
1769884599,28,71,0,142,0,142,low_total_volume,1.0,658,0,658,ok_volume,0.904,18169,915,19084,ok_volume,81,0,81,31757,3340,35097
1769884600,28,71,1.0,994,0,994,ok_volume,1.0,1213,0,1213,ok_volume,0.908,19031,915,19946,ok_volume,865,0,865,30440,3340,33780
1769884601,28,71,1.0,1364,0,1364,ok_volume,1.0,1425,0,1425,ok_volume,0.91,19429,915,20344,ok_volume,421,0,421,30588,3340,33928
1769884602,28,71,1.0,1854,0,1854,ok_volume,1.0,1986,0,1986,ok_volume,0.913,20000,915,20915,ok_volume,577,5,582,31068,3345,34413
1769884603,28,71,1.0,1048,0,1048,ok_volume,1.0,1991,0,1991,ok_volume,0.913,20056,915,20971,ok_volume,57,0,57,31106,3345,34451
1769884604,28,71,1.0,718,0,718,ok_volume,1.0,2001,0,2001,ok_volume,0.913,20127,915,21042,ok_volume,91,0,91,30653,3345,33998
1769884605,28,71,0,147,98,245,low_total_volume,0.842,1139,98,1237,ok_volume,0.904,20127,1013,21140,ok_volume,5,98,103,30597,3443,34040
1769884606,28,71,0.885,1602,98,1700,ok_volume,0.916,2229,98,2327,ok_volume,0.911,21638,1013,22651,ok_volume,713,0,713,31907,3443,35350
1769884607,28,71,0.907,2010,98,2108,ok_volume,0.913,2157,98,2255,ok_volume,0.968,22039,361,22400,ok_volume,504,0,504,32361,3443,35804
1769884608,28,71,1.0,1824,0,1824,ok_volume,0.93,2721,98,2819,ok_volume,0.968,22292,361,22653,ok_volume,620,0,620,32981,3443,36424
1769884609,28,71,0.945,1660,47,1707,ok_volume,0.913,3171,145,3316,ok_volume,0.965,22587,408,22995,ok_volume,219,47,266,33428,3198,36626
1769884610,28,71,0.934,1368,47,1415,ok_volume,0.964,2572,47,2619,ok_volume,0.965,22700,408,23108,ok_volume,207,5,212,32210,3203,35413
1769884611,28,71,0.858,617,47,664,ok_volume,0.955,2058,47,2105,ok_volume,0.965,22713,408,23121,ok_volume,191,0,191,32401,3203,35604
1769884612,28,71,1.0,1463,0,1463,ok_volume,0.965,2624,47,2671,ok_volume,0.967,23086,393,23479,ok_volume,872,0,872,33466,3203,36669
1769884613,28,71,1.0,1305,0,1305,ok_volume,0.947,1731,47,1778,ok_volume,0.972,19459,273,19732,ok_volume,49,0,49,33515,2891,36406
1769884614,28,71,1.0,1034,0,1034,ok_volume,1.0,1625,0,1625,ok_volume,0.972,19074,273,19347,ok_volume,113,0,113,33588,2891,36479
1769884615,28,71,1.0,512,0,512,ok_volume,1.0,1768,0,1768,ok_volume,0.968,16998,273,17271,ok_volume,350,0,350,33932,2891,36823
1769884616,28,71,1.0,463,0,463,ok_volume,1.0,1384,0,1384,ok_volume,0.968,16604,273,16877,ok_volume,0,0,0,33932,2891,36823
1769884617,28,71,0,380,133,513,low_activity,0.606,542,133,675,ok_volume,0.951,16046,406,16452,ok_volume,30,133,163,33771,3024,36795
1769884618,28,71,0,56,133,189,low_activity,0.592,519,133,652,ok_volume,0.95,15867,406,16273,ok_volume,26,0,26,33773,3023,36796
1769884619,28,71,0.778,1063,133,1196,ok_volume,0.828,1413,133,1546,ok_volume,0.952,16566,406,16972,ok_volume,1007,0,1007,34709,3023,37732
1769884620,28,71,0.867,1065,76,1141,ok_volume,0.679,1095,209,1304,ok_volume,0.943,16549,482,17031,ok_volume,32,76,108,34724,3098,37822
1769884621,28,71,0.929,2054,76,2130,ok_volume,0.82,2110,209,2319,ok_volume,0.936,13537,445,13982,ok_volume,1015,0,1015,35639,3098,38737
1769884622,28,71,0.87,1097,76,1173,ok_volume,0.931,2130,76,2206,ok_volume,0.939,11227,354,11581,ok_volume,53,0,53,34407,3098,37505
1769884623,28,71,1.0,1126,0,1126,ok_volume,0.932,2165,76,2241,ok_volume,0.939,11213,354,11567,ok_volume,61,0,61,34226,3098,37324
1769884624,28,71,0,176,0,176,low_activity,0.883,1223,76,1299,ok_volume,0.932,10091,354,10445,ok_volume,65,0,65,28077,3098,31175
1769884625,28,71,1.0,875,0,875,ok_volume,1.0,1940,0,1940,ok_volume,0.935,10533,354,10887,ok_volume,749,0,749,28812,1307,30119
1769884626,28,71,1.0,1395,0,1395,ok_volume,1.0,1506,0,1506,ok_volume,0.937,10905,354,11259,ok_volume,583,0,583,29395,1307,30702
1769884627,28,71,1.0,1545,0,1545,ok_volume,1.0,1671,0,1671,ok_volume,0.938,11110,354,11464,ok_volume,226,0,226,29604,1307,30911
1769884628,28,71,1.0,1853,0,1853,ok_volume,1.0,2667,0,2667,ok_volume,0.943,12116,354,12470,ok_volume,1057,0,1057,30392,1307,31699
1769884629,28,71,1.0,1511,0,1511,ok_volume,1.0,2841,0,2841,ok_volume,0.944,12274,354,12628,ok_volume,239,0,239,30615,1307,31922
1769884630,28,71,0.971,2973,44,3017,ok_volume,0.977,3769,44,3813,ok_volume,0.941,13089,398,13487,ok_volume,1677,44,1721,32292,1351,33643
1769884631,28,71,0.971,3002,44,3046,ok_volume,0.98,4274,44,4318,ok_volume,0.944,13754,398,14152,ok_volume,1086,0,1086,33338,1351,34689
1769884632,28,71,0.969,3653,57,3710,ok_volume,0.977,4949,57,5006,ok_volume,0.943,14073,411,14484,ok_volume,891,13,904,34229,1364,35593
1769884633,28,71,0.991,2782,13,2795,ok_volume,0.976,4698,57,4755,ok_volume,0.946,14823,411,15234,ok_volume,811,0,811,35033,1364,36397
1769884634,28,71,0.985,1696,13,1709,ok_volume,0.975,4459,57,4516,ok_volume,0.946,14732,411,15143,ok_volume,0,0,0,35013,1364,36377
1769884635,28,71,1.0,1715,0,1715,ok_volume,0.993,3691,13,3704,ok_volume,0.959,14835,313,15148,ok_volume,918,0,918,35931,1364,37295
1769884636,28,71,1.0,1377,0,1377,ok_volume,0.992,3073,13,3086,ok_volume,0.958,14598,313,14911,ok_volume,452,0,452,36399,1364,37763
1769884637,28,71,1.0,1689,0,1689,ok_volume,1.0,2495,0,2495,ok_volume,0.957,14411,313,14724,ok_volume,312,0,312,36613,712,37325
1769884638,28,71,1.0,780,0,780,ok_volume,1.0,1705,0,1705,ok_volume,0.955,13485,313,13798,ok_volume,18,0,18,36264,712,36976
1769884639,28,71,0,328,0,328,low_activity,1.0,1705,0,1705,ok_volume,0.961,13266,266,13532,ok_volume,0,0,0,36017,712,36729
1769884640,28,71,1.0,1461,0,1461,ok_volume,1.0,2225,0,2225,ok_volume,0.964,14504,266,14770,ok_volume,1445,0,1445,37356,698,38054
1769884641,28,71,1.0,1608,0,1608,ok_volume,1.0,1936,0,1936,ok_volume,0.963,14283,266,14549,ok_volume,168,0,168,37346,698,38044
1769884642,29,70,1.0,3510,0,3510,ok_volume,1.0,3526,0,3526,ok_volume,0.966,15313,266,15579,ok_volume,1912,4,1916,38560,678,39238
1769884643,29,70,1.0,2065,0,2065,ok_volume,1.0,3510,0,3510,ok_volume,0.966,15264,266,15530,ok_volume,0,0,0,34875,558,35433
1769884644,29,70,1.0,17437,0,17437,ok_volume,1.0,19045,0,19045,ok_volume,0.983,30686,266,30952,ok_volume,15541,0,15541,49912,558,50470
1769884645,29,70,1.0,15706,0,15706,ok_volume,1.0,17771,0,17771,ok_volume,0.983,30507,266,30773,ok_volume,171,0,171,47657,558,48215
1769884646,29,70,0.997,15982,23,16005,ok_volume,0.997,17884,23,17907,ok_volume,0.981,30783,289,31072,ok_volume,276,23,299,47539,581,48120
1769884647,29,70,0.902,447,23,470,ok_volume,0.997,15982,23,16005,ok_volume,0.99,30753,156,30909,ok_volume,0,0,0,46937,581,47518
1769884648,29,70,0.911,496,23,519,ok_volume,0.997,16202,23,16225,ok_volume,0.99,30947,156,31103,ok_volume,220,0,220,46946,581,47527
1769884649,29,70,0,2125,0,2125,low_activity,0.982,2572,23,2595,ok_volume,0.99,31845,156,32001,ok_volume,1905,0,1905,48535,581,49116
1769884650,29,70,0,2125,0,2125,low_activity,0.981,2401,23,2424,ok_volume,0.995,31813,80,31893,ok_volume,0,0,0,48479,581,49060
1769884651,29,70,0,2408,0,2408,low_activity,1.0,2628,0,2628,ok_volume,0.995,31301,80,31381,ok_volume,507,0,507,44953,539,45492
1769884652,29,70,0,692,0,692,low_activity,1.0,2817,0,2817,ok_volume,0.995,31440,80,31520,ok_volume,189,0,189,42779,448,43227
1769884653,29,70,1.0,3916,0,3916,ok_volume,1.0,5821,0,5821,ok_volume,0.995,34603,80,34683,ok_volume,3224,0,3224,45926,448,46374
1769884654,29,70,1.0,3985,0,3985,ok_volume,1.0,4488,0,4488,ok_volume,0.995,35110,80,35190,ok_volume,578,0,578,45317,448,45765
1769884655,29,69,1.0,4083,0,4083,ok_volume,1.0,4775,0,4775,ok_volume,0.995,34648,80,34728,ok_volume,303,0,303,45313,448,45761
1769884656,29,69,1.0,889,0,889,ok_volume,1.0,4302,0,4302,ok_volume,0.995,34097,80,34177,ok_volume,36,0,36,45140,448,45588
1769884657,30,69,1.0,800,0,800,ok_volume,1.0,4596,0,4596,ok_volume,0.995,34365,80,34445,ok_volume,483,0,483,45601,448,46049
1769884658,30,69,0,816,124,940,low_activity,0.862,1675,124,1799,ok_volume,0.988,33611,204,33815,ok_volume,303,124,427,45844,572,46416
1769884659,30,69,0.788,1045,124,1169,ok_volume,0.833,1362,124,1486,ok_volume,0.988,33631,204,33835,ok_volume,262,0,262,46025,572,46597
1769884660,30,69,0.802,1128,124,1252,ok_volume,0.859,1641,124,1765,ok_volume,0.99,32520,160,32680,ok_volume,497,0,497,45733,572,46305
1769884661,30,69,1.0,1002,0,1002,ok_volume,0.87,1788,124,1912,ok_volume,0.99,31611,160,31771,ok_volume,187,0,187,45499,572,46071
1769884662,29,69,0.313,909,476,1385,ok_volume,0.441,1547,600,2147,ok_volume,0.961,30963,623,31586,ok_volume,250,476,726,45172,1043,46215
1769884663,29,70,0.034,509,476,985,ok_volume,0.474,1334,476,1810,ok_volume,0.96,30247,623,30870,ok_volume,90,0,90,45205,1043,46248
1769884664,29,70,0.423,1175,476,1651,ok_volume,0.589,1842,476,2318,ok_volume,0.961,31090,623,31713,ok_volume,843,0,843,45957,1043,47000
1769884665,29,70,1.0,1311,0,1311,ok_volume,0.568,1730,476,2206,ok_volume,0.96,30543,623,31166,ok_volume,378,0,378,45524,945,46469
1769884666,29,70,1.0,1641,0,1641,ok_volume,0.611,1973,476,2449,ok_volume,0.96,30511,623,31134,ok_volume,420,0,420,45231,945,46176
1769884667,29,70,1.0,7008,0,7008,ok_volume,1.0,7941,0,7941,ok_volume,0.966,36409,623,37032,ok_volume,6210,0,6210,50937,945,51882
1769884668,29,70,1.0,6677,0,6677,ok_volume,1.0,7898,0,7898,ok_volume,0.966,36440,623,37063,ok_volume,47,0,47,50042,945,50987
1769884669,29,70,1.0,6877,0,6877,ok_volume,1.0,7675,0,7675,ok_volume,0.967,37060,623,37683,ok_volume,620,0,620,50443,898,51341
1769884670,29,70,0,1233,0,1233,low_activity,1.0,7863,0,7863,ok_volume,0.966,36181,623,36804,ok_volume,566,0,566,50802,893,51695
1769884671,29,70,1.0,1758,0,1758,ok_volume,1.0,8015,0,8015,ok_volume,0.967,36590,623,37213,ok_volume,572,0,572,50990,893,51883
1769884672,29,70,0.792,3180,369,3549,ok_volume,0.825,3847,369,4216,ok_volume,0.947,36730,992,37722,ok_volume,2051,369,2420,52169,1262,53431
1769884673,29,70,0.758,2677,369,3046,ok_volume,0.826,3863,369,4232,ok_volume,0.947,36793,992,37785,ok_volume,63,0,63,52183,1262,53445
1769884674,29,70,-0.073,2794,3235,6029,ok_volume,0.097,3932,3235,7167,ok_volume,0.701,21947,3858,25805,ok_volume,692,2807,3499,52762,4128,56890
1769884675,29,70,-0.49,981,2866,3847,ok_volume,0.053,3595,3235,6830,ok_volume,0.702,22005,3858,25863,ok_volume,229,0,229,52641,4128,56769
1769884676,29,70,-0.39,1232,2807,4039,ok_volume,0.016,3337,3235,6572,ok_volume,0.704,22043,3835,25878,ok_volume,314,8,322,52955,4136,57091
1769884677,29,70,1.0,1245,0,1245,ok_volume,-0.179,1997,2866,4863,ok_volume,0.711,22745,3835,26580,ok_volume,702,0,702,53627,4003,57630
1769884678,29,70,0.404,1016,431,1447,ok_volume,-0.252,1934,3238,5172,ok_volume,0.682,22525,4266,26791,ok_volume,0,431,431,53601,4434,58035
1769884679,28,71,0,702,431,1133,low_activity,0.486,1245,431,1676,ok_volume,0.657,20620,4266,24886,ok_volume,0,5,5,52594,4439,57033
1769884680,28,71,-0.878,78,1200,1278,ok_volume,-0.046,1094,1200,2294,ok_volume,0.609,20698,5035,25733,ok_volume,78,769,847,52640,5132,57772
1769884681,28,71,-0.486,266,769,1035,ok_volume,-0.107,968,1200,2168,ok_volume,0.604,20383,5035,25418,ok_volume,37,0,37,51813,5132,56945
1769884682,28,71,-0.486,266,769,1035,ok_volume,-0.637,266,1200,1466,ok_volume,0.601,20194,5035,25229,ok_volume,0,0,0,51760,5132,56892
1769884683,28,71,0,56,0,56,low_activity,-0.459,285,769,1054,ok_volume,0.543,16989,5035,22024,ok_volume,21,0,21,51720,5132,56852
1769884684,28,71,0,347,0,347,low_activity,-0.113,613,769,1382,ok_volume,0.538,16745,5035,21780,ok_volume,328,0,328,51980,5132,57112
1769884685,28,71,0,407,0,407,low_activity,0,444,0,444,low_activity,0.533,16518,5035,21553,ok_volume,60,0,60,51291,5132,56423
1769884686,28,70,0,1033,769,1802,low_activity,0.155,1052,769,1821,ok_volume,0.494,17133,5804,22937,ok_volume,645,769,1414,51353,5901,57254
1769884687,26,72,-0.151,4189,5684,9873,ok_volume,-0.112,4536,5684,10220,ok_volume,0.305,20134,10719,30853,ok_volume,3484,4919,8403,54611,10820,65431
1769884688,26,73,-0.149,4207,5684,9891,ok_volume,-0.106,4595,5684,10279,ok_volume,0.305,19909,10595,30504,ok_volume,78,0,78,53632,10820,64452
1769884689,24,72,-0.005,4888,4940,9828,ok_volume,-0.01,5593,5709,11302,ok_volume,0.326,20900,10620,31520,ok_volume,1326,27,1353,54719,10847,65566
1769884690,25,73,0.969,1606,25,1631,ok_volume,0.002,5735,5709,11444,ok_volume,0.32,20612,10620,31232,ok_volume,202,0,202,53244,10803,64047
1769884691,25,73,0.968,1528,25,1553,ok_volume,0.015,5090,4940,10030,ok_volume,0.316,20435,10620,31055,ok_volume,0,0,0,52158,10803,62961
1769884692,25,73,0,202,0,202,low_activity,0.969,1606,25,1631,ok_volume,0.331,20193,10144,30337,ok_volume,0,0,0,51267,10790,62057
1769884693,26,73,0,10,0,10,low_activity,0.968,1538,25,1563,ok_volume,0.329,20113,10144,30257,ok_volume,10,0,10,50466,10790,61256
1769884694,25,73,1.0,1007,0,1007,ok_volume,1.0,1209,0,1209,ok_volume,0.333,20267,10144,30411,ok_volume,997,0,997,51463,10790,62253
1769884695,27,72,1.0,1103,0,1103,ok_volume,1.0,1103,0,1103,ok_volume,0.327,19985,10144,30129,ok_volume,46,0,46,50631,10790,61421
1769884696,27,72,1.0,1887,0,1887,ok_volume,1.0,1897,0,1897,ok_volume,0.335,20359,10144,30503,ok_volume,794,0,794,50973,10790,61763
1769884697,27,72,0.951,1038,26,1064,ok_volume,0.976,2101,26,2127,ok_volume,0.171,14353,10170,24523,ok_volume,204,26,230,50865,10816,61681
1769884698,27,72,0.953,1083,26,1109,ok_volume,0.976,2176,26,2202,ok_volume,0.172,14391,10170,24561,ok_volume,85,0,85,50932,10816,61748
1769884699,24,74,0,289,42,331,low_activity,0.928,1123,42,1165,ok_volume,0.15,13771,10186,23957,ok_volume,0,16,16,50932,10832,61764
1769884700,24,72,0,85,16,101,low_activity,0.925,1083,42,1125,ok_volume,0.129,13205,10186,23391,ok_volume,3,0,3,49490,10832,60322
1769884701,25,72,0,319,16,335,low_activity,0.871,608,42,650,ok_volume,0.12,12952,10186,23138,ok_volume,326,0,326,49648,10832,60480
1769884702,26,72,0.961,747,15,762,ok_volume,0.928,832,31,863,ok_volume,0.071,11338,9832,21170,ok_volume,428,0,428,48164,10843,59007
1769884703,27,72,0.961,747,15,762,ok_volume,0.92,747,31,778,ok_volume,0.071,11275,9773,21048,ok_volume,0,0,0,48164,10843,59007
1769884704,27,72,0,1073,0,1073,low_activity,0.979,1392,15,1407,ok_volume,0.234,11231,6966,18197,ok_volume,645,0,645,33268,10843,44111
1769884705,27,72,0,645,0,645,low_activity,0.979,1392,15,1407,ok_volume,0.225,11002,6966,17968,ok_volume,0,0,0,33097,10843,43940
1769884706,27,72,1.0,4075,0,4075,ok_volume,1.0,4503,0,4503,ok_volume,0.339,14118,6966,21084,ok_volume,3430,0,3430,36251,10820,47071
1769884707,27,72,0,3430,0,3430,low_activity,1.0,4075,0,4075,ok_volume,0.316,13416,6966,20382,ok_volume,3,0,3,36254,10820,47074
1769884708,27,72,0,3430,0,3430,low_activity,1.0,4075,0,4075,ok_volume,0.345,13416,6535,19951,ok_volume,1,0,1,36035,10820,46855
1769884709,27,72,0,132,0,132,low_activity,1.0,3562,0,3562,ok_volume,0.349,13548,6535,20083,ok_volume,66,0,66,34262,10820,45082
1769884710,27,72,0,268,25,293,low_activity,0.987,3698,25,3723,ok_volume,0.398,13455,5791,19246,ok_volume,136,25,161,34398,10845,45243
1769884711,27,72,0,217,25,242,low_activity,0.838,283,25,308,ok_volume,0.398,13433,5791,19224,ok_volume,17,0,17,33908,10845,44753
1769884712,27,72,0,184,90,274,low_total_volume,0.557,316,90,406,ok_volume,0.394,13466,5856,19322,ok_volume,33,65,98,33752,10910,44662
1769884713,27,71,0,2412,65,2477,low_activity,0.933,2614,90,2704,ok_volume,0.459,15811,5856,21667,ok_volume,2364,0,2364,32892,10910,43802
1769884714,27,71,0,2407,65,2472,low_activity,0.932,2558,90,2648,ok_volume,0.451,15493,5856,21349,ok_volume,10,0,10,32324,10910,43234
1769884715,27,71,0,2374,0,2374,low_activity,0.948,2422,65,2487,ok_volume,0.45,15433,5856,21289,ok_volume,0,0,0,32021,10910,42931
1769884716,28,71,0,10,0,10,low_activity,0,2407,65,2472,low_activity,0.488,14788,5087,19875,ok_volume,0,0,0,31985,10910,42895
1769884717,28,71,0,0,0,0,no_volume,0,2374,0,2374,low_activity,0.97,11304,172,11476,ok_volume,0,0,0,31502,10910,42412
1769884718,28,71,0,95,0,95,low_total_volume,0,105,0,105,low_total_volume,0.97,11321,172,11493,ok_volume,97,2,99,31296,10788,42084
1769884719,28,71,0,159,0,159,low_total_volume,0,159,0,159,low_total_volume,0.971,10059,147,10206,ok_volume,64,0,64,31022,10788,41810
1769884720,28,71,0,159,0,159,low_total_volume,0,159,0,159,low_total_volume,0.971,9857,147,10004,ok_volume,0,0,0,30525,10788,41313
1769884721,28,71,0,80,42,122,low_activity,0,175,42,217,low_total_volume,0.962,9873,189,10062,ok_volume,6,42,48,30360,10830,41190
1769884722,28,71,0,80,42,122,low_activity,0,239,42,281,low_total_volume,0.963,9937,189,10126,ok_volume,70,0,70,30180,10354,40534
1769884723,28,71,0,64,98,162,low_activity,0,144,98,242,low_total_volume,0.952,9927,245,10172,ok_volume,0,56,56,30090,10410,40500
1769884724,28,71,0,64,56,120,low_activity,0,80,98,178,low_activity,0.946,8874,245,9119,ok_volume,0,0,0,29247,10410,39657
1769884725,28,71,0,65,56,121,low_activity,0,129,98,227,low_activity,0.946,8899,245,9144,ok_volume,65,0,65,28934,10410,39344
1769884726,28,71,0,179,0,179,low_activity,0,243,56,299,low_activity,0.942,8219,245,8464,ok_volume,114,0,114,28628,10410,39038
1769884727,28,71,0,679,0,679,low_activity,0.848,679,56,735,ok_volume,0.95,8515,219,8734,ok_volume,500,0,500,22918,10410,33328
1769884728,28,71,0,614,0,614,low_activity,0,679,0,679,low_activity,0.949,8430,219,8649,ok_volume,0,0,0,22871,10410,33281
1769884729,28,71,1.0,2214,0,2214,ok_volume,1.0,2393,0,2393,ok_volume,0.961,10144,203,10347,ok_volume,1714,1,1715,23965,10411,34376
1769884730,28,71,1.0,1845,0,1845,ok_volume,1.0,2459,0,2459,ok_volume,0.961,10275,203,10478,ok_volume,131,0,131,23530,10411,33941
1769884731,28,71,1.0,2040,0,2040,ok_volume,1.0,2540,0,2540,ok_volume,0.964,10151,188,10339,ok_volume,201,0,201,23159,10411,33570
1769884732,28,71,1.0,472,0,472,ok_volume,1.0,2186,0,2186,ok_volume,0.963,9869,188,10057,ok_volume,146,0,146,21254,10042,31296
1769884733,28,71,1.0,3001,0,3001,ok_volume,1.0,4846,0,4846,ok_volume,0.97,12529,188,12717,ok_volume,2660,0,2660,23851,9983,33834
1769884734,27,71,0.475,2806,1000,3806,ok_volume,0.516,3132,1000,4132,ok_volume,0.818,11884,1188,13072,ok_volume,6,1004,1010,23165,8180,31345
1769884735,27,72,0.454,2660,1000,3660,ok_volume,0.5,3001,1000,4001,ok_volume,0.818,11884,1188,13072,ok_volume,0,0,0,22936,8180,31116
1769884736,27,72,0,34,1000,1034,low_activity,0.479,2840,1000,3840,ok_volume,0.754,8488,1188,9676,ok_volume,34,0,34,22656,8172,30828
1769884737,27,72,0,194,0,194,low_activity,0.481,2854,1000,3854,ok_volume,0.758,8648,1188,9836,ok_volume,160,0,160,22114,8172,30286
1769884738,27,72,0,204,0,204,low_activity,0,204,1000,1204,low_activity,0.757,8592,1188,9780,ok_volume,10,0,10,22124,7741,29865
1769884739,27,72,0,186,0,186,low_activity,0,220,0,220,low_activity,0.756,8542,1188,9730,ok_volume,5,1,6,22145,7737,29882
1769884740,27,72,0,192,30,222,low_total_volume,0.856,386,30,416,ok_volume,0.756,8572,1193,9765,ok_volume,166,30,196,22082,6998,29080
1769884741,27,72,-0.84,176,2030,2206,ok_volume,-0.697,362,2030,2392,ok_volume,0.457,8567,3193,11760,ok_volume,10,2000,2010,22055,8998,31053
1769884742,27,72,-0.799,227,2030,2257,ok_volume,-0.778,253,2030,2283,ok_volume,0.466,8585,3128,11713,ok_volume,51,8,59,22106,9006,31112
1769884743,27,72,-0.595,508,2000,2508,ok_volume,-0.501,674,2030,2704,ok_volume,0.361,6668,3128,9796,ok_volume,450,0,450,22535,9006,31541
1769884744,27,72,-0.083,498,588,1086,ok_volume,-0.591,674,2618,3292,ok_volume,0.284,6658,3716,10374,ok_volume,0,588,588,22207,9594,31801
1769884745,27,72,-0.094,487,588,1075,ok_volume,-0.651,548,2588,3136,ok_volume,0.286,6698,3716,10414,ok_volume,40,0,40,22193,9594,31787
1769884746,27,72,-0.107,474,588,1062,ok_volume,0.246,972,588,1560,ok_volume,0.315,7132,3716,10848,ok_volume,434,0,434,21982,8825,30807
1769884747,27,72,0.705,1157,200,1357,ok_volume,0.341,1604,788,2392,ok_volume,0.332,7815,3916,11731,ok_volume,683,201,884,19181,4107,23288
1769884748,27,72,0.696,1117,200,1317,ok_volume,0.19,1157,788,1945,ok_volume,0.327,7720,3916,11636,ok_volume,0,0,0,19103,4107,23210
1769884749,27,72,0,683,200,883,low_activity,0.705,1157,200,1357,ok_volume,0.323,7656,3916,11572,ok_volume,0,0,0,17777,4080,21857
1769884750,27,72,0,823,0,823,low_activity,0.813,1940,200,2140,ok_volume,0.367,8463,3916,12379,ok_volume,796,0,796,18405,4080,22485
1769884751,27,72,1.0,876,0,876,ok_volume,0.773,1559,200,1759,ok_volume,0.375,8516,3874,12390,ok_volume,53,0,53,18458,4080,22538
1769884752,27,72,1.0,925,0,925,ok_volume,1.0,959,0,959,ok_volume,0.376,8535,3874,12409,ok_volume,89,0,89,18547,4080,22627
1769884753,27,72,0,146,26,172,low_total_volume,0.948,969,26,995,ok_volume,0.379,8545,3844,12389,ok_volume,15,26,41,18552,4106,22658
1769884754,27,72,-0.609,278,1145,1423,ok_volume,-0.011,1120,1145,2265,ok_volume,0.275,8730,4963,13693,ok_volume,185,1119,1304,17684,5225,22909
1769884755,27,72,-0.709,195,1145,1340,ok_volume,-0.551,331,1145,1476,ok_volume,0.272,8665,4963,13628,ok_volume,9,0,9,17647,5225,22872
1769884756,27,72,-0.393,488,1119,1607,ok_volume,-0.327,581,1145,1726,ok_volume,0.282,8854,4963,13817,ok_volume,303,0,303,17156,5225,22381
1769884757,27,72,0,303,0,303,low_activity,-0.394,498,1145,1643,ok_volume,0.255,8354,4963,13317,ok_volume,8,0,8,16960,5199,22159
1769884758,27,72,0,329,0,329,low_activity,-0.37,514,1119,1633,ok_volume,0.256,8380,4963,13343,ok_volume,26,0,26,16901,5199,22100
1769884759,27,72,0,42,0,42,low_activity,1.0,345,0,345,ok_volume,0.148,6682,4963,11645,ok_volume,19,0,19,16920,5185,22105
1769884760,27,72,0,122,0,122,low_activity,1.0,425,0,425,ok_volume,0.144,6631,4963,11594,ok_volume,80,0,80,16997,5185,22182
1769884761,27,72,0,196,0,196,low_activity,0,222,0,222,low_activity,0.137,6536,4963,11499,ok_volume,100,0,100,16771,5170,21941
1769884762,27,72,0,180,0,180,low_activity,0,222,0,222,low_activity,0.126,6390,4963,11353,ok_volume,0,0,0,16343,5170,21513
1769884763,27,72,0,433,0,433,low_activity,0,529,0,529,low_activity,-0.1,4063,4963,9026,ok_volume,333,0,333,16676,5170,21846
1769884764,27,72,0,494,79,573,low_activity,0.79,674,79,753,ok_volume,0.022,4224,4042,8266,ok_volume,161,79,240,16192,5249,21441
1769884765,27,72,0,494,79,573,low_activity,0,594,79,673,low_activity,0.022,4224,4042,8266,ok_volume,14,0,14,16206,5249,21455
1769884766,27,72,0.815,776,79,855,ok_volume,0.867,1109,79,1188,ok_volume,0.086,4805,4042,8847,ok_volume,615,0,615,13391,5249,18640
1769884767,27,72,1.0,715,0,715,ok_volume,0.877,1209,79,1288,ok_volume,0.08,4745,4042,8787,ok_volume,100,0,100,13488,5249,18737
1769884768,27,72,1.0,815,0,815,ok_volume,0.85,976,79,1055,ok_volume,0.088,4819,4042,8861,ok_volume,100,0,100,13521,5249,18770
1769884769,27,72,0,234,0,234,low_activity,1.0,849,0,849,ok_volume,0.091,4853,4042,8895,ok_volume,34,0,34,13489,5249,18738
1769884770,27,72,0,800,0,800,low_activity,1.0,1515,0,1515,ok_volume,0.143,5353,4012,9365,ok_volume,0,0,0,14019,5224,19243
1769884771,27,72,0,700,0,700,low_activity,0,900,0,900,low_activity,0.453,5343,2012,7355,ok_volume,0,0,0,14002,5224,19226
1769884772,27,72,0,114,0,114,low_activity,1.0,914,0,914,ok_volume,0.458,5406,2012,7418,ok_volume,114,0,114,14083,5159,19242
1769884773,27,72,0,149,30,179,low_activity,0.932,849,30,879,ok_volume,0.42,4994,2042,7036,ok_volume,35,30,65,11754,5189,16943
1769884774,27,72,0,149,30,179,low_activity,0,149,30,179,low_activity,0.549,4994,1454,6448,ok_volume,0,0,0,11744,5189,16933
1769884775,27,72,0,152,30,182,low_activity,0,266,30,296,low_total_volume,0.554,5071,1454,6525,ok_volume,125,0,125,11869,5189,17058
1769884776,27,72,0,117,0,117,low_activity,0,266,30,296,low_total_volume,0.523,4637,1454,6091,ok_volume,0,0,0,11869,5189,17058
1769884777,27,72,0,117,0,117,low_activity,0,152,30,182,low_activity,0.518,3954,1254,5208,ok_volume,0,0,0,11869,5189,17058
1769884778,27,72,1.0,307,0,307,ok_volume,1.0,424,0,424,ok_volume,0.545,4261,1254,5515,ok_volume,211,0,211,12079,5187,17266
1769884779,27,72,1.0,307,0,307,ok_volume,1.0,424,0,424,ok_volume,0.542,4227,1254,5481,ok_volume,0,0,0,12015,5187,17202
1769884780,27,72,1.0,345,0,345,ok_volume,1.0,441,0,441,ok_volume,0.48,3572,1254,4826,ok_volume,134,0,134,12133,5187,17320
1769884781,27,72,1.0,463,0,463,ok_volume,1.0,770,0,770,ok_volume,0.508,3848,1254,5102,ok_volume,29,0,29,12456,5145,17601
1769884782,27,72,1.0,828,0,828,ok_volume,1.0,1039,0,1039,ok_volume,0.534,4130,1254,5384,ok_volume,365,0,365,12751,5145,17896
1769884783,27,72,1.0,1393,0,1393,ok_volume,1.0,1827,0,1827,ok_volume,0.613,5119,1228,6347,ok_volume,1005,0,1005,13756,5089,18845
1769884784,27,72,1.0,1394,0,1394,ok_volume,1.0,1857,0,1857,ok_volume,0.957,4964,109,5073,ok_volume,30,0,30,13786,5089,18875
1769884785,27,72,0.899,1129,60,1189,ok_volume,0.924,1523,60,1583,ok_volume,0.935,5064,169,5233,ok_volume,100,60,160,13821,5149,18970
1769884786,27,72,0,130,60,190,low_activity,0.923,1494,60,1554,ok_volume,0.931,4761,169,4930,ok_volume,4,0,4,13711,5149,18860
1769884787,27,72,0,242,60,302,low_activity,0.91,1271,60,1331,ok_volume,0.933,4903,169,5072,ok_volume,146,0,146,13357,5149,18506
1769884788,27,72,0,189,0,189,low_activity,0.683,319,60,379,ok_volume,0.934,4924,169,5093,ok_volume,47,5,52,13404,5154,18558
1769884789,27,72,0,528,0,528,low_activity,0.826,628,60,688,ok_volume,0.938,5247,169,5416,ok_volume,339,1,340,12029,5154,17183
1769884790,27,72,0,454,0,454,low_activity,1.0,596,0,596,ok_volume,0.937,5235,169,5404,ok_volume,74,0,74,11972,5154,17126
1769884791,27,72,1.0,490,0,490,ok_volume,1.0,679,0,679,ok_volume,0.937,5218,169,5387,ok_volume,83,0,83,11854,5154,17008
1769884792,27,72,0,151,769,920,low_activity,-0.178,537,769,1306,ok_volume,0.695,5218,938,6156,ok_volume,0,769,769,11708,5923,17631
1769884793,27,72,0,100,769,869,low_activity,-0.205,507,769,1276,ok_volume,0.679,4902,938,5840,ok_volume,17,0,17,9065,5923,14988
1769884794,27,72,0,17,769,786,low_activity,-0.641,168,769,937,ok_volume,0.693,4741,859,5600,ok_volume,0,0,0,9059,4919,13978
1769884795,27,72,0,83,0,83,low_activity,-0.645,166,769,935,ok_volume,0.697,4807,859,5666,ok_volume,66,0,66,9125,4919,14044
1769884796,27,72,0,66,0,66,low_activity,0,83,769,852,low_activity,0.66,4192,859,5051,ok_volume,3,0,3,9094,4919,14013
1769884797,27,72,0,76,0,76,low_activity,0,93,0,93,low_activity,0.654,4102,859,4961,ok_volume,14,0,14,8948,4919,13867
1769884798,27,72,0,43,0,43,low_activity,0,109,0,109,low_activity,0.649,4035,859,4894,ok_volume,33,0,33,8955,4919,13874
1769884799,27,72,0,93,0,93,low_activity,0,159,0,159,low_activity,0.595,3385,859,4244,ok_volume,50,0,50,9000,4918,13918
1769884800,27,72,0,83,0,83,low_activity,0,93,0,93,low_activity,0.595,3385,859,4244,ok_volume,0,6,6,8834,4894,13728
1769884801,27,72,0,130,0,130,low_activity,0,173,0,173,low_activity,0.603,3465,859,4324,ok_volume,80,0,80,8904,2894,11798
1769884802,27,72,0,99,0,99,low_activity,0,182,0,182,low_activity,0.594,3370,859,4229,ok_volume,19,0,19,8872,2886,11758
1769884803,27,72,0,99,0,99,low_activity,0,149,0,149,low_activity,0.602,3335,829,4164,ok_volume,6,0,6,8428,2886,11314
1769884804,27,72,0,770,0,770,low_activity,0,850,0,850,low_activity,0.663,4086,829,4915,ok_volume,751,0,751,9173,2298,11471
1769884805,27,72,0,751,20,771,low_activity,0.954,850,20,870,ok_volume,0.648,3969,849,4818,ok_volume,0,20,20,9133,2318,11451
1769884806,27,72,0.951,797,20,817,ok_volume,0.952,816,20,836,ok_volume,0.651,4015,849,4864,ok_volume,54,0,54,8753,2318,11071
1769884807,27,72,0,46,20,66,low_activity,0.951,797,20,817,ok_volume,0.644,3919,849,4768,ok_volume,0,0,0,8070,2117,10187
1769884808,27,72,0,76,0,76,low_activity,0.953,827,20,847,ok_volume,0.63,3738,849,4587,ok_volume,30,0,30,8100,2117,10217
1769884809,27,72,0,94,0,94,low_activity,0,140,20,160,low_total_volume,0.635,3802,849,4651,ok_volume,64,0,64,8130,2117,10247
1769884810,27,72,0,94,0,94,low_activity,0,140,0,140,low_activity,0.597,3368,849,4217,ok_volume,0,0,0,7334,2117,9451
1769884811,27,72,0,64,0,64,low_activity,0,94,0,94,low_activity,0.595,3339,849,4188,ok_volume,0,0,0,7281,2117,9398
1769884812,27,72,0,166,0,166,low_activity,0,260,0,260,low_activity,0.574,3140,849,3989,ok_volume,166,0,166,7358,2117,9475
1769884813,27,72,0,499,0,499,low_activity,0,563,0,563,low_activity,0.489,2474,849,3323,ok_volume,333,0,333,7676,2091,9767
1769884814,27,72,0,582,0,582,low_activity,0,582,0,582,low_activity,0.497,2527,849,3376,ok_volume,83,0,83,7574,972,8546
1769884815,27,72,0.898,648,35,683,ok_volume,0.918,814,35,849,ok_volume,0.527,2659,824,3483,ok_volume,232,0,232,7797,1007,8804
1769884816,27,72,0,315,35,350,low_activity,0.918,814,35,849,ok_volume,0.527,2659,824,3483,ok_volume,0,0,0,7494,1007,8501
1769884817,27,72,0,232,0,232,low_activity,0.898,648,35,683,ok_volume,0.507,2517,824,3341,ok_volume,0,0,0,7486,1007,8493
1769884818,27,72,0,0,0,0,no_volume,0,315,35,350,low_activity,0.5,2470,824,3294,ok_volume,0,0,0,7460,1005,8465
1769884819,27,72,0,166,0,166,low_activity,0,398,0,398,low_activity,0.472,2297,824,3121,ok_volume,166,0,166,7607,1005,8612
1769884820,27,72,0,545,0,545,low_activity,0,545,0,545,low_activity,0.52,2608,824,3432,ok_volume,379,0,379,7906,1005,8911
1769884821,27,72,0,545,0,545,low_activity,0,545,0,545,low_activity,0.508,2525,824,3349,ok_volume,0,0,0,7806,1005,8811
1769884822,27,72,0,379,0,379,low_activity,0,545,0,545,low_activity,0.957,2525,55,2580,ok_volume,0,0,0,7806,1005,8811
1769884823,27,72,0,0,0,0,no_volume,0,545,0,545,low_activity,0.957,2508,55,2563,ok_volume,0,0,0,7473,1005,8478
1769884824,27,72,0,0,20,20,low_activity,0,379,20,399,low_activity,0.942,2508,75,2583,ok_volume,0,20,20,7312,946,8258
1769884825,27,72,0,0,20,20,low_activity,0,0,20,20,low_activity,0.94,2442,75,2517,ok_volume,0,0,0,7298,946,8244
1769884826,27,72,0,300,20,320,low_activity,0,300,20,320,low_activity,0.947,2742,75,2817,ok_volume,300,0,300,6983,946,7929
1769884827,27,72,0,300,0,300,low_activity,0,300,20,320,low_activity,0.947,2732,75,2807,ok_volume,6,0,6,6889,946,7835
1769884828,27,72,0,453,0,453,low_activity,0.915,453,20,473,ok_volume,0.949,2852,75,2927,ok_volume,153,0,153,6942,946,7888
1769884829,27,72,0,187,0,187,low_activity,1.0,487,0,487,ok_volume,0.948,2836,75,2911,ok_volume,34,0,34,6276,946,7222
1769884830,27,72,0,187,0,187,low_activity,1.0,487,0,487,ok_volume,0.948,2836,75,2911,ok_volume,0,0,0,6276,946,7222
1769884831,27,72,0,54,0,54,low_activity,0,207,0,207,low_total_volume,0.947,2776,75,2851,ok_volume,20,0,20,6296,946,7242
1769884832,27,72,0,239,0,239,low_activity,1.0,426,0,426,ok_volume,0.951,2976,75,3051,ok_volume,219,0,219,6401,946,7347
1769884833,27,72,0,256,0,256,low_activity,0,290,0,290,low_total_volume,0.951,2993,75,3068,ok_volume,17,0,17,6383,916,7299
1769884834,27,72,0,355,0,355,low_activity,1.0,375,0,375,ok_volume,0.938,2361,75,2436,ok_volume,119,0,119,6502,916,7418
1769884835,27,72,0,136,0,136,low_activity,1.0,375,0,375,ok_volume,0.954,2361,55,2416,ok_volume,12,0,12,6389,916,7305
1769884836,27,72,0,977,0,977,low_activity,1.0,1213,0,1213,ok_volume,0.966,3173,55,3228,ok_volume,858,0,858,7247,916,8163
1769884837,27,72,0,918,0,918,low_activity,0,1054,0,1054,low_activity,0.967,3233,55,3288,ok_volume,60,0,60,7211,916,8127
1769884838,27,72,0,1036,0,1036,low_activity,1.0,1155,0,1155,ok_volume,0.967,3321,55,3376,ok_volume,118,0,118,7118,916,8034
1769884839,27,72,1.0,1145,0,1145,ok_volume,1.0,2003,0,2003,ok_volume,0.974,4224,55,4279,ok_volume,322,0,322,8085,916,9001
1769884840,27,72,1.0,1222,0,1222,ok_volume,1.0,2140,0,2140,ok_volume,0.975,4361,55,4416,ok_volume,137,0,137,7788,916,8704
1769884841,27,72,0,459,0,459,low_activity,1.0,1282,0,1282,ok_volume,0.975,4361,55,4416,ok_volume,0,0,0,7759,916,8675
1769884842,27,72,0,137,0,137,low_activity,1.0,1222,0,1222,ok_volume,0.974,4195,55,4250,ok_volume,0,0,0,7394,916,8310
1769884843,27,72,0,666,0,666,low_activity,0,1125,0,1125,low_activity,0.976,4528,55,4583,ok_volume,666,0,666,7055,916,7971
1769884844,27,72,0,1006,0,1006,low_activity,0,1143,0,1143,low_activity,0.992,4785,20,4805,ok_volume,340,0,340,7365,916,8281
1769884845,27,72,0,1192,0,1192,low_activity,0,1192,0,1192,low_activity,0.992,4739,20,4759,ok_volume,186,0,186,7451,856,8307
1769884846,27,72,0,626,0,626,low_activity,1.0,1292,0,1292,ok_volume,0.992,4839,20,4859,ok_volume,101,0,101,7548,856,8404
1769884847,27,72,0,309,0,309,low_activity,1.0,1315,0,1315,ok_volume,0.992,4862,20,4882,ok_volume,23,0,23,7425,856,8281
1769884848,27,72,0,123,0,123,low_activity,1.0,649,0,649,ok_volume,0.992,4862,20,4882,ok_volume,0,0,0,7378,851,8229
1769884849,27,72,0,356,0,356,low_activity,1.0,642,0,642,ok_volume,0.992,5029,20,5049,ok_volume,333,0,333,7372,850,8222
1769884850,27,72,0,418,0,418,low_activity,1.0,541,0,541,ok_volume,0.992,4735,20,4755,ok_volume,85,0,85,7383,850,8233
1769884851,27,72,1.0,528,0,528,ok_volume,1.0,551,0,551,ok_volume,0.992,4845,20,4865,ok_volume,110,0,110,7410,850,8260
1769884852,27,72,1.0,1113,0,1113,ok_volume,1.0,1446,0,1446,ok_volume,0.993,5763,20,5783,ok_volume,918,0,918,8328,81,8409
1769884853,27,72,1.0,1108,0,1108,ok_volume,1.0,1526,0,1526,ok_volume,0.993,5843,20,5863,ok_volume,80,0,80,8391,81,8472
1769884854,27,72,1.0,1498,0,1498,ok_volume,1.0,1693,0,1693,ok_volume,1.0,6343,0,6343,ok_volume,500,0,500,8891,81,8972
1769884855,27,72,0,580,0,580,low_activity,1.0,1608,0,1608,ok_volume,1.0,6343,0,6343,ok_volume,0,0,0,8825,81,8906
1769884856,27,72,0,921,0,921,low_activity,1.0,1919,0,1919,ok_volume,1.0,6464,0,6464,ok_volume,413,0,413,9246,81,9327
1769884857,27,72,0,421,159,580,low_activity,0.726,1001,159,1160,ok_volume,0.952,6464,159,6623,ok_volume,0,0,0,9232,240,9472
1769884858,27,72,0.65,749,159,908,ok_volume,0.776,1260,159,1419,ok_volume,0.953,6650,159,6809,ok_volume,339,0,339,9538,240,9778
1769884859,27,72,0,407,47,454,low_activity,0.602,828,206,1034,ok_volume,0.94,6684,206,6890,ok_volume,68,47,115,9556,287,9843
1769884860,27,72,0.84,540,47,587,ok_volume,0.644,950,206,1156,ok_volume,0.941,6817,206,7023,ok_volume,133,3,136,9689,284,9973
1769884861,27,72,0.785,391,47,438,ok_volume,0.879,730,47,777,ok_volume,0.943,6987,206,7193,ok_volume,190,0,190,9799,284,10083
1769884862,27,72,1.0,333,0,333,ok_volume,0.881,740,47,787,ok_volume,0.941,6778,206,6984,ok_volume,15,0,15,9795,284,10079
1769884863,27,72,0,232,0,232,low_activity,0.804,433,47,480,ok_volume,0.941,6793,206,6999,ok_volume,32,0,32,9821,284,10105
1769884864,27,72,0,559,0,559,low_activity,1.0,882,0,882,ok_volume,0.944,7191,206,7397,ok_volume,517,6,523,9587,290,9877
1769884865,27,72,0,549,0,549,low_activity,1.0,749,0,749,ok_volume,0.944,7191,206,7397,ok_volume,3,0,3,9590,270,9860
1769884866,27,72,0,1517,0,1517,low_activity,1.0,1559,0,1559,ok_volume,0.945,7333,206,7539,ok_volume,1000,0,1000,10536,270,10806
1769884867,27,72,0,1012,0,1012,low_activity,1.0,1561,0,1561,ok_volume,0.945,7285,206,7491,ok_volume,12,0,12,10548,270,10818
1769884868,27,72,0,1178,0,1178,low_activity,1.0,1695,0,1695,ok_volume,0.94,6688,206,6894,ok_volume,166,0,166,10684,270,10954
1769884869,27,72,0,839,0,839,low_activity,1.0,1839,0,1839,ok_volume,0.943,7027,206,7233,ok_volume,661,0,661,11281,270,11551
1769884870,26,73,0.728,827,130,957,ok_volume,0.868,1839,130,1969,ok_volume,0.907,6890,336,7226,ok_volume,0,130,130,11281,400,11681
1769884871,26,73,0,661,130,791,low_activity,0.732,839,130,969,ok_volume,0.907,6890,336,7226,ok_volume,0,0,0,11281,400,11681
1769884872,26,73,0,707,130,837,low_activity,0.844,1534,130,1664,ok_volume,0.915,7597,336,7933,ok_volume,707,0,707,11822,400,12222
1769884873,26,73,0,707,0,707,low_activity,0.826,1368,130,1498,ok_volume,0.908,6931,336,7267,ok_volume,7,0,7,11496,400,11896
1769884874,26,73,0,732,0,732,low_activity,0.698,732,130,862,ok_volume,0.903,6616,336,6952,ok_volume,25,0,25,11438,365,11803
1769884875,26,73,0,53,0,53,low_activity,1.0,760,0,760,ok_volume,0.901,6458,336,6794,ok_volume,28,0,28,11234,365,11599
1769884876,25,74,0,70,40,110,low_total_volume,0.902,777,40,817,ok_volume,0.889,6375,376,6751,ok_volume,18,40,58,11252,405,11657
1769884877,25,74,0,45,40,85,low_activity,0,70,40,110,low_total_volume,0.888,6352,376,6728,ok_volume,0,0,0,11252,405,11657
1769884878,25,74,0,17,40,57,low_activity,0,70,40,110,low_total_volume,0.888,6352,376,6728,ok_volume,0,0,0,11252,405,11657
1769884879,25,74,0,218,138,356,low_activity,0.193,263,178,441,ok_volume,0.848,6237,514,6751,ok_volume,218,138,356,11304,543,11847
1769884880,25,74,0.349,286,138,424,ok_volume,0.26,303,178,481,ok_volume,0.847,6220,514,6734,ok_volume,68,0,68,10993,543,11536
1769884881,25,74,0.57,504,138,642,ok_volume,0.57,504,138,642,ok_volume,0.85,6328,514,6842,ok_volume,218,0,218,11211,543,11754
1769884882,25,74,0,286,202,488,low_activity,0.194,504,340,844,ok_volume,0.766,5410,716,6126,ok_volume,0,202,202,11211,745,11956
1769884883,25,74,0,254,202,456,low_activity,0.227,540,340,880,ok_volume,0.765,5366,716,6082,ok_volume,36,0,36,11247,745,11992
1769884884,25,74,0,270,202,472,low_activity,0.467,556,202,758,ok_volume,0.754,5100,716,5816,ok_volume,234,0,234,11481,725,12206
1769884885,25,74,0,298,0,298,low_activity,0.437,516,202,718,ok_volume,0.755,5117,716,5833,ok_volume,28,0,28,11509,725,12234
1769884886,25,74,0.018,276,266,542,ok_volume,-0.2,312,468,780,ok_volume,0.703,4721,823,5544,ok_volume,14,266,280,11223,991,12214
1769884887,25,74,-0.304,142,266,408,ok_volume,0.215,412,266,678,ok_volume,0.708,4821,823,5644,ok_volume,100,0,100,11317,991,12308
1769884888,25,74,0,114,266,380,low_activity,0.171,376,266,642,ok_volume,0.69,4482,823,5305,ok_volume,0,0,0,11164,991,12155
1769884889,25,74,0,100,0,100,low_activity,-0.304,142,266,408,ok_volume,0.701,4414,776,5190,ok_volume,0,0,0,11130,991,12121
1769884890,25,74,0,0,0,0,no_volume,0,114,266,380,low_activity,0.693,4281,776,5057,ok_volume,0,0,0,11130,991,12121
1769884891,25,74,0,100,65,165,low_activity,0,200,65,265,low_activity,0.666,4191,841,5032,ok_volume,100,65,165,11210,1056,12266
1769884892,25,74,0,100,65,165,low_activity,0,100,65,165,low_activity,0.665,4181,841,5022,ok_volume,0,0,0,10991,1056,12047
1769884893,25,74,0,100,1165,1265,low_activity,0,100,1165,1265,low_activity,0.363,4149,1941,6090,ok_volume,0,1100,1100,10974,2156,13130
1769884894,25,74,-0.672,219,1116,1335,ok_volume,-0.575,319,1181,1500,ok_volume,0.326,3851,1957,5808,ok_volume,73,16,89,11074,2172,13246
1769884895,25,74,-0.672,219,1116,1335,ok_volume,-0.575,319,1181,1500,ok_volume,0.326,3851,1957,5808,ok_volume,0,0,0,11062,2172,13234
1769884896,25,74,0,1958,16,1974,low_activity,0.307,2104,1116,3220,ok_volume,0.415,4736,1957,6693,ok_volume,1885,0,1885,12089,2172,14261
1769884897,25,74,0.988,4062,24,4086,ok_volume,0.579,4281,1140,5421,ok_volume,0.554,6901,1981,8882,ok_volume,2177,24,2201,14206,2196,16402
1769884898,25,74,0.99,4883,24,4907,ok_volume,0.984,4956,40,4996,ok_volume,0.585,7556,1981,9537,ok_volume,821,0,821,14264,2196,16460
1769884899,25,74,0.984,2998,24,3022,ok_volume,0.99,4883,24,4907,ok_volume,0.554,6895,1981,8876,ok_volume,0,0,0,13942,2196,16138
1769884900,25,74,0,855,0,855,low_activity,0.99,4917,24,4941,ok_volume,0.578,6929,1851,8780,ok_volume,34,0,34,13839,2196,16035
1769884901,25,74,0,91,0,91,low_activity,0.985,3089,24,3113,ok_volume,0.581,6986,1851,8837,ok_volume,57,0,57,13896,2196,16092
1769884902,25,74,0,273,0,273,low_activity,1.0,1094,0,1094,ok_volume,0.555,6461,1851,8312,ok_volume,182,0,182,14078,2196,16274
1769884903,25,74,1.0,3956,0,3956,ok_volume,1.0,3990,0,3990,ok_volume,0.692,10178,1851,12029,ok_volume,3717,0,3717,17129,2196,19325
1769884904,25,74,1.0,3899,0,3899,ok_volume,1.0,3990,0,3990,ok_volume,0.692,10153,1851,12004,ok_volume,0,0,0,16789,2196,18985
1769884905,25,74,1.0,3859,0,3859,ok_volume,1.0,4098,0,4098,ok_volume,0.695,10267,1851,12118,ok_volume,142,0,142,16745,2196,18941
1769884906,25,74,0,152,0,152,low_activity,1.0,4051,0,4051,ok_volume,0.7,10260,1811,12071,ok_volume,10,0,10,16654,2196,18850
1769884907,25,74,1.0,2452,0,2452,ok_volume,1.0,6169,0,6169,ok_volume,0.748,12560,1811,14371,ok_volume,2303,0,2303,18934,2196,21130
1769884908,25,74,1.0,2758,0,2758,ok_volume,1.0,2900,0,2900,ok_volume,0.756,13008,1811,14819,ok_volume,448,0,448,19382,2196,21578
1769884909,25,74,1.0,2766,0,2766,ok_volume,1.0,2918,0,2918,ok_volume,0.769,12808,1673,14481,ok_volume,18,0,18,19067,2196,21263
1769884910,25,74,1.0,646,0,646,ok_volume,1.0,2956,0,2956,ok_volume,0.771,12920,1673,14593,ok_volume,180,0,180,19162,2196,21358
1769884911,25,74,0,265,0,265,low_activity,1.0,3013,0,3013,ok_volume,0.768,12769,1673,14442,ok_volume,67,0,67,19119,2196,21315
1769884912,25,74,0,247,0,247,low_activity,1.0,713,0,713,ok_volume,0.793,12769,1471,14240,ok_volume,0,0,0,18201,2196,20397
1769884913,25,74,0,178,0,178,low_activity,1.0,376,0,376,ok_volume,0.794,12844,1471,14315,ok_volume,111,0,111,18232,2196,20428
1769884914,25,74,-0.41,311,744,1055,ok_volume,-0.143,558,744,1302,ok_volume,0.705,12810,2215,15025,ok_volume,200,744,944,17932,2940,20872
1769884915,25,74,-0.098,611,744,1355,ok_volume,-0.046,678,744,1422,ok_volume,0.71,13082,2215,15297,ok_volume,300,0,300,18221,2940,21161
1769884916,25,74,-0.039,857,927,1784,ok_volume,0.022,968,927,1895,ok_volume,0.726,13425,2132,15557,ok_volume,357,183,540,18165,2964,21129
1769884917,25,74,0,657,183,840,low_activity,0.022,968,927,1895,ok_volume,0.724,13325,2132,15457,ok_volume,0,0,0,18165,2964,21129
1769884918,25,74,0,357,183,540,low_activity,-0.039,857,927,1784,ok_volume,0.724,13325,2132,15457,ok_volume,0,0,0,17826,2964,20790
1769884919,25,74,0,0,0,0,no_volume,0,657,183,840,low_activity,0.724,13325,2132,15457,ok_volume,0,0,0,17758,2917,20675
1769884920,25,74,0,0,0,0,no_volume,0,357,183,540,low_activity,0.724,13325,2132,15457,ok_volume,0,0,0,17625,2914,20539
1769884921,25,74,0,1000,0,1000,low_activity,0,1000,0,1000,low_activity,0.746,14225,2067,16292,ok_volume,1003,0,1003,18438,2914,21352
1769884922,25,74,0,1089,0,1089,low_activity,0,1089,0,1089,low_activity,0.748,14314,2067,16381,ok_volume,0,0,0,18512,2914,21426
1769884923,25,74,0,1454,0,1454,low_activity,0,1454,0,1454,low_activity,0.875,14533,967,15500,ok_volume,365,0,365,18845,2914,21759
1769884924,25,74,0,769,42,811,low_activity,0.956,1858,42,1900,ok_volume,0.875,14864,993,15857,ok_volume,404,42,446,18732,2950,21682
1769884925,25,74,0.903,820,42,862,ok_volume,0.957,1909,42,1951,ok_volume,0.875,14915,993,15908,ok_volume,58,0,58,18787,2950,21737
1769884926,25,74,0.877,642,42,684,ok_volume,0.92,1007,42,1049,ok_volume,0.86,13217,993,14210,ok_volume,187,0,187,17974,2950,20924
1769884927,25,74,0,256,27,283,low_total_volume,0.874,1025,69,1094,ok_volume,0.835,11058,996,12054,ok_volume,18,27,45,17980,2977,20957
1769884928,25,74,0.823,278,27,305,ok_volume,0.828,733,69,802,ok_volume,0.824,10310,996,11306,ok_volume,73,0,73,17887,2977,20864
1769884929,25,74,0,144,27,171,low_activity,0.868,382,27,409,ok_volume,0.825,10363,996,11359,ok_volume,0,0,0,17279,2977,20256
1769884930,25,74,0,308,0,308,low_activity,0.9,513,27,540,ok_volume,0.827,10511,996,11507,ok_volume,182,0,182,17461,2847,20308
1769884931,25,74,0,182,0,182,low_activity,0.847,326,27,353,ok_volume,0.826,10454,996,11450,ok_volume,4,0,4,17465,2847,20312
1769884932,25,74,0,182,0,182,low_activity,0,308,0,308,low_activity,0.823,10272,996,11268,ok_volume,0,0,0,16758,2847,19605
1769884933,25,74,0,0,0,0,low_activity,0,182,0,182,low_activity,0.736,6555,996,7551,ok_volume,0,0,0,16751,2847,19598
1769884934,25,74,0,54,0,54,low_activity,0,236,0,236,low_activity,0.738,6609,996,7605,ok_volume,54,0,54,16780,2847,19627
1769884935,25,74,0,304,0,304,low_activity,0,304,0,304,low_activity,0.742,6717,996,7713,ok_volume,250,0,250,17002,2847,19849
1769884936,25,74,0,304,0,304,low_activity,0,304,0,304,low_activity,0.741,6707,996,7703,ok_volume,1,0,1,16985,2807,19792
1769884937,25,74,1.0,15432,0,15432,ok_volume,1.0,15486,0,15486,ok_volume,0.903,19589,996,20585,ok_volume,15182,0,15182,32167,2807,34974
1769884938,25,74,0,15182,0,15182,low_activity,1.0,15486,0,15486,ok_volume,0.901,19141,996,20137,ok_volume,0,0,0,32167,2807,34974
1769884939,25,74,0,15288,0,15288,low_activity,1.0,15538,0,15538,ok_volume,0.902,19229,996,20225,ok_volume,106,0,106,32055,2669,34724
1769884940,25,74,0,1378,0,1378,low_activity,1.0,16560,0,16560,ok_volume,0.907,20321,996,21317,ok_volume,1272,0,1272,33259,2669,35928
1769884941,25,74,0,1378,0,1378,low_activity,1.0,16560,0,16560,ok_volume,0.906,20254,996,21250,ok_volume,0,0,0,33041,2669,35710
1769884942,25,74,0,1272,0,1272,low_activity,0,1378,0,1378,low_activity,0.906,20254,996,21250,ok_volume,0,0,0,33041,2467,35508
1769884943,25,74,0,0,0,0,low_activity,0,1378,0,1378,low_activity,0.906,20143,996,21139,ok_volume,7,0,7,33012,2467,35479
1769884944,25,74,0,87,0,87,low_activity,0,1359,0,1359,low_activity,0.975,20030,252,20282,ok_volume,87,0,87,32865,2467,35332
1769884945,25,74,0,105,0,105,low_activity,0,105,0,105,low_activity,0.975,19748,252,20000,ok_volume,23,0,23,32860,2467,35327
1769884946,25,74,0,163,0,163,low_activity,0,163,0,163,low_activity,0.993,19449,69,19518,ok_volume,59,0,59,32905,2201,35106
1769884947,25,74,0,229,0,229,low_activity,0,316,0,316,low_activity,0.993,19602,69,19671,ok_volume,153,0,153,32958,2201,35159
1769884948,25,74,0,211,30,241,low_activity,0.827,316,30,346,ok_volume,0.99,19602,99,19701,ok_volume,0,30,30,32958,2231,35189
1769884949,25,74,0,3819,30,3849,low_activity,0.985,3895,30,3925,ok_volume,0.992,23268,99,23367,ok_volume,3666,0,3666,36624,2231,38855
1769884950,25,74,0,3666,30,3696,low_activity,0.985,3877,30,3907,ok_volume,0.992,23268,99,23367,ok_volume,0,0,0,36624,2231,38855
1769884951,25,74,0.937,10948,354,11302,ok_volume,0.933,11101,384,11485,ok_volume,0.97,29461,453,29914,ok_volume,7282,354,7636,43806,2520,46326
1769884952,25,72,0.956,15795,354,16149,ok_volume,0.961,19461,384,19845,ok_volume,0.976,37974,453,38427,ok_volume,8513,0,8513,52319,2520,54839
1769884953,27,71,0.96,17287,354,17641,ok_volume,0.967,20953,354,21307,ok_volume,0.977,39101,453,39554,ok_volume,1500,0,1500,53673,1420,55093
1769884954,28,71,1.0,10005,0,10005,ok_volume,0.96,17287,354,17641,ok_volume,0.979,38697,411,39108,ok_volume,0,0,0,53600,1404,55004
1769884955,28,71,0,1492,0,1492,low_activity,0.96,17287,354,17641,ok_volume,0.979,38646,411,39057,ok_volume,0,0,0,53600,1404,55004
1769884956,28,71,0,0,0,0,no_volume,1.0,10005,0,10005,ok_volume,0.979,38459,411,38870,ok_volume,0,0,0,51715,1404,53119
1769884957,28,71,0,164,0,164,low_activity,0,1656,0,1656,low_activity,0.98,38605,384,38989,ok_volume,164,0,164,49702,1380,51082
1769884958,28,71,0,226,0,226,low_activity,0,226,0,226,low_activity,0.98,38541,384,38925,ok_volume,0,7,7,48943,1387,50330
1769884959,28,71,0,226,57,283,low_activity,0,226,57,283,low_activity,0.977,38541,441,38982,ok_volume,0,57,57,48943,1444,50387
1769884960,28,71,0,0,57,57,low_activity,0,226,57,283,low_activity,0.977,38359,441,38800,ok_volume,1,0,1,48910,1444,50354
1769884961,28,71,0,22,57,79,low_activity,0,248,57,305,low_activity,0.977,38381,441,38822,ok_volume,22,0,22,48875,1444,50319
1769884962,28,71,0,559,0,559,low_activity,0,559,57,616,low_activity,0.978,38918,441,39359,ok_volume,537,0,537,49230,1444,50674
1769884963,28,71,0,591,0,591,low_activity,0.824,591,57,648,ok_volume,0.978,38950,441,39391,ok_volume,32,0,32,45545,1444,46989
1769884964,28,71,0,631,0,631,low_activity,1.0,653,0,653,ok_volume,0.978,38958,441,39399,ok_volume,62,0,62,45607,1444,47051
1769884965,28,71,0,126,0,126,low_activity,1.0,685,0,685,ok_volume,0.977,38740,441,39181,ok_volume,32,0,32,45497,1444,46941
1769884966,28,71,0,156,0,156,low_activity,1.0,725,0,725,ok_volume,0.978,38802,441,39243,ok_volume,62,0,62,45549,1444,46993
1769884967,28,71,0,482,0,482,low_activity,1.0,576,0,576,ok_volume,0.964,24008,441,24449,ok_volume,388,0,388,43634,1444,45078
1769884968,28,71,0,450,0,450,low_activity,0,544,0,544,low_activity,0.964,24008,441,24449,ok_volume,0,0,0,43186,1444,44630
1769884969,28,71,0,858,0,858,low_activity,1.0,952,0,952,ok_volume,0.964,24372,441,24813,ok_volume,470,0,470,43638,1444,45082
1769884970,28,71,0,470,0,470,low_activity,0,920,0,920,low_activity,0.963,23100,441,23541,ok_volume,0,0,0,43458,1444,44902
1769884971,28,71,0,752,0,752,low_activity,0,1140,0,1140,low_activity,0.963,23382,441,23823,ok_volume,282,0,282,43673,1444,45117
1769884972,28,71,0,446,557,1003,low_activity,0.244,916,557,1473,ok_volume,0.919,23546,998,24544,ok_volume,164,557,721,43837,2001,45838
1769884973,28,71,-0.743,524,3557,4081,ok_volume,-0.563,994,3557,4551,ok_volume,0.711,23624,3998,27622,ok_volume,78,3000,3078,43804,5001,48805
1769884974,28,71,-0.795,406,3557,3963,ok_volume,-0.676,688,3557,4245,ok_volume,0.711,23701,3998,27699,ok_volume,164,0,164,43768,4257,48025
1769884975,28,71,-0.516,957,3000,3957,ok_volume,-0.434,1403,3557,4960,ok_volume,0.718,24398,3998,28396,ok_volume,715,0,715,44183,4257,48440
1769884976,27,72,0.978,879,10,889,ok_volume,-0.522,1121,3567,4688,ok_volume,0.717,24340,4008,28348,ok_volume,0,10,10,43826,4084,47910
1769884977,26,73,0.096,783,646,1429,ok_volume,-0.561,1025,3646,4671,ok_volume,0.679,24255,4644,28899,ok_volume,68,637,705,43894,4721,48615
1769884978,26,73,0.262,1104,646,1750,ok_volume,0.509,1983,646,2629,ok_volume,0.691,25291,4614,29905,ok_volume,1036,0,1036,44930,4721,49651
1769884979,26,73,0.283,1139,636,1775,ok_volume,0.483,1854,646,2500,ok_volume,0.649,21660,4614,26274,ok_volume,35,0,35,44965,4721,49686
1769884980,25,74,1.0,1166,0,1166,ok_volume,0.313,1234,646,1880,ok_volume,0.65,21755,4614,26369,ok_volume,97,0,97,45062,4721,49783
1769884981,25,74,1.0,361,0,361,ok_volume,0.395,1465,636,2101,ok_volume,0.551,14704,4260,18964,ok_volume,238,0,238,44208,4721,48929
1769884982,25,74,0,326,0,326,low_activity,1.0,1397,0,1397,ok_volume,0.185,6191,4260,10451,ok_volume,0,0,0,44208,4721,48929
1769884983,24,75,0,311,0,311,low_activity,1.0,441,0,441,ok_volume,0.057,4779,4260,9039,ok_volume,80,0,80,43923,4721,48644
1769884984,24,75,-0.874,281,4167,4448,ok_volume,-0.746,607,4167,4774,ok_volume,-0.257,4980,8427,13407,ok_volume,201,4167,4368,43720,8846,52566
1769884985,24,75,-0.793,482,4167,4649,ok_volume,-0.708,713,4167,4880,ok_volume,-0.239,5181,8427,13608,ok_volume,201,0,201,43863,8846,52709
1769884986,24,75,-0.795,477,4167,4644,ok_volume,-0.764,557,4167,4724,ok_volume,-0.232,5256,8427,13683,ok_volume,75,0,75,43751,8846,52597
1769884987,25,74,0,352,0,352,low_activity,-0.736,633,4167,4800,ok_volume,-0.245,5106,8427,13533,ok_volume,84,0,84,43817,8819,52636
1769884988,25,74,0,151,0,151,low_activity,-0.766,553,4167,4720,ok_volume,-0.245,5106,8427,13533,ok_volume,0,0,0,43691,8819,52510
1769884989,25,74,0,76,0,76,low_activity,0,352,0,352,low_activity,-0.242,5106,8370,13476,ok_volume,0,0,0,43691,8819,52510
1769884990,25,74,0,89,0,89,low_activity,0,240,0,240,low_activity,-0.234,5195,8370,13565,ok_volume,89,0,89,43598,8819,52417
1769884991,25,74,0,107,0,107,low_activity,0,183,0,183,low_activity,-0.234,5191,8370,13561,ok_volume,18,0,18,43612,8819,52431
1769884992,25,74,0,117,0,117,low_activity,0,117,0,117,low_activity,-0.284,4664,8370,13034,ok_volume,12,0,12,43624,8819,52443
1769884993,25,74,0.971,3679,55,3734,ok_volume,0.971,3768,55,3823,ok_volume,-0.008,8283,8425,16708,ok_volume,3651,55,3706,47275,8874,56149
1769884994,25,74,0.938,3781,121,3902,ok_volume,0.94,3888,121,4009,ok_volume,-0.009,8341,8491,16832,ok_volume,120,66,186,47341,8940,56281
1769884995,24,75,0.824,3969,382,4351,ok_volume,0.826,3997,382,4379,ok_volume,-0.014,8507,8752,17259,ok_volume,198,261,459,47289,9201,56490
1769884996,23,75,-0.216,540,837,1377,ok_volume,0.65,4201,892,5093,ok_volume,-0.033,8667,9262,17929,ok_volume,222,515,737,47510,9716,57226
1769884997,21,78,-0.593,420,1644,2064,ok_volume,0.407,4191,1765,5956,ok_volume,-0.101,8279,10135,18414,ok_volume,0,878,878,32328,10594,42922
1769884998,19,80,-0.678,265,1383,1648,ok_volume,-0.491,583,1710,2293,ok_volume,-0.098,8322,10135,18457,ok_volume,48,0,48,32376,10594,42970
1769884999,19,80,-0.762,118,873,991,ok_volume,-0.507,538,1644,2182,ok_volume,-0.122,7927,10135,18062,ok_volume,75,0,75,32345,10594,42939
1769885000,19,80,0,354,0,354,low_activity,-0.412,576,1383,1959,ok_volume,-0.108,8163,10135,18298,ok_volume,236,0,236,31309,10594,41903
1769885001,19,80,1.0,1004,0,1004,ok_volume,0.091,1047,873,1920,ok_volume,-0.083,8574,10135,18709,ok_volume,693,0,693,32002,10594,42596
1769885002,19,80,1.0,996,0,996,ok_volume,1.0,1114,0,1114,ok_volume,-0.061,8477,9578,18055,ok_volume,67,0,67,32069,10594,42663
1769885003,19,80,-0.258,895,1518,2413,ok_volume,-0.115,1206,1518,2724,ok_volume,0.026,8534,8096,16630,ok_volume,135,1521,1656,32197,12115,44312
1769885004,19,80,-0.715,252,1518,1770,ok_volume,-0.125,1181,1518,2699,ok_volume,0.02,8420,8096,16516,ok_volume,54,0,54,32164,12115,44279
1769885005,19,80,-0.783,185,1518,1703,ok_volume,-0.233,945,1518,2463,ok_volume,-0.025,7705,8096,15801,ok_volume,5,0,5,32146,12115,44261
1769885006,19,80,1.0,1186,0,1186,ok_volume,-0.045,1388,1518,2906,ok_volume,0.045,8841,8086,16927,ok_volume,1065,0,1065,33223,12115,45338
1769885007,19,80,1.0,1254,0,1254,ok_volume,-0.027,1439,1518,2957,ok_volume,0.088,8891,7450,16341,ok_volume,119,0,119,33189,12115,45304
1769885008,19,80,0,1183,0,1183,low_activity,1.0,1304,0,1304,ok_volume,0.026,7855,7450,15305,ok_volume,0,0,0,33189,12085,45274
1769885009,20,79,0,635,0,635,low_activity,1.0,1771,0,1771,ok_volume,0.056,8337,7450,15787,ok_volume,517,0,517,30040,12085,42125
1769885010,20,79,0,534,0,534,low_activity,1.0,1717,0,1717,ok_volume,0.051,8259,7450,15709,ok_volume,17,0,17,30057,12085,42142
1769885011,19,80,1.0,679,0,679,ok_volume,1.0,797,0,797,ok_volume,0.046,8173,7450,15623,ok_volume,145,0,145,22920,11731,34651
1769885012,19,80,1.0,625,0,625,ok_volume,1.0,1142,0,1142,ok_volume,0.074,8636,7450,16086,ok_volume,463,0,463,14870,11731,26601
1769885013,18,80,1.0,719,0,719,ok_volume,1.0,1253,0,1253,ok_volume,0.076,8667,7450,16117,ok_volume,111,0,111,13481,11731,25212
1769885014,18,81,0.435,716,282,998,ok_volume,0.514,878,282,1160,ok_volume,0.414,8608,3565,12173,ok_volume,142,282,424,13623,12013,25636
1769885015,17,82,-0.367,253,546,799,ok_volume,0.224,861,546,1407,ok_volume,0.374,8407,3829,12236,ok_volume,0,264,264,13623,12277,25900
1769885016,16,82,-0.587,142,546,688,ok_volume,0.135,716,546,1262,ok_volume,0.37,8332,3829,12161,ok_volume,7,0,7,13630,12277,25907
1769885017,17,82,0,15,264,279,low_total_volume,-0.342,268,546,814,ok_volume,0.367,8271,3829,12100,ok_volume,15,0,15,13419,12277,25696
1769885018,17,82,1.0,1661,0,1661,ok_volume,0.535,1803,546,2349,ok_volume,0.443,9917,3829,13746,ok_volume,1646,0,1646,15065,12270,27335
1769885019,17,82,1.0,1661,0,1661,ok_volume,0.726,1661,264,1925,ok_volume,0.443,9917,3829,13746,ok_volume,0,0,0,15065,12213,27278
1769885020,17,82,0.866,1819,131,1950,ok_volume,0.867,1834,131,1965,ok_volume,0.433,10001,3960,13961,ok_volume,173,131,304,15237,12344,27581
1769885021,17,81,0.199,196,131,327,ok_volume,0.868,1857,131,1988,ok_volume,0.433,10006,3960,13966,ok_volume,23,0,23,15238,12344,27582
1769885022,17,81,0.199,196,131,327,ok_volume,0.867,1842,131,1973,ok_volume,0.433,9996,3960,13956,ok_volume,0,0,0,14701,12344,27045
1769885023,17,82,0,44,0,44,low_activity,0.247,217,131,348,ok_volume,0.24,6366,3905,10271,ok_volume,21,0,21,14690,12344,27034
1769885024,17,82,0,446,0,446,low_activity,0.661,642,131,773,ok_volume,0.269,6671,3839,10510,ok_volume,425,0,425,15053,12344,27397
1769885025,17,82,0,446,0,446,low_activity,0,469,0,469,low_activity,0.288,6473,3578,10051,ok_volume,0,0,0,15021,12344,27365
1769885026,17,82,0,490,59,549,low_activity,0.793,511,59,570,ok_volume,0.338,6316,3127,9443,ok_volume,2,59,61,15026,12403,27429
1769885027,16,83,-0.737,165,1089,1254,ok_volume,-0.281,611,1089,1700,ok_volume,0.323,6416,3284,9700,ok_volume,100,1030,1130,14738,13433,28171
1769885028,15,84,-0.173,1473,2089,3562,ok_volume,-0.031,1963,2089,4052,ok_volume,0.288,7746,4284,12030,ok_volume,1323,1001,2324,16111,14434,30545
1769885029,15,84,-0.035,1894,2030,3924,ok_volume,-0.032,1959,2089,4048,ok_volume,0.308,8092,4284,12376,ok_volume,324,0,324,16065,14434,30499
1769885030,15,84,0.446,2608,1000,3608,ok_volume,0.138,2758,2089,4847,ok_volume,0.341,8720,4284,13004,ok_volume,864,0,864,16929,14434,31363
1769885031,15,84,0.805,1435,155,1590,ok_volume,0.158,3008,2185,5193,ok_volume,0.302,8277,4439,12716,ok_volume,250,155,405,16897,14589,31486
1769885032,15,84,0.786,1292,155,1447,ok_volume,0.449,3036,1155,4191,ok_volume,0.308,8388,4439,12827,ok_volume,178,0,178,16911,14032,30943
1769885033,15,84,0.565,1018,283,1301,ok_volume,0.772,2203,283,2486,ok_volume,0.487,8843,3049,11892,ok_volume,1,128,129,17424,11160,28584
1769885034,15,84,0.729,818,128,946,ok_volume,0.744,1932,283,2215,ok_volume,0.487,8843,3049,11892,ok_volume,50,0,50,17310,11160,28470
1769885035,15,84,0.022,160,153,313,ok_volume,0.585,1178,308,1486,ok_volume,0.486,8882,3074,11956,ok_volume,110,30,140,16705,11190,27895
1769885036,15,84,0,271,25,296,low_total_volume,0.743,1039,153,1192,ok_volume,0.441,7928,3074,11002,ok_volume,111,1,112,16816,11181,27997
1769885037,15,84,0.51,231,75,306,ok_volume,0.161,281,203,484,ok_volume,0.429,7820,3124,10944,ok_volume,10,50,60,16758,10594,27352
1769885038,15,84,0.851,621,50,671,ok_volume,0.825,781,75,856,ok_volume,0.454,8320,3124,11444,ok_volume,500,0,500,16222,10594,26816
1769885039,15,84,0.907,1687,82,1769,ok_volume,0.894,1908,107,2015,ok_volume,0.48,8980,3156,12136,ok_volume,1177,32,1209,17364,10626,27990
1769885040,15,84,0.965,1777,32,1809,ok_volume,0.917,1898,82,1980,ok_volume,0.483,9063,3156,12219,ok_volume,100,7,107,17367,10633,28000
1769885041,15,84,0.802,1654,182,1836,ok_volume,0.806,2164,232,2396,ok_volume,0.475,9295,3306,12601,ok_volume,380,150,530,17509,10783,28292
1769885042,15,84,0.753,1170,165,1335,ok_volume,0.871,2847,197,3044,ok_volume,0.483,9525,3321,12846,ok_volume,698,15,713,18207,10798,29005
1769885043,14,85,0.715,1420,236,1656,ok_volume,0.819,2697,268,2965,ok_volume,0.484,9764,3392,13156,ok_volume,350,71,421,18477,10869,29346
1769885044,13,86,0.441,1099,426,1525,ok_volume,0.465,1576,576,2152,ok_volume,0.474,9678,3450,13128,ok_volume,29,340,369,18332,7042,25374
1769885045,12,87,-0.013,1554,1595,3149,ok_volume,0.197,2624,1760,4384,ok_volume,0.425,10826,4370,15196,ok_volume,1153,1186,2339,19284,8228,27512
1769885046,12,87,-0.091,1271,1524,2795,ok_volume,0.185,2341,1610,3951,ok_volume,0.428,10920,4370,15290,ok_volume,94,0,94,19303,8228,27531
1769885047,12,87,0.141,1819,1369,3188,ok_volume,0.111,2225,1780,4005,ok_volume,0.432,11482,4555,16037,ok_volume,582,185,767,19801,8413,28214
1769885048,12,87,0.608,758,185,943,ok_volume,0.062,1935,1709,3644,ok_volume,0.371,9923,4555,14478,ok_volume,96,3,99,19897,8416,28313
1769885049,11,86,0.637,1736,385,2121,ok_volume,0.31,2978,1569,4547,ok_volume,0.396,10995,4755,15750,ok_volume,1000,200,1200,20969,8616,29585
1769885050,12,86,0.876,3016,200,3216,ok_volume,0.811,3687,385,4072,ok_volume,0.466,12679,4624,17303,ok_volume,1857,0,1857,22737,8616,31353
1769885051,13,85,0.869,2857,200,3057,ok_volume,0.806,3593,385,3978,ok_volume,0.465,12656,4624,17280,ok_volume,0,0,0,22719,8616,31335
1769885052,13,86,-0.484,1857,5346,7203,ok_volume,-0.295,3016,5546,8562,ok_volume,0.119,12656,9970,22626,ok_volume,0,5346,5346,22707,13962,36669
1769885053,13,86,-0.963,112,5891,6003,ok_volume,-0.345,2969,6091,9060,ok_volume,0.096,12747,10515,23262,ok_volume,119,545,664,19175,14452,33627
1769885054,13,85,-0.852,728,9138,9866,ok_volume,-0.559,2585,9138,11723,ok_volume,-0.031,12938,13762,26700,ok_volume,616,3235,3851,19671,17633,37304
1769885055,13,84,-0.681,845,4460,5305,ok_volume,-0.841,845,9806,10651,ok_volume,-0.053,12990,14430,27420,ok_volume,117,441,558,19590,18041,37631
1769885056,13,85,-0.757,733,5289,6022,ok_volume,-0.86,845,11192,12037,ok_volume,-0.096,12990,15757,28747,ok_volume,0,1386,1386,19368,18912,38280
1769885057,14,85,-0.89,133,2292,2425,ok_volume,-0.76,861,6311,7172,ok_volume,-0.083,12856,15192,28048,ok_volume,16,467,483,19384,18501,37885
1769885058,13,86,-0.345,959,1968,2927,ok_volume,-0.553,1692,5871,7563,ok_volume,-0.072,12376,14309,26685,ok_volume,943,118,1061,20279,18619,38898
1769885059,13,86,0.221,959,612,1571,ok_volume,-0.388,1076,2439,3515,ok_volume,-0.087,12055,14339,26394,ok_volume,0,30,30,20204,18649,38853
1769885060,13,85,0.598,993,250,1243,ok_volume,-0.351,1009,2101,3110,ok_volume,-0.125,11241,14442,25683,ok_volume,51,103,154,20019,18752,38771
1769885061,12,86,-0.954,90,3825,3915,ok_volume,-0.615,1049,4407,5456,ok_volume,-0.24,11031,17979,29010,ok_volume,40,3692,3732,19366,22444,41810
1769885062,14,85,-0.899,202,3795,3997,ok_volume,-0.55,1145,3942,5087,ok_volume,-0.268,10375,17979,28354,ok_volume,112,0,112,19411,22444,41855
1769885063,14,85,-0.906,183,3692,3875,ok_volume,-0.885,233,3825,4058,ok_volume,-0.263,10406,17851,28257,ok_volume,31,2,33,19307,20925,40232
1769885064,14,85,-0.75,143,1000,1143,ok_volume,-0.907,233,4795,5028,ok_volume,-0.291,10356,18851,29207,ok_volume,0,1000,1000,19253,21925,41178
1769885065,14,85,-0.866,82,1139,1221,ok_volume,-0.908,234,4831,5065,ok_volume,-0.296,10297,18965,29262,ok_volume,51,139,190,19228,22064,41292
1769885066,14,85,-0.918,51,1193,1244,ok_volume,-0.72,194,1193,1387,ok_volume,-0.302,10186,19019,29205,ok_volume,0,54,54,18163,22118,40281
1769885067,14,85,-0.826,51,536,587,ok_volume,-0.899,82,1536,1618,ok_volume,-0.31,10176,19312,29488,ok_volume,0,343,343,18044,22461,40505
1769885068,14,85,-0.938,56,1751,1807,ok_volume,-0.929,107,2890,2997,ok_volume,-0.36,9732,20666,30398,ok_volume,56,1357,1413,18100,23819,41919
1769885069,14,85,-0.936,56,1697,1753,ok_volume,-0.893,107,1890,1997,ok_volume,-0.414,8555,20634,29189,ok_volume,0,0,0,17583,23819,41402
1769885070,14,85,-0.954,56,2386,2442,ok_volume,-0.961,56,2783,2839,ok_volume,-0.439,8455,21666,30121,ok_volume,0,5,5,17566,24856,42422
1769885071,14,85,0,188,1032,1220,low_activity,-0.836,244,2729,2973,ok_volume,-0.445,8266,21516,29782,ok_volume,188,0,188,17609,24856,42465
1769885072,14,85,0.023,498,476,974,ok_volume,-0.676,554,2862,3416,ok_volume,-0.472,7883,21977,29860,ok_volume,310,476,786,17456,25332,42788
1769885073,14,85,-0.728,1565,9962,11527,ok_volume,-0.751,1565,10994,12559,ok_volume,-0.571,8573,31392,39965,ok_volume,1067,9486,10553,18412,34818,53230
1769885074,15,84,-0.68,1926,10129,12055,ok_volume,-0.655,2114,10129,12243,ok_volume,-0.549,9093,31219,40312,ok_volume,549,167,716,18819,34703,53522
1769885075,15,84,-0.713,1616,9653,11269,ok_volume,-0.655,2114,10129,12243,ok_volume,-0.582,7945,30035,37980,ok_volume,0,0,0,18819,34439,53258
1769885076,15,84,0.013,787,767,1554,ok_volume,-0.664,2164,10729,12893,ok_volume,-0.582,8089,30635,38724,ok_volume,252,600,852,19064,35039,54103
1769885077,15,84,-0.741,238,1602,1840,ok_volume,-0.717,1854,11255,13109,ok_volume,-0.614,7512,31452,38964,ok_volume,6,1002,1008,19055,36041,55096
1769885078,15,84,0.351,3380,1625,5005,ok_volume,0.374,3929,1792,5721,ok_volume,-0.5,10495,31475,41970,ok_volume,3142,23,3165,20551,36064,56615
1769885079,15,84,0.304,3242,1732,4974,ok_volume,0.198,3480,2332,5812,ok_volume,-0.538,9595,31982,41577,ok_volume,100,707,807,20651,36771,57422
1769885080,15,84,0.617,3242,768,4010,ok_volume,0.19,3480,2370,5850,ok_volume,-0.611,7738,32020,39758,ok_volume,0,38,38,20478,36678,57156
1769885081,15,84,-0.235,461,745,1206,ok_volume,0.341,3603,1770,5373,ok_volume,-0.596,8099,32020,40119,ok_volume,362,0,362,20817,36678,57495
1769885082,16,83,0.927,1000,38,1038,ok_volume,0.693,4242,768,5010,ok_volume,-0.506,8738,26674,35412,ok_volume,464,0,464,21456,36678,58134
1769885083,16,83,1.0,1000,0,1000,ok_volume,0.192,1100,745,1845,ok_volume,-0.503,8626,26117,34743,ok_volume,0,0,0,21435,36678,58113
1769885084,16,83,0,464,0,464,low_activity,0.927,1000,38,1038,ok_volume,-0.478,8010,22655,30665,ok_volume,0,0,0,21010,36678,57688
1769885085,16,82,0,0,0,0,no_volume,1.0,1000,0,1000,ok_volume,-0.476,7893,22214,30107,ok_volume,0,0,0,20945,36678,57623
1769885086,17,82,0,0,21,21,low_activity,0,464,21,485,low_activity,-0.451,7893,20849,28742,ok_volume,0,21,21,20943,36640,57583
1769885087,17,82,0.057,196,175,371,ok_volume,0.057,196,175,371,ok_volume,-0.436,8073,20538,28611,ok_volume,196,154,350,20989,35764,56753
1769885088,17,82,0.73,1122,175,1297,ok_volume,0.73,1122,175,1297,ok_volume,-0.434,8056,20421,28477,ok_volume,926,0,926,20492,34763,55255
1769885089,17,82,0.269,1122,646,1768,ok_volume,0.254,1122,667,1789,ok_volume,-0.443,8056,20883,28939,ok_volume,5,492,497,20173,35255,55428
1769885090,16,83,0.182,1214,840,2054,ok_volume,0.163,1410,1015,2425,ok_volume,-0.436,8294,21128,29422,ok_volume,31,348,379,19602,35603,55205
1769885091,15,84,-0.606,504,2055,2559,ok_volume,-0.152,1626,2209,3835,ok_volume,-0.375,8470,18651,27121,ok_volume,216,1216,1432,19568,36664,56232
1769885092,15,84,-0.437,612,1563,2175,ok_volume,-0.066,1800,2055,3855,ok_volume,-0.362,8728,18651,27379,ok_volume,370,0,370,19170,36664,55834
1769885093,15,84,-0.006,1201,1215,2416,ok_volume,-0.16,1489,2055,3544,ok_volume,-0.334,9312,18651,27963,ok_volume,620,0,620,19789,36536,56325
1769885094,13,85,0.241,1203,735,1938,ok_volume,-0.228,1445,2298,3743,ok_volume,-0.317,9530,18386,27916,ok_volume,219,735,954,19958,37271,57229
1769885095,13,85,0.128,950,735,1685,ok_volume,-0.119,1536,1950,3486,ok_volume,-0.311,9596,18247,27843,ok_volume,100,0,100,19965,37241,57206
1769885096,14,85,-0.166,526,735,1261,ok_volume,0.346,1511,735,2246,ok_volume,-0.3,9787,18193,27980,ok_volume,44,0,44,20045,37240,57285
1769885097,15,83,0,491,0,491,low_activity,0.292,1341,735,2076,ok_volume,-0.282,9987,17850,27837,ok_volume,200,0,200,20235,37190,57425
1769885098,15,83,0,244,14,258,low_activity,-0.016,726,749,1475,ok_volume,-0.249,9931,16510,26441,ok_volume,0,14,14,19735,37204,56939
1769885099,15,83,0,200,164,364,low_activity,0.499,491,164,655,ok_volume,-0.223,9931,15628,25559,ok_volume,0,150,150,18558,37322,55880
1769885100,16,83,0,0,184,184,low_activity,0.14,244,184,428,ok_volume,-0.224,9931,15648,25579,ok_volume,0,20,20,18458,37335,55793
1769885101,15,83,-0.96,12,585,597,ok_volume,-0.477,212,599,811,ok_volume,-0.244,9755,16063,25818,ok_volume,0,415,415,18093,37600,55693
1769885102,15,83,0,12,435,447,low_activity,-0.961,12,599,611,ok_volume,-0.245,9445,15587,25032,ok_volume,0,0,0,17395,37585,54980
1769885103,16,82,0,0,450,450,low_activity,-0.962,12,620,632,ok_volume,0.154,8378,6136,14514,ok_volume,0,35,35,17018,37549,54567
1769885104,15,82,0,0,127,127,low_activity,-0.958,12,562,574,ok_volume,0.127,7829,6061,13890,ok_volume,0,42,42,16989,37301,54290
1769885105,17,82,0.485,366,127,493,ok_volume,-0.194,366,542,908,ok_volume,0.15,8195,6061,14256,ok_volume,372,0,372,16208,36115,52323
1769885106,17,82,-0.478,567,1607,2174,ok_volume,-0.498,567,1692,2259,ok_volume,0.075,8158,7026,15184,ok_volume,201,1565,1766,16315,37680,53995
1769885107,17,82,-0.354,800,1677,2477,ok_volume,-0.386,800,1804,2604,ok_volume,0.155,8391,6136,14527,ok_volume,221,112,333,15966,37607,53573
1769885108,17,82,-0.589,434,1677,2111,ok_volume,-0.365,800,1719,2519,ok_volume,-0.076,5249,6113,11362,ok_volume,0,0,0,15798,37604,53402
1769885109,18,81,0.866,1560,112,1672,ok_volume,0.121,2139,1677,3816,ok_volume,0.091,6488,5406,11894,ok_volume,1348,0,1348,16146,37404,53550
1769885110,18,81,0,1339,0,1339,low_activity,0.028,1773,1677,3450,ok_volume,0.094,6488,5368,11856,ok_volume,0,0,0,14289,37404,51693
1769885111,18,81,0,1339,0,1339,low_activity,0.866,1560,112,1672,ok_volume,0.052,5952,5368,11320,ok_volume,0,0,0,14289,37404,51693
1769885112,18,80,0,23,116,139,low_activity,0.843,1362,116,1478,ok_volume,0.002,5511,5484,10995,ok_volume,23,116,139,14312,32174,46486
1769885113,18,80,0,23,139,162,low_activity,0.815,1362,139,1501,ok_volume,0.0,5511,5507,11018,ok_volume,0,23,23,14193,31640,45833
1769885114,18,81,0,23,139,162,low_activity,0,23,139,162,low_activity,0.0,5511,5507,11018,ok_volume,0,0,0,13577,28177,41754
1769885115,18,81,0,473,23,496,low_activity,0.562,496,139,635,ok_volume,0.042,5984,5507,11491,ok_volume,473,0,473,13933,27736,41669
1769885116,18,80,0,473,0,473,low_activity,0.562,496,139,635,ok_volume,0.043,5984,5486,11470,ok_volume,4,0,4,13937,26350,40287
1769885117,18,80,0,573,0,573,low_activity,0,573,23,596,low_activity,0.05,5888,5332,11220,ok_volume,100,9,109,14021,25892,39913
1769885118,18,80,0,100,2917,3017,low_activity,0,573,2917,3490,low_activity,-0.249,4962,8249,13211,ok_volume,0,2923,2923,13078,28697,41775
1769885119,18,80,-0.715,485,2917,3402,ok_volume,-0.506,958,2917,3875,ok_volume,-0.208,5085,7757,12842,ok_volume,385,0,385,13463,28667,42130
1769885120,18,80,0.042,3171,2917,6088,ok_volume,0.057,3271,2917,6188,ok_volume,0.029,7845,7409,15254,ok_volume,2786,0,2786,16198,28564,44762
1769885121,18,80,1.0,3598,0,3598,ok_volume,0.118,3698,2917,6615,ok_volume,0.131,8056,6194,14250,ok_volume,427,0,427,16585,24872,41457
1769885122,18,80,1.0,6540,0,6540,ok_volume,0.407,6925,2917,9842,ok_volume,0.28,11013,6194,17207,ok_volume,3327,0,3327,19800,24872,44672
1769885123,19,80,0.996,4777,10,4787,ok_volume,0.997,7948,10,7958,ok_volume,0.296,11421,6204,17625,ok_volume,1023,10,1033,20792,24880,45672
1769885124,19,80,0.995,4350,10,4360,ok_volume,0.997,7563,10,7573,ok_volume,0.343,11186,5469,16655,ok_volume,0,0,0,20792,23880,44672
1769885125,19,80,0.944,1496,43,1539,ok_volume,0.984,5250,43,5293,ok_volume,0.349,11412,5502,16914,ok_volume,473,33,506,21214,23774,44988
1769885126,19,80,-0.846,973,11676,12649,ok_volume,-0.374,5323,11686,17009,ok_volume,-0.182,11868,17145,29013,ok_volume,414,11643,12057,21714,35363,57077
1769885127,19,80,-0.807,1245,11676,12921,ok_volume,-0.675,2268,11686,13954,ok_volume,-0.179,11940,17145,29085,ok_volume,272,0,272,21986,35019,57005
1769885128,19,80,-0.819,1182,11885,13067,ok_volume,-0.745,1741,11918,13659,ok_volume,-0.166,12436,17373,29809,ok_volume,497,242,739,22427,33904,56331
1769885129,19,79,0.521,768,242,1010,ok_volume,-0.745,1741,11918,13659,ok_volume,-0.161,12436,17223,29659,ok_volume,2,0,2,22429,32872,55301
1769885130,22,77,0.851,2996,242,3238,ok_volume,-0.527,3682,11885,15567,ok_volume,-0.071,14924,17203,32127,ok_volume,2506,0,2506,24935,32867,57802
1769885131,22,76,0,2500,0,2500,low_activity,0.862,3268,242,3510,ok_volume,-0.059,14924,16788,31712,ok_volume,0,0,0,24747,32867,57614
1769885132,22,76,0,2500,0,2500,low_activity,0.851,2996,242,3238,ok_volume,-0.059,14924,16788,31712,ok_volume,0,0,0,24437,32391,56828
1769885133,22,76,0,20,0,20,low_activity,0,2520,0,2520,low_activity,-0.056,14944,16703,31647,ok_volume,0,0,0,23390,22905,46295
1769885134,23,76,0,91,49,140,low_activity,0.963,2591,49,2640,ok_volume,-0.053,15015,16710,31725,ok_volume,71,49,120,22912,22787,45699
1769885135,23,76,0,171,49,220,low_activity,0,191,49,240,low_total_volume,-0.062,14749,16710,31459,ok_volume,100,0,100,23012,22787,45799
1769885136,23,76,0.827,519,49,568,ok_volume,0.833,539,49,588,ok_volume,-0.009,14884,15145,30029,ok_volume,348,0,348,23108,22187,45295
1769885137,24,75,0,909,0,909,low_activity,0.905,980,49,1029,ok_volume,0.003,15124,15033,30157,ok_volume,461,2,463,23563,21187,44750
1769885138,24,75,0,809,119,928,low_activity,0.707,980,168,1148,ok_volume,-0.001,15124,15152,30276,ok_volume,0,119,119,20421,21283,41704
1769885139,24,75,0,643,119,762,low_activity,0.803,1091,119,1210,ok_volume,-0.041,13967,15152,29119,ok_volume,182,0,182,20503,20576,41079
1769885140,24,75,0,182,119,301,low_activity,0.786,991,119,1110,ok_volume,-0.041,13967,15152,29119,ok_volume,0,0,0,20503,20538,41041
1769885141,24,75,0,372,0,372,low_activity,0.75,833,119,952,ok_volume,-0.034,14157,15152,29309,ok_volume,195,0,195,20161,20538,40699
1769885142,24,75,1.0,3304,0,3304,ok_volume,0.934,3486,119,3605,ok_volume,0.069,17248,15036,32284,ok_volume,3114,0,3114,22811,20538,43349
1769885143,24,75,0.943,3469,102,3571,ok_volume,0.946,3651,102,3753,ok_volume,0.071,17413,15115,32528,ok_volume,134,102,236,22983,20640,43623
1769885144,24,74,0.886,3332,202,3534,ok_volume,0.892,3522,202,3724,ok_volume,0.069,17466,15215,32681,ok_volume,56,100,156,23039,20740,43779
1769885145,24,74,0.005,306,303,609,ok_volume,0.847,3648,303,3951,ok_volume,0.056,17119,15316,32435,ok_volume,126,101,227,23165,20841,44006
1769885146,24,74,0.256,339,201,540,ok_volume,0.845,3618,303,3921,ok_volume,0.06,17279,15316,32595,ok_volume,160,0,160,23325,20820,44145
1769885147,24,73,-0.74,464,3101,3565,ok_volume,-0.674,644,3303,3947,ok_volume,-0.027,17357,18316,35673,ok_volume,178,3000,3178,23307,23666,46973
1769885148,24,74,-0.834,838,9239,10077,ok_volume,-0.805,1017,9440,10457,ok_volume,-0.096,17857,21638,39495,ok_volume,500,6239,6739,22881,29905,52786
1769885149,25,74,-0.702,1618,9239,10857,ok_volume,-0.661,1904,9340,11244,ok_volume,-0.081,18412,21638,40050,ok_volume,567,0,567,23558,29413,52971
1769885150,25,74,-0.6,1596,6380,7976,ok_volume,-0.658,1934,9380,11314,ok_volume,-0.16,15782,21779,37561,ok_volume,159,141,300,23686,29206,52892
1769885151,25,74,0.825,1473,141,1614,ok_volume,-0.575,2528,9380,11908,ok_volume,-0.15,16109,21779,37888,ok_volume,754,0,754,24224,27990,52214
1769885152,26,73,0.97,9213,141,9354,ok_volume,0.251,10653,6380,17033,ok_volume,-0.016,21085,21779,42864,ok_volume,8303,0,8303,32157,27990,60147
1769885153,25,73,1.0,9057,0,9057,ok_volume,0.972,9776,141,9917,ok_volume,-0.041,20062,21769,41831,ok_volume,0,0,0,31537,27990,59527
1769885154,25,73,1.0,8647,0,8647,ok_volume,0.971,9557,141,9698,ok_volume,-0.032,20406,21769,42175,ok_volume,344,0,344,31645,27255,58900
1769885155,25,74,0,344,0,344,low_activity,1.0,9401,0,9401,ok_volume,-0.045,19847,21736,41583,ok_volume,0,0,0,31398,27255,58653
1769885156,25,74,0.923,449,18,467,ok_volume,0.996,8752,18,8770,ok_volume,0.318,19538,10111,29649,ok_volume,105,18,123,31459,27273,58732
1769885157,25,74,0.905,360,18,378,ok_volume,0.95,704,18,722,ok_volume,0.318,19521,10111,29632,ok_volume,255,0,255,31514,27273,58787
1769885158,25,74,0.905,360,18,378,ok_volume,0.95,704,18,722,ok_volume,0.317,19025,9869,28894,ok_volume,0,0,0,31514,27259,58773
1769885159,25,74,0,271,0,271,low_activity,0.909,376,18,394,ok_volume,0.317,19041,9869,28910,ok_volume,17,0,17,31531,27109,58640
1769885160,25,74,0,16,0,16,low_activity,0.909,376,18,394,ok_volume,0.253,16541,9869,26410,ok_volume,7,0,7,31523,27089,58612
1769885161,25,74,0,16,98,114,low_activity,0.469,271,98,369,ok_volume,0.248,16541,9967,26508,ok_volume,0,100,100,31523,26774,58297
1769885162,25,74,0.864,1340,98,1438,ok_volume,0.865,1356,98,1454,ok_volume,0.284,17861,9967,27828,ok_volume,1269,0,1269,32863,26774,59637
1769885163,25,74,0.892,1722,98,1820,ok_volume,0.893,1738,98,1836,ok_volume,0.293,18243,9967,28210,ok_volume,387,0,387,33250,26689,59939
1769885164,25,74,0,1651,0,1651,low_activity,0.892,1722,98,1820,ok_volume,0.294,18172,9918,28090,ok_volume,6,0,6,33261,26647,59908
1769885165,25,74,0,518,0,518,low_activity,0.9,1858,98,1956,ok_volume,0.295,18208,9918,28126,ok_volume,140,0,140,33029,26647,59676
1769885166,25,74,0,269,0,269,low_activity,1.0,1920,0,1920,ok_volume,0.289,17993,9918,27911,ok_volume,147,0,147,32963,25082,58045
1769885167,25,74,1.0,485,0,485,ok_volume,1.0,867,0,867,ok_volume,0.283,17748,9918,27666,ok_volume,216,0,216,32958,24970,57928
1769885168,25,74,1.0,593,0,593,ok_volume,1.0,729,0,729,ok_volume,0.295,17992,9799,27791,ok_volume,261,0,261,33219,24970,58189
1769885169,25,74,0.61,826,200,1026,ok_volume,0.691,1095,200,1295,ok_volume,0.29,18176,9999,28175,ok_volume,366,200,566,32237,25170,57407
1769885170,25,74,0.519,631,200,831,ok_volume,0.661,980,200,1180,ok_volume,0.291,18197,9999,28196,ok_volume,38,0,38,32275,25170,57445
1769885171,25,74,0.502,604,200,804,ok_volume,0.684,1064,200,1264,ok_volume,0.291,18224,9999,28223,ok_volume,217,0,217,32492,25170,57662
1769885172,25,74,0,238,33,271,low_total_volume,0.569,848,233,1081,ok_volume,0.201,15072,10032,25104,ok_volume,1,33,34,32470,25087,57557
1769885173,25,74,0.842,385,33,418,ok_volume,0.536,772,233,1005,ok_volume,0.207,15113,9930,25043,ok_volume,173,0,173,32643,25064,57707
1769885174,25,74,0.918,775,33,808,ok_volume,0.937,1013,33,1046,ok_volume,0.229,15667,9830,25497,ok_volume,609,0,609,33252,25064,58316
1769885175,25,74,1.0,994,0,994,ok_volume,0.947,1211,33,1244,ok_volume,0.237,15760,9729,25489,ok_volume,219,0,219,32998,25064,58062
1769885176,25,74,0.916,1118,49,1167,ok_volume,0.88,1286,82,1368,ok_volume,0.238,15892,9778,25670,ok_volume,292,49,341,33286,25113,58399
1769885177,25,74,0.844,579,49,628,ok_volume,0.93,1354,49,1403,ok_volume,0.399,15782,6778,22560,ok_volume,68,0,68,33254,25104,58358
1769885178,25,74,0.852,615,49,664,ok_volume,0.934,1441,49,1490,ok_volume,0.931,15160,539,15699,ok_volume,262,0,262,33516,22181,55697
1769885179,25,74,1.0,1340,0,1340,ok_volume,0.948,1851,49,1900,ok_volume,0.933,15614,539,16153,ok_volume,1017,0,1017,34148,22181,56329
1769885180,25,74,1.0,1326,0,1326,ok_volume,0.944,1686,49,1735,ok_volume,0.95,15512,398,15910,ok_volume,54,0,54,31416,22181,53597
1769885181,25,74,0.992,4985,19,5004,ok_volume,0.993,5308,19,5327,ok_volume,0.956,18672,417,19089,ok_volume,3914,19,3933,34903,22200,57103
1769885182,25,74,0.992,4899,19,4918,ok_volume,0.994,6171,19,6190,ok_volume,0.929,11300,417,11717,ok_volume,931,0,931,32507,22200,54707
1769885183,25,74,0.993,5160,19,5179,ok_volume,0.994,6231,19,6250,ok_volume,0.931,11615,417,12032,ok_volume,315,0,315,31799,22190,53989
1769885184,25,74,1.0,1662,0,1662,ok_volume,0.993,5630,19,5649,ok_volume,0.931,11687,417,12104,ok_volume,428,0,428,32227,22190,54417
1769885185,25,74,1.0,1818,0,1818,ok_volume,0.994,6663,19,6682,ok_volume,0.937,12774,417,13191,ok_volume,1087,0,1087,32755,22157,54912
1769885186,25,74,1.0,1627,0,1627,ok_volume,1.0,2873,0,2873,ok_volume,0.94,12793,399,13192,ok_volume,124,0,124,32465,10514,42979
1769885187,25,74,0.866,1300,93,1393,ok_volume,0.912,2031,93,2124,ok_volume,0.925,12627,492,13119,ok_volume,89,93,182,32282,10607,42889
1769885188,25,74,0.265,437,254,691,ok_volume,0.768,1940,254,2194,ok_volume,0.903,12851,653,13504,ok_volume,227,161,388,32012,10526,42538
1769885189,25,74,0.126,327,254,581,ok_volume,0.717,1538,254,1792,ok_volume,0.903,12849,653,13502,ok_volume,17,0,17,32027,10526,42553
1769885190,25,74,0.506,491,161,652,ok_volume,0.47,704,254,958,ok_volume,0.905,13102,653,13755,ok_volume,253,0,253,29774,10526,40300
1769885191,25,74,1.0,701,0,701,ok_volume,0.599,1014,254,1268,ok_volume,0.921,13465,555,14020,ok_volume,434,0,434,30208,10526,40734
1769885192,25,74,1.0,1083,0,1083,ok_volume,0.783,1321,161,1482,ok_volume,0.916,12592,555,13147,ok_volume,396,0,396,30584,10526,41110
1769885193,25,74,1.0,866,0,866,ok_volume,1.0,1133,0,1133,ok_volume,0.913,12246,555,12801,ok_volume,36,0,36,30620,10526,41146
1769885194,25,74,1.0,950,0,950,ok_volume,1.0,1637,0,1637,ok_volume,0.917,12764,555,13319,ok_volume,521,0,521,31070,10477,41547
1769885195,25,74,1.0,889,0,889,ok_volume,1.0,1719,0,1719,ok_volume,0.918,12963,555,13518,ok_volume,204,0,204,31310,10477,41787
1769885196,25,74,0.922,992,40,1032,ok_volume,0.945,1424,40,1464,ok_volume,0.912,12969,595,13564,ok_volume,146,40,186,31108,10517,41625
1769885197,25,74,0.843,468,40,508,ok_volume,0.933,1158,40,1198,ok_volume,0.912,12883,595,13478,ok_volume,130,0,130,30777,10515,41292
1769885198,25,74,0.88,625,40,665,ok_volume,0.947,1478,40,1518,ok_volume,0.912,12995,595,13590,ok_volume,237,0,237,31134,10396,41530
1769885199,25,74,1.0,628,0,628,ok_volume,0.92,966,40,1006,ok_volume,0.94,12771,395,13166,ok_volume,146,0,146,31098,10396,41494
1769885200,25,74,0.86,451,34,485,ok_volume,0.838,840,74,914,ok_volume,0.935,12823,429,13252,ok_volume,73,34,107,31171,10430,41601
1769885201,25,74,0,307,34,341,low_activity,0.918,793,34,827,ok_volume,0.935,12698,429,13127,ok_volume,92,0,92,31068,10430,41498
1769885202,25,74,0,217,34,251,low_total_volume,0.892,595,34,629,ok_volume,0.94,12750,396,13146,ok_volume,52,0,52,27968,10430,38398
1769885203,25,74,0.165,194,139,333,ok_volume,0.405,409,173,582,ok_volume,0.919,12632,535,13167,ok_volume,50,139,189,27884,10467,38351
1769885204,25,74,0.356,293,139,432,ok_volume,0.452,458,173,631,ok_volume,0.916,12216,535,12751,ok_volume,191,0,191,28019,10367,38386
1769885205,25,74,0.434,352,139,491,ok_volume,0.562,496,139,635,ok_volume,0.915,12108,535,12643,ok_volume,116,0,116,28009,10266,38275
1769885206,25,74,0,338,0,338,low_activity,0.52,440,139,579,ok_volume,0.921,11852,486,12338,ok_volume,36,0,36,27885,10266,38151
1769885207,25,74,1.0,1612,0,1612,ok_volume,0.86,1853,139,1992,ok_volume,0.929,13249,486,13735,ok_volume,1472,0,1472,29179,7266,36445
1769885208,25,74,1.0,4501,0,4501,ok_volume,1.0,4803,0,4803,ok_volume,0.941,15994,486,16480,ok_volume,3000,0,3000,31302,1027,32329
1769885209,25,74,1.0,4674,0,4674,ok_volume,1.0,4821,0,4821,ok_volume,0.938,15186,486,15672,ok_volume,209,0,209,30944,1027,31971
1769885210,25,74,1.0,3619,0,3619,ok_volume,1.0,5120,0,5120,ok_volume,0.939,15542,486,16028,ok_volume,410,0,410,31195,886,32081
1769885211,25,74,1.0,636,0,636,ok_volume,1.0,5101,0,5101,ok_volume,0.923,11645,467,12112,ok_volume,17,0,17,30458,886,31344
1769885212,25,74,1.0,624,0,624,ok_volume,1.0,3833,0,3833,ok_volume,0.918,10911,467,11378,ok_volume,89,0,89,22352,886,23238
1769885213,25,74,1.0,350,0,350,ok_volume,1.0,969,0,969,ok_volume,0.917,10732,467,11199,ok_volume,136,0,136,22488,886,23374
1769885214,25,74,0,225,0,225,low_total_volume,1.0,760,0,760,ok_volume,0.913,10316,467,10783,ok_volume,0,0,0,22153,886,23039
1769885215,25,74,0,136,0,136,low_activity,1.0,350,0,350,ok_volume,0.904,9229,467,9696,ok_volume,0,0,0,22153,886,23039
1769885216,25,74,0,73,0,73,low_activity,0,298,0,298,low_total_volume,0.903,9178,467,9645,ok_volume,78,0,78,22126,868,22994
1769885217,25,74,0,3136,0,3136,low_activity,1.0,3272,0,3272,ok_volume,0.94,12152,374,12526,ok_volume,2771,0,2771,24934,868,25802
1769885218,25,74,1.0,3488,0,3488,ok_volume,1.0,3488,0,3488,ok_volume,0.966,12280,213,12493,ok_volume,352,0,352,25286,868,26154
1769885219,25,74,0.931,3201,114,3315,ok_volume,0.938,3566,114,3680,ok_volume,0.948,12344,327,12671,ok_volume,78,114,192,25347,982,26329
1769885220,25,74,0.596,450,114,564,ok_volume,0.938,3586,114,3700,ok_volume,0.947,12111,327,12438,ok_volume,20,0,20,25360,982,26342
1769885221,25,74,0,181,114,295,low_total_volume,0.933,3304,114,3418,ok_volume,0.946,11760,327,12087,ok_volume,83,0,83,25372,882,26254
1769885222,25,74,0,281,0,281,low_total_volume,0.724,711,114,825,ok_volume,0.945,11542,327,11869,ok_volume,187,0,187,24290,882,25172
1769885223,25,74,1.0,416,0,416,ok_volume,0.637,514,114,628,ok_volume,0.945,11661,327,11988,ok_volume,69,0,69,24058,882,24940
1769885224,25,74,-0.629,683,3000,3683,ok_volume,-0.585,786,3000,3786,ok_volume,0.547,11357,3327,14684,ok_volume,350,3000,3350,24402,3882,28284
1769885225,25,74,-0.713,502,3000,3502,ok_volume,-0.557,854,3000,3854,ok_volume,0.543,11246,3327,14573,ok_volume,71,0,71,24350,3882,28232
1769885226,25,74,-0.661,613,3000,3613,ok_volume,-0.521,946,3000,3946,ok_volume,0.549,11282,3287,14569,ok_volume,180,0,180,24383,3882,28265
1769885227,25,74,0,246,0,246,low_activity,-0.632,677,3000,3677,ok_volume,0.541,11032,3287,14319,ok_volume,0,0,0,24167,3882,28049
1769885228,25,74,-0.193,319,472,791,ok_volume,-0.642,757,3472,4229,ok_volume,0.489,10940,3759,14699,ok_volume,144,472,616,24050,4354,28404
1769885229,25,74,0.618,2298,542,2840,ok_volume,0.649,2544,542,3086,ok_volume,0.544,12952,3829,16781,ok_volume,2154,70,2224,25838,4224,30062
1769885230,25,74,0.618,2298,542,2840,ok_volume,0.64,2473,542,3015,ok_volume,0.545,12879,3795,16674,ok_volume,0,0,0,25800,4224,30024
1769885231,25,74,0.937,2154,70,2224,ok_volume,0.618,2298,542,2840,ok_volume,0.542,12787,3795,16582,ok_volume,0,0,0,25586,4224,29810
1769885232,25,74,0,65,0,65,low_activity,0.627,2363,542,2905,ok_volume,0.543,12800,3795,16595,ok_volume,65,0,65,25650,4191,29841
1769885233,25,74,0,320,0,320,low_activity,0.945,2474,70,2544,ok_volume,0.561,13005,3656,16661,ok_volume,255,0,255,25732,4191,29923
1769885234,25,74,1.0,526,0,526,ok_volume,1.0,526,0,526,ok_volume,0.562,13020,3656,16676,ok_volume,206,0,206,25329,4191,29520
1769885235,25,74,1.0,739,0,739,ok_volume,1.0,804,0,804,ok_volume,0.566,13187,3656,16843,ok_volume,244,0,244,25388,4191,29579
1769885236,25,74,1.0,774,0,774,ok_volume,1.0,1094,0,1094,ok_volume,0.572,13441,3656,17097,ok_volume,290,0,290,25386,4142,29528
1769885237,25,74,1.0,2090,0,2090,ok_volume,1.0,2585,0,2585,ok_volume,0.575,13532,3656,17188,ok_volume,1561,0,1561,26879,4142,31021
1769885238,25,74,1.0,1938,0,1938,ok_volume,1.0,2422,0,2422,ok_volume,0.488,10624,3656,14280,ok_volume,92,0,92,26709,4142,30851
1769885239,25,74,1.0,1709,0,1709,ok_volume,1.0,2243,0,2243,ok_volume,0.483,10476,3656,14132,ok_volume,61,0,61,25753,4142,29895
1769885240,25,74,1.0,583,0,583,ok_volume,1.0,2429,0,2429,ok_volume,0.483,10496,3656,14152,ok_volume,430,0,430,26129,4142,30271
1769885241,25,74,1.0,1177,0,1177,ok_volume,1.0,2825,0,2825,ok_volume,0.503,11057,3656,14713,ok_volume,692,0,692,22907,4123,27030
1769885242,25,74,1.0,1753,0,1753,ok_volume,1.0,1906,0,1906,ok_volume,0.521,11605,3656,15261,ok_volume,637,0,637,22613,4123,26736
1769885243,25,74,1.0,1373,0,1373,ok_volume,1.0,1864,0,1864,ok_volume,0.518,11519,3656,15175,ok_volume,50,0,50,22348,4123,26471
1769885244,25,74,1.0,787,0,787,ok_volume,1.0,1903,0,1903,ok_volume,0.521,11619,3656,15275,ok_volume,100,0,100,22020,4123,26143
1769885245,25,74,0,296,0,296,low_total_volume,1.0,1619,0,1619,ok_volume,0.526,11765,3656,15421,ok_volume,146,0,146,21079,4123,25202
1769885246,25,74,1.0,797,0,797,ok_volume,1.0,1484,0,1484,ok_volume,0.531,11951,3656,15607,ok_volume,559,0,559,21514,4123,25637
1769885247,25,74,1.0,878,0,878,ok_volume,1.0,1028,0,1028,ok_volume,0.438,9361,3656,13017,ok_volume,181,0,181,21606,4030,25636
1769885248,25,74,1.0,784,0,784,ok_volume,1.0,1030,0,1030,ok_volume,0.425,9061,3656,12717,ok_volume,57,0,57,21436,3869,25305
1769885249,25,74,0,268,0,268,low_total_volume,1.0,965,0,965,ok_volume,0.436,9018,3542,12560,ok_volume,35,0,35,21454,3869,25323
1769885250,25,74,0,121,0,121,low_total_volume,1.0,853,0,853,ok_volume,0.437,9032,3542,12574,ok_volume,34,0,34,21235,3869,25104
1769885251,25,74,0,201,0,201,low_total_volume,1.0,434,0,434,ok_volume,0.439,9081,3542,12623,ok_volume,59,0,59,20933,3869,24802
1769885252,25,74,0,166,0,166,low_activity,0,253,0,253,low_total_volume,0.427,8812,3542,12354,ok_volume,0,0,0,20537,3869,24406
1769885253,25,74,0.149,533,395,928,ok_volume,0.262,675,395,1070,ok_volume,0.402,9222,3937,13159,ok_volume,474,395,869,20975,4264,25239
1769885254,25,74,0.257,668,395,1063,ok_volume,0.357,834,395,1229,ok_volume,0.812,9049,937,9986,ok_volume,194,0,194,20512,4264,24776
1769885255,25,74,0.257,668,395,1063,ok_volume,0.296,727,395,1122,ok_volume,0.811,8978,937,9915,ok_volume,0,0,0,20308,4264,24572
1769885256,25,74,0,194,26,220,low_activity,0.227,668,421,1089,ok_volume,0.803,8803,963,9766,ok_volume,2,0,2,20164,4250,24414
1769885257,25,74,0,0,26,26,low_activity,0.227,668,421,1089,ok_volume,0.803,8803,963,9766,ok_volume,3,0,3,19917,4250,24167
1769885258,25,74,0,357,0,357,low_activity,0,551,26,577,low_activity,0.897,9016,491,9507,ok_volume,357,0,357,20037,4250,24287
1769885259,25,74,1.0,1218,0,1218,ok_volume,0.958,1218,26,1244,ok_volume,0.897,7723,421,8144,ok_volume,866,0,866,20757,4250,25007
1769885260,25,74,1.0,1397,0,1397,ok_volume,1.0,1397,0,1397,ok_volume,0.899,7902,421,8323,ok_volume,179,0,179,20863,4216,25079
1769885261,25,74,0.861,1075,80,1155,ok_volume,0.894,1432,80,1512,ok_volume,0.881,7937,501,8438,ok_volume,36,80,116,20807,4296,25103
1769885262,25,74,0,214,80,294,low_activity,0.894,1432,80,1512,ok_volume,0.88,7872,501,8373,ok_volume,0,0,0,20755,4296,25051
1769885263,25,74,0,106,80,186,low_activity,0.869,1146,80,1226,ok_volume,0.878,7688,501,8189,ok_volume,71,0,71,20776,4157,24933
1769885264,25,74,1.0,419,0,419,ok_volume,0.776,633,80,713,ok_volume,0.879,7796,501,8297,ok_volume,348,0,348,20933,4157,25090
1769885265,25,74,1.0,419,0,419,ok_volume,0.7,454,80,534,ok_volume,0.876,7552,501,8053,ok_volume,3,0,3,20820,4157,24977
1769885266,25,74,1.0,412,0,412,ok_volume,1.0,483,0,483,ok_volume,0.872,7326,501,7827,ok_volume,64,0,64,20848,4157,25005
1769885267,25,74,0,139,0,139,low_activity,1.0,558,0,558,ok_volume,0.842,5845,501,6346,ok_volume,75,0,75,19451,4157,23608
1769885268,25,74,0,185,0,185,low_total_volume,1.0,533,0,533,ok_volume,0.841,5799,501,6300,ok_volume,46,0,46,16497,4157,20654
1769885269,25,74,0,221,0,221,low_total_volume,0,285,0,285,low_total_volume,0.842,5838,501,6339,ok_volume,105,0,105,16393,4157,20550
1769885270,25,74,0,173,0,173,low_activity,1.0,312,0,312,ok_volume,0.831,5435,501,5936,ok_volume,17,0,17,16010,4157,20167
1769885271,25,74,0,231,66,297,low_total_volume,0.684,352,66,418,ok_volume,0.791,4853,567,5420,ok_volume,68,66,134,15989,4223,20212
1769885272,25,74,0.443,249,96,345,ok_volume,0.617,405,96,501,ok_volume,0.758,4344,597,4941,ok_volume,128,30,158,16028,4253,20281
1769885273,25,74,0.727,3767,596,4363,ok_volume,0.737,3930,596,4526,ok_volume,0.755,7865,1097,8962,ok_volume,3571,500,4071,19454,4753,24207
1769885274,25,74,0.75,3709,530,4239,ok_volume,0.731,3830,596,4426,ok_volume,0.753,7775,1097,8872,ok_volume,10,0,10,19464,4753,24217
1769885275,26,73,0,3581,500,4081,low_activity,0.727,3777,596,4373,ok_volume,0.749,7629,1097,8726,ok_volume,5,0,5,19469,4753,24222
1769885276,26,73,0,10,0,10,low_activity,0.75,3709,530,4239,ok_volume,0.732,7078,1097,8175,ok_volume,0,0,0,19099,4753,23852
1769885277,26,73,0,0,0,0,low_activity,0,3581,500,4081,low_activity,0.726,6897,1097,7994,ok_volume,0,0,0,16328,4753,21081
1769885278,26,73,0,156,0,156,low_activity,0,166,0,166,low_activity,0.729,7001,1097,8098,ok_volume,156,0,156,16139,4753,20892
1769885279,26,73,0,156,0,156,low_activity,0,156,0,156,low_activity,0.728,6966,1097,8063,ok_volume,14,0,14,16075,4639,20714
1769885280,26,73,0,465,0,465,low_activity,0,465,0,465,low_activity,0.735,7168,1097,8265,ok_volume,309,0,309,16364,4639,21003
1769885281,26,73,1.0,1954,0,1954,ok_volume,1.0,2110,0,2110,ok_volume,0.777,8754,1097,9851,ok_volume,1645,0,1645,17926,4639,22565
1769885282,26,73,1.0,2112,0,2112,ok_volume,1.0,2268,0,2268,ok_volume,0.781,8912,1097,10009,ok_volume,166,0,166,17814,4639,22453
1769885283,26,73,1.0,1803,0,1803,ok_volume,1.0,2112,0,2112,ok_volume,0.846,8438,702,9140,ok_volume,0,0,0,17745,4639,22384
1769885284,26,73,0,274,0,274,low_activity,1.0,2228,0,2228,ok_volume,0.845,8360,702,9062,ok_volume,123,0,123,17501,1639,19140
1769885285,26,73,0,501,0,501,low_activity,1.0,2304,0,2304,ok_volume,0.856,8745,676,9421,ok_volume,385,0,385,17815,1639,19454
1769885286,26,73,0,501,0,501,low_activity,0,659,0,659,low_activity,0.856,8745,676,9421,ok_volume,3,0,3,17638,1639,19277
1769885287,26,73,1.0,628,0,628,ok_volume,1.0,744,0,744,ok_volume,0.86,8988,676,9664,ok_volume,226,4,230,17881,1643,19524
1769885288,26,73,1.0,309,0,309,ok_volume,1.0,810,0,810,ok_volume,0.856,8697,676,9373,ok_volume,66,0,66,17803,1171,18974
1769885289,26,73,0,292,0,292,low_activity,1.0,694,0,694,ok_volume,0.841,7836,676,8512,ok_volume,5,0,5,15654,1101,16755
1769885290,26,73,0,173,0,173,low_activity,1.0,416,0,416,ok_volume,0.84,7764,676,8440,ok_volume,107,0,107,15758,1101,16859
1769885291,26,73,0,283,0,283,low_activity,1.0,575,0,575,ok_volume,0.86,7905,596,8501,ok_volume,176,0,176,15934,1101,17035
1769885292,26,73,1.0,758,0,758,ok_volume,1.0,824,0,824,ok_volume,0.867,8380,596,8976,ok_volume,334,0,334,16344,1101,17445
1769885293,26,73,0.895,651,36,687,ok_volume,0.909,758,36,794,ok_volume,0.859,8309,632,8941,ok_volume,7,36,43,16096,1137,17233
1769885294,26,73,0.829,385,36,421,ok_volume,0.915,809,36,845,ok_volume,0.854,8012,632,8644,ok_volume,51,0,51,15907,1137,17044
1769885295,26,73,0,74,36,110,low_activity,0.905,725,36,761,ok_volume,0.854,8035,632,8667,ok_volume,24,0,24,15687,1137,16824
1769885296,26,73,1.0,528,0,528,ok_volume,0.92,862,36,898,ok_volume,0.86,8425,632,9057,ok_volume,454,0,454,15851,1137,16988
1769885297,26,73,-0.756,477,3438,3915,ok_volume,-0.736,528,3474,4002,ok_volume,0.345,8350,4070,12420,ok_volume,0,3439,3439,14290,4576,18866
1769885298,26,73,-0.767,454,3438,3892,ok_volume,-0.734,528,3438,3966,ok_volume,0.342,8304,4070,12374,ok_volume,0,0,0,14198,4576,18774
1769885299,26,73,-0.734,528,3438,3966,ok_volume,-0.548,1005,3438,4443,ok_volume,0.364,8722,4070,12792,ok_volume,528,0,528,14668,4576,19244
1769885300,26,73,1.0,649,0,649,ok_volume,-0.514,1103,3438,4541,ok_volume,0.367,8790,4070,12860,ok_volume,16,0,16,14359,4576,18935
1769885301,26,73,1.0,7930,0,7930,ok_volume,0.395,7930,3438,11368,ok_volume,0.6,16003,4004,20007,ok_volume,7281,0,7281,20948,4576,25524
1769885302,26,73,0.992,7297,28,7325,ok_volume,0.993,7930,28,7958,ok_volume,0.597,15875,4002,19877,ok_volume,0,28,28,20311,4604,24915
1769885303,26,73,0.992,7383,28,7411,ok_volume,0.993,8032,28,8060,ok_volume,0.56,12406,3502,15908,ok_volume,102,0,102,20363,4604,24967
1769885304,26,73,0,120,28,148,low_activity,0.992,7417,28,7445,ok_volume,0.56,12414,3502,15916,ok_volume,18,0,18,20281,4604,24885
1769885305,26,73,0,120,0,120,low_activity,0.992,7401,28,7429,ok_volume,0.56,12414,3502,15916,ok_volume,5,0,5,20140,4604,24744
1769885306,26,73,0,18,0,18,low_activity,0,120,28,148,low_activity,0.56,12414,3502,15916,ok_volume,0,0,0,19581,4604,24185
1769885307,26,73,0,0,0,0,low_activity,0,120,0,120,low_activity,0.56,12414,3502,15916,ok_volume,0,0,0,19400,4604,24004
1769885308,26,73,0,251,0,251,low_activity,0,269,0,269,low_activity,0.563,12509,3502,16011,ok_volume,51,0,51,19594,4604,24198
1769885309,26,73,1.0,950,0,950,ok_volume,1.0,950,0,950,ok_volume,0.581,13208,3502,16710,ok_volume,699,0,699,20258,4604,24862
1769885310,26,73,1.0,750,0,750,ok_volume,1.0,950,0,950,ok_volume,0.573,12899,3502,16401,ok_volume,0,0,0,20151,4604,24755
1769885311,26,73,0.902,699,36,735,ok_volume,0.927,950,36,986,ok_volume,0.522,11254,3538,14792,ok_volume,0,36,36,20092,4640,24732
1769885312,26,73,0,52,36,88,low_activity,0.914,802,36,838,ok_volume,0.518,11148,3538,14686,ok_volume,52,0,52,20144,4640,24784
1769885313,26,73,0,52,36,88,low_activity,0.909,751,36,787,ok_volume,0.518,11148,3538,14686,ok_volume,0,0,0,19670,4245,23915
1769885314,26,73,0,390,0,390,low_activity,0.831,390,36,426,ok_volume,0.525,11370,3538,14908,ok_volume,343,0,343,19819,4245,24064
1769885315,26,73,0,338,0,338,low_activity,0.831,390,36,426,ok_volume,0.513,10985,3538,14523,ok_volume,0,0,0,19819,4219,24038
1769885316,26,73,0,338,0,338,low_activity,0,390,0,390,low_activity,0.512,10968,3538,14506,ok_volume,0,0,0,19817,4219,24036
1769885317,26,73,0,0,300,300,low_activity,0,338,300,638,low_activity,0.474,10742,3838,14580,ok_volume,0,300,300,19814,4519,24333
1769885318,26,73,0,1172,300,1472,low_activity,0.669,1510,300,1810,ok_volume,0.511,11848,3838,15686,ok_volume,1172,0,1172,20629,4519,25148
1769885319,26,73,0.605,1219,300,1519,ok_volume,0.605,1219,300,1519,ok_volume,0.512,11895,3838,15733,ok_volume,30,0,30,19810,4519,24329
1769885320,26,73,1.0,1289,0,1289,ok_volume,0.622,1289,300,1589,ok_volume,0.511,11858,3838,15696,ok_volume,70,0,70,19701,4519,24220
1769885321,26,73,0,100,0,100,low_activity,0.622,1289,300,1589,ok_volume,0.501,11541,3838,15379,ok_volume,0,0,0,19665,4439,24104
1769885322,26,73,0,110,0,110,low_activity,1.0,1329,0,1329,ok_volume,0.491,11247,3838,15085,ok_volume,40,0,40,19705,4439,24144
1769885323,26,73,0,40,0,40,low_activity,0,140,0,140,low_activity,0.495,11247,3802,15049,ok_volume,0,0,0,19634,4439,24073
1769885324,26,73,0,73,0,73,low_activity,0,143,0,143,low_activity,0.494,11229,3802,15031,ok_volume,33,0,33,19319,4439,23758
1769885325,26,73,0,67,0,67,low_activity,0,107,0,107,low_activity,0.494,11240,3802,15042,ok_volume,34,0,34,19350,4439,23789
1769885326,26,73,0,162,0,162,low_total_volume,0,202,0,202,low_total_volume,0.482,10881,3802,14683,ok_volume,45,0,45,19381,4439,23820
1769885327,26,73,0,139,0,139,low_total_volume,0,172,0,172,low_total_volume,0.935,10891,364,11255,ok_volume,10,0,10,19316,4439,23755
1769885328,26,73,0,55,0,55,low_activity,0,172,0,172,low_total_volume,0.935,10891,364,11255,ok_volume,0,0,0,19270,4439,23709
1769885329,26,73,0,20,0,20,low_activity,0,149,0,149,low_total_volume,0.932,10268,364,10632,ok_volume,10,0,10,19165,4439,23604
1769885330,26,73,0,60,0,60,low_activity,0,115,0,115,low_total_volume,0.932,10302,364,10666,ok_volume,50,0,50,19162,4439,23601
1769885331,26,73,0,60,0,60,low_activity,0,70,0,70,low_activity,0.785,3021,364,3385,ok_volume,0,0,0,19094,4373,23467
1769885332,26,73,0,50,17,67,low_activity,0,60,17,77,low_activity,0.791,3021,353,3374,ok_volume,0,17,17,18966,4360,23326
1769885333,26,73,0,0,17,17,low_activity,0,60,17,77,low_activity,0.784,2919,353,3272,ok_volume,0,0,0,15395,3860,19255
1769885334,26,73,0,33,17,50,low_activity,0,83,17,100,low_activity,0.785,2934,353,3287,ok_volume,33,0,33,15418,3860,19278
1769885335,26,73,0,905,142,1047,low_activity,0.701,905,159,1064,ok_volume,0.77,3806,495,4301,ok_volume,872,100,972,16285,4002,20287
1769885336,26,73,0,905,142,1047,low_activity,0.701,905,159,1064,ok_volume,0.77,3806,495,4301,ok_volume,0,0,0,16285,4002,20287
1769885337,26,73,0,982,100,1082,low_activity,0.755,1015,142,1157,ok_volume,0.765,3716,495,4211,ok_volume,110,0,110,16388,4002,20390
1769885338,26,73,0,268,0,268,low_activity,0.784,1173,142,1315,ok_volume,0.771,3823,495,4318,ok_volume,158,0,158,16390,4002,20392
1769885339,26,73,1.0,720,0,720,ok_volume,0.882,1592,100,1692,ok_volume,0.757,3576,495,4071,ok_volume,452,0,452,16828,4002,20830
1769885340,26,73,1.0,724,0,724,ok_volume,1.0,834,0,834,ok_volume,0.763,3690,495,4185,ok_volume,121,0,121,16640,4002,20642
1769885341,26,73,1.0,566,0,566,ok_volume,1.0,834,0,834,ok_volume,0.779,3690,459,4149,ok_volume,0,0,0,14995,4002,18997
1769885342,26,73,0,134,0,134,low_activity,1.0,744,0,744,ok_volume,0.777,3658,459,4117,ok_volume,20,0,20,14849,4002,18851
1769885343,26,73,0,20,0,20,low_activity,1.0,586,0,586,ok_volume,0.777,3658,459,4117,ok_volume,0,0,0,14849,4002,18851
1769885344,26,73,0,37,0,37,low_activity,0,151,0,151,low_activity,0.758,3337,459,3796,ok_volume,20,0,20,14746,4002,18748
1769885345,26,73,0,17,0,17,low_activity,0,37,0,37,low_activity,0.758,3337,459,3796,ok_volume,0,0,0,14361,4002,18363
1769885346,26,73,0,51,0,51,low_activity,0,71,0,71,low_activity,0.76,3371,459,3830,ok_volume,34,0,34,14375,4002,18377
1769885347,26,73,0,386,0,386,low_activity,0,403,0,403,low_activity,0.918,3723,159,3882,ok_volume,352,0,352,14501,3998,18499
1769885348,26,73,0,386,0,386,low_activity,0,403,0,403,low_activity,0.882,2534,159,2693,ok_volume,0,0,0,14435,3998,18433
1769885349,26,73,0,385,0,385,low_activity,0,419,0,419,low_activity,0.882,2537,159,2696,ok_volume,0,0,0,14463,3998,18461
1769885350,26,73,0,33,0,33,low_activity,0,419,0,419,low_activity,0.879,2467,159,2626,ok_volume,0,0,0,14356,3998,18354
1769885351,26,73,0,34,0,34,low_activity,0,419,0,419,low_activity,0.88,2501,159,2660,ok_volume,34,0,34,14073,3998,18071
1769885352,26,73,0,34,0,34,low_activity,0,67,0,67,low_activity,0.879,2461,159,2620,ok_volume,0,0,0,13739,3998,17737
1769885353,26,73,0,34,0,34,low_activity,0,34,0,34,low_activity,0.879,2461,159,2620,ok_volume,0,0,0,13732,3962,17694
1769885354,26,73,0,237,0,237,low_activity,0,271,0,271,low_activity,0.887,2665,159,2824,ok_volume,238,0,238,13919,3962,17881
1769885355,26,73,0,1054,0,1054,low_activity,1.0,1088,0,1088,ok_volume,0.911,3398,159,3557,ok_volume,817,0,817,14712,3962,18674
1769885356,26,73,1.0,1101,0,1101,ok_volume,1.0,1101,0,1101,ok_volume,0.911,3400,159,3559,ok_volume,47,0,47,14305,3962,18267
1769885357,26,73,0,864,0,864,low_activity,1.0,1101,0,1101,ok_volume,0.91,3390,159,3549,ok_volume,0,0,0,14305,523,14828
1769885358,26,73,0,183,0,183,low_activity,1.0,1237,0,1237,ok_volume,0.914,3526,159,3685,ok_volume,136,0,136,14438,523,14961
1769885359,26,73,0,153,0,153,low_activity,1.0,1017,0,1017,ok_volume,0.914,3533,159,3692,ok_volume,20,0,20,13825,523,14348
1769885360,26,73,0,153,0,153,low_activity,0,200,0,200,low_total_volume,0.913,3483,159,3642,ok_volume,3,0,3,13812,523,14335
1769885361,26,73,0,17,0,17,low_activity,0,153,0,153,low_activity,0.913,3483,159,3642,ok_volume,0,0,0,6531,523,7054
1769885362,26,73,0,1016,0,1016,low_activity,1.0,1169,0,1169,ok_volume,0.939,4499,142,4641,ok_volume,1016,0,1016,7547,495,8042
1769885363,26,73,0,1189,0,1189,low_activity,0,1206,0,1206,low_activity,0.941,4672,142,4814,ok_volume,173,0,173,7618,495,8113
1769885364,26,73,0,1189,0,1189,low_activity,0,1189,0,1189,low_activity,0.958,4639,100,4739,ok_volume,0,0,0,7600,495,8095
1769885365,26,73,0,173,0,173,low_activity,0,1189,0,1189,low_activity,1.0,3767,0,3767,ok_volume,0,0,0,7595,495,8090
1769885366,26,73,0,1500,0,1500,low_activity,1.0,2689,0,2689,ok_volume,1.0,5267,0,5267,ok_volume,1500,0,1500,9095,495,9590
1769885367,26,73,0,1534,0,1534,low_activity,0,1707,0,1707,low_activity,1.0,5191,0,5191,ok_volume,34,0,34,8929,495,9424
1769885368,26,73,1.0,1941,0,1941,ok_volume,1.0,1941,0,1941,ok_volume,1.0,5440,0,5440,ok_volume,407,0,407,9285,495,9780
1769885369,26,73,0.881,1266,80,1346,ok_volume,0.944,2766,80,2846,ok_volume,0.973,5813,80,5893,ok_volume,825,80,905,9411,575,9986
1769885370,26,73,0.884,1297,80,1377,ok_volume,0.945,2831,80,2911,ok_volume,0.973,5764,80,5844,ok_volume,65,0,65,9476,575,10051
1769885371,26,73,0.86,1063,80,1143,ok_volume,0.899,1504,80,1584,ok_volume,0.973,5937,80,6017,ok_volume,180,0,180,9656,539,10195
1769885372,26,73,0,254,0,254,low_total_volume,0.898,1486,80,1566,ok_volume,0.973,5933,80,6013,ok_volume,0,0,0,9620,539,10159
1769885373,26,73,0,1689,0,1689,low_activity,0.94,2579,80,2659,ok_volume,0.979,7433,80,7513,ok_volume,1500,0,1500,11120,539,11659
1769885374,26,73,0,2510,0,2510,low_activity,1.0,2764,0,2764,ok_volume,0.981,8426,80,8506,ok_volume,1010,0,1010,11787,539,12326
1769885375,26,73,0,2710,0,2710,low_activity,1.0,2899,0,2899,ok_volume,0.982,8626,80,8706,ok_volume,200,0,200,11987,539,12526
1769885376,26,73,0.295,1434,781,2215,ok_volume,0.58,2934,781,3715,ok_volume,0.822,8816,861,9677,ok_volume,224,781,1005,12211,1320,13531
1769885377,26,73,-0.296,424,781,1205,ok_volume,0.58,2934,781,3715,ok_volume,0.815,8464,861,9325,ok_volume,0,0,0,12211,1020,13231
1769885378,26,73,-0.502,259,781,1040,ok_volume,0.306,1469,781,2250,ok_volume,0.815,8466,861,9327,ok_volume,0,0,0,11057,1020,12077
1769885379,26,73,0,281,0,281,low_activity,-0.051,705,781,1486,ok_volume,0.82,8712,861,9573,ok_volume,246,0,246,11273,1020,12293
1769885380,26,73,0,246,0,246,low_activity,-0.215,505,781,1286,ok_volume,0.82,8712,861,9573,ok_volume,0,3,3,11203,1023,12226
1769885381,26,73,0.57,329,90,419,ok_volume,0.604,364,90,454,ok_volume,0.804,8761,951,9712,ok_volume,83,90,173,11286,1113,12399
1769885382,26,73,0,118,90,208,low_total_volume,0.604,364,90,454,ok_volume,0.805,8796,951,9747,ok_volume,1,0,1,11282,1113,12395
1769885383,26,73,0.851,1118,90,1208,ok_volume,0.876,1364,90,1454,ok_volume,0.823,9796,951,10747,ok_volume,1000,0,1000,12282,1113,13395
1769885384,26,73,0,1700,0,1700,low_activity,0.906,1818,90,1908,ok_volume,0.83,10259,951,11210,ok_volume,700,0,700,12949,1113,14062
1769885385,26,73,1.0,1806,0,1806,ok_volume,0.911,1924,90,2014,ok_volume,0.819,9548,951,10499,ok_volume,106,0,106,12971,1113,14084
1769885386,26,73,1.0,1753,0,1753,ok_volume,1.0,2753,0,2753,ok_volume,0.833,10448,951,11399,ok_volume,947,0,947,13873,1113,14986
1769885387,26,73,1.0,1136,0,1136,ok_volume,1.0,2836,0,2836,ok_volume,0.834,10531,951,11482,ok_volume,83,0,83,13946,1113,15059
1769885388,26,73,1.0,1374,0,1374,ok_volume,1.0,2180,0,2180,ok_volume,0.837,10739,951,11690,ok_volume,344,0,344,14290,1113,15403
1769885389,26,73,1.0,460,0,460,ok_volume,1.0,1513,0,1513,ok_volume,0.838,10755,951,11706,ok_volume,33,0,33,14313,1113,15426
1769885390,26,73,1.0,477,0,477,ok_volume,1.0,1507,0,1507,ok_volume,0.839,10855,951,11806,ok_volume,100,0,100,14363,1113,15476
1769885391,26,73,0,133,0,133,low_activity,1.0,560,0,560,ok_volume,0.839,10855,951,11806,ok_volume,0,0,0,14363,1113,15476
1769885392,26,73,0,150,15,165,low_activity,0.945,527,15,542,ok_volume,0.822,9889,966,10855,ok_volume,0,15,15,14413,1111,15524
1769885393,26,73,0,50,15,65,low_activity,0,183,15,198,low_total_volume,0.819,9716,966,10682,ok_volume,3,0,3,14416,1111,15527
1769885394,26,73,0,0,15,15,low_activity,0,150,15,165,low_activity,0.819,9716,966,10682,ok_volume,0,0,0,14383,1069,15452
1769885395,26,73,0,639,0,639,low_activity,0,689,15,704,low_activity,0.829,10355,966,11321,ok_volume,639,0,639,14150,969,15119
1769885396,26,73,0,639,51,690,low_activity,0,639,66,705,low_activity,0.794,8855,1017,9872,ok_volume,0,51,51,14150,1020,15170
1769885397,26,73,0.859,673,51,724,ok_volume,0.859,673,51,724,ok_volume,0.794,8855,1017,9872,ok_volume,34,0,34,14074,1020,15094
1769885398,26,73,0,150,51,201,low_activity,0.879,789,51,840,ok_volume,0.788,8564,1017,9581,ok_volume,116,0,116,14032,1020,15052
1769885399,26,73,0,220,0,220,low_activity,0.888,859,51,910,ok_volume,0.786,7809,937,8746,ok_volume,73,0,73,13653,1020,14673
1769885400,26,73,0,272,0,272,low_activity,0.714,306,51,357,ok_volume,0.786,7830,937,8767,ok_volume,86,0,86,13618,1020,14638
1769885401,26,73,0,176,0,176,low_activity,1.0,326,0,326,ok_volume,0.782,7661,937,8598,ok_volume,20,0,20,13638,1020,14658
1769885402,26,73,1.0,769,0,769,ok_volume,1.0,955,0,955,ok_volume,0.798,8324,937,9261,ok_volume,435,0,435,14281,1020,15301
1769885403,26,73,0.418,971,399,1370,ok_volume,0.477,1127,399,1526,ok_volume,0.684,7112,1336,8448,ok_volume,292,399,691,14573,1419,15992
1769885404,25,74,-0.848,723,8802,9525,ok_volume,-0.786,1057,8802,9859,ok_volume,-0.23,6102,9739,15841,ok_volume,0,8403,8403,14553,9829,24382
1769885405,24,75,-0.802,977,8889,9866,ok_volume,-0.685,1660,8889,10549,ok_volume,-0.197,6591,9826,16417,ok_volume,689,87,776,15242,9916,25158
1769885406,24,75,-0.843,722,8490,9212,ok_volume,-0.72,1445,8889,10334,ok_volume,-0.171,6400,9045,15445,ok_volume,33,0,33,15241,9916,25157
1769885407,23,76,0.579,796,212,1008,ok_volume,-0.785,1084,9014,10098,ok_volume,-0.175,6439,9170,15609,ok_volume,74,125,199,14963,10041,25004
1769885408,22,77,-0.603,171,690,861,ok_volume,-0.829,860,9180,10040,ok_volume,-0.199,6503,9735,16238,ok_volume,64,565,629,14994,10606,25600
1769885409,22,77,-0.599,173,690,863,ok_volume,0.071,895,777,1672,ok_volume,-0.215,6292,9735,16027,ok_volume,0,0,0,15029,10606,25635
1769885410,23,76,-0.326,287,565,852,ok_volume,-0.273,394,690,1084,ok_volume,-0.201,6480,9735,16215,ok_volume,188,0,188,15217,10606,25823
1769885411,23,76,0,188,0,188,low_activity,-0.313,361,690,1051,ok_volume,-0.205,6362,9645,16007,ok_volume,0,0,0,15183,10606,25789
1769885412,23,76,0,979,0,979,low_activity,0.312,1078,565,1643,ok_volume,-0.148,7153,9645,16798,ok_volume,791,0,791,15974,10606,26580
1769885413,23,76,0,791,0,791,low_activity,0,979,0,979,low_activity,-0.221,6153,9645,15798,ok_volume,0,0,0,15974,10606,26580
1769885414,23,76,0.965,1074,19,1093,ok_volume,0.97,1262,19,1281,ok_volume,-0.255,5736,9664,15400,ok_volume,283,19,302,16019,10625,26644
1769885415,22,77,-0.312,283,540,823,ok_volume,0.331,1074,540,1614,ok_volume,-0.288,5630,10185,15815,ok_volume,2,521,523,15204,11146,26350
1769885416,22,77,0.176,771,540,1311,ok_volume,0.486,1562,540,2102,ok_volume,-0.327,5171,10185,15356,ok_volume,489,0,489,15646,11146,26792
1769885417,22,77,0.011,533,521,1054,ok_volume,0.204,816,540,1356,ok_volume,-0.33,5133,10185,15318,ok_volume,47,0,47,15693,11146,26839
1769885418,22,77,1.0,533,0,533,ok_volume,0.204,816,540,1356,ok_volume,-0.36,4789,10185,14974,ok_volume,6,0,6,15563,11146,26709
1769885419,22,77,0,45,14,59,low_activity,-0.002,533,535,1068,ok_volume,-0.364,4756,10199,14955,ok_volume,0,14,14,15543,11160,26703
1769885420,22,77,0,20,14,34,low_activity,0.951,553,14,567,ok_volume,-0.371,4676,10199,14875,ok_volume,25,0,25,15565,11160,26725
1769885421,22,77,0,60,51,111,low_total_volume,0,105,51,156,low_total_volume,-0.374,4666,10236,14902,ok_volume,40,37,77,15605,11197,26802
1769885422,22,77,0,60,37,97,low_total_volume,0,60,51,111,low_total_volume,-0.373,4666,10221,14887,ok_volume,5,0,5,14594,11197,25791
1769885423,22,77,0,60,37,97,low_total_volume,0,80,51,131,low_total_volume,-0.371,4686,10221,14907,ok_volume,20,0,20,14441,11197,25638
1769885424,22,77,0,20,0,20,low_activity,0,80,37,117,low_total_volume,-0.371,4686,10221,14907,ok_volume,0,0,0,14441,11197,25638
1769885425,22,77,0,20,0,20,low_activity,0,60,37,97,low_total_volume,-0.433,4047,10221,14268,ok_volume,0,0,0,14441,11197,25638
1769885426,22,77,0,202,0,202,low_activity,0,222,0,222,low_activity,-0.411,4249,10170,14419,ok_volume,202,0,202,13143,11197,24340
1769885427,22,77,0,425,0,425,low_activity,1.0,445,0,445,ok_volume,-0.392,4438,10170,14608,ok_volume,223,0,223,13332,11197,24529
1769885428,22,77,0.866,487,35,522,ok_volume,0.866,487,35,522,ok_volume,-0.399,4384,10205,14589,ok_volume,62,35,97,12987,11232,24219
1769885429,22,77,0.877,533,35,568,ok_volume,0.909,735,35,770,ok_volume,-0.382,4562,10205,14767,ok_volume,248,0,248,12410,11152,23562
1769885430,22,77,0.812,337,35,372,ok_volume,0.912,762,35,797,ok_volume,-0.388,4503,10205,14708,ok_volume,0,0,0,12372,11152,23524
1769885431,22,77,0,371,0,371,low_activity,0.899,656,35,691,ok_volume,-0.402,4351,10205,14556,ok_volume,96,0,96,12272,11152,23424
1769885432,22,77,0,129,0,129,low_activity,0.86,466,35,501,ok_volume,-0.442,3949,10205,14154,ok_volume,41,0,41,12313,11152,23465
1769885433,22,77,0.685,267,50,317,ok_volume,0.831,542,50,592,ok_volume,-0.444,3799,9856,13655,ok_volume,138,50,188,10951,11202,22153
1769885434,22,77,0,171,50,221,low_total_volume,0.685,267,50,317,ok_volume,0.447,3799,1453,5252,ok_volume,1,0,1,9942,11202,21144
1769885435,22,77,0,138,102,240,low_total_volume,0.447,267,102,369,ok_volume,0.374,3110,1418,4528,ok_volume,0,52,52,9742,11254,20996
1769885436,22,77,0.853,657,52,709,ok_volume,0.781,828,102,930,ok_volume,0.45,3734,1418,5152,ok_volume,585,0,585,10179,10473,20652
1769885437,22,77,0.022,698,668,1366,ok_volume,0.076,836,718,1554,ok_volume,0.319,3701,1909,5610,ok_volume,41,616,657,10185,11089,21274
1769885438,22,77,0.027,679,643,1322,ok_volume,0.041,755,695,1450,ok_volume,0.455,3659,1371,5030,ok_volume,65,27,92,10250,11116,21366
1769885439,22,77,0.337,1298,643,1941,ok_volume,0.475,1955,695,2650,ok_volume,0.56,4859,1371,6230,ok_volume,1211,0,1211,11215,11116,22331
1769885440,22,77,0,1357,27,1384,low_activity,0.51,1979,643,2622,ok_volume,0.554,4771,1371,6142,ok_volume,109,0,109,11324,11113,22437
1769885441,22,77,0.898,1383,74,1457,ok_volume,0.348,1481,717,2198,ok_volume,0.541,4854,1445,6299,ok_volume,83,74,157,11289,11097,22386
1769885442,22,77,0.965,4183,74,4257,ok_volume,0.964,5440,101,5541,ok_volume,0.696,8063,1445,9508,ok_volume,4000,0,4000,15288,11097,26385
1769885443,22,77,0.964,4083,74,4157,ok_volume,0.973,5383,74,5457,ok_volume,0.696,8063,1445,9508,ok_volume,0,0,0,14288,11097,25385
1769885444,22,77,0,4000,0,4000,low_activity,0.965,4183,74,4257,ok_volume,0.69,7780,1426,9206,ok_volume,0,0,0,13588,11097,24685
1769885445,22,77,0,20,0,20,low_activity,0.965,4103,74,4177,ok_volume,0.792,7800,905,8705,ok_volume,20,3,23,13502,11100,24602
1769885446,22,77,0,20,0,20,low_activity,0,4020,0,4020,low_activity,0.78,7312,905,8217,ok_volume,0,0,0,12555,11100,23655
1769885447,22,77,0,40,0,40,low_activity,0,40,0,40,low_activity,0.779,7287,905,8192,ok_volume,20,0,20,12492,11100,23592
1769885448,22,77,0,272,0,272,low_activity,0,292,0,292,low_activity,0.786,7539,905,8444,ok_volume,252,0,252,12400,11100,23500
1769885449,22,77,0,292,0,292,low_activity,1.0,312,0,312,ok_volume,0.789,7559,891,8450,ok_volume,2,0,2,12389,11100,23489
1769885450,22,77,0.786,333,40,373,ok_volume,0.796,353,40,393,ok_volume,0.782,7600,931,8531,ok_volume,61,40,101,12350,11140,23490
1769885451,22,77,0,161,240,401,low_activity,0.307,453,240,693,ok_volume,0.75,7660,1094,8754,ok_volume,100,200,300,12400,11340,23740
1769885452,21,78,0,161,240,401,low_activity,0.287,433,240,673,ok_volume,0.75,7660,1094,8754,ok_volume,0,0,0,12400,11325,23725
1769885453,21,78,0,121,200,321,low_activity,-0.137,182,240,422,ok_volume,0.75,7661,1094,8755,ok_volume,21,0,21,12418,11325,23743
1769885454,21,78,0,71,0,71,low_activity,-0.017,232,240,472,ok_volume,0.752,7711,1094,8805,ok_volume,50,0,50,12468,11325,23793
1769885455,21,78,0,71,0,71,low_activity,0,171,200,371,low_activity,0.752,7711,1094,8805,ok_volume,0,0,0,11829,11325,23154
1769885456,21,76,1.0,10594,0,10594,ok_volume,1.0,10615,0,10615,ok_volume,0.886,18053,1094,19147,ok_volume,10548,0,10548,22377,11274,33651
1769885457,22,76,1.0,10544,0,10544,ok_volume,1.0,10615,0,10615,ok_volume,0.884,17830,1094,18924,ok_volume,0,0,0,22343,11274,33617
1769885458,23,75,0.941,10544,319,10863,ok_volume,0.942,10594,319,10913,ok_volume,0.856,17768,1378,19146,ok_volume,0,322,322,22227,11596,33823
1769885459,23,75,-1.0,0,503,503,ok_volume,0.909,10544,503,11047,ok_volume,0.836,17493,1562,19055,ok_volume,0,184,184,22154,11780,33934
1769885460,23,75,-1.0,0,503,503,ok_volume,0.909,10544,503,11047,ok_volume,0.836,17493,1562,19055,ok_volume,0,0,0,22068,11780,33848
1769885461,24,75,-1.0,0,528,528,ok_volume,-1.0,0,847,847,ok_volume,0.803,17397,1906,19303,ok_volume,0,344,344,21820,12124,33944
1769885462,24,75,0,0,403,403,low_activity,-1.0,0,906,906,ok_volume,0.797,17364,1965,19329,ok_volume,0,59,59,21385,12183,33568
1769885463,24,75,-0.828,38,403,441,ok_volume,-0.878,38,587,625,ok_volume,0.8,17264,1915,19179,ok_volume,38,0,38,21131,11777,32908
1769885464,24,75,0,38,59,97,low_activity,-0.828,38,403,441,ok_volume,0.8,17264,1915,19179,ok_volume,0,0,0,21131,3374,24505
1769885465,24,75,0,38,0,38,low_activity,-0.828,38,403,441,ok_volume,0.804,17188,1863,19051,ok_volume,0,0,0,20442,3287,23729
1769885466,24,75,0,0,0,0,no_volume,0,38,59,97,low_activity,0.798,16607,1863,18470,ok_volume,0,0,0,20409,3287,23696
1769885467,24,75,0,0,0,0,low_activity,0,38,0,38,low_activity,0.86,16566,1247,17813,ok_volume,3,0,3,20338,3162,23500
1769885468,24,75,0,0,0,0,low_activity,0,0,0,0,low_activity,0.862,16509,1220,17729,ok_volume,7,0,7,20246,2597,22843
1769885469,24,75,0,95,0,95,low_activity,0,95,0,95,low_activity,0.853,15404,1220,16624,ok_volume,95,0,95,20341,2597,22938
1769885470,24,75,0,117,0,117,low_activity,0,117,0,117,low_activity,0.853,15326,1220,16546,ok_volume,22,0,22,20175,2597,22772
1769885471,24,75,-0.06,250,282,532,ok_volume,-0.06,250,282,532,ok_volume,0.83,15376,1428,16804,ok_volume,136,282,418,20311,2879,23190
1769885472,24,75,0,155,282,437,low_activity,-0.06,250,282,532,ok_volume,0.777,11376,1428,12804,ok_volume,3,0,3,19523,2879,22402
1769885473,24,75,0,133,282,415,low_activity,-0.06,250,282,532,ok_volume,0.777,11376,1428,12804,ok_volume,0,0,0,19523,2879,22402
1769885474,24,75,0,360,0,360,low_activity,0.292,515,282,797,ok_volume,0.783,11736,1428,13164,ok_volume,360,0,360,19600,2860,22460
1769885475,24,75,0,360,0,360,low_activity,0.272,493,282,775,ok_volume,0.783,11716,1428,13144,ok_volume,0,0,0,19598,2339,21937
1769885476,24,75,0,420,0,420,low_activity,0,420,0,420,low_activity,0.784,11776,1428,13204,ok_volume,60,0,60,19169,2339,21508
1769885477,24,75,0.96,493,10,503,ok_volume,0.977,853,10,863,ok_volume,0.789,12189,1438,13627,ok_volume,226,10,236,19555,2349,21904
1769885478,23,75,0.96,493,10,503,ok_volume,0.977,853,10,863,ok_volume,0.785,11917,1438,13355,ok_volume,0,0,0,19549,2349,21898
1769885479,23,76,0,226,10,236,low_activity,0.96,493,10,503,ok_volume,0.785,11917,1438,13355,ok_volume,0,0,0,19549,2335,21884
1769885480,23,76,0,0,0,0,no_volume,0.96,493,10,503,ok_volume,0.789,11856,1398,13254,ok_volume,0,0,0,19524,2335,21859
1769885481,23,76,0,39,0,39,low_activity,0,265,10,275,low_total_volume,0.816,11795,1198,12993,ok_volume,39,0,39,19523,2298,21821
1769885482,23,74,1.0,10413,0,10413,ok_volume,1.0,10413,0,10413,ok_volume,0.897,22169,1198,23367,ok_volume,10383,0,10383,29901,2298,32199
1769885483,24,74,1.0,10573,0,10573,ok_volume,1.0,10573,0,10573,ok_volume,0.898,22308,1198,23506,ok_volume,160,0,160,30041,2298,32339
1769885484,24,72,0.827,10534,998,11532,ok_volume,0.827,10573,998,11571,ok_volume,0.82,22258,2196,24454,ok_volume,0,998,998,30041,3296,33337
1769885485,25,72,0,160,998,1158,low_activity,0.827,10573,998,11571,ok_volume,0.82,22258,2196,24454,ok_volume,0,0,0,30041,3296,33337
1769885486,25,72,0,0,998,998,low_activity,0.827,10534,998,11532,ok_volume,0.684,11714,2196,13910,ok_volume,0,0,0,29839,3296,33135
1769885487,26,72,0,0,0,0,no_volume,0,160,998,1158,low_activity,0.684,11714,2196,13910,ok_volume,0,0,0,29616,3296,32912
1769885488,26,72,0,0,0,0,no_volume,0,0,998,998,low_activity,0.724,11714,1877,13591,ok_volume,0,0,0,29554,3261,32815
1769885489,26,72,0,0,0,0,no_volume,0,0,0,0,no_volume,0.747,11714,1693,13407,ok_volume,0,0,0,29279,3261,32540
1769885490,26,73,0,0,178,178,low_activity,0,0,178,178,low_activity,0.725,11714,1871,13585,ok_volume,0,180,180,29279,3441,32720
1769885491,26,73,0,166,844,1010,low_activity,0,166,844,1010,low_activity,0.688,11880,2193,14073,ok_volume,166,666,832,29349,4107,33456
1769885492,26,73,-0.702,183,1047,1230,ok_volume,-0.702,183,1047,1230,ok_volume,0.672,11897,2337,14234,ok_volume,17,203,220,29325,4310,33635
1769885493,26,73,-0.615,207,869,1076,ok_volume,-0.67,207,1047,1254,ok_volume,0.671,11883,2337,14220,ok_volume,24,0,24,29211,4260,33471
1769885494,26,73,0.094,245,203,448,ok_volume,-0.436,411,1047,1458,ok_volume,0.676,12087,2337,14424,ok_volume,204,0,204,29414,4260,33674
1769885495,26,73,0,245,0,245,low_activity,-0.34,428,869,1297,ok_volume,0.676,12104,2337,14441,ok_volume,17,0,17,29355,4208,33563
1769885496,26,73,0,221,0,221,low_activity,0.127,262,203,465,ok_volume,0.676,12104,2337,14441,ok_volume,0,0,0,28770,4208,32978
1769885497,26,73,0,269,0,269,low_activity,1.0,497,0,497,ok_volume,0.682,12356,2337,14693,ok_volume,252,0,252,28981,3592,32573
1769885498,25,74,1.0,533,0,533,ok_volume,1.0,754,0,754,ok_volume,0.688,12637,2337,14974,ok_volume,287,0,287,29203,3565,32768
1769885499,25,74,1.0,1164,0,1164,ok_volume,1.0,1181,0,1181,ok_volume,0.699,13173,2337,15510,ok_volume,631,0,631,28623,3565,32188
1769885500,25,74,1.0,1691,0,1691,ok_volume,1.0,1943,0,1943,ok_volume,0.713,13930,2337,16267,ok_volume,658,0,658,29293,3565,32858
1769885501,24,75,0.667,1503,300,1803,ok_volume,0.743,2036,300,2336,ok_volume,0.71,13890,2355,16245,ok_volume,65,300,365,29303,3791,33094
1769885502,23,76,0.267,933,540,1473,ok_volume,0.569,1966,540,2506,ok_volume,0.689,14072,2595,16667,ok_volume,182,240,422,25485,4031,29516
1769885503,23,76,-0.314,282,540,822,ok_volume,0.522,1720,540,2260,ok_volume,0.689,14107,2595,16702,ok_volume,35,0,35,25520,4031,29551
1769885504,23,76,0.244,395,240,635,ok_volume,0.359,1146,540,1686,ok_volume,0.686,13925,2595,16520,ok_volume,178,0,178,25698,4031,29729
1769885505,23,76,1.0,2356,0,2356,ok_volume,0.656,2603,540,3143,ok_volume,0.722,16068,2595,18663,ok_volume,2124,0,2124,27821,4028,31849
1769885506,23,76,1.0,2321,0,2321,ok_volume,0.827,2538,240,2778,ok_volume,0.718,15801,2595,18396,ok_volume,0,0,0,27821,4028,31849
1769885507,22,77,0.931,2248,80,2328,ok_volume,0.938,2480,80,2560,ok_volume,0.71,15699,2665,18364,ok_volume,124,80,204,27925,4108,32033
1769885508,25,74,0.966,4687,80,4767,ok_volume,0.977,7008,80,7088,ok_volume,0.768,20262,2665,22927,ok_volume,4577,0,4577,32230,4108,36338
1769885509,26,73,0.966,4687,80,4767,ok_volume,0.977,6811,80,6891,ok_volume,0.768,20262,2665,22927,ok_volume,0,0,0,32228,4108,36336
1769885510,26,72,0.987,6059,39,6098,ok_volume,0.962,6183,119,6302,ok_volume,0.779,21758,2704,24462,ok_volume,1500,0,1500,33667,4107,37774
1769885511,26,72,0.957,1796,39,1835,ok_volume,0.964,6483,119,6602,ok_volume,0.781,22019,2704,24723,ok_volume,300,0,300,33867,3907,37774
1769885512,27,71,1.0,1796,0,1796,ok_volume,0.988,6359,39,6398,ok_volume,0.623,11645,2704,14349,ok_volume,0,0,0,33867,3907,37774
1769885513,27,71,0,300,0,300,low_activity,0.957,1796,39,1835,ok_volume,0.619,11485,2704,14189,ok_volume,0,0,0,33846,3907,37753
1769885514,27,71,0,0,0,0,no_volume,1.0,1796,0,1796,ok_volume,0.741,11485,1706,13191,ok_volume,0,0,0,33796,3907,37703
1769885515,28,71,0,0,0,0,no_volume,0,300,0,300,low_activity,0.741,11485,1706,13191,ok_volume,0,0,0,33796,3907,37703
1769885516,28,71,0,0,0,0,low_activity,0,0,0,0,low_activity,0.741,11485,1706,13191,ok_volume,0,3,3,23248,3910,27158
1769885517,28,71,0,0,0,0,low_activity,0,0,0,0,low_activity,0.741,11485,1706,13191,ok_volume,6,0,6,23254,3910,27164
1769885518,28,71,1.0,1376,0,1376,ok_volume,1.0,1376,0,1376,ok_volume,0.766,12861,1706,14567,ok_volume,1380,0,1380,24634,3588,28222
1769885519,28,71,1.0,2988,0,2988,ok_volume,1.0,2988,0,2988,ok_volume,0.789,14473,1706,16179,ok_volume,1612,0,1612,26246,3404,29650
1769885520,28,71,1.0,3374,0,3374,ok_volume,1.0,3374,0,3374,ok_volume,0.814,14859,1528,16387,ok_volume,386,0,386,26632,3404,30036
1769885521,28,71,1.0,2661,0,2661,ok_volume,1.0,4037,0,4037,ok_volume,0.894,15356,862,16218,ok_volume,663,0,663,27295,3060,30355
1769885522,28,71,1.0,1049,0,1049,ok_volume,1.0,4037,0,4037,ok_volume,0.918,15339,659,15998,ok_volume,0,5,5,27295,3006,30301
1769885523,28,71,0,663,200,863,low_activity,0.86,2661,200,2861,ok_volume,0.894,15315,859,16174,ok_volume,11,200,211,27268,3206,30474
1769885524,28,71,0,82,200,282,low_activity,0.699,1131,200,1331,ok_volume,0.893,15193,859,16052,ok_volume,82,0,82,27350,3206,30556
1769885525,29,70,0.939,6375,200,6575,ok_volume,0.945,7038,200,7238,ok_volume,0.923,21469,859,22328,ok_volume,6261,0,6261,33643,3206,36849
1769885526,29,70,0.97,6375,98,6473,ok_volume,0.911,6375,298,6673,ok_volume,0.915,21469,957,22426,ok_volume,0,98,98,33643,3304,36947
1769885527,29,70,0.971,6621,98,6719,ok_volume,0.915,6735,298,7033,ok_volume,0.915,21577,957,22534,ok_volume,360,0,360,34000,3304,37304
1769885528,26,73,0.707,572,98,670,ok_volume,0.972,6947,98,7045,ok_volume,0.915,21508,957,22465,ok_volume,197,1,198,34205,3305,37510
1769885529,25,74,-0.63,711,3135,3846,ok_volume,0.366,6972,3233,10205,ok_volume,0.672,20895,4092,24987,ok_volume,63,3135,3198,34249,6440,40689
1769885530,24,75,-0.8,352,3175,3527,ok_volume,-0.636,727,3273,4000,ok_volume,0.661,20225,4132,24357,ok_volume,16,45,61,34243,6485,40728
1769885531,22,76,-0.898,170,3175,3345,ok_volume,-0.59,818,3175,3993,ok_volume,0.682,20251,3832,24083,ok_volume,91,0,91,34198,6203,40401
1769885532,22,76,0,207,40,247,low_activity,-0.708,543,3175,3718,ok_volume,0.698,20169,3592,23761,ok_volume,110,0,110,34305,6203,40508
1769885533,22,77,0,281,0,281,low_activity,-0.796,360,3175,3535,ok_volume,0.698,20224,3592,23816,ok_volume,93,0,93,34398,6203,40601
1769885534,22,77,0,240,0,240,low_total_volume,0.793,347,40,387,ok_volume,0.696,20077,3592,23669,ok_volume,50,0,50,34088,6203,40291
1769885535,22,76,0,140,0,140,low_activity,1.0,331,0,331,ok_volume,0.667,17953,3592,21545,ok_volume,15,0,15,34103,6203,40306
1769885536,22,76,1.0,4016,0,4016,ok_volume,1.0,4206,0,4206,ok_volume,0.718,21919,3592,25511,ok_volume,3966,0,3966,37802,6203,44005
1769885537,22,76,1.0,4002,0,4002,ok_volume,1.0,4142,0,4142,ok_volume,0.723,21831,3512,25343,ok_volume,41,0,41,37617,6193,43810
1769885538,22,77,1.0,8205,0,8205,ok_volume,1.0,8255,0,8255,ok_volume,0.719,21471,3512,24983,ok_volume,4203,0,4203,41820,6193,48013
1769885539,22,77,0.518,4280,1360,5640,ok_volume,0.717,8246,1360,9606,ok_volume,0.633,21512,4833,26345,ok_volume,48,1360,1408,41868,7553,49421
1769885540,22,77,0.601,5455,1360,6815,ok_volume,0.749,9457,1360,10817,ok_volume,0.629,21227,4833,26060,ok_volume,1223,0,1223,43091,7553,50644
1769885541,22,77,0.06,1534,1360,2894,ok_volume,0.619,5773,1360,7133,ok_volume,0.629,21209,4833,26042,ok_volume,282,3,285,43334,7556,50890
1769885542,22,77,1.0,8312,0,8312,ok_volume,0.805,12556,1360,13916,ok_volume,0.706,28028,4833,32861,ok_volume,2694,0,2694,39770,7556,47326
1769885543,22,77,1.0,7222,0,7222,ok_volume,0.723,8474,1360,9834,ok_volume,0.707,28149,4833,32982,ok_volume,121,0,121,39731,7556,47287
1769885544,22,77,1.0,2959,0,2959,ok_volume,1.0,8577,0,8577,ok_volume,0.708,28293,4833,33126,ok_volume,44,0,44,39875,6558,46433
1769885545,22,76,0.83,291,27,318,ok_volume,0.993,7392,27,7419,ok_volume,0.707,28319,4860,33179,ok_volume,26,34,60,39901,6592,46493
1769885546,23,76,0,109,27,136,low_total_volume,0.982,3024,27,3051,ok_volume,0.707,28358,4860,33218,ok_volume,39,0,39,39940,6592,46532
1769885547,24,75,0.998,21803,27,21830,ok_volume,0.998,22068,27,22095,ok_volume,0.823,50096,4860,54956,ok_volume,21738,0,21738,61678,6592,68270
1769885548,24,75,1.0,21777,0,21777,ok_volume,0.998,21847,27,21874,ok_volume,0.819,48720,4860,53580,ok_volume,0,0,0,61678,6592,68270
1769885549,24,75,1.0,21738,0,21738,ok_volume,0.998,21803,27,21830,ok_volume,0.813,47108,4860,51968,ok_volume,0,0,0,61678,6592,68270
1769885550,24,75,0,0,0,0,no_volume,1.0,21777,0,21777,ok_volume,0.812,46722,4860,51582,ok_volume,0,0,0,61678,6412,68090
1769885551,24,75,0,0,0,0,no_volume,1.0,21738,0,21738,ok_volume,0.809,46059,4860,50919,ok_volume,0,0,0,61512,5746,67258
1769885552,24,75,0,76,0,76,low_activity,0,76,0,76,low_activity,0.809,46135,4860,50995,ok_volume,76,0,76,61571,5543,67114
1769885553,24,75,0,76,0,76,low_activity,0,76,0,76,low_activity,0.817,46135,4660,50795,ok_volume,3,0,3,61550,5543,67093
1769885554,24,75,-0.675,194,1000,1194,ok_volume,-0.675,194,1000,1194,ok_volume,0.781,46139,5660,51799,ok_volume,118,1000,1118,61464,6543,68007
1769885555,25,73,0.573,3688,1000,4688,ok_volume,0.58,3764,1000,4764,ok_volume,0.769,43448,5660,49108,ok_volume,3574,0,3574,65021,6543,71564
1769885556,24,75,0.573,3688,1000,4688,ok_volume,0.58,3764,1000,4764,ok_volume,0.773,43448,5562,49010,ok_volume,0,4,4,65021,6547,71568
1769885557,24,75,1.0,3672,0,3672,ok_volume,0.582,3790,1000,4790,ok_volume,0.772,43175,5562,48737,ok_volume,102,0,102,64871,6547,71418
1769885558,24,75,1.0,510,0,510,ok_volume,0.615,4198,1000,5198,ok_volume,0.772,43310,5562,48872,ok_volume,408,0,408,64992,6547,71539
1769885559,24,75,1.0,510,0,510,ok_volume,1.0,4080,0,4080,ok_volume,0.894,43247,2427,45674,ok_volume,0,0,0,64240,6547,70787
1769885560,24,75,0,408,0,408,low_activity,1.0,510,0,510,ok_volume,0.895,43231,2387,45618,ok_volume,0,0,0,63554,6547,70101
1769885561,24,75,1.0,413,0,413,ok_volume,1.0,923,0,923,ok_volume,0.896,43553,2387,45940,ok_volume,59,0,59,63906,6247,70153
1769885562,24,75,1.0,413,0,413,ok_volume,1.0,821,0,821,ok_volume,0.896,43453,2387,45840,ok_volume,0,0,0,63724,6007,69731
1769885563,24,75,0,104,0,104,low_activity,1.0,462,0,462,ok_volume,0.896,43412,2387,45799,ok_volume,49,0,49,63738,6007,69745
1769885564,24,75,1.0,1017,0,1017,ok_volume,1.0,1430,0,1430,ok_volume,0.898,44330,2387,46717,ok_volume,968,0,968,64509,6007,70516
1769885565,24,75,1.0,1017,0,1017,ok_volume,1.0,1072,0,1072,ok_volume,0.898,44330,2387,46717,ok_volume,0,1,1,62385,6008,68393
1769885566,24,75,1.0,1120,0,1120,ok_volume,1.0,1169,0,1169,ok_volume,0.889,40516,2387,42903,ok_volume,152,0,152,62537,6008,68545
1769885567,23,75,0,532,0,532,low_activity,1.0,1549,0,1549,ok_volume,0.89,40860,2387,43247,ok_volume,0,0,0,62793,5928,68721
1769885568,23,75,-0.1,909,1112,2021,ok_volume,0.256,1877,1112,2989,ok_volume,0.827,37034,3499,40533,ok_volume,377,0,377,58593,7053,65646
1769885569,23,75,-0.398,479,1112,1591,ok_volume,-0.048,1011,1112,2123,ok_volume,0.891,37095,2139,39234,ok_volume,102,0,102,58695,7014,65709
1769885570,23,75,1.0,865,0,865,ok_volume,0.114,1397,1112,2509,ok_volume,0.889,36270,2139,38409,ok_volume,386,0,386,57581,7014,64595
1769885571,23,75,1.0,4006,0,4006,ok_volume,0.595,4383,1112,5495,ok_volume,0.886,35381,2139,37520,ok_volume,3518,0,3518,60799,7014,67813
1769885572,23,75,1.0,4014,0,4014,ok_volume,1.0,4493,0,4493,ok_volume,0.878,32797,2139,34936,ok_volume,110,0,110,60909,7014,67923
1769885573,25,74,1.0,3986,0,3986,ok_volume,1.0,4474,0,4474,ok_volume,0.878,32934,2139,35073,ok_volume,358,0,358,61267,7014,68281
1769885574,22,74,0.38,13447,6040,19487,ok_volume,0.484,17351,6040,23391,ok_volume,0.697,45869,8179,54048,ok_volume,12988,6040,19028,74255,13054,87309
1769885575,22,77,0.348,13357,6455,19812,ok_volume,0.449,16985,6455,23440,ok_volume,0.685,45863,8567,54430,ok_volume,20,423,443,74275,13477,87752
1769885576,21,77,0.338,13036,6455,19491,ok_volume,0.353,13504,6455,19959,ok_volume,0.685,45861,8567,54428,ok_volume,37,0,37,74312,13474,87786
1769885577,21,78,-0.231,259,415,674,ok_volume,0.356,13596,6455,20051,ok_volume,0.479,24325,8567,32892,ok_volume,205,0,205,74511,13474,87985
1769885578,20,79,0.683,595,112,707,ok_volume,0.349,13594,6567,20161,ok_volume,0.48,24681,8679,33360,ok_volume,316,112,428,73488,13586,87074
1769885579,19,80,0.53,805,247,1052,ok_volume,0.131,862,662,1524,ok_volume,0.478,24928,8814,33742,ok_volume,247,135,382,72123,13721,85844
1769885580,19,80,0.446,645,247,892,ok_volume,0.578,925,247,1172,ok_volume,0.479,25011,8814,33825,ok_volume,83,0,83,71820,13721,85541
1769885581,19,80,0.815,1322,135,1457,ok_volume,0.768,1880,247,2127,ok_volume,0.494,26003,8814,34817,ok_volume,897,0,897,72154,13721,85875
1769885582,19,80,1.0,1210,0,1210,ok_volume,0.755,1772,247,2019,ok_volume,0.495,26062,8814,34876,ok_volume,135,0,135,72289,13716,86005
1769885583,19,80,1.0,1027,0,1027,ok_volume,0.83,1457,135,1592,ok_volume,0.495,26062,8814,34876,ok_volume,0,0,0,72278,13516,85794
1769885584,19,80,1.0,438,0,438,ok_volume,1.0,1513,0,1513,ok_volume,0.541,26247,7814,34061,ok_volume,303,0,303,72467,13516,85983
1769885585,19,79,0.414,350,145,495,ok_volume,0.809,1377,145,1522,ok_volume,0.481,22724,7959,30683,ok_volume,47,145,192,66253,13661,79914
1769885586,20,79,0.414,350,145,495,ok_volume,0.54,485,145,630,ok_volume,0.481,22724,7959,30683,ok_volume,0,0,0,66253,13563,79816
1769885587,20,79,-0.94,47,1521,1568,ok_volume,-0.626,350,1521,1871,ok_volume,0.416,22622,9335,31957,ok_volume,1,1376,1377,65879,14939,80818
1769885588,20,79,0,0,1376,1376,low_activity,-0.626,350,1521,1871,ok_volume,0.408,22214,9335,31549,ok_volume,0,0,0,65606,14938,80544
1769885589,20,78,0,0,1406,1406,low_activity,-0.941,47,1551,1598,ok_volume,0.407,22214,9365,31579,ok_volume,0,30,30,65543,11833,77376
1769885590,20,78,0,0,30,30,low_activity,0,0,1406,1406,low_activity,0.4,21856,9365,31221,ok_volume,0,3,3,65527,11791,77318
1769885591,21,77,0,0,30,30,low_activity,0,0,1406,1406,low_activity,0.399,21801,9365,31166,ok_volume,0,0,0,65436,11791,77227
1769885592,21,78,0,0,94,94,low_activity,0,0,124,124,low_activity,0.395,21801,9459,31260,ok_volume,0,94,94,65326,11885,77211
1769885593,21,78,0,0,94,94,low_activity,0,0,124,124,low_activity,0.394,21752,9459,31211,ok_volume,0,0,0,65233,11885,77118
1769885594,21,78,0,83,159,242,low_activity,0,83,159,242,low_activity,0.373,20867,9524,30391,ok_volume,83,0,83,65266,11950,77216
1769885595,21,78,0,126,92,218,low_activity,-0.192,126,186,312,ok_volume,0.373,20910,9551,30461,ok_volume,43,28,71,65294,11978,77272
1769885596,21,78,-0.863,391,5330,5721,ok_volume,-0.867,391,5489,5880,ok_volume,0.163,20643,14854,35497,ok_volume,269,5303,5572,61597,17281,78878
1769885597,21,78,-0.891,308,5330,5638,ok_volume,-0.865,391,5395,5786,ok_volume,0.201,20643,13742,34385,ok_volume,6,0,6,61562,17281,78843
1769885598,21,78,-0.545,1563,5303,6866,ok_volume,-0.519,1689,5330,7019,ok_volume,0.222,21564,13742,35306,ok_volume,1298,0,1298,58657,17281,75938
1769885599,21,78,1.0,2339,0,2339,ok_volume,-0.336,2647,5330,7977,ok_volume,0.242,22503,13742,36245,ok_volume,1041,0,1041,59650,15921,75571
1769885600,21,78,0.995,8305,21,8326,ok_volume,0.234,8570,5324,13894,ok_volume,0.342,28083,13763,41846,ok_volume,5166,21,5187,64393,15942,80335
1769885601,21,78,0.996,10870,21,10891,ok_volume,0.997,12168,21,12189,ok_volume,0.348,28428,13763,42191,ok_volume,3872,0,3872,63858,15939,79797
1769885602,21,78,0.996,10719,21,10740,ok_volume,0.997,13858,21,13879,ok_volume,0.371,30008,13763,43771,ok_volume,1482,0,1482,62854,15939,78793
1769885603,21,78,0.982,5553,50,5603,ok_volume,0.989,12560,71,12631,ok_volume,0.364,29650,13813,43463,ok_volume,0,50,50,62633,15989,78622
1769885604,21,78,0.938,1562,50,1612,ok_volume,0.987,10799,71,10870,ok_volume,0.366,16751,7773,24524,ok_volume,80,0,80,62669,15989,78658
1769885605,21,78,0,934,50,984,low_activity,0.985,6487,50,6537,ok_volume,0.41,17585,7358,24943,ok_volume,854,0,854,63497,15955,79452
1769885606,21,78,1.0,1874,0,1874,ok_volume,0.971,3356,50,3406,ok_volume,0.431,18488,7358,25846,ok_volume,107,0,107,64398,15955,80353
1769885607,21,78,0.987,1846,12,1858,ok_volume,0.938,1926,62,1988,ok_volume,0.426,18297,7370,25667,ok_volume,54,12,66,42714,15967,58681
1769885608,21,78,0.937,367,12,379,ok_volume,0.989,2134,12,2146,ok_volume,0.43,18190,7258,25448,ok_volume,208,0,208,42922,15967,58889
1769885609,20,79,0.724,387,62,449,ok_volume,0.945,2181,62,2243,ok_volume,0.432,18070,7173,25243,ok_volume,135,50,185,43057,16017,59074
1769885610,20,79,0.863,678,50,728,ok_volume,0.862,837,62,899,ok_volume,0.435,18230,7173,25403,ok_volume,343,0,343,43400,16017,59417
1769885611,20,79,0.234,537,333,870,ok_volume,0.396,797,345,1142,ok_volume,0.4,17405,7456,24861,ok_volume,69,283,352,43469,16300,59769
1769885612,20,79,0.295,520,283,803,ok_volume,0.439,855,333,1188,ok_volume,0.4,17380,7456,24836,ok_volume,119,0,119,43512,16300,59812
1769885613,20,79,-0.174,199,283,482,ok_volume,0.335,669,333,1002,ok_volume,0.4,17402,7456,24858,ok_volume,22,0,22,43531,16300,59831
1769885614,21,77,1.0,22148,0,22148,ok_volume,0.975,22558,283,22841,ok_volume,0.68,39115,7456,46571,ok_volume,22016,0,22016,65429,15300,80729
1769885615,21,78,0.998,22038,20,22058,ok_volume,0.973,22215,303,22518,ok_volume,0.684,39068,7331,46399,ok_volume,0,20,20,61855,15320,77175
1769885616,21,78,0.998,22016,20,22036,ok_volume,0.998,22148,20,22168,ok_volume,0.684,39068,7331,46399,ok_volume,0,0,0,61855,15316,77171
1769885617,21,78,0,175,20,195,low_activity,0.998,22213,20,22233,ok_volume,0.736,39243,5955,45198,ok_volume,175,0,175,61928,15316,77244
1769885618,21,78,0,175,236,411,low_activity,0.977,22191,256,22447,ok_volume,0.727,39243,6191,45434,ok_volume,0,237,237,61520,15553,77073
1769885619,22,77,0,175,236,411,low_activity,0,175,256,431,low_activity,0.729,39243,6161,45404,ok_volume,0,0,0,61520,15553,77073
1769885620,22,77,0,0,236,236,low_activity,0,175,236,411,low_activity,0.729,39243,6161,45404,ok_volume,0,0,0,61162,15553,76715
1769885621,22,75,0,0,0,0,no_volume,0,175,236,411,low_activity,0.729,39243,6161,45404,ok_volume,0,0,0,61103,15553,76656
1769885622,24,75,0,0,0,0,no_volume,0,0,236,236,low_activity,0.732,39243,6067,45310,ok_volume,0,0,0,61103,15553,76656
1769885623,24,75,0,0,0,0,no_volume,0,0,0,0,no_volume,0.735,39243,6002,45245,ok_volume,0,0,0,61054,15553,76607
1769885624,24,75,0,0,0,0,no_volume,0,0,0,0,no_volume,0.734,39160,6002,45162,ok_volume,0,0,0,60086,15553,75639
1769885625,24,75,0,110,0,110,low_activity,0,110,0,110,low_activity,0.736,39227,5975,45202,ok_volume,110,0,110,60196,15552,75748
1769885626,24,75,0,120,0,120,low_total_volume,0,120,0,120,low_total_volume,0.966,38972,672,39644,ok_volume,10,0,10,59674,15552,75226
1769885627,24,75,0,120,0,120,low_total_volume,0,120,0,120,low_total_volume,0.966,38972,672,39644,ok_volume,0,0,0,59674,14427,74101
1769885628,24,75,0,10,0,10,low_activity,0,120,0,120,low_total_volume,0.965,37674,672,38346,ok_volume,0,0,0,59297,14427,73724
1769885629,23,75,0,0,0,0,no_volume,0,120,0,120,low_total_volume,0.963,35833,672,36505,ok_volume,0,0,0,59195,14427,73622
1769885630,23,76,0,0,0,0,no_volume,0,10,0,10,low_activity,0.958,30667,651,31318,ok_volume,0,0,0,58809,14427,73236
1769885631,23,76,0,0,0,0,no_volume,0,0,0,0,no_volume,0.952,26596,651,27247,ok_volume,0,0,0,55291,14427,69718
1769885632,23,76,0,0,56,56,low_activity,0,0,56,56,low_activity,0.945,25114,707,25821,ok_volume,0,56,56,55181,14483,69664
1769885633,23,76,0,0,56,56,low_activity,0,0,56,56,low_activity,0.949,25114,657,25771,ok_volume,0,0,0,54823,14483,69306
1769885634,23,76,0,19,56,75,low_activity,0,19,56,75,low_activity,0.949,25053,657,25710,ok_volume,19,0,19,41854,8443,50297
1769885635,23,76,0,175,0,175,low_activity,0,175,56,231,low_total_volume,0.946,23522,657,24179,ok_volume,156,0,156,41990,8020,50010
1769885636,23,76,0,267,0,267,low_total_volume,0.653,267,56,323,ok_volume,0.946,23507,657,24164,ok_volume,100,0,100,42053,8020,50073
1769885637,23,76,0,248,0,248,low_activity,0,267,0,267,low_total_volume,0.946,23455,645,24100,ok_volume,0,0,0,41807,8020,49827
1769885638,23,76,0,92,0,92,low_activity,0,267,0,267,low_total_volume,0.946,23247,645,23892,ok_volume,0,0,0,41491,7908,49399
1769885639,23,76,0,118,0,118,low_activity,1.0,366,0,366,ok_volume,0.95,23238,595,23833,ok_volume,118,0,118,41362,7773,49135
1769885640,23,76,0,179,0,179,low_activity,0,271,0,271,low_activity,0.949,22956,595,23551,ok_volume,61,0,61,41240,7773,49013
1769885641,23,76,0,179,39,218,low_activity,0,179,39,218,low_activity,0.97,22889,351,23240,ok_volume,2,39,41,40345,7812,48157
1769885642,23,76,0,61,163,224,low_activity,0.047,179,163,342,ok_volume,0.959,22779,475,23254,ok_volume,0,124,124,40210,7936,48146
1769885643,23,76,0,0,163,163,low_activity,0.047,179,163,342,ok_volume,0.959,22757,475,23232,ok_volume,0,0,0,40210,7936,48146
1769885644,23,76,0,0,124,124,low_activity,0,61,163,224,low_activity,0.219,741,475,1216,ok_volume,0,0,0,39907,7936,47843
1769885645,23,76,0,72,895,967,low_activity,-0.873,72,1058,1130,ok_volume,-0.248,813,1350,2163,ok_volume,53,895,948,39932,8686,48618
1769885646,23,76,-0.388,395,895,1290,ok_volume,-0.441,395,1019,1414,ok_volume,-0.086,1136,1350,2486,ok_volume,329,0,329,40261,8686,48947
1769885647,23,76,-0.289,494,895,1389,ok_volume,-0.271,513,895,1408,ok_volume,-0.112,1079,1350,2429,ok_volume,118,0,118,40378,7310,47688
1769885648,23,76,1.0,441,0,441,ok_volume,-0.271,513,895,1408,ok_volume,-0.016,1079,1114,2193,ok_volume,0,0,0,40378,7310,47688
1769885649,23,76,0,377,0,377,low_activity,-0.086,753,895,1648,ok_volume,0.091,1338,1114,2452,ok_volume,259,0,259,40637,7280,47917
1769885650,23,76,0.434,1078,425,1503,ok_volume,0.563,1519,425,1944,ok_volume,0.167,2157,1539,3696,ok_volume,819,425,1244,41456,7702,49158
1769885651,23,76,0.439,1089,425,1514,ok_volume,0.479,1207,425,1632,ok_volume,0.17,2168,1539,3707,ok_volume,11,0,11,41467,7702,49169
1769885652,23,76,0.351,885,425,1310,ok_volume,0.458,1144,425,1569,ok_volume,0.182,2223,1539,3762,ok_volume,55,0,55,41522,7608,49130
1769885653,23,76,1.0,605,0,605,ok_volume,0.597,1683,425,2108,ok_volume,0.284,2762,1539,4301,ok_volume,545,0,545,42067,7543,49610
1769885654,23,76,0.978,5587,62,5649,ok_volume,0.859,6417,487,6904,ok_volume,0.658,7755,1601,9356,ok_volume,4993,62,5055,46977,7605,54582
1769885655,23,76,0.978,5532,62,5594,ok_volume,0.978,5598,62,5660,ok_volume,0.654,7645,1601,9246,ok_volume,0,0,0,46934,7577,54511
1769885656,23,76,0,4993,62,5055,low_activity,0.978,5587,62,5649,ok_volume,0.653,7635,1601,9236,ok_volume,7,0,7,46672,2274,48946
1769885657,23,76,0,898,0,898,low_activity,0.981,6430,62,6492,ok_volume,0.684,8533,1601,10134,ok_volume,898,0,898,47564,2274,49838
1769885658,23,76,1.0,1943,0,1943,ok_volume,0.982,6936,62,6998,ok_volume,0.714,9578,1601,11179,ok_volume,989,0,989,47314,2274,49588
1769885659,23,76,1.0,1993,0,1993,ok_volume,1.0,1993,0,1993,ok_volume,0.715,9628,1601,11229,ok_volume,50,0,50,45523,2274,47797
1769885660,23,76,1.0,1629,0,1629,ok_volume,1.0,2586,0,2586,ok_volume,0.729,10221,1601,11822,ok_volume,593,0,593,40950,2253,43203
1769885661,23,76,0,683,0,683,low_activity,1.0,2626,0,2626,ok_volume,0.73,10261,1601,11862,ok_volume,40,0,40,36910,2253,39163
1769885662,23,76,0,633,200,833,low_activity,0.786,1669,200,1869,ok_volume,0.709,10261,1745,12006,ok_volume,0,0,0,35428,2453,37881
1769885663,23,76,0,40,200,240,low_activity,0,683,200,883,low_activity,0.709,10261,1745,12006,ok_volume,0,0,0,35428,2403,37831
1769885664,23,76,0,371,0,371,low_activity,0.668,1004,200,1204,ok_volume,0.718,10613,1745,12358,ok_volume,371,0,371,35719,2403,38122
1769885665,23,76,1.0,526,0,526,ok_volume,0.478,566,200,766,ok_volume,0.718,10612,1745,12357,ok_volume,155,0,155,34187,2403,36590
1769885666,23,76,0.809,776,82,858,ok_volume,0.809,776,82,858,ok_volume,0.71,10770,1827,12597,ok_volume,250,82,332,34330,2485,36815
1769885667,23,76,0,405,82,487,low_activity,0.809,776,82,858,ok_volume,0.71,10770,1827,12597,ok_volume,0,0,0,34276,2473,36749
1769885668,23,76,0,305,82,387,low_activity,0.82,831,82,913,ok_volume,0.711,10825,1827,12652,ok_volume,56,0,56,34124,2473,36597
1769885669,23,76,0,250,44,294,low_total_volume,0.677,655,126,781,ok_volume,0.707,10902,1871,12773,ok_volume,195,44,239,34184,2467,36651
1769885670,23,76,0.903,864,44,908,ok_volume,0.797,1114,126,1240,ok_volume,0.719,11455,1871,13326,ok_volume,614,0,614,34455,2467,36922
1769885671,23,76,0.932,1253,44,1297,ok_volume,0.935,1308,44,1352,ok_volume,0.733,11899,1832,13731,ok_volume,444,0,444,34830,2184,37014
1769885672,23,76,1.0,1114,0,1114,ok_volume,0.938,1364,44,1408,ok_volume,0.75,11955,1708,13663,ok_volume,56,1,57,34767,2185,36952
1769885673,23,76,1.0,1074,0,1074,ok_volume,0.954,1883,44,1927,ok_volume,0.76,12529,1708,14237,ok_volume,581,0,581,35326,2185,37511
1769885674,23,76,1.0,827,0,827,ok_volume,1.0,1885,0,1885,ok_volume,0.763,12707,1708,14415,ok_volume,202,0,202,13512,2185,15697
1769885675,23,76,0.945,1382,39,1421,ok_volume,0.959,1882,39,1921,ok_volume,0.879,13265,852,14117,ok_volume,611,39,650,14123,2204,16327
1769885676,23,76,0.569,869,239,1108,ok_volume,0.725,1499,239,1738,ok_volume,0.85,13003,1052,14055,ok_volume,61,200,261,14184,2404,16588
1769885677,23,76,-0.7,695,3944,4639,ok_volume,-0.458,1466,3944,5410,ok_volume,0.461,12908,4757,17665,ok_volume,23,3705,3728,14032,6109,20141
1769885678,23,76,-0.877,256,3905,4161,ok_volume,-0.575,1064,3944,5008,ok_volume,0.467,13080,4757,17837,ok_volume,172,2,174,14204,5874,20078
1769885679,23,76,-0.425,1496,3705,5201,ok_volume,-0.291,2168,3944,6112,ok_volume,0.496,14122,4757,18879,ok_volume,1301,0,1301,15505,5874,21379
1769885680,23,76,1.0,1473,0,1473,ok_volume,-0.43,1557,3905,5462,ok_volume,0.509,13303,4332,17635,ok_volume,0,0,0,15505,5874,21379
1769885681,23,76,1.0,1375,0,1375,ok_volume,-0.405,1570,3705,5275,ok_volume,0.51,13366,4332,17698,ok_volume,74,0,74,15579,5874,21453
1769885682,23,76,0,266,43,309,low_activity,0.952,1739,43,1782,ok_volume,0.511,13503,4375,17878,ok_volume,199,43,242,15778,5917,21695
1769885683,23,76,0,266,43,309,low_activity,0.947,1567,43,1610,ok_volume,0.495,12964,4375,17339,ok_volume,0,0,0,15778,5917,21695
1769885684,23,76,0.833,473,43,516,ok_volume,0.854,547,43,590,ok_volume,0.313,8252,4313,12565,ok_volume,281,0,281,16059,5917,21976
1769885685,23,76,0,281,0,281,low_activity,0.854,547,43,590,ok_volume,0.313,8252,4313,12565,ok_volume,0,0,0,15949,5917,21866
1769885686,23,76,0,281,3000,3281,low_activity,-0.731,473,3043,3516,ok_volume,0.06,8252,7313,15565,ok_volume,0,3000,3000,15939,8917,24856
1769885687,23,76,0,38,3000,3038,low_activity,-0.808,319,3000,3319,ok_volume,0.001,7333,7313,14646,ok_volume,41,0,41,15980,8917,24897
1769885688,23,76,-0.843,256,3000,3256,ok_volume,-0.696,537,3000,3537,ok_volume,-0.054,6565,7313,13878,ok_volume,168,0,168,16198,8917,25115
1769885689,23,76,0,256,0,256,low_total_volume,-0.843,256,3000,3256,ok_volume,-0.058,6515,7313,13828,ok_volume,0,0,0,16198,8917,25115
1769885690,23,76,0,222,0,222,low_total_volume,-0.813,310,3000,3310,ok_volume,-0.101,5976,7313,13289,ok_volume,54,0,54,16252,8917,25169
1769885691,23,76,0,551,0,551,low_activity,1.0,807,0,807,ok_volume,-0.05,6433,7113,13546,ok_volume,497,0,497,16749,8917,25666
1769885692,23,76,1.0,601,0,601,ok_volume,1.0,769,0,769,ok_volume,-0.046,6483,7113,13596,ok_volume,50,0,50,16799,8861,25660
1769885693,23,76,1.0,8498,0,8498,ok_volume,1.0,8552,0,8552,ok_volume,0.34,14434,7113,21547,ok_volume,7951,0,7951,24750,8861,33611
1769885694,23,76,0,8001,0,8001,low_activity,1.0,8552,0,8552,ok_volume,0.328,14063,7113,21176,ok_volume,5,0,5,24736,8861,33597
1769885695,23,76,0,7951,0,7951,low_activity,1.0,8498,0,8498,ok_volume,0.323,13908,7113,21021,ok_volume,0,0,0,24580,8861,33441
1769885696,23,76,0,423,0,423,low_activity,1.0,8424,0,8424,ok_volume,0.334,14081,7031,21112,ok_volume,423,0,423,24903,8861,33764
1769885697,23,76,0,581,0,581,low_activity,1.0,8532,0,8532,ok_volume,0.339,14239,7031,21270,ok_volume,158,0,158,25061,8861,33922
1769885698,23,76,1.0,657,0,657,ok_volume,1.0,657,0,657,ok_volume,0.34,14260,7031,21291,ok_volume,76,0,76,25137,8861,33998
1769885699,23,76,1.0,484,0,484,ok_volume,1.0,907,0,907,ok_volume,0.344,14315,6987,21302,ok_volume,250,0,250,25269,8861,34130
1769885700,23,76,1.0,400,0,400,ok_volume,1.0,981,0,981,ok_volume,0.327,13775,6987,20762,ok_volume,74,0,74,25282,8861,34143
1769885701,23,76,1.0,411,0,411,ok_volume,1.0,645,0,645,ok_volume,0.315,13418,6987,20405,ok_volume,0,0,0,25367,8822,34189
1769885702,23,76,1.0,575,0,575,ok_volume,1.0,901,0,901,ok_volume,0.327,13776,6987,20763,ok_volume,414,0,414,25781,8698,34479
1769885703,23,76,0,424,0,424,low_activity,1.0,835,0,835,ok_volume,0.308,13212,6987,20199,ok_volume,10,0,10,25791,8698,34489
1769885704,23,76,0.986,1370,10,1380,ok_volume,0.987,1531,10,1541,ok_volume,0.332,13961,6997,20958,ok_volume,947,10,957,26719,8708,35427
1769885705,23,76,0.981,1050,10,1060,ok_volume,0.986,1464,10,1474,ok_volume,0.318,13444,6958,20402,ok_volume,97,0,97,26763,7813,34576
1769885706,23,76,0.989,1815,10,1825,ok_volume,0.991,2239,10,2249,ok_volume,0.354,14158,6758,20916,ok_volume,775,0,775,27209,7813,35022
1769885707,23,76,0.985,1592,12,1604,ok_volume,0.983,2548,22,2570,ok_volume,0.658,14858,3065,17923,ok_volume,723,12,735,27814,7825,35639
1769885708,23,76,0.962,1813,35,1848,ok_volume,0.969,2853,45,2898,ok_volume,0.659,15001,3088,18089,ok_volume,315,23,338,28129,7848,35977
1769885709,23,76,0.959,1680,35,1715,ok_volume,0.973,2549,35,2584,ok_volume,0.646,14342,3088,17430,ok_volume,642,0,642,28512,7848,36360
1769885710,23,76,0.954,968,23,991,ok_volume,0.972,2466,35,2501,ok_volume,0.646,14353,3088,17441,ok_volume,11,0,11,27704,7423,35127
1769885711,23,76,0,653,0,653,low_activity,0.959,1691,35,1726,ok_volume,0.644,14279,3088,17367,ok_volume,0,0,0,27693,7423,35116
1769885712,23,76,0,22,0,22,low_activity,0.954,979,23,1002,ok_volume,0.645,14098,3045,17143,ok_volume,11,0,11,27649,7423,35072
1769885713,23,76,0,11,0,11,low_activity,1.0,664,0,664,ok_volume,0.645,14098,3045,17143,ok_volume,5,0,5,27109,7423,34532
1769885714,23,76,0,49,0,49,low_activity,0,60,0,60,low_activity,0.64,13855,3045,16900,ok_volume,38,0,38,22154,7361,29515
1769885715,23,76,0.785,516,62,578,ok_volume,0.789,527,62,589,ok_volume,0.644,14333,3107,17440,ok_volume,478,62,540,22632,7423,30055
1769885716,23,76,0.899,1164,62,1226,ok_volume,0.9,1175,62,1237,ok_volume,0.986,14981,107,15088,ok_volume,648,0,648,23273,7423,30696
1769885717,23,76,0.896,1126,62,1188,ok_volume,0.899,1164,62,1226,ok_volume,0.986,14893,107,15000,ok_volume,0,0,0,22316,7423,29739
1769885718,23,76,0,687,0,687,low_activity,0.902,1203,62,1265,ok_volume,0.986,14764,107,14871,ok_volume,39,0,39,21372,7423,28795
1769885719,23,76,0,1039,0,1039,low_activity,0.944,2165,62,2227,ok_volume,0.987,15764,107,15871,ok_volume,1000,0,1000,22322,7423,29745
1769885720,23,76,0,1039,0,1039,low_activity,1.0,1687,0,1687,ok_volume,0.986,15710,107,15817,ok_volume,0,0,0,21729,7423,29152
1769885721,23,76,0,1069,0,1069,low_activity,0,1108,0,1108,low_activity,0.986,15282,107,15389,ok_volume,69,0,69,21758,7223,28981
1769885722,23,76,0,3268,0,3268,low_activity,1.0,4307,0,4307,ok_volume,0.988,18431,107,18538,ok_volume,3199,0,3199,24957,7223,32180
1769885723,23,76,1.0,3674,0,3674,ok_volume,1.0,4674,0,4674,ok_volume,0.981,10886,107,10993,ok_volume,406,0,406,25363,7223,32586
1769885724,23,76,1.0,3679,0,3679,ok_volume,1.0,3748,0,3748,ok_volume,0.981,10960,107,11067,ok_volume,81,0,81,25073,7223,32296
1769885725,23,76,0,480,0,480,low_activity,1.0,3748,0,3748,ok_volume,0.981,10960,107,11067,ok_volume,0,0,0,24918,7223,32141
1769885726,23,76,0,10074,0,10074,low_activity,1.0,13679,0,13679,ok_volume,0.99,20537,107,20644,ok_volume,10000,0,10000,34668,7141,41809
1769885727,23,76,0,10018,0,10018,low_activity,1.0,10498,0,10498,ok_volume,0.99,20397,107,20504,ok_volume,21,0,21,34689,7141,41830
1769885728,23,76,1.0,10213,0,10213,ok_volume,1.0,10287,0,10287,ok_volume,0.99,20516,107,20623,ok_volume,181,0,181,34829,7141,41970
1769885729,23,76,-0.763,213,1587,1800,ok_volume,0.731,10213,1587,11800,ok_volume,0.846,20266,1694,21960,ok_volume,0,1587,1587,34634,8684,43318
1769885730,23,76,-0.476,563,1587,2150,ok_volume,0.739,10596,1587,12183,ok_volume,0.847,20488,1694,22182,ok_volume,383,0,383,34403,8684,43087
1769885731,23,76,-0.611,383,1587,1970,ok_volume,-0.454,596,1587,2183,ok_volume,0.847,20488,1694,22182,ok_volume,0,0,0,33959,8684,42643
1769885732,23,76,0,383,0,383,low_activity,-0.476,563,1587,2150,ok_volume,0.844,20074,1694,21768,ok_volume,0,0,0,33903,8683,42586
1769885733,23,76,0,346,0,346,low_activity,-0.37,729,1587,2316,ok_volume,0.847,20410,1694,22104,ok_volume,346,0,346,33668,8683,42351
1769885734,23,76,0,716,0,716,low_activity,1.0,1099,0,1099,ok_volume,0.843,19834,1684,21518,ok_volume,370,0,370,33836,8683,42519
1769885735,23,76,0,716,0,716,low_activity,0,716,0,716,low_activity,0.843,19740,1684,21424,ok_volume,0,0,0,33225,8644,41869
1769885736,23,76,0,409,17,426,low_activity,0.956,755,17,772,ok_volume,0.836,19004,1701,20705,ok_volume,39,0,39,33203,8461,41664
1769885737,23,76,0,78,17,95,low_activity,0.958,794,17,811,ok_volume,0.831,18320,1689,20009,ok_volume,42,0,42,33222,4756,37978
1769885738,23,76,0,326,0,326,low_activity,0.952,696,17,713,ok_volume,0.833,18253,1666,19919,ok_volume,248,0,248,33298,4754,38052
1769885739,23,76,0,305,0,305,low_activity,0.906,344,17,361,ok_volume,0.827,17629,1666,19295,ok_volume,18,9,27,32015,4763,36778
1769885740,23,76,0,304,0,304,low_activity,1.0,382,0,382,ok_volume,0.828,17656,1666,19322,ok_volume,38,0,38,32053,4763,36816
1769885741,23,76,1.0,341,0,341,ok_volume,1.0,628,0,628,ok_volume,0.83,17941,1666,19607,ok_volume,266,0,266,32264,4763,37027
1769885742,23,76,1.0,517,0,517,ok_volume,1.0,783,0,783,ok_volume,0.832,18124,1666,19790,ok_volume,194,0,194,32259,4720,36979
1769885743,23,76,1.0,499,0,499,ok_volume,1.0,574,0,574,ok_volume,0.832,18163,1666,19829,ok_volume,39,0,39,32298,4720,37018
1769885744,23,76,0,233,0,233,low_activity,1.0,556,0,556,ok_volume,0.832,18125,1666,19791,ok_volume,0,0,0,32017,4720,36737
1769885745,23,76,0,231,0,231,low_activity,1.0,691,0,691,ok_volume,0.835,17839,1604,19443,ok_volume,192,0,192,32209,4720,36929
1769885746,23,76,1.0,534,0,534,ok_volume,1.0,767,0,767,ok_volume,0.832,17533,1604,19137,ok_volume,342,0,342,32551,1720,34271
1769885747,23,76,1.0,534,0,534,ok_volume,1.0,573,0,573,ok_volume,0.832,17533,1604,19137,ok_volume,0,0,0,32460,1720,34180
1769885748,23,76,0,342,0,342,low_activity,1.0,534,0,534,ok_volume,0.832,17494,1604,19098,ok_volume,0,0,0,32292,1720,34012
1769885749,23,76,0,0,0,0,no_volume,1.0,534,0,534,ok_volume,0.823,16494,1604,18098,ok_volume,0,0,0,32292,1720,34012
1769885750,23,76,0,444,0,444,low_activity,1.0,786,0,786,ok_volume,0.827,16938,1604,18542,ok_volume,448,0,448,32686,1720,34406
1769885751,23,76,1.0,559,0,559,ok_volume,1.0,559,0,559,ok_volume,0.827,16984,1604,18588,ok_volume,126,0,126,32315,1720,34035
1769885752,23,76,1.0,994,0,994,ok_volume,1.0,994,0,994,ok_volume,0.797,14220,1604,15824,ok_volume,435,0,435,32700,1720,34420
1769885753,23,75,0.661,1318,269,1587,ok_volume,0.735,1762,269,2031,ok_volume,0.772,14582,1873,16455,ok_volume,769,269,1038,25518,1989,27507
1769885754,23,75,0.637,1214,269,1483,ok_volume,0.737,1773,269,2042,ok_volume,0.771,14519,1873,16392,ok_volume,11,0,11,25524,1989,27513
1769885755,23,75,-0.481,796,2269,3065,ok_volume,-0.255,1346,2269,3615,ok_volume,0.579,14536,3873,18409,ok_volume,17,2000,2017,25541,3989,29530
1769885756,23,75,0,50,2000,2050,low_activity,-0.288,1253,2269,3522,ok_volume,0.081,4558,3873,8431,ok_volume,22,0,22,25140,3989,29129
1769885757,23,75,0,39,2000,2039,low_activity,-0.47,818,2269,3087,ok_volume,0.078,4525,3873,8398,ok_volume,0,0,0,24982,3989,28971
1769885758,23,75,0,22,0,22,low_activity,0,50,2000,2050,low_activity,0.057,4345,3873,8218,ok_volume,0,0,0,24906,3989,28895
1769885759,23,75,0,0,0,0,no_volume,0,39,2000,2039,low_activity,0.311,4345,2286,6631,ok_volume,0,0,0,24656,3989,28645
1769885760,23,75,0,19,0,19,low_activity,0,41,0,41,low_activity,0.27,3981,2286,6267,ok_volume,19,0,19,24514,3989,28503
1769885761,23,76,0,33,0,33,low_activity,0,33,0,33,low_activity,0.272,3995,2286,6281,ok_volume,14,0,14,24528,3989,28517
1769885762,23,76,0,64,0,64,low_activity,0,64,0,64,low_activity,0.276,4026,2286,6312,ok_volume,31,0,31,24145,3989,28134
1769885763,23,75,1.0,594,0,594,ok_volume,1.0,613,0,613,ok_volume,0.298,4229,2286,6515,ok_volume,515,0,515,24700,3989,28689
1769885764,23,76,1.0,866,0,866,ok_volume,1.0,899,0,899,ok_volume,0.289,4145,2286,6431,ok_volume,288,0,288,24041,3979,28020
1769885765,23,76,1.0,805,0,805,ok_volume,1.0,891,0,891,ok_volume,0.294,4156,2269,6425,ok_volume,11,0,11,23955,3979,27934
1769885766,23,76,1.0,1169,0,1169,ok_volume,1.0,1749,0,1749,ok_volume,0.375,4989,2269,7258,ok_volume,872,0,872,24052,3979,28031
1769885767,23,76,1.0,883,0,883,ok_volume,1.0,1677,0,1677,ok_volume,0.371,4950,2269,7219,ok_volume,4,0,4,23333,3967,27300
1769885768,23,76,1.0,951,0,951,ok_volume,1.0,1248,0,1248,ok_volume,0.356,4781,2269,7050,ok_volume,79,0,79,23097,3944,27041
1769885769,23,76,0,98,0,98,low_activity,1.0,981,0,981,ok_volume,0.356,4782,2269,7051,ok_volume,20,0,20,22475,3944,26419
1769885770,23,76,0,167,0,167,low_activity,1.0,1039,0,1039,ok_volume,0.357,4794,2269,7063,ok_volume,69,0,69,22533,3944,26477
1769885771,23,76,0,167,0,167,low_activity,0,246,0,246,low_total_volume,0.34,4607,2269,6876,ok_volume,83,0,83,22616,3944,26560
1769885772,23,76,0,189,0,189,low_activity,0,287,0,287,low_total_volume,0.325,4454,2269,6723,ok_volume,41,7,48,22646,3951,26597
1769885773,24,75,0,227,0,227,low_total_volume,1.0,315,0,315,ok_volume,0.332,4522,2269,6791,ok_volume,76,6,82,22755,3957,26712
1769885774,24,75,0,148,0,148,low_activity,0,296,0,296,low_total_volume,0.332,4522,2269,6791,ok_volume,0,0,0,22717,3957,26674
1769885775,24,75,0,69,0,69,low_activity,0,227,0,227,low_total_volume,0.312,4330,2269,6599,ok_volume,0,0,0,22239,3895,26134
1769885776,24,75,0,169,0,169,low_activity,1.0,317,0,317,ok_volume,0.294,4157,2269,6426,ok_volume,169,0,169,21760,3895,25655
1769885777,24,75,0,359,0,359,low_activity,1.0,428,0,428,ok_volume,0.314,4347,2269,6616,ok_volume,190,0,190,21944,3895,25839
1769885778,24,75,0,359,0,359,low_activity,0,359,0,359,low_activity,0.314,4347,2269,6616,ok_volume,0,0,0,21905,3895,25800
1769885779,24,75,0,190,0,190,low_activity,0,359,0,359,low_activity,0.314,4347,2269,6616,ok_volume,0,0,0,20905,3895,24800
1769885780,24,75,0,0,0,0,no_volume,0,359,0,359,low_activity,0.265,3903,2269,6172,ok_volume,0,0,0,20905,3895,24800
1769885781,24,75,0,0,0,0,low_activity,0,190,0,190,low_activity,0.251,3788,2269,6057,ok_volume,0,5,5,20836,3900,24736
1769885782,24,75,0,109,0,109,low_activity,0,109,0,109,low_activity,0.208,3462,2269,5731,ok_volume,109,0,109,17746,3900,21646
1769885783,24,75,0,651,0,651,low_activity,0,651,0,651,low_activity,0.236,3236,2000,5236,ok_volume,542,0,542,17882,3900,21782
1769885784,24,75,0,651,0,651,low_activity,0,651,0,651,low_activity,0.234,3225,2000,5225,ok_volume,2,0,2,17803,3900,21703
1769885785,24,75,0,685,0,685,low_activity,1.0,794,0,794,ok_volume,1.0,3351,0,3351,ok_volume,143,0,143,17946,3900,21846
1769885786,24,75,0.249,261,157,418,ok_volume,0.706,912,157,1069,ok_volume,0.913,3447,157,3604,ok_volume,18,163,181,8064,4063,12127
1769885787,24,75,0.28,279,157,436,ok_volume,0.679,821,157,978,ok_volume,0.913,3465,157,3622,ok_volume,18,1,19,8046,4064,12110
1769885788,24,75,0,55,157,212,low_activity,0.31,298,157,455,ok_volume,0.914,3484,157,3641,ok_volume,19,0,19,7884,4064,11948
1769885789,24,75,1.0,324,0,324,ok_volume,0.577,585,157,742,ok_volume,0.92,3771,157,3928,ok_volume,287,0,287,8171,2477,10648
1769885790,24,75,1.0,398,0,398,ok_volume,0.469,434,157,591,ok_volume,0.922,3844,157,4001,ok_volume,4,0,4,7884,2477,10361
1769885791,24,75,1.0,427,0,427,ok_volume,1.0,464,0,464,ok_volume,0.922,3878,157,4035,ok_volume,48,0,48,7932,2477,10409
1769885792,24,75,0,155,0,155,low_activity,1.0,553,0,553,ok_volume,0.923,3913,157,4070,ok_volume,112,0,112,8044,2477,10521
1769885793,24,75,1.0,321,0,321,ok_volume,1.0,700,0,700,ok_volume,0.916,3571,157,3728,ok_volume,166,0,166,7864,2477,10341
1769885794,24,75,0,298,0,298,low_total_volume,1.0,346,0,346,ok_volume,0.909,3310,157,3467,ok_volume,25,0,25,7519,2477,9996
1769885795,24,75,0,229,0,229,low_activity,1.0,384,0,384,ok_volume,0.91,3337,157,3494,ok_volume,38,0,38,7557,2460,10017
1769885796,24,75,0,63,0,63,low_activity,1.0,336,0,336,ok_volume,0.88,2465,157,2622,ok_volume,0,0,0,7518,2460,9978
1769885797,24,75,0,636,0,636,low_activity,1.0,827,0,827,ok_volume,0.902,3063,157,3220,ok_volume,598,0,598,8074,2460,10534
1769885798,24,75,0,598,0,598,low_activity,1.0,661,0,661,ok_volume,0.9,2984,157,3141,ok_volume,0,0,0,7826,2460,10286
1769885799,24,75,1.0,1480,0,1480,ok_volume,1.0,1518,0,1518,ok_volume,0.922,3847,157,4004,ok_volume,25,0,25,8690,2451,11141
1769885800,24,75,0,882,0,882,low_activity,1.0,1480,0,1480,ok_volume,0.92,3778,157,3935,ok_volume,0,0,0,8633,2451,11084
1769885801,24,75,0,135,0,135,low_activity,1.0,1590,0,1590,ok_volume,0.921,3809,157,3966,ok_volume,110,0,110,8477,2451,10928
1769885802,24,75,0.829,869,81,950,ok_volume,0.912,1751,81,1832,ok_volume,0.899,4489,238,4727,ok_volume,759,81,840,9042,2532,11574
1769885803,24,75,0.868,1146,81,1227,ok_volume,0.871,1171,81,1252,ok_volume,0.904,4697,238,4935,ok_volume,277,0,277,9280,2532,11812
1769885804,24,75,0,1036,81,1117,low_activity,0.868,1146,81,1227,ok_volume,0.904,4697,238,4935,ok_volume,0,0,0,9280,2532,11812
1769885805,24,75,0,473,0,473,low_activity,0.886,1342,81,1423,ok_volume,0.907,4893,238,5131,ok_volume,158,0,158,9284,2532,11816
1769885806,24,75,0.961,15196,300,15496,ok_volume,0.954,16232,381,16613,ok_volume,0.947,19724,538,20262,ok_volume,15000,300,15300,23942,2832,26774
1769885807,24,75,0.961,15196,300,15496,ok_volume,0.962,15511,300,15811,ok_volume,0.946,19572,538,20110,ok_volume,38,0,38,23980,2832,26812
1769885808,24,75,0.962,15368,300,15668,ok_volume,0.962,15564,300,15864,ok_volume,0.947,19902,538,20440,ok_volume,330,0,330,24310,2832,27142
1769885809,24,75,1.0,368,0,368,ok_volume,0.962,15526,300,15826,ok_volume,0.947,19902,538,20440,ok_volume,0,0,0,24310,2832,27142
1769885810,24,75,1.0,385,0,385,ok_volume,0.962,15423,300,15723,ok_volume,0.947,19957,538,20495,ok_volume,55,0,55,23917,2832,26749
1769885811,24,75,0,74,0,74,low_activity,1.0,442,0,442,ok_volume,0.948,19976,538,20514,ok_volume,19,0,19,23810,2832,26642
1769885812,24,75,0,74,0,74,low_activity,1.0,404,0,404,ok_volume,0.947,19867,538,20405,ok_volume,0,0,0,23375,2832,26207
1769885813,24,75,0,39,0,39,low_activity,0,94,0,94,low_activity,0.946,19345,538,19883,ok_volume,20,0,20,22626,2563,25189
1769885814,24,75,0.853,505,40,545,ok_volume,0.871,579,40,619,ok_volume,0.943,19830,578,20408,ok_volume,450,40,490,23100,2603,25703
1769885815,24,75,0.544,505,149,654,ok_volume,0.557,524,149,673,ok_volume,0.932,19587,687,20274,ok_volume,0,109,109,23083,712,23795
1769885816,24,75,0,450,149,599,low_activity,0.544,505,149,654,ok_volume,0.947,19569,530,20099,ok_volume,0,0,0,23061,712,23773
1769885817,24,75,0,0,109,109,low_activity,0.544,505,149,654,ok_volume,0.947,19551,530,20081,ok_volume,0,0,0,23061,712,23773
1769885818,24,75,0,0,17,17,low_activity,0.461,450,166,616,ok_volume,0.946,19532,547,20079,ok_volume,1,17,18,23062,729,23791
1769885819,24,75,0,0,17,17,low_activity,0,0,126,126,low_activity,0.944,19153,547,19700,ok_volume,0,0,0,23062,729,23791
1769885820,24,75,0,41,17,58,low_activity,0,41,17,58,low_activity,0.945,19194,547,19741,ok_volume,0,0,0,23084,729,23813
1769885821,24,75,0,41,0,41,low_activity,0,41,17,58,low_activity,0.944,19146,547,19693,ok_volume,7,0,7,23077,729,23806
1769885822,24,75,0,114,0,114,low_activity,0,155,17,172,low_activity,0.944,19153,547,19700,ok_volume,114,0,114,23110,729,23839
1769885823,24,75,0,292,0,292,low_activity,0,333,0,333,low_activity,0.945,19165,547,19712,ok_volume,178,0,178,22773,729,23502
1769885824,24,75,0,317,10,327,low_activity,0,317,10,327,low_activity,0.944,19165,557,19722,ok_volume,25,10,35,22510,739,23249
1769885825,24,75,0,203,10,213,low_activity,0,317,10,327,low_activity,0.943,19127,557,19684,ok_volume,0,0,0,22499,739,23238
1769885826,24,75,0,63,10,73,low_activity,0.945,355,10,365,ok_volume,0.944,19165,557,19722,ok_volume,38,0,38,21665,739,22404
1769885827,24,75,0,297,0,297,low_activity,0.961,500,10,510,ok_volume,0.943,18826,557,19383,ok_volume,259,0,259,21920,739,22659
1769885828,24,75,0,297,0,297,low_activity,0,322,10,332,low_activity,0.94,17969,557,18526,ok_volume,0,0,0,21841,739,22580
1769885829,24,75,0,1346,0,1346,low_activity,1.0,1384,0,1384,ok_volume,0.943,19031,557,19588,ok_volume,1090,0,1090,22911,739,23650
1769885830,24,75,0,1087,0,1087,low_activity,1.0,1384,0,1384,ok_volume,0.943,19031,557,19588,ok_volume,0,0,0,22842,739,23581
1769885831,24,75,0,1105,0,1105,low_activity,1.0,1364,0,1364,ok_volume,0.943,18939,557,19496,ok_volume,18,0,18,22777,739,23516
1769885832,24,75,0,84,0,84,low_activity,1.0,1171,0,1171,ok_volume,0.949,18246,476,18722,ok_volume,35,0,35,22764,732,23496
1769885833,24,75,0,84,0,84,low_activity,1.0,1171,0,1171,ok_volume,0.948,17969,476,18445,ok_volume,0,0,0,22688,726,23414
1769885834,24,75,0,35,0,35,low_activity,0,84,0,84,low_activity,0.948,17931,476,18407,ok_volume,8,0,8,22696,726,23422
1769885835,24,75,0,472,0,472,low_activity,1.0,556,0,556,ok_volume,0.949,18245,476,18721,ok_volume,472,0,472,23168,726,23894
1769885836,24,75,0,472,0,472,low_activity,0,507,0,507,low_activity,0.897,3245,176,3421,ok_volume,0,0,0,22999,726,23725
1769885837,24,75,0,529,0,529,low_activity,0,529,0,529,low_activity,0.898,3264,176,3440,ok_volume,57,0,57,22866,726,23592
1769885838,24,75,0,57,0,57,low_activity,0,529,0,529,low_activity,0.887,2934,176,3110,ok_volume,0,0,0,22866,726,23592
1769885839,24,75,0,984,0,984,low_activity,1.0,1456,0,1456,ok_volume,0.913,3861,176,4037,ok_volume,933,0,933,23799,726,24525
1769885840,24,75,1.0,2521,0,2521,ok_volume,1.0,2578,0,2578,ok_volume,0.937,5400,176,5576,ok_volume,1594,0,1594,25393,726,26119
1769885841,24,75,1.0,2521,0,2521,ok_volume,1.0,2578,0,2578,ok_volume,0.937,5381,176,5557,ok_volume,0,0,0,25393,721,26114
1769885842,24,75,1.0,1680,0,1680,ok_volume,1.0,2607,0,2607,ok_volume,0.938,5467,176,5643,ok_volume,86,0,86,25370,721,26091
1769885843,24,75,0,208,0,208,low_activity,1.0,2729,0,2729,ok_volume,0.938,5534,176,5710,ok_volume,22,0,22,24950,721,25671
1769885844,24,75,1.0,2183,0,2183,ok_volume,1.0,3777,0,3777,ok_volume,0.962,7059,136,7195,ok_volume,1956,0,1956,26923,721,27644
1769885845,24,75,1.0,1997,0,1997,ok_volume,1.0,2183,0,2183,ok_volume,0.992,7059,27,7086,ok_volume,0,0,0,26680,721,27401
1769885846,24,75,0,2070,0,2070,low_activity,1.0,2297,0,2297,ok_volume,0.993,7173,27,7200,ok_volume,119,0,119,26781,558,27339
1769885847,24,75,0,205,0,205,low_activity,1.0,2202,0,2202,ok_volume,0.993,7264,27,7291,ok_volume,91,0,91,26854,557,27411
1769885848,24,75,0,205,0,205,low_activity,1.0,2161,0,2161,ok_volume,0.997,7264,10,7274,ok_volume,0,0,0,26835,557,27392
1769885849,24,75,0,226,0,226,low_total_volume,1.0,340,0,340,ok_volume,0.997,7358,10,7368,ok_volume,136,2,138,26592,559,27151
1769885850,24,75,1.0,923,0,923,ok_volume,1.0,1128,0,1128,ok_volume,0.998,8146,10,8156,ok_volume,792,0,792,27380,559,27939
1769885851,24,75,1.0,948,0,948,ok_volume,1.0,1039,0,1039,ok_volume,0.998,8171,10,8181,ok_volume,39,0,39,27371,559,27930
1769885852,24,75,1.0,853,0,853,ok_volume,1.0,988,0,988,ok_volume,0.998,8097,10,8107,ok_volume,47,0,47,27306,559,27865
1769885853,24,75,0,103,0,103,low_activity,1.0,1026,0,1026,ok_volume,0.997,7957,10,7967,ok_volume,38,0,38,27178,559,27737
1769885854,23,76,0,78,0,78,low_activity,1.0,891,0,891,ok_volume,1.0,7932,0,7932,ok_volume,0,0,0,27153,559,27712
1769885855,22,77,-0.368,163,353,516,ok_volume,-0.215,228,353,581,ok_volume,0.916,8057,353,8410,ok_volume,126,105,231,27241,914,28155
1769885856,22,77,0.288,638,353,991,ok_volume,0.34,716,353,1069,ok_volume,0.921,8532,353,8885,ok_volume,513,0,513,27754,914,28668
1769885857,22,77,0.835,1171,105,1276,ok_volume,0.548,1209,353,1562,ok_volume,0.923,8806,353,9159,ok_volume,533,0,533,27689,914,28603
1769885858,22,77,1.0,3044,0,3044,ok_volume,0.8,3169,353,3522,ok_volume,0.937,10804,353,11157,ok_volume,2003,7,2010,28835,921,29756
1769885859,22,77,1.0,2671,0,2671,ok_volume,0.938,3309,105,3414,ok_volume,0.931,9857,353,10210,ok_volume,140,0,140,28950,921,29871
1769885860,22,77,1.0,2138,0,2138,ok_volume,1.0,3184,0,3184,ok_volume,0.931,9857,353,10210,ok_volume,0,0,0,28950,921,29871
1769885861,22,77,0,140,0,140,low_activity,1.0,2671,0,2671,ok_volume,0.931,9808,353,10161,ok_volume,0,0,0,28840,921,29761
1769885862,22,77,0,1780,0,1780,low_activity,1.0,3918,0,3918,ok_volume,0.941,11553,353,11906,ok_volume,1739,0,1739,29861,840,30701
1769885863,22,77,0,1780,0,1780,low_activity,1.0,1920,0,1920,ok_volume,0.941,11553,353,11906,ok_volume,0,0,0,29584,840,30424
1769885864,22,77,0,1739,0,1739,low_activity,0,1780,0,1780,low_activity,0.941,11553,353,11906,ok_volume,0,0,0,29546,840,30386
1769885865,22,77,0,32,0,32,low_activity,1.0,1812,0,1812,ok_volume,0.938,11113,353,11466,ok_volume,37,0,37,29425,840,30265
1769885866,22,77,0,42,0,42,low_activity,1.0,1781,0,1781,ok_volume,0.938,11123,353,11476,ok_volume,10,0,10,14435,540,14975
1769885867,22,77,-0.798,70,623,693,ok_volume,-0.798,70,623,693,ok_volume,0.838,11094,976,12070,ok_volume,28,624,652,14425,1164,15589
1769885868,22,77,-0.566,426,1536,1962,ok_volume,-0.541,458,1536,1994,ok_volume,0.717,11482,1889,13371,ok_volume,388,913,1301,14483,2077,16560
1769885869,22,77,-0.534,466,1536,2002,ok_volume,-0.503,508,1536,2044,ok_volume,0.698,10605,1889,12494,ok_volume,50,0,50,14533,2077,16610
1769885870,22,76,0.616,3847,913,4760,ok_volume,0.433,3885,1536,5421,ok_volume,0.736,12420,1889,14309,ok_volume,3409,0,3409,17887,2077,19964
1769885871,22,77,1.0,3624,0,3624,ok_volume,0.449,4040,1536,5576,ok_volume,0.739,12585,1889,14474,ok_volume,167,0,167,18035,2077,20112
1769885872,22,77,0.981,3627,35,3662,ok_volume,0.622,4065,948,5013,ok_volume,0.732,12452,1924,14376,ok_volume,53,35,88,18088,2112,20200
1769885873,22,76,0,218,45,263,low_activity,0.976,3677,45,3722,ok_volume,0.73,12411,1934,14345,ok_volume,0,10,10,18033,2122,20155
1769885874,22,76,0,53,45,98,low_activity,0.975,3627,45,3672,ok_volume,0.688,10455,1934,12389,ok_volume,5,0,5,17588,2082,19670
1769885875,22,77,0,100,10,110,low_activity,0.752,318,45,363,ok_volume,0.69,10555,1934,12489,ok_volume,100,0,100,17688,1973,19661
1769885876,23,76,0,1020,0,1020,low_activity,0.919,1073,45,1118,ok_volume,0.709,11361,1934,13295,ok_volume,920,0,920,18608,1973,20581
1769885877,23,76,1.0,1035,0,1035,ok_volume,0.981,1035,10,1045,ok_volume,0.707,11285,1934,13219,ok_volume,15,0,15,18623,1973,20596
1769885878,23,76,1.0,946,0,946,ok_volume,1.0,1046,0,1046,ok_volume,0.708,11296,1934,13230,ok_volume,11,0,11,18633,1956,20589
1769885879,22,76,0,26,0,26,low_activity,1.0,1046,0,1046,ok_volume,0.705,11161,1934,13095,ok_volume,0,0,0,18592,1956,20548
1769885880,23,76,0,11,0,11,low_activity,1.0,946,0,946,ok_volume,0.686,10373,1934,12307,ok_volume,0,0,0,18592,1956,20548
1769885881,23,76,0.917,604,26,630,ok_volume,0.921,630,26,656,ok_volume,0.696,10952,1960,12912,ok_volume,604,26,630,19189,1982,21171
1769885882,23,76,0.92,623,26,649,ok_volume,0.921,634,26,660,ok_volume,0.696,10931,1960,12891,ok_volume,19,0,19,19094,1982,21076
1769885883,24,75,0.939,820,26,846,ok_volume,0.939,820,26,846,ok_volume,0.7,11090,1960,13050,ok_volume,201,0,201,19117,1982,21099
1769885884,24,75,0,216,158,374,low_activity,0.633,820,184,1004,ok_volume,0.711,11090,1870,12960,ok_volume,0,158,158,19092,2130,21222
1769885885,25,74,0,197,195,392,low_activity,0.575,820,221,1041,ok_volume,0.718,10965,1802,12767,ok_volume,0,40,40,19092,2170,21262
1769885886,25,74,0,0,195,195,low_activity,0.051,216,195,411,ok_volume,0.706,10452,1802,12254,ok_volume,0,0,0,19054,2170,21224
1769885887,25,74,0,0,37,37,low_activity,0,197,195,392,low_activity,0.693,9919,1802,11721,ok_volume,0,0,0,18795,2170,20965
1769885888,25,74,0,0,0,0,no_volume,0,0,195,195,low_activity,0.629,7921,1802,9723,ok_volume,0,0,0,18795,2170,20965
1769885889,25,74,0,0,0,0,no_volume,0,0,37,37,low_activity,0.624,7781,1802,9583,ok_volume,0,0,0,17705,2170,19875
1769885890,25,74,0,208,0,208,low_activity,0,208,0,208,low_activity,0.632,7989,1802,9791,ok_volume,212,0,212,17917,2170,20087
1769885891,25,74,0,208,0,208,low_activity,0,208,0,208,low_activity,0.63,7948,1802,9750,ok_volume,0,0,0,17868,2170,20038
1769885892,25,74,1.0,565,0,565,ok_volume,1.0,565,0,565,ok_volume,0.569,6566,1802,8368,ok_volume,361,0,361,18194,2170,20364
1769885893,25,74,1.0,574,0,574,ok_volume,1.0,782,0,782,ok_volume,0.58,6783,1802,8585,ok_volume,221,0,221,18415,2170,20585
1769885894,25,74,1.0,2952,0,2952,ok_volume,1.0,3160,0,3160,ok_volume,0.671,9161,1802,10963,ok_volume,103,0,103,20795,2170,22965
1769885895,25,74,1.0,3442,0,3442,ok_volume,1.0,3799,0,3799,ok_volume,0.694,9976,1802,11778,ok_volume,847,0,847,21170,2170,23340
1769885896,25,74,1.0,1027,0,1027,ok_volume,1.0,3879,0,3879,ok_volume,0.696,10046,1802,11848,ok_volume,85,0,85,21255,2170,23425
1769885897,25,74,1.0,927,0,927,ok_volume,1.0,3522,0,3522,ok_volume,0.789,10018,1179,11197,ok_volume,0,0,0,21198,2170,23368
1769885898,25,74,1.0,521,0,521,ok_volume,1.0,1468,0,1468,ok_volume,0.949,10071,266,10337,ok_volume,260,0,260,21643,2170,23813
1769885899,25,74,1.0,461,0,461,ok_volume,1.0,1388,0,1388,ok_volume,0.948,10041,266,10307,ok_volume,20,0,20,20730,2170,22900
1769885900,25,74,0,276,0,276,low_total_volume,1.0,541,0,541,ok_volume,0.923,6632,266,6898,ok_volume,12,0,12,19148,2170,21318
1769885901,24,75,0.756,2011,280,2291,ok_volume,0.795,2452,280,2732,ok_volume,0.879,8458,546,9004,ok_volume,1999,280,2279,21147,2450,23597
1769885902,24,75,0.762,2074,280,2354,ok_volume,0.787,2350,280,2630,ok_volume,0.886,8488,511,8999,ok_volume,83,0,83,21044,2450,23494
1769885903,24,75,0.829,2992,280,3272,ok_volume,0.83,3012,280,3292,ok_volume,0.899,9406,501,9907,ok_volume,918,0,918,21921,2450,24371
1769885904,23,76,1.0,1358,0,1358,ok_volume,0.846,3349,280,3629,ok_volume,0.902,9763,501,10264,ok_volume,357,0,357,20322,2450,22772
1769885905,23,76,0.989,2429,13,2442,ok_volume,0.878,4503,293,4796,ok_volume,0.909,10817,514,11331,ok_volume,1154,0,1154,21476,2463,23939
1769885906,22,77,0.783,1911,233,2144,ok_volume,0.852,2912,233,3145,ok_volume,0.867,10297,734,11031,ok_volume,400,220,620,21757,2683,24440
1769885907,22,77,0.763,1636,220,1856,ok_volume,0.852,2911,233,3144,ok_volume,0.868,10364,734,11098,ok_volume,82,0,82,21748,2683,24431
1769885908,21,78,0.404,612,260,872,ok_volume,0.772,2123,273,2396,ok_volume,0.862,10483,774,11257,ok_volume,130,40,170,21878,2723,24601
1769885909,20,79,0,222,40,262,low_total_volume,0.745,1776,260,2036,ok_volume,0.863,10493,774,11267,ok_volume,10,0,10,21752,2721,24473
1769885910,20,79,0.424,507,205,712,ok_volume,0.399,989,425,1414,ok_volume,0.841,10860,939,11799,ok_volume,367,0,367,21327,2894,24221
1769885911,20,79,0.405,390,165,555,ok_volume,0.492,602,205,807,ok_volume,0.837,10269,913,11182,ok_volume,17,0,17,21305,2894,24199
1769885912,20,79,1.0,480,0,480,ok_volume,0.503,620,205,825,ok_volume,0.838,10350,913,11263,ok_volume,100,0,100,21358,2894,24252
1769885913,19,80,-0.469,263,727,990,ok_volume,-0.164,640,892,1532,ok_volume,0.725,10303,1640,11943,ok_volume,151,727,878,21471,3621,25092
1769885914,19,80,0.54,2432,727,3159,ok_volume,0.589,2812,727,3539,ok_volume,0.788,12485,1482,13967,ok_volume,2182,0,2182,23653,3371,27024
1769885915,19,80,0.74,4863,727,5590,ok_volume,0.745,4976,727,5703,ok_volume,0.824,15016,1445,16461,ok_volume,2531,0,2531,26058,3266,29324
1769885916,19,80,1.0,5389,0,5389,ok_volume,0.772,5639,727,6366,ok_volume,0.831,15692,1445,17137,ok_volume,678,0,678,26223,3266,29489
1769885917,18,81,0.516,3207,1025,4232,ok_volume,0.519,5539,1752,7291,ok_volume,0.728,15692,2470,18162,ok_volume,21,1025,1046,25711,4291,30002
1769885918,17,82,-0.288,862,1560,2422,ok_volume,0.563,5575,1560,7135,ok_volume,0.682,15878,3005,18883,ok_volume,186,535,721,23894,4819,28713
1769885919,16,83,-0.765,239,1795,2034,ok_volume,0.315,3446,1795,5241,ok_volume,0.662,15931,3240,19171,ok_volume,62,235,297,23816,5054,28870
1769885920,16,83,-0.526,239,770,1009,ok_volume,-0.325,915,1795,2710,ok_volume,0.658,15723,3240,18963,ok_volume,0,0,0,23816,5054,28870
1769885921,16,83,0.818,2343,235,2578,ok_volume,0.17,2529,1795,4324,ok_volume,0.695,18013,3240,21253,ok_volume,2290,0,2290,26065,5054,31119
1769885922,16,83,1.0,3418,0,3418,ok_volume,0.652,3657,770,4427,ok_volume,0.706,18784,3240,22024,ok_volume,1128,0,1128,25454,5054,30508
1769885923,15,84,1.0,3995,0,3995,ok_volume,0.89,4048,235,4283,ok_volume,0.678,16866,3240,20106,ok_volume,577,0,577,26031,5054,31085
1769885924,15,84,0.977,2157,25,2182,ok_volume,0.989,4447,25,4472,ok_volume,0.681,17218,3265,20483,ok_volume,452,25,477,26483,5079,31562
1769885925,15,84,0.827,1053,100,1153,ok_volume,0.956,4471,100,4571,ok_volume,0.662,16395,3340,19735,ok_volume,24,75,99,26470,5154,31624
1769885926,15,84,0.959,4735,100,4835,ok_volume,0.969,6440,100,6540,ok_volume,0.721,20574,3340,23914,ok_volume,4259,0,4259,30719,5154,35873
1769885927,15,84,0.951,4383,110,4493,ok_volume,0.951,5412,135,5547,ok_volume,0.717,20489,3375,23864,ok_volume,100,35,135,30791,4565,35356
1769885928,15,84,0,4359,35,4394,low_activity,0.946,4835,135,4970,ok_volume,0.714,20233,3375,23608,ok_volume,0,0,0,30403,3652,34055
1769885929,14,85,0.061,666,590,1256,ok_volume,0.763,4949,665,5614,ok_volume,0.682,20779,3930,24709,ok_volume,566,555,1121,30919,4207,35126
1769885930,14,85,0.098,675,555,1230,ok_volume,0.79,5034,590,5624,ok_volume,0.683,20888,3930,24818,ok_volume,109,0,109,27619,4207,31826
1769885931,14,85,0.186,808,555,1363,ok_volume,0.212,908,590,1498,ok_volume,0.678,19030,3650,22680,ok_volume,133,0,133,27585,4207,31792
1769885932,14,85,1.0,986,0,986,ok_volume,0.473,1552,555,2107,ok_volume,0.687,19691,3650,23341,ok_volume,749,0,749,28281,4172,32453
1769885933,14,85,1.0,887,0,887,ok_volume,0.476,1562,555,2117,ok_volume,0.675,18783,3650,22433,ok_volume,26,9,35,28307,4171,32478
1769885934,14,85,0.811,2215,231,2446,ok_volume,0.828,2457,231,2688,ok_volume,0.674,19887,3868,23755,ok_volume,1472,237,1709,29774,4408,34182
1769885935,13,86,0.897,7570,413,7983,ok_volume,0.907,8447,413,8860,ok_volume,0.72,24832,4050,28882,ok_volume,6099,182,6281,35773,4590,40363
1769885936,13,86,0.828,7961,751,8712,ok_volume,0.841,8715,751,9466,ok_volume,0.713,24833,4168,29001,ok_volume,404,339,743,35257,4929,40186
1769885937,13,86,0.853,6533,520,7053,ok_volume,0.828,8004,751,8755,ok_volume,0.712,24784,4168,28952,ok_volume,33,0,33,35275,4929,40204
1769885938,13,86,0.262,578,338,916,ok_volume,0.831,8138,751,8889,ok_volume,0.715,24798,4128,28926,ok_volume,144,0,144,35408,4929,40337
1769885939,13,86,0,177,56,233,low_total_volume,0.841,6677,576,7253,ok_volume,0.721,24788,4019,28807,ok_volume,6,61,67,35414,4990,40404
1769885940,13,86,0,201,56,257,low_total_volume,0.234,635,394,1029,ok_volume,0.718,24478,4019,28497,ok_volume,59,0,59,35473,4990,40463
1769885941,13,86,0.86,742,56,798,ok_volume,0.885,919,56,975,ok_volume,0.724,25150,4019,29169,ok_volume,685,6,691,35554,4970,40524
1769885942,13,86,-0.078,752,879,1631,ok_volume,-0.021,896,935,1831,ok_volume,0.673,25060,4898,29958,ok_volume,14,882,896,35549,5852,41401
1769885943,13,85,-0.105,781,964,1745,ok_volume,-0.098,838,1020,1858,ok_volume,0.709,24996,4256,29252,ok_volume,86,90,176,35434,5942,41376
1769885944,14,85,-0.832,96,1044,1140,ok_volume,-0.109,838,1044,1882,ok_volume,0.681,22814,4336,27150,ok_volume,0,80,80,35434,5864,41298
1769885945,14,85,-0.62,86,367,453,ok_volume,-0.229,781,1246,2027,ok_volume,0.634,20283,4538,24821,ok_volume,0,202,202,35434,6026,41460
1769885946,14,85,-1.0,0,484,484,ok_volume,-0.876,96,1448,1544,ok_volume,0.611,19607,4740,24347,ok_volume,0,202,202,35434,6228,41662
1769885947,14,85,-1.0,0,999,999,ok_volume,-0.862,86,1164,1250,ok_volume,0.64,19607,4310,23917,ok_volume,6,603,609,35440,6831,42271
1769885948,14,85,-0.701,201,1144,1345,ok_volume,-0.753,201,1426,1627,ok_volume,0.653,19622,4122,23744,ok_volume,201,347,548,35641,7178,42819
1769885949,14,85,-0.625,221,957,1178,ok_volume,-0.721,221,1361,1582,ok_volume,0.668,19589,3902,23491,ok_volume,20,21,41,35661,7199,42860
1769885950,14,85,0.022,378,362,740,ok_volume,-0.508,378,1159,1537,ok_volume,0.67,19746,3902,23648,ok_volume,157,0,157,35606,7199,42805
1769885951,14,85,-0.071,827,954,1781,ok_volume,-0.297,1028,1896,2924,ok_volume,0.578,18106,4841,22947,ok_volume,653,939,1592,36259,8138,44397
1769885952,13,85,0.05,1037,939,1976,ok_volume,-0.017,1258,1301,2559,ok_volume,0.561,17208,4841,22049,ok_volume,212,0,212,36128,8138,44266
1769885953,13,86,0.007,953,939,1892,ok_volume,0.084,1130,954,2084,ok_volume,0.551,16704,4841,21545,ok_volume,88,0,88,33710,8138,41848
1769885954,13,85,0.658,1745,360,2105,ok_volume,0.329,2570,1299,3869,ok_volume,0.548,17712,5176,22888,ok_volume,1460,360,1820,35067,8498,43565
1769885955,14,85,0.39,1533,672,2205,ok_volume,0.199,2413,1611,4024,ok_volume,0.531,17688,5413,23101,ok_volume,0,312,312,34220,8810,43030
1769885956,13,85,0.37,1460,672,2132,ok_volume,0.444,1745,672,2417,ok_volume,0.425,13429,5413,18842,ok_volume,0,0,0,34135,8810,42945
1769885957,13,86,0,25,312,337,low_activity,0.397,1558,672,2230,ok_volume,0.426,13354,5378,18732,ok_volume,25,0,25,33975,8810,42785
1769885958,13,85,0,214,0,214,low_activity,0.427,1674,672,2346,ok_volume,0.432,13543,5378,18921,ok_volume,193,0,193,33908,8810,42718
1769885959,13,85,0.35,264,127,391,ok_volume,-0.249,264,439,703,ok_volume,0.449,13027,4950,17977,ok_volume,50,127,177,33938,8937,42875
1769885960,13,85,-0.324,280,549,829,ok_volume,-0.286,305,549,854,ok_volume,0.414,12959,5372,18331,ok_volume,41,422,463,33967,9359,43326
1769885961,14,85,-0.722,91,564,655,ok_volume,-0.298,305,564,869,ok_volume,0.408,12826,5387,18213,ok_volume,1,15,16,31969,9094,41063
1769885962,13,85,-0.68,217,1140,1357,ok_volume,-0.471,456,1267,1723,ok_volume,0.336,12258,6090,18348,ok_volume,176,703,879,32062,9797,41859
1769885963,14,85,-0.649,226,1061,1287,ok_volume,-0.671,317,1610,1927,ok_volume,0.313,12298,6433,18731,ok_volume,55,343,398,31199,10140,41339
1769885964,13,85,-0.454,400,1066,1466,ok_volume,-0.546,441,1503,1944,ok_volume,0.278,11011,6222,17233,ok_volume,174,20,194,31016,10147,41163
1769885965,13,85,-0.41,474,1133,1607,ok_volume,-0.48,650,1851,2501,ok_volume,-0.138,5162,6810,11972,ok_volume,250,770,1020,30112,10917,41029
1769885966,13,85,0.107,1042,840,1882,ok_volume,-0.196,1268,1886,3154,ok_volume,-0.096,5379,6522,11901,ok_volume,111,50,161,30330,10747,41077
1769885967,14,85,-0.023,1126,1179,2305,ok_volume,-0.066,1350,1542,2892,ok_volume,-0.102,5604,6881,12485,ok_volume,158,362,520,30506,11109,41615
1769885968,14,85,0.326,805,409,1214,ok_volume,0.183,1736,1199,2935,ok_volume,-0.077,5896,6881,12777,ok_volume,436,0,436,30812,11069,41881
1769885969,14,85,-0.088,619,738,1357,ok_volume,0.009,1587,1558,3145,ok_volume,-0.098,5921,7204,13125,ok_volume,0,300,300,30827,11275,42102
1769885970,14,85,0.098,461,379,840,ok_volume,0.026,830,788,1618,ok_volume,-0.103,5864,7204,13068,ok_volume,0,0,0,30460,11279,41739
1769885971,14,85,0,44,315,359,low_activity,-0.064,663,753,1416,ok_volume,-0.16,5223,7219,12442,ok_volume,44,15,59,30487,11294,41781
1769885972,14,85,0.669,257,51,308,ok_volume,0.251,718,430,1148,ok_volume,-0.08,5426,6376,11802,ok_volume,213,36,249,30600,11330,41930
1769885973,14,85,0.705,295,51,346,ok_volume,-0.087,295,351,646,ok_volume,-0.078,5378,6291,11669,ok_volume,38,0,38,30487,10603,41090
1769885974,13,85,0.234,451,280,731,ok_volume,0.253,495,295,790,ok_volume,-0.073,5578,6455,12033,ok_volume,6,125,131,28511,10847,39358
1769885975,14,85,0.051,270,244,514,ok_volume,0.282,527,295,822,ok_volume,-0.054,5610,6253,11863,ok_volume,32,0,32,26018,10847,36865
1769885976,13,85,0.267,285,165,450,ok_volume,0.394,736,320,1056,ok_volume,-0.019,5863,6091,11954,ok_volume,262,40,302,25602,10887,36489
1769885977,13,85,0.775,316,40,356,ok_volume,0.322,554,284,838,ok_volume,0.035,5894,5496,11390,ok_volume,31,0,31,25612,9862,35474
1769885978,13,85,-0.714,497,2976,3473,ok_volume,-0.709,529,3101,3630,ok_volume,-0.156,5906,8085,13991,ok_volume,213,2936,3149,25639,12263,37902
1769885979,13,85,-0.821,344,3492,3836,ok_volume,-0.698,629,3532,4161,ok_volume,-0.181,5986,8626,14612,ok_volume,100,556,656,25677,12584,38261
1769885980,13,85,-0.596,885,3492,4377,ok_volume,-0.503,1169,3532,4701,ok_volume,-0.148,6401,8626,15027,ok_volume,572,0,572,26249,12584,38833
1769885981,14,85,0.473,1703,609,2312,ok_volume,-0.291,1947,3545,5492,ok_volume,-0.067,6764,7740,14504,ok_volume,31,55,86,24990,12639,37629
1769885982,14,85,0.941,1734,53,1787,ok_volume,-0.268,2047,3545,5592,ok_volume,-0.073,6683,7740,14423,ok_volume,131,0,131,23993,12639,36632
1769885983,14,85,0,239,53,292,low_total_volume,0.517,1911,609,2520,ok_volume,-0.073,6687,7740,14427,ok_volume,77,0,77,23493,12639,36132
1769885984,14,85,0.906,3274,161,3435,ok_volume,0.916,4877,214,5091,ok_volume,0.047,8293,7541,15834,ok_volume,3068,161,3229,26109,12775,38884
1769885985,14,85,-0.14,4586,6081,10667,ok_volume,-0.127,4748,6134,10882,ok_volume,-0.149,9736,13149,22885,ok_volume,1443,5920,7363,27528,18620,46148
1769885986,14,85,-0.13,4679,6081,10760,ok_volume,-0.109,4887,6081,10968,ok_volume,-0.141,9906,13149,23055,ok_volume,170,0,170,23439,18620,42059
1769885987,14,85,-0.561,1663,5920,7583,ok_volume,-0.117,4806,6081,10887,ok_volume,-0.139,9931,13149,23080,ok_volume,50,0,50,23389,18585,41974
1769885988,14,85,-0.536,220,729,949,ok_volume,-0.18,4729,6810,11539,ok_volume,-0.175,9742,13878,23620,ok_volume,0,729,729,23389,19314,42703
1769885989,14,85,0.273,1276,729,2005,ok_volume,-0.394,2889,6649,9538,ok_volume,-0.115,10918,13751,24669,ok_volume,1226,0,1226,24049,18759,42808
1769885990,14,85,0.266,1257,729,1986,ok_volume,0.339,1477,729,2206,ok_volume,-0.1,10908,13329,24237,ok_volume,37,0,37,23977,18759,42736
1769885991,14,85,1.0,1355,0,1355,ok_volume,0.317,1405,729,2134,ok_volume,-0.095,11006,13314,24320,ok_volume,98,0,98,23942,18759,42701
1769885992,14,85,1.0,684,0,684,ok_volume,0.448,1910,729,2639,ok_volume,-0.051,11385,12611,23996,ok_volume,555,0,555,23748,18759,42507
1769885993,14,85,1.0,996,0,996,ok_volume,1.0,2253,0,2253,ok_volume,-0.025,11678,12268,23946,ok_volume,343,0,343,24065,18750,42815
1769885994,14,85,0,1056,0,1056,low_activity,1.0,1185,0,1185,ok_volume,-0.025,11662,12248,23910,ok_volume,158,2,160,22751,18515,41266
1769885995,14,85,0.875,569,38,607,ok_volume,0.94,1222,38,1260,ok_volume,-0.024,10973,11516,22489,ok_volume,73,22,95,16725,18373,35098
1769885996,14,85,0,226,38,264,low_total_volume,0.935,1124,38,1162,ok_volume,-0.032,10762,11466,22228,ok_volume,0,0,0,16321,18034,34355
1769885997,14,85,-0.033,2912,3108,6020,ok_volume,0.044,3413,3126,6539,ok_volume,-0.027,13448,14195,27643,ok_volume,2844,3088,5932,19132,21122,40254
1769885998,14,85,-0.019,2996,3114,6110,ok_volume,0.011,3222,3152,6374,ok_volume,-0.037,13139,14142,27281,ok_volume,153,26,179,19141,21148,40289
1769885999,13,85,-0.015,3058,3154,6212,ok_volume,-0.008,3126,3174,6300,ok_volume,-0.025,13201,13882,27083,ok_volume,62,40,102,19197,21127,40324
1769886000,13,86,0.398,339,146,485,ok_volume,-0.008,3183,3234,6417,ok_volume,-0.023,13326,13962,27288,ok_volume,125,80,205,19263,21207,40470
1769886001,14,85,0.424,297,120,417,ok_volume,0.009,3293,3234,6527,ok_volume,-0.02,13392,13947,27339,ok_volume,124,0,124,18702,21201,39903
1769886002,14,85,0.492,235,80,315,ok_volume,0.509,449,146,595,ok_volume,-0.027,13179,13911,27090,ok_volume,0,0,0,18688,20319,39007
1769886003,14,85,0,110,0,110,low_activity,0.424,297,120,417,ok_volume,-0.032,12941,13792,26733,ok_volume,0,0,0,18602,20229,38831
1769886004,14,85,0,124,0,124,low_activity,0.636,359,80,439,ok_volume,-0.023,13065,13667,26732,ok_volume,124,0,124,18726,20149,38875
1769886005,14,85,0,124,1912,2036,low_activity,-0.782,234,1912,2146,ok_volume,-0.089,13033,15579,28612,ok_volume,0,1912,1912,18726,21859,40585
1769886006,14,85,-0.85,155,1912,2067,ok_volume,-0.85,155,1912,2067,ok_volume,-0.096,12811,15539,28350,ok_volume,38,0,38,18764,21657,40421
1769886007,14,85,-0.482,668,1912,2580,ok_volume,-0.414,792,1912,2704,ok_volume,-0.073,13417,15539,28956,ok_volume,608,2,610,19395,21056,40451
1769886008,14,85,1.0,668,0,668,ok_volume,-0.414,792,1912,2704,ok_volume,0.023,13204,12603,25807,ok_volume,5,0,5,19199,20709,39908
1769886009,14,85,1.0,705,0,705,ok_volume,-0.428,765,1912,2677,ok_volume,0.046,13201,12047,25248,ok_volume,105,0,105,19284,20688,39972
1769886010,14,84,-0.641,197,900,1097,ok_volume,-0.02,865,900,1765,ok_volume,-0.049,11729,12947,24676,ok_volume,0,900,900,19227,21588,40815
1769886011,15,84,0.621,3855,900,4755,ok_volume,0.664,4463,900,5363,ok_volume,0.087,15356,12894,28250,ok_volume,0,0,0,22214,20649,42863
1769886012,15,83,0.605,3658,900,4558,ok_volume,0.621,3855,900,4755,ok_volume,0.083,15225,12894,28119,ok_volume,0,0,0,22002,20649,42651
1769886013,16,83,0,0,0,0,no_volume,0.621,3855,900,4755,ok_volume,0.08,15148,12894,28042,ok_volume,0,0,0,21914,20649,42563
1769886014,16,83,0,0,0,0,no_volume,0.605,3658,900,4558,ok_volume,-0.026,12082,12733,24815,ok_volume,0,0,0,20454,20289,40743
1769886015,16,83,0,0,108,108,low_activity,0,0,108,108,low_activity,0.212,10639,6921,17560,ok_volume,0,67,67,20454,20085,40539
1769886016,16,83,0,0,108,108,low_activity,0,0,108,108,low_activity,0.204,10469,6921,17390,ok_volume,0,0,0,20454,20085,40539
1769886017,16,82,0,0,85,85,low_activity,0,0,126,126,low_activity,0.2,10419,6939,17358,ok_volume,5,19,24,20434,20104,40538
1769886018,18,81,0,0,48,48,low_activity,0,0,156,156,low_activity,0.251,10419,6240,16659,ok_volume,0,30,30,20241,20134,40375
1769886019,18,81,0.833,526,48,574,ok_volume,0.641,526,115,641,ok_volume,0.218,9719,6240,15959,ok_volume,526,0,526,20717,20007,40724
1769886020,18,81,0.668,664,132,796,ok_volume,0.631,664,150,814,ok_volume,0.215,9826,6342,16168,ok_volume,138,102,240,20814,19687,40501
1769886021,18,81,0.776,918,116,1034,ok_volume,0.697,918,164,1082,ok_volume,0.222,9982,6356,16338,ok_volume,264,14,278,21077,19686,40763
1769886022,18,81,0.543,392,116,508,ok_volume,0.726,918,146,1064,ok_volume,0.195,9427,6356,15783,ok_volume,0,0,0,20901,18983,39884
1769886023,18,81,0,304,14,318,low_activity,0.786,968,116,1084,ok_volume,0.179,9134,6356,15490,ok_volume,50,0,50,20896,18640,39536
1769886024,17,82,0,119,0,119,low_activity,0.63,511,116,627,ok_volume,0.176,9045,6338,15383,ok_volume,69,0,69,20791,18620,39411
1769886025,17,82,0,711,0,711,low_activity,0.971,965,14,979,ok_volume,0.205,9569,6318,15887,ok_volume,95,0,95,20627,17850,38477
1769886026,17,82,0,661,0,661,low_activity,0,711,0,711,low_activity,0.205,9569,6318,15887,ok_volume,0,0,0,20416,17800,38216
1769886027,17,82,1.0,4270,0,4270,ok_volume,1.0,4887,0,4887,ok_volume,0.543,10901,3230,14131,ok_volume,4181,0,4181,24439,17438,41877
1769886028,17,82,1.0,4509,0,4509,ok_volume,1.0,5170,0,5170,ok_volume,0.551,11082,3204,14286,ok_volume,333,0,333,24311,17359,41670
1769886029,17,82,0.567,4722,1303,6025,ok_volume,0.574,4816,1303,6119,ok_volume,0.431,11233,4467,15700,ok_volume,213,1303,1516,24524,18358,42882
1769886030,17,82,-0.36,636,1351,1987,ok_volume,0.562,4812,1351,6163,ok_volume,0.433,11198,4435,15633,ok_volume,90,48,138,24614,18406,43020
1769886031,17,82,-0.523,423,1351,1774,ok_volume,0.57,4932,1351,6283,ok_volume,0.433,11208,4435,15643,ok_volume,120,0,120,24690,18391,43081
1769886032,17,82,0.883,775,48,823,ok_volume,-0.011,1321,1351,2672,ok_volume,0.453,11773,4435,16208,ok_volume,565,0,565,25042,18355,43397
1769886033,17,82,1.0,926,0,926,ok_volume,-0.047,1229,1351,2580,ok_volume,0.461,12014,4435,16449,ok_volume,221,6,227,25045,18242,43287
1769886034,17,82,0.884,1625,100,1725,ok_volume,0.851,1835,148,1983,ok_volume,0.474,12709,4535,17244,ok_volume,819,100,919,25852,18217,44069
1769886035,17,82,0.835,1112,100,1212,ok_volume,0.896,1817,100,1917,ok_volume,0.659,12781,2623,15404,ok_volume,73,0,73,25893,18217,44110
1769886036,17,82,0.921,2441,100,2541,ok_volume,0.94,3247,100,3347,ok_volume,0.689,14271,2623,16894,ok_volume,1550,0,1550,27181,18177,45358
1769886037,18,81,0.684,6953,1304,8257,ok_volume,0.701,7993,1404,9397,ok_volume,0.657,18994,3927,22921,ok_volume,5331,1304,6635,32481,19481,51962
1769886038,18,81,0.681,6881,1304,8185,ok_volume,0.694,7772,1404,9176,ok_volume,0.657,18994,3927,22921,ok_volume,3,0,3,32271,16545,48816
1769886039,18,81,0.599,5331,1337,6668,ok_volume,0.677,6953,1337,8290,ok_volume,0.652,18797,3960,22757,ok_volume,0,33,33,32171,16022,48193
1769886040,18,81,0,0,63,63,low_activity,0.669,6881,1367,8248,ok_volume,0.661,15139,3090,18229,ok_volume,9,30,39,30608,16052,46660
1769886041,18,81,0,0,221,221,low_activity,0.555,5331,1525,6856,ok_volume,0.647,15139,3248,18387,ok_volume,6,158,164,30583,16155,46738
1769886042,19,80,0,0,188,188,low_activity,0,0,221,221,low_activity,0.647,15139,3248,18387,ok_volume,0,0,0,30452,16155,46607
1769886043,19,80,0,0,158,158,low_activity,0,0,221,221,low_activity,0.647,15139,3248,18387,ok_volume,0,0,0,30375,16155,46530
1769886044,19,80,0,0,0,0,no_volume,0,0,188,188,low_activity,0.65,15139,3207,18346,ok_volume,0,0,0,27307,15994,43301
1769886045,19,80,0,0,0,0,no_volume,0,0,158,158,low_activity,0.656,15139,3140,18279,ok_volume,0,0,0,25864,10074,35938
1769886046,19,80,0,246,0,246,low_activity,0,246,0,246,low_activity,0.661,15385,3140,18525,ok_volume,0,1,1,25940,10075,36015
1769886047,19,80,0,293,10,303,low_activity,0,293,10,303,low_activity,0.663,15432,3132,18564,ok_volume,49,10,59,25939,10085,36024
1769886048,19,80,0,47,10,57,low_activity,0,293,10,303,low_activity,0.665,15432,3102,18534,ok_volume,9,0,9,25948,9356,35304
1769886049,19,80,0,47,10,57,low_activity,0,293,10,303,low_activity,0.655,14906,3102,18008,ok_volume,0,0,0,24722,9356,34078
1769886050,19,80,0,92,0,92,low_activity,0,139,10,149,low_activity,0.664,14860,3000,17860,ok_volume,92,0,92,24777,9356,34133
1769886051,19,80,0,545,0,545,low_activity,0.967,592,10,602,ok_volume,0.669,15059,2986,18045,ok_volume,453,0,453,25132,9356,34488
1769886052,19,80,0,545,0,545,low_activity,0,545,0,545,low_activity,0.669,15059,2986,18045,ok_volume,2,3,5,24579,9359,33938
1769886053,19,80,0,453,0,453,low_activity,0,545,0,545,low_activity,0.668,15009,2986,17995,ok_volume,0,0,0,24236,9359,33595
1769886054,19,80,0,23,37,60,low_activity,0.878,568,37,605,ok_volume,0.654,14465,3023,17488,ok_volume,23,0,23,24101,9376,33477
1769886055,19,80,0,23,2036,2059,low_activity,-0.621,476,2036,2512,ok_volume,0.482,14371,5022,19393,ok_volume,0,2000,2000,24028,11354,35382
1769886056,19,80,0,23,2784,2807,low_activity,-0.984,23,2821,2844,ok_volume,0.424,14371,5807,20178,ok_volume,0,0,0,24028,12139,36167
1769886057,19,80,0,0,2784,2784,low_activity,-0.984,23,2821,2844,ok_volume,0.274,10195,5807,16002,ok_volume,0,0,0,21184,9051,30235
1769886058,19,80,0,104,0,104,low_activity,-0.913,127,2784,2911,ok_volume,0.264,9966,5807,15773,ok_volume,104,0,104,21135,9025,30160
1769886059,19,80,0,425,0,425,low_activity,-0.735,425,2784,3209,ok_volume,0.382,10074,4504,14578,ok_volume,227,0,227,21394,8985,30379
1769886060,19,80,1.0,448,0,448,ok_volume,1.0,448,0,448,ok_volume,0.384,10007,4456,14463,ok_volume,23,0,23,21292,8905,30197
1769886061,19,80,0,304,0,304,low_activity,1.0,502,0,502,ok_volume,0.381,9941,4456,14397,ok_volume,54,0,54,21222,8905,30127
1769886062,19,80,0,202,0,202,low_total_volume,1.0,627,0,627,ok_volume,0.361,9481,4456,13937,ok_volume,100,0,100,21347,8905,30252
1769886063,19,79,1.0,1792,0,1792,ok_volume,1.0,2042,0,2042,ok_volume,0.419,10873,4456,15329,ok_volume,1626,0,1626,22973,8905,31878
1769886064,19,80,1.0,2088,0,2088,ok_volume,1.0,2190,0,2190,ok_volume,0.411,10429,4356,14785,ok_volume,375,0,375,23224,8905,32129
1769886065,19,80,1.0,2038,0,2038,ok_volume,1.0,2217,0,2217,ok_volume,0.41,10407,4356,14763,ok_volume,54,0,54,23278,6993,30271
1769886066,19,80,1.0,458,0,458,ok_volume,1.0,2171,0,2171,ok_volume,0.342,8890,4356,13246,ok_volume,33,0,33,23244,6993,30237
1769886067,19,80,0,205,0,205,low_total_volume,1.0,2193,0,2193,ok_volume,0.093,3681,3052,6733,ok_volume,122,0,122,22758,6991,29749
1769886068,19,80,-0.166,266,372,638,ok_volume,0.3,691,372,1063,ok_volume,0.051,3792,3424,7216,ok_volume,111,372,483,22864,7363,30227
1769886069,20,79,-0.294,244,447,691,ok_volume,-0.155,327,447,774,ok_volume,0.046,3803,3466,7269,ok_volume,11,75,86,22670,7438,30108
1769886070,20,79,-0.571,122,447,569,ok_volume,-0.235,277,447,724,ok_volume,0.051,3803,3436,7239,ok_volume,0,0,0,19012,6538,25550
1769886071,20,79,0,11,75,86,low_activity,-0.294,244,447,691,ok_volume,0.074,3803,3278,7081,ok_volume,0,0,0,19012,6538,25550
1769886072,19,80,0,18,156,174,low_activity,-0.623,140,603,743,ok_volume,0.053,3821,3434,7255,ok_volume,18,156,174,19030,6694,25724
1769886073,19,80,0.634,1099,246,1345,ok_volume,0.551,1110,321,1431,ok_volume,0.164,4902,3524,8426,ok_volume,1081,90,1171,20111,6784,26895
1769886074,19,80,0.656,1185,246,1431,ok_volume,0.656,1185,246,1431,ok_volume,0.172,4988,3524,8512,ok_volume,86,0,86,20206,6743,26949
1769886075,19,80,0.897,1666,90,1756,ok_volume,0.745,1684,246,1930,ok_volume,0.196,5241,3524,8765,ok_volume,499,0,499,20705,6676,27381
1769886076,19,80,0.957,585,13,598,ok_volume,0.733,1684,259,1943,ok_volume,0.194,5241,3537,8778,ok_volume,0,0,0,20705,6689,27394
1769886077,19,80,0.953,537,13,550,ok_volume,0.886,1704,103,1807,ok_volume,0.195,5232,3527,8759,ok_volume,40,0,40,20740,6670,27410
1769886078,19,79,0,95,0,95,low_activity,0.962,680,13,693,ok_volume,0.2,5289,3527,8816,ok_volume,57,0,57,20797,6640,27437
1769886079,19,79,-0.008,362,368,730,ok_volume,0.386,861,381,1242,ok_volume,0.176,5556,3895,9451,ok_volume,267,368,635,20538,7008,27546
1769886080,19,79,-0.064,324,368,692,ok_volume,-0.008,362,368,730,ok_volume,0.168,5464,3895,9359,ok_volume,0,0,0,20400,6906,27306
1769886081,19,79,0.322,718,368,1086,ok_volume,0.377,813,368,1181,ok_volume,0.167,5462,3895,9357,ok_volume,451,0,451,20587,6892,27479
1769886082,19,79,0,451,0,451,low_activity,0.356,775,368,1143,ok_volume,0.167,5462,3895,9357,ok_volume,0,0,0,20587,6892,27479
1769886083,19,79,0,542,0,542,low_activity,0.375,809,368,1177,ok_volume,0.18,5553,3858,9411,ok_volume,93,0,93,20630,6892,27522
1769886084,19,79,1.0,615,0,615,ok_volume,1.0,1066,0,1066,ok_volume,0.222,6054,3858,9912,ok_volume,525,0,525,20588,6892,27480
1769886085,19,79,1.0,615,0,615,ok_volume,1.0,1066,0,1066,ok_volume,0.699,6054,1074,7128,ok_volume,0,0,0,20493,6892,27385
1769886086,19,79,0.858,524,40,564,ok_volume,0.878,615,40,655,ok_volume,0.689,6054,1114,7168,ok_volume,0,40,40,20493,6932,27425
1769886087,19,79,0,90,540,630,low_activity,0.133,705,540,1245,ok_volume,0.584,6144,1614,7758,ok_volume,90,500,590,16402,7432,23834
1769886088,20,79,-0.731,90,579,669,ok_volume,0.029,614,579,1193,ok_volume,0.565,5946,1653,7599,ok_volume,0,46,46,16069,7478,23547
1769886089,19,79,0.841,9110,787,9897,ok_volume,0.834,9110,827,9937,ok_volume,0.772,14739,1901,16640,ok_volume,8,250,258,24884,6425,31309
1769886090,19,79,0.936,9020,297,9317,ok_volume,0.832,9110,837,9947,ok_volume,0.77,14716,1911,16627,ok_volume,0,10,10,24794,6387,31181
1769886091,19,79,-0.89,44,758,802,ok_volume,0.752,9154,1297,10451,ok_volume,0.718,14681,2411,17092,ok_volume,53,500,553,24727,6887,31614
1769886092,19,79,0.283,913,510,1423,ok_volume,0.851,9933,797,10730,ok_volume,0.73,15450,2411,17861,ok_volume,872,0,872,25014,6887,31901
1769886093,19,79,0.731,3214,500,3714,ok_volume,0.618,3214,758,3972,ok_volume,0.74,16138,2411,18549,ok_volume,2315,0,2315,27108,6881,33989
1769886094,19,79,1.0,14170,0,14170,ok_volume,0.931,14214,510,14724,ok_volume,0.835,26763,2411,29174,ok_volume,11009,0,11009,37298,6781,44079
1769886095,19,79,0,13301,0,13301,low_activity,0.932,14214,500,14714,ok_volume,0.834,26713,2411,29124,ok_volume,0,0,0,37225,6781,44006
1769886096,19,79,0,11011,20,11031,low_activity,0.997,14181,20,14201,ok_volume,0.833,26691,2431,29122,ok_volume,11,20,31,35686,6801,42487
1769886097,19,79,0.895,361,20,381,ok_volume,0.997,13662,20,13682,ok_volume,0.834,26919,2431,29350,ok_volume,361,0,361,30716,5497,36213
1769886098,19,79,0.92,478,20,498,ok_volume,0.997,11478,20,11498,ok_volume,0.858,26925,2059,28984,ok_volume,118,0,118,30831,5497,36328
1769886099,20,79,1.0,1026,0,1026,ok_volume,0.962,1037,20,1057,ok_volume,0.865,27473,1984,29457,ok_volume,559,0,559,31390,5464,36854
1769886100,20,79,1.0,1058,0,1058,ok_volume,0.972,1419,20,1439,ok_volume,0.867,27855,1984,29839,ok_volume,369,0,369,31763,5434,37197
1769886101,20,79,1.0,941,0,941,ok_volume,1.0,1408,0,1408,ok_volume,0.867,27855,1984,29839,ok_volume,0,0,0,31757,5276,37033
1769886102,20,79,1.0,1384,0,1384,ok_volume,1.0,2073,0,2073,ok_volume,0.881,28852,1828,30680,ok_volume,116,0,116,32776,5276,38052
1769886103,20,79,0,1873,0,1873,low_activity,1.0,2814,0,2814,ok_volume,0.886,28629,1738,30367,ok_volume,858,0,858,33634,5276,38910
1769886104,20,79,0.947,1107,30,1137,ok_volume,0.975,2379,30,2409,ok_volume,0.884,28680,1768,30448,ok_volume,142,30,172,33776,5306,39082
1769886105,20,79,0.924,1038,41,1079,ok_volume,0.961,2053,41,2094,ok_volume,0.882,28224,1766,29990,ok_volume,43,11,54,33573,5317,38890
1769886106,20,79,0.985,5423,41,5464,ok_volume,0.987,6393,41,6434,ok_volume,0.9,33467,1766,35233,ok_volume,5247,0,5247,38820,5316,44136
1769886107,19,79,0.949,5486,143,5629,ok_volume,0.948,6481,173,6654,ok_volume,0.893,33629,1898,35527,ok_volume,200,132,332,38971,5438,44409
1769886108,19,79,0.955,5727,132,5859,ok_volume,0.943,5907,173,6080,ok_volume,0.894,33856,1898,35754,ok_volume,284,0,284,39246,5438,44684
1769886109,19,79,0.539,544,163,707,ok_volume,0.942,5830,174,6004,ok_volume,0.911,33649,1561,35210,ok_volume,62,31,93,39308,5469,44777
1769886110,19,79,0.896,563,31,594,ok_volume,0.947,6006,163,6169,ok_volume,0.912,33868,1561,35429,ok_volume,129,0,129,39435,5469,44904
1769886111,19,79,0.8,279,31,310,ok_volume,0.648,763,163,926,ok_volume,0.911,33417,1561,34978,ok_volume,0,0,0,38982,5469,44451
1769886112,19,79,0,381,0,381,low_activity,0.927,815,31,846,ok_volume,0.911,33669,1561,35230,ok_volume,252,0,252,39232,5466,44698
1769886113,19,80,0,469,0,469,low_activity,0.92,748,31,779,ok_volume,0.912,33795,1561,35356,ok_volume,217,0,217,39449,5429,44878
1769886114,19,79,0.179,2282,1588,3870,ok_volume,0.206,2411,1588,3999,ok_volume,0.835,35084,3149,38233,ok_volume,1813,1588,3401,41239,7017,48256
1769886115,19,80,0.146,2132,1588,3720,ok_volume,0.2,2384,1588,3972,ok_volume,0.836,35186,3149,38335,ok_volume,107,0,107,41346,4232,45578
1769886116,19,80,0.129,2058,1588,3646,ok_volume,0.228,2527,1588,4115,ok_volume,0.838,35329,3109,38438,ok_volume,143,0,143,41489,4232,45721
1769886117,19,80,0.849,1485,121,1606,ok_volume,0.346,3515,1709,5224,ok_volume,0.861,36479,2730,39209,ok_volume,1201,0,1201,42735,4353,47088
1769886118,19,80,0.839,1383,121,1504,ok_volume,0.317,3298,1709,5007,ok_volume,0.821,27459,2691,30150,ok_volume,0,0,0,42537,4353,46890
1769886119,19,80,1.0,1283,0,1283,ok_volume,0.857,1573,121,1694,ok_volume,0.837,27547,2443,29990,ok_volume,88,0,88,42398,4353,46751
1769886120,19,80,0,171,0,171,low_total_volume,0.856,1554,121,1675,ok_volume,0.838,27630,2433,30063,ok_volume,83,0,83,42458,4353,46811
1769886121,19,80,0,171,0,171,low_total_volume,1.0,1366,0,1366,ok_volume,0.869,27586,1933,29519,ok_volume,0,0,0,42379,4353,46732
1769886122,19,80,0,261,0,261,low_total_volume,1.0,349,0,349,ok_volume,0.866,26895,1933,28828,ok_volume,183,0,183,42462,4353,46815
1769886123,19,80,1.0,396,0,396,ok_volume,1.0,567,0,567,ok_volume,0.855,24812,1933,26745,ok_volume,218,0,218,41056,4353,45409
1769886124,19,80,1.0,671,0,671,ok_volume,1.0,754,0,754,ok_volume,0.759,14087,1933,16020,ok_volume,283,0,283,40964,4353,45317
1769886125,19,80,1.0,587,0,587,ok_volume,1.0,765,0,765,ok_volume,0.76,14181,1933,16114,ok_volume,94,0,94,41004,4353,45357
1769886126,15,84,-0.666,1437,7173,8610,ok_volume,-0.593,1833,7173,9006,ok_volume,0.253,15238,9086,24324,ok_volume,1072,7177,8249,42043,11530,53573
1769886127,14,85,-0.621,1763,7543,9306,ok_volume,-0.54,2256,7543,9799,ok_volume,0.242,15489,9456,24945,ok_volume,601,370,971,42522,11900,54422
1769886128,14,85,-0.401,3228,7543,10771,ok_volume,-0.354,3597,7543,11140,ok_volume,0.283,16931,9456,26387,ok_volume,468,0,468,43970,11528,55498
1769886129,13,85,0.753,2631,370,3001,ok_volume,-0.331,3793,7543,11336,ok_volume,0.281,16830,9456,26286,ok_volume,471,0,471,44430,11453,55883
1769886130,14,85,1.0,939,0,939,ok_volume,-0.342,3699,7543,11242,ok_volume,0.27,16461,9456,25917,ok_volume,0,0,0,44430,11453,55883
1769886131,14,85,1.0,658,0,658,ok_volume,0.768,2818,370,3188,ok_volume,0.25,15745,9456,25201,ok_volume,156,0,156,44617,11453,56070
1769886132,14,85,0,187,0,187,low_activity,1.0,1126,0,1126,ok_volume,0.246,15633,9456,25089,ok_volume,0,0,0,44599,11297,55896
1769886133,14,85,0,187,0,187,low_activity,1.0,689,0,689,ok_volume,0.221,14806,9456,24262,ok_volume,35,0,35,43544,11207,54751
1769886134,14,85,0,101,0,101,low_activity,0,288,0,288,low_total_volume,0.22,14739,9426,24165,ok_volume,35,0,35,43528,11207,54735
1769886135,14,85,0,247,0,247,low_total_volume,1.0,403,0,403,ok_volume,0.224,14842,9415,24257,ok_volume,127,0,127,43184,11194,54378
1769886136,14,85,0,210,0,210,low_total_volume,0,276,0,276,low_total_volume,0.011,9628,9415,19043,ok_volume,29,0,29,43213,11194,54407
1769886137,12,87,0,153,0,153,low_activity,0,276,0,276,low_total_volume,0.008,9428,9283,18711,ok_volume,0,0,0,43173,11194,54367
1769886138,12,87,0.33,962,485,1447,ok_volume,0.404,1143,485,1628,ok_volume,0.016,10077,9768,19845,ok_volume,933,0,933,44049,11679,55728
1769886139,12,87,0.316,933,485,1418,ok_volume,0.383,1086,485,1571,ok_volume,0.01,9927,9737,19664,ok_volume,0,0,0,43782,11311,55093
1769886140,12,87,1.0,1325,0,1325,ok_volume,0.473,1354,485,1839,ok_volume,0.023,10190,9737,19927,ok_volume,392,0,392,44174,11311,55485
1769886141,12,87,0.884,636,39,675,ok_volume,0.499,1569,524,2093,ok_volume,0.033,10434,9776,20210,ok_volume,204,39,243,43967,11350,55317
1769886142,12,87,0.914,863,39,902,ok_volume,0.957,1796,39,1835,ok_volume,0.031,10409,9776,20185,ok_volume,192,0,192,44195,11350,55545
1769886143,13,86,0.906,1400,69,1469,ok_volume,0.927,1832,69,1901,ok_volume,0.065,11161,9806,20967,ok_volume,974,30,1004,45076,11380,56456
1769886144,13,85,0.95,1160,30,1190,ok_volume,0.927,1832,69,1901,ok_volume,0.064,9348,8218,17566,ok_volume,0,0,0,44551,11380,55931
1769886145,13,85,0.975,2415,30,2445,ok_volume,0.953,2846,69,2915,ok_volume,0.131,10692,8218,18910,ok_volume,0,0,0,45997,11380,57377
1769886146,14,85,1.0,5137,0,5137,ok_volume,0.991,6297,30,6327,ok_volume,0.274,14195,8097,22292,ok_volume,3713,0,3713,49710,11340,61050
1769886147,14,84,0.994,3691,12,3703,ok_volume,0.986,6106,42,6148,ok_volume,0.232,13000,8109,21109,ok_volume,7,12,19,49627,10852,60479
1769886148,14,84,0.994,3691,12,3703,ok_volume,0.995,5137,12,5149,ok_volume,0.232,13000,8109,21109,ok_volume,0,0,0,40607,10806,51413
1769886149,15,83,0,0,12,12,low_activity,0.994,3691,12,3703,ok_volume,0.228,12912,8109,21021,ok_volume,0,0,0,40599,10556,51155
1769886150,15,84,0,397,0,397,low_activity,0.994,4088,12,4100,ok_volume,0.24,13226,8109,21335,ok_volume,397,0,397,40996,10546,51542
1769886151,15,84,0.635,774,173,947,ok_volume,0.614,774,185,959,ok_volume,0.243,13603,8282,21885,ok_volume,377,100,477,41320,10219,51539
1769886152,15,84,0.687,934,173,1107,ok_volume,0.687,934,173,1107,ok_volume,0.243,13585,8282,21867,ok_volume,160,0,160,40608,10219,50827
1769886153,15,84,0.774,784,100,884,ok_volume,0.744,1181,173,1354,ok_volume,0.244,13614,8282,21896,ok_volume,258,0,258,38551,10219,48770
1769886154,15,84,0,407,0,407,low_activity,0.744,1181,173,1354,ok_volume,0.234,13339,8282,21621,ok_volume,10,0,10,27552,10219,37771
1769886155,14,84,0.405,550,233,783,ok_volume,0.531,1087,333,1420,ok_volume,0.228,13548,8515,22063,ok_volume,303,233,536,27855,10452,38307
1769886156,14,85,0.246,385,233,618,ok_volume,0.545,792,233,1025,ok_volume,0.807,12562,1342,13904,ok_volume,82,0,82,27926,10432,38358
1769886157,14,85,0.43,585,233,818,ok_volume,0.562,832,233,1065,ok_volume,0.839,11070,972,12042,ok_volume,200,0,200,27765,10432,38197
1769886158,14,85,1.0,344,0,344,ok_volume,0.47,647,233,880,ok_volume,0.833,10664,972,11636,ok_volume,67,0,67,27714,10432,38146
1769886159,14,85,0.791,515,60,575,ok_volume,0.509,900,293,1193,ok_volume,0.82,10446,1032,11478,ok_volume,258,60,318,27400,10492,37892
1769886160,14,85,0.866,835,60,895,ok_volume,0.898,1117,60,1177,ok_volume,0.828,10935,1032,11967,ok_volume,527,0,527,27558,10492,38050
1769886161,14,85,0.943,2043,60,2103,ok_volume,0.949,2305,60,2365,ok_volume,0.842,12049,1032,13081,ok_volume,1270,1,1271,27925,10493,38418
1769886162,14,85,1.0,4526,0,4526,ok_volume,0.976,4841,60,4901,ok_volume,0.87,14785,1032,15817,ok_volume,2745,0,2745,30554,10493,41047
1769886163,14,84,0.937,4849,157,5006,ok_volume,0.926,5622,217,5839,ok_volume,0.858,15562,1189,16751,ok_volume,843,157,1000,30539,10650,41189
1769886164,14,84,0.488,3579,1230,4809,ok_volume,0.627,5369,1230,6599,ok_volume,0.745,15505,2262,17767,ok_volume,0,1073,1073,30397,11693,42090
1769886165,11,88,-0.487,1636,4737,6373,ok_volume,0.087,5642,4737,10379,ok_volume,0.474,16174,5769,21943,ok_volume,798,3513,4311,31152,15195,46347
1769886166,11,88,-0.652,965,4580,5545,ok_volume,-0.021,4544,4737,9281,ok_volume,0.478,16317,5769,22086,ok_volume,184,0,184,26089,15195,41284
1769886167,11,88,0.055,3916,3507,7423,ok_volume,0.002,4759,4737,9496,ok_volume,0.57,19268,5284,24552,ok_volume,2951,0,2951,28840,15063,43903
1769886168,11,88,0.993,5384,19,5403,ok_volume,0.146,6177,4599,10776,ok_volume,0.59,20596,5303,25899,ok_volume,2261,19,2280,30817,15082,45899
1769886169,10,89,0.998,21437,19,21456,ok_volume,0.728,22402,3526,25928,ok_volume,0.748,36821,5303,42124,ok_volume,16067,0,16067,46890,15051,61941
1769886170,10,89,0.957,23287,510,23797,ok_volume,0.962,26410,510,26920,ok_volume,0.753,41190,5794,46984,ok_volume,4642,0,4642,51569,15542,67111
1769886171,10,89,0.955,21130,491,21621,ok_volume,0.962,26500,510,27010,ok_volume,0.755,41212,5755,46967,ok_volume,262,0,262,51831,15542,67373
1769886172,10,89,1.0,5439,0,5439,ok_volume,0.959,24091,510,24601,ok_volume,0.757,41563,5755,47318,ok_volume,542,0,542,52121,15542,67663
1769886173,9,89,0.2,1231,820,2051,ok_volume,0.888,22099,1311,23410,ok_volume,0.725,41021,6545,47566,ok_volume,427,820,1247,52331,16362,68693
1769886174,9,89,0.603,3308,820,4128,ok_volume,0.818,8205,820,9025,ok_volume,0.73,41914,6545,48459,ok_volume,2348,0,2348,52874,14774,67648
1769886175,9,89,0.548,2808,820,3628,ok_volume,0.63,3612,820,4432,ok_volume,0.73,41956,6545,48501,ok_volume,42,0,42,52809,14774,67583
1769886176,8,89,0.73,2398,374,2772,ok_volume,0.476,3367,1194,4561,ok_volume,0.694,38282,6919,45201,ok_volume,17,379,396,52638,15032,67670
1769886177,8,89,-0.444,144,374,518,ok_volume,0.418,2910,1194,4104,ok_volume,0.695,38367,6907,45274,ok_volume,85,0,85,51522,15032,66554
1769886178,8,89,-0.156,273,374,647,ok_volume,0.753,2654,374,3028,ok_volume,0.696,38538,6907,45445,ok_volume,171,0,171,51693,15032,66725
1769886179,10,89,0,256,0,256,low_activity,-0.086,315,374,689,ok_volume,0.696,38538,6907,45445,ok_volume,0,0,0,51605,15032,66637
1769886180,10,89,0,171,528,699,low_activity,-0.535,273,902,1175,ok_volume,0.676,38141,7362,45503,ok_volume,0,528,528,51522,15560,67082
1769886181,10,89,0,0,1439,1439,low_activity,-0.698,256,1439,1695,ok_volume,0.644,37764,8173,45937,ok_volume,0,911,911,51522,16471,67993
1769886182,10,89,-0.791,367,3142,3509,ok_volume,-0.708,538,3142,3680,ok_volume,0.587,37971,9876,47847,ok_volume,367,1703,2070,51704,18174,69878
1769886183,10,89,-0.082,2229,2628,4857,ok_volume,-0.172,2229,3156,5385,ok_volume,0.6,39586,9890,49476,ok_volume,1787,14,1801,53348,18188,71536
1769886184,10,89,0.134,2400,1833,4233,ok_volume,-0.154,2400,3272,5672,ok_volume,0.598,39757,10006,49763,ok_volume,171,116,287,53236,18304,71540
1769886185,10,89,-0.525,2059,6614,8673,ok_volume,-0.574,2501,9228,11729,ok_volume,0.417,39555,16257,55812,ok_volume,101,6484,6585,53243,24788,78031
1769886186,10,89,-0.897,357,6600,6957,ok_volume,-0.526,2586,8317,10903,ok_volume,0.417,39558,16257,55815,ok_volume,85,0,85,52256,17611,69867
1769886187,10,89,-0.739,974,6484,7458,ok_volume,-0.386,2932,6614,9546,ok_volume,0.424,40146,16257,56403,ok_volume,795,0,795,51359,17241,68600
1769886188,10,89,0.961,1003,20,1023,ok_volume,-0.677,1275,6620,7895,ok_volume,0.424,40214,16277,56491,ok_volume,131,25,156,51022,17266,68288
1769886189,10,89,0.866,971,70,1041,ok_volume,-0.7,1157,6554,7711,ok_volume,0.422,40014,16267,56281,ok_volume,53,50,103,50604,17316,67920
1769886190,10,89,0.985,20801,160,20961,ok_volume,0.985,21674,160,21834,ok_volume,0.572,60112,16357,76469,ok_volume,20633,90,20723,71206,17406,88612
1769886191,10,89,0.93,21585,788,22373,ok_volume,0.931,22503,808,23311,ok_volume,0.557,59756,17005,76761,ok_volume,921,648,1569,71971,18054,90025
1769886192,10,89,0.548,22507,6581,29088,ok_volume,0.547,22690,6651,29341,ok_volume,0.435,57995,22848,80843,ok_volume,975,5846,6821,72946,23900,96846
1769886193,10,89,-0.556,1889,6620,8509,ok_volume,0.539,22560,6760,29320,ok_volume,0.429,57152,22820,79972,ok_volume,0,129,129,72876,24029,96905
1769886194,10,89,-0.704,1128,6485,7613,ok_volume,0.517,22660,7223,29883,ok_volume,0.44,57305,22260,79565,ok_volume,157,514,671,72970,24543,97513
1769886195,10,89,0.126,1237,960,2197,ok_volume,-0.409,3126,7451,10577,ok_volume,0.502,57596,19071,76667,ok_volume,1092,318,1410,73935,24861,98796
1769886196,10,89,0.13,1348,1037,2385,ok_volume,-0.502,2323,7009,9332,ok_volume,0.498,57535,19277,76812,ok_volume,111,206,317,74017,25067,99084
1769886197,10,89,-0.475,1824,5123,6947,ok_volume,-0.489,1977,5765,7742,ok_volume,0.396,55213,23876,79089,ok_volume,643,4599,5242,74660,29181,103841
1769886198,7,90,-0.74,2760,18485,21245,ok_volume,-0.657,3997,19316,23313,ok_volume,0.187,54814,37537,92351,ok_volume,2026,13681,15707,75753,42862,118615
1769886199,8,89,-0.729,2862,18279,21141,ok_volume,-0.645,4057,18803,22860,ok_volume,0.023,38794,37046,75840,ok_volume,213,0,213,75966,42862,118828
1769886200,9,89,-0.796,2271,19962,22233,ok_volume,-0.783,3011,24767,27778,ok_volume,-0.118,34197,43328,77525,ok_volume,38,6287,6325,75572,49149,124721
1769886201,10,89,-0.785,774,6424,7198,ok_volume,-0.757,3423,24703,28126,ok_volume,-0.116,34458,43470,77928,ok_volume,524,142,666,75856,49252,125108
1769886202,10,89,-0.777,807,6424,7231,ok_volume,-0.737,3040,20104,23144,ok_volume,-0.12,34162,43470,77632,ok_volume,246,0,246,75910,49252,125162
1769886203,10,89,-0.68,1047,5499,6546,ok_volume,-0.802,1298,11781,13079,ok_volume,-0.171,34013,48007,82020,ok_volume,278,5357,5635,75214,54579,129793
1769886204,10,89,-0.791,829,7097,7926,ok_volume,-0.814,1390,13521,14911,ok_volume,-0.217,31979,49747,81726,ok_volume,305,1740,2045,74073,56319,130392
1769886205,10,89,-0.748,1134,7871,9005,ok_volume,-0.616,1903,8013,9916,ok_volume,-0.217,32488,50521,83009,ok_volume,559,774,1333,74632,57093,131725
1769886206,9,89,-0.789,1132,9581,10713,ok_volume,-0.8,1656,14938,16594,ok_volume,-0.272,32747,57214,89961,ok_volume,280,7068,7348,71199,64161,135360
1769886207,10,89,-0.746,1211,8343,9554,ok_volume,-0.792,1794,15440,17234,ok_volume,-0.272,33046,57716,90762,ok_volume,388,502,890,71580,64651,136231
1769886208,10,89,-0.747,1096,7569,8665,ok_volume,-0.676,1952,10083,12035,ok_volume,-0.268,33311,57716,91027,ok_volume,444,0,444,72024,64651,136675
1769886209,10,89,0.17,930,660,1590,ok_volume,-0.657,1757,8501,10258,ok_volume,-0.268,33421,57874,91295,ok_volume,114,158,272,72138,64809,136947
1769886210,10,89,0.503,717,237,954,ok_volume,-0.7,1377,7806,9183,ok_volume,-0.262,33592,57425,91017,ok_volume,0,79,79,71912,64815,136727
1769886211,10,89,-0.131,319,415,734,ok_volume,0.108,1139,917,2056,ok_volume,-0.255,33630,56692,90322,ok_volume,51,178,229,71586,64893,136479
1769886212,9,89,-0.876,550,8346,8896,ok_volume,-0.741,1267,8504,9771,ok_volume,-0.304,33700,63078,96778,ok_volume,512,8089,8601,71938,72982,144920
1769886213,9,90,-0.866,592,8267,8859,ok_volume,-0.814,873,8504,9377,ok_volume,-0.327,31955,63064,95019,ok_volume,2,7,9,71724,72989,144713
1769886214,9,89,-0.578,2181,8165,10346,ok_volume,-0.583,2219,8422,10641,ok_volume,-0.307,33411,63024,96435,ok_volume,1585,76,1661,73341,73065,146406
1769886215,9,90,0.692,1627,296,1923,ok_volume,-0.588,2219,8563,10782,ok_volume,-0.26,33310,56760,90070,ok_volume,0,220,220,73038,73052,146090
1769886216,9,90,-0.903,1585,31225,32810,ok_volume,-0.895,2181,39314,41495,ok_volume,-0.45,33225,87689,120914,ok_volume,0,30930,30930,72956,103982,176938
1769886217,9,89,-0.995,100,39508,39608,ok_volume,-0.916,1727,39584,41311,ok_volume,-0.494,32537,96048,128585,ok_volume,100,8359,8459,72856,112341,185197
1769886218,10,89,-0.995,100,40519,40619,ok_volume,-0.921,1685,40815,42500,ok_volume,-0.5,32407,97259,129666,ok_volume,0,1236,1236,72789,113577,186366
1769886219,10,89,-0.901,539,10377,10916,ok_volume,-0.974,539,41526,42065,ok_volume,-0.499,32793,97996,130789,ok_volume,439,787,1226,72970,114304,187274
1769886220,10,89,-0.421,823,2018,2841,ok_volume,-0.956,923,41306,42229,ok_volume,-0.773,12559,97906,110465,ok_volume,393,0,393,72836,114304,187140
1769886221,10,89,0.071,1123,975,2098,ok_volume,-0.793,1223,10565,11788,ok_volume,-0.782,11945,97446,109391,ok_volume,300,188,488,71866,114491,186357
1769886222,10,89,0.049,734,666,1400,ok_volume,-0.392,1173,2684,3857,ok_volume,-0.786,11020,92081,103101,ok_volume,67,483,550,69188,114974,184162
1769886223,10,89,-0.095,550,666,1216,ok_volume,-0.028,1373,1453,2826,ok_volume,-0.782,11220,91952,103172,ok_volume,200,0,200,68545,114817,183362
1769886224,10,89,-0.331,250,497,747,ok_volume,0.154,934,685,1619,ok_volume,-0.784,11067,91458,102525,ok_volume,0,19,19,68545,113763,182308
1769886225,10,89,0,230,63,293,low_total_volume,-0.114,580,729,1309,ok_volume,-0.802,10013,91184,101197,ok_volume,30,53,83,67777,110303,178080
1769886226,10,89,-0.804,170,1563,1733,ok_volume,-0.659,420,2041,2461,ok_volume,-0.804,10042,92478,102520,ok_volume,141,1500,1641,67734,111803,179537
1769886227,10,89,-0.784,187,1544,1731,ok_volume,-0.603,387,1563,1950,ok_volume,-0.806,9430,87879,97309,ok_volume,17,0,17,64800,111803,176603
1769886228,10,89,-0.515,512,1600,2112,ok_volume,-0.508,542,1663,2205,ok_volume,-0.811,7765,74299,82064,ok_volume,355,100,455,62736,111884,174620
1769886229,10,89,0.634,514,115,629,ok_volume,-0.416,684,1659,2343,ok_volume,-0.812,7694,74314,82008,ok_volume,142,22,164,46645,111415,158060
1769886230,10,89,-0.333,665,1328,1993,ok_volume,-0.55,822,2828,3650,ok_volume,-0.797,7824,69245,77069,ok_volume,168,431,599,42171,112631,154802
1769886231,9,90,-0.905,310,6229,6539,ok_volume,-0.805,682,6329,7011,ok_volume,-0.821,7301,74104,81405,ok_volume,0,5001,5001,41909,117632,159541
1769886232,9,90,-0.94,168,5429,5597,ok_volume,-0.81,665,6329,6994,ok_volume,-0.826,7055,74104,81159,ok_volume,0,0,0,41367,117632,158999
1769886233,9,90,-0.642,1089,5001,6090,ok_volume,-0.633,1399,6229,7628,ok_volume,-0.795,7866,68747,76613,ok_volume,1089,0,1089,42021,116812,158833
1769886234,9,90,0.955,1566,36,1602,ok_volume,-0.518,1734,5465,7199,ok_volume,-0.786,8038,67043,75081,ok_volume,439,36,475,40159,116848,157007
1769886235,9,90,0.956,2976,67,3043,ok_volume,-0.26,2976,5068,8044,ok_volume,-0.763,8897,66300,75197,ok_volume,1410,31,1441,41527,116879,158406
1769886236,9,90,0.769,6581,861,7442,ok_volume,0.799,7717,861,8578,ok_volume,-0.636,13362,60027,73389,ok_volume,4751,25,4776,46261,117294,163555
1769886237,9,90,0.746,6151,893,7044,ok_volume,0.785,7717,929,8646,ok_volume,-0.642,12978,59593,72571,ok_volume,0,0,0,46176,117362,163538
1769886238,9,90,0.858,4926,377,5303,ok_volume,0.696,6766,1213,7979,ok_volume,-0.649,12727,59877,72604,ok_volume,194,284,478,46199,117646,163845
1769886239,9,90,0.081,1143,971,2114,ok_volume,0.593,7294,1864,9158,ok_volume,-0.637,13404,60406,73810,ok_volume,940,687,1627,47157,118333,165490
1769886240,9,90,-0.138,1392,1837,3229,ok_volume,0.521,6133,1930,8063,ok_volume,-0.635,13653,61193,74846,ok_volume,249,874,1123,47406,118679,166085
1769886241,9,90,-0.761,1333,9815,11148,ok_volume,-0.736,1536,10099,11635,ok_volume,-0.669,13759,69277,83036,ok_volume,144,8262,8406,47550,126030,173580
1769886242,9,90,-0.871,628,9128,9756,ok_volume,-0.702,1771,10099,11870,ok_volume,-0.64,13440,61188,74628,ok_volume,244,9,253,47352,124336,171688
1769886243,9,90,-0.911,429,9163,9592,ok_volume,-0.738,1618,10716,12334,ok_volume,-0.644,13448,62089,75537,ok_volume,50,901,951,45615,125223,170838
1769886244,9,90,-0.036,839,901,1740,ok_volume,-0.781,1232,10029,11261,ok_volume,-0.666,12417,62013,74430,ok_volume,555,0,555,45999,125107,171106
1769886245,9,90,-0.092,879,1057,1936,ok_volume,-0.762,1258,9319,10577,ok_volume,-0.66,12692,61949,74641,ok_volume,275,156,431,46173,118779,164952
1769886246,9,90,0.299,2829,1528,4357,ok_volume,0.124,3114,2429,5543,ok_volume,-0.376,14692,32392,47084,ok_volume,2004,1372,3376,48092,120151,168243
1769886247,9,90,0.197,2311,1550,3861,ok_volume,0.086,2915,2451,5366,ok_volume,-0.244,14628,24055,38683,ok_volume,36,22,58,47333,120173,167506
1769886248,9,90,0.274,2986,1702,4688,ok_volume,0.345,3815,1858,5673,ok_volume,-0.195,15578,23132,38710,ok_volume,952,308,1260,48154,120456,168610
1769886249,9,90,0.343,1127,551,1678,ok_volume,0.241,3402,2079,5481,ok_volume,-0.193,15280,22566,37846,ok_volume,146,221,367,48247,120627,168874
1769886250,9,90,0.259,1183,696,1879,ok_volume,0.213,3219,2090,5309,ok_volume,-0.205,14988,22733,37721,ok_volume,92,167,259,27706,120704,148410
1769886251,9,90,0.085,460,388,848,ok_volume,0.336,1446,718,2164,ok_volume,-0.204,14915,22545,37460,ok_volume,227,0,227,27012,120056,147068
1769886252,9,90,0.714,999,167,1166,ok_volume,0.5,2090,696,2786,ok_volume,-0.173,15545,22067,37612,ok_volume,680,0,680,26717,114210,140927
1769886253,9,90,1.0,1178,0,1178,ok_volume,0.569,1411,388,1799,ok_volume,-0.171,15616,22067,37683,ok_volume,231,0,231,26989,114081,141070
1769886254,9,90,0.12,1278,1005,2283,ok_volume,0.153,1597,1172,2769,ok_volume,-0.182,15943,23053,38996,ok_volume,327,1005,1332,27159,114572,141731
1769886255,9,90,-0.372,557,1217,1774,ok_volume,0.106,1505,1217,2722,ok_volume,-0.187,15913,23221,39134,ok_volume,0,213,213,26067,114467,140534
1769886256,9,90,-0.551,442,1525,1967,ok_volume,-0.045,1393,1525,2918,ok_volume,-0.162,15888,22029,37917,ok_volume,115,310,425,26071,114571,140642
1769886257,9,90,-0.868,125,1767,1892,ok_volume,-0.605,682,2772,3454,ok_volume,-0.189,15881,23276,39157,ok_volume,18,1247,1265,25446,111219,136665
1769886258,9,90,-0.832,172,1876,2048,ok_volume,-0.722,499,3093,3592,ok_volume,-0.203,15573,23497,39070,ok_volume,47,321,368,23467,97859,121326
1769886259,9,90,-0.32,807,1568,2375,ok_volume,-0.387,922,2088,3010,ok_volume,-0.168,16181,22697,38878,ok_volume,750,0,750,24004,97859,121863
1769886260,9,90,0.463,1038,381,1419,ok_volume,-0.249,1163,1936,3099,ok_volume,-0.157,16254,22329,38583,ok_volume,241,65,306,24207,91637,115844
1769886261,9,90,0.624,2320,538,2858,ok_volume,0.06,2377,2106,4483,ok_volume,-0.006,17583,17806,35389,ok_volume,1338,478,1816,25021,91973,116994
1769886262,9,90,0.607,2202,538,2740,ok_volume,0.555,2999,859,3858,ok_volume,0.011,18215,17806,36021,ok_volume,632,0,632,25407,91973,117380
1769886263,9,90,0.621,2044,478,2522,ok_volume,0.699,3035,538,3573,ok_volume,-0.018,17162,17806,34968,ok_volume,83,0,83,25212,86616,111828
1769886264,9,90,0.941,894,27,921,ok_volume,0.627,2464,565,3029,ok_volume,-0.026,16911,17797,34708,ok_volume,188,27,215,25095,84903,109998
1769886265,9,90,0.61,694,168,862,ok_volume,0.609,2655,646,3301,ok_volume,-0.036,15933,17138,33071,ok_volume,432,141,573,24968,84270,109238
1769886266,9,90,0.6,673,168,841,ok_volume,0.784,1388,168,1556,ok_volume,-0.205,11254,17045,28299,ok_volume,62,0,62,24750,77202,101952
1769886267,9,90,0.515,494,158,652,ok_volume,0.607,756,185,941,ok_volume,-0.205,11254,17062,28316,ok_volume,0,17,17,24362,76717,101079
1769886268,9,90,-0.46,85,230,315,ok_volume,0.272,696,398,1094,ok_volume,-0.211,11074,16991,28065,ok_volume,23,213,236,23941,76930,100871
1769886269,9,90,0.659,1324,272,1596,ok_volume,0.63,1818,413,2231,ok_volume,-0.177,11435,16346,27781,ok_volume,1301,42,1343,24957,76814,101771
1769886270,9,90,0.689,1386,255,1641,ok_volume,0.684,1448,272,1720,ok_volume,-0.158,11248,15480,26728,ok_volume,12,0,12,25019,76735,101754
1769886271,9,90,0.943,1428,42,1470,ok_volume,0.684,1451,272,1723,ok_volume,0.215,11169,7218,18387,ok_volume,65,1,66,25033,76558,101591
1769886272,9,90,-0.955,77,3353,3430,ok_volume,-0.426,1451,3608,5059,ok_volume,0.017,10934,10571,21505,ok_volume,0,3353,3353,24479,71822,96301
1769886273,9,90,-0.612,806,3353,4159,ok_volume,-0.22,2169,3395,5564,ok_volume,0.092,11625,9670,21295,ok_volume,748,0,748,25183,71815,96998
1769886274,9,90,-0.486,1201,3469,4670,ok_volume,-0.462,1278,3469,4747,ok_volume,0.082,11531,9786,21317,ok_volume,460,116,576,24058,71855,95913
1769886275,9,90,0.67,1201,237,1438,ok_volume,-0.479,1266,3590,4856,ok_volume,0.072,11256,9751,21007,ok_volume,0,121,121,24058,71756,95814
1769886276,9,90,0.146,510,380,890,ok_volume,-0.498,1251,3733,4984,ok_volume,0.044,9306,8522,17828,ok_volume,0,143,143,24108,40969,65077
1769886277,9,90,0.907,10050,489,10539,ok_volume,0.898,11251,605,11856,ok_volume,0.377,19270,8725,27995,ok_volume,10001,225,10226,34009,32835,66844
1769886278,9,90,0.859,10101,768,10869,ok_volume,0.827,10611,1005,11616,ok_volume,0.353,18421,8817,27238,ok_volume,101,409,510,34110,32008,66118
1769886279,9,90,0.886,10297,625,10922,ok_volume,0.842,10347,889,11236,ok_volume,0.365,18476,8596,27072,ok_volume,196,0,196,33867,31221,65088
1769886280,9,90,-0.379,367,815,1182,ok_volume,0.795,10367,1183,11550,ok_volume,0.352,18454,8844,27298,ok_volume,70,215,285,33544,31636,65180
1769886281,9,90,0.692,2382,433,2815,ok_volume,0.844,12483,1058,13541,ok_volume,0.393,20343,8862,29205,ok_volume,2116,18,2134,35360,31466,66826
1769886282,9,90,0.738,2374,358,2732,ok_volume,0.472,2671,958,3629,ok_volume,0.376,19810,8987,28797,ok_volume,188,125,313,35481,31108,66589
1769886283,9,90,-0.623,2361,10164,12525,ok_volume,-0.602,2627,10579,13206,ok_volume,0.016,19637,19008,38645,ok_volume,57,10021,10078,35338,41129,76467
1769886284,9,90,-0.882,637,10146,10783,ok_volume,-0.572,2823,10379,13202,ok_volume,0.045,19702,18003,37705,ok_volume,392,0,392,35730,41110,76840
1769886285,9,90,-0.739,1577,10521,12098,ok_volume,-0.466,3881,10664,14545,ok_volume,0.065,20830,18291,39121,ok_volume,1128,500,1628,36828,41557,78385
1769886286,9,90,0.953,20929,500,21429,ok_volume,0.331,21174,10646,31820,ok_volume,0.381,40124,17983,58107,ok_volume,19365,0,19365,56096,40057,96153
1769886287,9,90,0.907,20547,1000,21547,ok_volume,0.312,20996,11021,32017,ok_volume,0.399,40124,17236,57360,ok_volume,10,500,510,56089,40557,96646
1769886288,9,90,0.95,19485,500,19985,ok_volume,0.909,21049,1000,22049,ok_volume,0.408,40187,16915,57102,ok_volume,110,3,113,55844,40460,96304
1769886289,9,90,-0.37,230,500,730,ok_volume,0.908,20767,1000,21767,ok_volume,0.401,39547,16915,56462,ok_volume,110,0,110,55812,39653,95465
1769886290,9,90,0.67,314,62,376,ok_volume,0.944,19689,562,20251,ok_volume,0.399,39400,16917,56317,ok_volume,94,62,156,55738,39284,95022
1769886291,9,90,0.849,757,62,819,ok_volume,0.219,877,562,1439,ok_volume,0.403,38624,16439,55063,ok_volume,553,0,553,56291,34283,90574
1769886292,9,90,0.732,647,100,747,ok_volume,0.793,867,100,967,ok_volume,0.395,37992,16477,54469,ok_volume,0,38,38,56291,34321,90612
1769886293,9,90,0,567,55,622,low_activity,0.736,771,117,888,ok_volume,0.394,37923,16494,54417,ok_volume,14,17,31,55169,34338,89507
1769886294,9,90,0,144,55,199,low_total_volume,0.742,791,117,908,ok_volume,0.394,37874,16467,54341,ok_volume,133,0,133,54863,34302,89165
1769886295,9,90,0.924,3429,136,3565,ok_volume,0.916,3982,174,4156,ok_volume,0.425,40727,16445,57172,ok_volume,3285,119,3404,56738,33621,90359
1769886296,9,90,0.941,7982,243,8225,ok_volume,0.928,7996,298,8294,ok_volume,0.464,45232,16569,61801,ok_volume,4567,124,4691,56554,33652,90206
1769886297,9,90,0.942,8086,243,8329,ok_volume,0.939,8230,260,8490,ok_volume,0.466,45466,16552,62018,ok_volume,234,0,234,56788,33652,90440
1769886298,9,90,0.951,4894,124,5018,ok_volume,0.943,8309,243,8552,ok_volume,0.472,45536,16339,61875,ok_volume,93,0,93,56669,33368,90037
1769886299,9,90,1.0,1106,0,1106,ok_volume,0.947,8958,243,9201,ok_volume,0.468,44964,16297,61261,ok_volume,779,2,781,56508,32683,89191
1769886300,9,90,-0.859,872,11460,12332,ok_volume,-0.343,5673,11584,17257,ok_volume,0.236,44952,27757,72709,ok_volume,0,11460,11460,56259,43269,99528
1769886301,9,90,-0.873,779,11497,12276,ok_volume,-0.824,1106,11497,12603,ok_volume,0.235,44887,27794,72681,ok_volume,0,37,37,56115,35044,91159
1769886302,9,90,-1.0,0,20351,20351,ok_volume,-0.918,872,20351,21223,ok_volume,0.148,44887,33295,78182,ok_volume,3,8854,8857,55874,43889,99763
1769886303,9,89,-0.896,496,9018,9514,ok_volume,-0.883,1275,20478,21753,ok_volume,0.144,44642,33422,78064,ok_volume,263,127,390,56337,43115,99452
1769886304,9,89,-0.896,496,9007,9503,ok_volume,-0.953,496,20504,21000,ok_volume,0.14,44182,33332,77514,ok_volume,0,26,26,55782,43141,98923
1769886305,9,89,-0.586,246,943,1189,ok_volume,-0.904,496,9834,10330,ok_volume,0.13,44132,34001,78133,ok_volume,0,790,790,55507,43775,99282
1769886306,9,89,0.16,1127,816,1943,ok_volume,-0.716,1623,9797,11420,ok_volume,0.144,45259,33858,79117,ok_volume,1127,0,1127,54630,42403,97033
1769886307,9,89,0.367,1890,876,2766,ok_volume,0.35,2136,1029,3165,ok_volume,0.033,36022,33719,69741,ok_volume,769,86,855,55363,42467,97830
1769886308,9,89,0.779,1975,245,2220,ok_volume,0.301,1975,1061,3036,ok_volume,0.036,36006,33478,69484,ok_volume,85,0,85,54496,42318,96814
1769886309,9,89,0.552,848,245,1093,ok_volume,0.312,1975,1035,3010,ok_volume,0.037,35810,33278,69088,ok_volume,0,0,0,54350,42097,96447
1769886310,9,89,0,85,0,85,low_activity,0.779,1975,245,2220,ok_volume,0.039,35740,33063,68803,ok_volume,8,0,8,54266,41930,96196
1769886311,9,89,0,8557,296,8853,low_activity,0.891,9405,541,9946,ok_volume,0.117,42181,33341,75522,ok_volume,8565,304,8869,62604,42234,104838
1769886312,9,90,0.904,8557,430,8987,ok_volume,0.905,8642,430,9072,ok_volume,0.115,41993,33350,75343,ok_volume,0,134,134,61883,42368,104251
1769886313,9,90,0.851,8557,689,9246,ok_volume,0.851,8557,689,9246,ok_volume,0.28,41936,23588,65524,ok_volume,0,259,259,61652,42627,104279
1769886314,9,89,0.036,442,411,853,ok_volume,0.854,8999,707,9706,ok_volume,0.28,41986,23606,65592,ok_volume,452,0,452,61777,41640,103417
1769886315,9,89,0.397,642,277,919,ok_volume,0.857,9199,707,9906,ok_volume,0.279,41014,23106,64120,ok_volume,0,0,0,61977,41427,103404
1769886316,10,89,0.357,642,304,946,ok_volume,-0.054,642,715,1357,ok_volume,-0.039,21649,23410,45059,ok_volume,0,304,304,61862,41421,103283
1769886317,10,89,0,17,726,743,low_activity,-0.207,659,1003,1662,ok_volume,-0.037,21656,23332,44988,ok_volume,17,422,439,61861,40596,102457
1769886318,9,89,-0.765,193,1453,1646,ok_volume,-0.27,835,1453,2288,ok_volume,-0.051,21722,24059,45781,ok_volume,176,727,903,61990,41002,102992
1769886319,9,89,-0.724,193,1206,1399,ok_volume,-0.773,193,1510,1703,ok_volume,-0.055,21612,24116,45728,ok_volume,0,60,60,61240,41062,102302
1769886320,9,89,0,176,784,960,low_activity,-0.773,193,1510,1703,ok_volume,-0.056,21518,24054,45572,ok_volume,0,0,0,60999,40997,101996
1769886321,9,89,0,527,57,584,low_activity,-0.252,720,1206,1926,ok_volume,-0.056,21492,24054,45546,ok_volume,527,0,527,60188,40519,100707
1769886322,9,89,0,527,0,527,low_activity,-0.054,703,784,1487,ok_volume,-0.055,21492,24016,45508,ok_volume,0,0,0,59556,40519,100075
1769886323,9,89,0,527,0,527,low_activity,0,527,57,584,low_activity,-0.055,21478,23999,45477,ok_volume,0,0,0,59473,40519,99992
1769886324,9,89,0,0,0,0,no_volume,0,527,0,527,low_activity,-0.058,21348,23999,45347,ok_volume,0,0,0,59285,40492,99777
1769886325,9,89,0,127,0,127,low_activity,1.0,654,0,654,ok_volume,-0.135,18190,23880,42070,ok_volume,85,0,85,58980,40351,99331
1769886326,9,89,0,127,0,127,low_activity,0,127,0,127,low_activity,-0.271,13623,23756,37379,ok_volume,0,0,0,58918,40351,99269
1769886327,9,89,0.845,1883,158,2041,ok_volume,0.848,1925,158,2083,ok_volume,-0.223,15187,23914,39101,ok_volume,1799,158,1957,60717,40492,101209
1769886328,9,89,0.85,1953,158,2111,ok_volume,0.859,2080,158,2238,ok_volume,-0.221,15249,23914,39163,ok_volume,162,3,165,60856,40282,101138
1769886329,9,89,0.854,2012,158,2170,ok_volume,0.86,2097,158,2255,ok_volume,-0.244,14529,23914,38443,ok_volume,8,0,8,59572,40240,99812
1769886330,9,89,0,214,0,214,low_activity,0.854,2012,158,2170,ok_volume,0.077,14529,12454,26983,ok_volume,0,0,0,59560,40240,99800
1769886331,9,89,0,1197,0,1197,low_activity,0.906,3209,158,3367,ok_volume,0.118,15726,12417,28143,ok_volume,1197,0,1197,60692,40239,100931
1769886332,9,89,0,1282,0,1282,low_activity,1.0,1496,0,1496,ok_volume,0.627,15561,3563,19124,ok_volume,85,0,85,60777,36886,97663
1769886333,9,89,0,1282,0,1282,low_activity,0,1282,0,1282,low_activity,0.634,15315,3436,18751,ok_volume,5,0,5,60034,36886,96920
1769886334,9,89,0,85,0,85,low_activity,0,1282,0,1282,low_activity,0.636,15315,3410,18725,ok_volume,0,2,2,59574,36772,96346
1769886335,9,89,0,0,18,18,low_activity,0,1282,18,1300,low_activity,0.706,15315,2638,17953,ok_volume,0,21,21,59524,36672,96196
1769886336,9,89,0,0,18,18,low_activity,0,85,18,103,low_activity,0.686,14188,2638,16826,ok_volume,0,0,0,59524,36529,96053
1769886337,9,89,0.701,972,171,1143,ok_volume,0.701,972,171,1143,ok_volume,0.699,14397,2546,16943,ok_volume,972,153,1125,50495,36457,86952
1769886338,9,89,0.803,1399,153,1552,ok_volume,0.782,1399,171,1570,ok_volume,0.705,14739,2546,17285,ok_volume,435,0,435,50829,36048,86877
1769886339,9,89,0.525,1632,508,2140,ok_volume,0.513,1632,526,2158,ok_volume,0.675,14972,2901,17873,ok_volume,195,355,550,50866,36203,87069
1769886340,9,89,0.483,1017,355,1372,ok_volume,0.593,1989,508,2497,ok_volume,0.682,15329,2901,18230,ok_volume,357,0,357,51153,35988,87141
1769886341,9,89,0.188,680,465,1145,ok_volume,0.548,2117,618,2735,ok_volume,0.435,6900,2715,9615,ok_volume,128,110,238,49165,36080,85245
1769886342,9,89,0.677,572,110,682,ok_volume,0.452,1232,465,1697,ok_volume,0.46,6987,2581,9568,ok_volume,87,1,88,49064,35956,85020
1769886343,9,89,0.012,215,210,425,ok_volume,0.152,767,565,1332,ok_volume,0.488,6987,2404,9391,ok_volume,0,100,100,49007,26035,75042
1769886344,9,89,0.459,310,115,425,ok_volume,0.559,795,225,1020,ok_volume,0.462,6568,2419,8987,ok_volume,223,0,223,48838,26050,74888
1769886345,9,89,0.361,415,195,610,ok_volume,0.348,630,305,935,ok_volume,0.46,6760,2499,9259,ok_volume,192,83,275,47858,25633,73491
1769886346,9,89,0.677,415,80,495,ok_volume,0.44,502,195,697,ok_volume,0.51,6760,2195,8955,ok_volume,0,0,0,28493,25633,54126
1769886347,9,89,0.682,423,80,503,ok_volume,0.536,646,195,841,ok_volume,0.595,6974,1773,8747,ok_volume,231,0,231,28714,25133,53847
1769886348,10,89,0,273,0,273,low_activity,0.792,688,80,768,ok_volume,0.735,6840,1046,7886,ok_volume,42,0,42,28646,25130,53776
1769886349,10,89,0,283,0,283,low_activity,0.712,475,80,555,ok_volume,0.748,6850,989,7839,ok_volume,18,1,19,28554,25131,53685
1769886350,9,89,0,52,79,131,low_activity,0.564,283,79,362,ok_volume,0.73,6850,1068,7918,ok_volume,0,79,79,28460,25148,53608
1769886351,10,89,0.298,235,127,362,ok_volume,0.6,508,127,635,ok_volume,0.709,6548,1116,7664,ok_volume,238,48,286,28145,25196,53341
1769886352,9,89,0.308,240,127,367,ok_volume,0.394,292,127,419,ok_volume,0.709,6563,1116,7679,ok_volume,15,3,18,28160,25161,53321
1769886353,9,89,0.778,384,48,432,ok_volume,0.512,394,127,521,ok_volume,0.715,6707,1116,7823,ok_volume,85,0,85,28290,25144,53434
1769886354,9,90,0,802,0,802,low_activity,0.78,1027,127,1154,ok_volume,0.735,7308,1116,8424,ok_volume,643,0,643,28800,25144,53944
1769886355,9,90,0,897,0,897,low_activity,0.923,1196,48,1244,ok_volume,0.738,7392,1116,8508,ok_volume,169,0,169,25684,25025,50709
1769886356,9,90,0,862,0,862,low_activity,1.0,1021,0,1021,ok_volume,0.739,7442,1116,8558,ok_volume,50,0,50,21167,24901,46068
1769886357,9,90,0,256,0,256,low_activity,1.0,984,0,984,ok_volume,0.711,5681,958,6639,ok_volume,37,0,37,20970,24901,45871
1769886358,9,90,0,87,15,102,low_activity,0.967,899,15,914,ok_volume,0.698,5467,973,6440,ok_volume,0,15,15,20877,24916,45793
1769886359,9,90,0.964,824,15,839,ok_volume,0.972,1043,15,1058,ok_volume,0.731,6254,973,7227,ok_volume,794,0,794,20892,24914,45806
1769886360,9,90,0,787,15,802,low_activity,0.966,874,15,889,ok_volume,0.731,6254,973,7227,ok_volume,9,0,9,20901,13454,34355
1769886361,9,90,0,787,0,787,low_activity,0.964,824,15,839,ok_volume,0.677,5057,973,6030,ok_volume,0,0,0,20901,13417,34318
1769886362,9,89,0,1018,0,1018,low_activity,0.984,1805,15,1820,ok_volume,0.721,5990,973,6963,ok_volume,1018,0,1018,21666,4563,26229
1769886363,9,89,0.904,1453,73,1526,ok_volume,0.937,2240,73,2313,ok_volume,0.72,6425,1046,7471,ok_volume,435,0,435,21838,4509,26347
1769886364,10,89,0.907,1491,73,1564,ok_volume,0.907,1491,73,1564,ok_volume,0.721,6463,1046,7509,ok_volume,38,0,38,21876,4483,26359
1769886365,10,89,0,473,0,473,low_activity,0.907,1491,73,1564,ok_volume,0.726,6463,1028,7491,ok_volume,6,0,6,21882,3693,25575
1769886366,9,89,0,238,0,238,low_activity,0.917,1691,73,1764,ok_volume,0.733,6663,1028,7691,ok_volume,200,0,200,20955,3693,24648
1769886367,9,89,-0.914,235,5239,5474,ok_volume,-0.762,708,5239,5947,ok_volume,-0.033,5726,6114,11840,ok_volume,35,0,35,20221,8687,28908
1769886368,9,89,-0.677,1046,5429,6475,ok_volume,-0.667,1084,5429,6513,ok_volume,-0.019,6072,6304,12376,ok_volume,816,190,1006,20952,8877,29829
1769886369,9,89,0.633,846,190,1036,ok_volume,-0.677,1046,5429,6475,ok_volume,-0.006,5877,5949,11826,ok_volume,0,0,0,20952,8877,29829
1769886370,9,89,0.707,1107,190,1297,ok_volume,-0.604,1342,5429,6771,ok_volume,-0.011,5816,5949,11765,ok_volume,298,0,298,21242,8877,30119
1769886371,9,89,0.796,863,98,961,ok_volume,0.712,1709,288,1997,ok_volume,0.026,6255,5937,12192,ok_volume,575,98,673,13252,8671,21923
1769886372,9,90,0.796,863,98,961,ok_volume,0.706,1674,288,1962,ok_volume,0.019,6168,5937,12105,ok_volume,0,0,0,13252,8537,21789
1769886373,9,90,0,567,98,665,low_activity,0.796,863,98,961,ok_volume,0.029,6168,5822,11990,ok_volume,8,0,8,13260,8260,21520
1769886374,9,89,0,85,1178,1263,low_activity,-0.147,948,1276,2224,ok_volume,-0.074,6030,7000,13030,ok_volume,85,1178,1263,12693,9438,22131
1769886375,9,89,-0.87,85,1221,1306,ok_volume,-0.338,652,1319,1971,ok_volume,-0.088,5838,6963,12801,ok_volume,0,43,43,12693,9481,22174
1769886376,9,89,0.453,3295,1240,4535,ok_volume,0.453,3295,1240,4535,ok_volume,0.129,9048,6982,16030,ok_volume,3210,19,3229,15903,9196,25099
1769886377,9,89,0.851,3245,262,3507,ok_volume,0.396,3330,1440,4770,ok_volume,0.104,8852,7182,16034,ok_volume,36,200,236,15922,8974,24896
1769886378,9,90,0.874,3245,219,3464,ok_volume,0.396,3330,1440,4770,ok_volume,0.102,8810,7182,15992,ok_volume,0,0,0,15746,8247,23993
1769886379,9,90,0,188,240,428,low_activity,0.837,3398,302,3700,ok_volume,0.107,8953,7222,16175,ok_volume,153,0,153,15899,8235,24134
1769886380,9,89,0.981,4137,40,4177,ok_volume,0.932,7382,259,7641,ok_volume,0.289,12937,7143,20080,ok_volume,3991,0,3991,19890,8235,28125
1769886381,9,89,1.0,4137,0,4137,ok_volume,0.891,4172,240,4412,ok_volume,0.284,12712,7095,19807,ok_volume,0,0,0,19363,8235,27598
1769886382,9,89,1.0,3984,0,3984,ok_volume,0.981,4137,40,4177,ok_volume,0.281,12638,7095,19733,ok_volume,0,0,0,19363,8235,27598
1769886383,9,89,0,3576,17,3593,low_activity,0.996,7713,17,7730,ok_volume,0.388,16129,7112,23241,ok_volume,3576,0,3576,22939,8252,31191
1769886384,9,89,0,3704,17,3721,low_activity,0.996,7688,17,7705,ok_volume,0.374,15614,7112,22726,ok_volume,128,0,128,23025,8252,31277
1769886385,9,89,0,3719,0,3719,low_activity,0.991,3719,17,3736,ok_volume,0.37,15460,7112,22572,ok_volume,15,0,15,22955,8252,31207
1769886386,9,89,0,261,0,261,low_total_volume,0.991,3837,17,3854,ok_volume,0.372,15528,7112,22640,ok_volume,118,0,118,23073,8252,31325
1769886387,9,89,0,133,0,133,low_activity,1.0,3837,0,3837,ok_volume,0.371,15491,7112,22603,ok_volume,8,0,8,21282,8094,29376
1769886388,9,89,0,298,0,298,low_total_volume,1.0,441,0,441,ok_volume,0.377,15671,7097,22768,ok_volume,142,0,142,21241,8091,29332
1769886389,9,89,1.0,482,0,482,ok_volume,1.0,615,0,615,ok_volume,0.363,15186,7097,22283,ok_volume,302,0,302,21535,8091,29626
1769886390,9,89,1.0,786,0,786,ok_volume,1.0,942,0,942,ok_volume,0.373,15528,7097,22625,ok_volume,346,0,346,21881,8091,29972
1769886391,9,89,1.0,1028,0,1028,ok_volume,1.0,1208,0,1208,ok_volume,0.383,15912,7097,23009,ok_volume,384,0,384,21068,8091,29159
1769886392,9,89,0,761,0,761,low_activity,1.0,1205,0,1205,ok_volume,0.36,14929,7024,21953,ok_volume,35,0,35,21018,8091,29109
1769886393,9,89,0,419,237,656,low_activity,0.635,1063,237,1300,ok_volume,0.332,14494,7261,21755,ok_volume,0,237,237,21013,8328,29341
1769886394,10,88,0.942,33622,1006,34628,ok_volume,0.943,34348,1006,35354,ok_volume,0.714,48043,8030,56073,ok_volume,33668,0,33668,54681,9095,63776
1769886395,11,88,0.942,33587,1006,34593,ok_volume,0.943,34006,1006,35012,ok_volume,0.714,48043,8030,56073,ok_volume,0,0,0,54681,9074,63755
1769886396,11,88,0.971,34069,500,34569,ok_volume,0.915,34104,1506,35610,ok_volume,0.872,48325,3291,51616,ok_volume,502,500,1002,55183,9574,64757
1769886397,12,85,-0.121,522,666,1188,ok_volume,0.907,34109,1672,35781,ok_volume,0.866,48330,3457,51787,ok_volume,40,166,206,54251,9587,63838
1769886398,12,87,-0.58,522,1966,2488,ok_volume,0.891,34109,1966,36075,ok_volume,0.825,47519,4567,52086,ok_volume,0,1300,1300,53778,10887,64665
1769886399,12,87,-0.981,40,4237,4277,ok_volume,-0.801,522,4737,5259,ok_volume,0.732,47519,7338,54857,ok_volume,0,2772,2772,53583,13304,66887
1769886400,12,87,-0.983,40,4626,4666,ok_volume,-0.808,562,5292,5854,ok_volume,0.714,47263,7893,55156,ok_volume,40,555,595,53266,13859,67125
1769886401,12,87,-0.926,127,3326,3453,ok_volume,-0.933,167,4792,4959,ok_volume,0.714,46783,7795,54578,ok_volume,87,0,87,53225,13749,66974
1769886402,12,87,-0.475,203,570,773,ok_volume,-0.916,203,4641,4844,ok_volume,0.714,46859,7810,54669,ok_volume,83,20,103,53221,13768,66989
1769886403,12,87,-0.506,525,1602,2127,ok_volume,-0.794,565,4928,5493,ok_volume,0.668,47221,9397,56618,ok_volume,362,1587,1949,53583,15240,68823
1769886404,12,85,-0.555,458,1602,2060,ok_volume,-0.573,585,2157,2742,ok_volume,0.703,47156,8219,55375,ok_volume,20,0,20,53380,15240,68620
1769886405,13,85,-0.615,382,1602,1984,ok_volume,-0.496,545,1617,2162,ok_volume,0.704,47156,8191,55347,ok_volume,0,15,15,53188,15172,68360
1769886406,13,86,0,20,70,90,low_activity,-0.57,458,1672,2130,ok_volume,0.685,43946,8227,52173,ok_volume,0,0,0,53188,15227,68415
1769886407,13,86,0,0,105,105,low_activity,-0.632,382,1692,2074,ok_volume,0.69,43911,8062,51973,ok_volume,0,0,0,52957,15262,68219
1769886408,13,86,0,0,35,35,low_activity,0,20,105,125,low_activity,0.691,43911,8022,51933,ok_volume,0,0,0,52915,15262,68177
1769886409,13,86,0,100,0,100,low_activity,0,100,105,205,low_total_volume,0.691,43858,8022,51880,ok_volume,100,0,100,52997,15261,68258
1769886410,13,86,0,274,10,284,low_total_volume,0.718,274,45,319,ok_volume,0.666,40048,8032,48080,ok_volume,101,10,111,53171,15192,68363
1769886411,13,86,0,274,10,284,low_total_volume,0,274,10,284,low_total_volume,0.666,40048,8032,48080,ok_volume,0,0,0,52933,15144,68077
1769886412,13,86,0,235,10,245,low_activity,0.952,408,10,418,ok_volume,0.667,40182,8015,48197,ok_volume,134,0,134,52993,15141,68134
1769886413,13,86,0,180,0,180,low_activity,0.957,454,10,464,ok_volume,0.641,36652,8015,44667,ok_volume,0,0,0,52954,15141,68095
1769886414,13,86,0,288,0,288,low_total_volume,0.95,389,10,399,ok_volume,0.641,36632,8015,44647,ok_volume,108,0,108,52419,15141,67560
1769886415,14,85,0,347,0,347,low_activity,1.0,527,0,527,ok_volume,0.643,36856,8015,44871,ok_volume,243,9,252,52493,15150,67643
1769886416,14,85,0.981,3268,31,3299,ok_volume,0.982,3448,31,3479,ok_volume,0.663,39659,8046,47705,ok_volume,2921,31,2952,55364,15181,70545
1769886417,14,85,0.981,3172,31,3203,ok_volume,0.981,3280,31,3311,ok_volume,0.662,39633,8046,47679,ok_volume,12,0,12,55339,15181,70520
1769886418,14,85,0.969,2945,46,2991,ok_volume,0.972,3292,46,3338,ok_volume,0.661,39503,8061,47564,ok_volume,12,15,27,55351,15181,70532
1769886419,14,85,0.973,1101,15,1116,ok_volume,0.979,4261,46,4307,ok_volume,0.666,40278,8061,48339,ok_volume,1077,0,1077,55634,15181,70815
1769886420,14,85,0.973,1106,15,1121,ok_volume,0.977,4039,46,4085,ok_volume,0.664,39953,8061,48014,ok_volume,17,0,17,55642,15181,70823
1769886421,14,85,0.713,1192,200,1392,ok_volume,0.7,1216,215,1431,ok_volume,0.655,39667,8261,47928,ok_volume,58,200,258,55740,15381,71121
1769886422,14,84,-0.303,115,215,330,ok_volume,0.679,1204,230,1434,ok_volume,0.655,39632,8276,47908,ok_volume,9,15,24,54731,15323,70054
1769886423,15,84,-0.631,58,256,314,ok_volume,0.646,1192,256,1448,ok_volume,0.689,39632,7311,46943,ok_volume,0,41,41,54296,15364,69660
1769886424,15,84,0,0,56,56,low_activity,-0.38,115,256,371,ok_volume,-0.095,6045,7311,13356,ok_volume,0,0,0,54258,15364,69622
1769886425,15,84,0,0,241,241,low_activity,-0.774,58,456,514,ok_volume,-0.108,6045,7511,13556,ok_volume,0,0,0,54252,15564,69816
1769886426,15,82,0.451,528,200,728,ok_volume,0.347,528,256,784,ok_volume,-0.07,6091,7011,13102,ok_volume,529,0,529,54581,10325,64906
1769886427,15,84,1.0,528,0,528,ok_volume,0.373,528,241,769,ok_volume,-0.062,6051,6845,12896,ok_volume,0,1,1,54546,10326,64872
1769886428,16,81,1.0,770,0,770,ok_volume,0.588,770,200,970,ok_volume,0.063,6293,5545,11838,ok_volume,253,0,253,53983,10136,64119
1769886429,16,81,0,242,50,292,low_total_volume,0.878,770,50,820,ok_volume,0.38,6293,2824,9117,ok_volume,0,0,0,53983,10186,64169
1769886430,16,81,0.902,968,50,1018,ok_volume,0.935,1496,50,1546,ok_volume,0.509,6979,2269,9248,ok_volume,743,0,743,54428,10186,64614
1769886431,16,82,1.0,756,0,756,ok_volume,0.905,998,50,1048,ok_volume,0.506,6922,2269,9191,ok_volume,30,0,30,53883,10088,63971
1769886432,19,80,1.0,1148,0,1148,ok_volume,0.931,1390,50,1440,ok_volume,0.525,7238,2254,9492,ok_volume,407,0,407,54290,10088,64378
1769886433,18,79,-0.281,4439,7915,12354,ok_volume,-0.21,5165,7915,13080,ok_volume,0.119,10893,8582,19475,ok_volume,4026,7915,11941,58308,18003,76311
1769886434,19,79,-0.284,4409,7915,12324,ok_volume,-0.21,5165,7915,13080,ok_volume,0.118,10873,8582,19455,ok_volume,0,0,0,58223,16825,75048
1769886435,19,80,-0.329,4017,7955,11972,ok_volume,-0.284,4439,7955,12394,ok_volume,0.119,10873,8552,19425,ok_volume,0,40,40,58223,16822,75045
1769886436,19,80,0,186,40,226,low_activity,-0.268,4595,7955,12550,ok_volume,0.13,11059,8517,19576,ok_volume,186,0,186,55199,16803,72002
1769886437,20,72,0.75,8641,1236,9877,ok_volume,0.161,12658,9151,21809,ok_volume,0.335,19514,9713,29227,ok_volume,8482,1200,9682,63645,17803,81448
1769886438,25,74,0.778,9586,1196,10782,ok_volume,0.772,9586,1236,10822,ok_volume,0.356,20459,9713,30172,ok_volume,964,0,964,64609,17755,82364
1769886439,24,75,0.774,9400,1196,10596,ok_volume,0.772,9586,1236,10822,ok_volume,0.352,20286,9713,29999,ok_volume,0,0,0,64456,17755,82211
1769886440,21,75,0.311,5885,3090,8975,ok_volume,0.544,14526,4286,18812,ok_volume,0.325,25125,12793,37918,ok_volume,4940,3099,8039,65405,20854,86259
1769886441,22,75,0.242,5066,3090,8156,ok_volume,0.543,14466,4286,18752,ok_volume,0.327,25251,12793,38044,ok_volume,139,0,139,65544,20854,86398
1769886442,22,75,0.245,5098,3090,8188,ok_volume,0.323,6043,3090,9133,ok_volume,0.325,25103,12793,37896,ok_volume,32,0,32,65576,20837,86413
1769886443,22,75,1.0,1386,0,1386,ok_volume,0.344,6326,3090,9416,ok_volume,0.346,26331,12793,39124,ok_volume,1173,0,1173,63228,20837,84065
1769886444,22,76,1.0,1336,0,1336,ok_volume,0.349,6402,3090,9492,ok_volume,0.345,26299,12793,39092,ok_volume,76,0,76,63176,20837,84013
1769886445,22,76,1.0,1249,0,1249,ok_volume,1.0,1462,0,1462,ok_volume,0.341,26060,12793,38853,ok_volume,0,0,0,63161,20837,83998
1769886446,22,76,0,76,0,76,low_activity,1.0,1336,0,1336,ok_volume,0.289,23139,12762,35901,ok_volume,4,0,4,63047,20837,83884
1769886447,22,76,0,634,0,634,low_activity,1.0,1883,0,1883,ok_volume,0.301,23761,12762,36523,ok_volume,636,0,636,63637,20837,84474
1769886448,22,76,1.0,6038,0,6038,ok_volume,1.0,6114,0,6114,ok_volume,0.392,29153,12747,41900,ok_volume,5404,0,5404,68899,20837,89736
1769886449,22,76,1.0,7060,0,7060,ok_volume,1.0,7060,0,7060,ok_volume,0.391,29098,12747,41845,ok_volume,1028,0,1028,69625,20837,90462
1769886450,22,76,1.0,6441,0,6441,ok_volume,1.0,7075,0,7075,ok_volume,0.39,29056,12747,41803,ok_volume,15,0,15,69294,20837,90131
1769886451,22,76,0.335,1586,790,2376,ok_volume,0.812,7624,790,8414,ok_volume,0.378,29547,13337,42884,ok_volume,539,790,1329,69459,21627,91086
1769886452,22,76,-0.342,675,1378,2053,ok_volume,0.675,7101,1378,8479,ok_volume,0.361,29658,13910,43568,ok_volume,120,588,708,69544,22215,91759
1769886453,22,76,-0.798,753,6687,7440,ok_volume,-0.576,1800,6687,8487,ok_volume,0.216,29761,19178,48939,ok_volume,79,5309,5388,69647,26518,96165
1769886454,22,76,-0.807,631,5911,6542,ok_volume,-0.697,1195,6701,7896,ok_volume,0.227,30178,18992,49170,ok_volume,423,14,437,36402,26532,62934
1769886455,22,76,-0.512,1718,5323,7041,ok_volume,-0.474,2392,6701,9093,ok_volume,0.246,31400,18992,50392,ok_volume,1222,0,1222,37624,26532,64156
1769886456,22,76,0.983,1639,14,1653,ok_volume,-0.523,1853,5911,7764,ok_volume,0.238,30872,18992,49864,ok_volume,0,0,0,37122,26032,63154
1769886457,22,77,1.0,1670,0,1670,ok_volume,-0.422,2166,5323,7489,ok_volume,0.245,31320,18992,50312,ok_volume,448,0,448,37530,25866,63396
1769886458,22,77,1.0,582,0,582,ok_volume,0.987,2221,14,2235,ok_volume,0.245,31212,18942,50154,ok_volume,134,0,134,37664,24566,62230
1769886459,22,77,0.576,677,182,859,ok_volume,0.825,1899,182,2081,ok_volume,0.242,31307,19124,50431,ok_volume,95,184,279,37759,21978,59737
1769886460,22,77,0.428,1702,682,2384,ok_volume,0.518,2150,682,2832,ok_volume,0.241,32054,19624,51678,ok_volume,1475,500,1975,39194,21923,61117
1769886461,22,77,0.208,1802,1182,2984,ok_volume,0.337,2384,1182,3566,ok_volume,0.232,32258,20124,52382,ok_volume,234,500,734,39341,22423,61764
1769886462,22,76,0.388,2268,1000,3268,ok_volume,0.357,2497,1182,3679,ok_volume,0.234,32427,20124,52551,ok_volume,562,5,567,39820,22408,62228
1769886463,22,76,-0.834,795,8790,9585,ok_volume,-0.601,2363,9472,11835,ok_volume,0.162,28410,20499,48909,ok_volume,0,8140,8140,39458,29111,68569
1769886464,23,76,-0.779,1032,8290,9322,ok_volume,-0.545,2739,9290,12029,ok_volume,0.17,28881,20499,49380,ok_volume,478,0,478,39916,29111,69027
1769886465,23,76,-0.865,596,8234,8830,ok_volume,-0.729,1391,8884,10275,ok_volume,0.171,29006,20553,49559,ok_volume,125,94,219,40041,29135,69176
1769886466,23,76,0.873,1382,94,1476,ok_volume,-0.624,1943,8384,10327,ok_volume,0.18,29606,20553,50159,ok_volume,786,0,786,40827,29100,69927
1769886467,23,76,0.861,1260,94,1354,ok_volume,-0.653,1731,8234,9965,ok_volume,0.052,21500,19357,40857,ok_volume,352,0,352,41179,29100,70279
1769886468,23,76,0.768,3163,416,3579,ok_volume,0.761,3759,510,4269,ok_volume,0.066,22583,19773,42356,ok_volume,2031,416,2447,43210,29516,72726
1769886469,23,76,0.603,3156,781,3937,ok_volume,0.646,4067,875,4942,ok_volume,0.074,23362,20138,43500,ok_volume,779,365,1144,43816,29881,73697
1769886470,23,76,0.621,3340,781,4121,ok_volume,0.703,4475,781,5256,ok_volume,0.053,18955,17048,36003,ok_volume,533,0,533,44248,29871,74119
1769886471,23,76,0.727,2312,365,2677,ok_volume,0.714,4689,781,5470,ok_volume,0.075,19829,17048,36877,ok_volume,1005,7,1012,45253,29878,75131
1769886472,23,76,-0.641,1893,8664,10557,ok_volume,-0.335,4700,9445,14145,ok_volume,-0.122,20102,25712,45814,ok_volume,360,8664,9024,45433,38542,83975
1769886473,22,77,-0.585,2345,8947,11292,ok_volume,-0.436,3657,9312,12969,ok_volume,-0.132,19914,25995,45909,ok_volume,985,283,1268,46418,38825,85243
1769886474,22,76,-0.692,1630,8947,10577,ok_volume,-0.478,3163,8947,12110,ok_volume,-0.127,20123,25995,46118,ok_volume,298,0,298,46608,38825,85433
1769886475,22,76,0.67,1432,283,1715,ok_volume,-0.524,2792,8947,11739,ok_volume,-0.123,20285,25995,46280,ok_volume,164,0,164,46529,38816,85345
1769886476,22,76,1.0,572,0,572,ok_volume,-0.647,1917,8947,10864,ok_volume,-0.12,20410,25995,46405,ok_volume,132,0,132,43740,38785,82525
1769886477,22,77,1.0,410,0,410,ok_volume,0.712,1680,283,1963,ok_volume,-0.133,19899,25995,45894,ok_volume,130,0,130,43858,38785,82643
1769886478,22,76,1.0,878,0,878,ok_volume,1.0,1325,0,1325,ok_volume,-0.264,15125,25995,41120,ok_volume,250,0,250,44476,38770,83246
1769886479,22,76,0.808,1056,112,1168,ok_volume,0.846,1343,112,1455,ok_volume,-0.289,14406,26107,40513,ok_volume,304,112,416,43703,38882,82585
1769886480,22,76,0.768,854,112,966,ok_volume,0.859,1482,112,1594,ok_volume,-0.28,14682,26107,40789,ok_volume,301,0,301,43947,38882,82829
1769886481,22,76,0.796,988,112,1100,ok_volume,0.879,1741,112,1853,ok_volume,-0.271,14527,25317,39844,ok_volume,27,0,27,44273,38682,82955
1769886482,22,76,1.0,1022,0,1022,ok_volume,0.867,1575,112,1687,ok_volume,-0.253,14729,24729,39458,ok_volume,345,0,345,44609,38667,83276
1769886483,22,77,0.85,580,47,627,ok_volume,0.813,1541,159,1700,ok_volume,-0.134,14866,19467,34333,ok_volume,223,47,270,44832,38673,83505
1769886484,22,76,0.928,1263,47,1310,ok_volume,0.953,1948,47,1995,ok_volume,-0.124,15159,19453,34612,ok_volume,714,0,714,45546,38473,84019
1769886485,22,76,0.822,1137,111,1248,ok_volume,0.862,1501,111,1612,ok_volume,-0.159,14148,19517,33665,ok_volume,211,64,275,45762,38537,84299
1769886486,22,76,0.937,1967,64,2031,ok_volume,0.916,2520,111,2631,ok_volume,-0.125,15194,19517,34711,ok_volume,1046,0,1046,46279,38537,84816
1769886487,22,76,0.949,2443,64,2507,ok_volume,0.936,3369,111,3480,ok_volume,-0.101,15932,19517,35449,ok_volume,1187,0,1187,47466,38536,86002
1769886488,23,76,0.802,2292,252,2544,ok_volume,0.821,3213,316,3529,ok_volume,-0.11,15858,19769,35627,ok_volume,71,28,99,47284,38738,86022
1769886489,23,76,0.78,2036,252,2288,ok_volume,0.825,3293,316,3609,ok_volume,-0.084,16553,19587,36140,ok_volume,790,0,790,48074,38738,86812
1769886490,22,77,0.933,2884,100,2984,ok_volume,0.881,5116,324,5440,ok_volume,-0.056,17114,19159,36273,ok_volume,2037,72,2109,49368,38810,88178
1769886491,22,77,0.857,2854,220,3074,ok_volume,0.794,4100,472,4572,ok_volume,-0.053,16910,18807,35717,ok_volume,36,148,184,49374,38958,88332
1769886492,22,77,0.838,2491,220,2711,ok_volume,0.862,3341,248,3589,ok_volume,-0.053,16776,18657,35433,ok_volume,427,0,427,49394,38958,88352
1769886493,22,76,0.713,882,148,1030,ok_volume,0.888,3706,220,3926,ok_volume,0.241,17201,10517,27718,ok_volume,425,0,425,45793,31043,76836
1769886494,22,76,1.0,890,0,890,ok_volume,0.861,2954,220,3174,ok_volume,0.229,16768,10517,27285,ok_volume,38,0,38,45831,31043,76874
1769886495,22,76,0.98,2425,24,2449,ok_volume,0.887,2882,172,3054,ok_volume,0.281,18605,10447,29052,ok_volume,1962,24,1986,47793,31027,78820
1769886496,22,76,0.977,2095,24,2119,ok_volume,0.984,2947,24,2971,ok_volume,0.263,17914,10447,28361,ok_volume,77,0,77,47703,31027,78730
1769886497,22,76,0.978,2194,24,2218,ok_volume,0.982,2657,24,2681,ok_volume,0.258,17702,10447,28149,ok_volume,137,0,137,39358,29827,69185
1769886498,22,76,0.359,805,380,1185,ok_volume,0.75,2824,404,3228,ok_volume,0.219,16266,10411,26677,ok_volume,592,380,972,38986,30207,69193
1769886499,22,76,0.363,921,430,1351,ok_volume,0.735,2978,454,3432,ok_volume,0.217,15679,10096,25775,ok_volume,192,50,242,39178,30257,69435
1769886500,22,76,0.074,1315,1133,2448,ok_volume,0.148,1528,1133,2661,ok_volume,0.184,15677,10799,26476,ok_volume,531,621,1152,34769,27861,62630
1769886501,22,76,-0.007,742,753,1495,ok_volume,0.13,1471,1133,2604,ok_volume,0.153,14696,10799,25495,ok_volume,19,0,19,34649,27861,62510
1769886502,22,76,0.847,7511,621,8132,ok_volume,0.76,8295,1133,9428,ok_volume,0.818,21297,2135,23432,ok_volume,6961,0,6961,41523,27861,69384
1769886503,23,76,1.0,8375,0,8375,ok_volume,0.847,9098,753,9851,ok_volume,0.843,21707,1852,23559,ok_volume,1403,0,1403,41753,27861,69614
1769886504,22,76,0.965,8948,158,9106,ok_volume,0.848,9498,779,10277,ok_volume,0.833,22014,2010,24024,ok_volume,592,158,750,42269,28019,70288
1769886505,22,76,0.878,2424,158,2582,ok_volume,0.967,9404,158,9562,ok_volume,0.835,22289,2010,24299,ok_volume,358,0,358,42706,28019,70725
1769886506,22,76,0.736,1039,158,1197,ok_volume,0.967,9395,158,9553,ok_volume,0.834,22174,2010,24184,ok_volume,13,0,13,42715,28019,70734
1769886507,22,76,1.0,829,0,829,ok_volume,0.896,2895,158,3053,ok_volume,0.833,22132,2010,24142,ok_volume,464,0,464,42543,28019,70562
1769886508,22,76,1.0,20632,0,20632,ok_volume,0.986,21661,158,21819,ok_volume,0.909,42043,2010,44053,ok_volume,20161,0,20161,57300,28019,85319
1769886509,22,76,1.0,20637,0,20637,ok_volume,1.0,21005,0,21005,ok_volume,0.913,41755,1898,43653,ok_volume,15,0,15,56287,28019,84306
1769886510,22,76,1.0,20474,0,20474,ok_volume,1.0,20945,0,20945,ok_volume,0.912,41395,1898,43293,ok_volume,307,0,307,56569,28019,84588
1769886511,23,76,0.986,7343,50,7393,ok_volume,0.996,27965,50,28015,ok_volume,0.923,48398,1948,50346,ok_volume,7041,50,7091,63071,27279,90350
1769886512,22,76,0.978,7483,82,7565,ok_volume,0.994,27659,82,27741,ok_volume,0.921,48216,1980,50196,ok_volume,162,40,202,63089,26731,89820
1769886513,22,76,0.942,7630,229,7859,ok_volume,0.944,7943,229,8172,ok_volume,0.918,48445,2080,50525,ok_volume,445,147,592,63455,21569,85024
1769886514,22,76,0.54,600,179,779,ok_volume,0.944,7928,229,8157,ok_volume,0.916,47735,2080,49815,ok_volume,0,0,0,63032,21555,84587
1769886515,22,76,0.175,637,447,1084,ok_volume,0.873,7822,529,8351,ok_volume,0.907,47716,2316,50032,ok_volume,192,300,492,62002,21855,83857
1769886516,22,76,-0.967,212,12657,12869,ok_volume,-0.881,812,12836,13648,ok_volume,0.522,46690,14673,61363,ok_volume,20,12357,12377,62022,34212,96234
1769886517,22,76,-0.962,251,12803,13054,ok_volume,-0.898,696,12950,13646,ok_volume,0.515,45543,14595,60138,ok_volume,39,146,185,61614,34358,95972
1769886518,22,76,-0.985,96,12503,12599,ok_volume,-0.956,288,12803,13091,ok_volume,0.515,45520,14567,60087,ok_volume,44,0,44,61524,34358,95882
1769886519,22,76,0.055,210,188,398,ok_volume,-0.936,422,12845,13267,ok_volume,0.509,44864,14609,59473,ok_volume,134,0,134,61563,34216,95779
1769886520,22,76,0.924,1058,42,1100,ok_volume,-0.836,1117,12545,13662,ok_volume,0.501,43717,14537,58254,ok_volume,889,0,889,60977,33716,94693
1769886521,22,76,1.0,2073,0,2073,ok_volume,0.839,2149,188,2337,ok_volume,0.513,44739,14389,59128,ok_volume,1052,0,1052,61795,33216,95011
1769886522,22,76,0.848,1939,159,2098,ok_volume,0.826,2110,201,2311,ok_volume,0.506,44312,14548,58860,ok_volume,0,159,159,61233,33220,94453
1769886523,22,76,0.734,1872,287,2159,ok_volume,0.819,2893,287,3180,ok_volume,0.506,44707,14676,59383,ok_volume,820,83,903,62053,25208,87261
1769886524,22,76,0.712,1704,287,1991,ok_volume,0.854,3643,287,3930,ok_volume,0.513,45553,14676,60229,ok_volume,717,0,717,62462,25208,87670
1769886525,22,76,0.908,1723,83,1806,ok_volume,0.813,2775,287,3062,ok_volume,0.497,43591,14652,58243,ok_volume,28,0,28,62365,25114,87479
1769886526,22,76,1.0,733,0,733,ok_volume,0.714,1723,287,2010,ok_volume,0.496,43515,14652,58167,ok_volume,0,0,0,61579,25114,86693
1769886527,22,76,0,681,0,681,low_activity,0.933,2385,83,2468,ok_volume,0.501,44040,14652,58692,ok_volume,662,0,662,61889,25114,87003
1769886528,22,76,0.523,980,307,1287,ok_volume,0.696,1713,307,2020,ok_volume,0.5,43766,14579,58345,ok_volume,89,307,396,60176,25005,85181
1769886529,22,76,0.635,3118,695,3813,ok_volume,0.637,3137,695,3832,ok_volume,0.51,45712,14835,60547,ok_volume,2143,393,2536,61540,25033,86573
1769886530,22,76,0.541,2333,695,3028,ok_volume,0.645,3224,695,3919,ok_volume,0.522,45287,14214,59501,ok_volume,106,0,106,61113,25033,86146
1769886531,22,76,0.761,2859,388,3247,ok_volume,0.693,3839,695,4534,ok_volume,0.527,45883,14214,60097,ok_volume,530,0,530,60735,25026,85761
1769886532,22,76,1.0,808,0,808,ok_volume,0.627,3035,695,3730,ok_volume,0.466,39009,14214,53223,ok_volume,87,1,88,60462,16363,76825
1769886533,22,76,1.0,781,0,781,ok_volume,0.779,3122,388,3510,ok_volume,0.453,37790,14214,52004,ok_volume,176,0,176,59653,16080,75733
1769886534,22,76,0.266,362,210,572,ok_volume,0.675,1083,210,1293,ok_volume,0.446,37218,14266,51484,ok_volume,99,210,309,59454,16290,75744
1769886535,22,76,0.9,5717,302,6019,ok_volume,0.909,6322,302,6624,ok_volume,0.493,42302,14358,56660,ok_volume,5442,92,5534,64732,16382,81114
1769886536,22,76,0.898,5595,302,5897,ok_volume,0.902,5858,302,6160,ok_volume,0.494,42346,14358,56704,ok_volume,54,0,54,64654,16382,81036
1769886537,22,77,0.968,5581,92,5673,ok_volume,0.902,5856,302,6158,ok_volume,0.49,41970,14358,56328,ok_volume,85,0,85,64229,16382,80611
1769886538,22,76,1.0,663,0,663,ok_volume,0.907,6204,302,6506,ok_volume,0.217,22333,14358,36691,ok_volume,524,0,524,64503,16382,80885
1769886539,22,76,1.0,1007,0,1007,ok_volume,0.972,6503,92,6595,ok_volume,0.225,22716,14358,37074,ok_volume,398,0,398,64597,16270,80867
1769886540,22,76,1.0,1014,0,1014,ok_volume,1.0,1153,0,1153,ok_volume,0.221,22510,14358,36868,ok_volume,92,0,92,64031,16270,80301
1769886541,22,76,1.0,532,0,532,ok_volume,1.0,1141,0,1141,ok_volume,0.041,15522,14308,29830,ok_volume,49,0,49,64056,16270,80326
1769886542,23,76,0.696,558,100,658,ok_volume,0.873,1480,100,1580,ok_volume,0.047,15791,14376,30167,ok_volume,424,0,424,64135,16370,80505
1769886543,22,76,-0.7,1252,7100,8352,ok_volume,-0.606,1742,7100,8842,ok_volume,-0.136,16132,21229,37361,ok_volume,786,7000,7786,64698,23323,88021
1769886544,22,76,-0.693,1268,7000,8268,ok_volume,-0.67,1402,7100,8502,ok_volume,-0.135,16190,21229,37419,ok_volume,58,0,58,64037,23323,87360
1769886545,22,76,-0.564,1949,7000,8949,ok_volume,-0.492,2415,7100,9515,ok_volume,-0.101,17103,20929,38032,ok_volume,1112,0,1112,64938,23259,88197
1769886546,22,76,0.936,1239,41,1280,ok_volume,-0.484,2449,7041,9490,ok_volume,0.332,17159,8613,25772,ok_volume,76,41,117,63968,23300,87268
1769886547,22,76,0.933,1181,41,1222,ok_volume,-0.553,2025,7041,9066,ok_volume,0.338,17120,8467,25587,ok_volume,0,0,0,62781,23076,85857
1769886548,22,76,0.815,402,41,443,ok_volume,0.949,1565,41,1606,ok_volume,0.348,17409,8425,25834,ok_volume,326,0,326,63036,23048,86084
1769886549,22,76,1.0,1714,0,1714,ok_volume,0.972,2895,41,2936,ok_volume,0.378,18663,8425,27088,ok_volume,1388,0,1388,63634,23048,86682
1769886550,22,76,1.0,1814,0,1814,ok_volume,0.958,1890,41,1931,ok_volume,0.359,17876,8425,26301,ok_volume,100,0,100,61697,22976,84673
1769886551,22,76,1.0,1603,0,1603,ok_volume,1.0,1929,0,1929,ok_volume,0.336,16939,8425,25364,ok_volume,115,0,115,61776,22828,84604
1769886552,22,76,0,240,0,240,low_activity,1.0,1954,0,1954,ok_volume,0.347,16964,8221,25185,ok_volume,25,0,25,61374,22828,84202
1769886553,22,76,0.168,2805,2000,4805,ok_volume,0.364,4293,2000,6293,ok_volume,0.295,18639,10138,28777,ok_volume,2617,2000,4617,63616,24828,88444
1769886554,22,76,0.128,2847,2200,5047,ok_volume,0.164,3062,2200,5262,ok_volume,0.272,18082,10338,28420,ok_volume,160,200,360,63738,25028,88766
1769886555,22,76,0.187,3214,2200,5414,ok_volume,0.215,3404,2200,5604,ok_volume,0.283,18505,10338,28843,ok_volume,442,0,442,62199,25004,87203
1769886556,22,76,0.67,1011,200,1211,ok_volume,0.254,3701,2200,5901,ok_volume,0.293,18917,10338,29255,ok_volume,387,0,387,62537,25004,87541
1769886557,22,76,1.0,854,0,854,ok_volume,0.245,3626,2200,5826,ok_volume,0.271,18026,10338,28364,ok_volume,8,0,8,62408,25004,87412
1769886558,22,76,0,566,0,566,low_activity,0.713,1193,200,1393,ok_volume,0.287,18119,10031,28150,ok_volume,73,0,73,62002,24624,86626
1769886559,22,76,1.0,1220,0,1220,ok_volume,1.0,2074,0,2074,ok_volume,0.277,17019,9643,26662,ok_volume,1038,0,1038,62848,24492,87340
1769886560,22,76,0.719,1331,218,1549,ok_volume,0.787,1828,218,2046,ok_volume,0.267,17040,9861,26901,ok_volume,0,67,67,62541,24089,86630
1769886561,23,76,0.705,1262,218,1480,ok_volume,0.738,1444,218,1662,ok_volume,0.252,16522,9861,26383,ok_volume,0,0,0,62522,24089,86611
1769886562,23,76,0.429,283,113,396,ok_volume,0.719,1614,264,1878,ok_volume,0.256,16718,9907,26625,ok_volume,283,55,338,55844,24144,79988
1769886563,23,76,0.74,308,46,354,ok_volume,0.712,1570,264,1834,ok_volume,0.252,16567,9907,26474,ok_volume,25,0,25,54466,24144,78610
1769886564,23,76,0.962,2399,46,2445,ok_volume,0.91,2399,113,2512,ok_volume,0.314,18559,9697,28256,ok_volume,2091,0,2091,55886,23986,79872
1769886565,23,76,0.994,15777,48,15825,ok_volume,0.988,16060,94,16154,ok_volume,0.47,26778,9653,36431,ok_volume,13661,0,13661,69189,24034,93223
1769886566,23,76,0.983,16130,141,16271,ok_volume,0.978,16438,187,16625,ok_volume,0.471,27102,9746,36848,ok_volume,378,93,471,69554,24127,93681
1769886567,23,76,0.987,14039,93,14132,ok_volume,0.983,16155,141,16296,ok_volume,0.47,27017,9746,36763,ok_volume,7,0,7,69097,24127,93224
1769886568,23,76,0.834,1026,93,1119,ok_volume,0.983,16778,141,16919,ok_volume,0.472,27141,9746,36887,ok_volume,648,0,648,49584,24127,73711
1769886569,23,76,0,690,0,690,low_activity,0.987,14729,93,14822,ok_volume,0.466,26785,9746,36531,ok_volume,42,0,42,49611,24127,73738
1769886570,23,76,1.0,791,0,791,ok_volume,0.853,1169,93,1262,ok_volume,0.467,26794,9746,36540,ok_volume,101,0,101,49408,24127,73535
1769886571,22,76,0.397,436,188,624,ok_volume,0.704,1084,188,1272,ok_volume,0.467,27045,9834,36879,ok_volume,293,192,485,42660,24269,66929
1769886572,22,76,0.698,1055,188,1243,ok_volume,0.805,1745,188,1933,ok_volume,0.47,27282,9834,37116,ok_volume,661,0,661,43159,24229,67388
1769886573,23,76,0.92,4522,188,4710,ok_volume,0.923,4665,188,4853,ok_volume,0.828,30064,2834,32898,ok_volume,3570,0,3570,46284,24082,70366
1769886574,23,76,1.0,4916,0,4916,ok_volume,0.932,5310,188,5498,ok_volume,0.831,30693,2834,33527,ok_volume,690,0,690,46974,24082,71056
1769886575,23,76,1.0,4355,0,4355,ok_volume,0.932,5309,188,5497,ok_volume,0.826,29688,2834,32522,ok_volume,103,0,103,46885,23782,70667
1769886576,23,76,1.0,824,0,824,ok_volume,1.0,5053,0,5053,ok_volume,0.828,29649,2793,32442,ok_volume,37,0,37,46901,11425,58326
1769886577,23,76,0.998,15205,16,15221,ok_volume,0.998,19460,16,19476,ok_volume,0.882,44717,2809,47526,ok_volume,55,29,84,61930,11308,73238
1769886578,23,75,0.998,15116,16,15132,ok_volume,0.998,15903,16,15919,ok_volume,0.881,44402,2809,47211,ok_volume,11,0,11,61897,11266,73163
1769886579,23,75,0,101,16,117,low_total_volume,0.998,15251,16,15267,ok_volume,0.877,43049,2809,45858,ok_volume,40,0,40,61803,11266,73069
1769886580,23,75,0,46,0,46,low_activity,0.998,15151,16,15167,ok_volume,0.877,42949,2809,45758,ok_volume,0,0,0,60914,11266,72180
1769886581,23,75,0,190,0,190,low_total_volume,0,256,16,272,low_total_volume,0.877,42989,2809,45798,ok_volume,167,0,167,60029,11266,71295
1769886582,23,75,0,155,0,155,low_activity,0,201,0,201,low_total_volume,0.877,42914,2809,45723,ok_volume,0,0,0,60029,11062,71091
1769886583,23,75,1.0,662,0,662,ok_volume,1.0,697,0,697,ok_volume,0.961,40806,809,41615,ok_volume,525,0,525,59564,10979,70543
1769886584,23,75,1.0,583,0,583,ok_volume,1.0,738,0,738,ok_volume,0.971,40725,609,41334,ok_volume,76,0,76,58923,10979,69902
1769886585,23,75,1.0,1109,0,1109,ok_volume,1.0,1264,0,1264,ok_volume,0.971,40781,609,41390,ok_volume,533,0,533,59428,10979,70407
1769886586,23,75,1.0,602,0,602,ok_volume,1.0,1109,0,1109,ok_volume,0.97,40397,609,41006,ok_volume,3,0,3,59431,10979,70410
1769886587,24,75,1.0,1402,0,1402,ok_volume,1.0,1985,0,1985,ok_volume,0.971,41160,609,41769,ok_volume,876,0,876,59416,10979,70395
1769886588,23,75,0.718,961,158,1119,ok_volume,0.816,1563,158,1721,ok_volume,0.963,41176,767,41943,ok_volume,85,158,243,59412,10830,70242
1769886589,24,75,0.786,1317,158,1475,ok_volume,0.842,1843,158,2001,ok_volume,0.97,40270,616,40886,ok_volume,356,0,356,57625,10437,68062
1769886590,24,75,0.584,601,158,759,ok_volume,0.807,1477,158,1635,ok_volume,0.973,40430,549,40979,ok_volume,164,0,164,57586,10437,68023
1769886591,24,75,0,528,0,528,low_activity,0.808,1489,158,1647,ok_volume,0.973,40442,549,40991,ok_volume,16,0,16,57072,10437,67509
1769886592,24,75,0,209,0,209,low_activity,0.609,650,158,808,ok_volume,0.975,40196,503,40699,ok_volume,37,0,37,57022,10436,67458
1769886593,24,75,0,249,0,249,low_activity,1.0,765,0,765,ok_volume,0.975,40371,503,40874,ok_volume,202,0,202,57048,10436,67484
1769886594,24,75,0,237,0,237,low_activity,0,409,0,409,low_activity,0.977,38280,455,38735,ok_volume,0,0,0,56949,10226,67175
1769886595,24,75,0.388,1115,492,1607,ok_volume,0.406,1164,492,1656,ok_volume,0.928,25534,947,26481,ok_volume,923,500,1423,52430,10634,63064
1769886596,24,75,0.388,1115,492,1607,ok_volume,0.466,1352,492,1844,ok_volume,0.935,25356,854,26210,ok_volume,201,0,201,52577,10634,63211
1769886597,24,75,0.505,1495,492,1987,ok_volume,0.55,1695,492,2187,ok_volume,0.936,25736,854,26590,ok_volume,380,0,380,52872,10634,63506
1769886598,24,75,-0.481,700,2000,2700,ok_volume,-0.214,1615,2492,4107,ok_volume,0.797,25208,2854,28062,ok_volume,125,2001,2126,52473,12635,65108
1769886599,24,75,-0.204,1322,2000,3322,ok_volume,-0.011,2437,2492,4929,ok_volume,0.802,25988,2854,28842,ok_volume,822,0,822,52897,12635,65532
1769886600,24,75,-0.127,1550,2000,3550,ok_volume,0.031,2130,2000,4130,ok_volume,0.806,26495,2854,29349,ok_volume,610,0,610,53412,12635,66047
1769886601,24,75,0.957,3310,72,3382,ok_volume,0.295,3810,2072,5882,ok_volume,0.822,28082,2738,30820,ok_volume,1880,72,1952,55243,12607,67850
1769886602,24,75,0.878,2648,172,2820,ok_volume,0.246,3590,2172,5762,ok_volume,0.813,27581,2838,30419,ok_volume,160,100,260,54979,12707,67686
1769886603,24,75,0.845,2052,172,2224,ok_volume,0.906,3482,172,3654,ok_volume,0.789,24025,2838,26863,ok_volume,18,0,18,54211,5707,59918
1769886604,24,75,0.717,1248,206,1454,ok_volume,0.861,3736,278,4014,ok_volume,0.785,24414,2944,27358,ok_volume,1076,106,1182,55229,5813,61042
1769886605,24,75,0.822,1088,106,1194,ok_volume,0.837,3128,278,3406,ok_volume,0.784,24314,2944,27258,ok_volume,0,0,0,54117,5813,59930
1769886606,23,76,0.343,1561,764,2325,ok_volume,0.335,1733,864,2597,ok_volume,0.46,9749,3602,13351,ok_volume,492,658,1150,54533,6430,60963
1769886607,23,75,0.493,1940,658,2598,ok_volume,0.597,3028,764,3792,ok_volume,0.513,11149,3586,14735,ok_volume,1471,0,1471,56004,6430,62434
1769886608,23,75,0.743,4462,658,5120,ok_volume,0.758,5538,764,6302,ok_volume,0.584,13660,3586,17246,ok_volume,2522,0,2522,58200,6430,64630
1769886609,23,75,1.0,4072,0,4072,ok_volume,0.748,4557,658,5215,ok_volume,0.586,13720,3586,17306,ok_volume,100,0,100,56912,6430,63342
1769886610,23,75,0,2617,0,2617,low_activity,0.748,4557,658,5215,ok_volume,0.586,13720,3586,17306,ok_volume,0,0,0,56812,6430,63242
1769886611,23,75,0,496,0,496,low_activity,1.0,4473,0,4473,ok_volume,0.591,13966,3586,17552,ok_volume,372,0,372,57098,6430,63528
1769886612,23,75,1.0,1310,0,1310,ok_volume,1.0,3927,0,3927,ok_volume,0.612,14875,3586,18461,ok_volume,909,0,909,57932,6430,64362
1769886613,23,75,1.0,1292,0,1292,ok_volume,1.0,1416,0,1416,ok_volume,0.601,14379,3586,17965,ok_volume,11,0,11,55326,4430,59756
1769886614,23,75,1.0,1222,0,1222,ok_volume,1.0,1623,0,1623,ok_volume,0.606,14605,3586,18191,ok_volume,309,0,309,55475,4230,59705
1769886615,23,75,-0.116,313,395,708,ok_volume,0.603,1594,395,1989,ok_volume,0.559,14079,3981,18060,ok_volume,0,395,395,55005,4625,59630
1769886616,23,75,0.427,1451,583,2034,ok_volume,0.605,2371,583,2954,ok_volume,0.57,15228,4169,19397,ok_volume,1149,188,1337,55767,4813,60580
1769886617,23,75,0.327,1149,583,1732,ok_volume,0.43,1462,583,2045,ok_volume,0.55,14352,4169,18521,ok_volume,7,0,7,55653,4813,60466
1769886618,23,75,0.776,1759,222,1981,ok_volume,0.539,2061,617,2678,ok_volume,0.572,14877,4045,18922,ok_volume,616,0,616,56196,4847,61043
1769886619,23,75,0.91,724,34,758,ok_volume,0.504,1873,617,2490,ok_volume,0.567,14635,4045,18680,ok_volume,114,0,114,55048,4696,59744
1769886620,23,75,1.0,782,0,782,ok_volume,0.794,1931,222,2153,ok_volume,0.565,14533,4045,18578,ok_volume,58,0,58,55106,4629,59735
1769886621,23,75,1.0,647,0,647,ok_volume,0.947,1257,34,1291,ok_volume,0.575,14996,4045,19041,ok_volume,475,0,475,55581,4629,60210
1769886622,23,75,1.0,1338,0,1338,ok_volume,1.0,2062,0,2062,ok_volume,0.592,15764,4045,19809,ok_volume,808,0,808,56106,4574,60680
1769886623,23,75,1.0,1470,0,1470,ok_volume,1.0,1642,0,1642,ok_volume,0.591,15754,4045,19799,ok_volume,190,0,190,56271,4574,60845
1769886624,23,75,1.0,1054,0,1054,ok_volume,1.0,1587,0,1587,ok_volume,0.593,15813,4045,19858,ok_volume,59,0,59,54239,4526,58765
1769886625,23,75,1.0,1308,0,1308,ok_volume,1.0,2588,0,2588,ok_volume,0.636,15957,3553,19510,ok_volume,1059,0,1059,41637,4526,46163
1769886626,23,75,1.0,1918,0,1918,ok_volume,1.0,2913,0,2913,ok_volume,0.647,16557,3553,20110,ok_volume,803,0,803,42062,4433,46495
1769886627,23,75,1.0,1877,0,1877,ok_volume,1.0,2126,0,2126,ok_volume,0.64,16195,3553,19748,ok_volume,20,0,20,42075,4433,46508
1769886628,23,75,1.0,1568,0,1568,ok_volume,1.0,2686,0,2686,ok_volume,0.831,16825,1553,18378,ok_volume,735,0,735,42182,4433,46615
1769886629,24,75,1.0,1605,0,1605,ok_volume,1.0,3464,0,3464,ok_volume,0.831,16840,1553,18393,ok_volume,837,0,837,42974,4433,47407
1769886630,24,75,1.0,1659,0,1659,ok_volume,1.0,2497,0,2497,ok_volume,0.826,16324,1553,17877,ok_volume,92,0,92,42965,4433,47398
1769886631,24,75,0,1024,0,1024,low_activity,1.0,1792,0,1792,ok_volume,0.815,14539,1481,16020,ok_volume,95,0,95,42767,4241,47008
1769886632,24,75,0,221,17,238,low_total_volume,0.981,1788,17,1805,ok_volume,0.823,14413,1398,15811,ok_volume,34,17,51,42140,4258,46398
1769886633,24,75,0.934,495,17,512,ok_volume,0.976,1424,17,1441,ok_volume,0.827,14767,1398,16165,ok_volume,366,0,366,38936,4258,43194
1769886634,24,75,0.957,770,17,787,ok_volume,0.965,957,17,974,ok_volume,0.832,14061,1292,15353,ok_volume,377,0,377,38623,4258,42881
1769886635,23,75,0.16,736,533,1269,ok_volume,0.223,865,550,1415,ok_volume,0.77,14061,1825,15886,ok_volume,0,533,533,38520,4791,43311
1769886636,23,75,0,414,533,947,low_activity,0.194,814,550,1364,ok_volume,0.842,13620,1167,14787,ok_volume,44,0,44,23514,4791,28305
1769886637,23,75,0,173,533,706,low_activity,0.261,909,533,1442,ok_volume,0.827,12294,1167,13461,ok_volume,129,0,129,23588,4762,28350
1769886638,23,75,1.0,329,0,329,ok_volume,0.135,699,533,1232,ok_volume,0.79,9928,1167,11095,ok_volume,156,0,156,23733,4762,28495
1769886639,23,75,0,295,0,295,low_total_volume,-0.222,339,533,872,ok_volume,0.788,9843,1167,11010,ok_volume,0,0,0,23703,4762,28465
1769886640,23,75,0,166,0,166,low_activity,1.0,339,0,339,ok_volume,0.787,9814,1167,10981,ok_volume,0,0,0,23703,4762,28465
1769886641,23,75,0,107,0,107,low_activity,1.0,402,0,402,ok_volume,0.782,9549,1167,10716,ok_volume,112,0,112,23648,4762,28410
1769886642,23,75,0,3810,0,3810,low_activity,1.0,3976,0,3976,ok_volume,0.827,12343,1167,13510,ok_volume,3703,0,3703,27351,4762,32113
1769886643,23,75,1.0,3848,0,3848,ok_volume,1.0,3848,0,3848,ok_volume,0.828,12370,1167,13537,ok_volume,42,0,42,26868,4762,31630
1769886644,23,75,0,4239,0,4239,low_activity,1.0,4346,0,4346,ok_volume,0.83,12566,1167,13733,ok_volume,498,0,498,27290,4762,32052
1769886645,24,75,1.0,684,0,684,ok_volume,1.0,4494,0,4494,ok_volume,0.886,12714,772,13486,ok_volume,123,0,123,26905,4762,31667
1769886646,24,75,1.0,646,0,646,ok_volume,1.0,4387,0,4387,ok_volume,0.904,11565,584,12149,ok_volume,0,0,0,26902,4762,31664
1769886647,24,75,0,207,0,207,low_activity,1.0,768,0,768,ok_volume,0.91,11649,550,12199,ok_volume,84,0,84,26110,4762,30872
1769886648,24,75,0.919,426,18,444,ok_volume,0.967,1072,18,1090,ok_volume,0.905,11381,568,11949,ok_volume,342,18,360,26367,4622,30989
1769886649,24,75,0.961,908,18,926,ok_volume,0.966,1031,18,1049,ok_volume,0.908,11749,568,12317,ok_volume,482,0,482,26493,4622,31115
1769886650,24,75,0.967,1079,18,1097,ok_volume,0.97,1163,18,1181,ok_volume,0.909,11946,568,12514,ok_volume,184,0,184,26584,4622,31206
1769886651,24,75,1.0,1218,0,1218,ok_volume,0.978,1644,18,1662,ok_volume,0.909,11952,568,12520,ok_volume,46,0,46,27058,4622,31680
1769886652,24,75,1.0,741,0,741,ok_volume,0.978,1636,18,1654,ok_volume,0.904,11223,568,11791,ok_volume,4,0,4,27101,4622,31723
1769886653,24,75,1.0,533,0,533,ok_volume,1.0,1714,0,1714,ok_volume,0.905,11453,568,12021,ok_volume,420,0,420,27319,4622,31941
1769886654,23,75,0,420,32,452,low_activity,0.946,1161,32,1193,ok_volume,0.9,11394,600,11994,ok_volume,7,36,43,27326,4658,31984
1769886655,23,75,0.898,598,32,630,ok_volume,0.914,711,32,743,ok_volume,0.892,10513,600,11113,ok_volume,178,0,178,26581,4158,30739
1769886656,23,76,0,178,32,210,low_activity,0.898,598,32,630,ok_volume,0.884,9713,600,10313,ok_volume,0,0,0,26380,4158,30538
1769886657,23,75,0.905,361,18,379,ok_volume,0.88,781,50,831,ok_volume,0.882,9858,618,10476,ok_volume,190,18,208,26190,4176,30366
1769886658,23,75,0,276,18,294,low_total_volume,0.802,454,50,504,ok_volume,0.874,9221,618,9839,ok_volume,100,0,100,26165,2175,28340
1769886659,23,75,0.889,306,18,324,ok_volume,0.928,484,18,502,ok_volume,0.863,8414,618,9032,ok_volume,30,0,30,25373,2175,27548
1769886660,23,75,0,234,0,234,low_total_volume,0.917,417,18,435,ok_volume,0.863,8433,618,9051,ok_volume,111,5,116,24874,2180,27054
1769886661,23,75,0,160,0,160,low_activity,0.921,436,18,454,ok_volume,0.862,8357,618,8975,ok_volume,19,0,19,23013,2108,25121
1769886662,23,75,0,130,0,130,low_activity,0,253,0,253,low_total_volume,0.865,8323,601,8924,ok_volume,0,0,0,22853,2008,24861
1769886663,23,75,0,310,35,345,low_activity,0.856,451,35,486,ok_volume,0.857,8248,636,8884,ok_volume,291,35,326,23126,2043,25169
1769886664,23,75,0.196,327,220,547,ok_volume,0.35,457,220,677,ok_volume,0.812,7914,821,8735,ok_volume,42,185,227,22092,2122,24214
1769886665,23,75,0.371,480,220,700,ok_volume,0.388,499,220,719,ok_volume,0.931,8067,288,8355,ok_volume,153,0,153,22245,2122,24367
1769886666,23,75,0.07,246,214,460,ok_volume,0.366,537,249,786,ok_volume,0.924,8080,317,8397,ok_volume,57,29,86,21810,1493,23303
1769886667,23,75,0.868,409,29,438,ok_volume,0.494,736,249,985,ok_volume,0.925,8150,317,8467,ok_volume,199,0,199,20538,1493,22031
1769886668,23,75,0.929,783,29,812,ok_volume,0.639,972,214,1186,ok_volume,0.928,8511,317,8828,ok_volume,147,0,147,18543,1493,20036
1769886669,23,75,1.0,881,0,881,ok_volume,0.948,1091,29,1120,ok_volume,0.929,8666,317,8983,ok_volume,137,0,137,18599,1493,20092
1769886670,23,75,1.0,492,0,492,ok_volume,0.95,1128,29,1157,ok_volume,0.931,8856,317,9173,ok_volume,190,0,190,18760,1493,20253
1769886671,24,75,1.0,522,0,522,ok_volume,1.0,1267,0,1267,ok_volume,0.932,8945,317,9262,ok_volume,203,0,203,18591,1493,20084
1769886672,24,75,1.0,386,0,386,ok_volume,1.0,688,0,688,ok_volume,0.886,5242,317,5559,ok_volume,3,0,3,17685,1493,19178
1769886673,24,75,0,287,0,287,low_total_volume,1.0,613,0,613,ok_volume,0.887,5295,317,5612,ok_volume,91,0,91,17765,1493,19258
1769886674,24,75,0,116,0,116,low_activity,1.0,502,0,502,ok_volume,0.876,4797,317,5114,ok_volume,25,0,25,17481,1493,18974
1769886675,24,75,0,116,53,169,low_activity,0.71,312,53,365,ok_volume,0.853,4674,370,5044,ok_volume,0,53,53,17481,1151,18632
1769886676,23,75,-0.643,323,1489,1812,ok_volume,-0.565,414,1489,1903,ok_volume,0.467,4972,1806,6778,ok_volume,169,1436,1605,16630,2399,19029
1769886677,23,75,0.669,7518,1489,9007,ok_volume,0.674,7634,1489,9123,ok_volume,0.74,12108,1806,13914,ok_volume,7220,0,7220,23843,2365,26208
1769886678,23,75,0.765,10811,1436,12247,ok_volume,0.761,10965,1489,12454,ok_volume,0.789,15188,1788,16976,ok_volume,3425,0,3425,26652,2365,29017
1769886679,22,77,0.56,10642,3000,13642,ok_volume,0.418,10940,4489,15429,ok_volume,0.507,14635,4788,19423,ok_volume,0,3000,3000,26538,5365,31903
1769886680,22,77,0.069,3442,3000,6442,ok_volume,0.419,10831,4436,15267,ok_volume,0.491,14027,4788,18815,ok_volume,20,0,20,26500,5365,31865
1769886681,21,78,-0.898,162,3000,3162,ok_volume,0.565,10804,3000,13804,ok_volume,0.492,14056,4788,18844,ok_volume,143,0,143,26168,5365,31533
1769886682,21,78,0,180,0,180,low_activity,0.091,3602,3000,6602,ok_volume,0.492,14074,4788,18862,ok_volume,18,0,18,25378,5365,30743
1769886683,21,77,0,160,0,160,low_activity,-0.887,180,3000,3180,ok_volume,0.481,13654,4788,18442,ok_volume,0,0,0,25188,5365,30553
1769886684,21,78,0,38,0,38,low_activity,0,200,0,200,low_activity,0.484,13674,4756,18430,ok_volume,20,0,20,25149,5365,30514
1769886685,21,78,0,70,0,70,low_activity,0,230,0,230,low_total_volume,0.48,13546,4756,18302,ok_volume,50,0,50,24140,5365,29505
1769886686,21,78,0,110,0,110,low_total_volume,0,128,0,128,low_total_volume,0.481,13586,4756,18342,ok_volume,20,0,20,23377,5365,28742
1769886687,21,78,1.0,382,0,382,ok_volume,1.0,402,0,402,ok_volume,0.486,13695,4738,18433,ok_volume,292,0,292,23629,5365,28994
1769886688,20,78,0.412,721,300,1021,ok_volume,0.46,811,300,1111,ok_volume,0.471,14011,5038,19049,ok_volume,409,306,715,23303,5671,28974
1769886689,20,78,0.591,1166,300,1466,ok_volume,0.614,1256,300,1556,ok_volume,0.483,14446,5038,19484,ok_volume,465,0,465,22931,5671,28602
1769886690,20,78,0.058,874,778,1652,ok_volume,0.208,1186,778,1964,ok_volume,0.444,14335,5516,19851,ok_volume,0,478,478,22839,6149,28988
1769886691,20,78,0,465,502,967,low_activity,0.185,1166,802,1968,ok_volume,0.442,14316,5540,19856,ok_volume,0,24,24,22744,6173,28917
1769886692,20,78,0,100,502,602,low_activity,0.097,974,802,1776,ok_volume,0.445,14416,5540,19956,ok_volume,100,0,100,22810,6156,28966
1769886693,21,78,0.998,22127,24,22151,ok_volume,0.957,22592,502,23094,ok_volume,0.736,36152,5505,41657,ok_volume,22032,0,22032,44476,6156,50632
1769886694,20,76,0.982,22142,200,22342,ok_volume,0.939,22142,702,22844,ok_volume,0.735,36131,5520,41651,ok_volume,15,200,215,44116,6356,50472
1769886695,22,77,0.982,22580,200,22780,ok_volume,0.98,22680,224,22904,ok_volume,0.737,36516,5520,42036,ok_volume,538,0,538,44654,5823,50477
1769886696,22,76,0.469,553,200,753,ok_volume,0.983,22680,200,22880,ok_volume,0.738,36459,5491,41950,ok_volume,0,0,0,44610,5823,50433
1769886697,22,76,-0.129,577,748,1325,ok_volume,0.92,22619,948,23567,ok_volume,0.704,35919,6239,42158,ok_volume,39,755,794,44520,6578,51098
1769886698,22,76,0,39,2226,2265,low_activity,-0.608,592,2426,3018,ok_volume,0.645,35753,7717,43470,ok_volume,0,1478,1478,44354,8056,52410
1769886699,22,77,-0.951,58,2303,2361,ok_volume,-0.589,596,2303,2899,ok_volume,0.641,35636,7794,43430,ok_volume,19,77,96,44373,8133,52506
1769886700,22,76,-0.976,19,1575,1594,ok_volume,-0.951,58,2323,2381,ok_volume,0.639,35446,7814,43260,ok_volume,0,20,20,44373,8153,52526
1769886701,22,76,0.356,415,197,612,ok_volume,-0.684,454,2423,2877,ok_volume,0.637,35646,7914,43560,ok_volume,405,100,505,44666,8253,52919
1769886702,22,76,0.551,415,120,535,ok_volume,-0.588,434,1675,2109,ok_volume,0.637,35665,7914,43579,ok_volume,19,0,19,40982,8253,49235
1769886703,22,76,0.646,605,130,735,ok_volume,0.467,624,227,851,ok_volume,0.636,35764,7944,43708,ok_volume,0,30,30,41130,8283,49413
1769886704,22,76,0,401,30,431,low_activity,0.683,797,150,947,ok_volume,0.638,35931,7944,43875,ok_volume,193,0,193,40800,8283,49083
1769886705,22,76,0,237,30,267,low_activity,0.733,842,130,972,ok_volume,0.639,35847,7891,43738,ok_volume,45,0,45,40722,8283,49005
1769886706,22,76,0.896,1006,55,1061,ok_volume,0.869,1215,85,1300,ok_volume,0.697,36447,6510,42957,ok_volume,769,55,824,41491,8338,49829
1769886707,22,76,0,814,55,869,low_activity,0.844,1006,85,1091,ok_volume,0.636,29227,6510,35737,ok_volume,7,0,7,41414,8338,49752
1769886708,22,76,0,972,55,1027,low_activity,0.913,1209,55,1264,ok_volume,0.6,26008,6510,32518,ok_volume,203,0,203,41275,8320,49595
1769886709,22,76,0,203,0,203,low_activity,0.897,1017,55,1072,ok_volume,0.762,26008,3510,29518,ok_volume,0,0,0,40722,8320,49042
1769886710,22,76,0,282,0,282,low_activity,0.901,1051,55,1106,ok_volume,0.763,26067,3510,29577,ok_volume,80,0,80,40174,8320,48494
1769886711,22,76,0,79,100,179,low_activity,0,282,100,382,low_activity,0.756,25925,3610,29535,ok_volume,0,100,100,40052,8420,48472
1769886712,22,76,0.953,4183,100,4283,ok_volume,0.955,4386,100,4486,ok_volume,0.785,30011,3610,33621,ok_volume,4104,0,4104,44152,8420,52572
1769886713,21,78,0.618,4177,987,5164,ok_volume,0.623,4256,987,5243,ok_volume,0.74,30084,4497,34581,ok_volume,73,887,960,43805,9307,53112
1769886714,21,78,0.707,5166,887,6053,ok_volume,0.683,5245,987,6232,ok_volume,0.747,31053,4497,35550,ok_volume,989,0,989,44787,9271,54058
1769886715,21,78,0.147,1192,887,2079,ok_volume,0.686,5296,987,6283,ok_volume,0.747,31113,4497,35610,ok_volume,0,0,0,44739,9271,54010
1769886716,21,78,0,1195,0,1195,low_activity,0.717,5372,887,6259,ok_volume,0.748,31169,4497,35666,ok_volume,76,0,76,44815,9271,54086
1769886717,21,78,0,118,0,118,low_activity,0.193,1310,887,2197,ok_volume,0.746,30919,4497,35416,ok_volume,42,0,42,44667,9253,53920
1769886718,20,79,1.0,746,0,746,ok_volume,1.0,1865,0,1865,ok_volume,0.762,31138,4197,35335,ok_volume,554,0,554,45195,9253,54448
1769886719,20,79,1.0,1075,0,1075,ok_volume,1.0,1151,0,1151,ok_volume,0.762,31078,4197,35275,ok_volume,405,0,405,45570,9253,54823
1769886720,20,79,1.0,1330,0,1330,ok_volume,1.0,1522,0,1522,ok_volume,0.789,31449,3719,35168,ok_volume,371,0,371,45830,9248,55078
1769886721,20,79,1.0,955,0,955,ok_volume,1.0,1625,0,1625,ok_volume,0.791,31628,3695,35323,ok_volume,179,0,179,45990,9248,55238
1769886722,20,79,1.0,1865,0,1865,ok_volume,1.0,2824,0,2824,ok_volume,0.798,32843,3695,36538,ok_volume,1315,0,1315,47305,9248,56553
1769886723,20,79,1.0,1494,0,1494,ok_volume,1.0,2270,0,2270,ok_volume,0.491,10816,3695,14511,ok_volume,0,0,0,47014,9213,56227
1769886724,20,79,1.0,1369,0,1369,ok_volume,1.0,1919,0,1919,ok_volume,0.513,10855,3495,14350,ok_volume,58,0,58,47030,9028,56058
1769886725,20,79,0,184,0,184,low_activity,1.0,1678,0,1678,ok_volume,0.499,10447,3495,13942,ok_volume,130,0,130,47007,9028,56035
1769886726,20,79,-0.726,928,5844,6772,ok_volume,-0.445,2243,5844,8087,ok_volume,0.09,11191,9339,20530,ok_volume,744,5844,6588,47694,14843,62537
1769886727,18,79,-0.715,973,5844,6817,ok_volume,-0.701,1027,5844,6871,ok_volume,0.134,11251,8591,19842,ok_volume,78,0,78,47214,14843,62057
1769886728,18,79,-0.428,2339,5844,8183,ok_volume,-0.397,2523,5844,8367,ok_volume,0.284,12747,7113,19860,ok_volume,1500,0,1500,48548,14843,63391
1769886729,22,77,1.0,1614,0,1614,ok_volume,-0.399,2509,5844,8353,ok_volume,0.289,12768,7036,19804,ok_volume,40,0,40,48451,14843,63294
1769886730,23,75,1.0,2329,0,2329,ok_volume,-0.296,3172,5844,9016,ok_volume,0.318,13561,7016,20577,ok_volume,796,0,796,49097,14843,63940
1769886731,23,73,1.0,833,0,833,ok_volume,1.0,2407,0,2407,ok_volume,0.311,13165,6916,20081,ok_volume,0,0,0,48894,14843,63737
1769886732,23,73,-0.907,753,15483,16236,ok_volume,-0.738,2329,15483,17812,ok_volume,-0.267,12956,22399,35355,ok_volume,0,15483,15483,48891,30326,79217
1769886733,25,73,-1.0,0,15983,15983,ok_volume,-0.901,833,15983,16816,ok_volume,-0.277,12956,22869,35825,ok_volume,0,500,500,48800,30826,79626
1769886734,23,74,-1.0,0,16311,16311,ok_volume,-0.912,753,16311,17064,ok_volume,-0.29,12764,23197,35961,ok_volume,0,328,328,48775,31154,79929
1769886735,23,74,0,0,828,828,low_activity,-1.0,0,16311,16311,ok_volume,-0.292,12719,23197,35916,ok_volume,0,0,0,48646,31101,79747
1769886736,23,74,0,0,328,328,low_activity,-1.0,0,16311,16311,ok_volume,-0.319,11950,23142,35092,ok_volume,0,0,0,48477,29665,78142
1769886737,23,74,0,237,100,337,low_activity,-0.593,237,928,1165,ok_volume,-0.312,12187,23242,35429,ok_volume,237,100,337,41494,29765,71259
1769886738,23,76,0.965,5553,100,5653,ok_volume,0.857,5553,428,5981,ok_volume,-0.147,17300,23242,40542,ok_volume,16,0,16,43385,29765,73150
1769886739,23,74,0.961,5603,111,5714,ok_volume,0.961,5603,111,5714,ok_volume,-0.145,17350,23253,40603,ok_volume,51,11,62,43436,26776,70212
1769886740,23,74,0,66,181,247,low_total_volume,0.904,5603,281,5884,ok_volume,-0.151,17271,23423,40694,ok_volume,0,170,170,43416,26946,70362
1769886741,23,74,0.748,1254,181,1435,ok_volume,0.921,6807,281,7088,ok_volume,-0.116,18475,23323,41798,ok_volume,204,0,204,44477,26946,71423
1769886742,22,74,0.737,1256,190,1446,ok_volume,0.736,1322,201,1523,ok_volume,-0.236,14423,23343,37766,ok_volume,54,20,74,44513,26966,71479
1769886743,23,74,-0.954,370,15719,16089,ok_volume,-0.836,1420,15900,17320,ok_volume,-0.45,14464,38155,52619,ok_volume,114,15699,15813,44627,42665,87292
1769886744,23,73,-0.976,191,15719,15910,ok_volume,-0.839,1395,15889,17284,ok_volume,-0.481,13370,38155,51525,ok_volume,27,0,27,44634,42665,87299
1769886745,24,74,-0.945,445,15699,16144,ok_volume,-0.915,701,15719,16420,ok_volume,-0.472,13676,38155,51831,ok_volume,293,0,293,44874,42665,87539
1769886746,23,74,1.0,1148,0,1148,ok_volume,-0.846,1314,15719,17033,ok_volume,-0.452,14417,38155,52572,ok_volume,848,2,850,45702,42667,88369
1769886747,24,73,1.0,1140,0,1140,ok_volume,-0.848,1295,15699,16994,ok_volume,-0.454,14334,38155,52489,ok_volume,37,0,37,45447,42667,88114
1769886748,23,72,1.0,1148,0,1148,ok_volume,1.0,1479,0,1479,ok_volume,-0.461,14078,38155,52233,ok_volume,309,0,309,45347,42361,87708
1769886749,24,75,0.998,15481,13,15494,ok_volume,0.998,16588,13,16601,ok_volume,-0.139,28823,38168,66991,ok_volume,15150,15,15165,60032,42376,102408
1769886750,24,75,0.998,15760,13,15773,ok_volume,0.998,16610,13,16623,ok_volume,-0.141,28764,38168,66932,ok_volume,312,0,312,60344,41898,102242
1769886751,24,75,0.998,17155,13,17168,ok_volume,0.999,17486,13,17499,ok_volume,-0.115,30278,38168,68446,ok_volume,1693,0,1693,62037,41874,103911
1769886752,23,75,1.0,2423,0,2423,ok_volume,0.999,17871,13,17884,ok_volume,-0.13,29381,38168,67549,ok_volume,429,0,429,62366,41874,104240
1769886753,23,75,1.0,2370,0,2370,ok_volume,0.999,17832,13,17845,ok_volume,-0.126,29640,38168,67808,ok_volume,259,0,259,40591,41877,82468
1769886754,23,75,0.661,1732,353,2085,ok_volume,0.827,3737,353,4090,ok_volume,-0.114,30641,38521,69162,ok_volume,1055,353,1408,41631,42030,83661
1769886755,23,75,0.739,2354,353,2707,ok_volume,0.853,4465,353,4818,ok_volume,-0.099,31551,38521,70072,ok_volume,1021,0,1021,42133,42030,84163
1769886756,23,75,0.718,2152,353,2505,ok_volume,0.778,2829,353,3182,ok_volume,-0.029,30843,32677,63520,ok_volume,57,0,57,42190,42030,84220
1769886757,23,75,1.0,1197,0,1197,ok_volume,0.755,2530,353,2883,ok_volume,-0.028,30884,32677,63561,ok_volume,119,0,119,42270,41275,83545
1769886758,24,75,-0.296,176,324,500,ok_volume,0.541,2271,677,2948,ok_volume,-0.058,29388,33001,62389,ok_volume,9,324,333,42282,40121,82403
1769886759,24,75,-0.32,167,324,491,ok_volume,0.587,1245,324,1569,ok_volume,-0.058,29356,33001,62357,ok_volume,48,0,48,42311,40044,82355
1769886760,23,75,-0.616,77,324,401,ok_volume,-0.123,253,324,577,ok_volume,-0.071,28632,33001,61633,ok_volume,29,0,29,42340,40024,82364
1769886761,23,76,1.0,1038,0,1038,ok_volume,0.562,1157,324,1481,ok_volume,-0.054,29593,33001,62594,ok_volume,961,0,961,42896,39924,82820
1769886762,23,76,1.0,1385,0,1385,ok_volume,0.631,1433,324,1757,ok_volume,0.262,29988,17518,47506,ok_volume,400,0,400,43087,39924,83011
1769886763,23,76,1.0,1569,0,1569,ok_volume,1.0,1646,0,1646,ok_volume,0.279,30201,17018,47219,ok_volume,213,0,213,43300,39894,83194
1769886764,23,76,1.0,1357,0,1357,ok_volume,1.0,2347,0,2347,ok_volume,0.299,30950,16690,47640,ok_volume,749,0,749,43856,39894,83750
1769886765,23,76,0.803,1287,141,1428,ok_volume,0.899,2643,141,2784,ok_volume,0.3,31275,16831,48106,ok_volume,328,141,469,44139,40035,84174
1769886766,23,76,0.833,1550,141,1691,ok_volume,0.877,2158,141,2299,ok_volume,0.307,31751,16831,48582,ok_volume,439,0,439,43848,39980,83828
1769886767,23,76,0.826,1483,141,1624,ok_volume,0.891,2445,141,2586,ok_volume,0.233,26896,16731,43627,ok_volume,685,0,685,44526,39980,84506
1769886768,23,76,1.0,1408,0,1408,ok_volume,0.894,2521,141,2662,ok_volume,0.238,27169,16731,43900,ok_volume,289,0,289,44612,39980,84592
1769886769,23,76,0.934,2360,81,2441,ok_volume,0.869,3161,222,3383,ok_volume,0.258,28508,16801,45309,ok_volume,1393,85,1478,46005,40065,86070
1769886770,23,76,0.967,4853,81,4934,ok_volume,0.973,5972,81,6053,ok_volume,0.297,30683,16631,47314,ok_volume,3175,0,3175,49100,40065,89165
1769886771,23,76,0.873,4602,312,4914,ok_volume,0.894,5573,312,5885,ok_volume,0.288,30517,16862,47379,ok_volume,19,181,200,49138,40196,89334
1769886772,23,76,0.868,3263,231,3494,ok_volume,0.881,4941,312,5253,ok_volume,0.289,30515,16842,47357,ok_volume,58,0,58,45092,40196,85288
1769886773,23,76,-0.578,69,258,327,ok_volume,0.846,4652,389,5041,ok_volume,0.923,30401,1220,31621,ok_volume,0,35,35,45019,39389,84408
1769886774,23,76,0,50,77,127,low_activity,0.827,3263,308,3571,ok_volume,0.923,30360,1220,31580,ok_volume,0,0,0,43900,39389,83289
1769886775,23,75,0,126,32,158,low_activity,-0.139,195,258,453,ok_volume,0.922,30196,1220,31416,ok_volume,126,0,126,44028,39389,83417
1769886776,23,75,0,218,25,243,low_total_volume,0.449,268,102,370,ok_volume,0.919,29471,1245,30716,ok_volume,92,25,117,44044,39414,83458
1769886777,23,75,-0.373,788,1725,2513,ok_volume,-0.381,788,1757,2545,ok_volume,0.821,30008,2945,32953,ok_volume,570,1700,2270,44498,41114,85612
1769886778,23,75,-0.475,736,2067,2803,ok_volume,-0.411,862,2067,2929,ok_volume,0.801,29784,3287,33071,ok_volume,81,342,423,44025,41456,85481
1769886779,24,75,-0.52,644,2042,2686,ok_volume,-0.411,862,2067,2929,ok_volume,0.634,14634,3274,17908,ok_volume,0,0,0,43620,41456,85076
1769886780,24,75,0,122,342,464,low_activity,-0.45,784,2067,2851,ok_volume,0.629,14370,3274,17644,ok_volume,11,0,11,43297,41456,84753
1769886781,24,75,0,96,0,96,low_activity,-0.468,740,2042,2782,ok_volume,0.591,12725,3274,15999,ok_volume,11,0,11,43166,41456,84622
1769886782,25,74,0.995,13478,33,13511,ok_volume,0.946,13589,375,13964,ok_volume,0.772,25726,3307,29033,ok_volume,13421,33,13454,55272,41489,96761
1769886783,24,74,0.995,13430,33,13463,ok_volume,0.995,13515,33,13548,ok_volume,0.77,25467,3307,28774,ok_volume,0,1,1,55272,41490,96762
1769886784,25,74,0.528,13419,4148,17567,ok_volume,0.529,13478,4148,17626,ok_volume,0.551,24393,7069,31462,ok_volume,0,4125,4125,55214,45615,100829
1769886785,26,70,-0.953,100,4115,4215,ok_volume,0.531,13530,4148,17678,ok_volume,0.537,23472,7069,30541,ok_volume,100,0,100,55184,45615,100799
1769886786,29,70,-0.881,262,4150,4412,ok_volume,0.532,13681,4183,17864,ok_volume,0.537,23577,7104,30681,ok_volume,170,20,190,54589,39806,94395
1769886787,29,69,0.948,1300,35,1335,ok_volume,-0.523,1300,4150,5450,ok_volume,0.55,24496,7104,31600,ok_volume,1047,0,1047,55558,39806,95364
1769886788,30,69,0.967,1200,20,1220,ok_volume,-0.523,1300,4150,5450,ok_volume,0.566,24496,6780,31276,ok_volume,0,0,0,54058,39806,93864
1769886789,30,68,0,1038,0,1038,low_activity,0.948,1300,35,1335,ok_volume,0.566,24448,6780,31228,ok_volume,0,0,0,53978,39806,93784
1769886790,30,68,0,149,19,168,low_activity,0.944,1349,39,1388,ok_volume,0.566,24568,6799,31367,ok_volume,149,19,168,53331,39825,93156
1769886791,31,68,0,149,91,240,low_activity,0.858,1187,91,1278,ok_volume,0.549,23607,6871,30478,ok_volume,0,72,72,53331,39897,93228
1769886792,30,68,0.701,517,91,608,ok_volume,0.701,517,91,608,ok_volume,0.549,23580,6871,30451,ok_volume,368,0,368,53699,24414,78113
1769886793,30,69,-0.724,368,2294,2662,ok_volume,-0.635,517,2313,2830,ok_volume,0.44,23367,9093,32460,ok_volume,6,2183,2189,53705,26136,79841
1769886794,31,67,0.187,3287,2253,5540,ok_volume,0.189,3436,2344,5780,ok_volume,0.474,25537,9124,34661,ok_volume,2923,39,2962,56628,25847,82475
1769886795,32,67,0.137,2919,2214,5133,ok_volume,0.171,3287,2325,5612,ok_volume,0.474,25173,8983,34156,ok_volume,0,0,0,56628,25847,82475
1769886796,32,67,0.979,2919,31,2950,ok_volume,0.187,3287,2253,5540,ok_volume,0.467,24736,8983,33719,ok_volume,0,8,8,56628,25855,82483
1769886797,32,67,0,28,0,28,low_activity,0.142,2947,2214,5161,ok_volume,0.457,24082,8983,33065,ok_volume,28,0,28,51119,25755,76874
1769886798,33,66,-0.966,28,1618,1646,ok_volume,0.282,2947,1649,4596,ok_volume,0.384,23793,10601,34394,ok_volume,0,1618,1618,51103,27373,78476
1769886799,33,66,-0.979,28,2591,2619,ok_volume,-0.979,28,2591,2619,ok_volume,0.322,22404,11493,33897,ok_volume,0,982,982,51052,28344,79396
1769886800,32,66,-0.858,278,3628,3906,ok_volume,-0.844,306,3628,3934,ok_volume,0.219,19488,12480,31968,ok_volume,281,1037,1318,50333,29211,79544
1769886801,31,67,-0.83,362,3893,4255,ok_volume,-0.868,390,5511,5901,ok_volume,0.159,19553,14182,33735,ok_volume,84,1883,1967,50213,31094,81307
1769886802,31,68,-0.584,766,2920,3686,ok_volume,-0.756,766,5511,6277,ok_volume,0.169,19907,14137,34044,ok_volume,431,0,431,50590,31074,81664
1769886803,32,65,-0.604,569,2306,2875,ok_volume,-0.672,847,4316,5163,ok_volume,0.158,19988,14528,34516,ok_volume,83,423,506,50559,15798,66357
1769886804,33,65,-0.115,633,798,1431,ok_volume,-0.578,995,3718,4713,ok_volume,0.149,20136,14903,35039,ok_volume,171,375,546,50686,16173,66859
1769886805,37,62,0.669,4027,798,4825,ok_volume,0.255,4515,2681,7196,ok_volume,0.23,23808,14903,38711,ok_volume,3844,0,3844,54237,16173,70410
1769886806,36,63,0.648,3946,843,4789,ok_volume,0.556,4431,1266,5697,ok_volume,0.214,23716,15346,39062,ok_volume,0,468,468,53389,16642,70031
1769886807,34,63,0.172,3917,2769,6686,ok_volume,0.075,4146,3567,7713,ok_volume,0.187,23265,15947,39212,ok_volume,119,2301,2420,53471,18943,72414
1769886808,36,63,-0.884,179,2907,3086,ok_volume,0.114,4125,3282,7407,ok_volume,0.193,23251,15743,38994,ok_volume,61,138,199,53223,19081,72304
1769886809,36,63,-0.962,179,9325,9504,ok_volume,-0.422,3977,9793,13770,ok_volume,0.013,23214,22629,45843,ok_volume,5,6886,6891,38078,25952,64030
1769886810,34,64,-0.934,463,13608,14071,ok_volume,-0.931,582,16377,16959,ok_volume,-0.107,23569,29213,52782,ok_volume,409,6584,6993,38175,32536,70711
1769886811,35,62,-0.79,1594,13576,15170,ok_volume,-0.801,1773,16015,17788,ok_volume,-0.085,24749,29319,54068,ok_volume,1202,106,1308,37684,32642,70326
1769886812,36,62,-0.587,1739,6690,8429,ok_volume,-0.768,1799,13714,15513,ok_volume,-0.437,11475,29286,40761,ok_volume,24,0,24,37400,32639,70039
1769886813,36,63,0.392,1363,596,1959,ok_volume,-0.777,1766,14066,15832,ok_volume,-0.443,11502,29776,41278,ok_volume,0,0,0,36094,32776,68870
1769886815,34,63,0.18,922,641,1563,ok_volume,0.503,2258,747,3005,ok_volume,-0.354,12297,25797,38094,ok_volume,230,100,330,35973,32930,68903
1769886816,35,64,0.337,2423,1201,3624,ok_volume,0.193,2524,1706,4230,ok_volume,-0.324,13713,26842,40555,ok_volume,1578,1068,2646,37494,33998,71492
1769886817,33,65,0.203,4438,2943,7381,ok_volume,0.191,5130,3487,8617,ok_volume,-0.303,15305,28623,43928,ok_volume,2631,1787,4418,40003,35785,75788
1769886818,34,65,0.514,8871,2846,11717,ok_volume,0.53,9716,2982,12698,ok_volume,-0.178,19968,28623,48591,ok_volume,4543,0,4543,44669,35461,80130
1769886819,34,65,0.677,9260,1781,11041,ok_volume,0.58,11068,2943,14011,ok_volume,-0.132,21935,28623,50558,ok_volume,1984,0,1984,46605,35461,82066
1769886820,33,66,0.994,9166,29,9195,ok_volume,0.649,13506,2875,16381,ok_volume,-0.079,24454,28633,53087,ok_volume,2539,34,2573,49244,35495,84739
1769886821,32,67,0.773,11977,1537,13514,ok_volume,0.706,19270,3318,22588,ok_volume,0.028,31796,30069,61865,ok_volume,7345,1508,8853,55628,37003,92631
1769886822,32,67,0.771,11881,1537,13418,ok_volume,0.847,18508,1537,20045,ok_volume,0.054,33428,30030,63458,ok_volume,2000,0,2000,57228,37003,94231
1769886823,32,67,0.663,12500,2530,15030,ok_volume,0.74,17135,2559,19694,ok_volume,0.118,36586,28869,65455,ok_volume,3164,1022,4186,60179,38025,98204
1769886824,32,67,0.678,7645,1467,9112,ok_volume,0.707,17526,3004,20530,ok_volume,0.105,36154,29283,65437,ok_volume,2492,445,2937,61922,38470,100392
1769886825,32,67,0.621,6280,1467,7747,ok_volume,0.68,15622,2975,18597,ok_volume,0.114,36789,29283,66072,ok_volume,643,0,643,62198,38329,100527
1769886826,32,67,0.788,3746,445,4191,ok_volume,0.717,8904,1467,10371,ok_volume,0.122,37413,29283,66696,ok_volume,632,0,632,62391,38329,100720
1769886827,31,68,0.57,1330,364,1694,ok_volume,0.584,6975,1831,8806,ok_volume,0.116,37456,29647,67103,ok_volume,73,373,446,61779,38702,100481
1769886828,31,68,0.573,1339,364,1703,ok_volume,0.693,4461,809,5270,ok_volume,0.152,38100,28029,66129,ok_volume,590,0,590,62142,38702,100844
1769886829,30,68,0.373,852,389,1241,ok_volume,0.689,2111,389,2500,ok_volume,0.171,38237,27081,65318,ok_volume,137,31,168,60886,38648,99534
1769886830,30,68,0.969,1573,25,1598,ok_volume,0.714,2330,389,2719,ok_volume,0.197,38813,26044,64857,ok_volume,873,0,873,58565,38598,97163
1769886831,30,68,0.947,1821,50,1871,ok_volume,0.719,2536,414,2950,ok_volume,0.241,39559,24186,63745,ok_volume,830,0,830,59376,38442,97818
1769886832,30,68,0.917,3145,136,3281,ok_volume,0.92,3864,161,4025,ok_volume,0.251,40616,24297,64913,ok_volume,1461,111,1572,60779,38508,99287
1769886833,30,68,-0.1,2427,2965,5392,ok_volume,0.063,3418,3015,6433,ok_volume,0.207,40671,26728,67399,ok_volume,145,2854,2999,60924,41327,102251
1769886834,30,68,0.013,3127,3045,6172,ok_volume,0.221,4811,3070,7881,ok_volume,0.228,42053,26433,68486,ok_volume,1533,80,1613,62455,41407,103862
1769886835,31,68,0.262,5015,2934,7949,ok_volume,0.412,7306,3045,10351,ok_volume,0.223,41604,26433,68037,ok_volume,2315,4,2319,65685,41411,107096
1769886836,31,68,0.97,5206,80,5286,ok_volume,0.382,6803,3045,9848,ok_volume,0.235,41931,25965,67896,ok_volume,328,3,331,65921,41389,107310
1769886837,31,68,1.0,6298,0,6298,ok_volume,0.509,9005,2934,11939,ok_volume,0.315,45475,23664,69139,ok_volume,3663,5,3668,69019,39694,108713
1769886838,31,68,0.996,5166,10,5176,ok_volume,0.982,10045,90,10135,ok_volume,0.329,46591,23536,70127,ok_volume,1176,13,1189,70114,39365,109479
1769886839,31,68,0.298,6496,3510,10006,ok_volume,0.445,9131,3510,12641,ok_volume,0.411,48248,20150,68398,ok_volume,1657,3503,5160,71734,42868,114602
1769886840,31,68,-0.036,3263,3510,6773,ok_volume,0.348,7253,3510,10763,ok_volume,0.561,48275,13566,61841,ok_volume,430,0,430,72116,42868,114984
1769886841,31,68,-0.207,2352,3582,5934,ok_volume,0.334,7191,3592,10783,ok_volume,0.554,47228,13542,60770,ok_volume,272,82,354,72377,42950,115327
1769886842,30,69,-0.589,2425,9368,11793,ok_volume,-0.42,5258,12878,18136,ok_volume,0.364,48934,22828,71762,ok_volume,1712,9286,10998,60688,52203,112891
1769886843,30,69,-0.551,2709,9368,12077,ok_volume,-0.457,4796,12868,17664,ok_volume,0.379,49571,22323,71894,ok_volume,423,0,423,61409,52202,113611
1769886844,30,69,-0.484,3227,9286,12513,ok_volume,-0.408,3942,9368,13310,ok_volume,0.381,49759,22284,72043,ok_volume,822,0,822,62231,48077,110308
1769886845,30,69,1.0,1551,0,1551,ok_volume,-0.418,3844,9368,13212,ok_volume,0.384,49861,22187,72048,ok_volume,334,0,334,62465,48062,110527
1769886846,30,69,0.919,2384,100,2484,ok_volume,-0.323,4808,9386,14194,ok_volume,0.4,49532,21222,70754,ok_volume,1105,118,1223,63547,48160,111707
1769886847,30,69,0.897,1841,100,1941,ok_volume,0.937,3060,100,3160,ok_volume,0.415,47030,19441,66471,ok_volume,260,0,260,62760,48160,110920
1769886848,30,69,0.867,1407,100,1507,ok_volume,0.928,2689,100,2789,ok_volume,0.373,42544,19441,61985,ok_volume,15,7,22,62805,48167,110972
1769886849,29,69,1.0,2469,0,2469,ok_volume,0.952,4050,100,4150,ok_volume,0.373,42612,19441,62053,ok_volume,2164,0,2164,64969,48167,113136
1769886850,29,69,1.0,3083,0,3083,ok_volume,0.956,4475,100,4575,ok_volume,0.357,40977,19412,60389,ok_volume,477,0,477,65727,48148,113875
1769886851,29,68,1.0,3157,0,3157,ok_volume,1.0,3462,0,3462,ok_volume,0.306,33724,17904,51628,ok_volume,92,0,92,65819,48076,113895
1769886852,29,68,1.0,10409,0,10409,ok_volume,1.0,13018,0,13018,ok_volume,0.398,41570,17904,59474,ok_volume,9,0,9,75306,48037,123343
1769886853,30,68,0.984,9935,81,10016,ok_volume,0.988,13003,81,13084,ok_volume,0.387,38412,16963,55375,ok_volume,5,81,86,75305,45935,121240
1769886854,30,68,0.042,442,406,848,ok_volume,0.928,10851,406,11257,ok_volume,0.367,36367,16843,53210,ok_volume,148,325,473,72824,46221,119045
1769886855,31,68,0.235,736,456,1192,ok_volume,0.918,10671,456,11127,ok_volume,0.362,36026,16893,52919,ok_volume,302,50,352,73126,46271,119397
1769886856,31,68,0.247,1219,736,1955,ok_volume,0.299,1513,817,2330,ok_volume,0.354,36179,17254,53433,ok_volume,778,361,1139,73904,46624,120528
1769886857,31,68,0.267,1088,630,1718,ok_volume,0.193,1530,1036,2566,ok_volume,0.356,36063,17109,53172,ok_volume,17,219,236,73893,46843,120736
1769886858,31,68,0.048,892,810,1702,ok_volume,0.059,1334,1185,2519,ok_volume,0.345,35579,17339,52918,ok_volume,98,230,328,73991,45455,119446
1769886859,30,68,-0.287,444,801,1245,ok_volume,0.111,1515,1212,2727,ok_volume,0.339,35771,17666,53437,ok_volume,151,352,503,74322,44825,119147
1769886860,30,68,0.481,1659,582,2241,ok_volume,0.357,2453,1162,3615,ok_volume,0.344,36149,17641,53790,ok_volume,1237,0,1237,75283,43788,119071
1769886861,30,68,0.755,2520,352,2872,ok_volume,0.557,2815,801,3616,ok_volume,0.348,36458,17641,54099,ok_volume,1141,0,1141,76340,41905,118245
1769886862,30,68,1.0,4097,0,4097,ok_volume,0.772,4524,582,5106,ok_volume,0.354,36723,17530,54253,ok_volume,1735,0,1735,77644,41905,119549
1769886863,36,61,0.037,3120,2900,6020,ok_volume,0.161,4501,3252,7753,ok_volume,0.354,36842,17576,54418,ok_volume,215,2900,3115,77834,44382,122216
1769886864,36,63,0.838,34753,3056,37809,ok_volume,0.848,37124,3056,40180,ok_volume,0.583,67043,17652,84695,ok_volume,1000,156,1156,110442,44163,154605
1769886865,37,62,0.67,32978,6522,39500,ok_volume,0.692,35892,6522,42414,ok_volume,0.508,64735,21118,85853,ok_volume,0,3466,3466,106598,47626,154224
1769886866,37,62,-0.512,1170,3622,4792,ok_volume,0.685,34928,6522,41450,ok_volume,0.507,64583,21118,85701,ok_volume,0,0,0,106773,47158,153931
1769886867,37,62,-0.905,175,3497,3672,ok_volume,0.67,33153,6553,39706,ok_volume,0.485,60920,21149,82069,ok_volume,0,31,31,106654,44888,151542
1769886868,37,62,0.945,1099,31,1130,ok_volume,-0.234,2269,3653,5922,ok_volume,0.484,60843,21139,81982,ok_volume,1099,0,1099,107692,44750,152442
1769886869,37,60,0.331,1682,845,2527,ok_volume,-0.398,1857,4311,6168,ok_volume,0.528,59769,18453,78222,ok_volume,583,814,1397,108280,38678,146958
1769886870,44,53,0.763,9400,1264,10664,ok_volume,0.758,9400,1295,10695,ok_volume,0.56,67057,18903,85960,ok_volume,7729,460,8189,115600,32554,148154
1769886871,40,54,0.736,8301,1264,9565,ok_volume,0.758,9400,1295,10695,ok_volume,0.56,66772,18821,85593,ok_volume,0,0,0,114277,32448,146725
1769886872,41,54,-0.545,7718,26217,33935,ok_volume,-0.484,9400,27031,36431,ok_volume,0.294,64764,35302,100066,ok_volume,0,25767,25767,114253,58215,172468
1769886873,42,55,-0.948,688,25795,26483,ok_volume,-0.501,8989,27059,36048,ok_volume,0.296,65036,35330,100366,ok_volume,688,33,721,114864,57743,172607
1769886874,43,56,-0.948,688,25795,26483,ok_volume,-0.515,8406,26245,34651,ok_volume,0.29,64233,35330,99563,ok_volume,0,0,0,114244,57704,171948
1769886875,43,56,0.746,688,100,788,ok_volume,-0.948,688,25867,26555,ok_volume,0.286,63754,35402,99156,ok_volume,0,72,72,114014,57676,171690
1769886876,44,55,0.073,183,158,341,ok_volume,-0.935,871,25953,26824,ok_volume,0.279,62835,35388,98223,ok_volume,193,14,207,112629,56694,169323
1769886877,44,55,-0.61,204,842,1046,ok_volume,0.012,892,870,1762,ok_volume,0.269,62566,36072,98638,ok_volume,21,389,410,109887,55591,165478
1769886878,44,55,-0.225,442,698,1140,ok_volume,-0.312,442,842,1284,ok_volume,0.27,62789,36072,98861,ok_volume,247,0,247,105591,55591,161182
1769886879,44,55,0.323,907,464,1371,ok_volume,0.086,1090,917,2007,ok_volume,0.255,60843,36147,96990,ok_volume,648,75,723,104126,55666,159792
1769886880,44,55,0.093,1660,1377,3037,ok_volume,-0.054,1864,2075,3939,ok_volume,0.24,61143,37449,98592,ok_volume,774,1302,2076,102361,56934,159295
1769886881,44,55,-0.62,1512,6455,7967,ok_volume,-0.589,1771,6844,8615,ok_volume,0.093,51298,42527,93825,ok_volume,90,5078,5168,95106,60504,155610
1769886882,44,55,-0.726,1038,6530,7568,ok_volume,-0.549,1924,6605,8529,ok_volume,0.093,51472,42677,94149,ok_volume,154,152,306,93281,60656,153937
1769886883,44,55,-0.79,687,5870,6557,ok_volume,-0.549,2109,7247,9356,ok_volume,0.088,51601,43238,94839,ok_volume,423,647,1070,90540,60281,150821
1769886884,44,55,0.275,1570,892,2462,ok_volume,-0.495,2455,7272,9727,ok_volume,0.099,52447,43013,95460,ok_volume,994,100,1094,89042,59936,148978
1769886885,43,56,0.174,2331,1641,3972,ok_volume,-0.452,2595,6869,9464,ok_volume,0.095,53067,43862,96929,ok_volume,922,899,1821,89321,60835,150156
1769886886,43,56,0.647,4661,999,5660,ok_volume,0.49,5237,1791,7028,ok_volume,0.117,55043,43501,98544,ok_volume,2753,0,2753,91442,60835,152277
1769886887,43,56,0.647,4195,899,5094,ok_volume,0.547,5612,1641,7253,ok_volume,0.124,55554,43282,98836,ok_volume,515,0,515,91842,60462,152304
1769886888,43,56,1.0,4620,0,4620,ok_volume,0.735,6528,999,7527,ok_volume,0.136,56615,43052,99667,ok_volume,1344,0,1344,92596,60462,153058
1769886889,43,56,1.0,4234,0,4234,ok_volume,0.796,7921,899,8820,ok_volume,0.159,58853,42700,101553,ok_volume,2288,0,2288,94856,60431,155287
1769886890,43,56,0.989,4243,24,4267,ok_volume,0.994,7524,24,7548,ok_volume,0.153,58138,42724,100862,ok_volume,521,24,545,94504,60430,154934
1769886891,43,56,0.965,3241,57,3298,ok_volume,0.978,5197,57,5254,ok_volume,0.147,57445,42757,100202,ok_volume,458,36,494,94132,60466,154598
1769886892,42,56,0.788,1469,174,1643,ok_volume,0.935,5195,174,5369,ok_volume,0.134,56176,42874,99050,ok_volume,506,117,623,93178,60472,153650
1769886893,42,57,0.88,2342,150,2492,ok_volume,0.934,5137,174,5311,ok_volume,-0.22,25583,39974,65557,ok_volume,1409,0,1409,94442,57618,152060
1769886894,42,57,0.908,2438,117,2555,ok_volume,0.903,3401,174,3575,ok_volume,-0.226,25130,39818,64948,ok_volume,542,0,542,92410,57538,149948
1769886895,42,57,1.0,2687,0,2687,ok_volume,0.921,3639,150,3789,ok_volume,-0.171,25710,36352,62062,ok_volume,755,6,761,90850,57540,148390
1769886896,42,57,1.0,3436,0,3436,ok_volume,0.957,5332,117,5449,ok_volume,-0.132,27849,36352,64201,ok_volume,2139,0,2139,92656,57537,150193
1769886897,42,57,1.0,5230,0,5230,ok_volume,1.0,7162,0,7162,ok_volume,-0.092,30185,36321,66506,ok_volume,2336,0,2336,91329,57532,148861
1769886898,42,57,0.995,5497,14,5511,ok_volume,0.996,6794,14,6808,ok_volume,-0.094,30108,36335,66443,ok_volume,712,14,726,91183,57533,148716
1769886899,42,57,0.944,8102,234,8336,ok_volume,0.958,10996,234,11230,ok_volume,-0.021,34269,35741,70010,ok_volume,4752,220,4972,94278,54250,148528
1769886900,42,57,0.875,8117,542,8659,ok_volume,0.919,12910,542,13452,ok_volume,-0.098,29220,35599,64819,ok_volume,2672,308,2980,96520,54558,151078
1769886901,42,57,0.818,7479,747,8226,ok_volume,0.869,10837,761,11598,ok_volume,-0.1,29286,35818,65104,ok_volume,66,219,285,96294,54695,150989
1769886902,42,57,0.664,4023,813,4836,ok_volume,0.801,9471,1047,10518,ok_volume,0.495,30574,10337,40911,ok_volume,1291,286,1577,95575,45695,141270
1769886903,42,57,-0.16,2306,3182,5488,ok_volume,0.447,9719,3710,13429,ok_volume,0.407,30838,12986,43824,ok_volume,960,2677,3637,96112,48372,144484
1769886904,42,57,-0.405,2737,6463,9200,ok_volume,-0.122,5472,6990,12462,ok_volume,0.311,31335,16486,47821,ok_volume,505,3500,4005,95795,51872,147667
1769886905,42,57,-0.505,2308,7024,9332,ok_volume,-0.346,3662,7529,11191,ok_volume,0.304,32194,17189,49383,ok_volume,861,847,1708,96175,52719,148894
1769886906,42,57,0.141,5805,4367,10172,ok_volume,0.047,8045,7330,15375,ok_volume,0.367,36460,16900,53360,ok_volume,4457,26,4483,99527,52627,152154
1769886907,42,57,0.702,5519,967,6486,ok_volume,-0.012,6968,7144,14112,ok_volume,0.376,36650,16611,53261,ok_volume,213,109,322,99450,52736,152186
1769886908,42,57,0.669,5763,1145,6908,ok_volume,0.129,7119,5492,12611,ok_volume,0.36,37515,17636,55151,ok_volume,882,1025,1907,100560,53754,154314
1769886909,42,57,0.468,3102,1125,4227,ok_volume,0.617,8410,1992,10402,ok_volume,0.375,38655,17561,56216,ok_volume,1788,0,1788,99754,53754,153508
1769886910,42,57,0.877,16129,1061,17190,ok_volume,0.894,21032,1181,22213,ok_volume,0.518,51362,16295,67657,ok_volume,13375,42,13417,112763,53796,166559
1769886911,42,57,0.99,17737,86,17823,ok_volume,0.88,19051,1211,20262,ok_volume,0.653,53719,11267,64986,ok_volume,2468,0,2468,105293,53846,159139
1769886912,42,57,0.99,19491,96,19587,ok_volume,0.904,22250,1121,23371,ok_volume,0.674,57219,11127,68346,ok_volume,3565,15,3580,108938,53861,162799
1769886913,42,57,0.998,8843,10,8853,ok_volume,0.992,24112,96,24208,ok_volume,0.7,59518,10485,70003,ok_volume,929,5,934,111367,53785,165152
1769886914,42,57,0.964,8707,158,8865,ok_volume,0.98,24634,244,24878,ok_volume,0.705,60945,10533,71478,ok_volume,2423,153,2576,113642,53613,167255
1769886915,42,57,0.941,4838,148,4986,ok_volume,0.976,12758,158,12916,ok_volume,0.729,61525,9634,71159,ok_volume,1495,0,1495,114838,53563,168401
1769886916,42,57,0.919,32984,1398,34382,ok_volume,0.931,39270,1408,40678,ok_volume,0.779,87821,10884,98705,ok_volume,29052,1255,30307,143134,54457,197591
1769886917,42,56,0.883,30619,1895,32514,ok_volume,0.887,33963,2043,36006,ok_volume,0.767,87369,11529,98898,ok_volume,56,645,701,143173,54883,198056
1769886918,42,56,0.402,29103,12401,41504,ok_volume,0.449,33040,12549,45589,ok_volume,0.592,85921,22035,107956,ok_volume,0,10506,10506,142901,65159,208060
1769886919,43,56,-0.99,56,11151,11207,ok_volume,0.423,30619,12401,43020,ok_volume,0.583,83643,22035,105678,ok_volume,0,0,0,142745,64807,207552
1769886920,42,56,-1.0,0,10753,10753,ok_volume,0.394,29103,12648,41751,ok_volume,0.578,83126,22258,105384,ok_volume,0,247,247,141508,65054,206562
1769886921,42,56,-0.778,242,1943,2185,ok_volume,-0.955,298,13094,13392,ok_volume,0.552,82922,23921,106843,ok_volume,242,1700,1942,140609,66754,207363
1769886922,42,56,-0.597,742,2943,3685,ok_volume,-0.895,742,13449,14191,ok_volume,0.539,82916,24804,107720,ok_volume,500,1000,1500,139316,67754,207070
1769886923,42,56,0.047,3055,2782,5837,ok_volume,0.004,3055,3029,6084,ok_volume,0.542,83839,24890,108729,ok_volume,2318,86,2404,109640,64940,174580
1769886924,42,56,0.515,3388,1086,4474,ok_volume,0.09,3630,3029,6659,ok_volume,0.542,83872,24890,108762,ok_volume,575,0,575,109215,64784,173999
1769886925,42,56,0.937,5106,166,5272,ok_volume,0.343,5848,2862,8710,ok_volume,0.547,85335,24970,110305,ok_volume,2228,80,2308,111268,61398,172666
1769886926,42,56,0.83,3562,330,3892,ok_volume,0.637,6375,1416,7791,ok_volume,0.538,83965,25220,109185,ok_volume,769,250,1019,112037,61648,173685
1769886927,43,56,0.475,4273,1519,5792,ok_volume,0.634,7161,1605,8766,ok_volume,0.515,82597,26409,109006,ok_volume,1290,1091,2381,113327,62806,176133
1769886928,43,56,0.328,2844,1439,4283,ok_volume,0.575,5637,1519,7156,ok_volume,0.516,82682,26395,109077,ok_volume,799,0,799,113017,62806,175823
1769886929,43,56,0.176,2118,1484,3602,ok_volume,0.455,5105,1912,7017,ok_volume,0.492,77981,26568,104549,ok_volume,43,393,436,112477,62385,174862
1769886930,42,56,-0.325,2379,4673,7052,ok_volume,-0.159,4434,6112,10546,ok_volume,0.431,76859,30540,107399,ok_volume,1553,4280,5833,106301,66205,172506
1769886931,43,56,-0.462,1790,4859,6649,ok_volume,-0.212,3865,5950,9815,ok_volume,0.432,76993,30507,107500,ok_volume,211,186,397,106512,66391,172903
1769886932,43,56,-0.412,2117,5079,7196,ok_volume,-0.3,2949,5472,8421,ok_volume,0.423,76075,30834,106909,ok_volume,378,613,991,106890,41237,148127
1769886933,42,56,0.605,4592,1129,5721,ok_volume,0.032,6182,5802,11984,ok_volume,0.471,79145,28487,107632,ok_volume,4022,330,4352,110224,41534,151758
1769886934,42,56,0.7,5343,943,6286,ok_volume,0.134,7090,5409,12499,ok_volume,0.522,79599,24987,104586,ok_volume,952,0,952,111176,41534,152710
1769886935,42,56,0.856,5489,425,5914,ok_volume,0.664,6059,1224,7283,ok_volume,0.532,79256,24235,103491,ok_volume,525,95,620,111701,41485,153186
1769886936,42,56,0.926,2470,95,2565,ok_volume,0.737,6862,1038,7900,ok_volume,0.516,75810,24215,100025,ok_volume,989,0,989,112518,41176,153694
1769886937,42,56,-0.571,1623,5935,7558,ok_volume,0.026,6596,6265,12861,ok_volume,0.432,75460,29955,105415,ok_volume,112,5840,5952,112609,46627,159236
1769886938,42,56,-0.626,1364,5937,7301,ok_volume,-0.358,2852,6032,8884,ok_volume,0.441,74878,29027,103905,ok_volume,246,97,343,112640,46724,159364
1769886939,42,57,-0.816,601,5937,6538,ok_volume,-0.48,2120,6032,8152,ok_volume,0.432,73198,29027,102225,ok_volume,230,0,230,112222,46649,158871
1769886940,42,57,0.86,1836,138,1974,ok_volume,-0.339,2954,5978,8932,ok_volume,0.357,61199,28982,90181,ok_volume,375,41,416,112823,45388,158211
1769886941,42,57,0.967,5387,91,5478,ok_volume,-0.022,5769,6028,11797,ok_volume,0.365,62439,29032,91471,ok_volume,3775,50,3825,116509,40360,156869
1769886942,42,57,0.902,6976,361,7337,ok_volume,0.897,8441,458,8899,ok_volume,0.343,59884,29292,89176,ok_volume,2728,270,2998,119163,40478,159641
1769886943,42,57,0.971,21416,320,21736,ok_volume,0.969,23028,361,23389,ok_volume,0.432,73794,29292,103086,ok_volume,14833,0,14833,133573,39831,173404
1769886944,42,57,0.918,18050,770,18820,ok_volume,0.926,22298,861,23159,ok_volume,0.416,71862,29644,101506,ok_volume,489,500,989,133068,40231,173299
1769886945,42,57,0.936,25596,850,26446,ok_volume,0.93,32179,1170,33349,ok_volume,0.458,80620,29994,110614,ok_volume,10276,350,10626,142422,39682,182104
1769886946,42,57,0.863,11553,850,12403,ok_volume,0.926,29114,1120,30234,ok_volume,0.291,52363,28744,81107,ok_volume,801,0,801,140450,39682,180132
1769886947,42,57,0.608,11924,2904,14828,ok_volume,0.778,27246,3404,30650,ok_volume,0.269,53167,30653,83820,ok_volume,862,2554,3416,140797,42236,183033
1769886948,42,57,0.129,3389,2614,6003,ok_volume,0.607,14152,3464,17616,ok_volume,0.462,54906,20207,75113,ok_volume,1744,60,1804,141088,42296,183384
1769886949,42,57,0.122,3338,2614,5952,ok_volume,0.659,14402,2964,17366,ok_volume,0.467,55645,20207,75852,ok_volume,739,0,739,139539,42296,181835
1769886950,42,57,0.977,5133,60,5193,ok_volume,0.444,6783,2614,9397,ok_volume,0.49,58300,19960,78260,ok_volume,2661,0,2661,141679,42272,183951
1769886951,42,57,1.0,3511,0,3511,ok_volume,0.401,6110,2614,8724,ok_volume,0.522,58175,18264,76439,ok_volume,124,0,124,141344,42236,183580
1769886952,42,57,1.0,4687,0,4687,ok_volume,0.983,7165,60,7225,ok_volume,0.551,59590,17264,76854,ok_volume,1917,0,1917,142755,42119,184874
1769886953,42,57,1.0,2611,0,2611,ok_volume,1.0,6005,0,6005,ok_volume,0.542,57856,17178,75034,ok_volume,135,0,135,141928,42119,184047
1769886954,42,57,0.977,2791,33,2824,ok_volume,0.988,5563,33,5596,ok_volume,0.54,57578,17211,74789,ok_volume,304,33,337,141690,42152,183842
1769886955,42,57,0.813,852,88,940,ok_volume,0.949,3331,88,3419,ok_volume,0.529,55783,17186,72969,ok_volume,429,55,484,141364,42201,183565
1769886956,42,57,0.656,916,190,1106,ok_volume,0.894,3410,190,3600,ok_volume,0.53,55210,16940,72150,ok_volume,194,102,296,139433,42303,181736
1769886957,42,57,0.814,1531,157,1688,ok_volume,0.823,1960,190,2150,ok_volume,0.552,54836,15849,70685,ok_volume,912,0,912,137691,42303,179994
1769886958,42,57,0.908,2120,102,2222,ok_volume,0.875,2854,190,3044,ok_volume,0.553,55073,15849,70922,ok_volume,1053,0,1053,138032,42289,180321
1769886959,42,57,1.0,2177,0,2177,ok_volume,0.894,2796,157,2953,ok_volume,0.563,55269,15456,70725,ok_volume,241,0,241,133521,42069,175590
1769886960,42,57,1.0,2821,0,2821,ok_volume,0.949,3915,102,4017,ok_volume,0.664,55278,11176,66454,ok_volume,1558,0,1558,132407,41761,174168
1769886961,42,57,1.0,2044,0,2044,ok_volume,1.0,3982,0,3982,ok_volume,0.669,55327,10990,66317,ok_volume,253,0,253,132594,41542,174136
1769886962,42,57,0.88,1951,124,2075,ok_volume,0.926,3216,124,3340,ok_volume,0.68,55103,10501,65604,ok_volume,146,124,270,131449,41380,172829
1769886963,42,57,0.559,782,221,1003,ok_volume,0.842,2577,221,2798,ok_volume,0.667,51468,10268,61736,ok_volume,173,97,270,130879,38800,169679
1769886964,42,57,-0.012,1121,1148,2269,ok_volume,0.436,2926,1148,4074,ok_volume,0.641,51105,11195,62300,ok_volume,588,927,1515,130962,36227,167189
1769886965,43,56,-0.021,981,1024,2005,ok_volume,0.162,1593,1148,2741,ok_volume,0.641,50791,11100,61891,ok_volume,223,0,223,130324,35380,165704
1769886966,43,56,0.01,1028,1007,2035,ok_volume,0.119,1561,1228,2789,ok_volume,0.635,50026,11180,61206,ok_volume,217,80,297,126084,35434,161518
1769886967,43,56,0.423,827,335,1162,ok_volume,0.077,1585,1359,2944,ok_volume,0.8,50277,5595,55872,ok_volume,387,255,642,126015,35580,161595
1769886968,43,56,0.296,617,335,952,ok_volume,0.062,1428,1262,2690,ok_volume,0.802,50044,5498,55542,ok_volume,13,0,13,125146,34555,159701
1769886969,43,56,0.239,415,255,670,ok_volume,0.437,855,335,1190,ok_volume,0.798,48840,5498,54338,ok_volume,0,0,0,123262,34555,157817
1769886970,43,56,0.95,786,20,806,ok_volume,0.593,1390,355,1745,ok_volume,0.8,49205,5477,54682,ok_volume,768,20,788,110655,34483,145138
1769886971,43,56,0.955,866,20,886,ok_volume,0.647,1281,275,1556,ok_volume,0.787,45458,5427,50885,ok_volume,124,0,124,108222,34483,142705
1769886972,43,56,0.965,1138,20,1158,ok_volume,0.966,1166,20,1186,ok_volume,0.786,43002,5157,48159,ok_volume,272,0,272,103130,34468,137598
1769886973,43,56,1.0,652,0,652,ok_volume,0.972,1410,20,1430,ok_volume,0.693,28441,5157,33598,ok_volume,157,0,157,102473,34463,136936
1769886974,43,56,0.887,8317,500,8817,ok_volume,0.893,9183,520,9703,ok_volume,0.748,35725,5157,40882,ok_volume,7773,500,8273,107820,34810,142630
1769886975,43,56,0.889,8516,500,9016,ok_volume,0.895,9011,500,9511,ok_volume,0.688,26037,4807,30844,ok_volume,533,0,533,106889,34810,141699
1769886976,43,56,0.893,8806,500,9306,ok_volume,0.898,9350,500,9850,ok_volume,0.685,25694,4807,30501,ok_volume,141,2,143,78284,33557,111841
1769886977,43,56,0.875,1347,90,1437,ok_volume,0.881,9330,590,9920,ok_volume,0.83,25201,2343,27544,ok_volume,147,75,222,78592,33002,111594
1769886978,43,56,0.68,734,140,874,ok_volume,0.872,9399,640,10039,ok_volume,0.821,23688,2333,26021,ok_volume,232,50,282,78824,22546,101370
1769886979,43,56,0.792,1735,201,1936,ok_volume,0.863,2938,216,3154,ok_volume,0.82,24314,2409,26723,ok_volume,1246,76,1322,80189,22627,102816
1769886980,43,56,0.86,1670,126,1796,ok_volume,0.82,2178,216,2394,ok_volume,0.8,21738,2409,24147,ok_volume,81,0,81,80270,22380,102650
1769886981,43,56,0.687,1454,270,1724,ok_volume,0.662,1943,395,2338,ok_volume,0.786,21750,2603,24353,ok_volume,137,194,331,80165,20874,101039
1769886982,43,56,0.404,579,246,825,ok_volume,0.707,2170,372,2542,ok_volume,0.763,19759,2655,22414,ok_volume,376,53,429,80041,19927,99968
1769886983,43,56,0.285,776,432,1208,ok_volume,0.611,2101,508,2609,ok_volume,0.75,19903,2841,22744,ok_volume,279,186,465,78002,20027,98029
1769886984,43,56,-0.626,1594,6936,8530,ok_volume,-0.597,1802,7130,8932,ok_volume,0.368,20553,9506,30059,ok_volume,951,6704,7655,78378,26731,105109
1769886985,43,56,-0.684,1504,8006,9510,ok_volume,-0.609,2004,8252,10256,ok_volume,0.317,20397,10573,30970,ok_volume,287,1047,1334,76437,27773,104210
1769886986,43,56,-0.631,1767,7820,9587,ok_volume,-0.539,2414,8058,10472,ok_volume,0.329,20754,10471,31225,ok_volume,493,0,493,76207,27425,103632
1769886987,43,56,0.184,1520,1047,2567,ok_volume,-0.49,2743,8006,10749,ok_volume,0.325,20542,10471,31013,ok_volume,700,0,700,75617,26334,101951
1769886988,43,56,1.0,1864,0,1864,ok_volume,-0.427,3138,7820,10958,ok_volume,0.317,20187,10471,30658,ok_volume,671,0,671,75489,26334,101823
1769886989,42,57,0.953,2725,66,2791,ok_volume,0.522,3545,1113,4658,ok_volume,0.338,21302,10537,31839,ok_volume,507,71,578,76801,26012,102813
1769886990,42,57,0.727,2917,461,3378,ok_volume,0.798,4110,461,4571,ok_volume,0.307,20638,10932,31570,ok_volume,892,395,1287,76140,22127,98267
1769886991,43,56,-0.613,1398,5818,7216,ok_volume,-0.233,3617,5818,9435,ok_volume,0.112,20389,16289,36678,ok_volume,0,5357,5357,75929,27298,103227
1769886992,43,56,-0.66,1208,5902,7110,ok_volume,-0.297,3233,5968,9201,ok_volume,0.11,20342,16315,36657,ok_volume,316,150,466,75867,26835,102702
1769886993,43,56,-0.885,337,5507,5844,ok_volume,-0.55,1735,5968,7703,ok_volume,0.109,20193,16218,36411,ok_volume,21,0,21,71866,26505,98371
1769886994,43,56,0.348,1396,675,2071,ok_volume,-0.475,2288,6427,8715,ok_volume,0.133,20664,15816,36480,ok_volume,1059,525,1584,71973,27030,99003
1769886995,43,56,0.758,3816,525,4341,ok_volume,-0.187,4132,6032,10164,ok_volume,0.189,23177,15816,38993,ok_volume,2716,0,2716,74168,26935,101103
1769886996,43,56,0.784,4341,525,4866,ok_volume,0.748,4678,675,5353,ok_volume,0.198,23506,15736,39242,ok_volume,453,0,453,73732,26935,100667
1769886997,43,56,0.963,5311,100,5411,ok_volume,0.822,6416,625,7041,ok_volume,0.235,25173,15581,40754,ok_volume,54,107,161,75642,21202,96844
1769886998,43,56,0.964,5484,100,5584,ok_volume,0.875,9379,625,10004,ok_volume,0.287,28129,15581,43710,ok_volume,2990,0,2990,78386,21105,99491
1769886999,43,56,0.94,3236,100,3336,ok_volume,0.977,8493,100,8593,ok_volume,0.29,28327,15581,43908,ok_volume,204,0,204,77360,21105,98465
1769887000,43,55,1.0,3610,0,3610,ok_volume,0.968,6110,100,6210,ok_volume,0.286,27997,15561,43558,ok_volume,433,0,433,77396,21064,98460
1769887001,43,55,0.589,774,200,974,ok_volume,0.854,3812,300,4112,ok_volume,0.28,28037,15761,43798,ok_volume,148,200,348,73689,21214,94903
1769887002,43,55,0.486,618,214,832,ok_volume,0.893,3800,214,4014,ok_volume,0.274,27692,15775,43467,ok_volume,42,17,59,71003,20961,91964
1769887003,42,55,-0.761,424,3121,3545,ok_volume,-0.497,1050,3121,4171,ok_volume,0.196,27769,18682,46451,ok_volume,240,2907,3147,56410,23868,80278
1769887004,44,55,0.051,3236,2921,6157,ok_volume,0.1,3812,3121,6933,ok_volume,0.115,22903,18182,41085,ok_volume,2964,0,2964,58885,23368,82253
1769887005,44,55,0.707,16911,2907,19818,ok_volume,0.691,17101,3121,20222,ok_volume,0.326,35781,18182,53963,ok_volume,13717,0,13717,62326,23018,85344
1769887006,45,54,1.0,16708,0,16708,ok_volume,0.707,16984,2921,19905,ok_volume,0.322,35448,18167,53615,ok_volume,40,0,40,61565,23018,84583
1769887007,46,53,0.979,13938,150,14088,ok_volume,0.697,17132,3057,20189,ok_volume,0.321,35494,18242,53736,ok_volume,190,150,340,60893,20614,81507
1769887008,46,53,0.0,221,221,442,ok_volume,0.974,16898,221,17119,ok_volume,0.316,35149,18263,53412,ok_volume,0,71,71,59149,20632,79781
1769887009,46,53,-0.73,190,1220,1410,ok_volume,0.839,13938,1220,15158,ok_volume,0.277,33903,19186,53089,ok_volume,0,999,999,58410,21631,80041
1769887010,47,52,-0.585,290,1109,1399,ok_volume,-0.423,511,1259,1770,ok_volume,0.279,34114,19225,53339,ok_volume,294,39,333,56043,21670,77713
1769887011,47,52,-0.563,290,1038,1328,ok_volume,-0.448,480,1259,1739,ok_volume,0.282,33985,19031,53016,ok_volume,0,4,4,55919,21674,77593
1769887012,47,52,-0.862,290,3926,4216,ok_volume,-0.89,290,4996,5286,ok_volume,0.19,33614,22866,56480,ok_volume,0,3888,3888,53555,25562,79117
1769887013,47,52,0,20,3887,3907,low_activity,-0.882,310,4925,5235,ok_volume,0.191,33358,22680,56038,ok_volume,20,0,20,53440,25562,79002
1769887014,46,52,-0.748,561,3887,4448,ok_volume,-0.644,851,3926,4777,ok_volume,0.349,32952,15907,48859,ok_volume,548,0,548,53684,25532,79216
1769887015,45,52,1.0,700,0,700,ok_volume,-0.695,700,3887,4587,ok_volume,0.376,32764,14860,47624,ok_volume,49,0,49,53380,25477,78857
1769887016,45,52,0.747,690,100,790,ok_volume,-0.698,710,3987,4697,ok_volume,0.367,32281,14960,47241,ok_volume,10,100,110,53196,25475,78671
1769887017,45,51,0.598,397,100,497,ok_volume,0.826,1048,100,1148,ok_volume,0.362,31919,14960,46879,ok_volume,260,0,260,52624,25475,78099
1769887018,46,51,0.137,527,400,927,ok_volume,0.502,1207,400,1607,ok_volume,0.334,30579,15260,45839,ok_volume,188,300,488,51759,25775,77534
1769887019,48,51,0.25,500,300,800,ok_volume,0.23,639,400,1039,ok_volume,0.33,30136,15194,45330,ok_volume,63,0,63,51581,25775,77356
1769887020,48,51,-0.282,274,489,763,ok_volume,0.027,622,589,1211,ok_volume,0.323,29276,14988,44264,ok_volume,32,190,222,50055,25965,76020
1769887021,48,50,-0.167,135,189,324,ok_volume,0.078,572,489,1061,ok_volume,0.505,29316,9631,38947,ok_volume,40,0,40,49842,25965,75807
1769887022,48,50,-0.122,148,189,337,ok_volume,-0.113,390,489,879,ok_volume,0.508,29076,9481,38557,ok_volume,61,0,61,49559,25841,75400
1769887023,48,50,0.673,378,74,452,ok_volume,0.285,473,263,736,ok_volume,0.508,29317,9555,38872,ok_volume,265,81,346,49651,25825,75476
1769887024,49,50,0.627,323,74,397,ok_volume,0.218,410,263,673,ok_volume,0.515,28233,9030,37263,ok_volume,1,0,1,49064,24898,73962
1769887025,49,49,0.576,275,74,349,ok_volume,0.682,391,74,465,ok_volume,0.476,25435,9030,34465,ok_volume,22,0,22,48863,24898,73761
1769887026,49,48,0,26,0,26,low_activity,0.65,349,74,423,ok_volume,0.436,23002,9030,32032,ok_volume,13,0,13,48659,24818,73477
1769887027,49,49,0,214,0,214,low_activity,0.731,476,74,550,ok_volume,0.443,23136,8930,32066,ok_volume,188,0,188,48460,24563,73023
1769887028,49,49,0.82,1818,180,1998,ok_volume,0.821,1831,180,2011,ok_volume,0.41,21769,9110,30879,ok_volume,1635,180,1815,50067,24743,74810
1769887029,49,49,0.849,2212,180,2392,ok_volume,0.851,2238,180,2418,ok_volume,0.414,21978,9110,31088,ok_volume,408,0,408,50484,24743,75227
1769887030,50,49,0.857,2331,180,2511,ok_volume,0.867,2532,180,2712,ok_volume,0.412,21857,9110,30967,ok_volume,129,0,129,50033,24723,74756
1769887031,49,49,1.0,1525,0,1525,ok_volume,0.897,3330,180,3510,ok_volume,0.433,22520,8910,31430,ok_volume,675,8,683,50720,24731,75451
1769887032,49,49,0.797,2142,242,2384,ok_volume,0.823,4354,422,4776,ok_volume,0.443,23690,9138,32828,ok_volume,1212,242,1454,51545,24973,76518
1769887033,50,48,0.795,6269,716,6985,ok_volume,0.817,7119,716,7835,ok_volume,0.612,27838,6705,34543,ok_volume,4397,474,4871,55785,25447,81232
1769887034,51,48,0.776,5685,716,6401,ok_volume,0.805,6615,716,7331,ok_volume,0.577,24969,6705,31674,ok_volume,101,2,103,48060,24949,73009
1769887035,51,46,0.707,4473,768,5241,ok_volume,0.726,6360,1010,7370,ok_volume,0.233,11252,6999,18251,ok_volume,0,299,299,47221,25248,72469
1769887036,51,46,0,91,294,385,low_activity,0.698,5685,1010,6695,ok_volume,0.232,11221,6999,18220,ok_volume,0,2,2,46857,25233,72090
1769887037,50,46,-0.753,538,3812,4350,ok_volume,0.078,5011,4286,9297,ok_volume,0.055,11569,10367,21936,ok_volume,546,3524,4070,47256,28682,75938
1769887038,51,46,-0.56,1048,3718,4766,ok_volume,-0.558,1139,4012,5151,ok_volume,0.07,12079,10496,22575,ok_volume,510,200,710,47415,28827,76242
1769887039,52,46,-0.502,1234,3718,4952,ok_volume,-0.53,1234,4012,5246,ok_volume,0.127,12265,9497,21762,ok_volume,191,0,191,46360,28751,75111
1769887040,52,45,0.531,780,239,1019,ok_volume,-0.481,1318,3757,5075,ok_volume,0.119,12059,9497,21556,ok_volume,84,42,126,46363,28793,75156
1769887041,51,45,-0.277,349,616,965,ok_volume,-0.512,1397,4334,5731,ok_volume,0.093,12138,10074,22212,ok_volume,86,580,666,46312,29179,75491
1769887042,51,45,-0.514,198,616,814,ok_volume,0.046,894,816,1710,ok_volume,0.326,12173,6187,18360,ok_volume,35,0,35,45971,29126,75097
1769887043,51,45,-0.717,234,1422,1656,ok_volume,-0.487,504,1461,1965,ok_volume,0.271,12273,7032,19305,ok_volume,128,845,973,45820,29785,75605
1769887044,51,46,-0.301,454,845,1299,ok_volume,-0.406,617,1461,2078,ok_volume,0.259,11941,7032,18973,ok_volume,220,0,220,45174,23006,68180
1769887045,52,46,-0.198,582,870,1452,ok_volume,-0.35,696,1447,2143,ok_volume,0.262,12055,7057,19112,ok_volume,119,25,144,45004,21984,66988
1769887046,52,47,0.702,669,117,786,ok_volume,-0.028,909,962,1871,ok_volume,0.27,12257,7049,19306,ok_volume,260,0,260,44814,22076,66890
1769887047,52,47,0.683,621,117,738,ok_volume,0.06,1084,962,2046,ok_volume,0.268,12209,7049,19258,ok_volume,217,0,217,44331,22076,66407
1769887048,50,48,0.411,1765,736,2501,ok_volume,0.437,2178,853,3031,ok_volume,0.281,13329,7485,20814,ok_volume,1306,737,2043,44123,22813,66936
1769887049,50,49,0.15,2371,1751,4122,ok_volume,0.197,2782,1868,4650,ok_volume,0.249,14128,8500,22628,ok_volume,862,1015,1877,44478,23757,68235
1769887050,50,49,0.338,3539,1751,5290,ok_volume,0.392,4005,1751,5756,ok_volume,0.301,15474,8311,23785,ok_volume,1378,0,1378,44964,23362,68326
1769887051,48,50,0.539,3384,1015,4399,ok_volume,0.473,4893,1751,6644,ok_volume,0.332,16563,8311,24874,ok_volume,1150,0,1150,46114,18005,64119
1769887052,48,51,1.0,4417,0,4417,ok_volume,0.58,6578,1751,8329,ok_volume,0.378,18397,8311,26708,ok_volume,1858,0,1858,47693,17855,65548
1769887053,48,51,1.0,3651,0,3651,ok_volume,0.706,5891,1015,6906,ok_volume,0.389,18747,8237,26984,ok_volume,615,0,615,48287,17855,66142
1769887054,44,55,0.953,3471,84,3555,ok_volume,0.973,6030,84,6114,ok_volume,0.407,19748,8321,28069,ok_volume,1017,90,1107,48220,17420,65640
1769887055,44,52,0.926,2172,84,2256,ok_volume,0.968,5211,84,5295,ok_volume,0.418,20294,8321,28615,ok_volume,564,0,564,45968,17420,63388
1769887056,44,52,0.903,1644,84,1728,ok_volume,0.96,4114,84,4198,ok_volume,0.42,20365,8321,28686,ok_volume,84,0,84,43599,17420,61019
1769887057,44,52,0.896,1275,70,1345,ok_volume,0.899,2888,154,3042,ok_volume,0.425,20809,8391,29200,ok_volume,632,76,708,44177,17389,61566
1769887058,46,53,0.283,865,483,1348,ok_volume,0.621,2425,567,2992,ok_volume,0.383,19341,8624,27965,ok_volume,157,420,577,41344,17809,59153
1769887059,46,53,0.307,1193,633,1826,ok_volume,0.487,1836,633,2469,ok_volume,0.372,19158,8774,27932,ok_volume,420,150,570,41560,17959,59519
1769887060,44,53,-0.027,675,713,1388,ok_volume,0.28,1391,783,2174,ok_volume,0.361,19017,8924,27941,ok_volume,115,150,265,41242,18109,59351
1769887061,43,52,0.778,2536,316,2852,ok_volume,0.612,3317,799,4116,ok_volume,0.39,20352,8940,29292,ok_volume,2010,0,2010,43112,17925,61037
1769887062,43,52,0.932,4714,166,4880,ok_volume,0.757,5275,729,6004,ok_volume,0.428,21730,8698,30428,ok_volume,2593,0,2593,45663,17908,63571
1769887063,42,52,1.0,4832,0,4832,ok_volume,0.889,5358,316,5674,ok_volume,0.363,17580,8224,25804,ok_volume,234,0,234,45657,15001,60658
1769887064,42,52,0.993,3096,11,3107,ok_volume,0.934,5220,177,5397,ok_volume,0.366,17763,8235,25998,ok_volume,292,11,303,42985,15012,57997
1769887065,42,52,0.968,685,11,696,ok_volume,0.996,5285,11,5296,ok_volume,0.386,17942,7941,25883,ok_volume,187,0,187,29455,15012,44467
1769887066,45,52,0.965,613,11,624,ok_volume,0.994,3435,11,3446,ok_volume,0.39,18102,7941,26043,ok_volume,168,0,168,29583,15012,44595
1769887067,47,50,-0.388,339,768,1107,ok_volume,0.041,845,779,1624,ok_volume,0.544,17564,5191,22755,ok_volume,0,770,770,29393,15625,45018
1769887068,46,49,-0.009,1310,1335,2645,ok_volume,0.134,1763,1346,3109,ok_volume,0.532,18204,5558,23762,ok_volume,1151,567,1718,30544,16121,46665
1769887069,48,47,-0.131,1150,1498,2648,ok_volume,-0.003,1489,1498,2987,ok_volume,0.518,18018,5721,23739,ok_volume,0,17,17,30544,15302,45846
1769887070,50,46,0.223,1150,730,1880,ok_volume,-0.067,1310,1498,2808,ok_volume,0.519,17934,5682,23616,ok_volume,3,0,3,30253,15263,45516
1769887071,47,50,-1.0,0,1584,1584,ok_volume,-0.457,1150,3082,4232,ok_volume,0.455,17855,6689,24544,ok_volume,0,1589,1589,30253,16848,47101
1769887072,47,50,-1.0,0,1691,1691,ok_volume,-0.356,1150,2421,3571,ok_volume,0.448,17820,6796,24616,ok_volume,0,18,18,30253,13067,43320
1769887073,49,50,-1.0,0,1691,1691,ok_volume,-1.0,0,1691,1691,ok_volume,0.495,17615,5951,23566,ok_volume,0,0,0,30233,13064,43297
1769887074,50,47,0.12,435,342,777,ok_volume,-0.645,435,2015,2450,ok_volume,0.479,17792,6275,24067,ok_volume,435,330,765,30030,13394,43424
1769887075,53,46,-0.901,435,8379,8814,ok_volume,-0.917,435,10070,10505,ok_volume,0.108,17637,14213,31850,ok_volume,0,8061,8061,29981,21455,51436
1769887076,47,48,-0.81,903,8599,9502,ok_volume,-0.81,903,8617,9520,ok_volume,0.106,17849,14433,32282,ok_volume,484,220,704,30375,21575,51950
1769887077,49,48,-0.895,468,8448,8916,ok_volume,-0.813,903,8772,9675,ok_volume,0.094,17639,14606,32245,ok_volume,0,173,173,30115,21748,51863
1769887078,50,48,0.377,869,393,1262,ok_volume,-0.741,1304,8772,10076,ok_volume,0.094,16741,13870,30611,ok_volume,401,3,404,30337,21451,51788
1769887079,50,48,0.351,450,216,666,ok_volume,-0.805,918,8491,9409,ok_volume,0.105,15928,12898,28826,ok_volume,58,43,101,30332,21494,51826
1769887080,50,48,0.883,689,43,732,ok_volume,0.453,1157,436,1593,ok_volume,0.068,14789,12898,27687,ok_volume,242,1,243,30542,21305,51847
1769887081,50,47,-0.032,435,464,899,ok_volume,0.135,836,637,1473,ok_volume,0.016,13755,13319,27074,ok_volume,147,421,568,30630,21726,52356
1769887082,50,47,0.538,1868,561,2429,ok_volume,0.587,2318,604,2922,ok_volume,-0.003,13379,13459,26838,ok_volume,1500,140,1640,32069,21866,53935
1769887083,50,49,0.247,1674,1011,2685,ok_volume,0.301,1962,1054,3016,ok_volume,-0.041,12812,13909,26721,ok_volume,52,450,502,31856,22235,54091
1769887084,50,48,0.442,1627,629,2256,ok_volume,0.314,2013,1050,3063,ok_volume,-0.076,11911,13864,25775,ok_volume,101,45,146,31956,22280,54236
1769887085,51,48,-0.369,1081,2346,3427,ok_volume,-0.035,2710,2907,5617,ok_volume,-0.123,12288,15721,28009,ok_volume,945,1857,2802,32879,24137,57016
1769887086,51,48,-0.202,1296,1954,3250,ok_volume,0.052,2823,2544,5367,ok_volume,-0.117,12464,15779,28243,ok_volume,260,61,321,33126,24198,57324
1769887087,51,48,-0.233,1329,2138,3467,ok_volume,-0.281,1474,2627,4101,ok_volume,-0.142,11965,15932,27897,ok_volume,138,223,361,33076,24421,57497
1769887088,51,48,0.238,457,281,738,ok_volume,-0.186,1493,2177,3670,ok_volume,-0.133,11880,15519,27399,ok_volume,71,0,71,31503,24241,55744
1769887089,51,47,-0.105,273,337,610,ok_volume,-0.21,1469,2252,3721,ok_volume,-0.146,11544,15483,27027,ok_volume,76,114,190,30983,24355,55338
1769887090,52,47,-0.84,140,1614,1754,ok_volume,-0.561,533,1895,2428,ok_volume,-0.191,11430,16817,28247,ok_volume,0,1500,1500,30718,25855,56573
1769887091,51,44,-0.935,337,10030,10367,ok_volume,-0.901,534,10253,10787,ok_volume,-0.445,9681,25233,34914,ok_volume,261,8416,8677,30304,34263,64567
1769887092,52,44,-0.797,1118,9916,11034,ok_volume,-0.777,1258,10030,11288,ok_volume,-0.521,7948,25233,33181,ok_volume,857,0,857,29949,34021,63970
1769887093,51,48,-0.786,1118,9338,10456,ok_volume,-0.803,1194,10952,12146,ok_volume,-0.544,7716,26155,33871,ok_volume,2,927,929,25554,34474,60028
1769887094,51,45,0.312,1758,922,2680,ok_volume,-0.686,2019,10838,12857,ok_volume,-0.516,8343,26144,34487,ok_volume,909,0,909,26362,34472,60834
1769887095,51,46,-0.012,901,922,1823,ok_volume,-0.644,2019,9338,11357,ok_volume,-0.524,8164,26144,34308,ok_volume,0,0,0,26362,34173,60535
1769887096,54,45,0.942,1298,39,1337,ok_volume,0.383,2155,961,3116,ok_volume,-0.514,8401,26183,34584,ok_volume,400,39,439,26762,34210,60972
1769887097,54,45,-0.103,458,563,1021,ok_volume,-0.044,1359,1485,2844,ok_volume,-0.508,8462,25939,34401,ok_volume,61,524,585,26277,31210,57487
1769887098,54,45,-0.418,600,1463,2063,ok_volume,0.013,1501,1463,2964,ok_volume,-0.556,7454,26109,33563,ok_volume,148,900,1048,25915,31910,57825
1769887099,52,45,-0.69,302,1648,1950,ok_volume,-0.414,699,1687,2386,ok_volume,-0.554,7553,26333,33886,ok_volume,99,231,330,25823,32144,57967
1769887100,52,45,-0.179,782,1124,1906,ok_volume,-0.153,1240,1687,2927,ok_volume,-0.53,8094,26333,34427,ok_volume,541,0,541,26280,32102,58382
1769887101,52,45,0.675,1153,224,1377,ok_volume,-0.097,1356,1648,3004,ok_volume,-0.483,8607,24660,33267,ok_volume,523,0,523,26717,31522,58239
1769887102,51,46,0.84,3508,305,3813,ok_volume,0.448,3749,1429,5178,ok_volume,-0.386,11061,24947,36008,ok_volume,2460,305,2765,29162,31827,60989
1769887103,51,46,0.8,2993,333,3326,ok_volume,0.734,3633,557,4190,ok_volume,-0.385,11087,24975,36062,ok_volume,37,28,65,28986,31010,59996
1769887104,51,46,0.652,2567,540,3107,ok_volume,0.741,3634,540,4174,ok_volume,-0.396,10752,24858,35610,ok_volume,108,207,315,28830,31217,60047
1769887105,51,46,0.084,456,385,841,ok_volume,0.664,3423,690,4113,ok_volume,-0.209,11082,16953,28035,ok_volume,330,152,482,28998,31252,60250
1769887106,51,46,0.131,465,357,822,ok_volume,0.619,2932,690,3622,ok_volume,-0.222,10649,16733,27382,ok_volume,40,0,40,28778,31252,60030
1769887107,52,46,0.59,703,181,884,ok_volume,0.332,829,416,1245,ok_volume,-0.203,10987,16591,27578,ok_volume,347,31,378,28903,31283,60186
1769887108,53,46,0.829,480,45,525,ok_volume,0.387,910,402,1312,ok_volume,-0.217,10693,16605,27298,ok_volume,107,17,124,27704,30563,58267
1769887109,52,47,0.553,1053,303,1356,ok_volume,0.516,1418,453,1871,ok_volume,-0.198,11252,16820,28072,ok_volume,32,259,291,27450,29811,57261
1769887110,52,47,0.431,767,305,1072,ok_volume,0.545,1140,336,1476,ok_volume,-0.207,11065,16853,27918,ok_volume,52,33,85,26124,29844,55968
1769887111,53,46,0.809,2761,291,3052,ok_volume,0.837,3782,336,4118,ok_volume,-0.094,13595,16432,30027,ok_volume,2677,0,2677,27614,29844,57458
1769887112,53,46,0.955,8204,190,8394,ok_volume,0.902,8919,462,9381,ok_volume,0.033,17588,16449,34037,ok_volume,5475,157,5632,31231,30001,61232
1769887113,53,46,0.963,8368,157,8525,ok_volume,0.899,8452,448,8900,ok_volume,0.052,17759,15999,33758,ok_volume,217,0,217,30833,30003,60836
1769887114,51,47,0.245,5799,3514,9313,ok_volume,0.413,8528,3547,12075,ok_volume,-0.042,17767,19317,37084,ok_volume,64,3360,3424,29932,33273,63205
1769887115,51,47,-0.718,551,3357,3908,ok_volume,0.425,8703,3514,12217,ok_volume,-0.012,17058,17460,34518,ok_volume,228,0,228,29596,33273,62869
1769887116,51,47,-0.687,682,3682,4364,ok_volume,0.252,6425,3839,10264,ok_volume,-0.015,17197,17727,34924,ok_volume,401,325,726,29913,33598,63511
1769887117,52,47,0.448,891,340,1231,ok_volume,-0.505,1215,3697,4912,ok_volume,-0.005,17329,17519,34848,ok_volume,273,15,288,29554,33537,63091
1769887118,52,47,0.207,664,436,1100,ok_volume,-0.6,947,3793,4740,ok_volume,-0.01,17265,17615,34880,ok_volume,7,101,108,29404,33218,62622
1769887119,51,48,-0.283,265,474,739,ok_volume,0.054,891,799,1690,ok_volume,-0.019,17189,17864,35053,ok_volume,9,363,372,28993,33431,62424
1769887120,50,49,-0.84,40,459,499,ok_volume,-0.063,704,799,1503,ok_volume,0.026,17229,16364,33593,ok_volume,40,0,40,28910,33265,62175
1769887121,48,51,-0.858,123,1613,1736,ok_volume,-0.633,388,1724,2112,ok_volume,0.299,17051,9198,26249,ok_volume,101,1250,1351,27001,34515,61516
1769887122,45,53,-0.568,413,1500,1913,ok_volume,-0.652,413,1959,2372,ok_volume,0.271,16484,9448,25932,ok_volume,297,250,547,24705,34765,59470
1769887123,44,52,-0.602,373,1500,1873,ok_volume,-0.637,413,1863,2276,ok_volume,0.318,16484,8526,25010,ok_volume,0,0,0,24471,34765,59236
1769887124,43,55,0.093,301,250,551,ok_volume,-0.559,424,1500,1924,ok_volume,0.293,15594,8526,24120,ok_volume,11,0,11,24190,34754,58944
1769887125,43,55,1.0,996,0,996,ok_volume,-0.046,1369,1500,2869,ok_volume,0.321,16579,8526,25105,ok_volume,993,0,993,24996,34754,59750
1769887126,43,55,0.968,1226,20,1246,ok_volume,0.698,1516,270,1786,ok_volume,0.317,16412,8507,24919,ok_volume,232,25,257,25060,34779,59839
1769887127,42,56,0.972,1428,20,1448,ok_volume,0.973,1439,20,1459,ok_volume,0.35,16564,7983,24547,ok_volume,213,0,213,25273,34009,59282
1769887128,42,57,0.996,9066,20,9086,ok_volume,0.996,10062,20,10082,ok_volume,0.559,25045,7083,32128,ok_volume,8623,0,8623,32745,33279,66024
1769887129,42,57,1.0,8846,0,8846,ok_volume,0.996,10061,20,10081,ok_volume,0.569,24956,6859,31815,ok_volume,10,0,10,32755,33262,66017
1769887130,40,57,0.993,8654,31,8685,ok_volume,0.989,9097,51,9148,ok_volume,0.56,24436,6890,31326,ok_volume,11,36,47,32778,33298,66076
1769887131,40,56,0.644,1160,251,1411,ok_volume,0.951,9996,251,10247,ok_volume,0.558,25039,7110,32149,ok_volume,1129,220,1349,33907,31840,65747
1769887132,43,56,0.738,2463,372,2835,ok_volume,0.935,11106,372,11478,ok_volume,0.551,23921,6926,30847,ok_volume,1323,121,1444,35230,31943,67173
1769887133,42,56,0.666,3370,676,4046,ok_volume,0.656,3401,707,4108,ok_volume,0.549,24813,7233,32046,ok_volume,918,335,1253,36148,32278,68426
1769887134,40,59,0.473,4470,1600,6070,ok_volume,0.504,5610,1851,7461,ok_volume,0.535,26942,8170,35112,ok_volume,2229,1144,3373,37942,33092,71034
1769887135,36,60,-0.567,3179,11494,14673,ok_volume,-0.355,5631,11835,17466,ok_volume,0.193,26644,18035,44679,ok_volume,32,10015,10047,37974,35046,73020
1769887136,36,60,-0.663,2261,11159,13420,ok_volume,-0.441,4502,11615,16117,ok_volume,0.192,26609,18035,44644,ok_volume,9,0,9,37499,34826,72325
1769887137,34,62,-0.987,67,10405,10472,ok_volume,-0.574,3214,11884,15098,ok_volume,0.177,26306,18394,44700,ok_volume,44,390,434,37536,35043,72579
1769887138,34,63,0.058,438,390,828,ok_volume,-0.621,2699,11549,14248,ok_volume,0.172,26026,18380,44406,ok_volume,406,0,406,37541,35040,72581
1769887139,35,63,0.092,469,390,859,ok_volume,-0.908,501,10405,10906,ok_volume,0.179,26025,18122,44147,ok_volume,31,0,31,37514,34997,72511
1769887140,32,63,0.953,798,19,817,ok_volume,0.341,833,409,1242,ok_volume,0.185,26337,18108,44445,ok_volume,364,0,364,37636,35015,72651
1769887141,32,64,0.867,802,57,859,ok_volume,0.47,1240,447,1687,ok_volume,0.14,24067,18146,42213,ok_volume,357,42,399,37909,34646,72555
1769887142,34,65,0.949,1444,38,1482,ok_volume,0.941,1878,57,1935,ok_volume,0.034,19265,17989,37254,ok_volume,682,0,682,37091,34506,71597
1769887143,35,64,0.272,1349,772,2121,ok_volume,0.383,1794,801,2595,ok_volume,0.015,19316,18733,38049,ok_volume,328,744,1072,37367,34800,72167
1769887144,34,65,0.09,1069,893,1962,ok_volume,0.328,1840,931,2771,ok_volume,0.109,19337,15525,34862,ok_volume,80,149,229,37346,34904,72250
1769887145,34,65,-0.167,637,893,1530,ok_volume,0.288,1667,921,2588,ok_volume,0.11,19351,15525,34876,ok_volume,201,0,201,36650,33047,69697
1769887146,34,65,-0.224,586,925,1511,ok_volume,-0.028,1578,1669,3247,ok_volume,0.092,19220,15976,35196,ok_volume,268,776,1044,36658,33762,70420
1769887147,34,64,-0.708,824,4815,5639,ok_volume,-0.636,1268,5708,6976,ok_volume,-0.017,19318,20000,39318,ok_volume,363,4043,4406,36883,37589,74472
1769887148,35,63,-0.766,641,4834,5475,ok_volume,-0.677,959,4983,5942,ok_volume,-0.015,19328,19923,39251,ok_volume,12,19,31,36824,37608,74432
1769887149,35,63,-0.876,424,6428,6852,ok_volume,-0.781,885,7204,8089,ok_volume,-0.062,19379,21930,41309,ok_volume,51,2370,2421,36799,39864,76663
1769887150,35,63,-0.954,61,2577,2638,ok_volume,-0.829,692,7392,8084,ok_volume,-0.067,19339,22118,41457,ok_volume,0,188,188,36799,38552,75351
1769887151,35,63,-0.792,334,2885,3219,ok_volume,-0.815,707,6943,7650,ok_volume,-0.041,19539,21195,40734,ok_volume,288,329,617,36826,30465,67291
1769887152,35,63,-0.644,371,1715,2086,ok_volume,-0.81,432,4104,4536,ok_volume,-0.068,19337,22145,41482,ok_volume,88,1200,1288,36057,31665,67722
1769887153,35,63,0.418,11030,4527,15557,ok_volume,0.22,11081,7085,18166,ok_volume,0.088,29996,25145,55141,ok_volume,10673,3000,13673,46728,33738,80466
1769887154,35,63,0.42,10884,4449,15333,ok_volume,0.385,11167,4964,16131,ok_volume,0.085,30122,25394,55516,ok_volume,151,249,400,45970,33987,79957
1769887155,35,63,0.517,11003,3499,14502,ok_volume,0.387,11374,5026,16400,ok_volume,0.067,29344,25644,54988,ok_volume,212,250,462,46182,34237,80419
1769887156,35,63,0.166,908,650,1558,ok_volume,0.412,11655,4850,16505,ok_volume,0.07,29678,25775,55453,ok_volume,569,151,720,46351,34349,80700
1769887157,35,64,0.3,838,451,1289,ok_volume,0.517,11634,3700,15334,ok_volume,0.067,29532,25825,55357,ok_volume,72,50,122,46362,33875,80237
1769887158,35,63,0.549,897,261,1158,ok_volume,0.24,1241,760,2001,ok_volume,-0.1,21175,25885,47060,ok_volume,273,67,340,46487,33039,79526
1769887159,35,63,0.699,621,110,731,ok_volume,0.463,1392,511,1903,ok_volume,-0.094,21443,25885,47328,ok_volume,288,0,288,46676,32808,79484
1769887160,35,63,0.647,929,199,1128,ok_volume,0.592,1560,400,1960,ok_volume,-0.088,21807,25993,47800,ok_volume,375,139,514,46510,32947,79457
1769887161,35,63,0.664,1111,224,1335,ok_volume,0.624,1444,334,1778,ok_volume,-0.101,21126,25858,46984,ok_volume,448,85,533,46415,33032,79447
1769887162,36,63,0.599,894,224,1118,ok_volume,0.672,1448,284,1732,ok_volume,-0.129,19874,25737,45611,ok_volume,71,0,71,44027,32727,76754
1769887163,35,63,0.635,605,135,740,ok_volume,0.645,1268,274,1542,ok_volume,-0.144,19042,25452,44494,ok_volume,88,50,138,44078,32749,76827
1769887164,35,64,0.682,942,178,1120,ok_volume,0.629,1765,402,2167,ok_volume,-0.163,17598,24436,42034,ok_volume,499,128,627,44755,32670,77425
1769887165,35,64,0.458,1083,403,1486,ok_volume,0.533,1602,488,2090,ok_volume,0.097,17778,14646,32424,ok_volume,12,0,12,44637,32743,77380
1769887166,35,64,0.402,827,353,1180,ok_volume,0.518,1270,403,1673,ok_volume,0.1,17894,14646,32540,ok_volume,104,8,112,44713,32751,77464
1769887167,35,64,1.0,1279,0,1279,ok_volume,0.707,2350,403,2753,ok_volume,0.143,19010,14256,33266,ok_volume,742,0,742,45517,32720,78237
1769887168,35,64,1.0,1719,0,1719,ok_volume,0.747,2442,353,2795,ok_volume,0.144,19071,14256,33327,ok_volume,464,1,465,45298,32700,77998
1769887169,35,64,1.0,1328,0,1328,ok_volume,1.0,1865,0,1865,ok_volume,0.147,19162,14237,33399,ok_volume,122,0,122,45388,32441,77829
1769887170,35,64,0.539,1041,312,1353,ok_volume,0.761,2296,312,2608,ok_volume,0.138,19203,14539,33742,ok_volume,455,312,767,45791,32720,78511
1769887171,35,64,0.334,975,487,1462,ok_volume,0.635,2181,487,2668,ok_volume,0.134,19244,14686,33930,ok_volume,155,175,330,43514,32895,76409
1769887172,35,64,0.236,1621,1003,2624,ok_volume,0.375,2207,1003,3210,ok_volume,0.12,19339,15202,34541,ok_volume,776,116,892,38815,33255,72070
1769887173,35,64,0.125,1117,869,1986,ok_volume,0.243,1938,1181,3119,ok_volume,0.135,19215,14636,33851,ok_volume,195,178,373,38741,33433,72174
1769887174,35,64,-0.716,963,5828,6791,ok_volume,-0.574,1816,6715,8531,ok_volume,-0.024,19090,20021,39111,ok_volume,0,5534,5534,38677,35607,74284
1769887175,35,64,-0.895,381,6875,7256,ok_volume,-0.706,1303,7566,8869,ok_volume,-0.052,19083,21184,40267,ok_volume,186,1163,1349,38635,36770,75405
1769887176,35,64,-0.863,561,7646,8207,ok_volume,-0.678,1524,7940,9464,ok_volume,-0.053,19190,21357,40547,ok_volume,375,614,989,38609,37401,76010
1769887177,35,63,-0.631,611,2697,3308,ok_volume,-0.825,806,8409,9215,ok_volume,0.026,18877,17903,36780,ok_volume,51,585,636,38387,37971,76358
1769887178,35,63,-0.595,425,1673,2098,ok_volume,-0.869,611,8712,9323,ok_volume,0.013,18867,18365,37232,ok_volume,0,243,243,38380,38353,76733
1769887179,35,63,-0.941,50,1637,1687,ok_volume,-0.72,611,3749,4360,ok_volume,0.064,18816,16566,35382,ok_volume,0,572,572,38371,38562,76933
1769887180,35,63,-0.93,43,1194,1237,ok_volume,-0.697,468,2626,3094,ok_volume,0.059,18859,16760,35619,ok_volume,33,293,326,38376,38944,77320
1769887181,35,63,-0.92,43,1034,1077,ok_volume,-0.915,93,2100,2193,ok_volume,0.059,18576,16514,35090,ok_volume,2,81,83,38277,37775,76052
1769887182,35,64,-0.461,138,374,512,ok_volume,-0.789,150,1275,1425,ok_volume,0.097,18595,15314,33909,ok_volume,103,0,103,38101,37525,75626
1769887183,35,64,0.537,269,81,350,ok_volume,-0.536,312,1034,1346,ok_volume,-0.207,8098,12314,20412,ok_volume,162,0,162,38263,37525,75788
1769887184,35,64,1.0,417,0,417,ok_volume,0.103,460,374,834,ok_volume,-0.195,8121,12065,20186,ok_volume,155,0,155,38417,37525,75942
1769887185,35,63,0.321,626,322,948,ok_volume,0.29,733,403,1136,ok_volume,-0.193,8218,12137,20355,ok_volume,305,0,305,37729,37847,75576
1769887186,35,63,-0.595,466,1836,2302,ok_volume,-0.429,733,1836,2569,ok_volume,-0.276,7666,13500,21166,ok_volume,5,1514,1519,37514,39336,76850
1769887187,35,64,-0.61,367,1514,1881,ok_volume,-0.454,689,1836,2525,ok_volume,-0.275,7650,13450,21100,ok_volume,51,0,51,37357,39336,76693
1769887188,35,64,-0.769,198,1514,1712,ok_volume,-0.469,664,1836,2500,ok_volume,-0.28,7531,13390,20921,ok_volume,147,0,147,28881,39336,68217
1769887189,35,64,1.0,343,0,343,ok_volume,-0.393,659,1514,2173,ok_volume,-0.289,7388,13390,20778,ok_volume,145,0,145,29001,39336,68337
1769887190,35,64,0.836,413,37,450,ok_volume,-0.539,464,1551,2015,ok_volume,-0.301,7134,13288,20422,ok_volume,129,37,166,29119,39337,68456
1769887191,35,64,-0.842,314,3658,3972,ok_volume,-0.754,512,3658,4170,ok_volume,-0.428,6734,16824,23558,ok_volume,48,3621,3669,28038,42738,70776
1769887192,35,64,-0.913,169,3708,3877,ok_volume,-0.779,461,3708,4169,ok_volume,-0.434,6663,16874,23537,ok_volume,0,50,50,26715,42667,69382
1769887193,35,64,-0.716,1230,7417,8647,ok_volume,-0.666,1496,7454,8950,ok_volume,-0.467,7473,20570,28043,ok_volume,1195,3746,4941,26992,46078,73070
1769887194,35,64,-0.527,1314,4246,5560,ok_volume,-0.684,1483,7904,9387,ok_volume,-0.499,6906,20667,27573,ok_volume,142,2,144,24905,45386,70291
1769887195,35,64,-0.441,1744,4491,6235,ok_volume,-0.64,1792,8162,9954,ok_volume,-0.483,7312,20962,28274,ok_volume,447,50,497,25320,35666,60986
1769887196,35,64,-0.211,2440,3747,6187,ok_volume,-0.376,3622,7993,11615,ok_volume,-0.476,8677,24414,33091,ok_volume,1880,3452,5332,27189,39118,66307
1769887197,35,64,-0.208,2358,3600,5958,ok_volume,-0.373,3672,8041,11713,ok_volume,-0.509,7985,24512,32497,ok_volume,50,98,148,27195,38826,66021
1769887198,35,64,-0.296,1928,3550,5478,ok_volume,-0.214,2490,3845,6335,ok_volume,-0.53,7521,24512,32033,ok_volume,0,0,0,26789,38826,65615
1769887199,35,64,-0.545,323,1098,1421,ok_volume,-0.272,2631,4600,7231,ok_volume,-0.538,7672,25512,33184,ok_volume,273,1000,1273,27031,39807,66838
1769887200,35,64,-0.673,298,1525,1823,ok_volume,-0.39,2226,5075,7301,ok_volume,-0.572,6998,25725,32723,ok_volume,25,525,550,26629,40322,66951
1769887201,35,64,-0.403,724,1703,2427,ok_volume,-0.399,774,1801,2575,ok_volume,-0.554,7270,25328,32598,ok_volume,426,178,604,26698,40458,67156
1769887202,35,64,-0.182,487,703,1190,ok_volume,-0.383,760,1703,2463,ok_volume,-0.588,6538,25212,31750,ok_volume,36,0,36,26052,40458,66510
1769887203,35,64,0.518,561,178,739,ok_volume,-0.329,859,1703,2562,ok_volume,-0.591,6442,25034,31476,ok_volume,104,0,104,25828,39714,65542
1769887204,35,64,0,269,0,269,low_total_volume,0.012,720,703,1423,ok_volume,-0.496,6576,19500,26076,ok_volume,134,0,134,25834,39565,65399
1769887205,35,64,0.327,422,214,636,ok_volume,0.386,884,392,1276,ok_volume,-0.469,6579,18209,24788,ok_volume,189,214,403,25822,39779,65601
1769887206,35,64,0.058,336,299,635,ok_volume,0.223,471,299,770,ok_volume,-0.48,6217,17687,23904,ok_volume,14,85,99,25568,39081,64649
1769887207,35,64,0.091,359,299,658,ok_volume,0.329,592,299,891,ok_volume,-0.454,6324,16862,23186,ok_volume,170,0,170,25375,35038,60413
1769887208,35,64,-0.426,477,1185,1662,ok_volume,-0.272,800,1399,2199,ok_volume,-0.455,6631,17721,24352,ok_volume,307,1100,1407,25670,36119,61789
1769887209,35,64,-0.271,631,1100,1731,ok_volume,-0.254,833,1399,2232,ok_volume,-0.431,6786,17061,23847,ok_volume,167,0,167,25786,33749,59535
1769887210,35,63,0.213,4921,3195,8116,ok_volume,0.216,5091,3280,8371,ok_volume,-0.255,11202,18863,30065,ok_volume,4447,2095,6542,30233,35656,65889
1769887211,35,63,0.374,4651,2121,6772,ok_volume,0.227,5115,3221,8336,ok_volume,-0.252,11227,18808,30035,ok_volume,37,26,63,29982,35353,65335
1769887212,35,63,-0.069,4524,5197,9721,ok_volume,-0.115,4998,6297,11295,ok_volume,-0.324,11172,21884,33056,ok_volume,40,3076,3116,29934,37229,67163
1769887213,36,63,-0.793,358,3102,3460,ok_volume,-0.022,4972,5197,10169,ok_volume,-0.32,11281,21884,33165,ok_volume,281,0,281,19542,34229,53771
1769887214,36,63,-0.808,333,3136,3469,ok_volume,-0.044,4817,5257,10074,ok_volume,-0.32,11143,21622,32765,ok_volume,15,60,75,19406,34040,53446
1769887215,36,63,0.557,404,115,519,ok_volume,-0.74,481,3217,3698,ok_volume,-0.329,10938,21677,32615,ok_volume,89,55,144,19306,33845,53151
1769887216,36,63,0.11,2849,2285,5134,ok_volume,-0.257,3170,5361,8531,ok_volume,-0.241,13664,22333,35997,ok_volume,2726,2174,4900,21463,35868,57331
1769887217,36,63,0.117,2814,2225,5039,ok_volume,0.156,3130,2285,5415,ok_volume,-0.243,13613,22333,35946,ok_volume,0,0,0,21391,35818,57209
1769887218,36,63,0.007,2837,2795,5632,ok_volume,0.009,2960,2910,5870,ok_volume,-0.257,13577,22958,36535,ok_volume,112,625,737,21230,36376,57606
1769887219,36,63,-0.75,111,777,888,ok_volume,-0.013,2925,3002,5927,ok_volume,-0.265,13432,23110,36542,ok_volume,12,0,12,20954,36528,57482
1769887220,36,63,-0.177,543,777,1320,ok_volume,0.052,3269,2947,6216,ok_volume,-0.253,13743,23073,36816,ok_volume,437,0,437,21016,36389,57405
1769887221,36,63,-0.363,454,971,1425,ok_volume,-0.511,565,1748,2313,ok_volume,-0.196,13717,20423,34140,ok_volume,32,971,1003,20599,37275,57874
1769887222,36,63,0.805,8995,971,9966,ok_volume,0.678,9106,1748,10854,ok_volume,0.044,22258,20373,42631,ok_volume,8548,0,8548,29076,37275,66351
1769887223,36,63,0.809,9198,971,10169,ok_volume,0.817,9630,971,10601,ok_volume,0.146,21711,16177,37888,ok_volume,635,2,637,29337,37227,66564
1769887224,36,63,1.0,9266,0,9266,ok_volume,0.818,9720,971,10691,ok_volume,0.153,21669,15932,37601,ok_volume,92,0,92,28730,36874,65604
1769887225,36,63,1.0,1026,0,1026,ok_volume,0.816,9589,971,10560,ok_volume,0.151,21540,15882,37422,ok_volume,306,0,306,29012,36874,65886
1769887226,36,63,0.209,878,574,1452,ok_volume,0.892,10054,574,10628,ok_volume,0.216,20149,13004,33153,ok_volume,488,574,1062,28987,37440,66427
1769887227,36,63,0.188,1089,744,1833,ok_volume,0.418,1814,744,2558,ok_volume,0.219,20400,13076,33476,ok_volume,301,170,471,28546,37610,66156
1769887228,36,63,0.036,800,744,1544,ok_volume,0.231,1191,744,1935,ok_volume,0.219,20412,13076,33488,ok_volume,19,3,22,28101,37612,65713
1769887229,36,63,-0.897,323,5920,6243,ok_volume,-0.708,1111,6494,7605,ok_volume,0.061,20149,17826,37975,ok_volume,10,5750,5760,27989,43362,71351
1769887230,36,63,-0.775,751,5924,6675,ok_volume,-0.625,1539,6668,8207,ok_volume,0.088,20853,17475,38328,ok_volume,729,174,903,28018,43224,71242
1769887231,36,63,-0.779,739,5944,6683,ok_volume,-0.706,1052,6114,7166,ok_volume,0.082,20427,17317,37744,ok_volume,0,20,20,27863,42666,70529
1769887232,36,63,0.815,1904,194,2098,ok_volume,-0.511,1926,5944,7870,ok_volume,0.109,21566,17317,38883,ok_volume,1175,0,1175,28262,42550,70812
1769887233,36,63,0.982,2246,20,2266,ok_volume,-0.331,2985,5944,8929,ok_volume,0.131,22538,17317,39855,ok_volume,1072,0,1072,29139,42372,71511
1769887234,36,63,0.911,3216,150,3366,ok_volume,0.84,3945,344,4289,ok_volume,0.145,23374,17467,40841,ok_volume,971,150,1121,30110,36988,67098
1769887235,36,63,0.87,2157,150,2307,ok_volume,0.903,3332,170,3502,ok_volume,0.149,23301,17253,40554,ok_volume,121,0,121,30045,35483,65528
1769887236,35,63,0.341,1153,566,1719,ok_volume,0.715,3399,566,3965,ok_volume,0.141,23355,17584,40939,ok_volume,67,416,483,29737,35286,65023
1769887237,35,63,-0.275,333,585,918,ok_volume,0.527,2374,735,3109,ok_volume,0.136,23348,17753,41101,ok_volume,160,178,338,29846,34639,64485
1769887238,34,64,-0.39,257,585,842,ok_volume,0.293,1343,735,2078,ok_volume,0.162,23081,16653,39734,ok_volume,44,0,44,29890,34396,64286
1769887239,35,63,0.366,364,169,533,ok_volume,-0.034,547,585,1132,ok_volume,0.162,23088,16653,39741,ok_volume,177,0,177,30055,33735,63790
1769887240,35,63,0,214,0,214,low_total_volume,-0.152,431,585,1016,ok_volume,0.123,18641,14558,33199,ok_volume,5,0,5,30027,33442,63469
1769887241,35,63,0.811,586,61,647,ok_volume,0.543,776,230,1006,ok_volume,0.132,19016,14593,33609,ok_volume,412,64,476,30419,33425,63844
1769887242,34,65,0.478,425,150,575,ok_volume,0.62,639,150,789,ok_volume,0.241,18989,11606,30595,ok_volume,13,89,102,30329,33514,63843
1769887243,34,65,0.461,818,302,1120,ok_volume,0.533,992,302,1294,ok_volume,0.238,19101,11758,30859,ok_volume,393,152,545,30550,33666,64216
1769887244,34,65,-0.599,460,1836,2296,ok_volume,-0.37,872,1897,2769,ok_volume,0.18,19120,13293,32413,ok_volume,41,1595,1636,30449,34939,65388
1769887245,34,63,-0.589,503,1947,2450,ok_volume,-0.386,928,2097,3025,ok_volume,0.174,19088,13438,32526,ok_volume,56,0,56,30188,35139,65327
1769887246,35,63,-0.78,226,1830,2056,ok_volume,-0.525,645,2071,2716,ok_volume,0.187,16491,11303,27794,ok_volume,131,35,166,30309,33660,63969
1769887247,37,62,0.312,9325,4888,14213,ok_volume,0.177,9772,6835,16607,ok_volume,0.227,25631,16156,41787,ok_volume,9140,4853,13993,39398,38513,77911
1769887248,38,61,0.317,9419,4888,14307,ok_volume,0.175,9516,6683,16199,ok_volume,0.251,25670,15379,41049,ok_volume,150,0,150,39401,38513,77914
1769887249,38,57,0.341,9869,4853,14722,ok_volume,0.346,10054,4888,14942,ok_volume,0.261,26249,15379,41628,ok_volume,579,0,579,39835,38513,78348
1769887250,39,57,1.0,752,0,752,ok_volume,0.344,10021,4888,14909,ok_volume,0.254,25840,15379,41219,ok_volume,23,0,23,39729,38476,78205
1769887251,39,57,1.0,602,0,602,ok_volume,0.342,9892,4853,14745,ok_volume,0.284,25818,14408,40226,ok_volume,0,0,0,39681,34855,74536
1769887252,41,57,0,38,107,145,low_activity,0.755,767,107,874,ok_volume,0.087,17292,14515,31807,ok_volume,15,107,122,39696,34912,74608
1769887253,41,58,0,61,107,168,low_total_volume,0.722,663,107,770,ok_volume,0.07,16703,14515,31218,ok_volume,49,0,49,38550,30716,69266
1769887254,41,57,0.533,351,107,458,ok_volume,0.555,374,107,481,ok_volume,0.076,16903,14515,31418,ok_volume,300,0,300,38708,30469,69177
1769887255,41,57,1.0,490,0,490,ok_volume,0.65,505,107,612,ok_volume,0.072,16756,14515,31271,ok_volume,154,7,161,38415,30426,68841
1769887256,41,57,1.0,476,0,476,ok_volume,0.668,537,107,644,ok_volume,0.078,16301,13941,30242,ok_volume,37,0,37,36572,26974,63546
1769887257,41,57,0,282,0,282,low_total_volume,1.0,618,0,618,ok_volume,0.078,16096,13771,29867,ok_volume,53,0,53,36618,26876,63494
1769887258,43,56,1.0,345,0,345,ok_volume,1.0,789,0,789,ok_volume,0.084,16301,13771,30072,ok_volume,217,0,217,36835,26876,63711
1769887259,41,56,0.582,379,100,479,ok_volume,0.718,608,100,708,ok_volume,0.338,16400,8121,24521,ok_volume,113,100,213,36675,25976,62651
1769887260,41,56,0.701,570,100,670,ok_volume,0.749,698,100,798,ok_volume,0.334,15915,7947,23862,ok_volume,250,0,250,36901,25451,62352
1769887261,41,56,0.755,804,112,916,ok_volume,0.811,1074,112,1186,ok_volume,0.347,16366,7939,24305,ok_volume,455,12,467,36930,25285,62215
1769887262,43,56,0.97,778,12,790,ok_volume,0.816,1104,112,1216,ok_volume,0.316,15274,7939,23213,ok_volume,87,0,87,36981,25285,62266
1769887263,41,56,-0.263,865,1481,2346,ok_volume,-0.13,1218,1581,2799,ok_volume,0.214,14534,9408,23942,ok_volume,338,1481,1819,37215,26766,63981
1769887264,41,56,-0.248,886,1469,2355,ok_volume,0.033,1581,1481,3062,ok_volume,0.205,14036,9258,23294,ok_volume,363,0,363,37558,26766,64324
1769887265,41,56,0.684,7839,1469,9308,ok_volume,0.699,8373,1481,9854,ok_volume,0.387,20956,9258,30214,ok_volume,7038,0,7038,44407,26552,70959
1769887266,38,61,0.688,11133,2060,13193,ok_volume,0.535,11656,3529,15185,ok_volume,0.386,24623,10902,35525,ok_volume,3713,2060,5773,48127,28527,76654
1769887267,38,61,0.647,11197,2400,13597,ok_volume,0.512,12000,3869,15869,ok_volume,0.384,24900,11073,35973,ok_volume,438,0,438,48395,28867,77262
1769887268,38,61,0.344,4922,2400,7322,ok_volume,0.674,12342,2400,14742,ok_volume,0.397,25642,11073,36715,ok_volume,732,0,732,48874,27767,76641
1769887269,38,61,0.981,2655,26,2681,ok_volume,0.694,13425,2426,15851,ok_volume,0.416,26914,11099,38013,ok_volume,1453,26,1479,50160,27793,77953
1769887270,36,62,0.978,13345,150,13495,ok_volume,0.746,17539,2550,20089,ok_volume,0.545,38085,11223,49308,ok_volume,11148,124,11272,56894,25822,82716
1769887271,36,63,0.977,12879,150,13029,ok_volume,0.979,14088,150,14238,ok_volume,0.545,37935,11162,49097,ok_volume,264,5,269,57121,25801,82922
1769887272,36,63,0.979,11455,124,11579,ok_volume,0.978,13662,150,13812,ok_volume,0.549,37977,11073,49050,ok_volume,50,0,50,57141,22725,79866
1769887273,36,63,1.0,701,0,701,ok_volume,0.978,13318,150,13468,ok_volume,0.553,37955,10921,48876,ok_volume,391,0,391,57251,22725,79976
1769887274,36,63,1.0,494,0,494,ok_volume,0.979,11904,124,12028,ok_volume,0.613,37979,9126,47105,ok_volume,74,0,74,57287,22665,79952
1769887275,36,63,0.913,641,29,670,ok_volume,0.941,958,29,987,ok_volume,0.613,38115,9155,47270,ok_volume,192,29,221,57390,22639,80029
1769887276,36,63,0.982,3126,29,3155,ok_volume,0.984,3555,29,3584,ok_volume,0.635,40855,9120,49975,ok_volume,2875,0,2875,57539,20465,78004
1769887277,36,63,0.986,3973,29,4002,ok_volume,0.987,4422,29,4451,ok_volume,0.769,32627,4267,36894,ok_volume,917,0,917,58456,20465,78921
1769887278,36,63,1.0,3895,0,3895,ok_volume,0.986,4152,29,4181,ok_volume,0.768,32591,4267,36858,ok_volume,114,0,114,58463,19688,78151
1769887279,35,63,1.0,2495,0,2495,ok_volume,0.99,5556,29,5585,ok_volume,0.774,33481,4267,37748,ok_volume,1094,0,1094,59920,19688,79608
1769887280,33,66,0.964,1659,30,1689,ok_volume,0.989,5440,30,5470,ok_volume,0.773,33534,4297,37831,ok_volume,76,44,120,59559,19732,79291
1769887281,32,67,0.82,1317,130,1447,ok_volume,0.909,2718,130,2848,ok_volume,0.769,33681,4397,38078,ok_volume,147,100,247,59674,18861,78535
1769887282,28,70,0.475,365,130,495,ok_volume,0.875,1948,130,2078,ok_volume,0.775,33808,4290,38098,ok_volume,148,9,157,51274,18870,70144
1769887283,28,71,0.632,444,100,544,ok_volume,0.851,1614,130,1744,ok_volume,0.775,33917,4290,38207,ok_volume,169,0,169,50808,18868,69676
1769887284,28,71,1.0,419,0,419,ok_volume,0.663,642,130,772,ok_volume,0.774,33749,4290,38039,ok_volume,124,0,124,50840,18868,69708
1769887285,28,71,1.0,1554,0,1554,ok_volume,0.897,1843,100,1943,ok_volume,0.781,34872,4290,39162,ok_volume,1255,0,1255,51811,18868,70679
1769887286,27,72,0.96,1459,30,1489,ok_volume,0.966,1756,30,1786,ok_volume,0.779,34857,4320,39177,ok_volume,60,30,90,51383,18324,69707
1769887287,27,72,0.907,4613,226,4839,ok_volume,0.912,4912,226,5138,ok_volume,0.788,38102,4516,42618,ok_volume,3306,197,3503,54388,18351,72739
1769887288,24,73,0.403,3592,1527,5119,ok_volume,0.531,4991,1527,6518,ok_volume,0.735,38119,5817,43936,ok_volume,237,1301,1538,54606,19649,74255
1769887289,24,73,0.425,3732,1507,5239,ok_volume,0.533,5047,1537,6584,ok_volume,0.739,38210,5727,43937,ok_volume,200,10,210,54796,13909,68705
1769887290,24,73,-0.623,434,1870,2304,ok_volume,0.288,3792,2096,5888,ok_volume,0.716,37966,6286,44252,ok_volume,3,559,562,54070,14294,68364
1769887291,24,74,0.36,1208,569,1777,ok_volume,0.393,4740,2066,6806,ok_volume,0.72,38523,6274,44797,ok_volume,1014,0,1014,55084,14274,69358
1769887292,24,74,0.321,1383,711,2094,ok_volume,-0.053,1817,2022,3839,ok_volume,0.716,38815,6426,45241,ok_volume,375,152,527,54284,14426,68710
1769887293,24,74,-0.466,1400,3848,5248,ok_volume,-0.468,1600,4417,6017,ok_volume,0.632,38392,8653,47045,ok_volume,21,3696,3717,53233,18122,71355
1769887294,23,74,-0.816,438,4326,4764,ok_volume,-0.543,1446,4885,6331,ok_volume,0.613,38075,9131,47206,ok_volume,46,483,529,52308,18455,70763
1769887295,22,73,-0.972,63,4462,4525,ok_volume,-0.523,1446,4614,6060,ok_volume,0.534,31018,9419,40437,ok_volume,0,291,291,52187,18745,70932
1769887296,23,73,-0.546,225,766,991,ok_volume,-0.764,617,4614,5231,ok_volume,0.593,27484,7019,34503,ok_volume,179,0,179,52299,18329,70628
1769887297,21,76,0.319,558,288,846,ok_volume,-0.756,621,4462,5083,ok_volume,0.592,27382,7019,34401,ok_volume,382,0,382,52521,18151,70672
1769887298,27,71,0.468,2884,1046,3930,ok_volume,0.236,2930,1812,4742,ok_volume,0.565,28980,8065,37045,ok_volume,2338,1046,3384,54815,19197,74012
1769887299,28,69,-0.027,2800,2956,5756,ok_volume,-0.043,2979,3244,6223,ok_volume,0.47,27596,9949,37545,ok_volume,95,1910,2005,54733,21107,75840
1769887300,27,72,-0.704,2421,13944,16365,ok_volume,-0.648,2979,13944,16923,ok_volume,-0.117,16458,20813,37271,ok_volume,0,10990,10990,54728,32097,86825
1769887301,28,68,-0.98,153,14803,14956,ok_volume,-0.694,2858,15849,18707,ok_volume,-0.166,16244,22718,38962,ok_volume,60,1911,1971,54376,33944,88320
1769887302,29,68,-0.992,72,17640,17712,ok_volume,-0.784,2493,20596,23089,ok_volume,-0.258,16213,27465,43678,ok_volume,14,4554,4568,54377,38602,92979
1769887303,29,68,-0.979,72,6652,6724,ok_volume,-0.983,167,19550,19717,ok_volume,-0.269,15829,27465,43294,ok_volume,0,6,6,53971,38456,92427
1769887304,34,65,-0.737,1655,10937,12592,ok_volume,-0.867,1713,24023,25736,ok_volume,-0.321,17405,33848,51253,ok_volume,1641,6084,7725,55571,43044,98615
1769887305,34,65,-0.531,2041,6663,8704,ok_volume,-0.726,2113,13315,15428,ok_volume,-0.319,17613,34099,51712,ok_volume,404,280,684,55919,43324,99243
1769887306,34,65,-0.521,2041,6480,8521,ok_volume,-0.693,2055,11333,13388,ok_volume,-0.398,14744,34215,48959,ok_volume,0,121,121,55788,43410,99198
1769887307,34,64,-0.352,750,1564,2314,ok_volume,-0.537,2391,7947,10338,ok_volume,-0.428,14182,35383,49565,ok_volume,350,1168,1518,46998,39725,86723
1769887308,34,64,-0.848,350,4254,4604,ok_volume,-0.632,2391,10618,13009,ok_volume,-0.474,13693,38353,52046,ok_volume,0,2970,2970,46848,42695,89543
1769887309,35,64,-0.792,495,4257,4752,ok_volume,-0.677,895,4653,5548,ok_volume,-0.502,12744,38472,51216,ok_volume,147,123,270,46416,42818,89234
1769887310,35,64,-0.94,145,4665,4810,ok_volume,-0.846,495,5949,6444,ok_volume,-0.519,12668,40018,52686,ok_volume,0,1580,1580,46393,44398,90791
1769887311,36,63,-0.45,651,1718,2369,ok_volume,-0.708,1001,5856,6857,ok_volume,-0.508,13027,39941,52968,ok_volume,511,23,534,46904,44421,91325
1769887312,36,63,-0.525,506,1624,2130,ok_volume,-0.757,651,4713,5364,ok_volume,-0.512,12885,39966,52851,ok_volume,0,25,25,46889,44339,91228
1769887313,36,63,0.303,645,345,990,ok_volume,-0.442,790,2040,2830,ok_volume,-0.516,12869,40263,53132,ok_volume,139,297,436,46979,44636,91615
1769887314,36,61,-0.338,241,487,728,ok_volume,-0.473,747,2086,2833,ok_volume,-0.518,12827,40428,53255,ok_volume,102,165,267,46781,44801,91582
1769887315,36,62,-0.4,241,562,803,ok_volume,0.101,747,610,1357,ok_volume,-0.556,11572,40528,52100,ok_volume,0,100,100,46627,44894,91521
1769887316,36,62,-0.587,102,392,494,ok_volume,-0.495,241,714,955,ok_volume,-0.558,11512,40625,52137,ok_volume,0,129,129,46547,45023,91570
1769887317,36,62,-0.872,61,890,951,ok_volume,-0.635,302,1352,1654,ok_volume,-0.665,8275,41092,49367,ok_volume,49,663,712,46555,45686,92241
1769887318,36,62,-0.68,246,1290,1536,ok_volume,-0.634,348,1555,1903,ok_volume,-0.661,8226,40291,48517,ok_volume,195,500,695,46533,46186,92719
1769887319,36,62,-0.259,1267,2154,3421,ok_volume,-0.301,1279,2381,3660,ok_volume,-0.64,9059,41272,50331,ok_volume,1033,991,2024,47452,47077,94529
1769887320,36,62,0.213,3593,2331,5924,ok_volume,0.079,3654,3121,6775,ok_volume,-0.568,11434,41553,52987,ok_volume,2375,840,3215,49577,47917,97494
1769887321,37,62,0.344,3751,1831,5582,ok_volume,0.142,3985,2994,6979,ok_volume,-0.588,10769,41553,52322,ok_volume,350,0,350,49472,47905,97377
1769887322,37,62,0.304,2995,1597,4592,ok_volume,0.154,4213,3088,7301,ok_volume,-0.596,10671,42158,52829,ok_volume,282,757,1039,49667,48662,98329
1769887323,37,62,0.431,2067,822,2889,ok_volume,0.347,5475,2653,8128,ok_volume,-0.522,12101,38527,50628,ok_volume,1457,0,1457,50672,47246,97918
1769887324,35,64,0.347,1865,904,2769,ok_volume,0.449,4583,1744,6327,ok_volume,-0.515,12196,38131,50327,ok_volume,158,85,243,50467,47331,97798
1769887325,36,63,0.916,1863,82,1945,ok_volume,0.466,2483,904,3387,ok_volume,-0.504,12471,37843,50314,ok_volume,275,0,275,43683,47331,91014
1769887326,31,62,-0.693,629,3474,4103,ok_volume,-0.292,2353,4296,6649,ok_volume,-0.535,12505,41235,53740,ok_volume,213,3400,3613,40183,48331,88514
1769887327,33,64,-0.009,3329,3392,6721,ok_volume,0.172,4917,3474,8391,ok_volume,-0.467,14967,41235,56202,ok_volume,2853,0,2853,42545,48331,90876
1769887328,34,62,-0.012,3310,3392,6702,ok_volume,0.035,3726,3474,7200,ok_volume,-0.514,12897,40189,53086,ok_volume,256,0,256,42069,48331,90400
1769887329,33,64,0.994,13543,38,13581,ok_volume,0.607,14031,3430,17461,ok_volume,-0.245,23248,38317,61565,ok_volume,10458,48,10506,51041,48353,99394
1769887330,31,68,0.886,19948,1209,21157,ok_volume,0.667,23002,4601,27603,ok_volume,0.065,32494,28500,60994,ok_volume,9261,1171,10432,49154,49400,98554
1769887331,31,68,0.895,21903,1209,23112,ok_volume,0.908,25000,1209,26209,ok_volume,0.135,34647,26402,61049,ok_volume,2211,0,2211,51091,49395,100486
1769887332,23,70,0.796,11614,1321,12935,ok_volume,0.885,22316,1359,23675,ok_volume,0.225,34790,21998,56788,ok_volume,175,150,325,51216,49545,100761
1769887333,29,69,0.893,2666,150,2816,ok_volume,0.885,22358,1359,23717,ok_volume,0.236,35088,21699,56787,ok_volume,269,0,269,51123,49545,100668
1769887334,30,69,0.863,2041,150,2191,ok_volume,0.822,13498,1321,14819,ok_volume,0.383,35033,15615,50648,ok_volume,1295,0,1295,52642,49545,102187
1769887335,29,69,1.0,2099,0,2099,ok_volume,0.935,4496,150,4646,ok_volume,0.389,34877,15335,50212,ok_volume,249,0,249,52701,49516,102217
1769887336,30,69,1.0,2044,0,2044,ok_volume,0.898,2797,150,2947,ok_volume,0.399,35389,15219,50608,ok_volume,521,0,521,50347,49516,99863
1769887337,30,69,0.89,3517,204,3721,ok_volume,0.927,5372,204,5576,ok_volume,0.452,37800,14255,52055,ok_volume,2761,204,2965,52186,49720,101906
1769887338,30,69,0.89,3490,204,3694,ok_volume,0.922,5022,204,5226,ok_volume,0.542,38017,11285,49302,ok_volume,223,0,223,51920,49720,101640
1769887339,30,69,0.882,3253,204,3457,ok_volume,0.903,4009,204,4213,ok_volume,0.547,38147,11166,49313,ok_volume,280,0,280,51107,49720,100827
1769887340,30,69,1.0,863,0,863,ok_volume,0.906,4136,204,4340,ok_volume,0.601,38518,9590,48108,ok_volume,371,0,371,51402,49676,101078
1769887341,29,69,0.788,816,97,913,ok_volume,0.853,3794,301,4095,ok_volume,0.596,38182,9664,47846,ok_volume,181,102,283,51436,49678,101114
1769887342,29,69,0.252,566,338,904,ok_volume,0.516,1058,338,1396,ok_volume,0.589,38207,9880,48087,ok_volume,40,241,281,51328,49910,101238
1769887343,31,68,-0.479,289,820,1109,ok_volume,0.066,935,820,1755,ok_volume,0.583,38162,10065,48227,ok_volume,97,482,579,51256,50392,101648
1769887344,29,70,-0.768,119,907,1026,ok_volume,-0.207,660,1004,1664,ok_volume,0.581,38060,10084,48144,ok_volume,2,184,186,51112,50576,101688
1769887345,28,70,-0.603,348,1405,1753,ok_volume,-0.525,543,1743,2286,ok_volume,0.563,38314,10723,49037,ok_volume,259,743,1002,50116,51319,101435
1769887346,28,71,0.02,961,923,1884,ok_volume,-0.208,1080,1646,2726,ok_volume,0.573,39009,10596,49605,ok_volume,707,0,707,50763,51289,102052
1769887347,28,71,0.224,1165,739,1904,ok_volume,-0.055,1259,1405,2664,ok_volume,0.595,39164,9933,49097,ok_volume,210,0,210,47667,51092,98759
1769887348,28,70,1.0,1202,0,1202,ok_volume,0.224,1456,923,2379,ok_volume,0.613,39270,9433,48703,ok_volume,194,0,194,47724,49791,97515
1769887349,31,66,1.0,2291,0,2291,ok_volume,0.63,3252,739,3991,ok_volume,0.652,40033,8442,48475,ok_volume,1808,7,1815,49332,49788,99120
1769887350,31,66,0.41,1987,832,2819,ok_volume,0.566,2998,832,3830,ok_volume,0.634,37658,8434,46092,ok_volume,0,832,832,49329,50061,99390
1769887351,31,67,0.382,1908,854,2762,ok_volume,0.476,2403,854,3257,ok_volume,0.631,37427,8456,45883,ok_volume,112,22,134,48427,50083,98510
1769887352,31,67,-0.846,112,1338,1450,ok_volume,0.221,2099,1338,3437,ok_volume,0.641,37150,8118,45268,ok_volume,0,489,489,48052,50420,98472
1769887353,31,68,-0.77,126,972,1098,ok_volume,0.032,1922,1804,3726,ok_volume,0.612,35717,8584,44301,ok_volume,14,466,480,48045,47190,95235
1769887354,31,68,-0.422,926,2276,3202,ok_volume,-0.502,1038,3130,4168,ok_volume,0.576,36488,9828,46316,ok_volume,925,1326,2251,48924,48033,96957
1769887355,30,68,-0.303,1958,3657,5615,ok_volume,-0.336,2070,4163,6233,ok_volume,0.522,37245,11693,48938,ok_volume,762,1865,2627,49963,49607,99570
1769887356,30,67,-0.243,1944,3191,5135,ok_volume,-0.358,1958,4141,6099,ok_volume,0.634,37032,8301,45333,ok_volume,5,0,5,49789,49607,99396
1769887357,28,68,-0.11,1494,1865,3359,ok_volume,-0.151,2697,3657,6354,ok_volume,0.616,34930,8301,43231,ok_volume,739,0,739,50146,49607,99753
1769887358,28,68,1.0,739,0,739,ok_volume,-0.086,2683,3191,5874,ok_volume,0.614,34674,8301,42975,ok_volume,0,0,0,47808,48565,96373
1769887359,28,68,1.0,1380,0,1380,ok_volume,0.068,2135,1865,4000,ok_volume,0.501,24869,8263,33132,ok_volume,641,0,641,48354,46655,95009
1769887360,28,68,0.758,655,90,745,ok_volume,0.879,1394,90,1484,ok_volume,0.371,15637,7182,22819,ok_volume,14,90,104,48368,35755,84123
1769887361,28,70,0.885,1475,90,1565,ok_volume,0.922,2214,90,2304,ok_volume,0.33,14246,7182,21428,ok_volume,820,0,820,49128,33651,82779
1769887362,31,68,0.725,1125,179,1304,ok_volume,0.816,1766,179,1945,ok_volume,0.337,14351,7121,21472,ok_volume,296,93,389,49410,29190,78600
1769887363,27,69,0.857,2366,182,2548,ok_volume,0.835,3021,272,3293,ok_volume,0.352,15039,7214,22253,ok_volume,1255,93,1348,50665,28978,79643
1769887364,31,68,-0.373,1799,3942,5741,ok_volume,-0.21,2633,4032,6665,ok_volume,0.121,14004,10974,24978,ok_volume,261,850,1111,49285,26654,75939
1769887365,31,68,-0.392,1722,3939,5661,ok_volume,-0.174,2833,4028,6861,ok_volume,0.116,13974,11060,25034,ok_volume,222,86,308,49103,26460,75563
1769887366,31,68,-0.272,597,1042,1639,ok_volume,-0.317,2143,4134,6277,ok_volume,0.098,13592,11166,24758,ok_volume,133,110,243,49236,26449,75685
1769887367,31,68,-0.07,693,797,1490,ok_volume,-0.357,2201,4650,6851,ok_volume,-0.017,11180,11567,22747,ok_volume,51,605,656,49235,25886,75121
1769887368,31,68,-0.184,978,1419,2397,ok_volume,-0.239,1445,2355,3800,ok_volume,-0.034,11462,12275,23737,ok_volume,499,709,1208,49734,23625,73359
1769887369,28,68,0.069,2163,1882,4045,ok_volume,0.15,2805,2074,4879,ok_volume,-0.002,12800,12844,25644,ok_volume,1613,569,2182,51200,24071,75271
1769887370,29,68,0.274,2299,1309,3608,ok_volume,0.158,2778,2020,4798,ok_volume,-0.01,12616,12876,25492,ok_volume,187,38,225,51387,22529,73916
1769887371,28,69,0.416,4469,1841,6310,ok_volume,0.228,5019,3154,8173,ok_volume,0.038,15115,14019,29134,ok_volume,2669,1240,3909,53545,23746,77291
1769887372,28,70,0.4,3154,1352,4506,ok_volume,0.334,5266,2629,7895,ok_volume,0.052,15388,13858,29246,ok_volume,0,80,80,53843,23801,77644
1769887373,28,69,-0.208,4464,6808,11272,ok_volume,-0.084,6264,7409,13673,ok_volume,-0.058,16791,18864,35655,ok_volume,1498,5488,6986,55202,28992,84194
1769887374,28,70,-0.508,1865,5720,7585,ok_volume,-0.164,5019,6992,12011,ok_volume,-0.046,17159,18832,35991,ok_volume,373,152,525,55473,28979,84452
1769887375,28,70,-0.378,3267,7241,10508,ok_volume,-0.157,6234,8561,14795,ok_volume,-0.036,18307,19694,38001,ok_volume,1402,1607,3009,56875,30486,87361
1769887376,28,70,-0.243,1770,2906,4676,ok_volume,-0.443,3267,8474,11741,ok_volume,-0.084,17600,20847,38447,ok_volume,0,1163,1163,56863,31520,88383
1769887377,29,70,-0.518,1548,4881,6429,ok_volume,-0.51,3413,10521,13934,ok_volume,-0.137,17442,22974,40416,ok_volume,146,2141,2287,56960,32998,89958
1769887378,28,70,-0.881,350,5517,5867,ok_volume,-0.548,2120,7270,9390,ok_volume,-0.182,17455,25211,42666,ok_volume,229,1743,1972,56994,34740,91734
1769887379,27,72,-0.853,361,4561,4922,ok_volume,-0.612,1763,7315,9078,ok_volume,-0.237,15670,25408,41078,ok_volume,11,201,212,55972,33950,89922
1769887380,26,71,-0.376,878,1935,2813,ok_volume,-0.696,1024,5714,6738,ok_volume,-0.201,16333,24576,40909,ok_volume,663,0,663,54260,33110,87370
1769887381,26,71,0.086,704,592,1296,ok_volume,-0.649,1054,4956,6010,ok_volume,-0.211,16251,24949,41200,ok_volume,31,395,426,53941,33505,87446
1769887382,28,71,-0.206,893,1357,2250,ok_volume,-0.496,1108,3292,4400,ok_volume,-0.214,16451,25427,41878,ok_volume,200,962,1162,53859,33645,87504
1769887383,28,71,-0.808,309,2904,3213,ok_volume,-0.519,983,3101,4084,ok_volume,-0.232,16516,26508,43024,ok_volume,70,1547,1617,52489,35192,87681
1769887384,28,71,-0.812,279,2690,2969,ok_volume,-0.521,972,3085,4057,ok_volume,-0.247,15327,25363,40690,ok_volume,0,181,181,52331,35288,87619
1769887385,28,71,-0.882,173,2755,2928,ok_volume,-0.816,416,4112,4528,ok_volume,-0.251,14679,24525,39204,ok_volume,107,1027,1134,52163,36315,88478
1769887386,27,71,-0.973,107,7740,7847,ok_volume,-0.927,386,10249,10635,ok_volume,-0.358,14679,31057,45736,ok_volume,0,1080,1080,51949,39447,91396
1769887387,27,70,-0.711,1283,7602,8885,ok_volume,-0.747,1349,9330,10679,ok_volume,-0.346,15116,31100,46216,ok_volume,1178,43,1221,50274,39490,89764
1769887388,26,70,-0.229,1176,1875,3051,ok_volume,-0.739,1283,8535,9818,ok_volume,-0.356,15116,31852,46968,ok_volume,0,752,752,50018,40242,90260
1769887389,27,70,-0.227,1176,1866,3042,ok_volume,-0.76,1283,9425,10708,ok_volume,-0.389,14475,32923,47398,ok_volume,0,1076,1076,39560,41270,80830
1769887390,27,70,-0.928,109,2939,3048,ok_volume,-0.519,1285,4062,5347,ok_volume,-0.399,14570,33949,48519,ok_volume,109,1116,1225,30408,41215,71623
1769887391,27,71,-0.748,371,2571,2942,ok_volume,-0.37,1547,3366,4913,ok_volume,-0.42,14012,34333,48345,ok_volume,266,334,600,28463,41599,70062
1769887392,27,70,-0.558,600,2116,2716,ok_volume,-0.736,600,3939,4539,ok_volume,-0.428,13950,34860,48810,ok_volume,235,616,851,28494,42065,70559
1769887393,26,70,-0.691,1116,6112,7228,ok_volume,-0.744,1225,8349,9574,ok_volume,-0.471,13320,37019,50339,ok_volume,640,4496,5136,28567,47227,75794
1769887394,27,71,-0.702,1052,6008,7060,ok_volume,-0.681,1423,7508,8931,ok_volume,-0.466,13265,36399,49664,ok_volume,184,236,420,27469,47463,74932
1769887395,26,71,-0.736,854,5620,6474,ok_volume,-0.687,1345,7236,8581,ok_volume,-0.48,13082,37207,50289,ok_volume,37,894,931,27257,48357,75614
1769887396,26,73,-0.372,606,1324,1930,ok_volume,-0.656,1475,7102,8577,ok_volume,-0.482,13046,37301,50347,ok_volume,400,207,607,27136,48564,75700
1769887397,27,71,-0.815,891,8721,9612,ok_volume,-0.774,1714,13447,15161,ok_volume,-0.534,13463,44323,57786,ok_volume,477,7627,8104,24852,55987,80839
1769887398,27,71,-0.798,895,7951,8846,ok_volume,-0.782,1109,9075,10184,ok_volume,-0.542,12999,43739,56738,ok_volume,36,124,160,24667,56111,80778
1769887399,27,71,-0.864,569,7770,8339,ok_volume,-0.799,992,8864,9856,ok_volume,-0.581,11452,43189,54641,ok_volume,66,19,85,24453,56130,80583
1769887400,27,71,0.105,912,739,1651,ok_volume,-0.657,1772,8566,10338,ok_volume,-0.567,12076,43753,55829,ok_volume,811,596,1407,24893,56726,81619
1769887401,27,71,0.235,1147,710,1857,ok_volume,-0.674,1650,8461,10111,ok_volume,-0.639,9379,42608,51987,ok_volume,270,95,365,24982,56719,81701
1769887402,28,71,0.045,1416,1295,2711,ok_volume,0.027,1517,1438,2955,ok_volume,-0.632,9714,43132,52846,ok_volume,344,604,948,25286,57082,82368
1769887403,28,71,0.097,850,699,1549,ok_volume,0.136,1727,1314,3041,ok_volume,-0.633,8462,37644,46106,ok_volume,254,0,254,25443,56600,82043
1769887404,27,71,-0.615,690,2898,3588,ok_volume,-0.339,1771,3589,5360,ok_volume,-0.658,8204,39786,47990,ok_volume,109,2148,2257,25570,58710,84280
1769887405,27,71,-0.417,943,2294,3237,ok_volume,-0.318,1548,2993,4541,ok_volume,-0.676,7390,38185,45575,ok_volume,588,5,593,25899,57972,83871
1769887406,27,71,-0.552,781,2702,3483,ok_volume,-0.429,1381,3452,4833,ok_volume,-0.668,7493,37586,45079,ok_volume,117,554,671,25309,58526,83835
1769887407,27,71,0.144,740,554,1294,ok_volume,-0.445,1095,2848,3943,ok_volume,-0.651,7396,34960,42356,ok_volume,0,0,0,25048,58526,83574
1769887408,29,70,-0.832,258,2807,3065,ok_volume,-0.682,936,4955,5891,ok_volume,-0.659,7298,35475,42773,ok_volume,109,2253,2362,24963,60779,85742
1769887409,27,70,-0.931,106,2986,3092,ok_volume,-0.614,846,3540,4386,ok_volume,-0.663,7287,36011,43298,ok_volume,0,747,747,23155,61519,84674
1769887410,27,72,-0.898,177,3291,3468,ok_volume,-0.842,329,3845,4174,ok_volume,-0.689,6695,36316,43011,ok_volume,71,315,386,23226,61002,84228
1769887411,28,70,-0.723,258,1605,1863,ok_volume,-0.828,364,3858,4222,ok_volume,-0.684,6852,36488,43340,ok_volume,187,567,754,23301,61547,84848
1769887412,28,70,-0.462,321,872,1193,ok_volume,-0.801,427,3858,4285,ok_volume,-0.683,6702,35526,42228,ok_volume,63,0,63,23364,61058,84422
1769887413,29,70,0.352,1415,678,2093,ok_volume,-0.072,1486,1716,3202,ok_volume,-0.628,7801,34090,41891,ok_volume,1165,111,1276,24515,60703,85218
1769887414,29,70,0.736,3298,501,3799,ok_volume,0.443,3556,1373,4929,ok_volume,-0.553,9871,34299,44170,ok_volume,1851,390,2241,25383,59767,85150
1769887415,29,70,0.588,4083,1060,5143,ok_volume,0.454,4333,1627,5960,ok_volume,-0.456,10612,28379,38991,ok_volume,848,559,1407,25469,58461,83930
1769887416,29,70,0.393,3329,1449,4778,ok_volume,0.508,4776,1560,6336,ok_volume,-0.424,11242,27799,39041,ok_volume,636,500,1136,26100,58961,85061
1769887417,29,70,0.054,1509,1354,2863,ok_volume,0.438,4744,1855,6599,ok_volume,-0.471,10097,28051,38148,ok_volume,42,295,337,25403,59252,84655
1769887418,29,70,0.008,1211,1191,2402,ok_volume,0.293,3910,2140,6050,ok_volume,-0.445,10647,27695,38342,ok_volume,553,396,949,25956,59648,85604
1769887419,28,70,0.366,2137,991,3128,ok_volume,0.276,3615,2050,5665,ok_volume,-0.376,12203,26924,39127,ok_volume,1556,310,1866,26871,59958,86829
1769887420,28,70,0.513,2207,711,2918,ok_volume,0.311,2868,1506,4374,ok_volume,-0.358,12195,25773,37968,ok_volume,39,15,54,26958,59883,86841
1769887421,28,70,0.565,1814,504,2318,ok_volume,0.334,2395,1195,3590,ok_volume,-0.359,12090,25628,37718,ok_volume,157,189,346,26295,60072,86367
1769887422,29,70,0.169,287,204,491,ok_volume,0.463,2455,900,3355,ok_volume,-0.341,11952,24346,36298,ok_volume,91,0,91,26090,59979,86069
1769887423,29,70,0.354,396,189,585,ok_volume,0.606,2053,504,2557,ok_volume,-0.268,11460,19850,31310,ok_volume,166,0,166,25001,56976,81977
1769887424,29,69,0.532,737,225,962,ok_volume,0.37,933,429,1362,ok_volume,-0.255,11775,19845,31620,ok_volume,507,225,732,25247,56351,81598
1769887425,28,69,-0.472,646,1801,2447,ok_volume,-0.38,894,1990,2884,ok_volume,-0.272,11744,20527,32271,ok_volume,0,1576,1576,25025,57841,82866
1769887426,30,69,-0.567,498,1801,2299,ok_volume,-0.419,737,1801,2538,ok_volume,-0.283,11352,20327,31679,ok_volume,0,0,0,24594,57731,82325
1769887427,28,69,-0.758,227,1651,1878,ok_volume,-0.365,873,1876,2749,ok_volume,-0.07,11111,12775,23886,ok_volume,227,75,302,24770,57201,81971
1769887428,28,69,-0.729,591,3763,4354,ok_volume,-0.673,1089,5564,6653,ok_volume,-0.176,11440,16339,27779,ok_volume,379,3688,4067,24650,60180,84830
1769887429,28,70,-0.593,1004,3934,4938,ok_volume,-0.692,1004,5510,6514,ok_volume,-0.166,11787,16491,28278,ok_volume,413,171,584,23450,59782,83232
1769887430,27,70,-0.688,852,4605,5457,ok_volume,-0.625,1079,4680,5759,ok_volume,-0.202,11051,16641,27692,ok_volume,94,755,849,23357,60499,83856
1769887431,27,70,0.015,996,966,1962,ok_volume,-0.497,1587,4729,6316,ok_volume,-0.19,11289,16595,27884,ok_volume,438,0,438,20901,59308,80209
1769887432,27,71,0.003,815,810,1625,ok_volume,-0.491,1592,4669,6261,ok_volume,-0.177,11186,16006,27192,ok_volume,242,19,261,21143,59247,80390
1769887433,21,71,0.826,829,79,908,ok_volume,0.142,1390,1045,2435,ok_volume,-0.179,11083,15924,27007,ok_volume,187,64,251,19832,53823,73655
1769887434,26,71,0.831,854,79,933,ok_volume,0.244,1437,874,2311,ok_volume,-0.092,11453,13776,25229,ok_volume,463,0,463,19922,53671,73593
1769887435,26,72,0.849,786,64,850,ok_volume,0.897,1453,79,1532,ok_volume,-0.111,11029,13776,24805,ok_volume,173,0,173,18693,52064,70757
1769887436,22,71,1.0,696,0,696,ok_volume,0.865,1090,79,1169,ok_volume,-0.094,10949,13222,24171,ok_volume,73,0,73,18766,50901,69667
1769887437,25,70,1.0,891,0,891,ok_volume,0.919,1513,64,1577,ok_volume,-0.065,11604,13222,24826,ok_volume,655,0,655,19275,48261,67536
1769887438,27,69,0.486,2448,847,3295,ok_volume,0.568,3072,847,3919,ok_volume,0.056,13219,11816,25035,ok_volume,1721,847,2568,20767,47365,68132
1769887439,27,70,0.479,2405,847,3252,ok_volume,0.514,2641,847,3488,ok_volume,0.089,13248,11083,24331,ok_volume,29,0,29,20785,47164,67949
1769887440,28,70,0.436,2225,874,3099,ok_volume,0.543,2952,874,3826,ok_volume,0.116,13652,10805,24457,ok_volume,475,27,502,20597,47191,67788
1769887441,28,70,0.908,563,27,590,ok_volume,0.542,2939,874,3813,ok_volume,0.138,13524,10238,23762,ok_volume,73,0,73,20639,46796,67435
1769887442,28,70,0.824,797,77,874,ok_volume,0.468,2547,924,3471,ok_volume,0.143,13724,10288,24012,ok_volume,162,50,212,20686,45884,66570
1769887443,25,70,-0.098,852,1038,1890,ok_volume,0.12,1356,1065,2421,ok_volume,0.071,12870,11165,24035,ok_volume,530,988,1518,21146,45325,66471
1769887444,26,70,-0.084,877,1038,1915,ok_volume,0.174,1513,1065,2578,ok_volume,0.02,11205,10775,21980,ok_volume,186,0,186,21332,45144,66476
1769887445,27,70,-0.326,778,1530,2308,ok_volume,-0.179,1100,1580,2680,ok_volume,-0.016,10419,10758,21177,ok_volume,62,551,613,21287,39216,60503
1769887446,27,70,0.063,855,753,1608,ok_volume,-0.073,1546,1791,3337,ok_volume,-0.003,10396,10469,20865,ok_volume,607,106,713,21894,38347,60241
1769887447,27,70,-0.01,899,917,1816,ok_volume,-0.082,1615,1905,3520,ok_volume,0.012,10595,10338,20933,ok_volume,230,164,394,20946,38468,59414
1769887448,27,70,0.574,997,270,1267,ok_volume,0.152,1245,917,2162,ok_volume,0.013,10205,9942,20147,ok_volume,166,0,166,21112,37716,58828
1769887449,27,70,-0.036,520,559,1079,ok_volume,-0.049,1189,1312,2501,ok_volume,-0.07,8717,10037,18754,ok_volume,130,395,525,21242,37035,58277
1769887450,26,70,-0.687,440,2373,2813,ok_volume,-0.348,1277,2643,3920,ok_volume,-0.152,8828,12000,20828,ok_volume,150,1978,2128,21283,37847,59130
1769887451,29,70,-0.668,476,2389,2865,ok_volume,-0.493,866,2553,3419,ok_volume,-0.143,8867,11827,20694,ok_volume,200,16,216,21217,37529,58746
1769887452,26,70,-0.669,396,1994,2390,ok_volume,-0.554,686,2389,3075,ok_volume,-0.145,8826,11827,20653,ok_volume,50,7,57,21032,36254,57286
1769887453,26,71,-0.692,246,1349,1595,ok_volume,-0.752,526,3722,4248,ok_volume,-0.205,8678,13160,21838,ok_volume,6,1333,1339,20383,33091,53474
1769887454,26,70,0.16,2206,1598,3804,ok_volume,-0.169,2552,3592,6144,ok_volume,-0.122,10336,13200,23536,ok_volume,2156,265,2421,22355,33120,55475
1769887455,26,73,0.152,2172,1598,3770,ok_volume,0.199,2418,1614,4032,ok_volume,-0.058,10352,11624,21976,ok_volume,16,0,16,22334,32226,54560
1769887456,26,73,0.783,2172,265,2437,ok_volume,0.163,2222,1598,3820,ok_volume,-0.058,10352,11624,21976,ok_volume,0,0,0,21934,32019,53953
1769887457,26,70,-0.891,82,1416,1498,ok_volume,-0.148,2238,3014,5252,ok_volume,-0.12,10191,12965,23156,ok_volume,66,144,210,21520,25808,47328
1769887458,26,73,-0.828,161,1708,1869,ok_volume,0.084,2333,1973,4306,ok_volume,0.018,9922,9569,19491,ok_volume,98,292,390,21582,25976,47558
1769887459,25,74,-0.803,511,4674,5185,ok_volume,-0.837,527,5946,6473,ok_volume,-0.161,9859,13636,23495,ok_volume,350,4238,4588,21867,30195,52062
1769887460,25,74,-0.649,965,4530,5495,ok_volume,-0.704,1031,5946,6977,ok_volume,-0.113,10231,12841,23072,ok_volume,433,0,433,21589,29599,51188
1769887461,25,74,-0.559,1200,4238,5438,ok_volume,-0.549,1361,4674,6035,ok_volume,-0.118,10126,12841,22967,ok_volume,320,0,320,21649,29504,51153
1769887462,26,71,1.0,950,0,950,ok_volume,-0.504,1495,4530,6025,ok_volume,-0.119,10094,12826,22920,ok_volume,207,0,207,21512,28900,50412
1769887463,26,71,0.454,684,257,941,ok_volume,-0.484,1564,4495,6059,ok_volume,-0.126,10096,13019,23115,ok_volume,180,257,437,21418,29011,50429
1769887464,26,71,0.029,456,430,886,ok_volume,0.474,1206,430,1636,ok_volume,-0.151,9728,13192,22920,ok_volume,92,188,280,21401,27051,48452
1769887465,26,70,-0.547,340,1161,1501,ok_volume,-0.149,860,1161,2021,ok_volume,-0.181,9648,13923,23571,ok_volume,84,731,815,20897,27777,48674
1769887466,26,70,-0.64,206,940,1146,ok_volume,-0.355,570,1197,1767,ok_volume,-0.185,9606,13959,23565,ok_volume,30,36,66,20761,27259,48020
1769887467,24,74,-0.917,114,2632,2746,ok_volume,-0.784,370,3062,3432,ok_volume,-0.277,8951,15824,24775,ok_volume,0,1865,1865,20761,29124,49885
1769887468,20,79,-0.743,697,4737,5434,ok_volume,-0.732,873,5641,6514,ok_volume,-0.386,7897,17813,25710,ok_volume,686,2840,3526,21338,29711,51049
1769887469,16,81,-0.508,1631,5004,6635,ok_volume,-0.536,1745,5771,7516,ok_volume,-0.345,8832,18116,26948,ok_volume,911,303,1214,22310,29267,51577
1769887470,16,82,-0.15,2321,3139,5460,ok_volume,-0.364,2351,5040,7391,ok_volume,-0.333,9047,18089,27136,ok_volume,690,0,690,22929,28952,51881
1769887471,16,83,0.703,1737,303,2040,ok_volume,-0.34,2465,5004,7469,ok_volume,-0.334,9030,18089,27119,ok_volume,157,0,157,22899,28385,51284
1769887472,16,83,1.0,2106,0,2106,ok_volume,0.087,3737,3139,6876,ok_volume,-0.28,10141,18039,28180,ok_volume,1272,0,1272,24108,28385,52493
1769887473,15,84,1.0,4667,0,4667,ok_volume,0.908,6260,303,6563,ok_volume,-0.14,12862,17051,29913,ok_volume,3264,1,3265,25988,28275,54263
1769887474,15,84,1.0,4900,0,4900,ok_volume,1.0,5734,0,5734,ok_volume,-0.133,13053,17051,30104,ok_volume,390,2,392,24527,27887,52414
1769887475,12,85,0.927,4589,173,4762,ok_volume,0.944,6005,173,6178,ok_volume,-0.086,13952,16577,30529,ok_volume,965,173,1138,24644,27501,52145
1769887476,12,85,0.841,2009,173,2182,ok_volume,0.948,6532,173,6705,ok_volume,-0.081,14016,16471,30487,ok_volume,585,0,585,24681,27001,51682
1769887477,12,85,0.895,3108,173,3281,ok_volume,0.95,6736,173,6909,ok_volume,-0.033,15262,16307,31569,ok_volume,1478,0,1478,26117,26706,52823
1769887478,14,85,0.966,2169,37,2206,ok_volume,0.89,3595,210,3805,ok_volume,-0.036,15212,16344,31556,ok_volume,118,37,155,25682,26347,52029
1769887479,13,85,0.352,1703,817,2520,ok_volume,0.542,3335,990,4325,ok_volume,-0.048,15199,16729,31928,ok_volume,124,780,904,24188,26817,51005
1769887480,14,85,0.368,4683,2162,6845,ok_volume,0.514,6742,2162,8904,ok_volume,0.096,19505,16096,35601,ok_volume,4456,1345,5801,28605,28147,56752
1769887481,14,84,0.243,4823,2936,7759,ok_volume,0.366,6409,2973,9382,ok_volume,0.073,19559,16891,36450,ok_volume,250,811,1061,28698,28769,57467
1769887482,15,84,0.264,4706,2740,7446,ok_volume,0.162,4933,3557,8490,ok_volume,0.055,19509,17475,36984,ok_volume,0,584,584,28607,29353,57960
1769887483,12,85,-0.785,250,2072,2322,ok_volume,0.069,4823,4197,9020,ok_volume,0.074,19509,16819,36328,ok_volume,5,677,682,28446,30030,58476
1769887484,14,84,-0.591,1236,4804,6040,ok_volume,-0.079,5942,6960,12902,ok_volume,-0.039,18589,20097,38686,ok_volume,1242,3545,4787,29181,33350,62531
1769887485,14,84,-0.476,1746,4917,6663,ok_volume,-0.519,1996,6312,8308,ok_volume,-0.043,19083,20794,39877,ok_volume,510,697,1207,29696,32471,62167
1769887486,15,84,-0.432,1878,4740,6618,ok_volume,-0.523,1878,6001,7879,ok_volume,-0.021,19215,20022,39237,ok_volume,137,500,637,29833,32971,62804
1769887487,14,84,-0.572,1180,4332,5512,ok_volume,-0.559,2416,8552,10968,ok_volume,-0.078,19687,23013,42700,ok_volume,538,3136,3674,30144,36032,66176
1769887488,14,84,-0.333,1854,3702,5556,ok_volume,-0.376,3600,7942,11542,ok_volume,-0.046,20776,22788,43564,ok_volume,1187,72,1259,30952,32416,63368
1769887489,15,84,-0.455,1949,5208,7157,ok_volume,-0.424,2591,6405,8996,ok_volume,-0.0,20553,20556,41109,ok_volume,227,2006,2233,30766,34251,65017
1769887490,15,84,-0.287,1564,2823,4387,ok_volume,-0.486,2234,6458,8692,ok_volume,-0.025,20276,21306,41582,ok_volume,124,750,874,30752,34197,64949
1769887491,15,84,-0.682,812,4289,5101,ok_volume,-0.494,2534,7491,10025,ok_volume,-0.057,20388,22839,43227,ok_volume,439,1533,1972,30754,35730,66484
1769887492,14,85,-0.673,601,3075,3676,ok_volume,-0.432,2041,5148,7189,ok_volume,-0.077,20233,23631,43864,ok_volume,51,795,846,30563,36506,67069
1769887493,15,84,-0.219,2258,3524,5782,ok_volume,-0.408,2638,6280,8918,ok_volume,-0.059,21850,24573,46423,ok_volume,1781,1200,2981,32157,37642,69799
1769887494,15,84,-0.102,2172,2666,4838,ok_volume,-0.289,2728,4949,7677,ok_volume,-0.063,22104,25075,47179,ok_volume,359,675,1034,32053,38317,70370
1769887495,14,85,-0.255,2986,5034,8020,ok_volume,-0.36,3463,7359,10822,ok_volume,-0.092,22879,27504,50383,ok_volume,874,3163,4037,32754,41480,74234
1769887496,14,85,-0.098,3376,4109,7485,ok_volume,-0.079,5202,6100,11302,ok_volume,-0.052,25020,27742,52762,ok_volume,2155,274,2429,34863,41754,76617
1769887497,14,84,0.002,3451,3434,6885,ok_volume,0.025,5578,5308,10886,ok_volume,-0.008,25441,25877,51318,ok_volume,362,7,369,34629,41761,76390
1769887498,14,84,0.091,3482,2900,6382,ok_volume,-0.177,4714,6735,11449,ok_volume,-0.001,25630,25667,51297,ok_volume,734,2626,3360,33825,43540,77365
1769887499,14,84,-0.146,1967,2637,4604,ok_volume,-0.091,5056,6071,11127,ok_volume,0.001,25415,25375,50790,ok_volume,688,11,699,34484,43551,78035
1769887500,14,84,0.003,2699,2684,5383,ok_volume,0.296,5447,2958,8405,ok_volume,0.011,26002,25422,51424,ok_volume,1292,47,1339,35301,43571,78872
1769887501,14,84,0.877,6406,421,6827,ok_volume,0.432,7685,3047,10732,ok_volume,0.08,30299,25785,56084,ok_volume,4436,324,4760,39572,43936,83508
1769887502,14,84,0.902,17174,886,18060,ok_volume,0.681,18596,3523,22119,ok_volume,0.213,40483,26261,66744,ok_volume,11463,476,11939,50873,44362,95235
1769887503,14,85,0.751,18383,2611,20994,ok_volume,0.765,20358,2710,23068,ok_volume,0.172,39728,28074,67802,ok_volume,2501,1813,4314,52844,45187,98031
1769887504,14,85,0.081,14399,12248,26647,ok_volume,0.228,20117,12658,32775,ok_volume,0.023,39798,38033,77831,ok_volume,447,9961,10408,53105,55148,108253
1769887505,14,85,-0.599,3026,12082,15108,ok_volume,0.19,18913,12880,31793,ok_volume,0.009,38832,38170,77002,ok_volume,99,310,409,53142,54802,107944
1769887506,14,84,-0.858,787,10269,11056,ok_volume,0.08,14739,12558,27297,ok_volume,0.004,38506,38170,76676,ok_volume,266,0,266,52801,54696,107497
1769887507,15,84,-0.298,340,629,969,ok_volume,-0.581,3283,12401,15684,ok_volume,-0.019,37030,38489,75519,ok_volume,0,319,319,52571,54851,107422
1769887508,14,84,0.133,1762,1347,3109,ok_volume,-0.67,2292,11616,13908,ok_volume,-0.014,38425,39480,77905,ok_volume,1446,1009,2455,53910,55879,109789
1769887509,14,84,-0.785,1692,14047,15739,ok_volume,-0.752,2032,14357,16389,ok_volume,-0.144,38495,51400,89895,ok_volume,187,12700,12887,53967,68184,122151
1769887510,14,84,-0.582,3633,13734,17367,ok_volume,-0.562,3949,14072,18021,ok_volume,-0.163,36039,50080,86119,ok_volume,2005,30,2035,55822,66236,122058
1769887511,14,85,-0.529,3915,12725,16640,ok_volume,-0.444,5420,14072,19492,ok_volume,-0.135,37517,49269,86786,ok_volume,1728,0,1728,57350,66220,123570
1769887512,14,84,-0.146,4040,5418,9458,ok_volume,-0.542,5673,19127,24800,ok_volume,-0.177,37829,54078,91907,ok_volume,321,5393,5714,57621,71606,129227
1769887513,15,84,-0.404,2421,5697,8118,ok_volume,-0.6,4608,18422,23030,ok_volume,-0.169,38210,53705,91915,ok_volume,286,306,592,58001,70579,128580
1769887514,15,84,-0.705,1112,6431,7543,ok_volume,-0.143,4840,6456,11296,ok_volume,-0.153,37393,50896,88289,ok_volume,419,734,1153,56264,71048,127312
1769887515,15,84,0.422,2580,1048,3628,ok_volume,-0.154,4720,6441,11161,ok_volume,-0.129,38763,50209,88972,ok_volume,1853,10,1863,58130,71058,129188
1769887516,15,84,0.559,2631,744,3375,ok_volume,-0.319,3324,6441,9765,ok_volume,-0.121,38963,49709,88672,ok_volume,314,2,316,58469,69788,128257
1769887517,15,84,0.909,2366,113,2479,ok_volume,0.458,3095,1151,4246,ok_volume,-0.095,38608,46677,85285,ok_volume,183,103,286,58590,69747,128337
1769887518,15,84,-0.083,888,1048,1936,ok_volume,0.284,3212,1792,5004,ok_volume,-0.114,37822,47555,85377,ok_volume,401,945,1346,58892,70400,129292
1769887519,15,84,-0.264,610,1048,1658,ok_volume,0.451,2793,1058,3851,ok_volume,-0.096,37595,45549,83144,ok_volume,29,0,29,58471,66162,124633
1769887520,15,84,0.155,1349,987,2336,ok_volume,0.256,1839,1090,2929,ok_volume,-0.077,38393,44841,83234,ok_volume,332,42,374,58950,66204,125154
1769887521,15,84,-0.537,3024,10042,13066,ok_volume,-0.509,3605,11090,14695,ok_volume,-0.142,40034,53308,93342,ok_volume,2073,10009,12082,60703,76213,136916
1769887522,15,84,-0.611,2430,10054,12484,ok_volume,-0.523,3447,10999,14446,ok_volume,-0.135,40014,52528,92542,ok_volume,30,17,47,60526,76230,136756
1769887523,15,84,-0.689,2569,13938,16507,ok_volume,-0.598,3520,13980,17500,ok_volume,-0.176,38704,55255,93959,ok_volume,371,3926,4297,60822,79899,140721
1769887524,15,84,-0.756,555,4000,4555,ok_volume,-0.652,2960,14042,17002,ok_volume,-0.174,38417,54642,93059,ok_volume,59,69,128,60789,79780,140569
1769887525,15,84,-0.808,454,4268,4722,ok_volume,-0.686,2657,14280,16937,ok_volume,-0.159,37560,51762,89322,ok_volume,34,280,314,60739,79329,140068
1769887526,15,84,0.329,1593,804,2397,ok_volume,-0.388,2089,4742,6831,ok_volume,-0.17,36862,51950,88812,ok_volume,1344,462,1806,62219,79755,141974
1769887527,15,84,0.489,2161,742,2903,ok_volume,-0.293,2586,4730,7316,ok_volume,-0.169,36944,51950,88894,ok_volume,638,1,639,62857,77891,140748
1769887528,15,84,0.624,2413,558,2971,ok_volume,0.495,2667,900,3567,ok_volume,-0.148,36657,49420,86077,ok_volume,448,72,520,62558,75147,137705
1769887529,15,84,0.885,1571,96,1667,ok_volume,0.575,3105,838,3943,ok_volume,-0.151,36466,49409,85875,ok_volume,502,0,502,62149,74844,136993
1769887530,15,84,0.679,1176,225,1401,ok_volume,0.631,3142,711,3853,ok_volume,-0.166,35411,49474,84885,ok_volume,173,153,326,61691,74997,136688
1769887531,16,83,0.748,1656,239,1895,ok_volume,0.781,2730,335,3065,ok_volume,-0.214,31907,49238,81145,ok_volume,927,4,931,62461,75087,137548
1769887532,14,83,0.154,1284,941,2225,ok_volume,0.386,2287,1013,3300,ok_volume,-0.411,20635,49464,70099,ok_volume,184,702,886,61373,75789,137162
1769887533,14,85,-0.498,1111,3318,4429,ok_volume,-0.318,1840,3557,5397,ok_volume,-0.47,18139,50267,68406,ok_volume,0,185,185,58109,78404,136513
1769887534,14,85,-0.837,296,3328,3624,ok_volume,-0.437,1396,3567,4963,ok_volume,-0.387,17804,40318,58122,ok_volume,120,18,138,57839,78420,136259
1769887535,14,84,0.099,238,195,433,ok_volume,-0.423,1349,3328,4677,ok_volume,-0.383,17847,40008,57855,ok_volume,137,0,137,56923,78247,135170
1769887536,15,84,0.984,1267,10,1277,ok_volume,-0.393,1451,3328,4779,ok_volume,-0.365,18619,40008,58627,ok_volume,1029,0,1029,57367,78247,135614
1769887537,14,84,0.396,1155,500,1655,ok_volume,0.292,1267,695,1962,ok_volume,-0.368,18560,40170,58730,ok_volume,5,500,505,55894,78747,134641
1769887538,15,84,0.412,1200,500,1700,ok_volume,0.476,1438,510,1948,ok_volume,-0.388,17285,39161,56446,ok_volume,171,0,171,55947,78710,134657
1769887539,14,84,-0.138,398,525,923,ok_volume,0.495,1553,525,2078,ok_volume,-0.209,17325,26486,43811,ok_volume,227,25,252,56050,77955,134005
1769887540,14,84,0.935,739,25,764,ok_volume,0.542,1768,525,2293,ok_volume,-0.256,15666,26461,42127,ok_volume,346,0,346,51940,76610,128550
1769887541,14,84,0.95,971,25,996,ok_volume,0.37,1142,525,1667,ok_volume,-0.297,14341,26461,40802,ok_volume,374,0,374,52093,75799,127892
1769887542,14,84,1.0,1347,0,1347,ok_volume,0.972,1745,25,1770,ok_volume,-0.184,14532,21068,35600,ok_volume,605,0,605,52699,75215,127914
1769887543,14,84,1.0,1197,0,1197,ok_volume,0.973,1794,25,1819,ok_volume,-0.179,14471,20764,35235,ok_volume,220,0,220,52914,74538,127452
1769887544,14,84,0.886,896,54,950,ok_volume,0.936,1640,54,1694,ok_volume,-0.175,14096,20084,34180,ok_volume,77,54,131,51744,71047,122791
1769887545,14,84,-0.593,411,1610,2021,ok_volume,-0.074,1388,1610,2998,ok_volume,-0.274,12338,21630,33968,ok_volume,123,1562,1685,51357,71912,123269
1769887546,15,84,-0.491,684,2004,2688,ok_volume,-0.142,1507,2004,3511,ok_volume,-0.275,12524,22024,34548,ok_volume,203,394,597,51728,71806,123534
1769887547,15,84,-0.488,735,2137,2872,ok_volume,-0.361,1028,2191,3219,ok_volume,-0.279,12465,22108,34573,ok_volume,128,187,315,51318,68857,120175
1769887548,14,84,-0.187,434,634,1068,ok_volume,-0.414,930,2244,3174,ok_volume,-0.27,12189,21216,33405,ok_volume,127,53,180,50258,68838,119096
1769887549,14,84,-0.867,528,7392,7920,ok_volume,-0.783,1139,9342,10481,ok_volume,-0.411,11852,28368,40220,ok_volume,282,7152,7434,50289,73984,124273
1769887550,14,84,-0.834,651,7205,7856,ok_volume,-0.78,963,7786,8749,ok_volume,-0.413,11767,28326,40093,ok_volume,247,0,247,50411,73234,123645
1769887551,14,84,-0.795,839,7359,8198,ok_volume,-0.75,1085,7599,8684,ok_volume,-0.299,10004,18533,28537,ok_volume,315,156,471,50287,71908,122195
1769887552,14,84,0.859,2735,207,2942,ok_volume,-0.405,3139,7412,10551,ok_volume,-0.212,12052,18521,30573,ok_volume,2178,0,2178,52414,71113,123527
1769887553,15,84,0.849,3040,248,3288,ok_volume,-0.352,3569,7451,11020,ok_volume,-0.091,12238,14687,26925,ok_volume,554,92,646,51187,70005,121192
1769887554,15,84,0.944,3743,107,3850,ok_volume,0.864,4300,314,4614,ok_volume,-0.052,13192,14640,27832,ok_volume,1018,15,1033,51846,69345,121191
1769887555,14,85,0.654,2360,494,2854,ok_volume,0.764,4848,650,5498,ok_volume,-0.033,13792,14747,28539,ok_volume,504,387,891,51744,66569,118313
1769887556,14,85,0.718,2450,402,2852,ok_volume,0.826,5180,494,5674,ok_volume,-0.043,13095,14285,27380,ok_volume,642,0,642,50172,66295,116467
1769887557,14,85,0.56,1519,428,1947,ok_volume,0.727,3379,535,3914,ok_volume,-0.054,12845,14302,27147,ok_volume,377,26,403,50004,66329,116333
1769887558,14,85,0.937,1254,41,1295,ok_volume,0.747,3062,443,3505,ok_volume,-0.059,12633,14230,26863,ok_volume,240,0,240,49512,63703,113215
1769887559,14,85,0.922,1333,54,1387,ok_volume,0.689,2475,456,2931,ok_volume,-0.054,12798,14258,27056,ok_volume,723,28,751,49547,63720,113267
1769887560,14,85,0.518,1026,326,1352,ok_volume,0.696,2045,367,2412,ok_volume,-0.06,12695,14317,27012,ok_volume,70,300,370,48315,63932,112247
1769887561,14,85,0.343,1344,658,2002,ok_volume,0.482,1956,684,2640,ok_volume,-0.086,12321,14649,26970,ok_volume,557,212,769,44436,63940,108376
1769887562,14,85,0.207,959,630,1589,ok_volume,0.489,1915,658,2573,ok_volume,0.04,12473,11516,23989,ok_volume,341,0,341,33314,63464,96778
1769887563,14,85,0.441,1020,396,1416,ok_volume,0.365,1811,842,2653,ok_volume,0.045,12604,11515,24119,ok_volume,146,184,330,30959,61835,92794
1769887564,14,85,0.608,755,184,939,ok_volume,0.257,1378,814,2192,ok_volume,0.053,12780,11505,24285,ok_volume,291,0,291,30803,51874,82677
1769887565,13,85,-0.812,419,4038,4457,ok_volume,-0.529,1308,4250,5558,ok_volume,-0.097,12654,15359,28013,ok_volume,1,3854,3855,30705,55418,86123
1769887566,13,86,-0.689,710,3854,4564,ok_volume,-0.549,1177,4038,5215,ok_volume,-0.121,12047,15359,27406,ok_volume,422,0,422,30861,55418,86279
1769887567,13,86,-0.632,868,3854,4722,ok_volume,-0.517,1287,4038,5325,ok_volume,-0.087,12493,14859,27352,ok_volume,446,0,446,31248,55080,86328
1769887568,11,87,1.0,1285,0,1285,ok_volume,-0.42,1573,3854,5427,ok_volume,-0.077,12739,14859,27598,ok_volume,417,0,417,30219,54071,84290
1769887569,11,87,1.0,1487,0,1487,ok_volume,-0.337,1909,3854,5763,ok_volume,-0.061,13136,14834,27970,ok_volume,524,0,524,30656,41371,72027
1769887570,11,87,0.982,1225,11,1236,ok_volume,0.99,2093,11,2104,ok_volume,-0.068,12950,14845,27795,ok_volume,185,11,196,28836,41352,70188
1769887571,11,88,0.973,2142,29,2171,ok_volume,0.981,3105,29,3134,ok_volume,-0.03,14010,14863,28873,ok_volume,190,18,208,28548,41370,69918
1769887572,10,88,0.801,2955,326,3281,ok_volume,0.849,3996,326,4322,ok_volume,-0.014,14744,15160,29904,ok_volume,1337,297,1634,29464,36274,65738
1769887573,10,88,0.733,2688,415,3103,ok_volume,0.832,4640,426,5066,ok_volume,0.014,15685,15260,30945,ok_volume,1167,100,1267,30345,36068,66413
1769887574,10,88,0.774,3122,397,3519,ok_volume,0.835,4740,426,5166,ok_volume,0.033,16236,15206,31442,ok_volume,425,0,425,30522,35334,65856
1769887575,10,88,0.759,2396,328,2724,ok_volume,0.718,3923,643,4566,ok_volume,0.084,16424,13878,30302,ok_volume,198,228,426,29265,35552,64817
1769887576,9,88,0.504,1080,356,1436,ok_volume,0.668,3778,753,4531,ok_volume,0.089,16281,13612,29893,ok_volume,45,128,173,28992,35678,64670
1769887577,10,88,0.662,10537,2145,12682,ok_volume,0.7,12745,2245,14990,ok_volume,0.27,26461,15214,41675,ok_volume,10311,1797,12108,39120,37372,76492
1769887578,9,90,0.682,10479,1980,12459,ok_volume,0.678,11514,2208,13722,ok_volume,0.27,26469,15224,41693,ok_volume,135,71,206,38854,36498,75352
1769887579,9,88,0.632,10779,2432,13211,ok_volume,0.596,11012,2788,13800,ok_volume,0.508,26532,8652,35184,ok_volume,345,550,895,38580,37092,75672
1769887580,9,88,-0.176,475,678,1153,ok_volume,0.613,10824,2595,13419,ok_volume,0.505,26285,8636,34921,ok_volume,2,35,37,38250,37085,75335
1769887581,9,90,-0.264,345,592,937,ok_volume,0.626,10779,2481,13260,ok_volume,0.507,25975,8494,34469,ok_volume,0,15,15,36177,27091,63268
1769887582,9,90,-0.06,220,248,468,ok_volume,-0.124,695,891,1586,ok_volume,0.468,24017,8693,32710,ok_volume,228,200,428,36270,27274,63544
1769887583,8,90,0.901,4105,213,4318,ok_volume,0.698,4450,791,5241,ok_volume,0.522,27350,8601,35951,ok_volume,2890,0,2890,39789,23348,63137
1769887584,9,90,0.898,4224,226,4450,ok_volume,0.878,4224,275,4499,ok_volume,0.505,26161,8613,34774,ok_volume,120,27,147,39850,23306,63156
1769887585,9,88,0.686,3801,707,4508,ok_volume,0.69,5021,920,5941,ok_volume,0.496,26458,8906,35364,ok_volume,820,681,1501,40470,23707,64177
1769887586,8,90,-0.011,916,936,1852,ok_volume,0.631,5021,1135,6156,ok_volume,0.478,25816,9120,34936,ok_volume,0,229,229,39126,23474,62600
1769887587,8,88,-0.027,897,947,1844,ok_volume,0.6,3901,974,4875,ok_volume,0.473,25539,9132,34671,ok_volume,105,38,143,38593,23487,62080
1769887588,10,89,-0.455,100,267,367,ok_volume,0.021,1016,974,1990,ok_volume,0.47,25304,9132,34436,ok_volume,0,0,0,38145,23415,61560
1769887589,8,90,0.032,287,269,556,ok_volume,-0.042,1084,1178,2262,ok_volume,0.453,24770,9335,34105,ok_volume,202,232,434,37786,23647,61433
1769887590,8,91,0.654,1331,278,1609,ok_volume,0.448,1431,545,1976,ok_volume,0.485,25844,8964,34808,ok_volume,1152,47,1199,38765,23455,62220
1769887591,7,90,-0.957,1390,63918,65308,ok_volume,-0.954,1490,63956,65446,ok_volume,-0.481,25350,72392,97742,ok_volume,59,63645,63704,37897,87096,124993
1769887592,7,90,-0.958,1364,63687,65051,ok_volume,-0.953,1551,63918,65469,ok_volume,-0.484,25175,72392,97567,ok_volume,169,0,169,37882,83963,121845
1769887593,8,90,-0.974,874,66793,67667,ok_volume,-0.936,2205,67071,69276,ok_volume,-0.491,25698,75361,101059,ok_volume,664,3155,3819,38546,86933,125479
1769887594,6,90,-0.487,1481,4292,5773,ok_volume,-0.924,2684,67979,70663,ok_volume,-0.492,26076,76500,102576,ok_volume,678,1144,1822,39104,88059,127163
1769887595,8,91,-0.529,1370,4443,5813,ok_volume,-0.954,1590,68083,69673,ok_volume,-0.472,26126,72797,98923,ok_volume,50,151,201,39017,88210,127227
1769887596,6,90,-0.274,1701,2988,4689,ok_volume,-0.419,2516,6141,8657,ok_volume,-0.472,26689,74495,101184,ok_volume,1016,1699,2715,39004,89909,128913
1769887597,7,92,0.025,1981,1883,3864,ok_volume,-0.303,3301,6175,9476,ok_volume,-0.465,27189,74529,101718,ok_volume,955,34,989,39954,89443,129397
1769887598,7,91,-0.253,2052,3445,5497,ok_volume,-0.262,2768,4735,7503,ok_volume,-0.48,26793,76242,103035,ok_volume,127,1713,1840,39910,91156,131066
1769887599,6,91,-0.608,1117,4586,5703,ok_volume,-0.499,2152,6435,8587,ok_volume,-0.501,26319,79081,105400,ok_volume,50,2850,2900,39733,93981,133714
1769887600,6,91,-0.907,224,4611,4835,ok_volume,-0.493,2155,6343,8498,ok_volume,-0.521,24944,79129,104073,ok_volume,53,60,113,39411,94041,133452
1769887601,5,91,-0.684,1164,6198,7362,ok_volume,-0.562,2231,7945,10176,ok_volume,-0.523,25815,82411,108226,ok_volume,1064,3300,4364,40100,97341,137441
1769887602,6,92,-0.537,1228,4077,5305,ok_volume,-0.721,1399,8629,10028,ok_volume,-0.542,24592,82832,107424,ok_volume,114,719,833,39609,98060,137669
1769887603,6,92,-0.551,1833,6338,8171,ok_volume,-0.653,1936,9236,11172,ok_volume,-0.561,23889,85052,108941,ok_volume,666,2322,2988,40055,100382,140437
1769887604,6,92,-0.016,3287,3395,6682,ok_volume,-0.211,4401,6754,11155,ok_volume,-0.539,25557,85409,110966,ok_volume,2457,251,2708,42493,100688,143181
1769887605,7,92,-0.05,3640,4020,7660,ok_volume,-0.251,4815,8038,12853,ok_volume,-0.54,25836,86524,112360,ok_volume,471,1343,1814,42536,100469,143005
1769887606,7,92,0.502,5273,1749,7022,ok_volume,0.11,6103,4896,10999,ok_volume,-0.509,28140,86554,114694,ok_volume,1940,122,2062,44682,100233,144915
1769887607,7,92,0.487,7718,2662,10380,ok_volume,0.342,10891,5339,16230,ok_volume,-0.581,22738,85926,108664,ok_volume,4904,1162,6066,49458,101208,150666
1769887608,7,92,0.656,7125,1478,8603,ok_volume,0.542,10458,3105,13563,ok_volume,-0.58,22891,86021,108912,ok_volume,185,195,380,49611,101350,150961
1769887609,7,91,0.494,5424,1839,7263,ok_volume,0.423,8240,3340,11580,ok_volume,-0.581,22785,85961,108746,ok_volume,181,486,667,49568,94684,144252
1769887610,6,92,-0.847,422,5107,5529,ok_volume,0.071,7364,6390,13754,ok_volume,-0.597,22785,90355,113140,ok_volume,0,4429,4429,49321,99062,148383
1769887611,16,71,0.513,30031,9675,39706,ok_volume,0.524,35274,11031,46305,ok_volume,-0.287,52635,95104,147739,ok_volume,29864,4763,34627,78870,103669,182539
1769887612,16,74,0.452,29850,11264,41114,ok_volume,0.434,30272,11942,42214,ok_volume,-0.307,51415,96977,148392,ok_volume,0,1964,1964,76692,105742,182434
1769887613,13,85,0.592,29850,7642,37492,ok_volume,0.41,30031,12554,42585,ok_volume,-0.337,48530,97784,146314,ok_volume,0,807,807,76138,106457,182595
1769887614,13,86,-1.0,0,2770,2770,ok_volume,0.424,29850,12071,41921,ok_volume,-0.338,48411,97757,146168,ok_volume,0,0,0,74825,106442,181267
1769887615,9,85,-0.927,31,823,854,ok_volume,0.592,29881,7658,37539,ok_volume,-0.342,47645,97093,144738,ok_volume,31,24,55,74352,106079,180431
1769887616,9,87,0.711,325,55,380,ok_volume,-0.794,325,2825,3150,ok_volume,-0.338,47939,96903,144842,ok_volume,294,39,333,74004,106103,180107
1769887617,9,88,0.587,392,102,494,ok_volume,-0.397,392,909,1301,ok_volume,-0.338,47906,96912,144818,ok_volume,67,47,114,73692,106124,179816
1769887618,7,87,0.546,433,127,560,ok_volume,0.529,464,143,607,ok_volume,-0.338,47978,96953,144931,ok_volume,72,47,119,73524,106171,179695
1769887619,8,88,-0.666,163,813,976,ok_volume,-0.28,488,868,1356,ok_volume,-0.342,47815,97447,145262,ok_volume,29,0,29,72830,106868,179698
1769887620,7,89,-0.898,295,5473,5768,ok_volume,-0.789,656,5559,6215,ok_volume,-0.371,46870,102107,148977,ok_volume,204,4388,4592,72964,111155,184119
1769887621,6,87,-0.723,757,4707,5464,ok_volume,-0.721,896,5520,6416,ok_volume,0.103,47345,38467,85812,ok_volume,537,7,544,72944,110950,183894
1769887622,6,92,-0.667,875,4388,5263,ok_volume,-0.699,971,5473,6444,ok_volume,0.103,47326,38467,85793,ok_volume,143,0,143,72746,110950,183696
1769887623,7,89,1.0,1391,0,1391,ok_volume,-0.489,1614,4707,6321,ok_volume,0.146,47387,35314,82701,ok_volume,716,0,716,73316,110766,184082
1769887624,7,89,0.229,973,611,1584,ok_volume,-0.491,1706,4999,6705,ok_volume,0.148,46837,34786,81623,ok_volume,118,221,339,73143,111377,184520
1769887625,9,89,0.028,861,814,1675,ok_volume,0.308,1537,814,2351,ok_volume,0.147,46817,34838,81655,ok_volume,30,203,233,73172,107726,180898
1769887626,7,89,-0.856,246,3174,3420,ok_volume,-0.527,1103,3564,4667,ok_volume,0.123,45932,35890,81822,ok_volume,107,2751,2858,72857,110477,183334
1769887627,7,89,-0.828,282,2995,3277,ok_volume,-0.528,1113,3606,4719,ok_volume,0.114,45138,35898,81036,ok_volume,165,51,216,72576,110528,183104
1769887628,7,89,-0.795,372,3261,3633,ok_volume,-0.754,518,3685,4203,ok_volume,0.131,45137,34654,79791,ok_volume,129,472,601,72188,111000,183188
1769887629,7,89,-0.401,287,672,959,ok_volume,-0.794,417,3625,4042,ok_volume,0.17,45102,31976,77078,ok_volume,17,161,178,71686,111161,182847
1769887630,7,90,-0.774,164,1286,1450,ok_volume,-0.815,416,4078,4494,ok_volume,0.161,45078,32573,77651,ok_volume,30,656,686,70281,111806,182087
1769887631,7,91,0.05,1057,957,2014,ok_volume,-0.05,1329,1468,2797,ok_volume,0.21,45030,29413,74443,ok_volume,1020,141,1161,71111,111929,183040
1769887632,7,90,0.125,1042,811,1853,ok_volume,-0.101,1177,1441,2618,ok_volume,0.22,44916,28710,73626,ok_volume,15,15,30,69789,111647,181436
1769887633,10,89,0.526,1079,335,1414,ok_volume,-0.013,1123,1152,2275,ok_volume,0.252,44266,26461,70727,ok_volume,66,180,246,68488,111727,180215
1769887634,8,89,0.247,750,453,1203,ok_volume,0.179,1792,1249,3041,ok_volume,0.232,42493,26471,68964,ok_volume,692,259,951,68332,111986,180318
1769887635,8,89,-0.112,817,1024,1841,ok_volume,0.216,1830,1179,3009,ok_volume,0.238,41684,25678,67362,ok_volume,67,586,653,68201,112344,180545
1769887636,7,89,-0.35,801,1665,2466,ok_volume,-0.364,867,1860,2727,ok_volume,0.203,39794,26377,66171,ok_volume,50,828,878,68206,113044,181250
1769887637,7,89,-0.916,146,3339,3485,ok_volume,-0.617,896,3777,4673,ok_volume,0.124,34821,27148,61969,ok_volume,36,1932,1968,57931,113179,171110
1769887638,7,89,-0.94,104,3375,3479,ok_volume,-0.663,855,4219,5074,ok_volume,0.113,34605,27575,62180,ok_volume,41,227,268,57837,113691,171528
1769887639,10,89,0.675,13502,2616,16118,ok_volume,0.544,13619,4023,17642,ok_volume,0.276,47872,27154,75026,ok_volume,13456,62,13518,70948,113203,184151
1769887640,10,88,0.935,13981,469,14450,ok_volume,0.591,14060,3617,17677,ok_volume,0.357,48380,22905,71285,ok_volume,482,180,662,71470,113348,184818
1769887641,6,93,0.276,14145,8023,22168,ok_volume,0.146,14199,10577,24776,ok_volume,-0.159,18719,25814,44533,ok_volume,189,7754,7943,71659,121115,192774
1769887642,8,90,-0.603,2051,8280,10331,ok_volume,0.29,15557,8569,24126,ok_volume,-0.092,20106,24170,44276,ok_volume,1310,319,1629,71819,121234,193053
1769887643,9,90,-0.651,1714,8097,9811,ok_volume,0.304,15670,8367,24037,ok_volume,-0.072,20244,23388,43632,ok_volume,145,25,170,69074,121259,190333
1769887644,11,88,0.653,2387,501,2888,ok_volume,-0.46,3129,8462,11591,ok_volume,-0.053,21184,23545,44729,ok_volume,940,157,1097,69894,121389,191283
1769887645,8,90,0.676,2203,426,2629,ok_volume,-0.384,3779,8498,12277,ok_volume,-0.032,22278,23773,46051,ok_volume,1126,217,1343,70200,120958,191158
1769887646,8,90,0.583,2290,604,2894,ok_volume,0.595,3737,948,4685,ok_volume,-0.037,22209,23937,46146,ok_volume,225,203,428,70425,120932,191357
1769887647,8,90,0.327,2065,1048,3113,ok_volume,0.429,3143,1257,4400,ok_volume,-0.035,22857,24518,47375,ok_volume,732,628,1360,71052,121522,192574
1769887648,8,90,0.173,1209,853,2062,ok_volume,0.446,3274,1254,4528,ok_volume,-0.015,23054,23774,46828,ok_volume,269,23,292,71321,121545,192866
1769887649,9,90,0.175,1013,711,1724,ok_volume,0.353,2363,1131,3494,ok_volume,-0.01,23059,23516,46575,ok_volume,34,61,95,71153,121374,192527
1769887650,9,90,-0.723,345,2144,2489,ok_volume,-0.397,1285,2975,4260,ok_volume,0.039,22907,21189,44096,ok_volume,48,1200,1248,70049,123388,193437
1769887651,9,90,-0.78,300,2425,2725,ok_volume,-0.411,1284,3075,4359,ok_volume,0.025,22597,21492,44089,ok_volume,224,303,527,70214,60046,130260
1769887652,9,90,-0.628,368,1612,1980,ok_volume,-0.587,666,2556,3222,ok_volume,0.022,22552,21601,44153,ok_volume,97,124,221,70142,60170,130312
1769887653,9,90,-0.369,404,876,1280,ok_volume,-0.724,480,2998,3478,ok_volume,0.006,21920,21675,43595,ok_volume,83,471,554,69561,57486,127047
1769887654,8,90,-0.242,562,920,1482,ok_volume,-0.488,833,2423,3256,ok_volume,0.009,22186,21801,43987,ok_volume,383,200,583,69266,56692,125958
1769887655,8,90,0.175,1481,1039,2520,ok_volume,0.108,1802,1451,3253,ok_volume,0.03,23172,21826,44998,ok_volume,1017,228,1245,70233,56769,127002
1769887656,10,89,0.673,2171,425,2596,ok_volume,0.344,2351,1148,3499,ok_volume,0.111,23845,19076,42921,ok_volume,278,0,278,69995,55070,125065
1769887657,9,90,-0.149,1885,2543,4428,ok_volume,-0.176,2350,3354,5704,ok_volume,0.054,23789,21349,45138,ok_volume,96,2321,2417,69136,57357,126493
1769887658,9,89,-0.715,434,2611,3045,ok_volume,-0.131,2332,3036,5368,ok_volume,0.057,23734,21176,44910,ok_volume,73,296,369,69082,55940,125022
1769887659,8,89,-0.986,203,28997,29200,ok_volume,-0.872,1992,29225,31217,ok_volume,-0.332,23761,47401,71162,ok_volume,42,26386,26428,69074,79476,148550
1769887660,9,89,-0.992,107,26873,26980,ok_volume,-0.968,476,29188,29664,ok_volume,-0.328,23732,46936,70668,ok_volume,0,191,191,69021,79607,148628
1769887661,9,90,-0.986,186,27162,27348,ok_volume,-0.977,347,29773,30120,ok_volume,-0.349,22863,47381,70244,ok_volume,144,585,729,68101,76892,144993
1769887662,9,89,-0.643,203,935,1138,ok_volume,-0.978,310,27617,27927,ok_volume,-0.349,22922,47525,70447,ok_volume,59,159,218,68046,76332,144378
1769887663,9,88,-0.527,264,852,1116,ok_volume,-0.978,306,27429,27735,ok_volume,-0.349,22917,47453,70370,ok_volume,45,116,161,67384,74017,141401
1769887664,10,88,-0.427,120,299,419,ok_volume,-0.606,264,1075,1339,ok_volume,-0.36,22233,47227,69460,ok_volume,0,32,32,64927,73798,138725
1769887665,10,89,0.452,599,226,825,ok_volume,-0.084,819,970,1789,ok_volume,-0.346,22721,46727,69448,ok_volume,560,92,652,64607,72511,137118
1769887666,9,88,0.394,968,421,1389,ok_volume,0.225,1088,688,1776,ok_volume,-0.334,23084,46209,69293,ok_volume,392,306,698,63080,72695,135775
1769887667,9,88,0.373,982,448,1430,ok_volume,0.271,1026,588,1614,ok_volume,-0.311,23069,43941,67010,ok_volume,14,59,73,58090,71592,129682
1769887668,9,90,0.094,437,362,799,ok_volume,0.357,1013,480,1493,ok_volume,-0.309,23075,43714,66789,ok_volume,38,0,38,57886,71397,129283
1769887669,10,88,0.717,966,159,1125,ok_volume,0.558,1934,548,2482,ok_volume,-0.612,10515,43752,54267,ok_volume,885,100,985,58629,71011,129640
1769887670,9,90,0.564,1333,372,1705,ok_volume,0.406,1739,734,2473,ok_volume,-0.616,10421,43816,54237,ok_volume,381,275,656,59010,66857,125867
1769887671,9,88,0.57,1357,372,1729,ok_volume,0.54,1441,431,1872,ok_volume,-0.557,10248,36063,46311,ok_volume,102,6,108,29248,61991,91239
1769887672,9,88,0.501,1045,347,1392,ok_volume,0.634,1997,447,2444,ok_volume,-0.58,9509,35819,45328,ok_volume,578,75,653,29826,60102,89928
1769887673,9,88,0.746,1315,191,1506,ok_volume,0.642,2578,563,3141,ok_volume,-0.564,10022,35910,45932,ok_volume,651,116,767,30477,59411,89888
1769887674,9,88,0.875,3437,230,3667,ok_volume,0.773,3912,502,4414,ok_volume,-0.52,11298,35765,47063,ok_volume,2219,44,2263,32696,59455,92151
1769887675,10,88,0.928,6230,231,6461,ok_volume,0.915,6894,306,7200,ok_volume,-0.449,13536,35624,49160,ok_volume,2979,85,3064,36028,59516,95544
1769887676,10,88,0.961,5838,115,5953,ok_volume,0.917,7059,306,7365,ok_volume,-0.446,13570,35421,48991,ok_volume,267,0,267,36001,59477,95478
1769887677,10,88,0.96,3685,76,3761,ok_volume,0.936,6936,231,7167,ok_volume,-0.447,13302,34793,48095,ok_volume,455,0,455,36389,59430,95819
1769887678,9,88,0.435,6566,2585,9151,ok_volume,0.636,12145,2700,14845,ok_volume,-0.328,18893,37356,56249,ok_volume,5860,2593,8453,42177,61251,103428
1769887679,9,88,0.377,6325,2862,9187,ok_volume,0.53,9563,2938,12501,ok_volume,-0.321,18882,36711,55593,ok_volume,25,277,302,42173,61209,103382
1769887680,9,89,0.363,6127,2862,8989,ok_volume,0.41,6833,2862,9695,ok_volume,-0.301,19084,35511,54595,ok_volume,256,0,256,42225,56821,99046
1769887681,10,88,0.798,2580,290,2870,ok_volume,0.511,8887,2875,11762,ok_volume,-0.249,21173,35221,56394,ok_volume,2329,19,2348,44019,56833,100852
1769887682,10,88,0.963,2577,48,2625,ok_volume,0.488,8455,2910,11365,ok_volume,-0.25,21091,35147,56238,ok_volume,15,36,51,43891,56869,100760
1769887683,10,88,0.991,10691,48,10739,ok_volume,0.942,10958,325,11283,ok_volume,-0.081,29371,34533,63904,ok_volume,30,3,33,51538,56482,108020
1769887684,9,88,0.945,16711,472,17183,ok_volume,0.951,19273,485,19758,ok_volume,0.035,37322,34773,72095,ok_volume,8338,440,8778,59758,56701,116459
1769887685,9,88,0.82,8436,833,9269,ok_volume,0.912,19097,881,19978,ok_volume,0.013,35879,34941,70820,ok_volume,80,404,484,59808,56902,116710
1769887686,9,88,0.837,9365,833,10198,ok_volume,0.907,17743,868,18611,ok_volume,0.023,36565,34941,71506,ok_volume,962,0,962,60663,54151,114814
1769887687,9,88,0.756,4299,596,4895,ok_volume,0.849,12662,1033,13695,ok_volume,0.095,39736,32826,72562,ok_volume,3274,208,3482,63772,54308,118080
1769887688,9,88,0.899,5406,287,5693,ok_volume,0.85,13812,1120,14932,ok_volume,0.112,40851,32617,73468,ok_volume,1181,94,1275,64819,53930,118749
1769887689,8,89,0.88,4493,287,4780,ok_volume,0.78,5525,683,6208,ok_volume,0.735,40855,6231,47086,ok_volume,46,1,47,64848,53770,118618
1769887690,9,89,0.914,1926,87,2013,ok_volume,0.911,6152,287,6439,ok_volume,0.746,41555,6040,47595,ok_volume,712,0,712,65530,53114,118644
1769887691,10,89,1.0,746,0,746,ok_volume,0.895,5193,287,5480,ok_volume,0.767,41411,5455,46866,ok_volume,7,0,7,64517,52973,117490
1769887692,7,92,0.377,876,396,1272,ok_volume,0.626,2102,483,2585,ok_volume,0.759,41511,5692,47203,ok_volume,184,386,570,64686,53354,118040
1769887693,5,94,-0.103,877,1079,1956,ok_volume,0.201,1623,1079,2702,ok_volume,0.741,42168,6267,48435,ok_volume,704,683,1387,65324,53857,119181
1769887694,4,95,-0.58,975,3669,4644,ok_volume,-0.374,1675,3679,5354,ok_volume,0.654,42266,8835,51101,ok_volume,98,2600,2698,64730,56198,120928
1769887695,2,96,-0.57,1971,7199,9170,ok_volume,-0.559,2147,7595,9742,ok_volume,0.544,42862,12665,55527,ok_volume,1176,3916,5092,65839,59528,125367
1769887696,2,96,-0.135,4966,6516,11482,ok_volume,-0.13,5843,7585,13428,ok_volume,0.578,46166,12362,58528,ok_volume,3696,0,3696,69485,58700,128185
1769887697,2,96,0.189,6170,4205,10375,ok_volume,-0.036,6969,7488,14457,ok_volume,0.581,47454,12592,60046,ok_volume,1302,289,1591,70751,56657,127408
1769887698,2,96,0.893,5655,320,5975,ok_volume,0.006,6925,6836,13761,ok_volume,0.584,48041,12623,60664,ok_volume,540,31,571,71368,56461,127829
1769887699,2,96,0.331,3618,1819,5437,ok_volume,0.193,8486,5735,14221,ok_volume,0.554,48818,14022,62840,ok_volume,1659,1500,3159,59529,57899,117428
1769887700,2,96,0.223,3030,1924,4954,ok_volume,0.573,8145,2213,10358,ok_volume,0.554,49268,14144,63412,ok_volume,834,394,1228,59881,58085,117966
1769887701,2,97,0.136,2630,2002,4632,ok_volume,0.328,4589,2322,6911,ok_volume,0.552,49314,14253,63567,ok_volume,140,109,249,59754,50440,110194
1769887702,2,96,0.393,1155,503,1658,ok_volume,0.245,3354,2033,5387,ok_volume,0.551,48928,14178,63106,ok_volume,184,0,184,58628,50121,108749
1769887703,2,96,-0.752,324,2294,2618,ok_volume,-0.196,2814,4187,7001,ok_volume,0.496,48277,16247,64524,ok_volume,0,2186,2186,58483,52282,110765
1769887704,2,96,-0.754,517,3684,4201,ok_volume,-0.476,1488,4187,5675,ok_volume,0.444,46010,17707,63717,ok_volume,333,1499,1832,57876,53591,111467
1769887705,2,96,-0.568,1042,3778,4820,ok_volume,-0.48,1366,3887,5253,ok_volume,0.423,43740,17725,61465,ok_volume,671,94,765,57465,53468,110933
1769887706,3,96,0.138,2193,1662,3855,ok_volume,-0.236,2377,3847,6224,ok_volume,0.43,44632,17794,62426,ok_volume,1128,75,1203,58391,53340,111731
1769887707,3,96,0.168,2588,1843,4431,ok_volume,-0.303,2959,5527,8486,ok_volume,0.395,44951,19474,64425,ok_volume,766,1680,2446,58425,54392,112817
1769887708,4,95,0.315,9791,5102,14893,ok_volume,0.237,10856,6695,17551,ok_volume,0.398,46988,20242,67230,ok_volume,7906,3361,11267,66062,57730,123792
1769887709,4,95,0.265,8663,5033,13696,ok_volume,0.337,10485,5196,15681,ok_volume,0.403,46970,19965,66935,ok_volume,0,7,7,66028,56815,122843
1769887710,4,95,0.318,8834,4574,13408,ok_volume,0.258,10728,6323,17051,ok_volume,0.385,47658,21186,68844,ok_volume,937,1221,2158,66917,56836,123753
1769887711,4,95,0,937,1221,2158,low_activity,0.211,9600,6254,15854,ok_volume,0.363,45345,21173,66518,ok_volume,0,5,5,66693,56538,123231
1769887712,4,95,-0.158,1217,1673,2890,ok_volume,0.289,9114,5026,14140,ok_volume,0.266,37277,21590,58867,ok_volume,289,452,741,66885,56866,123751
1769887713,4,95,-0.865,410,5680,6090,ok_volume,-0.673,1347,6901,8248,ok_volume,0.164,37377,26818,64195,ok_volume,130,5212,5342,66932,61477,128409
1769887714,4,95,-0.695,1277,7095,8372,ok_volume,-0.579,2214,8316,10530,ok_volume,0.037,29911,27796,57707,ok_volume,853,1415,2268,67420,62692,130112
1769887715,4,95,-0.726,1319,8293,9612,ok_volume,-0.691,1599,8765,10364,ok_volume,0.018,30160,29070,59230,ok_volume,322,1676,1998,66225,64140,130365
1769887716,4,95,-0.284,2045,3669,5714,ok_volume,-0.582,2473,9349,11822,ok_volume,0.007,30075,29654,59729,ok_volume,883,584,1467,66830,64724,131554
1769887717,4,94,-0.357,1396,2943,4339,ok_volume,-0.6,2393,9566,11959,ok_volume,-0.055,27008,30143,57151,ok_volume,167,696,863,66938,63099,130037
1769887718,4,94,-0.147,1074,1443,2517,ok_volume,-0.337,2245,4528,6773,ok_volume,-0.078,25828,30226,56054,ok_volume,0,153,153,66865,62973,129838
1769887719,4,94,-0.665,194,964,1158,ok_volume,-0.386,1427,3218,4645,ok_volume,-0.08,25813,30331,56144,ok_volume,31,105,136,66854,36692,103546
1769887720,5,94,-0.735,185,1209,1394,ok_volume,-0.33,1259,2499,3758,ok_volume,-0.106,25267,31282,56549,ok_volume,154,962,1116,67008,37463,104471
1769887721,5,94,-0.672,919,4680,5599,ok_volume,-0.673,1082,5539,6621,ok_volume,-0.146,26001,34896,60897,ok_volume,734,3624,4358,67598,40502,108100
1769887722,5,94,-0.684,888,4730,5618,ok_volume,-0.689,919,4988,5907,ok_volume,-0.146,25825,34665,60490,ok_volume,0,155,155,67522,40498,108020
1769887723,5,94,-0.708,749,4373,5122,ok_volume,-0.706,934,5429,6363,ok_volume,-0.158,25139,34576,59715,ok_volume,20,39,59,67497,40976,108473
1769887724,5,93,0.875,13461,898,14359,ok_volume,0.448,14349,5473,19822,ok_volume,0.09,38487,32125,70612,ok_volume,13446,149,13595,80943,41093,122036
1769887725,5,94,0.854,13528,1065,14593,ok_volume,0.451,14262,5399,19661,ok_volume,0.125,37382,29086,66468,ok_volume,74,877,951,80436,41878,122314
1769887726,5,94,0.838,14196,1255,15451,ok_volume,0.753,14211,2004,16215,ok_volume,0.079,34369,29315,63684,ok_volume,683,229,912,80727,41801,122528
1769887727,5,94,0.061,1429,1264,2693,ok_volume,0.822,14890,1452,16342,ok_volume,0.071,33629,29184,62813,ok_volume,680,0,680,81392,41900,123292
1769887728,5,94,0.589,1799,465,2264,ok_volume,0.823,15312,1491,16803,ok_volume,0.068,33526,29231,62757,ok_volume,440,78,518,81755,41978,123733
1769887729,5,94,0.857,2757,212,2969,ok_volume,0.408,3507,1476,4983,ok_volume,0.092,33508,27866,61374,ok_volume,1641,141,1782,82511,42019,124530
1769887730,5,94,0.309,2682,1417,4099,ok_volume,0.383,4044,1804,5848,ok_volume,0.074,33281,28677,61958,ok_volume,618,1205,1823,82748,42949,125697
1769887731,5,94,0.298,2550,1378,3928,ok_volume,0.431,3666,1456,5122,ok_volume,0.078,33446,28607,62053,ok_volume,305,39,344,82951,42982,125933
1769887732,4,95,-0.209,940,1436,2376,ok_volume,0.294,3018,1648,4666,ok_volume,0.072,33293,28799,62092,ok_volume,34,192,226,82407,43099,125506
1769887733,4,95,-0.783,1036,8501,9537,ok_volume,-0.5,3281,9840,13121,ok_volume,-0.013,33993,34884,68877,ok_volume,707,0,707,82463,51253,133716
1769887734,4,95,-0.889,991,16792,17783,ok_volume,-0.809,1900,18036,19936,ok_volume,-0.104,33882,41715,75597,ok_volume,260,8330,8590,80120,59539,139659
1769887735,4,95,-0.768,1096,8360,9456,ok_volume,-0.843,1432,16861,18293,ok_volume,-0.111,33324,41651,74975,ok_volume,136,38,174,77277,59492,136769
1769887736,4,95,-0.869,597,8501,9098,ok_volume,-0.855,1328,16963,18291,ok_volume,-0.126,32397,41723,74120,ok_volume,212,141,353,77222,59633,136855
1769887737,4,95,0.013,559,545,1104,ok_volume,-0.708,1519,8875,10394,ok_volume,-0.119,31853,40417,72270,ok_volume,222,375,597,76989,60008,136997
1769887738,4,95,-0.498,1467,4378,5845,ok_volume,-0.745,1863,12738,14601,ok_volume,-0.242,25000,40927,65927,ok_volume,1044,3863,4907,72173,61278,133451
1769887739,4,95,-0.409,1886,4501,6387,ok_volume,-0.355,2223,4672,6895,ok_volume,-0.233,25620,41191,66811,ok_volume,621,266,887,72769,61267,134036
1769887740,4,95,-0.306,2237,4211,6448,ok_volume,-0.28,2660,4726,7386,ok_volume,-0.227,25256,40054,65310,ok_volume,573,91,664,73084,61358,134442
1769887741,4,95,-0.261,1408,2401,3809,ok_volume,-0.426,2674,6638,9312,ok_volume,-0.246,25471,42107,67578,ok_volume,218,2053,2271,70973,63392,134365
1769887742,4,95,-0.454,806,2147,2953,ok_volume,-0.435,2470,6274,8744,ok_volume,-0.246,25209,41645,66854,ok_volume,18,10,28,62643,63366,126009
1769887743,5,94,-0.778,269,2149,2418,ok_volume,-0.261,1462,2497,3959,ok_volume,-0.185,25097,36523,61620,ok_volume,41,86,127,62654,63449,126103
1769887744,4,94,-0.893,54,955,1009,ok_volume,-0.572,842,3092,3934,ok_volume,-0.195,24248,35967,60215,ok_volume,0,867,867,54316,63876,118192
1769887745,4,94,-0.933,36,1045,1081,ok_volume,-0.841,269,3108,3377,ok_volume,-0.18,23926,34397,58323,ok_volume,0,100,100,54236,63572,117808
1769887746,4,94,-0.92,567,13639,14206,ok_volume,-0.913,621,13735,14356,ok_volume,-0.327,23582,46493,70075,ok_volume,574,12683,13257,53848,76255,130103
1769887747,4,94,-0.92,598,14330,14928,ok_volume,-0.92,634,15275,15909,ok_volume,-0.337,23450,47337,70787,ok_volume,35,1146,1181,50609,77597,128206
1769887748,4,95,-0.874,1028,15278,16306,ok_volume,-0.881,1028,16237,17265,ok_volume,-0.338,23880,48232,72112,ok_volume,430,1048,1478,49858,78551,128409
1769887749,4,95,-0.762,913,6768,7681,ok_volume,-0.862,1480,19952,21432,ok_volume,-0.369,24301,52701,77002,ok_volume,455,4493,4948,50267,83124,133391
1769887750,4,95,-0.656,1415,6812,8227,ok_volume,-0.825,2013,21042,23055,ok_volume,-0.364,24680,52940,77620,ok_volume,533,1190,1723,50088,84314,134402
1769887751,4,95,-0.526,1851,5954,7805,ok_volume,-0.561,2312,8229,10541,ok_volume,-0.333,24812,49587,74399,ok_volume,830,274,1104,50948,84578,135526
1769887752,4,95,-0.258,1399,2374,3773,ok_volume,-0.556,2281,7996,10277,ok_volume,-0.335,24812,49790,74602,ok_volume,0,920,920,50764,85112,135876
1769887753,4,95,-0.498,899,2685,3584,ok_volume,-0.627,1921,8368,10289,ok_volume,-0.347,24867,51252,76119,ok_volume,71,1501,1572,50131,85930,136061
1769887754,4,95,-0.931,98,2747,2845,ok_volume,-0.475,1497,4208,5705,ok_volume,-0.636,11449,51436,62885,ok_volume,28,334,362,50061,83664,133725
1769887755,4,95,-0.911,116,2486,2602,ok_volume,-0.59,945,3670,4615,ok_volume,-0.636,11400,51211,62611,ok_volume,20,652,672,48905,80400,129305
1769887756,4,95,0.033,1875,1756,3631,ok_volume,-0.364,1945,4170,6115,ok_volume,-0.609,12546,51595,64141,ok_volume,1844,771,2615,47058,81171,128229
1769887757,4,95,0.236,2623,1622,4245,ok_volume,-0.119,2721,3456,6177,ok_volume,-0.608,12643,51794,64437,ok_volume,776,186,962,46414,81083,127497
1769887758,4,95,0.498,3118,1045,4163,ok_volume,0.218,3164,2030,5194,ok_volume,-0.606,12719,51791,64510,ok_volume,525,75,600,46399,81127,127526
1769887759,4,95,0.404,1788,759,2547,ok_volume,0.247,3635,2197,5832,ok_volume,-0.637,11577,52157,63734,ok_volume,516,500,1016,45256,80127,125383
1769887760,3,95,0.398,3956,1703,5659,ok_volume,0.421,6561,2673,9234,ok_volume,-0.578,13917,52080,65997,ok_volume,2953,1063,4016,47375,80861,128236
1769887761,3,95,0.407,3860,1628,5488,ok_volume,0.464,5149,1887,7036,ok_volume,-0.575,14029,52041,66070,ok_volume,417,0,417,47652,80752,128404
1769887762,4,95,0.533,3530,1076,4606,ok_volume,0.452,4542,1716,6258,ok_volume,-0.509,14167,43592,57759,ok_volume,172,13,185,47640,80765,128405
1769887763,4,95,0.937,6123,198,6321,ok_volume,0.679,9566,1826,11392,ok_volume,-0.395,19004,43777,62781,ok_volume,5537,185,5722,53177,78764,131941
1769887764,4,95,0.963,10394,198,10592,ok_volume,0.832,13755,1261,15016,ok_volume,-0.204,23432,35447,58879,ok_volume,4688,0,4688,57488,77265,134753
1769887765,4,95,0.966,10569,185,10754,ok_volume,0.965,11155,198,11353,ok_volume,-0.199,23640,35417,59057,ok_volume,348,0,348,57142,77171,134313
1769887766,4,95,0.997,8314,14,8328,ok_volume,0.97,14020,212,14232,ok_volume,-0.138,26721,35290,62011,ok_volume,3245,19,3264,59296,77115,136411
1769887767,4,95,0.994,4844,14,4858,ok_volume,0.974,15069,199,15268,ok_volume,-0.115,27717,34916,62633,ok_volume,1227,0,1227,59757,75435,135192
1769887768,4,95,0.999,21484,14,21498,ok_volume,0.999,26553,14,26567,ok_volume,0.169,43694,31053,74747,ok_volume,16834,0,16834,68872,72074,140946
1769887769,4,95,0.997,18684,32,18716,ok_volume,0.996,22310,46,22356,ok_volume,0.171,43519,30821,74340,ok_volume,450,32,482,69322,72099,141421
1769887770,3,95,0.984,18608,147,18755,ok_volume,0.986,23258,161,23419,ok_volume,0.179,44275,30852,75127,ok_volume,1329,115,1444,69714,70993,140707
1769887771,4,95,-0.332,1907,3801,5708,ok_volume,0.683,20146,3801,23947,ok_volume,0.153,44193,32453,76646,ok_volume,33,39,72,69847,74642,144489
1769887772,3,95,-0.386,1669,3769,5438,ok_volume,0.666,18948,3801,22749,ok_volume,0.155,44382,32443,76825,ok_volume,209,0,209,69767,74170,143937
1769887773,3,95,0.957,2254,50,2304,ok_volume,0.04,4128,3812,7940,ok_volume,0.178,46360,32368,78728,ok_volume,2018,0,2018,71637,68969,140606
1769887774,3,95,0.995,4701,11,4712,ok_volume,0.24,6163,3780,9943,ok_volume,0.216,48840,31509,80349,ok_volume,2480,0,2480,73264,67554,140818
1769887775,3,95,0.861,5287,394,5681,ok_volume,0.851,5527,444,5971,ok_volume,0.219,49633,31803,81436,ok_volume,793,394,1187,73735,66272,140007
1769887776,4,95,0.786,3287,394,3681,ok_volume,0.863,5508,405,5913,ok_volume,0.448,49080,18719,67799,ok_volume,14,10,24,72829,65698,138527
1769887777,4,95,0.513,1714,552,2266,ok_volume,0.837,6208,552,6760,ok_volume,0.476,49956,17731,67687,ok_volume,907,158,1065,73569,65143,138712
1769887778,4,94,0.705,1021,177,1198,ok_volume,0.765,4294,571,4865,ok_volume,0.498,49626,16621,66247,ok_volume,108,19,127,73677,65009,138686
1769887779,5,94,0.701,1007,177,1184,ok_volume,0.521,1814,571,2385,ok_volume,0.604,49174,12128,61302,ok_volume,0,0,0,73646,64904,138550
1769887780,5,94,0,100,578,678,low_activity,0.162,1021,736,1757,ok_volume,0.617,48604,11497,60101,ok_volume,3,563,566,73495,64505,138000
1769887781,4,94,-0.814,281,2736,3017,ok_volume,-0.387,1288,2913,4201,ok_volume,0.564,48056,13403,61459,ok_volume,281,2178,2459,73042,63059,136101
1769887782,4,94,-0.548,807,2761,3568,ok_volume,-0.508,907,2780,3687,ok_volume,0.59,48582,12515,61097,ok_volume,533,25,558,73575,62374,135949
1769887783,4,95,-0.122,1724,2202,3926,ok_volume,-0.231,1724,2761,4485,ok_volume,0.636,49429,11014,60443,ok_volume,917,0,917,74472,62335,136807
1769887784,4,95,0.905,5584,279,5863,ok_volume,0.321,5865,3015,8880,ok_volume,0.661,53542,10935,64477,ok_volume,4141,254,4395,65167,62440,127607
1769887785,4,95,0.866,5110,368,5478,ok_volume,0.394,5917,2570,8487,ok_volume,0.675,53576,10397,63973,ok_volume,53,114,167,65146,61677,126823
1769887786,4,94,0.826,4204,401,4605,ok_volume,0.86,5647,426,6073,ok_volume,0.686,51758,9644,61402,ok_volume,14,0,14,64477,61323,125800
1769887787,4,94,0,63,147,210,low_total_volume,0.855,5121,401,5522,ok_volume,0.687,50982,9460,60442,ok_volume,0,0,0,63797,61323,125120
1769887788,4,95,-0.617,160,676,836,ok_volume,0.603,4353,1077,5430,ok_volume,0.668,50618,10061,60679,ok_volume,149,676,825,63506,61921,125427
1769887789,4,95,-0.388,298,676,974,ok_volume,-0.39,361,823,1184,ok_volume,0.682,50268,9496,59764,ok_volume,154,0,154,62019,61780,123799
1769887790,4,95,-0.198,453,676,1129,ok_volume,-0.186,464,676,1140,ok_volume,0.698,47479,8433,55912,ok_volume,155,0,155,61556,60575,122131
1769887791,5,94,0.908,1038,50,1088,ok_volume,0.241,1187,726,1913,ok_volume,0.699,47796,8483,56279,ok_volume,734,50,784,61985,60586,122571
1769887792,5,94,0.643,889,193,1082,ok_volume,0.155,1187,869,2056,ok_volume,0.694,47627,8613,56240,ok_volume,0,143,143,61951,52267,114218
1769887793,5,94,0.824,2297,222,2519,ok_volume,0.843,2601,222,2823,ok_volume,0.675,43653,8457,52110,ok_volume,1563,29,1592,62807,52296,115103
1769887794,5,94,0.942,5737,172,5909,ok_volume,0.935,6626,222,6848,ok_volume,0.672,43139,8457,51596,ok_volume,265,0,265,66721,43966,110687
1769887795,4,95,0.822,15939,1553,17492,ok_volume,0.81,16673,1746,18419,ok_volume,0.683,52960,9981,62941,ok_volume,10140,1531,11671,76787,45459,122246
1769887796,4,95,0.702,10893,1908,12801,ok_volume,0.774,16365,2080,18445,ok_volume,0.658,50141,10351,60492,ok_volume,411,384,795,77001,45702,122703
1769887797,4,95,0.748,13247,1908,15155,ok_volume,0.815,19046,1937,20983,ok_volume,0.665,51417,10351,61768,ok_volume,2681,0,2681,79460,45327,124787
1769887798,4,95,0.806,3580,384,3964,ok_volume,0.761,14062,1908,15970,ok_volume,0.544,35071,10351,45422,ok_volume,488,0,488,78904,41464,120368
1769887799,4,95,1.0,5801,0,5801,ok_volume,0.791,16367,1908,18275,ok_volume,0.566,37258,10319,47577,ok_volume,2632,0,2632,80915,41198,122113
1769887800,4,95,0.554,3728,1071,4799,ok_volume,0.648,6820,1455,8275,ok_volume,0.653,36437,7660,44097,ok_volume,608,1071,1679,80950,42178,123128
1769887801,4,95,0.505,3258,1071,4329,ok_volume,0.714,6427,1071,7498,ok_volume,0.654,36422,7621,44043,ok_volume,18,0,18,80750,40125,120875
1769887802,4,95,0.086,1381,1162,2543,ok_volume,0.59,4501,1162,5663,ok_volume,0.655,36970,7701,44671,ok_volume,760,91,851,81492,40206,121698
1769887803,4,95,0.765,2181,291,2472,ok_volume,0.598,5421,1362,6783,ok_volume,0.643,36364,7901,44265,ok_volume,1408,200,1608,82859,40320,123179
1769887804,4,95,0.814,2845,291,3136,ok_volume,0.436,3471,1362,4833,ok_volume,0.628,34566,7901,42467,ok_volume,664,0,664,83541,39453,122994
1769887805,4,95,0.854,2547,200,2747,ok_volume,0.839,3320,291,3611,ok_volume,0.64,34230,7507,41737,ok_volume,457,0,457,83998,39353,123351
1769887806,4,95,1.0,1121,0,1121,ok_volume,0.838,3302,291,3593,ok_volume,0.64,34216,7507,41723,ok_volume,0,0,0,83424,26266,109690
1769887807,4,95,1.0,728,0,728,ok_volume,0.867,2818,200,3018,ok_volume,0.641,33580,7349,40929,ok_volume,253,0,253,83667,25120,108787
1769887808,4,95,0,271,0,271,low_total_volume,1.0,1392,0,1392,ok_volume,0.641,33480,7330,40810,ok_volume,0,0,0,83237,23991,107228
1769887809,4,95,0.756,490,68,558,ok_volume,0.869,972,68,1040,ok_volume,0.64,33724,7398,41122,ok_volume,229,68,297,83026,19566,102592
1769887810,4,95,0.749,473,68,541,ok_volume,0.833,744,68,812,ok_volume,0.665,33953,6839,40792,ok_volume,240,0,240,82696,18376,101072
1769887811,4,95,0.589,650,168,818,ok_volume,0.689,911,168,1079,ok_volume,0.753,33864,4762,38626,ok_volume,192,100,292,82058,18202,100260
1769887812,4,95,0.222,490,312,802,ok_volume,0.318,734,380,1114,ok_volume,0.742,33407,4949,38356,ok_volume,53,212,265,82129,17494,99623
1769887813,4,95,0.659,1516,312,1828,ok_volume,0.677,1974,380,2354,ok_volume,0.744,33745,4949,38694,ok_volume,1271,0,1271,83329,15993,99322
1769887814,4,95,0.372,1460,669,2129,ok_volume,0.424,1899,769,2668,ok_volume,0.705,29758,5152,34910,ok_volume,154,457,611,83455,16116,99571
1769887815,4,95,0.611,1895,457,2352,ok_volume,0.474,2156,769,2925,ok_volume,0.716,30192,5005,35197,ok_volume,486,0,486,83916,15464,99380
1769887816,4,95,0.292,928,508,1436,ok_volume,0.513,2234,720,2954,ok_volume,0.715,30469,5056,35525,ok_volume,273,51,324,82363,14729,97092
1769887817,4,95,0.73,1052,164,1216,ok_volume,0.597,2461,621,3082,ok_volume,0.712,30747,5169,35916,ok_volume,299,113,412,81886,14656,96542
1769887818,4,95,-0.37,573,1245,1818,ok_volume,-0.161,1231,1702,2933,ok_volume,0.692,30623,5574,36197,ok_volume,36,1090,1126,81397,15671,97068
1769887819,4,95,-0.558,339,1194,1533,ok_volume,-0.056,1113,1245,2358,ok_volume,0.691,30510,5574,36084,ok_volume,19,0,19,80926,15106,96032
1769887820,4,95,-0.164,798,1110,1908,ok_volume,0.027,1346,1274,2620,ok_volume,0.695,31092,5603,36695,ok_volume,737,29,766,78710,14072,92782
1769887821,4,95,0.953,1215,29,1244,ok_volume,0.116,1544,1223,2767,ok_volume,0.695,30826,5553,36379,ok_volume,468,0,468,78761,14072,92833
1769887822,4,95,0.976,2342,29,2371,ok_volume,0.368,2403,1110,3513,ok_volume,0.71,31963,5410,37373,ok_volume,1146,0,1146,79735,14059,93794
1769887823,4,95,0.983,1995,17,2012,ok_volume,0.967,2742,46,2788,ok_volume,0.666,26881,5398,32279,ok_volume,392,17,409,74590,13891,88481
1769887824,4,95,0.981,1776,17,1793,ok_volume,0.97,2981,46,3027,ok_volume,0.665,26803,5398,32201,ok_volume,255,0,255,70157,13891,84048
1769887825,4,95,0.989,3031,17,3048,ok_volume,0.993,4636,17,4653,ok_volume,0.662,19040,3874,22914,ok_volume,2392,0,2392,72164,13891,86055
1769887826,4,95,1.0,3597,0,3597,ok_volume,0.993,5124,17,5141,ok_volume,0.698,19585,3490,23075,ok_volume,961,0,961,69880,13872,83752
1769887827,4,95,1.0,3729,0,3729,ok_volume,0.992,4368,17,4385,ok_volume,0.664,17285,3490,20775,ok_volume,381,0,381,68847,13872,82719
1769887828,4,95,1.0,1355,0,1355,ok_volume,1.0,3996,0,3996,ok_volume,0.656,16815,3490,20305,ok_volume,18,0,18,52031,13872,65903
1769887829,4,95,0.982,3477,31,3508,ok_volume,0.991,6825,31,6856,ok_volume,0.661,17261,3521,20782,ok_volume,2221,0,2221,54659,13871,68530
1769887830,4,95,0.958,3299,71,3370,ok_volume,0.97,4636,71,4707,ok_volume,0.743,16856,2490,19346,ok_volume,203,40,243,53433,10181,63614
1769887831,4,95,0.971,2733,40,2773,ok_volume,0.965,3989,71,4060,ok_volume,0.746,17147,2490,19637,ok_volume,309,0,309,53709,10142,63851
1769887832,4,95,0.919,951,40,991,ok_volume,0.966,4047,71,4118,ok_volume,0.75,16831,2399,19230,ok_volume,439,0,439,53939,10131,64070
1769887833,4,95,1.0,1737,0,1737,ok_volume,0.981,4161,40,4201,ok_volume,0.763,16394,2199,18593,ok_volume,989,0,989,52910,10131,63041
1769887834,4,95,1.0,1750,0,1750,ok_volume,0.965,2262,40,2302,ok_volume,0.759,16052,2199,18251,ok_volume,322,0,322,50752,10131,60883
1769887835,4,95,1.0,2125,0,2125,ok_volume,1.0,2873,0,2873,ok_volume,0.764,16409,2199,18608,ok_volume,814,5,819,50773,9742,60515
1769887836,4,95,1.0,1239,0,1239,ok_volume,1.0,2667,0,2667,ok_volume,0.765,16487,2199,18686,ok_volume,53,0,53,50862,9732,60594
1769887837,4,95,0.986,2652,19,2671,ok_volume,0.99,3963,19,3982,ok_volume,0.78,17976,2218,20194,ok_volume,1735,19,1754,51690,9593,61283
1769887838,4,95,0.722,3196,516,3712,ok_volume,0.789,4382,516,4898,ok_volume,0.754,19369,2715,22084,ok_volume,1408,500,1908,52990,10074,63064
1769887839,4,95,0.732,3335,516,3851,ok_volume,0.784,4252,516,4768,ok_volume,0.759,19332,2647,21979,ok_volume,193,0,193,53183,10074,63257
1769887840,4,95,0.578,1860,497,2357,ok_volume,0.752,3648,516,4164,ok_volume,0.759,19363,2647,22010,ok_volume,260,0,260,53440,9511,62951
1769887841,4,95,1.0,615,0,615,ok_volume,0.759,3758,516,4274,ok_volume,0.767,19316,2547,21863,ok_volume,163,0,163,53322,7333,60655
1769887842,4,95,1.0,549,0,549,ok_volume,0.624,2149,497,2646,ok_volume,0.785,19391,2335,21726,ok_volume,108,0,108,52915,7308,60223
1769887843,4,95,-0.204,891,1349,2240,ok_volume,-0.002,1343,1349,2692,ok_volume,0.671,18738,3684,22422,ok_volume,605,1358,1963,52603,8666,61269
1769887844,5,94,-0.272,772,1349,2121,ok_volume,-0.053,1213,1349,2562,ok_volume,0.705,18646,3227,21873,ok_volume,67,7,74,48529,8419,56948
1769887845,5,94,-0.347,664,1370,2034,ok_volume,-0.18,953,1370,2323,ok_volume,0.696,18142,3248,21390,ok_volume,8,21,29,48484,8293,56777
1769887846,6,93,0,109,84,193,low_total_volume,-0.273,819,1433,2252,ok_volume,0.692,17919,3260,21179,ok_volume,47,63,110,48517,8356,56873
1769887847,6,93,0,183,84,267,low_total_volume,-0.257,847,1433,2280,ok_volume,0.699,17777,3147,20924,ok_volume,139,0,139,48656,8356,57012
1769887848,6,93,0.597,250,63,313,ok_volume,0.576,312,84,396,ok_volume,0.792,17793,2066,19859,ok_volume,67,0,67,48574,7680,56254
1769887849,6,93,0.567,337,93,430,ok_volume,0.369,384,177,561,ok_volume,0.785,17917,2159,20076,ok_volume,134,93,227,48554,7773,56327
1769887850,6,93,0.171,360,255,615,ok_volume,0.261,543,318,861,ok_volume,0.766,17339,2292,19631,ok_volume,146,162,308,48558,7935,56493
1769887851,6,93,0.069,293,255,548,ok_volume,0.321,496,255,751,ok_volume,0.761,16871,2292,19163,ok_volume,10,0,10,47834,7885,55719
1769887852,6,93,-0.147,166,223,389,ok_volume,0.092,380,316,696,ok_volume,0.74,15754,2353,18107,ok_volume,20,61,81,47854,7803,55657
1769887853,5,94,-0.052,1051,1166,2217,ok_volume,-0.028,1344,1421,2765,ok_volume,0.653,16395,3441,19836,ok_volume,1031,1111,2142,43413,8885,52298
1769887854,7,92,0.427,3774,1517,5291,ok_volume,0.4,3920,1679,5599,ok_volume,0.665,18869,3792,22661,ok_volume,2726,351,3077,45812,9236,55048
1769887855,7,92,0.489,4315,1481,5796,ok_volume,0.475,4335,1542,5877,ok_volume,0.634,17038,3817,20855,ok_volume,561,25,586,36218,7730,43948
1769887856,7,92,0.823,3869,376,4245,ok_volume,0.523,4920,1542,6462,ok_volume,0.627,16667,3817,20484,ok_volume,585,1,586,36392,7347,43739
1769887857,6,92,0.963,1331,25,1356,ok_volume,0.549,5085,1481,6566,ok_volume,0.624,16471,3817,20288,ok_volume,185,0,185,33896,7347,41243
1769887858,6,92,1.0,870,0,870,ok_volume,0.834,4154,376,4530,ok_volume,0.611,15696,3786,19482,ok_volume,0,0,0,33508,7347,40855
1769887859,6,92,1.0,485,0,485,ok_volume,0.97,1631,25,1656,ok_volume,0.566,13675,3786,17461,ok_volume,205,3,208,31081,7350,38431
1769887860,6,92,0,269,26,295,low_activity,0.955,1139,26,1165,ok_volume,0.564,13541,3772,17313,ok_volume,69,26,95,30542,6305,36847
1769887861,6,92,0.888,440,26,466,ok_volume,0.931,725,26,751,ok_volume,0.561,13403,3772,17175,ok_volume,171,0,171,30695,6305,37000
1769887862,6,92,0.908,540,26,566,ok_volume,0.932,740,26,766,ok_volume,0.557,13264,3772,17036,ok_volume,305,0,305,30244,6214,36458
1769887863,6,91,1.0,546,0,546,ok_volume,0.938,815,26,841,ok_volume,0.532,12350,3772,16122,ok_volume,84,0,84,28902,6014,34916
1769887864,8,91,0.765,375,50,425,ok_volume,0.78,615,76,691,ok_volume,0.518,12028,3822,15850,ok_volume,0,50,50,28238,6064,34302
1769887865,6,89,0,75,160,235,low_total_volume,0.547,546,160,706,ok_volume,0.479,11164,3932,15096,ok_volume,9,110,119,27790,6174,33964
1769887866,6,90,0.714,959,160,1119,ok_volume,0.786,1334,160,1494,ok_volume,0.509,12070,3932,16002,ok_volume,959,0,959,28724,6174,34898
1769887867,9,90,0.763,974,131,1105,ok_volume,0.706,1049,181,1230,ok_volume,0.449,10350,3934,14284,ok_volume,16,21,37,28487,6195,34682
1769887868,9,90,0.966,1217,21,1238,ok_volume,0.741,1217,181,1398,ok_volume,0.455,9185,3437,12622,ok_volume,261,0,261,28733,6195,34928
1769887869,9,89,0.968,1296,21,1317,ok_volume,0.89,2255,131,2386,ok_volume,0.49,10031,3437,13468,ok_volume,1038,0,1038,29542,6127,35669
1769887870,9,89,1.0,1281,0,1281,ok_volume,0.982,2255,21,2276,ok_volume,0.48,9771,3437,13208,ok_volume,4,0,4,29306,6127,35433
1769887871,10,89,0.807,1965,210,2175,ok_volume,0.812,2223,231,2454,ok_volume,0.485,10517,3647,14164,ok_volume,927,227,1154,30023,6254,36277
1769887872,10,89,0.631,927,210,1137,ok_volume,0.826,2208,210,2418,ok_volume,0.481,10409,3647,14056,ok_volume,0,0,0,29970,6042,36012
1769887873,9,90,0.753,1595,225,1820,ok_volume,0.843,2633,225,2858,ok_volume,0.638,10475,2313,12788,ok_volume,170,15,185,29367,6057,35424
1769887874,7,91,-0.043,715,779,1494,ok_volume,0.248,1642,989,2631,ok_volume,0.545,10460,3077,13537,ok_volume,47,764,811,29260,6364,35624
1769887875,7,91,-0.336,387,779,1166,ok_volume,0.294,1812,989,2801,ok_volume,0.553,10630,3056,13686,ok_volume,170,0,170,28926,6364,35290
1769887876,8,91,-0.176,535,764,1299,ok_volume,0.214,1203,779,1982,ok_volume,0.569,10901,2993,13894,ok_volume,318,0,318,28973,6313,35286
1769887877,8,91,0.966,688,12,700,ok_volume,0.067,905,791,1696,ok_volume,0.57,10965,3005,13970,ok_volume,211,12,223,28885,6212,35097
1769887878,8,91,0.981,1223,12,1235,ok_volume,0.3,1440,776,2216,ok_volume,0.589,11603,3005,14608,ok_volume,708,0,708,29531,5122,34653
1769887879,8,91,0.794,993,114,1107,ok_volume,0.857,1481,114,1595,ok_volume,0.586,11544,3014,14558,ok_volume,88,102,190,29600,5224,34824
1769887880,8,91,0.745,902,132,1034,ok_volume,0.816,1420,144,1564,ok_volume,0.599,11507,2882,14389,ok_volume,118,30,148,28981,5225,34206
1769887881,8,91,0.338,267,132,399,ok_volume,0.781,1172,144,1316,ok_volume,0.601,11577,2882,14459,ok_volume,79,0,79,28592,5225,33817
1769887882,8,91,0.846,360,30,390,ok_volume,0.795,1153,132,1285,ok_volume,0.612,11738,2821,14559,ok_volume,183,0,183,27629,5225,32854
1769887883,8,91,0.961,911,18,929,ok_volume,0.762,1108,150,1258,ok_volume,0.735,11367,1734,13101,ok_volume,660,18,678,27897,5226,33123
1769887884,8,91,0.962,931,18,949,ok_volume,0.917,1110,48,1158,ok_volume,0.727,8734,1383,10117,ok_volume,99,0,99,27741,5226,32967
1769887885,8,91,0.963,943,18,961,ok_volume,0.97,1194,18,1212,ok_volume,0.721,8366,1358,9724,ok_volume,193,0,193,25542,5226,30768
1769887886,8,91,0.02,971,933,1904,ok_volume,0.312,1812,951,2763,ok_volume,0.574,8469,2291,10760,ok_volume,688,933,1621,25269,6159,31428
1769887887,8,91,-0.029,881,933,1814,ok_volume,0.263,1631,951,2582,ok_volume,0.563,8184,2291,10475,ok_volume,2,0,2,24890,6159,31049
1769887888,8,91,-0.151,688,933,1621,ok_volume,0.02,971,933,1904,ok_volume,0.563,8184,2291,10475,ok_volume,0,0,0,24015,6128,30143
1769887889,8,91,0,0,0,0,low_activity,-0.029,881,933,1814,ok_volume,0.554,7984,2291,10275,ok_volume,0,0,0,21794,6128,27922
1769887890,7,91,0,152,0,152,low_activity,-0.052,840,933,1773,ok_volume,0.562,8067,2265,10332,ok_volume,9,0,9,21752,6088,27840
1769887891,7,91,0,197,0,197,low_activity,0,197,0,197,low_activity,0.556,7941,2265,10206,ok_volume,45,0,45,21488,6088,27576
1769887892,7,91,0,75,0,75,low_activity,0,227,0,227,low_total_volume,0.544,7671,2265,9936,ok_volume,28,0,28,21097,6088,27185
1769887893,7,90,0.343,270,132,402,ok_volume,0.523,422,132,554,ok_volume,0.529,7791,2397,10188,ok_volume,196,132,328,20304,6220,26524
1769887894,7,90,-0.101,205,251,456,ok_volume,0.036,270,251,521,ok_volume,0.519,7791,2466,10257,ok_volume,2,122,124,19984,6342,26326
1769887895,9,90,0.004,253,251,504,ok_volume,0.133,328,251,579,ok_volume,0.538,7849,2356,10205,ok_volume,58,0,58,19178,6337,25515
1769887896,9,88,0,119,119,238,low_activity,0.127,324,251,575,ok_volume,0.494,6951,2356,9307,ok_volume,90,0,90,19215,6337,25552
1769887897,8,90,0,119,117,236,low_total_volume,-0.079,314,368,682,ok_volume,0.478,6936,2452,9388,ok_volume,0,117,117,17480,6435,23915
1769887898,8,90,0,61,117,178,low_total_volume,-0.33,119,236,355,ok_volume,0.464,6693,2452,9145,ok_volume,0,0,0,16072,5935,22007
1769887899,8,90,0,33,117,150,low_activity,0,152,117,269,low_total_volume,0.398,5688,2452,8140,ok_volume,50,0,50,15929,5935,21864
1769887900,8,91,0,133,0,133,low_activity,0.248,194,117,311,ok_volume,0.405,5788,2452,8240,ok_volume,100,0,100,15769,5935,21704
1769887901,8,90,0,133,0,133,low_activity,0,133,117,250,low_total_volume,0.369,4861,2242,7103,ok_volume,9,0,9,15597,5935,21532
1769887902,8,89,0,100,0,100,low_activity,0,133,0,133,low_activity,0.321,4363,2242,6605,ok_volume,0,9,9,15489,5944,21433
1769887903,8,91,0,1000,94,1094,low_activity,0.847,1133,94,1227,ok_volume,0.382,5193,2321,7514,ok_volume,1000,94,1094,15884,4680,20564
1769887904,8,89,0.003,1067,1061,2128,ok_volume,0.048,1167,1061,2228,ok_volume,0.348,5213,2524,7737,ok_volume,73,967,1040,15893,5640,21533
1769887905,8,89,-0.002,1067,1071,2138,ok_volume,-0.002,1067,1071,2138,ok_volume,0.331,5043,2534,7577,ok_volume,0,10,10,15885,5629,21514
1769887906,9,90,-0.6,244,977,1221,ok_volume,0.075,1244,1071,2315,ok_volume,0.318,4902,2534,7436,ok_volume,177,0,177,16015,5566,21581
1769887907,7,90,0,177,10,187,low_total_volume,0.075,1244,1071,2315,ok_volume,0.302,4702,2522,7224,ok_volume,4,4,8,15880,5570,21450
1769887908,7,92,1.0,416,0,416,ok_volume,-0.338,483,977,1460,ok_volume,0.254,4236,2522,6758,ok_volume,239,0,239,16052,5570,21622
1769887909,7,90,1.0,983,0,983,ok_volume,0.983,1160,10,1170,ok_volume,0.338,4892,2420,7312,ok_volume,763,0,763,16668,5477,22145
1769887910,9,90,1.0,983,0,983,ok_volume,1.0,1160,0,1160,ok_volume,0.334,4783,2390,7173,ok_volume,17,0,17,16539,5315,21854
1769887911,9,90,1.0,876,0,876,ok_volume,1.0,1115,0,1115,ok_volume,0.339,4845,2390,7235,ok_volume,0,0,0,16661,5315,21976
1769887912,8,90,0,132,0,132,low_activity,1.0,1115,0,1115,ok_volume,0.322,4664,2390,7054,ok_volume,0,0,0,16641,5254,21895
1769887913,9,90,0,138,0,138,low_activity,1.0,1014,0,1014,ok_volume,0.272,4142,2372,6514,ok_volume,146,0,146,15756,4143,19899
1769887914,11,87,-0.598,214,852,1066,ok_volume,-0.422,346,852,1198,ok_volume,0.123,4128,3224,7352,ok_volume,79,852,931,13109,4644,17753
1769887915,11,87,-0.598,214,852,1066,ok_volume,-0.598,214,852,1066,ok_volume,0.099,3935,3224,7159,ok_volume,0,0,0,12548,4619,17167
1769887916,9,87,-0.84,76,876,952,ok_volume,-0.607,214,876,1090,ok_volume,0.168,3247,2315,5562,ok_volume,0,24,24,11963,4642,16605
1769887917,11,86,0,34,56,90,low_activity,-0.571,248,908,1156,ok_volume,0.166,3281,2347,5628,ok_volume,38,32,70,11716,4674,16390
1769887918,12,87,0,115,56,171,low_total_volume,-0.652,191,908,1099,ok_volume,0.178,3362,2347,5709,ok_volume,81,3,84,11797,4677,16474
1769887919,12,87,0.688,1076,199,1275,ok_volume,0.657,1076,223,1299,ok_volume,0.248,4171,2514,6685,ok_volume,967,172,1139,12559,4846,17405
1769887920,12,87,0.793,1448,167,1615,ok_volume,0.738,1482,223,1705,ok_volume,0.291,4577,2514,7091,ok_volume,406,3,409,12896,4823,17719
1769887921,11,88,0.295,1841,1002,2843,ok_volume,0.308,1956,1034,2990,ok_volume,0.196,4986,3349,8335,ok_volume,474,750,1224,13195,5658,18853
1769887922,11,87,0.665,4233,852,5085,ok_volume,0.676,5275,1019,6294,ok_volume,0.424,8329,3366,11695,ok_volume,3361,23,3384,16251,5681,21932
1769887923,12,87,0.682,4060,767,4827,ok_volume,0.684,5427,1019,6446,ok_volume,0.442,8367,3234,11601,ok_volume,239,0,239,16406,5681,22087
1769887924,13,86,0.966,4174,73,4247,ok_volume,0.695,5054,908,5962,ok_volume,0.477,8955,3171,12126,ok_volume,578,58,636,16994,5689,22683
1769887925,10,86,0.588,821,213,1034,ok_volume,0.652,4648,980,5628,ok_volume,0.456,8897,3328,12225,ok_volume,0,157,157,16985,5736,22721
1769887926,14,85,0.638,1416,313,1729,ok_volume,0.876,5012,330,5342,ok_volume,0.477,9674,3428,13102,ok_volume,838,100,938,16864,5836,22700
1769887927,14,85,0.191,838,569,1407,ok_volume,0.453,1659,625,2284,ok_volume,0.455,9674,3623,13297,ok_volume,0,300,300,16848,6127,22975
1769887928,14,85,0.123,838,654,1492,ok_volume,0.24,1416,867,2283,ok_volume,0.429,9674,3865,13539,ok_volume,5,242,247,16592,6369,22961
1769887929,14,85,0,0,542,542,low_activity,0.016,838,811,1649,ok_volume,0.428,9641,3865,13506,ok_volume,0,0,0,15554,6369,21923
1769887930,14,85,-0.064,213,242,455,ok_volume,0.233,1051,654,1705,ok_volume,0.432,9754,3865,13619,ok_volume,213,0,213,15763,6369,22132
1769887931,15,84,0,213,0,213,low_activity,-0.436,213,542,755,ok_volume,0.432,9754,3865,13619,ok_volume,13,0,13,14855,6142,20997
1769887932,15,84,0.115,213,169,382,ok_volume,-0.317,213,411,624,ok_volume,0.415,9754,4034,13788,ok_volume,0,170,170,14357,6312,20669
1769887933,15,84,0,0,187,187,low_activity,0.065,213,187,400,ok_volume,0.377,8754,3958,12712,ok_volume,0,24,24,14187,6321,20508
1769887934,15,84,0,0,187,187,low_activity,0.065,213,187,400,ok_volume,0.488,8687,2991,11678,ok_volume,4,0,4,14144,5557,19701
1769887935,10,89,0.76,476,65,541,ok_volume,0.341,476,234,710,ok_volume,0.503,9163,3028,12191,ok_volume,481,57,538,14455,5614,20069
1769887936,13,84,0.861,628,47,675,ok_volume,0.457,628,234,862,ok_volume,0.502,9138,3028,12166,ok_volume,171,0,171,14308,5614,19922
1769887937,13,84,0.863,639,47,686,ok_volume,0.815,639,65,704,ok_volume,0.503,9149,3028,12177,ok_volume,21,0,21,14118,5602,19720
1769887938,10,86,0,174,90,264,low_total_volume,0.652,650,137,787,ok_volume,0.482,8921,3118,12039,ok_volume,18,97,115,13428,5699,19127
1769887939,7,90,0.635,573,128,701,ok_volume,0.746,1201,175,1376,ok_volume,0.469,8728,3156,11884,ok_volume,556,38,594,13896,5635,19531
1769887940,7,90,0.124,673,525,1198,ok_volume,0.229,836,525,1361,ok_volume,0.42,8707,3553,12260,ok_volume,115,397,512,13893,6002,19895
1769887941,6,92,0.054,932,836,1768,ok_volume,0.015,954,926,1880,ok_volume,0.388,8977,3954,12931,ok_volume,233,401,634,14084,6403,20487
1769887942,7,91,0.163,1278,920,2198,ok_volume,0.274,1840,1048,2888,ok_volume,0.416,9874,4076,13950,ok_volume,897,122,1019,14798,6525,21323
1769887943,6,91,0.774,4467,568,5035,ok_volume,0.675,5166,1003,6169,ok_volume,0.521,13073,4121,17194,ok_volume,3337,45,3382,17475,6552,24027
1769887944,6,90,0.938,5234,167,5401,ok_volume,0.707,5615,965,6580,ok_volume,0.621,13997,3269,17266,ok_volume,1000,0,1000,18376,6552,24928
1769887945,6,91,0.979,4337,45,4382,ok_volume,0.812,5467,568,6035,ok_volume,0.621,13997,3269,17266,ok_volume,6,0,6,18189,6552,24741
1769887946,6,93,1.0,1618,0,1618,ok_volume,0.945,5852,167,6019,ok_volume,0.637,14615,3245,17860,ok_volume,632,0,632,18133,5619,23752
1769887947,6,91,0.995,5176,13,5189,ok_volume,0.988,9513,58,9571,ok_volume,0.712,19139,3226,22365,ok_volume,4526,17,4543,22698,5636,28334
1769887948,6,91,0.995,5176,13,5189,ok_volume,0.996,6176,13,6189,ok_volume,0.71,19058,3226,22284,ok_volume,0,0,0,22698,5636,28334
1769887949,6,91,0.989,4719,27,4746,ok_volume,0.99,5378,27,5405,ok_volume,0.712,18299,3073,21372,ok_volume,51,14,65,22748,5650,28398
1769887950,5,91,0.54,278,83,361,ok_volume,0.965,5454,96,5550,ok_volume,0.709,17969,3057,21026,ok_volume,77,70,147,22816,5720,28536
1769887951,7,91,0.972,5859,83,5942,ok_volume,0.982,10527,96,10623,ok_volume,0.819,23227,2307,25534,ok_volume,5628,0,5628,28483,5720,34203
1769887952,6,91,0.971,5950,89,6039,ok_volume,0.967,6152,103,6255,ok_volume,0.793,20016,2310,22326,ok_volume,151,20,171,28606,5740,34346
1769887953,6,92,0.987,5860,38,5898,ok_volume,0.961,6091,121,6212,ok_volume,0.79,19863,2328,22191,ok_volume,90,18,108,28500,5626,34126
1769887954,5,89,0.986,9727,69,9796,ok_volume,0.982,15535,138,15673,ok_volume,0.852,28780,2303,31083,ok_volume,9500,32,9532,37998,5536,43534
1769887955,5,90,0.99,9585,49,9634,ok_volume,0.991,15355,69,15424,ok_volume,0.861,28780,2146,30926,ok_volume,0,0,0,37940,5536,43476
1769887956,6,88,0.994,9578,31,9609,ok_volume,0.986,9810,69,9879,ok_volume,0.865,28025,2034,30059,ok_volume,83,0,83,37933,5536,43469
1769887957,8,88,0,83,597,680,low_activity,0.875,9668,646,10314,ok_volume,0.846,28025,2331,30356,ok_volume,0,597,597,37933,6016,43949
1769887958,9,88,0,83,608,691,low_activity,0.875,9578,639,10217,ok_volume,0.861,28025,2100,30125,ok_volume,0,11,11,37933,6027,43960
1769887959,9,88,0,15,651,666,low_activity,-0.738,98,651,749,ok_volume,0.858,28040,2143,30183,ok_volume,15,43,58,37898,6070,43968
1769887960,9,89,0,93,136,229,low_total_volume,-0.613,176,733,909,ok_volume,0.852,27905,2225,30130,ok_volume,78,82,160,37876,6159,44035
1769887961,10,88,0,143,125,268,low_total_volume,-0.674,143,733,876,ok_volume,0.853,27955,2225,30180,ok_volume,56,0,56,37923,6159,44082
1769887962,11,88,0.898,1525,82,1607,ok_volume,0.838,1540,136,1676,ok_volume,0.869,29352,2056,31408,ok_volume,1397,0,1397,39320,6150,45470
1769887963,11,86,0.609,1923,468,2391,ok_volume,0.545,2016,593,2609,ok_volume,0.845,29828,2506,32334,ok_volume,477,468,945,38794,6524,45318
1769887964,12,86,0.571,1897,518,2415,ok_volume,0.543,2025,600,2625,ok_volume,0.842,29852,2556,32408,ok_volume,0,50,50,38745,5607,44352
1769887965,12,86,-0.018,500,518,1018,ok_volume,0.58,1947,518,2465,ok_volume,0.843,29376,2509,31885,ok_volume,0,0,0,38745,5597,44342
1769887966,12,86,0,11,117,128,low_activity,0.531,1908,585,2493,ok_volume,0.838,29235,2576,31811,ok_volume,11,67,78,38579,5664,44243
1769887967,12,86,0,11,551,562,low_activity,-0.353,511,1069,1580,ok_volume,0.81,29224,3060,32284,ok_volume,0,485,485,38575,6145,44720
1769887968,12,86,-0.82,75,759,834,ok_volume,-0.83,75,809,884,ok_volume,0.804,29277,3178,32455,ok_volume,72,208,280,38408,6353,44761
1769887969,12,86,-0.964,108,5917,6025,ok_volume,-0.961,119,5984,6103,ok_volume,0.549,28770,8365,37135,ok_volume,44,5126,5170,37689,11578,49267
1769887970,11,84,-0.727,911,5774,6685,ok_volume,-0.746,922,6325,7247,ok_volume,0.56,29425,8309,37734,ok_volume,812,350,1162,38352,11928,50280
1769887971,13,84,-0.71,971,5727,6698,ok_volume,-0.726,1035,6518,7553,ok_volume,0.564,29316,8168,37484,ok_volume,124,260,384,38476,12188,50664
1769887972,12,84,0.167,956,683,1639,ok_volume,-0.704,1064,6116,7180,ok_volume,0.556,28448,8128,36576,ok_volume,29,0,29,38505,12270,50775
1769887973,12,84,-0.759,228,1664,1892,ok_volume,-0.738,1075,7131,8206,ok_volume,0.456,25186,9405,34591,ok_volume,84,0,84,38443,13592,52035
1769887974,13,85,-0.831,129,1395,1524,ok_volume,-0.326,1056,2078,3134,ok_volume,0.437,24211,9478,33689,ok_volume,29,73,102,38393,12813,51206
1769887975,13,85,0,100,73,173,low_total_volume,-0.746,253,1737,1990,ok_volume,0.437,24211,9478,33689,ok_volume,5,0,5,38398,12813,51211
1769887976,13,84,0,116,73,189,low_activity,-0.728,220,1395,1615,ok_volume,0.428,23643,9478,33121,ok_volume,91,0,91,38489,12789,51278
1769887977,13,84,-0.438,111,284,395,ok_volume,-0.257,211,357,568,ok_volume,0.325,19146,9749,28895,ok_volume,29,294,323,38480,13051,51531
1769887978,13,83,-0.832,211,2304,2515,ok_volume,-0.819,236,2377,2613,ok_volume,0.237,19095,11769,30864,ok_volume,100,2020,2120,38499,15068,53567
1769887979,13,85,-0.862,172,2315,2487,ok_volume,-0.796,263,2315,2578,ok_volume,0.238,19096,11766,30862,ok_volume,52,18,70,37584,14914,52498
1769887980,13,85,-0.549,661,2268,2929,ok_volume,-0.535,772,2552,3324,ok_volume,0.239,19425,11934,31359,ok_volume,540,240,780,37718,15066,52784
1769887981,13,85,0.458,743,276,1019,ok_volume,-0.499,863,2580,3443,ok_volume,0.078,13979,11962,25941,ok_volume,196,39,235,37440,14355,51795
1769887982,13,85,0.395,791,343,1134,ok_volume,-0.431,943,2374,3317,ok_volume,0.074,13937,12020,25957,ok_volume,107,83,190,34186,14415,48601
1769887983,14,83,0.743,792,117,909,ok_volume,0.575,1353,365,1718,ok_volume,0.089,14357,12013,26370,ok_volume,515,11,526,34452,14426,48878
1769887984,13,83,0.745,610,89,699,ok_volume,0.572,1301,354,1655,ok_volume,-0.423,4862,11982,16844,ok_volume,10,0,10,33884,14369,48253
1769887985,13,81,0.716,998,165,1163,ok_volume,0.651,1280,271,1551,ok_volume,-0.388,5350,12136,17486,ok_volume,489,158,647,34373,14370,48743
1769887986,15,83,0.52,488,154,642,ok_volume,0.638,1098,243,1341,ok_volume,-0.395,5267,12136,17403,ok_volume,0,0,0,33535,14258,47793
1769887987,13,83,0.574,569,154,723,ok_volume,0.735,1079,165,1244,ok_volume,-0.367,5348,11539,16887,ok_volume,90,0,90,33625,13958,47583
1769887988,16,81,-0.798,81,720,801,ok_volume,-0.211,569,874,1443,ok_volume,-0.392,5348,12248,17596,ok_volume,0,421,421,33620,14437,48057
1769887989,16,83,-0.546,222,756,978,ok_volume,-0.123,710,910,1620,ok_volume,-0.382,5474,12241,17715,ok_volume,150,3,153,33770,14483,48253
1769887990,16,80,-0.558,155,547,702,ok_volume,-0.564,236,846,1082,ok_volume,-0.387,5410,12249,17659,ok_volume,17,90,107,33568,14573,48141
1769887991,16,80,-0.026,204,215,419,ok_volume,-0.546,285,971,1256,ok_volume,-0.392,5409,12374,17783,ok_volume,49,29,78,33604,14698,48302
1769887992,13,82,-0.536,128,424,552,ok_volume,-0.532,269,881,1150,ok_volume,-0.511,4077,12583,16660,ok_volume,67,209,276,33671,14737,48408
1769887993,12,87,0.1,594,486,1080,ok_volume,0.054,749,672,1421,ok_volume,-0.506,4057,12363,16420,ok_volume,490,251,741,34161,14964,49125
1769887994,4,92,-0.617,877,3700,4577,ok_volume,-0.613,940,3915,4855,ok_volume,-0.56,4389,15556,19945,ok_volume,349,3249,3598,34504,18213,52717
1769887995,6,93,-0.221,2226,3491,5717,ok_volume,-0.229,2340,3729,6069,ok_volume,-0.457,5803,15556,21359,ok_volume,1428,0,1428,35451,18156,53607
1769887996,4,94,-0.052,2966,3293,6259,ok_volume,-0.033,3511,3750,7261,ok_volume,-0.378,7012,15539,22551,ok_volume,1220,50,1270,36500,18206,54706
1769887997,4,94,0.968,3068,50,3118,ok_volume,0.046,3880,3541,7421,ok_volume,-0.338,7446,15055,22501,ok_volume,184,0,184,36913,18206,55119
1769887998,5,94,0.933,1962,68,2030,ok_volume,0.057,3708,3311,7019,ok_volume,-0.315,7690,14766,22456,ok_volume,308,18,326,37203,18127,55330
1769887999,5,94,0.965,1007,18,1025,ok_volume,0.966,3891,68,3959,ok_volume,-0.083,8161,9640,17801,ok_volume,390,0,390,37162,18089,55251
1769888000,4,95,0.965,1025,18,1043,ok_volume,0.95,2679,68,2747,ok_volume,-0.103,7560,9299,16859,ok_volume,202,0,202,37212,17692,54904
1769888001,4,95,0.777,1193,150,1343,ok_volume,0.83,1810,168,1978,ok_volume,-0.062,8037,9107,17144,ok_volume,610,0,610,37589,17441,55030
1769888002,4,95,0.755,1074,150,1224,ok_volume,0.837,1897,168,2065,ok_volume,0.031,8279,7785,16064,ok_volume,171,0,171,36963,17319,54282
1769888003,4,95,0.958,1433,31,1464,ok_volume,0.836,2025,181,2206,ok_volume,0.057,8765,7816,16581,ok_volume,561,31,592,34187,17305,51492
1769888004,4,95,0.935,919,31,950,ok_volume,0.819,1822,181,2003,ok_volume,0.071,8927,7743,16670,ok_volume,187,0,187,33374,17305,50679
1769888005,4,95,0.948,1168,31,1199,ok_volume,0.97,2040,31,2071,ok_volume,0.094,9347,7743,17090,ok_volume,378,0,378,33788,17305,51093
1769888006,4,95,-0.898,1355,25241,26596,ok_volume,-0.847,2087,25272,27359,ok_volume,-0.535,10004,32984,42988,ok_volume,730,25241,25971,33863,42546,76409
1769888007,4,95,-0.651,5339,25241,30580,ok_volume,-0.61,6129,25272,31401,ok_volume,-0.395,14197,32700,46897,ok_volume,4213,0,4213,33550,42529,76079
1769888008,4,95,-0.672,5036,25678,30714,ok_volume,-0.639,5661,25678,31339,ok_volume,-0.374,14190,31117,45307,ok_volume,102,437,539,33501,42966,76467
1769888009,4,95,0.371,5040,2312,7352,ok_volume,-0.634,6166,27553,33719,ok_volume,-0.378,14872,32981,47853,ok_volume,739,1880,2619,34189,44832,79021
1769888010,4,95,-0.489,884,2575,3459,ok_volume,-0.654,5827,27816,33643,ok_volume,-0.392,14420,33007,47427,ok_volume,60,263,323,34068,45025,79093
1769888011,4,95,-0.043,2017,2197,4214,ok_volume,0.412,6323,2634,8957,ok_volume,-0.362,15464,33038,48502,ok_volume,1226,59,1285,29666,45084,74750
1769888012,4,95,0.761,2735,372,3107,ok_volume,0.141,3562,2684,6246,ok_volume,-0.325,16816,33010,49826,ok_volume,1452,50,1502,30967,45114,76081
1769888013,4,95,0.955,8345,193,8538,ok_volume,0.593,9136,2331,11467,ok_volume,-0.202,21973,33083,55056,ok_volume,5667,89,5756,36544,45185,81729
1769888014,4,95,0.963,7119,134,7253,ok_volume,0.897,8402,456,8858,ok_volume,-0.202,21973,33083,55056,ok_volume,0,0,0,27044,45153,72197
1769888015,4,95,0.9,6111,321,6432,ok_volume,0.907,8789,430,9219,ok_volume,-0.204,21929,33166,55095,ok_volume,444,237,681,27488,45390,72878
1769888016,4,95,0.47,699,252,951,ok_volume,0.906,7818,386,8204,ok_volume,-0.199,22184,33181,55365,ok_volume,255,15,270,27660,45405,73065
1769888017,3,96,0.673,2313,452,2765,ok_volume,0.874,7980,536,8516,ok_volume,-0.165,23717,33082,56799,ok_volume,1614,216,1830,29274,45024,74298
1769888018,3,96,0.921,5243,215,5458,ok_volume,0.853,5687,452,6139,ok_volume,-0.093,27091,32625,59716,ok_volume,3374,0,3374,32648,45013,77661
1769888019,3,96,0.838,5698,501,6199,ok_volume,0.789,6397,753,7150,ok_volume,-0.087,27660,32926,60586,ok_volume,717,301,1018,33350,45264,78614
1769888020,3,96,0.86,4803,362,5165,ok_volume,0.841,6672,577,7249,ok_volume,-0.073,28365,32801,61166,ok_volume,726,61,787,33998,45243,79241
1769888021,3,96,0.676,2068,400,2468,ok_volume,0.843,7056,600,7656,ok_volume,-0.062,28955,32810,61765,ok_volume,639,38,677,34581,45281,79862
1769888022,3,96,0.931,2763,99,2862,ok_volume,0.89,6847,400,7247,ok_volume,-0.037,30295,32601,62896,ok_volume,1405,4,1409,34589,45285,79874
1769888023,3,96,0.967,2863,48,2911,ok_volume,0.826,4292,410,4702,ok_volume,-0.027,30634,32363,62997,ok_volume,819,10,829,34907,44827,79734
1769888024,3,96,0.854,2224,175,2399,ok_volume,0.858,3582,274,3856,ok_volume,0.017,30302,29285,59587,ok_volume,0,165,165,34907,44942,79849
1769888025,2,97,0.167,1335,952,2287,ok_volume,0.547,3379,990,4369,ok_volume,-0.011,29404,30062,59466,ok_volume,522,777,1299,35429,45719,81148
1769888026,2,97,-0.36,602,1278,1880,ok_volume,0.374,2826,1288,4114,ok_volume,-0.04,28020,30348,58368,ok_volume,86,336,422,35504,45988,81492
1769888027,2,97,-0.614,602,2518,3120,ok_volume,-0.309,1421,2693,4114,ok_volume,-0.066,27836,31753,59589,ok_volume,9,1414,1423,35513,46917,82430
1769888028,2,97,-0.93,101,2788,2889,ok_volume,-0.716,617,3730,4347,ok_volume,-0.089,27418,32782,60200,ok_volume,15,1047,1062,35456,47657,83113
1769888029,2,97,-0.948,148,5552,5700,ok_volume,-0.798,750,6665,7415,ok_volume,-0.138,27161,35882,63043,ok_volume,133,59,192,35545,45631,81176
1769888030,2,97,-0.937,241,7397,7638,ok_volume,-0.931,327,9138,9465,ok_volume,-0.181,27052,38982,66034,ok_volume,93,1783,1876,34826,48544,83370
1769888031,2,97,-0.909,397,8372,8769,ok_volume,-0.942,412,13865,14277,ok_volume,-0.248,26522,44045,70567,ok_volume,171,4880,5051,34873,53270,88143
1769888032,2,97,-0.898,1106,20597,21703,ok_volume,-0.909,1254,26224,27478,ok_volume,-0.36,27193,57809,85002,ok_volume,842,11235,12077,35686,65724,101410
1769888033,2,97,-0.338,12031,24310,36341,ok_volume,-0.388,12257,27807,40064,ok_volume,-0.255,37650,63449,101099,ok_volume,11018,5680,16698,46620,71404,118024
1769888034,1,97,-0.231,12484,19979,32463,ok_volume,-0.394,12748,29345,42093,ok_volume,-0.272,38045,66526,104571,ok_volume,624,3079,3703,47215,74410,121625
1769888035,1,98,0.147,11764,8748,20512,ok_volume,-0.364,12777,27387,40164,ok_volume,-0.276,37771,66526,104297,ok_volume,0,0,0,47332,74410,121742
1769888036,1,98,-0.603,761,3077,3838,ok_volume,-0.226,12621,19979,32600,ok_volume,-0.054,37056,41285,78341,ok_volume,18,1,19,47259,74411,121670
1769888037,1,97,0,337,78,415,low_activity,0.156,12101,8826,20927,ok_volume,-0.11,33165,41363,74528,ok_volume,322,78,400,47552,74195,121747
1769888038,2,97,-0.488,734,2132,2866,ok_volume,-0.557,1480,5209,6689,ok_volume,-0.124,33469,42980,76449,ok_volume,406,2023,2429,47858,74230,122088
1769888039,1,98,-0.537,719,2390,3109,ok_volume,-0.53,734,2390,3124,ok_volume,-0.116,32735,41363,74098,ok_volume,0,258,258,47806,74470,122276
1769888041,1,98,-0.212,559,859,1418,ok_volume,-0.401,1278,2991,4269,ok_volume,-0.131,32011,41642,73653,ok_volume,559,0,559,47629,74796,122425
1769888042,1,98,-0.074,1232,1428,2660,ok_volume,-0.39,1629,3708,5337,ok_volume,-0.152,31232,42419,73651,ok_volume,673,552,1225,48195,75540,123735
1769888043,1,98,0.495,2541,859,3400,ok_volume,0.193,2541,1718,4259,ok_volume,-0.224,26874,42367,69241,ok_volume,1309,0,1309,48989,75560,124549
1769888044,1,98,0.398,2122,914,3036,ok_volume,0.199,2681,1790,4471,ok_volume,-0.225,27014,42697,69711,ok_volume,140,330,470,49119,75890,125009
1769888045,1,98,-0.055,1890,2112,4002,ok_volume,0.025,3122,2971,6093,ok_volume,-0.242,27011,44242,71253,ok_volume,441,1782,2223,49071,77514,126585
1769888046,1,98,-0.565,960,3449,4409,ok_volume,-0.156,2942,4033,6975,ok_volume,-0.253,27135,45564,72699,ok_volume,379,1337,1716,49450,78851,128301
1769888047,1,98,-0.397,1755,4063,5818,ok_volume,-0.157,3204,4393,7597,ok_volume,-0.273,26456,46308,72764,ok_volume,935,944,1879,50295,79495,129790
1769888048,1,98,-0.2,1996,2994,4990,ok_volume,-0.329,2577,5106,7683,ok_volume,-0.329,23764,47021,70785,ok_volume,682,713,1395,50977,79744,130721
1769888049,1,98,-0.014,1663,1711,3374,ok_volume,-0.321,2483,4830,7313,ok_volume,-0.339,23100,46774,69874,ok_volume,46,31,77,50873,79795,130668
